0 0.34921875 0.3876953125 0.0390625 0.048828125
0 0.21953125 0.4482421875 0.0390625 0.048828125
0 0.39296875 0.3896484375 0.0390625 0.048828125
0 0.30703125 0.3896484375 0.0390625 0.048828125
0 0.17578125 0.4482421875 0.0390625 0.048828125
0 0.43671875 0.3857421875 0.0390625 0.048828125
0 0.35078125 0.3369140625 0.0390625 0.048828125
0 0.26328125 0.4462890625 0.0390625 0.048828125
0 0.39453125 0.2802734375 0.0390625 0.048828125
0 0.22109375 0.3408203125 0.0390625 0.048828125
0 0.30703125 0.3369140625 0.0390625 0.048828125
0 0.48046875 0.2763671875 0.0390625 0.048828125
0 0.21796875 0.5009765625 0.0390625 0.048828125
0 0.34765625 0.4931640625 0.0390625 0.048828125
0 0.30546875 0.4970703125 0.0390625 0.048828125
0 0.47890625 0.4384765625 0.0390625 0.048828125
0 0.17421875 0.5576171875 0.0390625 0.048828125
0 0.43515625 0.2783203125 0.0390625 0.048828125
0 0.26328125 0.3935546875 0.0390625 0.048828125
0 0.43515625 0.5498046875 0.0390625 0.048828125
0 0.52265625 0.4912109375 0.0390625 0.048828125
0 0.39296875 0.2275390625 0.0390625 0.048828125
0 0.13203125 0.4521484375 0.0390625 0.048828125
0 0.52421875 0.4365234375 0.0390625 0.048828125
0 0.47890625 0.5478515625 0.0390625 0.048828125
0 0.30546875 0.4443359375 0.0390625 0.048828125
0 0.56640625 0.3251953125 0.0390625 0.048828125
0 0.43515625 0.4951171875 0.0390625 0.048828125
0 0.48046875 0.3857421875 0.0390625 0.048828125
0 0.21796875 0.5556640625 0.0390625 0.048828125
0 0.43671875 0.2255859375 0.0390625 0.048828125
0 0.48046875 0.3291015625 0.0390625 0.048828125
0 0.34921875 0.4404296875 0.0390625 0.048828125
0 0.30703125 0.2861328125 0.0390625 0.048828125
0 0.22265625 0.2880859375 0.0390625 0.048828125
0 0.52265625 0.5458984375 0.0390625 0.048828125
0 0.26328125 0.3388671875 0.0390625 0.048828125
0 0.34765625 0.6044921875 0.0390625 0.048828125
0 0.52265625 0.3837890625 0.0390625 0.048828125
0 0.26015625 0.5537109375 0.0390625 0.048828125
0 0.26015625 0.6064453125 0.0390625 0.048828125
0 0.52265625 0.3271484375 0.0390625 0.048828125
0 0.39140625 0.4951171875 0.0390625 0.048828125
0 0.26171875 0.4990234375 0.0390625 0.048828125
0 0.12890625 0.5595703125 0.0390625 0.048828125
0 0.52265625 0.2744140625 0.0390625 0.048828125
0 0.43671875 0.3310546875 0.0390625 0.048828125
0 0.13046875 0.5068359375 0.0390625 0.048828125
0 0.39296875 0.3349609375 0.0390625 0.048828125
0 0.17578125 0.5048828125 0.0390625 0.048828125
0 0.35078125 0.2822265625 0.0390625 0.048828125
0 0.17734375 0.2900390625 0.0390625 0.048828125
0 0.39296875 0.4423828125 0.0390625 0.048828125
0 0.34765625 0.5498046875 0.0390625 0.048828125
0 0.21953125 0.3955078125 0.0390625 0.048828125
0 0.43671875 0.4404296875 0.0390625 0.048828125
0 0.48046875 0.2236328125 0.0390625 0.048828125
0 0.38984375 0.5498046875 0.0390625 0.048828125
0 0.52265625 0.5966796875 0.0390625 0.048828125
0 0.56640625 0.4873046875 0.0390625 0.048828125
0 0.21640625 0.6103515625 0.0390625 0.048828125
0 0.30703125 0.2314453125 0.0390625 0.048828125
0 0.43359375 0.5986328125 0.0390625 0.048828125
0 0.26484375 0.2861328125 0.0390625 0.048828125
0 0.35078125 0.2275390625 0.0390625 0.048828125
0 0.47890625 0.4931640625 0.0390625 0.048828125
0 0.17734375 0.3447265625 0.0390625 0.048828125
0 0.56640625 0.5419921875 0.0390625 0.048828125
0 0.30234375 0.6064453125 0.0390625 0.048828125
0 0.47890625 0.5986328125 0.0390625 0.048828125
0 0.17421875 0.6123046875 0.0390625 0.048828125
0 0.13515625 0.3447265625 0.0390625 0.048828125
0 0.56640625 0.3798828125 0.0390625 0.048828125
0 0.17734375 0.3955078125 0.0390625 0.048828125
0 0.30390625 0.5498046875 0.0390625 0.048828125
0 0.56796875 0.2724609375 0.0390625 0.048828125
0 0.56640625 0.4326171875 0.0390625 0.048828125
0 0.38984375 0.6025390625 0.0390625 0.048828125
0 0.13359375 0.3994140625 0.0390625 0.048828125
0 0.12890625 0.6142578125 0.0390625 0.048828125
0 0.22265625 0.2353515625 0.0390625 0.048828125
0 0.56484375 0.5986328125 0.0390625 0.048828125
0 0.26328125 0.2333984375 0.0390625 0.048828125
0 0.52265625 0.2216796875 0.0390625 0.048828125
0 0.56640625 0.2197265625 0.0390625 0.048828125
0 0.13515625 0.2919921875 0.0390625 0.048828125
0 0.13515625 0.2392578125 0.0390625 0.048828125
0 0.17890625 0.2392578125 0.0390625 0.048828125
