0 0.62734375 0.474609375 0.0421875 0.0546875
0 0.66640625 0.521484375 0.0421875 0.05078125
0 0.7421875 0.568359375 0.040625 0.05078125
0 0.70078125 0.51953125 0.0421875 0.05078125
0 0.6421875 0.693359375 0.040625 0.05078125
0 0.66875 0.578125 0.040625 0.05078125
0 0.6015625 0.642578125 0.040625 0.05078125
0 0.56484375 0.59375 0.0421875 0.05078125
0 0.5 0.658203125 0.040625 0.05078125
0 0.709375 0.626953125 0.040625 0.05078125
0 0.63828125 0.640625 0.0421875 0.05078125
0 0.49375 0.548828125 0.040625 0.05078125
0 0.590625 0.478515625 0.040625 0.05078125
0 0.6765625 0.69140625 0.040625 0.05078125
0 0.6625 0.46875 0.040625 0.05078125
0 0.5546875 0.43359375 0.040625 0.05078125
0 0.55859375 0.484375 0.0421875 0.05078125
0 0.5671875 0.6484375 0.040625 0.05078125
0 0.5859375 0.42578125 0.040625 0.05078125
0 0.7046875 0.5703125 0.040625 0.05078125
0 0.75 0.6796875 0.040625 0.05078125
0 0.5046875 0.712890625 0.040625 0.05078125
0 0.5265625 0.546875 0.040625 0.05078125
0 0.6984375 0.462890625 0.040625 0.05078125
0 0.465625 0.666015625 0.040625 0.0546875
0 0.67265625 0.634765625 0.0421875 0.05078125
0 0.659375 0.412109375 0.040625 0.05078125
0 0.5953125 0.533203125 0.040625 0.05078125
0 0.4875 0.498046875 0.040625 0.05078125
0 0.46015625 0.611328125 0.0421875 0.05078125
0 0.7828125 0.619140625 0.040625 0.05078125
0 0.5734375 0.76171875 0.040625 0.05078125
0 0.7390625 0.51171875 0.040625 0.05078125
0 0.6 0.58984375 0.040625 0.05078125
0 0.69375 0.408203125 0.040625 0.05078125
0 0.49609375 0.6025390625 0.0421875 0.052734375
0 0.4359375 0.7236328125 0.040625 0.052734375
0 0.7125 0.68359375 0.04375 0.05078125
0 0.74609375 0.626953125 0.0421875 0.05078125
0 0.778125 0.5625 0.040625 0.05078125
0 0.5609375 0.5380859375 0.040625 0.052734375
0 0.634375 0.583984375 0.040625 0.05078125
0 0.4703125 0.720703125 0.040625 0.05078125
0 0.53046875 0.599609375 0.0421875 0.05078125
0 0.5375 0.70703125 0.040625 0.05078125
0 0.55 0.37890625 0.040625 0.05078125
0 0.6296875 0.52734375 0.040625 0.05078125
0 0.453125 0.44921875 0.040625 0.05078125
0 0.45390625 0.5029296875 0.0421875 0.052734375
0 0.5734375 0.705078125 0.040625 0.05078125
0 0.6203125 0.365234375 0.04375 0.05078125
0 0.7734375 0.5078125 0.040625 0.05078125
0 0.5203125 0.4384765625 0.040625 0.052734375
0 0.71796875 0.7421875 0.0421875 0.05078125
0 0.73125 0.400390625 0.040625 0.05078125
0 0.60625 0.69921875 0.040625 0.05078125
0 0.5234375 0.490234375 0.040625 0.05078125
0 0.646875 0.75 0.040625 0.05078125
0 0.51328125 0.384765625 0.0421875 0.05078125
0 0.475 0.771484375 0.040625 0.05078125
0 0.48515625 0.443359375 0.0421875 0.05078125
0 0.5328125 0.654296875 0.040625 0.05078125
0 0.4375 0.77734375 0.040625 0.05078125
0 0.459375 0.5546875 0.040625 0.05078125
0 0.7546875 0.736328125 0.040625 0.05078125
0 0.62109375 0.419921875 0.0421875 0.05078125
0 0.68359375 0.7451171875 0.0421875 0.052734375
0 0.68984375 0.35546875 0.0421875 0.05078125
0 0.4265625 0.615234375 0.040625 0.05078125
0 0.7875 0.67578125 0.040625 0.05078125
0 0.54140625 0.7666015625 0.0421875 0.052734375
0 0.7328125 0.45703125 0.040625 0.05078125
0 0.765625 0.3955078125 0.040625 0.052734375
0 0.43359375 0.671875 0.0421875 0.05078125
0 0.509375 0.76953125 0.040625 0.05078125
0 0.61015625 0.755859375 0.0421875 0.05078125
0 0.79140625 0.734375 0.0421875 0.05078125
0 0.7703125 0.451171875 0.040625 0.05078125
0 0.759375 0.3408203125 0.040625 0.052734375
0 0.725 0.34765625 0.040625 0.05078125
0 0.653125 0.357421875 0.040625 0.05078125
0 0.584375 0.37109375 0.040625 0.05078125
0 0.48125 0.390625 0.040625 0.05078125
0 0.446875 0.39453125 0.040625 0.0546875
0 0.4125 0.400390625 0.040625 0.05078125
0 0.41875 0.45703125 0.040625 0.05078125
0 0.4203125 0.513671875 0.040625 0.05078125
0 0.42265625 0.5625 0.0421875 0.05078125
