0 0.3578125 0.7998046875 0.0375 0.048828125
0 0.5296875 0.31640625 0.040625 0.046875
0 0.44140625 0.6064453125 0.0390625 0.048828125
0 0.52421875 0.416015625 0.0390625 0.046875
0 0.36171875 0.697265625 0.0390625 0.046875
0 0.446875 0.505859375 0.040625 0.046875
0 0.54140625 0.763671875 0.0390625 0.046875
0 0.50390625 0.76171875 0.0390625 0.046875
0 0.50625 0.712890625 0.0375 0.046875
0 0.46796875 0.759765625 0.0390625 0.046875
0 0.45703125 0.310546875 0.0390625 0.046875
0 0.51875 0.5146484375 0.0375 0.048828125
0 0.559375 0.419921875 0.0375 0.046875
0 0.6 0.326171875 0.0375 0.046875
0 0.48359375 0.5087890625 0.0390625 0.044921875
0 0.48828125 0.4130859375 0.0390625 0.044921875
0 0.45390625 0.408203125 0.0390625 0.046875
0 0.59609375 0.4228515625 0.0390625 0.044921875
0 0.56171875 0.37109375 0.0390625 0.046875
0 0.553125 0.51953125 0.0375 0.046875
0 0.4921875 0.361328125 0.0375 0.046875
0 0.49453125 0.3125 0.0390625 0.046875
0 0.58359375 0.619140625 0.0390625 0.046875
0 0.40859375 0.552734375 0.0390625 0.046875
0 0.475 0.658203125 0.040625 0.046875
0 0.43515625 0.705078125 0.0390625 0.046875
0 0.5125 0.611328125 0.0375 0.046875
0 0.55703125 0.46875 0.0390625 0.046875
0 0.3703125 0.599609375 0.0375 0.046875
0 0.4453125 0.5546875 0.0375 0.046875
0 0.4109375 0.50390625 0.0375 0.046875
0 0.471875 0.70703125 0.0375 0.046875
0 0.56484375 0.322265625 0.0390625 0.046875
0 0.48359375 0.462890625 0.0390625 0.046875
0 0.54453125 0.666015625 0.0390625 0.046875
0 0.55078125 0.5654296875 0.0390625 0.044921875
0 0.521875 0.46484375 0.040625 0.046875
0 0.41875 0.353515625 0.0375 0.046875
0 0.5796875 0.7177734375 0.0375 0.044921875
0 0.44921875 0.45703125 0.0390625 0.046875
0 0.4 0.703125 0.040625 0.046875
0 0.59140625 0.474609375 0.0390625 0.046875
0 0.47578125 0.609375 0.0390625 0.046875
0 0.40234375 0.6513671875 0.0390625 0.044921875
0 0.42890625 0.806640625 0.0390625 0.046875
0 0.48046875 0.560546875 0.0390625 0.046875
0 0.36015625 0.748046875 0.0390625 0.046875
0 0.41640625 0.40234375 0.0390625 0.046875
0 0.41484375 0.453125 0.0390625 0.046875
0 0.38671875 0.30078125 0.0390625 0.046875
0 0.54296875 0.71484375 0.0390625 0.046875
0 0.43359375 0.75390625 0.0390625 0.046875
0 0.40703125 0.6015625 0.0390625 0.046875
0 0.36640625 0.6484375 0.0390625 0.046875
0 0.59765625 0.373046875 0.0390625 0.046875
0 0.39609375 0.751953125 0.0390625 0.046875
0 0.53671875 0.81640625 0.0390625 0.046875
0 0.3234375 0.748046875 0.0375 0.046875
0 0.42265625 0.3046875 0.0390625 0.046875
0 0.58984375 0.521484375 0.0390625 0.046875
0 0.33515625 0.544921875 0.0390625 0.046875
0 0.37421875 0.4990234375 0.0390625 0.044921875
0 0.54921875 0.6171875 0.0390625 0.046875
0 0.43671875 0.65625 0.0390625 0.046875
0 0.378125 0.44921875 0.0375 0.046875
0 0.39296875 0.80078125 0.0390625 0.046875
0 0.50234375 0.810546875 0.0390625 0.046875
0 0.51484375 0.5625 0.0390625 0.046875
0 0.51015625 0.6640625 0.0390625 0.046875
0 0.37265625 0.5498046875 0.0390625 0.048828125
0 0.3296875 0.646484375 0.0375 0.046875
0 0.3796875 0.400390625 0.040625 0.046875
0 0.38203125 0.349609375 0.0390625 0.046875
0 0.58203125 0.66796875 0.0390625 0.046875
0 0.465625 0.80859375 0.0375 0.046875
0 0.34140625 0.4462890625 0.0390625 0.048828125
0 0.4546875 0.359375 0.040625 0.046875
0 0.5265625 0.3671875 0.0375 0.046875
0 0.5875 0.5712890625 0.0375 0.048828125
0 0.35 0.294921875 0.0375 0.046875
0 0.34609375 0.34375 0.0390625 0.046875
0 0.3375 0.49609375 0.0375 0.046875
0 0.32578125 0.6962890625 0.0390625 0.048828125
0 0.34375 0.396484375 0.0375 0.046875
0 0.57578125 0.767578125 0.0390625 0.046875
0 0.3328125 0.595703125 0.040625 0.046875
0 0.32109375 0.796875 0.0390625 0.046875
0 0.5734375 0.81640625 0.0375 0.046875
