0 0.4203125 0.12109375 0.040625 0.046875
0 0.4609375 0.16015625 0.040625 0.046875
0 0.50078125 0.19921875 0.0390625 0.046875
0 0.54140625 0.2373046875 0.0390625 0.048828125
0 0.58125 0.275390625 0.040625 0.046875
0 0.621875 0.3125 0.040625 0.046875
0 0.66171875 0.3515625 0.0390625 0.05078125
0 0.7 0.38671875 0.0375 0.05078125
0 0.390625 0.171875 0.040625 0.046875
0 0.43125 0.2099609375 0.040625 0.048828125
0 0.4703125 0.2490234375 0.0375 0.048828125
0 0.5109375 0.287109375 0.0375 0.046875
0 0.55 0.32421875 0.040625 0.046875
0 0.590625 0.3623046875 0.040625 0.048828125
0 0.6296875 0.3994140625 0.040625 0.048828125
0 0.66953125 0.4375 0.0390625 0.046875
0 0.359375 0.220703125 0.040625 0.046875
0 0.4 0.2607421875 0.040625 0.048828125
0 0.440625 0.298828125 0.040625 0.046875
0 0.48046875 0.3359375 0.0390625 0.046875
0 0.5203125 0.3740234375 0.0375 0.048828125
0 0.559375 0.4130859375 0.040625 0.048828125
0 0.5984375 0.4482421875 0.040625 0.048828125
0 0.6390625 0.4873046875 0.040625 0.048828125
0 0.328125 0.2734375 0.040625 0.046875
0 0.36875 0.310546875 0.040625 0.046875
0 0.409375 0.34765625 0.040625 0.046875
0 0.45 0.3857421875 0.040625 0.048828125
0 0.48984375 0.423828125 0.0390625 0.046875
0 0.528125 0.4599609375 0.0375 0.048828125
0 0.56875 0.4990234375 0.0375 0.048828125
0 0.6078125 0.537109375 0.040625 0.046875
0 0.57890625 0.5859375 0.0390625 0.046875
0 0.53828125 0.548828125 0.0390625 0.046875
0 0.49921875 0.509765625 0.0390625 0.05078125
0 0.45859375 0.474609375 0.0390625 0.05078125
0 0.4171875 0.435546875 0.040625 0.046875
0 0.378125 0.3984375 0.040625 0.046875
0 0.3375 0.359375 0.040625 0.046875
0 0.2984375 0.322265625 0.0375 0.046875
0 0.26796875 0.37109375 0.0390625 0.046875
0 0.30859375 0.41015625 0.0390625 0.046875
0 0.346875 0.447265625 0.0375 0.046875
0 0.3875 0.486328125 0.040625 0.05078125
0 0.4265625 0.5244140625 0.040625 0.048828125
0 0.4671875 0.560546875 0.040625 0.046875
0 0.50703125 0.59765625 0.0390625 0.046875
0 0.54765625 0.6357421875 0.0390625 0.048828125
0 0.23671875 0.421875 0.0390625 0.046875
0 0.27734375 0.458984375 0.0390625 0.046875
0 0.315625 0.49609375 0.0375 0.046875
0 0.35625 0.5361328125 0.0375 0.048828125
0 0.3984375 0.5732421875 0.040625 0.048828125
0 0.4359375 0.609375 0.040625 0.046875
0 0.4765625 0.6484375 0.040625 0.046875
0 0.51640625 0.685546875 0.0390625 0.046875
0 0.2046875 0.470703125 0.040625 0.046875
0 0.2453125 0.5078125 0.040625 0.046875
0 0.28515625 0.5478515625 0.0390625 0.048828125
0 0.32578125 0.5849609375 0.0390625 0.048828125
0 0.36640625 0.623046875 0.0390625 0.05078125
0 0.40625 0.66015625 0.040625 0.046875
0 0.44609375 0.697265625 0.0390625 0.046875
0 0.48515625 0.734375 0.0390625 0.046875
0 0.45625 0.78515625 0.040625 0.046875
0 0.415625 0.7490234375 0.040625 0.048828125
0 0.375 0.7109375 0.040625 0.046875
0 0.17265625 0.51953125 0.0390625 0.046875
0 0.2140625 0.55859375 0.040625 0.046875
0 0.2546875 0.5966796875 0.040625 0.048828125
0 0.29453125 0.634765625 0.0390625 0.05078125
0 0.33515625 0.6728515625 0.0390625 0.048828125
0 0.140625 0.5712890625 0.040625 0.048828125
0 0.1828125 0.609375 0.0375 0.046875
0 0.22265625 0.646484375 0.0390625 0.05078125
0 0.26328125 0.6845703125 0.0390625 0.048828125
0 0.30390625 0.72265625 0.0390625 0.046875
0 0.34453125 0.7607421875 0.0390625 0.048828125
0 0.384375 0.798828125 0.040625 0.046875
0 0.425 0.8359375 0.040625 0.046875
0 0.39375 0.8857421875 0.040625 0.048828125
0 0.35234375 0.84765625 0.0390625 0.046875
0 0.31171875 0.810546875 0.0390625 0.046875
0 0.2734375 0.7734375 0.0375 0.046875
0 0.2328125 0.7333984375 0.0375 0.048828125
0 0.190625 0.6982421875 0.040625 0.048828125
0 0.15078125 0.66015625 0.0390625 0.046875
0 0.1109375 0.62109375 0.040625 0.046875
