0 0.54609375 0.42578125 0.0484375 0.0546875
0 0.79296875 0.265625 0.0484375 0.0546875
0 0.384375 0.642578125 0.046875 0.0546875
0 0.540625 0.666015625 0.046875 0.0546875
0 0.6796875 0.37890625 0.046875 0.0546875
0 0.553125 0.19140625 0.05 0.0546875
0 0.6296875 0.716796875 0.05 0.05859375
0 0.65 0.7919921875 0.046875 0.052734375
0 0.659375 0.3095703125 0.046875 0.056640625
0 0.48203125 0.33203125 0.0453125 0.05859375
0 0.7015625 0.4521484375 0.046875 0.056640625
0 0.8140625 0.3349609375 0.05 0.056640625
0 0.43203125 0.546875 0.0484375 0.0546875
0 0.45234375 0.6171875 0.0484375 0.0546875
0 0.6375 0.240234375 0.046875 0.0546875
0 0.3890625 0.521484375 0.046875 0.0546875
0 0.72109375 0.64453125 0.0484375 0.0546875
0 0.70625 0.21875 0.046875 0.0546875
0 0.5734375 0.26171875 0.046875 0.0546875
0 0.7703125 0.3095703125 0.046875 0.056640625
0 0.6328125 0.4765625 0.046875 0.05859375
0 0.565625 0.4990234375 0.046875 0.056640625
0 0.675 0.619140625 0.046875 0.0546875
0 0.6546875 0.546875 0.046875 0.0546875
0 0.47265625 0.6923828125 0.0453125 0.056640625
0 0.51875 0.59375 0.046875 0.05859375
0 0.72421875 0.404296875 0.0453125 0.0546875
0 0.7671875 0.4296875 0.05 0.0546875
0 0.72109375 0.5234375 0.0484375 0.0546875
0 0.7890625 0.5 0.046875 0.0546875
0 0.5234375 0.4736328125 0.046875 0.056640625
0 0.6125 0.404296875 0.046875 0.0546875
0 0.61796875 0.169921875 0.0484375 0.0546875
0 0.67421875 0.7421875 0.0484375 0.0546875
0 0.61171875 0.521484375 0.0484375 0.0546875
0 0.4078125 0.59375 0.046875 0.05859375
0 0.59296875 0.33203125 0.0484375 0.05859375
0 0.5609375 0.740234375 0.046875 0.0546875
0 0.74296875 0.5966796875 0.0453125 0.056640625
0 0.46015625 0.37890625 0.0484375 0.0546875
0 0.48046875 0.44921875 0.0484375 0.05859375
0 0.49921875 0.521484375 0.0484375 0.0546875
0 0.85859375 0.357421875 0.0484375 0.0546875
0 0.575 0.14453125 0.046875 0.0546875
0 0.59609375 0.2158203125 0.0453125 0.052734375
0 0.8828125 0.3125 0.046875 0.05859375
0 0.696875 0.693359375 0.046875 0.0546875
0 0.58671875 0.5703125 0.0453125 0.0546875
0 0.5265625 0.35546875 0.046875 0.0546875
0 0.60859375 0.64453125 0.0484375 0.0546875
0 0.765625 0.548828125 0.046875 0.0546875
0 0.6984375 0.57421875 0.046875 0.0546875
0 0.41328125 0.4736328125 0.0484375 0.056640625
0 0.65625 0.4296875 0.046875 0.0546875
0 0.8359375 0.283203125 0.046875 0.0546875
0 0.47734375 0.5703125 0.0453125 0.0546875
0 0.7265625 0.287109375 0.046875 0.0546875
0 0.74765625 0.357421875 0.0453125 0.0546875
0 0.6515625 0.669921875 0.046875 0.0546875
0 0.6171875 0.28515625 0.046875 0.05859375
0 0.6625 0.193359375 0.05 0.0546875
0 0.5703125 0.37890625 0.046875 0.0546875
0 0.8359375 0.404296875 0.046875 0.0546875
0 0.50625 0.28515625 0.05 0.05859375
0 0.528125 0.240234375 0.046875 0.0546875
0 0.4359375 0.42578125 0.046875 0.0546875
0 0.63671875 0.357421875 0.0484375 0.0546875
0 0.56484375 0.6181640625 0.0484375 0.056640625
0 0.365625 0.5693359375 0.046875 0.056640625
0 0.60546875 0.767578125 0.0453125 0.0546875
0 0.68359375 0.263671875 0.0484375 0.05859375
0 0.703125 0.333984375 0.046875 0.0546875
0 0.678125 0.5 0.046875 0.0546875
0 0.503125 0.404296875 0.046875 0.0546875
0 0.7453125 0.4765625 0.046875 0.05859375
0 0.63125 0.59375 0.046875 0.05859375
0 0.55 0.3095703125 0.046875 0.056640625
0 0.8125 0.453125 0.046875 0.0546875
0 0.74921875 0.240234375 0.0484375 0.0546875
0 0.45625 0.4970703125 0.046875 0.052734375
0 0.4953125 0.642578125 0.046875 0.0546875
0 0.584375 0.6923828125 0.046875 0.056640625
0 0.428125 0.666015625 0.046875 0.0546875
0 0.515625 0.716796875 0.05 0.05859375
0 0.58984375 0.4521484375 0.0484375 0.056640625
0 0.7921875 0.37890625 0.046875 0.0546875
0 0.54375 0.546875 0.05 0.0546875
0 0.34140625 0.6171875 0.0484375 0.0546875
