0 0.17890625 0.5224609375 0.0390625 0.048828125
0 0.21953125 0.4736328125 0.0390625 0.048828125
0 0.51640625 0.4287109375 0.0390625 0.048828125
0 0.47734375 0.4775390625 0.0390625 0.048828125
0 0.13203125 0.4736328125 0.0390625 0.048828125
0 0.51953125 0.4794921875 0.0390625 0.048828125
0 0.48046875 0.5283203125 0.0390625 0.048828125
0 0.35390625 0.5751953125 0.0390625 0.048828125
0 0.30546875 0.4755859375 0.0390625 0.048828125
0 0.34296875 0.3798828125 0.0390625 0.048828125
0 0.38515625 0.3798828125 0.0390625 0.048828125
0 0.35234375 0.5244140625 0.0390625 0.048828125
0 0.39140625 0.4755859375 0.0390625 0.048828125
0 0.26640625 0.5244140625 0.0390625 0.048828125
0 0.26953125 0.5751953125 0.0390625 0.048828125
0 0.34609375 0.4267578125 0.0390625 0.048828125
0 0.30859375 0.5263671875 0.0390625 0.048828125
0 0.17578125 0.4736328125 0.0390625 0.048828125
0 0.18046875 0.5751953125 0.0390625 0.048828125
0 0.22265625 0.5244140625 0.0390625 0.048828125
0 0.21640625 0.4248046875 0.0390625 0.048828125
0 0.22734375 0.6240234375 0.0390625 0.048828125
0 0.39453125 0.5263671875 0.0390625 0.048828125
0 0.25703125 0.3779296875 0.0390625 0.048828125
0 0.30390625 0.4267578125 0.0390625 0.048828125
0 0.13359375 0.5244140625 0.0390625 0.048828125
0 0.34765625 0.4755859375 0.0390625 0.048828125
0 0.55546875 0.3818359375 0.0390625 0.048828125
0 0.46953125 0.3798828125 0.0390625 0.048828125
0 0.26328125 0.4755859375 0.0390625 0.048828125
0 0.17421875 0.4248046875 0.0390625 0.048828125
0 0.38984375 0.4287109375 0.0390625 0.048828125
0 0.43359375 0.4775390625 0.0390625 0.048828125
0 0.43046875 0.4287109375 0.0390625 0.048828125
0 0.42890625 0.3798828125 0.0390625 0.048828125
0 0.26015625 0.4267578125 0.0390625 0.048828125
0 0.52734375 0.5771484375 0.0390625 0.048828125
0 0.38203125 0.3310546875 0.0390625 0.048828125
0 0.17109375 0.3759765625 0.0390625 0.048828125
0 0.44140625 0.5751953125 0.0390625 0.048828125
0 0.18359375 0.6240234375 0.0390625 0.048828125
0 0.21484375 0.3759765625 0.0390625 0.048828125
0 0.48359375 0.5751953125 0.0390625 0.048828125
0 0.13671875 0.5751953125 0.0390625 0.048828125
0 0.52421875 0.5283203125 0.0390625 0.048828125
0 0.29921875 0.3779296875 0.0390625 0.048828125
0 0.22421875 0.5732421875 0.0390625 0.048828125
0 0.51015625 0.3330078125 0.0390625 0.048828125
0 0.43828125 0.5263671875 0.0390625 0.048828125
0 0.13046875 0.4248046875 0.0390625 0.048828125
0 0.31171875 0.5751953125 0.0390625 0.048828125
0 0.27109375 0.6240234375 0.0390625 0.048828125
0 0.40234375 0.6259765625 0.0390625 0.048828125
0 0.39765625 0.5751953125 0.0390625 0.048828125
0 0.56640625 0.5283203125 0.0390625 0.048828125
0 0.47421875 0.4306640625 0.0390625 0.048828125
0 0.55859375 0.4326171875 0.0390625 0.048828125
0 0.46640625 0.3330078125 0.0390625 0.048828125
0 0.31484375 0.6259765625 0.0390625 0.048828125
0 0.29765625 0.3291015625 0.0390625 0.048828125
0 0.34140625 0.3310546875 0.0390625 0.048828125
0 0.25390625 0.3291015625 0.0390625 0.048828125
0 0.51328125 0.3798828125 0.0390625 0.048828125
0 0.42578125 0.3310546875 0.0390625 0.048828125
0 0.21015625 0.3271484375 0.0390625 0.048828125
0 0.56328125 0.4794921875 0.0390625 0.048828125
0 0.16796875 0.3271484375 0.0390625 0.048828125
0 0.57109375 0.5771484375 0.0390625 0.048828125
0 0.35703125 0.6240234375 0.0390625 0.048828125
0 0.37890625 0.2822265625 0.0390625 0.048828125
0 0.44453125 0.6259765625 0.0390625 0.048828125
0 0.14140625 0.6240234375 0.0390625 0.048828125
0 0.12734375 0.3740234375 0.0390625 0.048828125
0 0.29453125 0.2802734375 0.0390625 0.048828125
0 0.48828125 0.6259765625 0.0390625 0.048828125
0 0.33515625 0.2802734375 0.0390625 0.048828125
0 0.12265625 0.3251953125 0.0390625 0.048828125
0 0.55234375 0.3349609375 0.0390625 0.048828125
0 0.52890625 0.6279296875 0.0390625 0.048828125
0 0.57265625 0.6279296875 0.0390625 0.048828125
0 0.54921875 0.2841796875 0.0390625 0.048828125
0 0.50546875 0.2841796875 0.0390625 0.048828125
0 0.46484375 0.2841796875 0.0390625 0.048828125
0 0.42265625 0.2822265625 0.0390625 0.048828125
0 0.25078125 0.2802734375 0.0390625 0.048828125
0 0.20703125 0.2783203125 0.0390625 0.048828125
0 0.16328125 0.2763671875 0.0390625 0.048828125
0 0.11953125 0.2783203125 0.0390625 0.048828125
