0 0.6015625 0.3818359375 0.040625 0.052734375
0 0.653125 0.59765625 0.040625 0.05078125
0 0.6578125 0.525390625 0.040625 0.05078125
0 0.54375 0.3134765625 0.040625 0.052734375
0 0.790625 0.4443359375 0.040625 0.052734375
0 0.6234375 0.5625 0.040625 0.05078125
0 0.76015625 0.4111328125 0.0421875 0.052734375
0 0.7296875 0.3759765625 0.040625 0.052734375
0 0.5625 0.4921875 0.040625 0.05078125
0 0.7 0.3427734375 0.040625 0.052734375
0 0.6703125 0.3076171875 0.040625 0.052734375
0 0.640625 0.2744140625 0.040625 0.052734375
0 0.61015625 0.23828125 0.0421875 0.05078125
0 0.5828125 0.205078125 0.040625 0.05078125
0 0.5484375 0.2431640625 0.040625 0.052734375
0 0.578125 0.2763671875 0.040625 0.052734375
0 0.60625 0.3115234375 0.040625 0.052734375
0 0.6359375 0.3447265625 0.040625 0.052734375
0 0.665625 0.3798828125 0.040625 0.052734375
0 0.6953125 0.4130859375 0.040625 0.052734375
0 0.7265625 0.4482421875 0.040625 0.052734375
0 0.75703125 0.4833984375 0.0421875 0.052734375
0 0.72265625 0.5205078125 0.0421875 0.052734375
0 0.690625 0.4873046875 0.040625 0.052734375
0 0.6625 0.4501953125 0.040625 0.052734375
0 0.63125 0.4169921875 0.040625 0.052734375
0 0.57265625 0.3486328125 0.0421875 0.052734375
0 0.5140625 0.2802734375 0.040625 0.052734375
0 0.4796875 0.3173828125 0.040625 0.052734375
0 0.509375 0.3505859375 0.040625 0.052734375
0 0.5390625 0.3857421875 0.040625 0.052734375
0 0.5671875 0.4189453125 0.040625 0.052734375
0 0.596875 0.4541015625 0.040625 0.052734375
0 0.628125 0.4892578125 0.040625 0.052734375
0 0.6875 0.560546875 0.040625 0.05078125
0 0.5921875 0.52734375 0.040625 0.05078125
0 0.5328125 0.4560546875 0.040625 0.052734375
0 0.5046875 0.4228515625 0.040625 0.052734375
0 0.475 0.3876953125 0.040625 0.052734375
0 0.4453125 0.3544921875 0.040625 0.052734375
0 0.4125 0.392578125 0.040625 0.05078125
0 0.440625 0.42578125 0.040625 0.05078125
0 0.4703125 0.4609375 0.040625 0.05078125
0 0.49921875 0.49609375 0.0421875 0.05078125
0 0.528125 0.53125 0.040625 0.05078125
0 0.5578125 0.56640625 0.040625 0.05078125
0 0.5890625 0.6015625 0.040625 0.05078125
0 0.61875 0.63671875 0.040625 0.05078125
0 0.584375 0.6748046875 0.040625 0.052734375
0 0.5546875 0.638671875 0.040625 0.05078125
0 0.5234375 0.603515625 0.040625 0.05078125
0 0.49375 0.568359375 0.040625 0.05078125
0 0.465625 0.533203125 0.040625 0.05078125
0 0.4375 0.498046875 0.040625 0.05078125
0 0.40625 0.462890625 0.040625 0.05078125
0 0.378125 0.4296875 0.040625 0.05078125
0 0.34375 0.466796875 0.040625 0.05078125
0 0.371875 0.501953125 0.040625 0.05078125
0 0.4015625 0.53515625 0.040625 0.05078125
0 0.43125 0.572265625 0.040625 0.05078125
0 0.459375 0.60546875 0.040625 0.05078125
0 0.4890625 0.6435546875 0.040625 0.052734375
0 0.51875 0.6787109375 0.040625 0.052734375
0 0.5484375 0.7138671875 0.040625 0.052734375
0 0.5140625 0.7529296875 0.040625 0.052734375
0 0.484375 0.7177734375 0.040625 0.052734375
0 0.4546875 0.6826171875 0.040625 0.052734375
0 0.42578125 0.6455078125 0.0421875 0.052734375
0 0.396875 0.6103515625 0.040625 0.052734375
0 0.3671875 0.5751953125 0.040625 0.052734375
0 0.3375 0.5390625 0.040625 0.05078125
0 0.309375 0.50390625 0.040625 0.05078125
0 0.2734375 0.5439453125 0.040625 0.052734375
0 0.303125 0.5791015625 0.040625 0.052734375
0 0.23984375 0.5810546875 0.0421875 0.052734375
0 0.3328125 0.6142578125 0.040625 0.052734375
0 0.26875 0.6162109375 0.040625 0.052734375
0 0.3625 0.6494140625 0.040625 0.052734375
0 0.38984375 0.6845703125 0.0421875 0.052734375
0 0.41875 0.7197265625 0.040625 0.052734375
0 0.45 0.7568359375 0.040625 0.052734375
0 0.4796875 0.79296875 0.040625 0.05078125
0 0.44375 0.83203125 0.040625 0.05078125
0 0.4140625 0.796875 0.040625 0.05078125
0 0.384375 0.759765625 0.040625 0.05078125
0 0.35625 0.7236328125 0.040625 0.052734375
0 0.3265625 0.6865234375 0.040625 0.052734375
0 0.296875 0.6513671875 0.040625 0.052734375
