0 0.39609375 0.3173828125 0.0390625 0.048828125
0 0.43359375 0.6904296875 0.0390625 0.048828125
0 0.48359375 0.4248046875 0.0390625 0.048828125
0 0.52265625 0.8017578125 0.0390625 0.048828125
0 0.43046875 0.7998046875 0.0390625 0.048828125
0 0.39453125 0.4228515625 0.0390625 0.048828125
0 0.48203125 0.5302734375 0.0390625 0.048828125
0 0.48515625 0.3193359375 0.0390625 0.048828125
0 0.53046875 0.3720703125 0.0390625 0.048828125
0 0.61953125 0.3740234375 0.0390625 0.048828125
0 0.43515625 0.5830078125 0.0390625 0.048828125
0 0.53046875 0.3193359375 0.0390625 0.048828125
0 0.39140625 0.5283203125 0.0390625 0.048828125
0 0.34296875 0.6357421875 0.0390625 0.048828125
0 0.61640625 0.5849609375 0.0390625 0.048828125
0 0.44140625 0.3193359375 0.0390625 0.048828125
0 0.57265625 0.5322265625 0.0390625 0.048828125
0 0.61796875 0.5322265625 0.0390625 0.048828125
0 0.52890625 0.4248046875 0.0390625 0.048828125
0 0.39296875 0.4755859375 0.0390625 0.048828125
0 0.61640625 0.6923828125 0.0390625 0.048828125
0 0.66484375 0.4267578125 0.0390625 0.048828125
0 0.57109375 0.6376953125 0.0390625 0.048828125
0 0.52734375 0.4775390625 0.0390625 0.048828125
0 0.57578125 0.3212890625 0.0390625 0.048828125
0 0.38515625 0.7978515625 0.0390625 0.048828125
0 0.38984375 0.5830078125 0.0390625 0.048828125
0 0.66328125 0.5322265625 0.0390625 0.048828125
0 0.47890625 0.6904296875 0.0390625 0.048828125
0 0.52421875 0.6904296875 0.0390625 0.048828125
0 0.57421875 0.4248046875 0.0390625 0.048828125
0 0.61484375 0.8017578125 0.0390625 0.048828125
0 0.48046875 0.6376953125 0.0390625 0.048828125
0 0.52578125 0.5849609375 0.0390625 0.048828125
0 0.43828125 0.4248046875 0.0390625 0.048828125
0 0.66328125 0.6396484375 0.0390625 0.048828125
0 0.43203125 0.7451171875 0.0390625 0.048828125
0 0.47890625 0.7451171875 0.0390625 0.048828125
0 0.43984375 0.3720703125 0.0390625 0.048828125
0 0.38828125 0.6357421875 0.0390625 0.048828125
0 0.48046875 0.5830078125 0.0390625 0.048828125
0 0.34453125 0.5810546875 0.0390625 0.048828125
0 0.56953125 0.8017578125 0.0390625 0.048828125
0 0.48359375 0.4775390625 0.0390625 0.048828125
0 0.62109375 0.3212890625 0.0390625 0.048828125
0 0.56953125 0.7470703125 0.0390625 0.048828125
0 0.43828125 0.4775390625 0.0390625 0.048828125
0 0.38671875 0.7431640625 0.0390625 0.048828125
0 0.61953125 0.4267578125 0.0390625 0.048828125
0 0.66171875 0.7490234375 0.0390625 0.048828125
0 0.38828125 0.6884765625 0.0390625 0.048828125
0 0.66640625 0.3212890625 0.0390625 0.048828125
0 0.47734375 0.7998046875 0.0390625 0.048828125
0 0.48515625 0.3720703125 0.0390625 0.048828125
0 0.57109375 0.6923828125 0.0390625 0.048828125
0 0.34296875 0.6884765625 0.0390625 0.048828125
0 0.61796875 0.4794921875 0.0390625 0.048828125
0 0.39453125 0.3701171875 0.0390625 0.048828125
0 0.35078125 0.3173828125 0.0390625 0.048828125
0 0.52734375 0.5302734375 0.0390625 0.048828125
0 0.66484375 0.3740234375 0.0390625 0.048828125
0 0.34140625 0.7431640625 0.0390625 0.048828125
0 0.38359375 0.8544921875 0.0390625 0.048828125
0 0.56796875 0.8564453125 0.0390625 0.048828125
0 0.57421875 0.4794921875 0.0390625 0.048828125
0 0.34921875 0.3701171875 0.0390625 0.048828125
0 0.57578125 0.3720703125 0.0390625 0.048828125
0 0.33984375 0.7978515625 0.0390625 0.048828125
0 0.43671875 0.5302734375 0.0390625 0.048828125
0 0.66171875 0.6943359375 0.0390625 0.048828125
0 0.34765625 0.4755859375 0.0390625 0.048828125
0 0.66484375 0.4794921875 0.0390625 0.048828125
0 0.57109375 0.5849609375 0.0390625 0.048828125
0 0.47578125 0.8544921875 0.0390625 0.048828125
0 0.66328125 0.5869140625 0.0390625 0.048828125
0 0.34609375 0.5283203125 0.0390625 0.048828125
0 0.43515625 0.6357421875 0.0390625 0.048828125
0 0.66171875 0.8037109375 0.0390625 0.048828125
0 0.61640625 0.6396484375 0.0390625 0.048828125
0 0.52265625 0.8564453125 0.0390625 0.048828125
0 0.66015625 0.8583984375 0.0390625 0.048828125
0 0.43046875 0.8544921875 0.0390625 0.048828125
0 0.34921875 0.4228515625 0.0390625 0.048828125
0 0.52421875 0.7470703125 0.0390625 0.048828125
0 0.61640625 0.7470703125 0.0390625 0.048828125
0 0.52578125 0.6376953125 0.0390625 0.048828125
0 0.61484375 0.8583984375 0.0390625 0.048828125
0 0.33828125 0.8525390625 0.0390625 0.048828125
