0 0.55859375 0.6689453125 0.0390625 0.048828125
0 0.31328125 0.8564453125 0.0390625 0.048828125
0 0.33359375 0.7275390625 0.0390625 0.048828125
0 0.49765625 0.7158203125 0.0390625 0.048828125
0 0.45703125 0.6357421875 0.0390625 0.048828125
0 0.41640625 0.8916015625 0.0390625 0.048828125
0 0.57890625 0.5439453125 0.0390625 0.048828125
0 0.49609375 0.3876953125 0.0390625 0.048828125
0 0.43671875 0.7626953125 0.0390625 0.048828125
0 0.58203125 0.8779296875 0.0390625 0.048828125
0 0.51953125 0.9248046875 0.0390625 0.048828125
0 0.47890625 0.8427734375 0.0390625 0.048828125
0 0.37578125 0.8095703125 0.0390625 0.048828125
0 0.27109375 0.7744140625 0.0390625 0.048828125
0 0.67890625 0.5791015625 0.0390625 0.048828125
0 0.30390625 0.5849609375 0.0390625 0.048828125
0 0.66015625 0.7041015625 0.0390625 0.048828125
0 0.53984375 0.7958984375 0.0390625 0.048828125
0 0.51796875 0.5888671875 0.0390625 0.048828125
0 0.53671875 0.4658203125 0.0390625 0.048828125
0 0.39609375 0.6806640625 0.0390625 0.048828125
0 0.53046875 0.8603515625 0.0390625 0.048828125
0 0.69765625 0.4560546875 0.0390625 0.048828125
0 0.40546875 0.6181640625 0.0390625 0.048828125
0 0.54765625 0.4033203125 0.0390625 0.048828125
0 0.36484375 0.5380859375 0.0390625 0.048828125
0 0.55703125 0.3427734375 0.0390625 0.048828125
0 0.42578125 0.8271484375 0.0390625 0.048828125
0 0.57265625 0.9423828125 0.0390625 0.048828125
0 0.65703125 0.3759765625 0.0390625 0.048828125
0 0.66640625 0.3154296875 0.0390625 0.048828125
0 0.35546875 0.2724609375 0.0390625 0.048828125
0 0.50859375 0.6513671875 0.0390625 0.048828125
0 0.61953125 0.6240234375 0.0390625 0.048828125
0 0.59765625 0.4208984375 0.0390625 0.048828125
0 0.33515625 0.3974609375 0.0390625 0.048828125
0 0.46796875 0.9072265625 0.0390625 0.048828125
0 0.64765625 0.4384765625 0.0390625 0.048828125
0 0.43671875 0.4326171875 0.0390625 0.048828125
0 0.45703125 0.3076171875 0.0390625 0.048828125
0 0.60703125 0.3603515625 0.0390625 0.048828125
0 0.61015625 0.6865234375 0.0390625 0.048828125
0 0.42578125 0.4931640625 0.0390625 0.048828125
0 0.60078125 0.7490234375 0.0390625 0.048828125
0 0.32421875 0.7919921875 0.0390625 0.048828125
0 0.36484375 0.2119140625 0.0390625 0.048828125
0 0.35546875 0.6005859375 0.0390625 0.048828125
0 0.47734375 0.5107421875 0.0390625 0.048828125
0 0.41640625 0.2294921875 0.0390625 0.048828125
0 0.44765625 0.6982421875 0.0390625 0.048828125
0 0.52734375 0.5283203125 0.0390625 0.048828125
0 0.63828125 0.5009765625 0.0390625 0.048828125
0 0.64140625 0.8310546875 0.0390625 0.048828125
0 0.39609375 0.3525390625 0.0390625 0.048828125
0 0.66953125 0.6416015625 0.0390625 0.048828125
0 0.29296875 0.6474609375 0.0390625 0.048828125
0 0.32421875 0.4580078125 0.0390625 0.048828125
0 0.63359375 0.8955078125 0.0390625 0.048828125
0 0.56640625 0.2822265625 0.0390625 0.048828125
0 0.41640625 0.5556640625 0.0390625 0.048828125
0 0.40546875 0.2900390625 0.0390625 0.048828125
0 0.31328125 0.5205078125 0.0390625 0.048828125
0 0.34453125 0.6650390625 0.0390625 0.048828125
0 0.54921875 0.7333984375 0.0390625 0.048828125
0 0.71640625 0.3349609375 0.0390625 0.048828125
0 0.37578125 0.4755859375 0.0390625 0.048828125
0 0.51640625 0.2646484375 0.0390625 0.048828125
0 0.65234375 0.7666015625 0.0390625 0.048828125
0 0.62265625 0.9599609375 0.0390625 0.048828125
0 0.62890625 0.5615234375 0.0390625 0.048828125
0 0.28203125 0.7119140625 0.0390625 0.048828125
0 0.46640625 0.5732421875 0.0390625 0.048828125
0 0.46640625 0.2470703125 0.0390625 0.048828125
0 0.70703125 0.3935546875 0.0390625 0.048828125
0 0.36484375 0.8740234375 0.0390625 0.048828125
0 0.56796875 0.6064453125 0.0390625 0.048828125
0 0.48828125 0.7802734375 0.0390625 0.048828125
0 0.59140625 0.8134765625 0.0390625 0.048828125
0 0.26015625 0.8408203125 0.0390625 0.048828125
0 0.34453125 0.3349609375 0.0390625 0.048828125
0 0.48671875 0.4482421875 0.0390625 0.048828125
0 0.38671875 0.7451171875 0.0390625 0.048828125
0 0.38515625 0.4150390625 0.0390625 0.048828125
0 0.50703125 0.3251953125 0.0390625 0.048828125
0 0.44609375 0.3701171875 0.0390625 0.048828125
0 0.68828125 0.5166015625 0.0390625 0.048828125
0 0.58828125 0.4833984375 0.0390625 0.048828125
0 0.61640625 0.2998046875 0.0390625 0.048828125
