0 0.50859375 0.7431640625 0.0390625 0.048828125
0 0.47109375 0.3349609375 0.0390625 0.048828125
0 0.36328125 0.5322265625 0.0390625 0.048828125
0 0.42265625 0.5537109375 0.0390625 0.048828125
0 0.39609375 0.3857421875 0.0390625 0.048828125
0 0.56171875 0.2080078125 0.0390625 0.048828125
0 0.48203125 0.5732421875 0.0390625 0.048828125
0 0.48671875 0.2607421875 0.0390625 0.048828125
0 0.64609375 0.3955078125 0.0390625 0.048828125
0 0.33671875 0.3642578125 0.0390625 0.048828125
0 0.58359375 0.6884765625 0.0390625 0.048828125
0 0.73359375 0.5830078125 0.0390625 0.048828125
0 0.68984375 0.4892578125 0.0390625 0.048828125
0 0.40703125 0.6259765625 0.0390625 0.048828125
0 0.65859375 0.6357421875 0.0390625 0.048828125
0 0.55703125 0.5205078125 0.0390625 0.048828125
0 0.56796875 0.7646484375 0.0390625 0.048828125
0 0.46484375 0.2138671875 0.0390625 0.048828125
0 0.60390625 0.3017578125 0.0390625 0.048828125
0 0.58828125 0.3759765625 0.0390625 0.048828125
0 0.51328125 0.4267578125 0.0390625 0.048828125
0 0.54453125 0.2822265625 0.0390625 0.048828125
0 0.45390625 0.4072265625 0.0390625 0.048828125
0 0.63046875 0.4697265625 0.0390625 0.048828125
0 0.57265625 0.4482421875 0.0390625 0.048828125
0 0.40078125 0.5068359375 0.0390625 0.048828125
0 0.41171875 0.3134765625 0.0390625 0.048828125
0 0.38046875 0.4599609375 0.0390625 0.048828125
0 0.31484375 0.3173828125 0.0390625 0.048828125
0 0.44921875 0.7216796875 0.0390625 0.048828125
0 0.52890625 0.3544921875 0.0390625 0.048828125
0 0.42734375 0.2392578125 0.0390625 0.048828125
0 0.59921875 0.6162109375 0.0390625 0.048828125
0 0.68046875 0.6845703125 0.0390625 0.048828125
0 0.54140625 0.5947265625 0.0390625 0.048828125
0 0.50234375 0.1884765625 0.0390625 0.048828125
0 0.32109375 0.4384765625 0.0390625 0.048828125
0 0.71796875 0.6572265625 0.0390625 0.048828125
0 0.46640625 0.6474609375 0.0390625 0.048828125
0 0.49765625 0.5009765625 0.0390625 0.048828125
0 0.43828125 0.4794921875 0.0390625 0.048828125
0 0.62421875 0.3486328125 0.0390625 0.048828125
0 0.53046875 0.7900390625 0.0390625 0.048828125
0 0.27734375 0.3427734375 0.0390625 0.048828125
0 0.47578125 0.4541015625 0.0390625 0.048828125
0 0.44921875 0.2861328125 0.0390625 0.048828125
0 0.52421875 0.6689453125 0.0390625 0.048828125
0 0.48828125 0.6943359375 0.0390625 0.048828125
0 0.53984375 0.1611328125 0.0390625 0.048828125
0 0.52421875 0.2353515625 0.0390625 0.048828125
0 0.71171875 0.5361328125 0.0390625 0.048828125
0 0.29921875 0.3916015625 0.0390625 0.048828125
0 0.61484375 0.5419921875 0.0390625 0.048828125
0 0.38984375 0.2666015625 0.0390625 0.048828125
0 0.50703125 0.3076171875 0.0390625 0.048828125
0 0.59296875 0.4951171875 0.0390625 0.048828125
0 0.55078125 0.4013671875 0.0390625 0.048828125
0 0.50390625 0.6201171875 0.0390625 0.048828125
0 0.57734375 0.5693359375 0.0390625 0.048828125
0 0.67421875 0.5634765625 0.0390625 0.048828125
0 0.41796875 0.4326171875 0.0390625 0.048828125
0 0.61015625 0.4228515625 0.0390625 0.048828125
0 0.64296875 0.7099609375 0.0390625 0.048828125
0 0.38515625 0.5791015625 0.0390625 0.048828125
0 0.69609375 0.6103515625 0.0390625 0.048828125
0 0.47109375 0.7685546875 0.0390625 0.048828125
0 0.65234375 0.5166015625 0.0390625 0.048828125
0 0.37421875 0.3388671875 0.0390625 0.048828125
0 0.63671875 0.5888671875 0.0390625 0.048828125
0 0.56171875 0.6416015625 0.0390625 0.048828125
0 0.35390625 0.2919921875 0.0390625 0.048828125
0 0.46015625 0.5263671875 0.0390625 0.048828125
0 0.49296875 0.8173828125 0.0390625 0.048828125
0 0.43359375 0.3603515625 0.0390625 0.048828125
0 0.53515625 0.4736328125 0.0390625 0.048828125
0 0.34296875 0.4853515625 0.0390625 0.048828125
0 0.35859375 0.4130859375 0.0390625 0.048828125
0 0.56640625 0.3291015625 0.0390625 0.048828125
0 0.42890625 0.6748046875 0.0390625 0.048828125
0 0.54609375 0.7158203125 0.0390625 0.048828125
0 0.51953125 0.5478515625 0.0390625 0.048828125
0 0.60546875 0.7373046875 0.0390625 0.048828125
0 0.49140625 0.3798828125 0.0390625 0.048828125
0 0.62109375 0.6630859375 0.0390625 0.048828125
0 0.75546875 0.6318359375 0.0390625 0.048828125
0 0.44453125 0.6005859375 0.0390625 0.048828125
0 0.66796875 0.4423828125 0.0390625 0.048828125
0 0.58203125 0.2548828125 0.0390625 0.048828125
