0 0.83515625 0.7958984375 0.0609375 0.052734375
0 0.67890625 0.7939453125 0.0609375 0.052734375
0 0.75703125 0.7939453125 0.0609375 0.052734375
0 0.52421875 0.7890625 0.0609375 0.05078125
0 0.82578125 0.6533203125 0.0609375 0.052734375
0 0.74765625 0.6533203125 0.0609375 0.052734375
0 0.67265625 0.6513671875 0.0609375 0.052734375
0 0.44609375 0.7890625 0.0609375 0.05078125
0 0.60078125 0.7919921875 0.0609375 0.052734375
0 0.83046875 0.724609375 0.0609375 0.05078125
0 0.73515625 0.4423828125 0.0609375 0.052734375
0 0.89609375 0.5869140625 0.0609375 0.052734375
0 0.36796875 0.787109375 0.0609375 0.05078125
0 0.903125 0.6552734375 0.059375 0.052734375
0 0.74453125 0.5830078125 0.0609375 0.052734375
0 0.18359375 0.2861328125 0.0609375 0.052734375
0 0.66015625 0.4404296875 0.0609375 0.052734375
0 0.2875 0.787109375 0.059375 0.05078125
0 0.50859375 0.5068359375 0.0609375 0.052734375
0 0.58203125 0.4384765625 0.0609375 0.052734375
0 0.75234375 0.72265625 0.0609375 0.05078125
0 0.90859375 0.7265625 0.0609375 0.05078125
0 0.59921875 0.7197265625 0.0609375 0.052734375
0 0.43359375 0.57421875 0.0609375 0.05078125
0 0.35390625 0.5029296875 0.0609375 0.052734375
0 0.57265625 0.298828125 0.0609375 0.05078125
0 0.65078125 0.30078125 0.0609375 0.05078125
0 0.27578125 0.572265625 0.0609375 0.05078125
0 0.51640625 0.6474609375 0.0609375 0.052734375
0 0.80390625 0.3046875 0.0609375 0.05078125
0 0.12734375 0.78515625 0.0609375 0.05078125
0 0.51171875 0.576171875 0.0609375 0.05078125
0 0.20703125 0.78515625 0.0609375 0.05078125
0 0.35859375 0.6455078125 0.0609375 0.052734375
0 0.42578125 0.4345703125 0.0609375 0.052734375
0 0.28046875 0.6435546875 0.0609375 0.052734375
0 0.66171875 0.5087890625 0.0609375 0.052734375
0 0.34296875 0.361328125 0.0609375 0.05078125
0 0.18515625 0.3564453125 0.0609375 0.052734375
0 0.81484375 0.513671875 0.0609375 0.05078125
0 0.10546875 0.3544921875 0.0609375 0.052734375
0 0.28515625 0.7138671875 0.0609375 0.052734375
0 0.19296875 0.4990234375 0.0609375 0.052734375
0 0.20546875 0.7138671875 0.0609375 0.052734375
0 0.35546875 0.57421875 0.0609375 0.05078125
0 0.2 0.6416015625 0.059375 0.052734375
0 0.59453125 0.6494140625 0.0609375 0.052734375
0 0.58984375 0.578125 0.0609375 0.05078125
0 0.82109375 0.5849609375 0.0609375 0.052734375
0 0.58671875 0.5087890625 0.0609375 0.052734375
0 0.67734375 0.72265625 0.0609375 0.05078125
0 0.44140625 0.7158203125 0.0609375 0.052734375
0 0.265625 0.359375 0.059375 0.05078125
0 0.34140625 0.2900390625 0.0609375 0.052734375
0 0.43046875 0.5048828125 0.0609375 0.052734375
0 0.10234375 0.2841796875 0.0609375 0.052734375
0 0.65546875 0.3701171875 0.0609375 0.052734375
0 0.50390625 0.4365234375 0.0609375 0.052734375
0 0.49921875 0.365234375 0.0609375 0.05078125
0 0.49609375 0.2958984375 0.0609375 0.052734375
0 0.11953125 0.6416015625 0.0609375 0.052734375
0 0.87890625 0.3076171875 0.0609375 0.052734375
0 0.73046875 0.3740234375 0.0609375 0.052734375
0 0.27109375 0.4306640625 0.0609375 0.052734375
0 0.72578125 0.302734375 0.0609375 0.05078125
0 0.88828125 0.4462890625 0.0609375 0.052734375
0 0.19765625 0.5693359375 0.0609375 0.052734375
0 0.73984375 0.51171875 0.0609375 0.05078125
0 0.26015625 0.2880859375 0.0609375 0.052734375
0 0.36328125 0.7158203125 0.0609375 0.052734375
0 0.43828125 0.6455078125 0.0609375 0.052734375
0 0.18984375 0.4287109375 0.0609375 0.052734375
0 0.66640625 0.5810546875 0.0609375 0.052734375
0 0.52109375 0.7177734375 0.0609375 0.052734375
0 0.1171875 0.5673828125 0.059375 0.052734375
0 0.57734375 0.3681640625 0.0609375 0.052734375
0 0.11015625 0.42578125 0.0609375 0.05078125
0 0.80859375 0.3759765625 0.0609375 0.052734375
0 0.34765625 0.4326171875 0.0609375 0.052734375
0 0.89140625 0.515625 0.0609375 0.05078125
0 0.11171875 0.4970703125 0.0609375 0.052734375
0 0.27265625 0.5009765625 0.0609375 0.052734375
0 0.88359375 0.3779296875 0.0609375 0.052734375
0 0.12421875 0.7119140625 0.0609375 0.052734375
0 0.81015625 0.4443359375 0.0609375 0.052734375
0 0.91328125 0.7978515625 0.0609375 0.052734375
0 0.42109375 0.36328125 0.0609375 0.05078125
0 0.41953125 0.2939453125 0.0609375 0.052734375
