0 0.4078125 0.3447265625 0.040625 0.048828125
0 0.3421875 0.671875 0.040625 0.05078125
0 0.5640625 0.7236328125 0.040625 0.048828125
0 0.4359375 0.486328125 0.040625 0.05078125
0 0.2171875 0.4345703125 0.040625 0.048828125
0 0.28515625 0.3837890625 0.0421875 0.048828125
0 0.39375 0.4091796875 0.040625 0.048828125
0 0.490625 0.5 0.040625 0.05078125
0 0.5765625 0.658203125 0.040625 0.05078125
0 0.5890625 0.5908203125 0.040625 0.048828125
0 0.2578125 0.5146484375 0.040625 0.048828125
0 0.384375 0.7509765625 0.040625 0.048828125
0 0.6015625 0.5263671875 0.040625 0.048828125
0 0.1609375 0.6982421875 0.040625 0.048828125
0 0.4625 0.3583984375 0.040625 0.048828125
0 0.23125 0.64453125 0.040625 0.05078125
0 0.1890625 0.5673828125 0.040625 0.048828125
0 0.36875 0.5400390625 0.040625 0.048828125
0 0.453125 0.6982421875 0.040625 0.048828125
0 0.2875 0.658203125 0.040625 0.05078125
0 0.478125 0.5654296875 0.040625 0.048828125
0 0.68125 0.4091796875 0.040625 0.048828125
0 0.175 0.3583984375 0.040625 0.048828125
0 0.2015625 0.5 0.040625 0.05078125
0 0.1765625 0.6328125 0.040625 0.05078125
0 0.6203125 0.7373046875 0.040625 0.048828125
0 0.4109375 0.6181640625 0.040625 0.048828125
0 0.3125 0.5263671875 0.040625 0.048828125
0 0.5046875 0.4345703125 0.040625 0.048828125
0 0.465625 0.630859375 0.040625 0.05078125
0 0.6578125 0.5400390625 0.040625 0.048828125
0 0.6328125 0.669921875 0.040625 0.05078125
0 0.2 0.2294921875 0.040625 0.048828125
0 0.2421875 0.306640625 0.040625 0.05078125
0 0.396875 0.6845703125 0.040625 0.048828125
0 0.546875 0.5126953125 0.040625 0.048828125
0 0.3296875 0.7373046875 0.040625 0.048828125
0 0.2296875 0.3701171875 0.040625 0.048828125
0 0.5515625 0.7900390625 0.040625 0.048828125
0 0.4953125 0.7763671875 0.040625 0.048828125
0 0.4234375 0.5517578125 0.040625 0.048828125
0 0.1484375 0.48828125 0.040625 0.05078125
0 0.1609375 0.4228515625 0.040625 0.048828125
0 0.6140625 0.4609375 0.040625 0.05078125
0 0.10625 0.6865234375 0.040625 0.048828125
0 0.571875 0.3837890625 0.040625 0.048828125
0 0.38125 0.474609375 0.040625 0.05078125
0 0.1875 0.2919921875 0.040625 0.048828125
0 0.66875 0.474609375 0.040625 0.05078125
0 0.5203125 0.64453125 0.040625 0.05078125
0 0.534375 0.5771484375 0.040625 0.048828125
0 0.3 0.5908203125 0.040625 0.048828125
0 0.7265625 0.486328125 0.040625 0.05078125
0 0.64375 0.6044921875 0.040625 0.048828125
0 0.3265625 0.4609375 0.040625 0.05078125
0 0.3546875 0.6044921875 0.040625 0.048828125
0 0.3390625 0.3955078125 0.040625 0.048828125
0 0.45 0.4208984375 0.040625 0.048828125
0 0.2171875 0.7119140625 0.040625 0.048828125
0 0.24375 0.5791015625 0.040625 0.048828125
0 0.4390625 0.7626953125 0.040625 0.048828125
0 0.6078125 0.8046875 0.040625 0.05078125
0 0.515625 0.3701171875 0.040625 0.048828125
0 0.6640625 0.818359375 0.040625 0.05078125
0 0.2734375 0.7255859375 0.040625 0.048828125
0 0.309375 0.2548828125 0.040625 0.048828125
0 0.5578125 0.4462890625 0.040625 0.048828125
0 0.134375 0.5537109375 0.040625 0.048828125
0 0.11875 0.6181640625 0.040625 0.048828125
0 0.7375 0.4208984375 0.040625 0.048828125
0 0.4203125 0.2783203125 0.040625 0.048828125
0 0.7125 0.5517578125 0.040625 0.048828125
0 0.25625 0.2412109375 0.040625 0.048828125
0 0.2703125 0.4482421875 0.040625 0.048828125
0 0.6890625 0.6845703125 0.040625 0.048828125
0 0.3515625 0.33203125 0.040625 0.05078125
0 0.296875 0.318359375 0.040625 0.05078125
0 0.6265625 0.3955078125 0.040625 0.048828125
0 0.6390625 0.330078125 0.040625 0.05078125
0 0.675 0.7509765625 0.040625 0.048828125
0 0.7484375 0.3564453125 0.040625 0.048828125
0 0.69375 0.3447265625 0.040625 0.048828125
0 0.3640625 0.2666015625 0.040625 0.048828125
0 0.4734375 0.2919921875 0.040625 0.048828125
0 0.7015625 0.6181640625 0.040625 0.048828125
0 0.5078125 0.7099609375 0.040625 0.048828125
0 0.5296875 0.3046875 0.040625 0.05078125
0 0.5828125 0.318359375 0.040625 0.05078125
