0 0.546875 0.8310546875 0.040625 0.048828125
0 0.5 0.806640625 0.040625 0.05078125
0 0.45234375 0.7822265625 0.0390625 0.048828125
0 0.40625 0.7578125 0.0375 0.046875
0 0.36015625 0.732421875 0.0390625 0.046875
0 0.31171875 0.7060546875 0.0390625 0.048828125
0 0.56953125 0.7744140625 0.0390625 0.048828125
0 0.52109375 0.748046875 0.0390625 0.046875
0 0.47421875 0.724609375 0.0390625 0.046875
0 0.42734375 0.69921875 0.0390625 0.046875
0 0.38046875 0.673828125 0.0390625 0.05078125
0 0.33203125 0.6484375 0.0390625 0.046875
0 0.26484375 0.681640625 0.0390625 0.046875
0 0.21640625 0.65625 0.0390625 0.046875
0 0.2859375 0.623046875 0.0375 0.046875
0 0.2375 0.59765625 0.0375 0.046875
0 0.25859375 0.541015625 0.0390625 0.046875
0 0.30703125 0.56640625 0.0390625 0.046875
0 0.35390625 0.5908203125 0.0390625 0.048828125
0 0.5890625 0.720703125 0.040625 0.046875
0 0.54140625 0.69140625 0.0390625 0.046875
0 0.49375 0.666015625 0.040625 0.046875
0 0.4484375 0.642578125 0.040625 0.046875
0 0.40078125 0.6162109375 0.0390625 0.048828125
0 0.609375 0.658203125 0.040625 0.046875
0 0.56171875 0.634765625 0.0390625 0.046875
0 0.51484375 0.609375 0.0390625 0.046875
0 0.46796875 0.5830078125 0.0390625 0.048828125
0 0.42109375 0.556640625 0.0390625 0.046875
0 0.37578125 0.533203125 0.0390625 0.046875
0 0.32734375 0.509765625 0.0390625 0.046875
0 0.28046875 0.482421875 0.0390625 0.05078125
0 0.62890625 0.6015625 0.0390625 0.046875
0 0.58203125 0.576171875 0.0390625 0.046875
0 0.5359375 0.55078125 0.0375 0.05078125
0 0.48984375 0.5263671875 0.0390625 0.048828125
0 0.44296875 0.5 0.0390625 0.046875
0 0.3953125 0.4755859375 0.040625 0.048828125
0 0.3484375 0.451171875 0.040625 0.046875
0 0.3 0.423828125 0.040625 0.046875
0 0.32109375 0.3671875 0.0390625 0.046875
0 0.36953125 0.39453125 0.0390625 0.046875
0 0.41640625 0.4189453125 0.0390625 0.048828125
0 0.65078125 0.544921875 0.0390625 0.046875
0 0.60390625 0.51953125 0.0390625 0.046875
0 0.55625 0.494140625 0.040625 0.05078125
0 0.509375 0.46875 0.040625 0.046875
0 0.4625 0.443359375 0.0375 0.046875
0 0.6703125 0.4873046875 0.040625 0.048828125
0 0.62265625 0.462890625 0.0390625 0.046875
0 0.57734375 0.4365234375 0.0390625 0.048828125
0 0.53046875 0.412109375 0.0390625 0.046875
0 0.48359375 0.38671875 0.0390625 0.046875
0 0.43671875 0.361328125 0.0390625 0.046875
0 0.390625 0.337890625 0.0375 0.05078125
0 0.34375 0.310546875 0.040625 0.046875
0 0.69140625 0.4306640625 0.0390625 0.048828125
0 0.64453125 0.40625 0.0390625 0.046875
0 0.59765625 0.37890625 0.0390625 0.046875
0 0.5515625 0.3544921875 0.0375 0.048828125
0 0.50546875 0.328125 0.0390625 0.046875
0 0.4578125 0.302734375 0.040625 0.05078125
0 0.409375 0.27734375 0.040625 0.046875
0 0.36328125 0.251953125 0.0390625 0.046875
0 0.7125 0.37109375 0.0375 0.05078125
0 0.66640625 0.3466796875 0.0390625 0.048828125
0 0.61875 0.3203125 0.040625 0.046875
0 0.571875 0.296875 0.040625 0.046875
0 0.52421875 0.271484375 0.0390625 0.046875
0 0.47734375 0.244140625 0.0390625 0.046875
0 0.42890625 0.220703125 0.0390625 0.046875
0 0.3828125 0.193359375 0.0375 0.046875
0 0.7328125 0.314453125 0.040625 0.05078125
0 0.68515625 0.2890625 0.0390625 0.046875
0 0.63828125 0.263671875 0.0390625 0.046875
0 0.5921875 0.2392578125 0.0375 0.048828125
0 0.54609375 0.21484375 0.0390625 0.046875
0 0.49921875 0.1865234375 0.0390625 0.048828125
0 0.45234375 0.162109375 0.0390625 0.046875
0 0.40390625 0.1337890625 0.0390625 0.048828125
0 0.425 0.0771484375 0.040625 0.048828125
0 0.4734375 0.103515625 0.040625 0.046875
0 0.5203125 0.12890625 0.040625 0.046875
0 0.565625 0.154296875 0.040625 0.046875
0 0.61328125 0.181640625 0.0390625 0.046875
0 0.66015625 0.205078125 0.0390625 0.046875
0 0.70703125 0.23046875 0.0390625 0.046875
0 0.753125 0.2568359375 0.0375 0.048828125
