0 0.3796875 0.7900390625 0.040625 0.048828125
0 0.50625 0.2646484375 0.040625 0.048828125
0 0.44609375 0.5751953125 0.0421875 0.048828125
0 0.51171875 0.3662109375 0.0390625 0.048828125
0 0.37578125 0.68359375 0.0390625 0.05078125
0 0.440625 0.4736328125 0.040625 0.048828125
0 0.5625 0.7236328125 0.040625 0.048828125
0 0.52578125 0.7294921875 0.0390625 0.048828125
0 0.52421875 0.6767578125 0.0390625 0.052734375
0 0.48828125 0.7314453125 0.0390625 0.048828125
0 0.4328125 0.2666015625 0.040625 0.048828125
0 0.5140625 0.4716796875 0.040625 0.048828125
0 0.54765625 0.3662109375 0.0390625 0.048828125
0 0.5796875 0.26171875 0.040625 0.046875
0 0.47890625 0.4716796875 0.0390625 0.048828125
0 0.47421875 0.3681640625 0.0390625 0.048828125
0 0.43671875 0.3720703125 0.0390625 0.048828125
0 0.58359375 0.3642578125 0.0390625 0.048828125
0 0.54375 0.3154296875 0.040625 0.048828125
0 0.5515625 0.4677734375 0.040625 0.048828125
0 0.47265625 0.31640625 0.0390625 0.05078125
0 0.4703125 0.2646484375 0.040625 0.048828125
0 0.5921875 0.568359375 0.040625 0.046875
0 0.40703125 0.5263671875 0.0390625 0.048828125
0 0.484375 0.6259765625 0.040625 0.048828125
0 0.44921875 0.6806640625 0.0390625 0.048828125
0 0.51953125 0.5732421875 0.0390625 0.048828125
0 0.54921875 0.4169921875 0.0390625 0.048828125
0 0.37109375 0.5810546875 0.0390625 0.048828125
0 0.44453125 0.5244140625 0.0390625 0.048828125
0 0.40546875 0.4736328125 0.0390625 0.048828125
0 0.48671875 0.6787109375 0.0390625 0.048828125
0 0.54296875 0.26171875 0.0421875 0.046875
0 0.47421875 0.419921875 0.0390625 0.046875
0 0.5578125 0.6220703125 0.040625 0.048828125
0 0.55390625 0.5205078125 0.0390625 0.048828125
0 0.51328125 0.4169921875 0.0421875 0.048828125
0 0.39765625 0.3173828125 0.0390625 0.048828125
0 0.59765625 0.6708984375 0.0390625 0.048828125
0 0.4390625 0.419921875 0.040625 0.046875
0 0.41328125 0.6826171875 0.0390625 0.048828125
0 0.58515625 0.4169921875 0.0390625 0.048828125
0 0.48203125 0.57421875 0.0390625 0.05078125
0 0.4109375 0.6298828125 0.040625 0.048828125
0 0.4546875 0.7841796875 0.040625 0.048828125
0 0.48046875 0.5224609375 0.0390625 0.048828125
0 0.37734375 0.736328125 0.0390625 0.046875
0 0.39921875 0.3720703125 0.0390625 0.048828125
0 0.403125 0.4228515625 0.040625 0.048828125
0 0.3578125 0.2685546875 0.040625 0.048828125
0 0.56171875 0.6748046875 0.0390625 0.048828125
0 0.45234375 0.7314453125 0.0390625 0.048828125
0 0.409375 0.578125 0.040625 0.046875
0 0.3734375 0.6318359375 0.040625 0.048828125
0 0.58125 0.3134765625 0.040625 0.048828125
0 0.41484375 0.7333984375 0.0390625 0.048828125
0 0.56328125 0.7783203125 0.0390625 0.048828125
0 0.33984375 0.7392578125 0.0390625 0.048828125
0 0.3953125 0.2666015625 0.040625 0.048828125
0 0.5875 0.4658203125 0.040625 0.048828125
0 0.33203125 0.5302734375 0.0390625 0.048828125
0 0.36796875 0.4755859375 0.0390625 0.048828125
0 0.55546875 0.5712890625 0.0390625 0.048828125
0 0.446875 0.6298828125 0.040625 0.048828125
0 0.365625 0.4248046875 0.040625 0.048828125
0 0.4171875 0.7841796875 0.040625 0.048828125
0 0.528125 0.7802734375 0.040625 0.048828125
0 0.51640625 0.5205078125 0.0390625 0.048828125
0 0.521875 0.6240234375 0.040625 0.048828125
0 0.36953125 0.5263671875 0.0390625 0.048828125
0 0.3359375 0.6337890625 0.040625 0.048828125
0 0.36171875 0.3720703125 0.0390625 0.048828125
0 0.359375 0.3193359375 0.040625 0.048828125
0 0.59296875 0.6220703125 0.0390625 0.048828125
0 0.4921875 0.7822265625 0.040625 0.048828125
0 0.328125 0.42578125 0.040625 0.05078125
0 0.43515625 0.3173828125 0.0390625 0.048828125
0 0.50859375 0.31640625 0.0390625 0.05078125
0 0.59140625 0.5205078125 0.0390625 0.048828125
0 0.31953125 0.2685546875 0.0390625 0.048828125
0 0.321875 0.3193359375 0.040625 0.048828125
0 0.32890625 0.4775390625 0.0421875 0.048828125
0 0.33828125 0.6884765625 0.0390625 0.048828125
0 0.32578125 0.3740234375 0.0390625 0.048828125
0 0.59921875 0.7236328125 0.0390625 0.048828125
0 0.33359375 0.5830078125 0.0390625 0.048828125
0 0.34140625 0.7919921875 0.0390625 0.048828125
0 0.60078125 0.7744140625 0.0390625 0.048828125
