0 0.31953125 0.48828125 0.0484375 0.05859375
0 0.2359375 0.751953125 0.05 0.05859375
0 0.21640625 0.27734375 0.0484375 0.05859375
0 0.18125 0.4453125 0.046875 0.05859375
0 0.48359375 0.6865234375 0.0484375 0.060546875
0 0.64921875 0.1630859375 0.0484375 0.056640625
0 0.55390625 0.34765625 0.0484375 0.05859375
0 0.14375 0.6162109375 0.046875 0.060546875
0 0.4921875 0.36328125 0.05 0.05859375
0 0.15390625 0.2919921875 0.0484375 0.056640625
0 0.6703125 0.6357421875 0.05 0.056640625
0 0.36015625 0.71875 0.0484375 0.05859375
0 0.72578125 0.220703125 0.0515625 0.05859375
0 0.23046875 0.3515625 0.0515625 0.0625
0 0.53359375 0.5927734375 0.0484375 0.056640625
0 0.40234375 0.2275390625 0.0484375 0.056640625
0 0.2828125 0.6591796875 0.05 0.060546875
0 0.3875 0.150390625 0.046875 0.05859375
0 0.2203125 0.67578125 0.05 0.05859375
0 0.1171875 0.4609375 0.05 0.05859375
0 0.13984375 0.21484375 0.0515625 0.05859375
0 0.60859375 0.65234375 0.0484375 0.0625
0 0.73203125 0.6171875 0.0484375 0.05859375
0 0.63671875 0.0859375 0.0484375 0.05859375
0 0.2703125 0.58203125 0.05 0.0625
0 0.2078125 0.59765625 0.05 0.0625
0 0.296875 0.734375 0.046875 0.05859375
0 0.58125 0.4990234375 0.046875 0.060546875
0 0.29375 0.3369140625 0.05 0.060546875
0 0.421875 0.7021484375 0.05 0.060546875
0 0.38046875 0.4716796875 0.0484375 0.060546875
0 0.45625 0.53125 0.05 0.05859375
0 0.65546875 0.55859375 0.0515625 0.05859375
0 0.465625 0.2109375 0.046875 0.0625
0 0.15859375 0.69140625 0.0484375 0.05859375
0 0.44296875 0.4560546875 0.0484375 0.060546875
0 0.16640625 0.3671875 0.0484375 0.0625
0 0.43046875 0.3798828125 0.0484375 0.060546875
0 0.64453125 0.4833984375 0.0484375 0.060546875
0 0.409375 0.625 0.05 0.0625
0 0.575 0.1015625 0.05 0.05859375
0 0.30625 0.4130859375 0.05 0.060546875
0 0.35234375 0.3203125 0.0484375 0.05859375
0 0.3265625 0.16796875 0.05 0.0625
0 0.478125 0.28515625 0.046875 0.05859375
0 0.5046875 0.439453125 0.05 0.05859375
0 0.278125 0.2578125 0.05 0.05859375
0 0.7390625 0.296875 0.05 0.0625
0 0.33984375 0.2421875 0.0484375 0.05859375
0 0.3953125 0.546875 0.046875 0.05859375
0 0.13125 0.537109375 0.046875 0.05859375
0 0.753125 0.375 0.05 0.05859375
0 0.34765625 0.640625 0.0484375 0.0625
0 0.2015625 0.19921875 0.046875 0.05859375
0 0.690625 0.390625 0.05 0.05859375
0 0.6015625 0.25390625 0.046875 0.0625
0 0.56640625 0.423828125 0.0484375 0.05859375
0 0.52734375 0.1953125 0.0515625 0.0625
0 0.51875 0.5146484375 0.046875 0.060546875
0 0.26484375 0.1826171875 0.0484375 0.060546875
0 0.33203125 0.564453125 0.0484375 0.05859375
0 0.6765625 0.3154296875 0.046875 0.060546875
0 0.45078125 0.134765625 0.0484375 0.05859375
0 0.703125 0.466796875 0.05 0.05859375
0 0.1046875 0.3857421875 0.05 0.060546875
0 0.7796875 0.5263671875 0.046875 0.060546875
0 0.54609375 0.66796875 0.0484375 0.0625
0 0.6640625 0.23828125 0.046875 0.0625
0 0.17109375 0.76953125 0.0484375 0.0625
0 0.61640625 0.33203125 0.0484375 0.05859375
0 0.25703125 0.50390625 0.0484375 0.05859375
0 0.24296875 0.4287109375 0.0515625 0.060546875
0 0.62890625 0.40625 0.0484375 0.05859375
0 0.415625 0.3046875 0.046875 0.05859375
0 0.53984375 0.2705078125 0.0515625 0.056640625
0 0.36796875 0.39453125 0.0484375 0.0625
0 0.69921875 0.0693359375 0.0484375 0.060546875
0 0.71171875 0.14453125 0.0484375 0.05859375
0 0.0890625 0.306640625 0.05 0.05859375
0 0.19375 0.521484375 0.046875 0.05859375
0 0.46953125 0.607421875 0.0515625 0.05859375
0 0.59375 0.57421875 0.046875 0.05859375
0 0.5875 0.177734375 0.05 0.05859375
0 0.51328125 0.1171875 0.0484375 0.05859375
0 0.0765625 0.23046875 0.05 0.05859375
0 0.71875 0.54296875 0.05 0.05859375
0 0.765625 0.451171875 0.05 0.05859375
0 0.7953125 0.6015625 0.046875 0.05859375
