0 0.540625 0.25 0.040625 0.046875
0 0.6609375 0.697265625 0.040625 0.05078125
0 0.68828125 0.2509765625 0.0390625 0.048828125
0 0.5125 0.697265625 0.040625 0.05078125
0 0.6421875 0.314453125 0.0375 0.046875
0 0.61171875 0.6953125 0.0390625 0.046875
0 0.6453125 0.376953125 0.040625 0.05078125
0 0.3015625 0.5029296875 0.040625 0.048828125
0 0.71015625 0.697265625 0.0390625 0.05078125
0 0.74375 0.37890625 0.040625 0.05078125
0 0.6390625 0.2509765625 0.040625 0.048828125
0 0.74921875 0.5048828125 0.0390625 0.048828125
0 0.3578125 0.6318359375 0.040625 0.048828125
0 0.303125 0.568359375 0.040625 0.046875
0 0.6484375 0.44140625 0.040625 0.05078125
0 0.65703125 0.6328125 0.0390625 0.05078125
0 0.3515625 0.5029296875 0.040625 0.048828125
0 0.59609375 0.376953125 0.0390625 0.05078125
0 0.4 0.4384765625 0.040625 0.048828125
0 0.590625 0.25 0.040625 0.046875
0 0.546875 0.376953125 0.040625 0.05078125
0 0.40234375 0.50390625 0.0390625 0.046875
0 0.39375 0.3125 0.040625 0.046875
0 0.55 0.439453125 0.040625 0.046875
0 0.44140625 0.2470703125 0.0390625 0.048828125
0 0.68984375 0.3154296875 0.0390625 0.048828125
0 0.60703125 0.6328125 0.0390625 0.05078125
0 0.2984375 0.4384765625 0.0375 0.048828125
0 0.7453125 0.4423828125 0.040625 0.048828125
0 0.59375 0.314453125 0.0375 0.046875
0 0.30625 0.6328125 0.0375 0.05078125
0 0.55546875 0.5693359375 0.0390625 0.048828125
0 0.49296875 0.3134765625 0.0390625 0.048828125
0 0.50546875 0.568359375 0.0390625 0.046875
0 0.409375 0.697265625 0.040625 0.05078125
0 0.54375 0.3134765625 0.0375 0.048828125
0 0.4078125 0.6318359375 0.040625 0.048828125
0 0.696875 0.44140625 0.040625 0.05078125
0 0.740625 0.3154296875 0.0375 0.048828125
0 0.3484375 0.439453125 0.0375 0.046875
0 0.5984375 0.44140625 0.040625 0.05078125
0 0.44375 0.3125 0.040625 0.046875
0 0.49140625 0.2490234375 0.0390625 0.048828125
0 0.5078125 0.6318359375 0.040625 0.048828125
0 0.39140625 0.2470703125 0.0390625 0.048828125
0 0.759375 0.6953125 0.040625 0.046875
0 0.49765625 0.3759765625 0.0390625 0.048828125
0 0.6953125 0.3779296875 0.040625 0.048828125
0 0.3546875 0.568359375 0.040625 0.046875
0 0.75546875 0.6328125 0.0390625 0.05078125
0 0.24921875 0.501953125 0.0390625 0.046875
0 0.34140625 0.24609375 0.0390625 0.046875
0 0.40625 0.56640625 0.040625 0.05078125
0 0.4546875 0.568359375 0.0375 0.046875
0 0.4609375 0.6953125 0.040625 0.046875
0 0.5625 0.6953125 0.040625 0.046875
0 0.6 0.50390625 0.040625 0.046875
0 0.7015625 0.5048828125 0.040625 0.048828125
0 0.5578125 0.6318359375 0.040625 0.048828125
0 0.73671875 0.2509765625 0.0390625 0.048828125
0 0.45234375 0.50390625 0.0390625 0.046875
0 0.45859375 0.6328125 0.0390625 0.05078125
0 0.29453125 0.373046875 0.0390625 0.046875
0 0.753125 0.5693359375 0.040625 0.048828125
0 0.55234375 0.50390625 0.0390625 0.046875
0 0.5015625 0.5048828125 0.040625 0.048828125
0 0.3453125 0.375 0.040625 0.05078125
0 0.30859375 0.6982421875 0.0390625 0.048828125
0 0.45 0.4384765625 0.040625 0.048828125
0 0.70546875 0.6318359375 0.0390625 0.048828125
0 0.2921875 0.30859375 0.040625 0.05078125
0 0.70390625 0.5693359375 0.0390625 0.048828125
0 0.34375 0.30859375 0.040625 0.05078125
0 0.2890625 0.244140625 0.040625 0.05078125
0 0.24453125 0.3720703125 0.0390625 0.048828125
0 0.60546875 0.5693359375 0.0390625 0.048828125
0 0.65078125 0.5048828125 0.0390625 0.048828125
0 0.36015625 0.69921875 0.0390625 0.05078125
0 0.3953125 0.375 0.040625 0.05078125
0 0.5 0.439453125 0.040625 0.046875
0 0.23828125 0.2421875 0.0390625 0.05078125
0 0.25234375 0.56640625 0.0390625 0.05078125
0 0.44609375 0.3759765625 0.0390625 0.048828125
0 0.246875 0.4384765625 0.040625 0.048828125
0 0.25390625 0.6318359375 0.0390625 0.048828125
0 0.65390625 0.568359375 0.0390625 0.046875
0 0.240625 0.30859375 0.0375 0.05078125
0 0.25625 0.69921875 0.040625 0.05078125
