0 0.628125 0.27734375 0.040625 0.05078125
0 0.671875 0.2802734375 0.040625 0.048828125
0 0.66796875 0.333984375 0.0390625 0.05078125
0 0.753125 0.3935546875 0.040625 0.048828125
0 0.6734375 0.2275390625 0.040625 0.048828125
0 0.53515625 0.4296875 0.0390625 0.046875
0 0.4890625 0.4814453125 0.040625 0.048828125
0 0.5875 0.220703125 0.040625 0.05078125
0 0.70703125 0.4453125 0.0390625 0.05078125
0 0.7640625 0.1796875 0.040625 0.046875
0 0.4109375 0.3134765625 0.040625 0.048828125
0 0.459375 0.208984375 0.040625 0.05078125
0 0.54375 0.2177734375 0.040625 0.048828125
0 0.49375 0.373046875 0.040625 0.046875
0 0.4515625 0.3701171875 0.040625 0.048828125
0 0.66171875 0.4931640625 0.0390625 0.048828125
0 0.709375 0.390625 0.0375 0.046875
0 0.7125 0.333984375 0.040625 0.05078125
0 0.5828125 0.3291015625 0.0375 0.048828125
0 0.746875 0.5029296875 0.040625 0.048828125
0 0.7453125 0.5546875 0.040625 0.05078125
0 0.36875 0.255859375 0.040625 0.05078125
0 0.5796875 0.3818359375 0.040625 0.048828125
0 0.7046875 0.498046875 0.040625 0.05078125
0 0.7546875 0.341796875 0.040625 0.05078125
0 0.61875 0.490234375 0.040625 0.046875
0 0.71796875 0.177734375 0.0390625 0.05078125
0 0.4125 0.259765625 0.040625 0.046875
0 0.45625 0.26171875 0.0375 0.046875
0 0.496875 0.3203125 0.040625 0.05078125
0 0.6296875 0.22265625 0.040625 0.05078125
0 0.53671875 0.376953125 0.0390625 0.05078125
0 0.7140625 0.2841796875 0.040625 0.048828125
0 0.63359375 0.1689453125 0.0390625 0.048828125
0 0.75625 0.2890625 0.040625 0.05078125
0 0.5765625 0.4873046875 0.040625 0.048828125
0 0.6203125 0.4365234375 0.040625 0.048828125
0 0.54375 0.2724609375 0.040625 0.048828125
0 0.496875 0.267578125 0.040625 0.05078125
0 0.4046875 0.4716796875 0.040625 0.048828125
0 0.79609375 0.3955078125 0.0421875 0.048828125
0 0.715625 0.232421875 0.040625 0.05078125
0 0.5015625 0.2109375 0.040625 0.05078125
0 0.53125 0.4833984375 0.040625 0.048828125
0 0.8 0.2890625 0.040625 0.05078125
0 0.4546875 0.31640625 0.040625 0.046875
0 0.66328125 0.44140625 0.0390625 0.05078125
0 0.44921875 0.421875 0.0390625 0.05078125
0 0.62578125 0.33203125 0.0390625 0.05078125
0 0.70078125 0.552734375 0.0390625 0.05078125
0 0.5765625 0.43359375 0.040625 0.05078125
0 0.621875 0.3837890625 0.040625 0.048828125
0 0.79296875 0.44921875 0.0390625 0.046875
0 0.41484375 0.205078125 0.0390625 0.046875
0 0.4078125 0.365234375 0.0375 0.05078125
0 0.446875 0.474609375 0.040625 0.05078125
0 0.65859375 0.544921875 0.0390625 0.05078125
0 0.4859375 0.533203125 0.040625 0.05078125
0 0.546875 0.162109375 0.040625 0.046875
0 0.796875 0.341796875 0.040625 0.05078125
0 0.665625 0.388671875 0.040625 0.05078125
0 0.49140625 0.4287109375 0.0390625 0.048828125
0 0.3625 0.4169921875 0.040625 0.048828125
0 0.7890625 0.5029296875 0.040625 0.048828125
0 0.58359375 0.275390625 0.0390625 0.05078125
0 0.3640625 0.361328125 0.0375 0.046875
0 0.7578125 0.234375 0.040625 0.05078125
0 0.40703125 0.419921875 0.0390625 0.05078125
0 0.5890625 0.166015625 0.040625 0.05078125
0 0.5390625 0.3251953125 0.040625 0.048828125
0 0.67578125 0.17578125 0.0390625 0.05078125
0 0.7484375 0.447265625 0.040625 0.046875
0 0.4453125 0.529296875 0.040625 0.046875
0 0.78828125 0.5546875 0.0390625 0.05078125
0 0.61640625 0.54296875 0.0390625 0.05078125
0 0.571875 0.5361328125 0.040625 0.048828125
0 0.5296875 0.5380859375 0.040625 0.048828125
0 0.8015625 0.236328125 0.0375 0.046875
0 0.37265625 0.203125 0.0390625 0.046875
0 0.3671875 0.30859375 0.040625 0.05078125
0 0.3609375 0.4697265625 0.040625 0.048828125
0 0.8078125 0.1806640625 0.04375 0.048828125
0 0.503125 0.1611328125 0.040625 0.048828125
0 0.4609375 0.1591796875 0.040625 0.048828125
0 0.4015625 0.5263671875 0.040625 0.048828125
0 0.41875 0.1494140625 0.040625 0.048828125
0 0.3609375 0.5263671875 0.040625 0.048828125
0 0.37578125 0.1474609375 0.0390625 0.048828125
