0 0.28203125 0.2919921875 0.0390625 0.048828125
0 0.35546875 0.5029296875 0.0390625 0.048828125
0 0.39140625 0.4326171875 0.0390625 0.048828125
0 0.38984375 0.2548828125 0.0390625 0.048828125
0 0.56640625 0.4287109375 0.0390625 0.048828125
0 0.60546875 0.1767578125 0.0390625 0.048828125
0 0.56953125 0.2509765625 0.0390625 0.048828125
0 0.63984375 0.2841796875 0.0390625 0.048828125
0 0.35546875 0.3271484375 0.0390625 0.048828125
0 0.21484375 0.4365234375 0.0390625 0.048828125
0 0.23203125 0.4892578125 0.0390625 0.048828125
0 0.49765625 0.3955078125 0.0390625 0.048828125
0 0.14140625 0.4013671875 0.0390625 0.048828125
0 0.30390625 0.5224609375 0.0390625 0.048828125
0 0.24921875 0.3642578125 0.0390625 0.048828125
0 0.53359375 0.4990234375 0.0390625 0.048828125
0 0.65703125 0.3388671875 0.0390625 0.048828125
0 0.70703125 0.4951171875 0.0390625 0.048828125
0 0.32109375 0.3994140625 0.0390625 0.048828125
0 0.21953125 0.6123046875 0.0390625 0.048828125
0 0.25078125 0.5400390625 0.0390625 0.048828125
0 0.17578125 0.3291015625 0.0390625 0.048828125
0 0.28515625 0.4697265625 0.0390625 0.048828125
0 0.74296875 0.4248046875 0.0390625 0.048828125
0 0.17890625 0.5068359375 0.0390625 0.048828125
0 0.53203125 0.3232421875 0.0390625 0.048828125
0 0.56484375 0.6025390625 0.0390625 0.048828125
0 0.76015625 0.4814453125 0.0390625 0.048828125
0 0.47890625 0.5185546875 0.0390625 0.048828125
0 0.68984375 0.4443359375 0.0390625 0.048828125
0 0.66953125 0.5654296875 0.0390625 0.048828125
0 0.58515625 0.4814453125 0.0390625 0.048828125
0 0.42578125 0.3623046875 0.0390625 0.048828125
0 0.27109375 0.5927734375 0.0390625 0.048828125
0 0.58671875 0.3037109375 0.0390625 0.048828125
0 0.39296875 0.6064453125 0.0390625 0.048828125
0 0.62109375 0.4111328125 0.0390625 0.048828125
0 0.32265625 0.5751953125 0.0390625 0.048828125
0 0.60390625 0.3583984375 0.0390625 0.048828125
0 0.51640625 0.2705078125 0.0390625 0.048828125
0 0.72734375 0.3720703125 0.0390625 0.048828125
0 0.49765625 0.2158203125 0.0390625 0.048828125
0 0.51484375 0.4482421875 0.0390625 0.048828125
0 0.77578125 0.5283203125 0.0390625 0.048828125
0 0.72265625 0.5478515625 0.0390625 0.048828125
0 0.65390625 0.5146484375 0.0390625 0.048828125
0 0.63671875 0.4619140625 0.0390625 0.048828125
0 0.67421875 0.3916015625 0.0390625 0.048828125
0 0.71171875 0.3193359375 0.0390625 0.048828125
0 0.69453125 0.2646484375 0.0390625 0.048828125
0 0.67890625 0.2119140625 0.0390625 0.048828125
0 0.66015625 0.1552734375 0.0390625 0.048828125
0 0.62421875 0.2314453125 0.0390625 0.048828125
0 0.55234375 0.1962890625 0.0390625 0.048828125
0 0.61640625 0.5830078125 0.0390625 0.048828125
0 0.60078125 0.5322265625 0.0390625 0.048828125
0 0.54921875 0.3759765625 0.0390625 0.048828125
0 0.44453125 0.2353515625 0.0390625 0.048828125
0 0.46171875 0.2900390625 0.0390625 0.048828125
0 0.48046875 0.3427734375 0.0390625 0.048828125
0 0.54921875 0.5517578125 0.0390625 0.048828125
0 0.51328125 0.6201171875 0.0390625 0.048828125
0 0.49609375 0.5693359375 0.0390625 0.048828125
0 0.46171875 0.4658203125 0.0390625 0.048828125
0 0.44453125 0.4150390625 0.0390625 0.048828125
0 0.40859375 0.3076171875 0.0390625 0.048828125
0 0.33671875 0.2724609375 0.0390625 0.048828125
0 0.46171875 0.6376953125 0.0390625 0.048828125
0 0.44453125 0.5888671875 0.0390625 0.048828125
0 0.42734375 0.5361328125 0.0390625 0.048828125
0 0.40859375 0.4853515625 0.0390625 0.048828125
0 0.37265625 0.3798828125 0.0390625 0.048828125
0 0.41015625 0.6572265625 0.0390625 0.048828125
0 0.37421875 0.5556640625 0.0390625 0.048828125
0 0.35703125 0.6748046875 0.0390625 0.048828125
0 0.33984375 0.6240234375 0.0390625 0.048828125
0 0.33828125 0.4521484375 0.0390625 0.048828125
0 0.30234375 0.3466796875 0.0390625 0.048828125
0 0.22890625 0.3115234375 0.0390625 0.048828125
0 0.26796875 0.4189453125 0.0390625 0.048828125
0 0.30546875 0.6923828125 0.0390625 0.048828125
0 0.28984375 0.6455078125 0.0390625 0.048828125
0 0.19453125 0.3837890625 0.0390625 0.048828125
0 0.12265625 0.3486328125 0.0390625 0.048828125
0 0.16015625 0.4580078125 0.0390625 0.048828125
0 0.19921875 0.5615234375 0.0390625 0.048828125
0 0.23515625 0.6630859375 0.0390625 0.048828125
0 0.25390625 0.7109375 0.0390625 0.04296875
