0 0.51875 0.763671875 0.040625 0.05078125
0 0.5671875 0.3779296875 0.040625 0.048828125
0 0.66640625 0.5693359375 0.0390625 0.048828125
0 0.6078125 0.587890625 0.040625 0.05078125
0 0.6390625 0.4306640625 0.040625 0.048828125
0 0.48359375 0.251953125 0.0390625 0.05078125
0 0.5484375 0.6025390625 0.040625 0.048828125
0 0.5546875 0.3056640625 0.040625 0.048828125
0 0.396875 0.427734375 0.040625 0.05078125
0 0.69609375 0.412109375 0.0390625 0.05078125
0 0.44765625 0.7060546875 0.0390625 0.048828125
0 0.30625 0.6005859375 0.040625 0.048828125
0 0.35078125 0.5126953125 0.0390625 0.048828125
0 0.6203125 0.6572265625 0.040625 0.048828125
0 0.37578125 0.6552734375 0.0390625 0.048828125
0 0.47890625 0.5498046875 0.0390625 0.048828125
0 0.46015625 0.7822265625 0.0390625 0.048828125
0 0.578125 0.2626953125 0.040625 0.048828125
0 0.4390625 0.33984375 0.040625 0.05078125
0 0.453125 0.4091796875 0.0375 0.048828125
0 0.5234375 0.462890625 0.040625 0.046875
0 0.4984375 0.32421875 0.040625 0.05078125
0 0.58203125 0.4462890625 0.0390625 0.048828125
0 0.409375 0.4970703125 0.040625 0.048828125
0 0.46640625 0.4794921875 0.0390625 0.048828125
0 0.63046875 0.5439453125 0.0390625 0.048828125
0 0.6265625 0.3603515625 0.040625 0.048828125
0 0.6515625 0.5 0.040625 0.05078125
0 0.71875 0.3681640625 0.040625 0.048828125
0 0.57578125 0.7451171875 0.0390625 0.048828125
0 0.5109375 0.3935546875 0.040625 0.048828125
0 0.6125 0.2880859375 0.0375 0.048828125
0 0.43515625 0.6396484375 0.0390625 0.048828125
0 0.35390625 0.6982421875 0.0390625 0.048828125
0 0.4921875 0.6220703125 0.040625 0.048828125
0 0.5421875 0.236328125 0.040625 0.05078125
0 0.70859375 0.4814453125 0.0390625 0.048828125
0 0.31875 0.6708984375 0.040625 0.048828125
0 0.5609375 0.67578125 0.040625 0.05078125
0 0.5359375 0.5341796875 0.040625 0.048828125
0 0.5953125 0.515625 0.040625 0.05078125
0 0.41796875 0.3837890625 0.0390625 0.048828125
0 0.49609375 0.8076171875 0.0390625 0.048828125
0 0.7546875 0.3935546875 0.040625 0.048828125
0 0.559375 0.4892578125 0.040625 0.048828125
0 0.590625 0.33203125 0.040625 0.05078125
0 0.50625 0.6904296875 0.040625 0.048828125
0 0.540625 0.7177734375 0.040625 0.048828125
0 0.50625 0.2080078125 0.040625 0.048828125
0 0.51875 0.2802734375 0.040625 0.048828125
0 0.32734375 0.5576171875 0.0390625 0.048828125
0 0.73203125 0.4404296875 0.0390625 0.048828125
0 0.421875 0.5673828125 0.040625 0.048828125
0 0.64765625 0.31640625 0.0390625 0.05078125
0 0.53359375 0.3505859375 0.0390625 0.048828125
0 0.4453125 0.5224609375 0.040625 0.048828125
0 0.4875 0.4345703125 0.040625 0.048828125
0 0.52734375 0.6474609375 0.0390625 0.048828125
0 0.4578125 0.595703125 0.040625 0.05078125
0 0.36328125 0.5849609375 0.0390625 0.048828125
0 0.615625 0.4716796875 0.040625 0.048828125
0 0.43046875 0.4541015625 0.0390625 0.048828125
0 0.3890625 0.7255859375 0.040625 0.048828125
0 0.64375 0.6142578125 0.040625 0.048828125
0 0.340625 0.6298828125 0.040625 0.048828125
0 0.55390625 0.7900390625 0.0390625 0.048828125
0 0.38671875 0.5419921875 0.0390625 0.048828125
0 0.66015625 0.3857421875 0.0390625 0.048828125
0 0.39921875 0.6103515625 0.0390625 0.048828125
0 0.4703125 0.6650390625 0.040625 0.048828125
0 0.68125 0.3427734375 0.040625 0.048828125
0 0.571875 0.5595703125 0.040625 0.048828125
0 0.53203125 0.833984375 0.0390625 0.046875
0 0.603125 0.404296875 0.040625 0.05078125
0 0.5 0.5048828125 0.040625 0.048828125
0 0.6875 0.5263671875 0.040625 0.048828125
0 0.6734375 0.4560546875 0.0375 0.048828125
0 0.475 0.3681640625 0.040625 0.048828125
0 0.596875 0.7021484375 0.040625 0.048828125
0 0.48359375 0.7353515625 0.0390625 0.048828125
0 0.51484375 0.5771484375 0.0390625 0.048828125
0 0.42421875 0.7529296875 0.0390625 0.048828125
0 0.546875 0.419921875 0.040625 0.05078125
0 0.41171875 0.6806640625 0.0390625 0.048828125
0 0.28359375 0.6455078125 0.0390625 0.048828125
0 0.584375 0.6318359375 0.040625 0.048828125
0 0.3734375 0.4697265625 0.040625 0.048828125
0 0.4625 0.2958984375 0.040625 0.048828125
