0 0.7 0.3623046875 0.040625 0.064453125
0 0.60546875 0.4794921875 0.0390625 0.064453125
0 0.675 0.1611328125 0.040625 0.064453125
0 0.5484375 0.6689453125 0.040625 0.060546875
0 0.74609375 0.3056640625 0.0421875 0.064453125
0 0.465625 0.125 0.040625 0.0625
0 0.7578125 0.173828125 0.040625 0.0625
0 0.50234375 0.73046875 0.0390625 0.0625
0 0.61640625 0.349609375 0.0390625 0.0625
0 0.71015625 0.232421875 0.0390625 0.0625
0 0.68984375 0.4931640625 0.0390625 0.060546875
0 0.63046875 0.6826171875 0.0390625 0.064453125
0 0.53828125 0.80078125 0.0390625 0.0625
0 0.71328125 0.693359375 0.0390625 0.0625
0 0.4765625 0.52734375 0.040625 0.0625
0 0.73515625 0.435546875 0.0390625 0.0625
0 0.50859375 0.1337890625 0.0390625 0.060546875
0 0.51171875 0.599609375 0.0390625 0.06640625
0 0.45546875 0.2587890625 0.0421875 0.064453125
0 0.64140625 0.5517578125 0.0421875 0.060546875
0 0.5859375 0.2138671875 0.040625 0.060546875
0 0.56953125 0.4072265625 0.0390625 0.060546875
0 0.55859375 0.5400390625 0.0421875 0.060546875
0 0.49140625 0.3310546875 0.0421875 0.060546875
0 0.66328125 0.291015625 0.0421875 0.0625
0 0.57421875 0.3447265625 0.0421875 0.064453125
0 0.54453125 0.205078125 0.0421875 0.0625
0 0.465625 0.6572265625 0.040625 0.064453125
0 0.54375 0.736328125 0.040625 0.0625
0 0.6109375 0.4169921875 0.040625 0.060546875
0 0.5171875 0.533203125 0.040625 0.0625
0 0.521875 0.46875 0.040625 0.0625
0 0.66953125 0.2255859375 0.0421875 0.064453125
0 0.6328125 0.15234375 0.040625 0.0625
0 0.6515625 0.4208984375 0.040625 0.064453125
0 0.72421875 0.564453125 0.0421875 0.0625
0 0.63671875 0.619140625 0.0390625 0.0625
0 0.62734375 0.21875 0.0421875 0.06640625
0 0.5890625 0.677734375 0.040625 0.0625
0 0.4609375 0.1923828125 0.040625 0.060546875
0 0.64609375 0.4873046875 0.0390625 0.060546875
0 0.42890625 0.5859375 0.0390625 0.0625
0 0.65859375 0.3583984375 0.0390625 0.060546875
0 0.6 0.5458984375 0.040625 0.060546875
0 0.5328125 0.3388671875 0.040625 0.064453125
0 0.48671875 0.3974609375 0.0390625 0.064453125
0 0.6625 0.8193359375 0.040625 0.060546875
0 0.6671875 0.7548828125 0.040625 0.060546875
0 0.50703125 0.6650390625 0.0421875 0.064453125
0 0.5953125 0.6103515625 0.040625 0.060546875
0 0.69453125 0.4267578125 0.0421875 0.064453125
0 0.54921875 0.1396484375 0.0390625 0.064453125
0 0.45390625 0.7880859375 0.0421875 0.060546875
0 0.49609375 0.2666015625 0.0390625 0.060546875
0 0.48125 0.4619140625 0.040625 0.064453125
0 0.59140625 0.146484375 0.0390625 0.0625
0 0.7046875 0.296875 0.040625 0.0625
0 0.71875 0.6298828125 0.040625 0.064453125
0 0.67265625 0.6884765625 0.0390625 0.064453125
0 0.584375 0.7421875 0.040625 0.0625
0 0.58125 0.2783203125 0.040625 0.060546875
0 0.43984375 0.4560546875 0.0421875 0.064453125
0 0.4234375 0.6533203125 0.040625 0.060546875
0 0.62578125 0.7490234375 0.0421875 0.060546875
0 0.73046875 0.5009765625 0.0421875 0.064453125
0 0.45 0.3251953125 0.040625 0.060546875
0 0.57734375 0.8076171875 0.0390625 0.064453125
0 0.50234375 0.2001953125 0.0390625 0.064453125
0 0.4171875 0.7158203125 0.040625 0.064453125
0 0.55390625 0.6064453125 0.0390625 0.064453125
0 0.753125 0.23828125 0.040625 0.0625
0 0.6828125 0.5576171875 0.040625 0.060546875
0 0.56328125 0.4755859375 0.0390625 0.060546875
0 0.678125 0.6240234375 0.040625 0.064453125
0 0.528125 0.4033203125 0.040625 0.064453125
0 0.53828125 0.2724609375 0.0390625 0.060546875
0 0.4953125 0.794921875 0.040625 0.0625
0 0.45859375 0.7216796875 0.0390625 0.064453125
0 0.71640625 0.1669921875 0.0421875 0.064453125
0 0.44453125 0.3896484375 0.0390625 0.060546875
0 0.43515625 0.521484375 0.0390625 0.0625
0 0.74140625 0.3701171875 0.0390625 0.064453125
0 0.62109375 0.8134765625 0.0390625 0.060546875
0 0.70234375 0.8251953125 0.0390625 0.060546875
0 0.70859375 0.7607421875 0.0421875 0.060546875
0 0.62265625 0.28515625 0.0390625 0.0625
0 0.47109375 0.591796875 0.0390625 0.0625
0 0.4125 0.7822265625 0.040625 0.060546875
