0 0.47734375 0.5537109375 0.0390625 0.048828125
0 0.35859375 0.6748046875 0.0390625 0.048828125
0 0.67734375 0.6181640625 0.0390625 0.048828125
0 0.53046875 0.5556640625 0.0390625 0.048828125
0 0.60390625 0.3720703125 0.0390625 0.048828125
0 0.57421875 0.6162109375 0.0390625 0.048828125
0 0.64765625 0.4345703125 0.0390625 0.048828125
0 0.41796875 0.6142578125 0.0390625 0.048828125
0 0.56796875 0.6767578125 0.0390625 0.048828125
0 0.43046875 0.4931640625 0.0390625 0.048828125
0 0.45078125 0.3056640625 0.0390625 0.048828125
0 0.40390625 0.2412109375 0.0390625 0.048828125
0 0.46484375 0.6748046875 0.0390625 0.048828125
0 0.45703125 0.2431640625 0.0390625 0.048828125
0 0.25234375 0.6728515625 0.0390625 0.048828125
0 0.49765625 0.3701171875 0.0390625 0.048828125
0 0.37109375 0.5517578125 0.0390625 0.048828125
0 0.52265625 0.6162109375 0.0390625 0.048828125
0 0.42421875 0.5537109375 0.0390625 0.048828125
0 0.49140625 0.4326171875 0.0390625 0.048828125
0 0.44453125 0.3681640625 0.0390625 0.048828125
0 0.53671875 0.4951171875 0.0390625 0.048828125
0 0.50390625 0.3076171875 0.0390625 0.048828125
0 0.58203125 0.5556640625 0.0390625 0.048828125
0 0.58828125 0.4951171875 0.0390625 0.048828125
0 0.61796875 0.2470703125 0.0390625 0.048828125
0 0.62734375 0.6162109375 0.0390625 0.048828125
0 0.51171875 0.2451171875 0.0390625 0.048828125
0 0.39765625 0.3037109375 0.0390625 0.048828125
0 0.43828125 0.4306640625 0.0390625 0.048828125
0 0.36484375 0.6142578125 0.0390625 0.048828125
0 0.47109375 0.6142578125 0.0390625 0.048828125
0 0.56484375 0.2451171875 0.0390625 0.048828125
0 0.31171875 0.6123046875 0.0390625 0.048828125
0 0.55703125 0.3095703125 0.0390625 0.048828125
0 0.20546875 0.6123046875 0.0390625 0.048828125
0 0.61953125 0.6767578125 0.0390625 0.048828125
0 0.69296875 0.4970703125 0.0390625 0.048828125
0 0.54296875 0.4326171875 0.0390625 0.048828125
0 0.68515625 0.5576171875 0.0390625 0.048828125
0 0.38359375 0.4287109375 0.0390625 0.048828125
0 0.63984375 0.4951171875 0.0390625 0.048828125
0 0.37890625 0.4912109375 0.0390625 0.048828125
0 0.69921875 0.4365234375 0.0390625 0.048828125
0 0.33046875 0.4287109375 0.0390625 0.048828125
0 0.55078125 0.3701171875 0.0390625 0.048828125
0 0.51640625 0.6767578125 0.0390625 0.048828125
0 0.34921875 0.2392578125 0.0390625 0.048828125
0 0.59609375 0.4345703125 0.0390625 0.048828125
0 0.66328125 0.3115234375 0.0390625 0.048828125
0 0.31796875 0.5517578125 0.0390625 0.048828125
0 0.41171875 0.6748046875 0.0390625 0.048828125
0 0.32578125 0.4892578125 0.0390625 0.048828125
0 0.63359375 0.5576171875 0.0390625 0.048828125
0 0.70703125 0.3740234375 0.0390625 0.048828125
0 0.26484375 0.5498046875 0.0390625 0.048828125
0 0.30546875 0.6728515625 0.0390625 0.048828125
0 0.29453125 0.2373046875 0.0390625 0.048828125
0 0.39140625 0.3662109375 0.0390625 0.048828125
0 0.67109375 0.6767578125 0.0390625 0.048828125
0 0.33671875 0.3662109375 0.0390625 0.048828125
0 0.66953125 0.2490234375 0.0390625 0.048828125
0 0.61015625 0.3095703125 0.0390625 0.048828125
0 0.25859375 0.6123046875 0.0390625 0.048828125
0 0.73046875 0.6181640625 0.0390625 0.048828125
0 0.65546875 0.3740234375 0.0390625 0.048828125
0 0.48515625 0.4931640625 0.0390625 0.048828125
0 0.28828125 0.2998046875 0.0390625 0.048828125
0 0.71484375 0.3115234375 0.0390625 0.048828125
0 0.72265625 0.2490234375 0.0390625 0.048828125
0 0.27734375 0.4267578125 0.0390625 0.048828125
0 0.73671875 0.5576171875 0.0390625 0.048828125
0 0.22890625 0.3623046875 0.0390625 0.048828125
0 0.34296875 0.3017578125 0.0390625 0.048828125
0 0.23984375 0.2353515625 0.0390625 0.048828125
0 0.74453125 0.4970703125 0.0390625 0.048828125
0 0.75234375 0.4365234375 0.0390625 0.048828125
0 0.28359375 0.3642578125 0.0390625 0.048828125
0 0.27109375 0.4892578125 0.0390625 0.048828125
0 0.19921875 0.6728515625 0.0390625 0.048828125
0 0.76640625 0.3134765625 0.0390625 0.048828125
0 0.77578125 0.2509765625 0.0390625 0.048828125
0 0.75859375 0.3759765625 0.0390625 0.048828125
0 0.21640625 0.4873046875 0.0390625 0.048828125
0 0.22265625 0.4248046875 0.0390625 0.048828125
0 0.21015625 0.5498046875 0.0390625 0.048828125
0 0.23359375 0.2998046875 0.0390625 0.048828125
0 0.72265625 0.6787109375 0.0390625 0.048828125
