0 0.44453125 0.6142578125 0.0421875 0.048828125
0 0.40859375 0.673828125 0.0390625 0.05078125
0 0.36015625 0.5234375 0.0390625 0.05078125
0 0.52265625 0.603515625 0.0421875 0.05078125
0 0.27890625 0.5341796875 0.0390625 0.048828125
0 0.4015625 0.56640625 0.040625 0.05078125
0 0.48515625 0.609375 0.0390625 0.046875
0 0.4734375 0.4501953125 0.040625 0.048828125
0 0.5125 0.4482421875 0.040625 0.048828125
0 0.48125 0.5556640625 0.040625 0.048828125
0 0.4484375 0.6669921875 0.040625 0.048828125
0 0.20546875 0.6513671875 0.0390625 0.048828125
0 0.43828125 0.509765625 0.0390625 0.05078125
0 0.24140625 0.59375 0.0421875 0.05078125
0 0.23515625 0.486328125 0.0390625 0.046875
0 0.321875 0.58203125 0.040625 0.05078125
0 0.315625 0.474609375 0.040625 0.05078125
0 0.39765625 0.513671875 0.0421875 0.05078125
0 0.51953125 0.552734375 0.0390625 0.05078125
0 0.35078125 0.4140625 0.0421875 0.046875
0 0.275 0.4814453125 0.040625 0.048828125
0 0.27109375 0.4287109375 0.0390625 0.048828125
0 0.51796875 0.5 0.0390625 0.05078125
0 0.48828125 0.66015625 0.0390625 0.05078125
0 0.434375 0.45703125 0.040625 0.05078125
0 0.478125 0.5029296875 0.040625 0.048828125
0 0.40703125 0.619140625 0.0390625 0.05078125
0 0.3546875 0.4697265625 0.040625 0.048828125
0 0.3625 0.5732421875 0.040625 0.048828125
0 0.50546875 0.341796875 0.0390625 0.046875
0 0.2296875 0.4306640625 0.040625 0.048828125
0 0.43125 0.40234375 0.040625 0.05078125
0 0.28515625 0.640625 0.0390625 0.046875
0 0.5484375 0.388671875 0.040625 0.05078125
0 0.3953125 0.462890625 0.040625 0.05078125
0 0.19140625 0.4921875 0.0390625 0.05078125
0 0.509375 0.3935546875 0.040625 0.048828125
0 0.3171875 0.529296875 0.040625 0.05078125
0 0.32578125 0.6357421875 0.0390625 0.048828125
0 0.55546875 0.4921875 0.0390625 0.05078125
0 0.18984375 0.4375 0.0390625 0.05078125
0 0.37265625 0.734375 0.0390625 0.046875
0 0.2 0.599609375 0.040625 0.046875
0 0.3078125 0.3662109375 0.040625 0.048828125
0 0.56171875 0.5966796875 0.0421875 0.048828125
0 0.3640625 0.6279296875 0.040625 0.048828125
0 0.23828125 0.541015625 0.0390625 0.05078125
0 0.39140625 0.41015625 0.0390625 0.05078125
0 0.3703125 0.6787109375 0.040625 0.048828125
0 0.14375 0.38671875 0.040625 0.05078125
0 0.196875 0.544921875 0.040625 0.05078125
0 0.28203125 0.5869140625 0.0390625 0.048828125
0 0.54609375 0.3359375 0.0421875 0.05078125
0 0.5265625 0.65625 0.040625 0.05078125
0 0.32890625 0.6875 0.0390625 0.05078125
0 0.55234375 0.443359375 0.0390625 0.05078125
0 0.25078125 0.697265625 0.0390625 0.05078125
0 0.2453125 0.646484375 0.040625 0.05078125
0 0.47109375 0.3994140625 0.0390625 0.048828125
0 0.44140625 0.5625 0.0390625 0.05078125
0 0.46796875 0.3466796875 0.0421875 0.048828125
0 0.16171875 0.658203125 0.0390625 0.05078125
0 0.4109375 0.7265625 0.040625 0.05078125
0 0.18359375 0.380859375 0.0390625 0.05078125
0 0.5578125 0.544921875 0.040625 0.05078125
0 0.153125 0.548828125 0.040625 0.046875
0 0.52890625 0.7099609375 0.0390625 0.048828125
0 0.25078125 0.751953125 0.0390625 0.05078125
0 0.31015625 0.4248046875 0.0390625 0.048828125
0 0.28828125 0.693359375 0.0421875 0.046875
0 0.1515625 0.494140625 0.040625 0.05078125
0 0.14609375 0.4423828125 0.0390625 0.048828125
0 0.3328125 0.73828125 0.040625 0.05078125
0 0.4265625 0.3525390625 0.040625 0.048828125
0 0.26796875 0.369140625 0.0390625 0.05078125
0 0.22734375 0.3779296875 0.0390625 0.048828125
0 0.2140625 0.7578125 0.040625 0.05078125
0 0.3875 0.357421875 0.040625 0.05078125
0 0.56484375 0.654296875 0.0390625 0.05078125
0 0.15859375 0.6044921875 0.0390625 0.048828125
0 0.29296875 0.744140625 0.0390625 0.046875
0 0.56953125 0.7001953125 0.0421875 0.048828125
0 0.4890625 0.7158203125 0.040625 0.048828125
0 0.45078125 0.720703125 0.0390625 0.05078125
0 0.2078125 0.705078125 0.040625 0.05078125
0 0.1671875 0.7080078125 0.040625 0.048828125
0 0.17265625 0.763671875 0.0390625 0.046875
0 0.34765625 0.3603515625 0.0390625 0.048828125
