0 0.4546875 0.638671875 0.05625 0.0546875
0 0.525 0.5390625 0.05625 0.0546875
0 0.50625 0.8837890625 0.05625 0.052734375
0 0.475 0.2890625 0.05625 0.0546875
0 0.540625 0.62109375 0.05625 0.0546875
0 0.36875 0.654296875 0.05625 0.0546875
0 0.471875 0.71875 0.05625 0.0546875
0 0.31640625 0.623046875 0.0578125 0.0546875
0 0.5578125 0.701171875 0.05625 0.0546875
0 0.6484375 0.251953125 0.05625 0.0546875
0 0.35 0.5712890625 0.05625 0.052734375
0 0.5609375 0.271484375 0.05625 0.0546875
0 0.57421875 0.783203125 0.0578125 0.0546875
0 0.3859375 0.736328125 0.05625 0.0546875
0 0.578125 0.3544921875 0.05625 0.052734375
0 0.3859375 0.521484375 0.05625 0.0546875
0 0.5453125 0.1875 0.05625 0.0546875
0 0.8203125 0.4375 0.05625 0.0546875
0 0.48828125 0.80078125 0.0578125 0.0546875
0 0.24609375 0.720703125 0.0578125 0.0546875
0 0.490625 0.37109375 0.05625 0.0546875
0 0.76875 0.40234375 0.05625 0.0546875
0 0.2640625 0.587890625 0.05625 0.0546875
0 0.70078125 0.287109375 0.0578125 0.0546875
0 0.334375 0.48828125 0.05625 0.0546875
0 0.75078125 0.537109375 0.0578125 0.0546875
0 0.8046875 0.3515625 0.05625 0.0546875
0 0.4046875 0.388671875 0.05625 0.0546875
0 0.5921875 0.8662109375 0.05625 0.052734375
0 0.8390625 0.51953125 0.05625 0.0546875
0 0.35 0.7861328125 0.05625 0.052734375
0 0.59453125 0.4375 0.0578125 0.0546875
0 0.2828125 0.6708984375 0.05625 0.052734375
0 0.4390625 0.556640625 0.05625 0.0546875
0 0.4203125 0.4716796875 0.05625 0.052734375
0 0.471875 0.505859375 0.05625 0.0546875
0 0.803125 0.568359375 0.05625 0.0546875
0 0.734375 0.4541015625 0.05625 0.052734375
0 0.66484375 0.3369140625 0.0578125 0.052734375
0 0.628125 0.603515625 0.05625 0.0546875
0 0.50859375 0.45703125 0.0578125 0.0546875
0 0.40234375 0.603515625 0.0578125 0.0546875
0 0.6125 0.521484375 0.05625 0.0546875
0 0.909375 0.41796875 0.05625 0.0546875
0 0.490625 0.587890625 0.05625 0.0546875
0 0.2984375 0.75390625 0.05625 0.0546875
0 0.78671875 0.486328125 0.0578125 0.0546875
0 0.45625 0.421875 0.05625 0.0546875
0 0.5578125 0.916015625 0.05625 0.0546875
0 0.64375 0.68359375 0.05625 0.0546875
0 0.6625 0.5537109375 0.05625 0.052734375
0 0.6984375 0.50390625 0.05625 0.0546875
0 0.5765625 0.5712890625 0.05625 0.052734375
0 0.68046875 0.63671875 0.0578125 0.0546875
0 0.7140625 0.5859375 0.05625 0.0546875
0 0.4359375 0.7685546875 0.05625 0.052734375
0 0.334375 0.705078125 0.05625 0.0546875
0 0.540625 0.833984375 0.05625 0.0546875
0 0.2296875 0.638671875 0.05625 0.0546875
0 0.875 0.46875 0.05625 0.0546875
0 0.696875 0.71875 0.05625 0.0546875
0 0.4546875 0.8515625 0.05625 0.0546875
0 0.6265625 0.81640625 0.05625 0.0546875
0 0.6828125 0.419921875 0.05625 0.0546875
0 0.753125 0.3203125 0.05625 0.0546875
0 0.19375 0.6884765625 0.05625 0.052734375
0 0.6109375 0.736328125 0.05625 0.0546875
0 0.36875 0.439453125 0.05625 0.0546875
0 0.596875 0.2197265625 0.05625 0.052734375
0 0.525 0.75390625 0.05625 0.0546875
0 0.59453125 0.654296875 0.0578125 0.0546875
0 0.40234375 0.818359375 0.0578125 0.0546875
0 0.6625 0.7666015625 0.05625 0.052734375
0 0.5609375 0.48828125 0.05625 0.0546875
0 0.71875 0.369140625 0.05625 0.0546875
0 0.5421875 0.404296875 0.05625 0.0546875
0 0.646875 0.4716796875 0.05625 0.052734375
0 0.50625 0.6689453125 0.05625 0.052734375
0 0.2984375 0.5390625 0.05625 0.0546875
0 0.85703125 0.384765625 0.0578125 0.0546875
0 0.5265625 0.322265625 0.05625 0.0546875
0 0.63125 0.38671875 0.05625 0.0546875
0 0.5109375 0.2373046875 0.05625 0.052734375
0 0.4390625 0.33984375 0.05625 0.0546875
0 0.6125 0.3046875 0.05625 0.0546875
0 0.4203125 0.6884765625 0.05625 0.052734375
0 0.76640625 0.619140625 0.0578125 0.0546875
0 0.7328125 0.6689453125 0.05625 0.052734375
