0 0.32265625 0.181640625 0.0390625 0.05078125
0 0.371875 0.2041015625 0.040625 0.048828125
0 0.4234375 0.2265625 0.040625 0.05078125
0 0.475 0.248046875 0.040625 0.05078125
0 0.525 0.2724609375 0.040625 0.052734375
0 0.5765625 0.296875 0.040625 0.05078125
0 0.6265625 0.3212890625 0.040625 0.052734375
0 0.678125 0.3427734375 0.040625 0.052734375
0 0.73046875 0.3671875 0.0421875 0.05078125
0 0.7796875 0.390625 0.040625 0.05078125
0 0.834375 0.412109375 0.040625 0.05078125
0 0.303125 0.232421875 0.040625 0.05078125
0 0.3546875 0.255859375 0.040625 0.05078125
0 0.4046875 0.27734375 0.040625 0.05078125
0 0.45390625 0.302734375 0.0421875 0.05078125
0 0.50625 0.32421875 0.040625 0.05078125
0 0.5578125 0.34765625 0.040625 0.05078125
0 0.60859375 0.373046875 0.0390625 0.05078125
0 0.659375 0.396484375 0.040625 0.05078125
0 0.7109375 0.41796875 0.040625 0.05078125
0 0.7625 0.4423828125 0.040625 0.052734375
0 0.8140625 0.466796875 0.040625 0.05078125
0 0.2828125 0.2861328125 0.040625 0.052734375
0 0.3328125 0.3076171875 0.040625 0.052734375
0 0.384375 0.3291015625 0.040625 0.052734375
0 0.43671875 0.353515625 0.0421875 0.05078125
0 0.4859375 0.3779296875 0.040625 0.052734375
0 0.5359375 0.40234375 0.040625 0.05078125
0 0.58984375 0.423828125 0.0421875 0.05078125
0 0.6390625 0.451171875 0.040625 0.05078125
0 0.69140625 0.47265625 0.0421875 0.05078125
0 0.7453125 0.49609375 0.040625 0.05078125
0 0.7953125 0.5205078125 0.040625 0.052734375
0 0.778125 0.57421875 0.040625 0.05078125
0 0.75859375 0.62890625 0.0421875 0.05078125
0 0.7265625 0.55078125 0.040625 0.05078125
0 0.671875 0.525390625 0.040625 0.05078125
0 0.621875 0.501953125 0.040625 0.05078125
0 0.603125 0.5556640625 0.040625 0.052734375
0 0.26171875 0.337890625 0.0421875 0.05078125
0 0.315625 0.361328125 0.040625 0.05078125
0 0.365625 0.3828125 0.040625 0.05078125
0 0.41484375 0.4072265625 0.0421875 0.052734375
0 0.4671875 0.431640625 0.040625 0.05078125
0 0.51875 0.4560546875 0.040625 0.052734375
0 0.56875 0.4775390625 0.040625 0.052734375
0 0.7046875 0.603515625 0.040625 0.05078125
0 0.6546875 0.580078125 0.040625 0.05078125
0 0.740625 0.685546875 0.040625 0.05078125
0 0.721875 0.73828125 0.040625 0.05078125
0 0.70234375 0.794921875 0.0421875 0.05078125
0 0.6484375 0.7685546875 0.040625 0.052734375
0 0.6671875 0.71484375 0.040625 0.05078125
0 0.6875 0.66015625 0.040625 0.05078125
0 0.63515625 0.63671875 0.0421875 0.05078125
0 0.615625 0.6904296875 0.040625 0.052734375
0 0.596875 0.7470703125 0.040625 0.052734375
0 0.5421875 0.720703125 0.040625 0.05078125
0 0.5640625 0.666015625 0.040625 0.05078125
0 0.58359375 0.609375 0.0421875 0.05078125
0 0.2421875 0.388671875 0.040625 0.05078125
0 0.29375 0.412109375 0.040625 0.05078125
0 0.3453125 0.4375 0.040625 0.05078125
0 0.39765625 0.4599609375 0.0421875 0.048828125
0 0.446875 0.482421875 0.040625 0.05078125
0 0.49921875 0.509765625 0.0421875 0.05078125
0 0.5515625 0.53125 0.040625 0.05078125
0 0.2203125 0.4423828125 0.040625 0.052734375
0 0.275 0.466796875 0.040625 0.05078125
0 0.32421875 0.490234375 0.0421875 0.05078125
0 0.3765625 0.515625 0.040625 0.05078125
0 0.428125 0.537109375 0.040625 0.05078125
0 0.478125 0.560546875 0.040625 0.05078125
0 0.53125 0.587890625 0.040625 0.05078125
0 0.51015625 0.642578125 0.0421875 0.05078125
0 0.490625 0.6953125 0.040625 0.05078125
0 0.4390625 0.671875 0.040625 0.05078125
0 0.46015625 0.6171875 0.0421875 0.05078125
0 0.40859375 0.5908203125 0.0421875 0.052734375
0 0.3890625 0.6474609375 0.040625 0.052734375
0 0.35625 0.568359375 0.040625 0.05078125
0 0.303125 0.544921875 0.040625 0.05078125
0 0.33515625 0.623046875 0.0421875 0.05078125
0 0.2828125 0.5986328125 0.040625 0.052734375
0 0.253125 0.5205078125 0.040625 0.052734375
0 0.23125 0.57421875 0.040625 0.05078125
0 0.2015625 0.49609375 0.040625 0.05078125
0 0.1796875 0.55078125 0.040625 0.05078125
