0 0.32578125 0.5166015625 0.0390625 0.048828125
0 0.23984375 0.7353515625 0.0390625 0.048828125
0 0.25078125 0.3251953125 0.0390625 0.048828125
0 0.21171875 0.4677734375 0.0390625 0.048828125
0 0.45234375 0.7001953125 0.0390625 0.048828125
0 0.62109375 0.2646484375 0.0390625 0.048828125
0 0.53046875 0.4150390625 0.0390625 0.048828125
0 0.17109375 0.6103515625 0.0390625 0.048828125
0 0.47734375 0.4228515625 0.0390625 0.048828125
0 0.19765625 0.3330078125 0.0390625 0.048828125
0 0.61171875 0.6728515625 0.0390625 0.048828125
0 0.34609375 0.7177734375 0.0390625 0.048828125
0 0.68203125 0.3212890625 0.0390625 0.048828125
0 0.25859375 0.3916015625 0.0390625 0.048828125
0 0.49921875 0.6240234375 0.0390625 0.048828125
0 0.41015625 0.2998046875 0.0390625 0.048828125
0 0.28515625 0.6591796875 0.0390625 0.048828125
0 0.40234375 0.2314453125 0.0390625 0.048828125
0 0.23203125 0.6689453125 0.0390625 0.048828125
0 0.15703125 0.4755859375 0.0390625 0.048828125
0 0.18984375 0.2666015625 0.0390625 0.048828125
0 0.55859375 0.6826171875 0.0390625 0.048828125
0 0.66484375 0.6630859375 0.0390625 0.048828125
0 0.61484375 0.1982421875 0.0390625 0.048828125
0 0.27890625 0.5927734375 0.0390625 0.048828125
0 0.22578125 0.6005859375 0.0390625 0.048828125
0 0.29296875 0.7255859375 0.0390625 0.048828125
0 0.54453125 0.5478515625 0.0390625 0.048828125
0 0.31171875 0.3837890625 0.0390625 0.048828125
0 0.39921875 0.7080078125 0.0390625 0.048828125
0 0.37734375 0.5068359375 0.0390625 0.048828125
0 0.43828125 0.5654296875 0.0390625 0.048828125
0 0.60390625 0.6064453125 0.0390625 0.048828125
0 0.46328125 0.2900390625 0.0390625 0.048828125
0 0.17890625 0.6767578125 0.0390625 0.048828125
0 0.43046875 0.4990234375 0.0390625 0.048828125
0 0.20390625 0.3994140625 0.0390625 0.048828125
0 0.42421875 0.4326171875 0.0390625 0.048828125
0 0.59765625 0.5400390625 0.0390625 0.048828125
0 0.39296875 0.6416015625 0.0390625 0.048828125
0 0.56171875 0.2060546875 0.0390625 0.048828125
0 0.31796875 0.4501953125 0.0390625 0.048828125
0 0.36328125 0.3740234375 0.0390625 0.048828125
0 0.34921875 0.2412109375 0.0390625 0.048828125
0 0.46953125 0.3564453125 0.0390625 0.048828125
0 0.48359375 0.4892578125 0.0390625 0.048828125
0 0.30390625 0.3154296875 0.0390625 0.048828125
0 0.68828125 0.3876953125 0.0390625 0.048828125
0 0.35703125 0.3076171875 0.0390625 0.048828125
0 0.38515625 0.5732421875 0.0390625 0.048828125
0 0.16484375 0.5419921875 0.0390625 0.048828125
0 0.69609375 0.4560546875 0.0390625 0.048828125
0 0.33984375 0.6494140625 0.0390625 0.048828125
0 0.24296875 0.2587890625 0.0390625 0.048828125
0 0.64296875 0.4638671875 0.0390625 0.048828125
0 0.57578125 0.3388671875 0.0390625 0.048828125
0 0.53671875 0.4814453125 0.0390625 0.048828125
0 0.51640625 0.2822265625 0.0390625 0.048828125
0 0.49140625 0.5556640625 0.0390625 0.048828125
0 0.29609375 0.2490234375 0.0390625 0.048828125
0 0.33203125 0.5830078125 0.0390625 0.048828125
0 0.63515625 0.3974609375 0.0390625 0.048828125
0 0.45546875 0.2236328125 0.0390625 0.048828125
0 0.64921875 0.5302734375 0.0390625 0.048828125
0 0.15078125 0.4091796875 0.0390625 0.048828125
0 0.71015625 0.5888671875 0.0390625 0.048828125
0 0.50546875 0.6904296875 0.0390625 0.048828125
0 0.62890625 0.3310546875 0.0390625 0.048828125
0 0.18515625 0.7451171875 0.0390625 0.048828125
0 0.58359375 0.4072265625 0.0390625 0.048828125
0 0.27265625 0.5244140625 0.0390625 0.048828125
0 0.26484375 0.4580078125 0.0390625 0.048828125
0 0.58984375 0.4716796875 0.0390625 0.048828125
0 0.41640625 0.3662109375 0.0390625 0.048828125
0 0.52265625 0.3486328125 0.0390625 0.048828125
0 0.37109375 0.4404296875 0.0390625 0.048828125
0 0.66796875 0.1884765625 0.0390625 0.048828125
0 0.67421875 0.2548828125 0.0390625 0.048828125
0 0.14296875 0.3408203125 0.0390625 0.048828125
0 0.21796875 0.5341796875 0.0390625 0.048828125
0 0.44453125 0.6318359375 0.0390625 0.048828125
0 0.55078125 0.6142578125 0.0390625 0.048828125
0 0.56796875 0.2724609375 0.0390625 0.048828125
0 0.50859375 0.2138671875 0.0390625 0.048828125
0 0.13671875 0.2744140625 0.0390625 0.048828125
0 0.65703125 0.5986328125 0.0390625 0.048828125
0 0.70234375 0.5224609375 0.0390625 0.048828125
0 0.71796875 0.6552734375 0.0390625 0.048828125
