0 0.25390625 0.7314453125 0.0390625 0.048828125
0 0.30546875 0.7744140625 0.0390625 0.048828125
0 0.35078125 0.7646484375 0.0390625 0.048828125
0 0.26953125 0.8427734375 0.0390625 0.048828125
0 0.16953125 0.8056640625 0.0390625 0.048828125
0 0.21484375 0.7939453125 0.0390625 0.048828125
0 0.37890625 0.6416015625 0.0390625 0.048828125
0 0.45390625 0.5126953125 0.0390625 0.048828125
0 0.50546875 0.5576171875 0.0390625 0.048828125
0 0.35703125 0.8232421875 0.0390625 0.048828125
0 0.31328125 0.4853515625 0.0390625 0.048828125
0 0.28359375 0.6064453125 0.0390625 0.048828125
0 0.20234375 0.6826171875 0.0390625 0.048828125
0 0.29140625 0.6630859375 0.0390625 0.048828125
0 0.41640625 0.5771484375 0.0390625 0.048828125
0 0.32734375 0.5986328125 0.0390625 0.048828125
0 0.49140625 0.4482421875 0.0390625 0.048828125
0 0.54921875 0.5478515625 0.0390625 0.048828125
0 0.20859375 0.7373046875 0.0390625 0.048828125
0 0.29765625 0.7177734375 0.0390625 0.048828125
0 0.32109375 0.5419921875 0.0390625 0.048828125
0 0.24609375 0.6708984375 0.0390625 0.048828125
0 0.43203125 0.6865234375 0.0390625 0.048828125
0 0.42421875 0.6318359375 0.0390625 0.048828125
0 0.34296875 0.7060546875 0.0390625 0.048828125
0 0.40234375 0.4677734375 0.0390625 0.048828125
0 0.19453125 0.6259765625 0.0390625 0.048828125
0 0.17578125 0.8603515625 0.0390625 0.048828125
0 0.39453125 0.7548828125 0.0390625 0.048828125
0 0.1625 0.7470703125 0.040625 0.048828125
0 0.26171875 0.7822265625 0.0390625 0.048828125
0 0.55703125 0.6044921875 0.0390625 0.048828125
0 0.26953125 0.4951171875 0.0390625 0.048828125
0 0.44609375 0.7978515625 0.0390625 0.048828125
0 0.33515625 0.6513671875 0.0390625 0.048828125
0 0.15078125 0.6357421875 0.0390625 0.048828125
0 0.15703125 0.6904296875 0.0390625 0.048828125
0 0.23046875 0.5595703125 0.0390625 0.048828125
0 0.41015625 0.5205078125 0.0390625 0.048828125
0 0.38671875 0.6982421875 0.0390625 0.048828125
0 0.46953125 0.6220703125 0.0390625 0.048828125
0 0.31328125 0.8330078125 0.0390625 0.048828125
0 0.23828125 0.6181640625 0.0390625 0.048828125
0 0.36484375 0.5302734375 0.0390625 0.048828125
0 0.40234375 0.8115234375 0.0390625 0.048828125
0 0.35703125 0.4775390625 0.0390625 0.048828125
0 0.17890625 0.5166015625 0.0390625 0.048828125
0 0.56484375 0.6572265625 0.0390625 0.048828125
0 0.51328125 0.6103515625 0.0390625 0.048828125
0 0.18671875 0.5732421875 0.0390625 0.048828125
0 0.61953125 0.7021484375 0.0390625 0.048828125
0 0.37109375 0.5869140625 0.0390625 0.048828125
0 0.43984375 0.7431640625 0.0390625 0.048828125
0 0.53515625 0.7802734375 0.0390625 0.048828125
0 0.22265625 0.8505859375 0.0390625 0.048828125
0 0.48359375 0.7353515625 0.0390625 0.048828125
0 0.27578125 0.5517578125 0.0390625 0.048828125
0 0.49140625 0.7900390625 0.0390625 0.048828125
0 0.47734375 0.6767578125 0.0390625 0.048828125
0 0.25859375 0.4423828125 0.0390625 0.048828125
0 0.49765625 0.5029296875 0.0390625 0.048828125
0 0.46171875 0.5673828125 0.0390625 0.048828125
0 0.58046875 0.7685546875 0.0390625 0.048828125
0 0.30703125 0.4306640625 0.0390625 0.048828125
0 0.52109375 0.6689453125 0.0390625 0.048828125
0 0.34921875 0.4228515625 0.0390625 0.048828125
0 0.61015625 0.6494140625 0.0390625 0.048828125
0 0.21640625 0.4501953125 0.0390625 0.048828125
0 0.54296875 0.4931640625 0.0390625 0.048828125
0 0.60234375 0.5947265625 0.0390625 0.048828125
0 0.59453125 0.5419921875 0.0390625 0.048828125
0 0.39453125 0.4130859375 0.0390625 0.048828125
0 0.53046875 0.7255859375 0.0390625 0.048828125
0 0.22578125 0.5087890625 0.0390625 0.048828125
0 0.44609375 0.4560546875 0.0390625 0.048828125
0 0.58671875 0.4833984375 0.0390625 0.048828125
0 0.57421875 0.7138671875 0.0390625 0.048828125
0 0.17265625 0.4619140625 0.0390625 0.048828125
0 0.43671875 0.4013671875 0.0390625 0.048828125
0 0.53359375 0.4365234375 0.0390625 0.048828125
0 0.13984375 0.5830078125 0.0328125 0.048828125
0 0.48046875 0.3916015625 0.0390625 0.048828125
0 0.52734375 0.3818359375 0.0390625 0.048828125
0 0.57265625 0.3759765625 0.0390625 0.048828125
0 0.58203125 0.4306640625 0.0390625 0.048828125
0 0.62421875 0.7607421875 0.0390625 0.048828125
0 0.13359375 0.5263671875 0.0203125 0.048828125
