0 0.39609375 0.5361328125 0.0390625 0.048828125
0 0.31953125 0.4326171875 0.0390625 0.048828125
0 0.16796875 0.5517578125 0.0390625 0.048828125
0 0.45546875 0.4052734375 0.0390625 0.048828125
0 0.40546875 0.4443359375 0.0390625 0.048828125
0 0.47734375 0.5966796875 0.0390625 0.048828125
0 0.21796875 0.5107421875 0.0390625 0.048828125
0 0.52265625 0.6025390625 0.0390625 0.048828125
0 0.35703125 0.4833984375 0.0390625 0.048828125
0 0.23046875 0.4189453125 0.0390625 0.048828125
0 0.27734375 0.4267578125 0.0390625 0.048828125
0 0.30703125 0.5224609375 0.0390625 0.048828125
0 0.49921875 0.4111328125 0.0390625 0.048828125
0 0.18046875 0.4580078125 0.0390625 0.048828125
0 0.34453125 0.5771484375 0.0390625 0.048828125
0 0.17421875 0.5048828125 0.0390625 0.048828125
0 0.28203125 0.3798828125 0.0390625 0.048828125
0 0.43984375 0.5439453125 0.0390625 0.048828125
0 0.44453125 0.4970703125 0.0390625 0.048828125
0 0.53203125 0.5107421875 0.0390625 0.048828125
0 0.36328125 0.4384765625 0.0390625 0.048828125
0 0.31328125 0.4775390625 0.0390625 0.048828125
0 0.36796875 0.3916015625 0.0390625 0.048828125
0 0.48984375 0.5048828125 0.0390625 0.048828125
0 0.58203125 0.4716796875 0.0390625 0.048828125
0 0.41796875 0.3544921875 0.0390625 0.048828125
0 0.48359375 0.5498046875 0.0390625 0.048828125
0 0.43359375 0.5888671875 0.0390625 0.048828125
0 0.42734375 0.6376953125 0.0390625 0.048828125
0 0.35234375 0.5322265625 0.0390625 0.048828125
0 0.40234375 0.4912109375 0.0390625 0.048828125
0 0.49453125 0.4580078125 0.0390625 0.048828125
0 0.54296875 0.4189453125 0.0390625 0.048828125
0 0.20703125 0.6064453125 0.0390625 0.048828125
0 0.32578125 0.3857421875 0.0390625 0.048828125
0 0.25703125 0.5634765625 0.0390625 0.048828125
0 0.37578125 0.3466796875 0.0390625 0.048828125
0 0.24296875 0.3291015625 0.0390625 0.048828125
0 0.29609375 0.6181640625 0.0390625 0.048828125
0 0.26953125 0.4716796875 0.0390625 0.048828125
0 0.21328125 0.5576171875 0.0390625 0.048828125
0 0.38984375 0.5849609375 0.0390625 0.048828125
0 0.22421875 0.4658203125 0.0390625 0.048828125
0 0.18828125 0.4130859375 0.0390625 0.048828125
0 0.38359375 0.6298828125 0.0390625 0.048828125
0 0.29921875 0.5693359375 0.0390625 0.048828125
0 0.50546875 0.3662109375 0.0390625 0.048828125
0 0.26328125 0.5185546875 0.0390625 0.048828125
0 0.59296875 0.3798828125 0.0390625 0.048828125
0 0.33046875 0.3388671875 0.0390625 0.048828125
0 0.28984375 0.3349609375 0.0390625 0.048828125
0 0.33984375 0.6259765625 0.0390625 0.048828125
0 0.45078125 0.4521484375 0.0390625 0.048828125
0 0.56640625 0.6083984375 0.0390625 0.048828125
0 0.41171875 0.3994140625 0.0390625 0.048828125
0 0.57109375 0.5634765625 0.0390625 0.048828125
0 0.47265625 0.6435546875 0.0390625 0.048828125
0 0.19453125 0.3662109375 0.0390625 0.048828125
0 0.29296875 0.2861328125 0.0390625 0.048828125
0 0.23984375 0.3740234375 0.0390625 0.048828125
0 0.52734375 0.5576171875 0.0390625 0.048828125
0 0.54921875 0.3740234375 0.0390625 0.048828125
0 0.51015625 0.3212890625 0.0390625 0.048828125
0 0.57578125 0.5185546875 0.0390625 0.048828125
0 0.53828125 0.4658203125 0.0390625 0.048828125
0 0.14453125 0.4072265625 0.0390625 0.048828125
0 0.16171875 0.6005859375 0.0390625 0.048828125
0 0.46171875 0.3603515625 0.0390625 0.048828125
0 0.51640625 0.6533203125 0.0390625 0.048828125
0 0.20234375 0.3212890625 0.0390625 0.048828125
0 0.16171875 0.2685546875 0.0390625 0.048828125
0 0.15703125 0.3134765625 0.0390625 0.048828125
0 0.15078125 0.3623046875 0.0390625 0.048828125
0 0.20703125 0.2763671875 0.0390625 0.048828125
0 0.24921875 0.2802734375 0.0390625 0.048828125
0 0.33828125 0.2939453125 0.0390625 0.048828125
0 0.38046875 0.2998046875 0.0390625 0.048828125
0 0.42265625 0.3076171875 0.0390625 0.048828125
0 0.46484375 0.3134765625 0.0390625 0.048828125
0 0.55234375 0.3271484375 0.0390625 0.048828125
0 0.59609375 0.3310546875 0.0390625 0.048828125
0 0.58671875 0.4267578125 0.0390625 0.048828125
0 0.56171875 0.6572265625 0.0390625 0.048828125
0 0.13671875 0.4541015625 0.0390625 0.048828125
0 0.12890625 0.4990234375 0.0390625 0.048828125
0 0.12265625 0.5478515625 0.0390625 0.048828125
0 0.11640625 0.5947265625 0.0390625 0.048828125
0 0.25078125 0.6142578125 0.0390625 0.048828125
