0 0.33984375 0.3271484375 0.0390625 0.048828125
0 0.39921875 0.4306640625 0.0390625 0.048828125
0 0.21640625 0.5068359375 0.0390625 0.048828125
0 0.23671875 0.5849609375 0.0390625 0.048828125
0 0.38046875 0.3525390625 0.0390625 0.048828125
0 0.21484375 0.6376953125 0.0390625 0.048828125
0 0.27734375 0.3525390625 0.0390625 0.048828125
0 0.29765625 0.5595703125 0.0390625 0.048828125
0 0.48046875 0.7412109375 0.0390625 0.048828125
0 0.53984375 0.8447265625 0.0390625 0.048828125
0 0.43984375 0.4560546875 0.0390625 0.048828125
0 0.27734375 0.6123046875 0.0390625 0.048828125
0 0.43984375 0.7158203125 0.0390625 0.048828125
0 0.31953125 0.3779296875 0.0390625 0.048828125
0 0.37890625 0.4814453125 0.0390625 0.048828125
0 0.60078125 0.5615234375 0.0390625 0.048828125
0 0.66171875 0.6630859375 0.0390625 0.048828125
0 0.64140625 0.5869140625 0.0390625 0.048828125
0 0.23671875 0.4560546875 0.0390625 0.048828125
0 0.50078125 0.5595703125 0.0390625 0.048828125
0 0.41953125 0.5087890625 0.0390625 0.048828125
0 0.56015625 0.7919921875 0.0390625 0.048828125
0 0.49921875 0.6884765625 0.0390625 0.048828125
0 0.50078125 0.4326171875 0.0390625 0.048828125
0 0.46015625 0.6630859375 0.0390625 0.048828125
0 0.48046875 0.6123046875 0.0390625 0.048828125
0 0.62109375 0.5087890625 0.0390625 0.048828125
0 0.46015625 0.4052734375 0.0390625 0.048828125
0 0.35859375 0.5341796875 0.0390625 0.048828125
0 0.29921875 0.2998046875 0.0390625 0.048828125
0 0.58046875 0.6123046875 0.0390625 0.048828125
0 0.64140625 0.7158203125 0.0390625 0.048828125
0 0.54140625 0.4580078125 0.0390625 0.048828125
0 0.54140625 0.5869140625 0.0390625 0.048828125
0 0.39921875 0.5595703125 0.0390625 0.048828125
0 0.58046875 0.7412109375 0.0390625 0.048828125
0 0.58046875 0.8701171875 0.0390625 0.048828125
0 0.25703125 0.5341796875 0.0390625 0.048828125
0 0.64296875 0.4580078125 0.0390625 0.048828125
0 0.41953125 0.6376953125 0.0390625 0.048828125
0 0.36015625 0.2744140625 0.0390625 0.048828125
0 0.46015625 0.5341796875 0.0390625 0.048828125
0 0.58203125 0.4833984375 0.0390625 0.048828125
0 0.19453125 0.5595703125 0.0390625 0.048828125
0 0.33828125 0.5849609375 0.0390625 0.048828125
0 0.56171875 0.5341796875 0.0390625 0.048828125
0 0.25703125 0.4033203125 0.0390625 0.048828125
0 0.29765625 0.6884765625 0.0390625 0.048828125
0 0.42109375 0.3798828125 0.0390625 0.048828125
0 0.52109375 0.3798828125 0.0390625 0.048828125
0 0.66171875 0.5361328125 0.0390625 0.048828125
0 0.40078125 0.3017578125 0.0390625 0.048828125
0 0.37890625 0.7412109375 0.0390625 0.048828125
0 0.37890625 0.6123046875 0.0390625 0.048828125
0 0.31796875 0.5087890625 0.0390625 0.048828125
0 0.60078125 0.8193359375 0.0390625 0.048828125
0 0.35859375 0.4052734375 0.0390625 0.048828125
0 0.68203125 0.6123046875 0.0390625 0.048828125
0 0.49921875 0.8173828125 0.0390625 0.048828125
0 0.62109375 0.7666015625 0.0390625 0.048828125
0 0.39921875 0.6884765625 0.0390625 0.048828125
0 0.33828125 0.7158203125 0.0390625 0.048828125
0 0.51953125 0.7666015625 0.0390625 0.048828125
0 0.56171875 0.4072265625 0.0390625 0.048828125
0 0.48046875 0.3544921875 0.0390625 0.048828125
0 0.56015625 0.6630859375 0.0390625 0.048828125
0 0.62109375 0.6376953125 0.0390625 0.048828125
0 0.48046875 0.4833984375 0.0390625 0.048828125
0 0.31953125 0.2490234375 0.0390625 0.048828125
0 0.45859375 0.7919921875 0.0390625 0.048828125
0 0.25703125 0.6630859375 0.0390625 0.048828125
0 0.60234375 0.4326171875 0.0390625 0.048828125
0 0.35859375 0.6630859375 0.0390625 0.048828125
0 0.31796875 0.6376953125 0.0390625 0.048828125
0 0.52109375 0.5087890625 0.0390625 0.048828125
0 0.29765625 0.4306640625 0.0390625 0.048828125
0 0.51953125 0.6376953125 0.0390625 0.048828125
0 0.70234375 0.5615234375 0.0390625 0.048828125
0 0.33828125 0.4560546875 0.0390625 0.048828125
0 0.43984375 0.5849609375 0.0390625 0.048828125
0 0.72265625 0.5107421875 0.0390625 0.048828125
0 0.27734375 0.4814453125 0.0390625 0.048828125
0 0.60078125 0.6884765625 0.0390625 0.048828125
0 0.53984375 0.7158203125 0.0390625 0.048828125
0 0.41953125 0.7666015625 0.0390625 0.048828125
0 0.68203125 0.4833984375 0.0390625 0.048828125
0 0.44140625 0.3271484375 0.0390625 0.048828125
0 0.17421875 0.6123046875 0.0390625 0.048828125
