0 0.421875 0.798828125 0.075 0.05859375
0 0.73359375 0.724609375 0.0734375 0.05859375
0 0.425 0.59375 0.075 0.05859375
0 0.71640625 0.255859375 0.0734375 0.05859375
0 0.58515625 0.35546875 0.0734375 0.05859375
0 0.27109375 0.630859375 0.0734375 0.05859375
0 0.50859375 0.373046875 0.0734375 0.05859375
0 0.50546875 0.5751953125 0.0734375 0.056640625
0 0.5109375 0.169921875 0.075 0.05859375
0 0.58828125 0.150390625 0.0734375 0.05859375
0 0.2765625 0.224609375 0.075 0.05859375
0 0.60625 0.619140625 0.075 0.05859375
0 0.4015625 0.533203125 0.075 0.05859375
0 0.61484375 0.212890625 0.0734375 0.05859375
0 0.40703125 0.125 0.0734375 0.05859375
0 0.2 0.244140625 0.075 0.05859375
0 0.70703125 0.6611328125 0.0734375 0.056640625
0 0.11953125 0.26171875 0.0734375 0.05859375
0 0.76015625 0.58203125 0.0734375 0.05859375
0 0.66875 0.1328125 0.075 0.05859375
0 0.27421875 0.4296875 0.0734375 0.05859375
0 0.3984375 0.7353515625 0.075 0.056640625
0 0.37734375 0.4736328125 0.0734375 0.056640625
0 0.64453125 0.0703125 0.0734375 0.05859375
0 0.4546875 0.453125 0.075 0.05859375
0 0.73671875 0.521484375 0.0734375 0.05859375
0 0.71328125 0.458984375 0.0734375 0.05859375
0 0.30078125 0.287109375 0.0734375 0.05859375
0 0.5828125 0.556640625 0.075 0.05859375
0 0.196875 0.447265625 0.075 0.05859375
0 0.6390625 0.2734375 0.075 0.05859375
0 0.4046875 0.33203125 0.075 0.05859375
0 0.55859375 0.49609375 0.0734375 0.05859375
0 0.553125 0.6982421875 0.075 0.056640625
0 0.68359375 0.6015625 0.0734375 0.05859375
0 0.56484375 0.087890625 0.0734375 0.05859375
0 0.609375 0.41796875 0.075 0.05859375
0 0.68671875 0.3984375 0.0734375 0.05859375
0 0.8140625 0.50390625 0.075 0.05859375
0 0.32734375 0.3505859375 0.0734375 0.056640625
0 0.09609375 0.19921875 0.0734375 0.05859375
0 0.253125 0.162109375 0.075 0.05859375
0 0.371875 0.67578125 0.075 0.05859375
0 0.29453125 0.693359375 0.0734375 0.05859375
0 0.434375 0.1875 0.075 0.05859375
0 0.31875 0.75390625 0.075 0.05859375
0 0.88828125 0.6865234375 0.0734375 0.056640625
0 0.44921875 0.65625 0.0734375 0.05859375
0 0.6359375 0.478515625 0.075 0.05859375
0 0.17265625 0.384765625 0.0734375 0.05859375
0 0.48125 0.3134765625 0.075 0.056640625
0 0.5765625 0.76171875 0.075 0.05859375
0 0.2203125 0.5078125 0.075 0.05859375
0 0.25 0.369140625 0.075 0.05859375
0 0.76640625 0.380859375 0.0734375 0.05859375
0 0.29765625 0.4921875 0.0734375 0.05859375
0 0.8109375 0.705078125 0.075 0.05859375
0 0.74296875 0.318359375 0.0734375 0.05859375
0 0.14609375 0.32421875 0.0734375 0.05859375
0 0.4578125 0.25 0.075 0.05859375
0 0.659375 0.541015625 0.075 0.05859375
0 0.56171875 0.29296875 0.0734375 0.05859375
0 0.35703125 0.20703125 0.0734375 0.05859375
0 0.6296875 0.681640625 0.075 0.05859375
0 0.43125 0.392578125 0.075 0.05859375
0 0.38046875 0.26953125 0.0734375 0.05859375
0 0.32421875 0.552734375 0.0734375 0.05859375
0 0.4875 0.107421875 0.075 0.05859375
0 0.78984375 0.44140625 0.0734375 0.05859375
0 0.34765625 0.6123046875 0.0734375 0.056640625
0 0.33046875 0.14453125 0.0734375 0.05859375
0 0.6625 0.3359375 0.075 0.05859375
0 0.47578125 0.716796875 0.0734375 0.05859375
0 0.49921875 0.779296875 0.0734375 0.05859375
0 0.8640625 0.626953125 0.075 0.05859375
0 0.65390625 0.7421875 0.0734375 0.05859375
0 0.8375 0.564453125 0.075 0.05859375
0 0.6921875 0.1923828125 0.075 0.056640625
0 0.47890625 0.515625 0.0734375 0.05859375
0 0.52890625 0.638671875 0.0734375 0.05859375
0 0.53515625 0.232421875 0.0734375 0.05859375
0 0.53203125 0.4365234375 0.0734375 0.056640625
0 0.17578125 0.18359375 0.0734375 0.05859375
0 0.35078125 0.41015625 0.0734375 0.05859375
0 0.3453125 0.814453125 0.075 0.05859375
0 0.784375 0.642578125 0.075 0.05859375
0 0.246875 0.5703125 0.075 0.05859375
0 0.2234375 0.306640625 0.075 0.05859375
