0 0.52109375 0.2607421875 0.0609375 0.076171875
0 0.70546875 0.0732421875 0.0609375 0.076171875
0 0.21015625 0.1611328125 0.0609375 0.076171875
0 0.43828125 0.2587890625 0.0609375 0.076171875
0 0.32421875 0.54296875 0.0609375 0.07421875
0 0.3703125 0.1640625 0.059375 0.07421875
0 0.25546875 0.4462890625 0.0609375 0.076171875
0 0.61328125 0.1669921875 0.0609375 0.076171875
0 0.38046875 0.0703125 0.0609375 0.07421875
0 0.59453125 0.3544921875 0.0609375 0.076171875
0 0.5625 0.6455078125 0.059375 0.076171875
0 0.63515625 0.74609375 0.0609375 0.07421875
0 0.540625 0.0732421875 0.059375 0.076171875
0 0.55234375 0.7431640625 0.0609375 0.076171875
0 0.87109375 0.076171875 0.0609375 0.07421875
0 0.48984375 0.5458984375 0.0609375 0.076171875
0 0.68671875 0.2646484375 0.0609375 0.076171875
0 0.45078125 0.1640625 0.0609375 0.07421875
0 0.60390625 0.2607421875 0.0609375 0.076171875
0 0.49921875 0.44921875 0.0609375 0.07421875
0 0.57265625 0.548828125 0.0609375 0.07421875
0 0.42890625 0.3525390625 0.0609375 0.076171875
0 0.48046875 0.6435546875 0.0609375 0.076171875
0 0.35859375 0.2587890625 0.0609375 0.076171875
0 0.34765625 0.3525390625 0.0609375 0.076171875
0 0.30234375 0.7373046875 0.0609375 0.076171875
0 0.2875 0.1640625 0.059375 0.07421875
0 0.46796875 0.7392578125 0.0609375 0.076171875
0 0.64453125 0.6494140625 0.0609375 0.076171875
0 0.58203125 0.4521484375 0.0609375 0.076171875
0 0.69609375 0.1669921875 0.0609375 0.076171875
0 0.53046875 0.1669921875 0.0609375 0.076171875
0 0.38515625 0.7392578125 0.0609375 0.076171875
0 0.77890625 0.1708984375 0.0609375 0.076171875
0 0.39765625 0.6396484375 0.0609375 0.076171875
0 0.94453125 0.1708984375 0.0609375 0.076171875
0 0.29921875 0.0703125 0.0609375 0.07421875
0 0.18515625 0.3486328125 0.0609375 0.076171875
0 0.41953125 0.44921875 0.0609375 0.07421875
0 0.19765625 0.2548828125 0.0609375 0.076171875
0 0.66640625 0.455078125 0.0609375 0.07421875
0 0.26796875 0.3525390625 0.0609375 0.076171875
0 0.67421875 0.3583984375 0.0609375 0.076171875
0 0.17578125 0.4423828125 0.0609375 0.076171875
0 0.74921875 0.455078125 0.0609375 0.07421875
0 0.40703125 0.5458984375 0.0609375 0.076171875
0 0.46015625 0.0703125 0.0609375 0.07421875
0 0.72109375 0.7490234375 0.0609375 0.076171875
0 0.33671875 0.4462890625 0.0609375 0.076171875
0 0.23203125 0.63671875 0.0609375 0.07421875
0 0.76953125 0.2646484375 0.0609375 0.076171875
0 0.62265625 0.0732421875 0.0609375 0.076171875
0 0.75703125 0.361328125 0.0609375 0.07421875
0 0.27734375 0.2548828125 0.0609375 0.076171875
0 0.16328125 0.5400390625 0.0609375 0.076171875
0 0.85234375 0.2666015625 0.0609375 0.076171875
0 0.78828125 0.076171875 0.0609375 0.07421875
0 0.80546875 0.751953125 0.0609375 0.07421875
0 0.65546875 0.5517578125 0.0609375 0.076171875
0 0.21953125 0.0703125 0.0609375 0.07421875
0 0.73984375 0.5517578125 0.0609375 0.076171875
0 0.221875 0.7333984375 0.059375 0.076171875
0 0.31484375 0.6396484375 0.0609375 0.076171875
0 0.86171875 0.1708984375 0.0609375 0.076171875
0 0.12734375 0.1611328125 0.0609375 0.076171875
0 0.24375 0.5400390625 0.059375 0.076171875
0 0.50859375 0.3544921875 0.0609375 0.076171875
0 0.81484375 0.6552734375 0.0609375 0.076171875
0 0.15078125 0.63671875 0.0609375 0.07421875
0 0.13984375 0.7333984375 0.0609375 0.076171875
0 0.83203125 0.4580078125 0.0609375 0.076171875
0 0.1171875 0.2548828125 0.059375 0.076171875
0 0.90859375 0.5576171875 0.0609375 0.076171875
0 0.73046875 0.6513671875 0.0609375 0.076171875
0 0.89140625 0.7548828125 0.0609375 0.076171875
0 0.10546875 0.3486328125 0.0609375 0.076171875
0 0.09296875 0.4423828125 0.0609375 0.076171875
0 0.82265625 0.5556640625 0.0609375 0.076171875
0 0.84296875 0.361328125 0.0609375 0.07421875
0 0.95390625 0.076171875 0.0609375 0.07421875
0 0.07109375 0.6337890625 0.0609375 0.076171875
0 0.05703125 0.7314453125 0.0609375 0.076171875
0 0.08359375 0.537109375 0.0609375 0.07421875
0 0.92734375 0.3642578125 0.0609375 0.076171875
0 0.91796875 0.4619140625 0.0609375 0.076171875
0 0.93671875 0.2666015625 0.0609375 0.076171875
0 0.90078125 0.6552734375 0.0609375 0.076171875
0 0.13984375 0.0673828125 0.0609375 0.076171875
