0 0.31953125 0.7138671875 0.0390625 0.048828125
0 0.67109375 0.3837890625 0.0390625 0.048828125
0 0.54453125 0.6005859375 0.0390625 0.048828125
0 0.22578125 0.5322265625 0.0390625 0.048828125
0 0.67109375 0.4560546875 0.0390625 0.048828125
0 0.60703125 0.3837890625 0.0390625 0.048828125
0 0.25546875 0.6416015625 0.0390625 0.048828125
0 0.41640625 0.3154296875 0.0390625 0.048828125
0 0.22578125 0.4599609375 0.0390625 0.048828125
0 0.60703125 0.4560546875 0.0390625 0.048828125
0 0.19296875 0.5693359375 0.0390625 0.048828125
0 0.48046875 0.6025390625 0.0390625 0.048828125
0 0.54296875 0.3134765625 0.0390625 0.048828125
0 0.54453125 0.4560546875 0.0390625 0.048828125
0 0.35390625 0.3154296875 0.0390625 0.048828125
0 0.48046875 0.4560546875 0.0390625 0.048828125
0 0.41640625 0.7509765625 0.0390625 0.048828125
0 0.19453125 0.4951171875 0.0390625 0.048828125
0 0.28984375 0.5302734375 0.0390625 0.048828125
0 0.47890625 0.3154296875 0.0390625 0.048828125
0 0.57421875 0.3486328125 0.0390625 0.048828125
0 0.63828125 0.3486328125 0.0390625 0.048828125
0 0.29140625 0.3876953125 0.0390625 0.048828125
0 0.48046875 0.6748046875 0.0390625 0.048828125
0 0.44921875 0.2080078125 0.0390625 0.048828125
0 0.48046875 0.1728515625 0.0390625 0.048828125
0 0.22421875 0.6044921875 0.0390625 0.048828125
0 0.51171875 0.4931640625 0.0390625 0.048828125
0 0.57578125 0.4931640625 0.0390625 0.048828125
0 0.28828125 0.6044921875 0.0390625 0.048828125
0 0.32109375 0.4951171875 0.0390625 0.048828125
0 0.57421875 0.2783203125 0.0390625 0.048828125
0 0.41640625 0.2451171875 0.0390625 0.048828125
0 0.51171875 0.2080078125 0.0390625 0.048828125
0 0.35234375 0.5302734375 0.0390625 0.048828125
0 0.60703125 0.3134765625 0.0390625 0.048828125
0 0.38515625 0.3505859375 0.0390625 0.048828125
0 0.54296875 0.3837890625 0.0390625 0.048828125
0 0.51171875 0.2783203125 0.0390625 0.048828125
0 0.41640625 0.5302734375 0.0390625 0.048828125
0 0.41640625 0.6767578125 0.0390625 0.048828125
0 0.44765625 0.4931640625 0.0390625 0.048828125
0 0.28671875 0.6767578125 0.0390625 0.048828125
0 0.41640625 0.4580078125 0.0390625 0.048828125
0 0.25703125 0.4951171875 0.0390625 0.048828125
0 0.38359375 0.7138671875 0.0390625 0.048828125
0 0.35234375 0.6767578125 0.0390625 0.048828125
0 0.32265625 0.3505859375 0.0390625 0.048828125
0 0.44765625 0.2802734375 0.0390625 0.048828125
0 0.54296875 0.2431640625 0.0390625 0.048828125
0 0.35390625 0.4580078125 0.0390625 0.048828125
0 0.48046875 0.3857421875 0.0390625 0.048828125
0 0.28984375 0.4580078125 0.0390625 0.048828125
0 0.41640625 0.6025390625 0.0390625 0.048828125
0 0.44765625 0.3505859375 0.0390625 0.048828125
0 0.51171875 0.5654296875 0.0390625 0.048828125
0 0.32109375 0.4228515625 0.0390625 0.048828125
0 0.60859375 0.5283203125 0.0390625 0.048828125
0 0.31953125 0.6396484375 0.0390625 0.048828125
0 0.51171875 0.3486328125 0.0390625 0.048828125
0 0.48046875 0.5283203125 0.0390625 0.048828125
0 0.54453125 0.5283203125 0.0390625 0.048828125
0 0.35234375 0.6025390625 0.0390625 0.048828125
0 0.48046875 0.2431640625 0.0390625 0.048828125
0 0.44765625 0.4208984375 0.0390625 0.048828125
0 0.35390625 0.3876953125 0.0390625 0.048828125
0 0.38515625 0.2802734375 0.0390625 0.048828125
0 0.63828125 0.4208984375 0.0390625 0.048828125
0 0.38515625 0.4228515625 0.0390625 0.048828125
0 0.38515625 0.4931640625 0.0390625 0.048828125
0 0.41640625 0.3857421875 0.0390625 0.048828125
0 0.57578125 0.5654296875 0.0390625 0.048828125
0 0.63984375 0.4912109375 0.0390625 0.048828125
0 0.35234375 0.7509765625 0.0390625 0.048828125
0 0.57578125 0.4208984375 0.0390625 0.048828125
0 0.38359375 0.6396484375 0.0390625 0.048828125
0 0.51171875 0.4208984375 0.0390625 0.048828125
0 0.38515625 0.5673828125 0.0390625 0.048828125
0 0.44765625 0.5654296875 0.0390625 0.048828125
0 0.44765625 0.7119140625 0.0390625 0.048828125
0 0.25703125 0.5673828125 0.0390625 0.048828125
0 0.70390625 0.4189453125 0.0390625 0.048828125
0 0.16171875 0.5322265625 0.0390625 0.048828125
0 0.38359375 0.7880859375 0.0390625 0.048828125
0 0.44765625 0.6396484375 0.0390625 0.048828125
0 0.32109375 0.5673828125 0.0390625 0.048828125
0 0.51328125 0.6376953125 0.0390625 0.048828125
0 0.25859375 0.4228515625 0.0390625 0.048828125
