0 0.153125 0.4248046875 0.065625 0.060546875
0 0.290625 0.5537109375 0.06875 0.056640625
0 0.2296875 0.2431640625 0.065625 0.056640625
0 0.35 0.7431640625 0.06875 0.056640625
0 0.08515625 0.3583984375 0.0703125 0.060546875
0 0.58671875 0.26171875 0.0703125 0.05859375
0 0.090625 0.236328125 0.065625 0.05859375
0 0.4171875 0.8095703125 0.065625 0.060546875
0 0.29375 0.4326171875 0.06875 0.056640625
0 0.16015625 0.3017578125 0.0671875 0.060546875
0 0.14765625 0.546875 0.0703125 0.05859375
0 0.21015625 0.7353515625 0.0703125 0.060546875
0 0.34453125 0.8671875 0.0671875 0.05859375
0 0.06953125 0.7265625 0.0671875 0.05859375
0 0.49765625 0.630859375 0.0671875 0.05859375
0 0.0796875 0.4814453125 0.065625 0.060546875
0 0.51328125 0.2587890625 0.0703125 0.056640625
0 0.42265625 0.6875 0.0703125 0.05859375
0 0.5796875 0.3857421875 0.06875 0.060546875
0 0.2171875 0.6123046875 0.06875 0.060546875
0 0.3703125 0.3134765625 0.06875 0.060546875
0 0.36328125 0.4970703125 0.0703125 0.056640625
0 0.35703125 0.6201171875 0.0703125 0.056640625
0 0.50625 0.4443359375 0.06875 0.056640625
0 0.2265625 0.3662109375 0.065625 0.056640625
0 0.3671875 0.4365234375 0.06875 0.060546875
0 0.43984375 0.3173828125 0.0703125 0.060546875
0 0.490625 0.7529296875 0.065625 0.060546875
0 0.3484375 0.8056640625 0.065625 0.056640625
0 0.29375 0.4951171875 0.06875 0.056640625
0 0.4265625 0.625 0.06875 0.05859375
0 0.4296875 0.5654296875 0.06875 0.060546875
0 0.2296875 0.3056640625 0.065625 0.060546875
0 0.303125 0.2470703125 0.065625 0.056640625
0 0.22265625 0.490234375 0.0671875 0.05859375
0 0.0765625 0.603515625 0.065625 0.05859375
0 0.2140625 0.67578125 0.06875 0.05859375
0 0.30078125 0.3095703125 0.0703125 0.056640625
0 0.28046875 0.7412109375 0.0703125 0.060546875
0 0.5828125 0.3251953125 0.06875 0.056640625
0 0.21875 0.552734375 0.065625 0.05859375
0 0.5640625 0.6943359375 0.065625 0.056640625
0 0.22421875 0.4287109375 0.0703125 0.056640625
0 0.28671875 0.6181640625 0.0703125 0.056640625
0 0.43671875 0.4423828125 0.0703125 0.060546875
0 0.503125 0.5068359375 0.06875 0.056640625
0 0.13359375 0.8525390625 0.0703125 0.056640625
0 0.1375 0.7939453125 0.06875 0.056640625
0 0.42109375 0.7470703125 0.0671875 0.060546875
0 0.28359375 0.6787109375 0.0703125 0.060546875
0 0.15 0.484375 0.065625 0.05859375
0 0.44375 0.25390625 0.06875 0.05859375
0 0.4875 0.8759765625 0.065625 0.060546875
0 0.51015625 0.3837890625 0.0703125 0.056640625
0 0.49921875 0.568359375 0.0703125 0.05859375
0 0.37421875 0.2509765625 0.0703125 0.060546875
0 0.15625 0.3623046875 0.065625 0.060546875
0 0.0734375 0.6650390625 0.065625 0.056640625
0 0.140625 0.7314453125 0.06875 0.056640625
0 0.2765625 0.80078125 0.06875 0.05859375
0 0.3671875 0.3740234375 0.06875 0.060546875
0 0.5703125 0.5732421875 0.065625 0.056640625
0 0.5640625 0.7578125 0.065625 0.05859375
0 0.20703125 0.7978515625 0.0703125 0.060546875
0 0.0765625 0.5439453125 0.065625 0.060546875
0 0.57578125 0.4482421875 0.0703125 0.060546875
0 0.2765625 0.8642578125 0.06875 0.060546875
0 0.51328125 0.3212890625 0.0703125 0.056640625
0 0.56015625 0.8193359375 0.0671875 0.060546875
0 0.353125 0.6826171875 0.06875 0.056640625
0 0.08671875 0.2958984375 0.0671875 0.060546875
0 0.14609375 0.6083984375 0.0671875 0.056640625
0 0.36015625 0.5595703125 0.0703125 0.060546875
0 0.1421875 0.669921875 0.065625 0.05859375
0 0.43359375 0.501953125 0.0703125 0.05859375
0 0.43984375 0.3798828125 0.0703125 0.060546875
0 0.4171875 0.8720703125 0.065625 0.056640625
0 0.490625 0.8134765625 0.065625 0.060546875
0 0.16015625 0.2392578125 0.0671875 0.060546875
0 0.57421875 0.509765625 0.0671875 0.05859375
0 0.5671875 0.6357421875 0.065625 0.056640625
0 0.08359375 0.4208984375 0.0671875 0.056640625
0 0.20390625 0.8583984375 0.0703125 0.060546875
0 0.065625 0.8486328125 0.065625 0.060546875
0 0.06796875 0.7890625 0.0703125 0.05859375
0 0.29765625 0.37109375 0.0703125 0.05859375
0 0.49375 0.6904296875 0.065625 0.060546875
0 0.55703125 0.8798828125 0.0671875 0.056640625
