0 0.3921875 0.59765625 0.05625 0.08984375
0 0.28359375 0.80078125 0.0578125 0.0859375
0 0.14921875 0.626953125 0.0546875 0.08984375
0 0.215625 0.712890625 0.05625 0.08984375
0 0.46640625 0.767578125 0.0546875 0.0859375
0 0.32578125 0.51171875 0.0546875 0.08984375
0 0.20234375 0.5244140625 0.0578125 0.091796875
0 0.2296875 0.90234375 0.05625 0.08984375
0 0.27265625 0.609375 0.0578125 0.08984375
0 0.1671875 0.904296875 0.05625 0.0859375
0 0.4625 0.6787109375 0.05625 0.091796875
0 0.16015625 0.8125 0.0546875 0.08984375
0 0.51953125 0.666015625 0.0578125 0.08984375
0 0.63359375 0.5625 0.0578125 0.08984375
0 0.5671875 0.478515625 0.053125 0.0859375
0 0.22421875 0.80078125 0.0578125 0.0859375
0 0.278125 0.703125 0.05625 0.0859375
0 0.446875 0.494140625 0.05625 0.08984375
0 0.58046875 0.6572265625 0.0546875 0.091796875
0 0.57421875 0.56640625 0.0578125 0.08984375
0 0.3328125 0.599609375 0.05625 0.0859375
0 0.15625 0.71875 0.05625 0.0859375
0 0.62578125 0.46875 0.0578125 0.08984375
0 0.4 0.685546875 0.05625 0.0859375
0 0.528125 0.759765625 0.05625 0.08984375
0 0.50625 0.486328125 0.05625 0.08984375
0 0.26484375 0.517578125 0.0578125 0.0859375
0 0.7015625 0.64453125 0.05625 0.08984375
0 0.64609375 0.74609375 0.0546875 0.0859375
0 0.38671875 0.5 0.0578125 0.0859375
0 0.33828125 0.6953125 0.0578125 0.08984375
0 0.13984375 0.533203125 0.0578125 0.08984375
0 0.19765625 0.435546875 0.0546875 0.0859375
0 0.35 0.8828125 0.053125 0.0859375
0 0.3734375 0.318359375 0.05625 0.08984375
0 0.40546875 0.77734375 0.0578125 0.08984375
0 0.21015625 0.62109375 0.0578125 0.0859375
0 0.50078125 0.392578125 0.0578125 0.0859375
0 0.259375 0.4296875 0.05625 0.08984375
0 0.34609375 0.783203125 0.0578125 0.0859375
0 0.5140625 0.578125 0.05625 0.0859375
0 0.5875 0.75 0.05625 0.0859375
0 0.6203125 0.37890625 0.05625 0.08984375
0 0.43984375 0.404296875 0.0546875 0.08984375
0 0.4734375 0.86328125 0.05625 0.08984375
0 0.45390625 0.583984375 0.0546875 0.08984375
0 0.68828125 0.46484375 0.0578125 0.08984375
0 0.31875 0.421875 0.05625 0.08984375
0 0.4140625 0.869140625 0.05625 0.0859375
0 0.13515625 0.4384765625 0.0546875 0.091796875
0 0.6125 0.291015625 0.05625 0.0859375
0 0.6796875 0.369140625 0.05625 0.08984375
0 0.6390625 0.65234375 0.05625 0.08984375
0 0.10703125 0.921875 0.0578125 0.0859375
0 0.5578125 0.38671875 0.05625 0.08984375
0 0.59453125 0.84375 0.0546875 0.0859375
0 0.70859375 0.73828125 0.0546875 0.08984375
0 0.69375 0.5546875 0.05625 0.08984375
0 0.37890625 0.41015625 0.0578125 0.0859375
0 0.55390625 0.296875 0.0546875 0.08984375
0 0.2921875 0.88671875 0.05625 0.0859375
0 0.13203125 0.349609375 0.0578125 0.0859375
0 0.09765625 0.818359375 0.0609375 0.0859375
0 0.65546875 0.833984375 0.0578125 0.08984375
0 0.25078125 0.333984375 0.0578125 0.0859375
0 0.19140625 0.34765625 0.0578125 0.08984375
0 0.71796875 0.83203125 0.0578125 0.0859375
0 0.090625 0.732421875 0.040625 0.0859375
0 0.53359375 0.859375 0.0578125 0.08984375
0 0.309375 0.328125 0.053125 0.0859375
0 0.4359375 0.314453125 0.05625 0.08984375
0 0.49140625 0.3046875 0.0546875 0.08984375
0 0.671875 0.2861328125 0.05625 0.083984375
0 0.66796875 0.19140625 0.0546875 0.0859375
0 0.60546875 0.1982421875 0.0546875 0.091796875
0 0.53984375 0.205078125 0.0546875 0.0859375
0 0.484375 0.21484375 0.05625 0.08984375
0 0.4234375 0.2265625 0.053125 0.0859375
0 0.36484375 0.23046875 0.0578125 0.0859375
0 0.30546875 0.240234375 0.0578125 0.08984375
0 0.12109375 0.2646484375 0.0578125 0.083984375
0 0.18203125 0.25390625 0.0546875 0.08984375
0 0.24296875 0.248046875 0.0578125 0.0859375
0 0.08828125 0.638671875 0.0234375 0.0859375
