0 0.41171875 0.470703125 0.0390625 0.046875
0 0.28671875 0.5166015625 0.0390625 0.044921875
0 0.453125 0.4765625 0.0375 0.046875
0 0.37109375 0.4697265625 0.0390625 0.048828125
0 0.2453125 0.51171875 0.0375 0.046875
0 0.4953125 0.4765625 0.0375 0.046875
0 0.41640625 0.423828125 0.0390625 0.046875
0 0.32734375 0.517578125 0.0390625 0.046875
0 0.46015625 0.375 0.0390625 0.046875
0 0.29296875 0.41796875 0.0390625 0.046875
0 0.37578125 0.419921875 0.0390625 0.046875
0 0.5421875 0.37890625 0.0375 0.046875
0 0.28203125 0.564453125 0.0390625 0.046875
0 0.40546875 0.5673828125 0.0390625 0.044921875
0 0.3640625 0.5673828125 0.0375 0.044921875
0 0.53046875 0.52734375 0.0390625 0.046875
0 0.23828125 0.611328125 0.0390625 0.046875
0 0.49921875 0.376953125 0.0390625 0.046875
0 0.33046875 0.4697265625 0.0390625 0.048828125
0 0.48515625 0.626953125 0.0390625 0.046875
0 0.56953125 0.580078125 0.0390625 0.046875
0 0.46171875 0.328125 0.0390625 0.046875
0 0.20234375 0.51171875 0.0390625 0.046875
0 0.575 0.5302734375 0.0375 0.048828125
0 0.52578125 0.6279296875 0.0390625 0.044921875
0 0.36796875 0.51953125 0.0390625 0.046875
0 0.61953125 0.431640625 0.0390625 0.046875
0 0.4875 0.5751953125 0.0375 0.048828125
0 0.53671875 0.4794921875 0.0390625 0.044921875
0 0.27890625 0.61328125 0.0390625 0.046875
0 0.50390625 0.330078125 0.0390625 0.046875
0 0.53828125 0.4267578125 0.0390625 0.048828125
0 0.40859375 0.51953125 0.0390625 0.046875
0 0.37734375 0.375 0.0390625 0.046875
0 0.29765625 0.3681640625 0.0390625 0.048828125
0 0.56796875 0.62890625 0.0390625 0.046875
0 0.33359375 0.4189453125 0.0359375 0.044921875
0 0.39921875 0.669921875 0.0390625 0.046875
0 0.57578125 0.48046875 0.0390625 0.046875
0 0.31953125 0.615234375 0.0390625 0.046875
0 0.31640625 0.6630859375 0.0390625 0.048828125
0 0.57890625 0.4296875 0.0390625 0.046875
0 0.44609375 0.5732421875 0.0390625 0.048828125
0 0.32265625 0.56640625 0.0390625 0.046875
0 0.19453125 0.611328125 0.0390625 0.046875
0 0.58046875 0.3818359375 0.0390625 0.048828125
0 0.49765625 0.4267578125 0.0390625 0.048828125
0 0.19921875 0.5625 0.0390625 0.046875
0 0.45703125 0.4267578125 0.0390625 0.048828125
0 0.24140625 0.564453125 0.0390625 0.046875
0 0.41953125 0.375 0.0390625 0.046875
0 0.25390625 0.3662109375 0.0390625 0.044921875
0 0.45 0.5234375 0.0375 0.046875
0 0.40078125 0.6201171875 0.0390625 0.044921875
0 0.28984375 0.466796875 0.0390625 0.046875
0 0.49140625 0.525390625 0.0390625 0.046875
0 0.54453125 0.3310546875 0.0390625 0.044921875
0 0.44140625 0.623046875 0.0390625 0.046875
0 0.56484375 0.6767578125 0.0390625 0.048828125
0 0.61171875 0.580078125 0.0359375 0.046875
0 0.275 0.6630859375 0.0375 0.048828125
0 0.38046875 0.3232421875 0.0390625 0.048828125
0 0.48046875 0.6708984375 0.0390625 0.044921875
0 0.33828125 0.37109375 0.0390625 0.046875
0 0.42109375 0.3232421875 0.0390625 0.048828125
0 0.52890625 0.578125 0.0390625 0.046875
0 0.25234375 0.41796875 0.0390625 0.046875
0 0.60859375 0.62890625 0.0390625 0.046875
0 0.35703125 0.66796875 0.0390625 0.046875
0 0.52421875 0.673828125 0.0390625 0.046875
0 0.23359375 0.6630859375 0.0390625 0.048828125
0 0.21171875 0.4130859375 0.0390625 0.048828125
0 0.61796875 0.48046875 0.0390625 0.046875
0 0.24921875 0.4638671875 0.0390625 0.044921875
0 0.36015625 0.615234375 0.0390625 0.046875
0 0.62578125 0.3828125 0.0390625 0.046875
0 0.61484375 0.5302734375 0.0390625 0.048828125
0 0.43828125 0.6708984375 0.0390625 0.044921875
0 0.20859375 0.4638671875 0.0390625 0.044921875
0 0.19140625 0.6611328125 0.0390625 0.048828125
0 0.30078125 0.3203125 0.0390625 0.046875
0 0.6046875 0.681640625 0.0375 0.046875
0 0.33984375 0.3232421875 0.0390625 0.048828125
0 0.58515625 0.33203125 0.0390625 0.046875
0 0.62578125 0.333984375 0.0390625 0.046875
0 0.215625 0.365234375 0.0375 0.046875
0 0.21796875 0.31640625 0.0390625 0.046875
0 0.25859375 0.3203125 0.0390625 0.046875
