0 0.6640625 0.6474609375 0.04375 0.064453125
0 0.440625 0.6455078125 0.04375 0.064453125
0 0.53203125 0.5419921875 0.0421875 0.064453125
0 0.640625 0.7158203125 0.04375 0.064453125
0 0.26484375 0.50390625 0.0421875 0.0625
0 0.3078125 0.5400390625 0.04375 0.064453125
0 0.4875 0.5087890625 0.04375 0.064453125
0 0.421875 0.3740234375 0.04375 0.064453125
0 0.46328125 0.5751953125 0.0421875 0.064453125
0 0.2015625 0.3681640625 0.04375 0.064453125
0 0.46640625 0.4072265625 0.0421875 0.064453125
0 0.5734375 0.7490234375 0.04375 0.064453125
0 0.528125 0.7138671875 0.04375 0.064453125
0 0.38203125 0.1689453125 0.0421875 0.064453125
0 0.5046875 0.7802734375 0.04375 0.064453125
0 0.625 0.2744140625 0.04375 0.064453125
0 0.26875 0.3349609375 0.04375 0.064453125
0 0.66640625 0.478515625 0.0421875 0.0625
0 0.6234375 0.4423828125 0.04375 0.064453125
0 0.3578125 0.2353515625 0.04375 0.064453125
0 0.17734375 0.4375 0.0421875 0.0625
0 0.5078125 0.611328125 0.04375 0.0625
0 0.39921875 0.4404296875 0.0421875 0.064453125
0 0.61796875 0.7822265625 0.0421875 0.064453125
0 0.54921875 0.81640625 0.0421875 0.0625
0 0.44921875 0.1357421875 0.0421875 0.064453125
0 0.6453125 0.3759765625 0.04375 0.064453125
0 0.4890625 0.3408203125 0.04375 0.064453125
0 0.37734375 0.5068359375 0.0421875 0.064453125
0 0.690625 0.4091796875 0.04375 0.064453125
0 0.2890625 0.4375 0.04375 0.0625
0 0.68828125 0.5810546875 0.0421875 0.064453125
0 0.24453125 0.404296875 0.0421875 0.0625
0 0.59921875 0.51171875 0.0421875 0.0625
0 0.31484375 0.2021484375 0.0421875 0.064453125
0 0.425 0.2021484375 0.04375 0.064453125
0 0.221875 0.470703125 0.04375 0.0625
0 0.37890625 0.337890625 0.0421875 0.0625
0 0.3359375 0.3046875 0.04375 0.0625
0 0.4421875 0.4736328125 0.04375 0.064453125
0 0.5375 0.205078125 0.04375 0.0625
0 0.39609375 0.6083984375 0.0421875 0.064453125
0 0.240625 0.5712890625 0.04375 0.064453125
0 0.3734375 0.6748046875 0.04375 0.064453125
0 0.48359375 0.6787109375 0.0421875 0.064453125
0 0.61953125 0.6142578125 0.0421875 0.064453125
0 0.36171875 0.0673828125 0.0421875 0.064453125
0 0.44609375 0.3046875 0.0421875 0.0625
0 0.41640625 0.7119140625 0.0421875 0.064453125
0 0.40078125 0.271484375 0.0421875 0.0625
0 0.575 0.578125 0.04375 0.0625
0 0.4921875 0.171875 0.04375 0.0625
0 0.5578125 0.3076171875 0.04375 0.064453125
0 0.2234375 0.3017578125 0.04375 0.064453125
0 0.578125 0.4091796875 0.04375 0.064453125
0 0.3375 0.1357421875 0.04375 0.064453125
0 0.73515625 0.4453125 0.0421875 0.0625
0 0.55078125 0.6455078125 0.0421875 0.064453125
0 0.7140625 0.3427734375 0.04375 0.064453125
0 0.3546875 0.404296875 0.04375 0.0625
0 0.2859375 0.6064453125 0.04375 0.064453125
0 0.53359375 0.3740234375 0.0421875 0.064453125
0 0.32890625 0.6396484375 0.0421875 0.064453125
0 0.5109375 0.4404296875 0.04375 0.064453125
0 0.51328125 0.271484375 0.0421875 0.0625
0 0.4046875 0.1025390625 0.04375 0.064453125
0 0.46796875 0.23828125 0.0421875 0.0625
0 0.29453125 0.1005859375 0.0421875 0.064453125
0 0.33203125 0.4736328125 0.0421875 0.064453125
0 0.4203125 0.5419921875 0.04375 0.064453125
0 0.59375 0.8525390625 0.04375 0.064453125
0 0.5953125 0.6806640625 0.04375 0.064453125
0 0.24765625 0.2353515625 0.0421875 0.064453125
0 0.3171875 0.0341796875 0.04375 0.064453125
0 0.60078125 0.3408203125 0.0421875 0.064453125
0 0.759375 0.3759765625 0.04375 0.064453125
0 0.58046875 0.23828125 0.0421875 0.0625
0 0.5546875 0.4755859375 0.04375 0.064453125
0 0.64375 0.544921875 0.04375 0.0625
0 0.353125 0.5732421875 0.04375 0.064453125
0 0.7109375 0.51171875 0.04375 0.0625
0 0.1546875 0.50390625 0.04375 0.0625
0 0.290625 0.2685546875 0.04375 0.064453125
0 0.2703125 0.1669921875 0.04375 0.064453125
0 0.4609375 0.7451171875 0.04375 0.064453125
0 0.31171875 0.37109375 0.0421875 0.0625
0 0.19765625 0.5380859375 0.0421875 0.064453125
0 0.66953125 0.3076171875 0.0421875 0.064453125
