0 0.27109375 0.1845703125 0.0390625 0.048828125
0 0.31796875 0.208984375 0.0390625 0.05078125
0 0.36484375 0.236328125 0.0390625 0.05078125
0 0.41015625 0.2607421875 0.0390625 0.048828125
0 0.4578125 0.287109375 0.0375 0.046875
0 0.5046875 0.3125 0.0375 0.05078125
0 0.55078125 0.3369140625 0.0390625 0.048828125
0 0.59765625 0.3642578125 0.0390625 0.048828125
0 0.64453125 0.3896484375 0.0390625 0.048828125
0 0.69296875 0.4140625 0.0390625 0.05078125
0 0.73984375 0.44140625 0.0390625 0.05078125
0 0.71875 0.494140625 0.040625 0.046875
0 0.67109375 0.470703125 0.0390625 0.046875
0 0.6234375 0.443359375 0.040625 0.046875
0 0.5765625 0.41796875 0.040625 0.046875
0 0.696875 0.5498046875 0.040625 0.048828125
0 0.65 0.5234375 0.040625 0.05078125
0 0.603125 0.4990234375 0.040625 0.048828125
0 0.6765625 0.60546875 0.040625 0.046875
0 0.653125 0.66015625 0.040625 0.046875
0 0.63203125 0.7158203125 0.0390625 0.048828125
0 0.61015625 0.771484375 0.0390625 0.046875
0 0.5875 0.828125 0.0375 0.046875
0 0.540625 0.80078125 0.040625 0.046875
0 0.58359375 0.6884765625 0.0390625 0.048828125
0 0.56171875 0.744140625 0.0390625 0.046875
0 0.60546875 0.634765625 0.0390625 0.05078125
0 0.6265625 0.578125 0.040625 0.046875
0 0.5796875 0.5546875 0.0375 0.046875
0 0.2484375 0.2373046875 0.040625 0.048828125
0 0.296875 0.263671875 0.040625 0.046875
0 0.3421875 0.2890625 0.0375 0.046875
0 0.3890625 0.314453125 0.0375 0.046875
0 0.43515625 0.341796875 0.0390625 0.046875
0 0.48203125 0.365234375 0.0390625 0.046875
0 0.52890625 0.390625 0.0390625 0.046875
0 0.5546875 0.4716796875 0.040625 0.048828125
0 0.5078125 0.4462890625 0.040625 0.048828125
0 0.4859375 0.5 0.040625 0.046875
0 0.53125 0.52734375 0.040625 0.046875
0 0.51015625 0.5830078125 0.0390625 0.048828125
0 0.559375 0.607421875 0.0375 0.05078125
0 0.53671875 0.662109375 0.0390625 0.046875
0 0.5140625 0.720703125 0.040625 0.046875
0 0.4921875 0.7744140625 0.0375 0.048828125
0 0.46640625 0.693359375 0.0390625 0.046875
0 0.48828125 0.6357421875 0.0390625 0.048828125
0 0.4453125 0.7490234375 0.040625 0.048828125
0 0.44140625 0.611328125 0.0390625 0.046875
0 0.4640625 0.5556640625 0.0375 0.048828125
0 0.2265625 0.2900390625 0.0375 0.048828125
0 0.2734375 0.3173828125 0.0375 0.048828125
0 0.31953125 0.3427734375 0.0390625 0.048828125
0 0.36640625 0.3701171875 0.0390625 0.048828125
0 0.41328125 0.39453125 0.0390625 0.05078125
0 0.4609375 0.4189453125 0.040625 0.048828125
0 0.4390625 0.474609375 0.040625 0.046875
0 0.3921875 0.4501953125 0.040625 0.048828125
0 0.34453125 0.4228515625 0.0390625 0.048828125
0 0.29765625 0.3984375 0.0390625 0.046875
0 0.25078125 0.37109375 0.0390625 0.046875
0 0.20390625 0.345703125 0.0390625 0.046875
0 0.18125 0.3994140625 0.040625 0.048828125
0 0.228125 0.4267578125 0.040625 0.048828125
0 0.275 0.451171875 0.040625 0.05078125
0 0.3234375 0.478515625 0.040625 0.05078125
0 0.3703125 0.5029296875 0.040625 0.048828125
0 0.415625 0.5302734375 0.040625 0.048828125
0 0.159375 0.455078125 0.040625 0.046875
0 0.2046875 0.48046875 0.040625 0.046875
0 0.253125 0.5078125 0.0375 0.046875
0 0.29921875 0.53125 0.0390625 0.046875
0 0.34609375 0.55859375 0.0390625 0.046875
0 0.39453125 0.583984375 0.0390625 0.046875
0 0.371875 0.638671875 0.040625 0.046875
0 0.41953125 0.666015625 0.0390625 0.046875
0 0.3953125 0.7216796875 0.040625 0.048828125
0 0.35 0.6962890625 0.040625 0.048828125
0 0.32421875 0.61328125 0.0390625 0.046875
0 0.303125 0.6689453125 0.040625 0.048828125
0 0.2546875 0.6416015625 0.040625 0.048828125
0 0.27734375 0.5859375 0.0390625 0.046875
0 0.22890625 0.560546875 0.0390625 0.05078125
0 0.18203125 0.53515625 0.0390625 0.046875
0 0.13515625 0.5087890625 0.0390625 0.048828125
0 0.1125 0.5625 0.040625 0.05078125
0 0.159375 0.58984375 0.040625 0.05078125
0 0.2078125 0.6142578125 0.040625 0.048828125
