0 0.43046875 0.1708984375 0.0390625 0.048828125
0 0.46953125 0.2119140625 0.0390625 0.048828125
0 0.50703125 0.2529296875 0.0390625 0.048828125
0 0.54609375 0.2939453125 0.0390625 0.048828125
0 0.58359375 0.3369140625 0.0390625 0.048828125
0 0.62265625 0.3779296875 0.0390625 0.048828125
0 0.66171875 0.4189453125 0.0390625 0.048828125
0 0.70078125 0.4619140625 0.0390625 0.048828125
0 0.74140625 0.5048828125 0.0390625 0.048828125
0 0.78046875 0.5458984375 0.0390625 0.048828125
0 0.82109375 0.5908203125 0.0390625 0.048828125
0 0.39609375 0.2158203125 0.0390625 0.048828125
0 0.43359375 0.2568359375 0.0390625 0.048828125
0 0.47109375 0.2978515625 0.0390625 0.048828125
0 0.51015625 0.3408203125 0.0390625 0.048828125
0 0.54921875 0.3818359375 0.0390625 0.048828125
0 0.58671875 0.4248046875 0.0390625 0.048828125
0 0.62578125 0.4658203125 0.0390625 0.048828125
0 0.66640625 0.5087890625 0.0390625 0.048828125
0 0.70546875 0.5517578125 0.0390625 0.048828125
0 0.74453125 0.5947265625 0.0390625 0.048828125
0 0.78515625 0.6357421875 0.0390625 0.048828125
0 0.35859375 0.2607421875 0.0390625 0.048828125
0 0.39765625 0.3037109375 0.0390625 0.048828125
0 0.43515625 0.3447265625 0.0390625 0.048828125
0 0.47421875 0.3857421875 0.0390625 0.048828125
0 0.51171875 0.4287109375 0.0390625 0.048828125
0 0.55078125 0.4697265625 0.0390625 0.048828125
0 0.58984375 0.5126953125 0.0390625 0.048828125
0 0.62890625 0.5556640625 0.0390625 0.048828125
0 0.66796875 0.5986328125 0.0390625 0.048828125
0 0.70859375 0.6396484375 0.0390625 0.048828125
0 0.74765625 0.6845703125 0.0390625 0.048828125
0 0.32265625 0.3076171875 0.0390625 0.048828125
0 0.36171875 0.3486328125 0.0390625 0.048828125
0 0.39921875 0.3916015625 0.0390625 0.048828125
0 0.43828125 0.4326171875 0.0390625 0.048828125
0 0.47578125 0.4755859375 0.0390625 0.048828125
0 0.51484375 0.5166015625 0.0390625 0.048828125
0 0.55390625 0.5595703125 0.0390625 0.048828125
0 0.59296875 0.6005859375 0.0390625 0.048828125
0 0.63203125 0.6455078125 0.0390625 0.048828125
0 0.67265625 0.6884765625 0.0390625 0.048828125
0 0.71171875 0.7314453125 0.0390625 0.048828125
0 0.67578125 0.7783203125 0.0390625 0.048828125
0 0.63828125 0.8271484375 0.0390625 0.048828125
0 0.60234375 0.8759765625 0.0390625 0.048828125
0 0.59609375 0.6923828125 0.0390625 0.048828125
0 0.63515625 0.7353515625 0.0390625 0.048828125
0 0.59921875 0.7841796875 0.0390625 0.048828125
0 0.56171875 0.8310546875 0.0390625 0.048828125
0 0.52578125 0.8798828125 0.0390625 0.048828125
0 0.52421875 0.7880859375 0.0390625 0.048828125
0 0.56015625 0.7392578125 0.0390625 0.048828125
0 0.55703125 0.6494140625 0.0390625 0.048828125
0 0.52109375 0.6962890625 0.0390625 0.048828125
0 0.51796875 0.6064453125 0.0390625 0.048828125
0 0.28671875 0.3525390625 0.0390625 0.048828125
0 0.32421875 0.3955078125 0.0390625 0.048828125
0 0.36328125 0.4365234375 0.0390625 0.048828125
0 0.40078125 0.4794921875 0.0390625 0.048828125
0 0.43984375 0.5205078125 0.0390625 0.048828125
0 0.47890625 0.5634765625 0.0390625 0.048828125
0 0.48203125 0.6533203125 0.0390625 0.048828125
0 0.44296875 0.6103515625 0.0390625 0.048828125
0 0.40390625 0.5673828125 0.0390625 0.048828125
0 0.36484375 0.5244140625 0.0390625 0.048828125
0 0.32734375 0.4833984375 0.0390625 0.048828125
0 0.28828125 0.4404296875 0.0390625 0.048828125
0 0.25078125 0.3994140625 0.0390625 0.048828125
0 0.21328125 0.4462890625 0.0390625 0.048828125
0 0.25234375 0.4873046875 0.0390625 0.048828125
0 0.29140625 0.5302734375 0.0390625 0.048828125
0 0.32890625 0.5712890625 0.0390625 0.048828125
0 0.36796875 0.6142578125 0.0390625 0.048828125
0 0.40546875 0.6572265625 0.0390625 0.048828125
0 0.44453125 0.7001953125 0.0390625 0.048828125
0 0.48359375 0.7431640625 0.0390625 0.048828125
0 0.44765625 0.7919921875 0.0390625 0.048828125
0 0.48671875 0.8349609375 0.0390625 0.048828125
0 0.40859375 0.7490234375 0.0390625 0.048828125
0 0.36953125 0.7041015625 0.0390625 0.048828125
0 0.33046875 0.6611328125 0.0390625 0.048828125
0 0.29140625 0.6201171875 0.0390625 0.048828125
0 0.25390625 0.5771484375 0.0390625 0.048828125
0 0.21484375 0.5341796875 0.0390625 0.048828125
0 0.17734375 0.4912109375 0.0390625 0.048828125
0 0.56484375 0.9228515625 0.0390625 0.048828125
