0 0.1140625 0.2373046875 0.04375 0.095703125
0 0.23984375 0.6123046875 0.0453125 0.099609375
0 0.1078125 0.427734375 0.04375 0.09765625
0 0.4859375 0.3076171875 0.04375 0.099609375
0 0.4328125 0.505859375 0.04375 0.09765625
0 0.48125 0.5 0.04375 0.09765625
0 0.33203125 0.705078125 0.0453125 0.09765625
0 0.2484375 0.419921875 0.04375 0.09765625
0 0.4859375 0.400390625 0.04375 0.09765625
0 0.390625 0.4052734375 0.04375 0.095703125
0 0.1515625 0.521484375 0.04375 0.09765625
0 0.3359375 0.6064453125 0.04375 0.099609375
0 0.4390625 0.3076171875 0.04375 0.099609375
0 0.4375 0.4072265625 0.04375 0.099609375
0 0.15625 0.4248046875 0.04375 0.099609375
0 0.30078125 0.318359375 0.0453125 0.09765625
0 0.0953125 0.720703125 0.04375 0.09765625
0 0.20625 0.3271484375 0.04375 0.095703125
0 0.39296875 0.3134765625 0.0453125 0.099609375
0 0.2078125 0.232421875 0.04375 0.09765625
0 0.4796875 0.5986328125 0.04375 0.099609375
0 0.2 0.4228515625 0.04375 0.099609375
0 0.5265625 0.5966796875 0.040625 0.099609375
0 0.24609375 0.5126953125 0.0453125 0.095703125
0 0.43125 0.6015625 0.04375 0.09765625
0 0.19375 0.6142578125 0.04375 0.099609375
0 0.53125 0.4013671875 0.04375 0.099609375
0 0.528125 0.498046875 0.04375 0.09765625
0 0.10390625 0.5234375 0.0421875 0.09765625
0 0.5234375 0.791015625 0.04375 0.09765625
0 0.3453125 0.3154296875 0.04375 0.099609375
0 0.0453125 0.7236328125 0.046875 0.099609375
0 0.1453125 0.6201171875 0.04375 0.099609375
0 0.1875 0.8095703125 0.04375 0.099609375
0 0.090625 0.8173828125 0.04375 0.099609375
0 0.425 0.796875 0.04375 0.09765625
0 0.340625 0.5107421875 0.04375 0.099609375
0 0.290625 0.609375 0.04375 0.09765625
0 0.42890625 0.6982421875 0.0453125 0.099609375
0 0.38671875 0.5078125 0.0453125 0.09765625
0 0.3421875 0.412109375 0.04375 0.09765625
0 0.19765625 0.5185546875 0.0453125 0.099609375
0 0.2375 0.7109375 0.04375 0.09765625
0 0.1390625 0.814453125 0.04375 0.09765625
0 0.296875 0.4150390625 0.04375 0.099609375
0 0.14296875 0.7158203125 0.0453125 0.099609375
0 0.2921875 0.513671875 0.04375 0.09765625
0 0.1890625 0.712890625 0.04375 0.09765625
0 0.23359375 0.8095703125 0.0453125 0.099609375
0 0.5234375 0.6875 0.04375 0.09765625
0 0.0546875 0.529296875 0.04375 0.09765625
0 0.06953125 0.2392578125 0.0453125 0.095703125
0 0.38046875 0.703125 0.0453125 0.09765625
0 0.30078125 0.22265625 0.0453125 0.09765625
0 0.4734375 0.7939453125 0.04375 0.099609375
0 0.475 0.6953125 0.04375 0.09765625
0 0.28125 0.8037109375 0.04375 0.099609375
0 0.11171875 0.3310546875 0.0453125 0.099609375
0 0.1625 0.2353515625 0.04375 0.099609375
0 0.534375 0.302734375 0.04375 0.09765625
0 0.3296875 0.8037109375 0.04375 0.099609375
0 0.1578125 0.330078125 0.04375 0.09765625
0 0.48984375 0.208984375 0.0453125 0.09765625
0 0.0984375 0.6220703125 0.04375 0.099609375
0 0.3953125 0.2177734375 0.04375 0.095703125
0 0.053125 0.62890625 0.04375 0.09765625
0 0.284375 0.7080078125 0.04375 0.099609375
0 0.11796875 0.1416015625 0.0453125 0.099609375
0 0.44375 0.2158203125 0.04375 0.095703125
0 0.059375 0.4345703125 0.04375 0.095703125
0 0.3765625 0.8017578125 0.04375 0.099609375
0 0.3828125 0.6044921875 0.04375 0.099609375
0 0.06328125 0.3388671875 0.0453125 0.099609375
0 0.25234375 0.3212890625 0.0453125 0.099609375
0 0.3046875 0.1279296875 0.04375 0.095703125
0 0.0421875 0.8232421875 0.04375 0.095703125
0 0.3484375 0.224609375 0.04375 0.09765625
0 0.5359375 0.2099609375 0.04375 0.095703125
0 0.2546875 0.23046875 0.04375 0.09765625
0 0.071875 0.14453125 0.04375 0.09765625
0 0.3515625 0.125 0.04375 0.09765625
0 0.49375 0.11328125 0.04375 0.09765625
0 0.4 0.1181640625 0.04375 0.099609375
0 0.16640625 0.1396484375 0.0453125 0.099609375
0 0.2125 0.1328125 0.04375 0.09765625
0 0.25859375 0.1337890625 0.0453125 0.099609375
0 0.4453125 0.12109375 0.04375 0.09765625
0 0.540625 0.1162109375 0.04375 0.099609375
