0 0.81953125 0.806640625 0.0515625 0.07421875
0 0.7640625 0.78125 0.05 0.07421875
0 0.70703125 0.763671875 0.0515625 0.07421875
0 0.6515625 0.74609375 0.05 0.07421875
0 0.59609375 0.7255859375 0.0515625 0.076171875
0 0.54140625 0.70703125 0.0515625 0.07421875
0 0.48828125 0.6875 0.0515625 0.07421875
0 0.43046875 0.666015625 0.0515625 0.07421875
0 0.3734375 0.6484375 0.05 0.07421875
0 0.3203125 0.630859375 0.05 0.07421875
0 0.2609375 0.609375 0.05 0.07421875
0 0.83828125 0.734375 0.0515625 0.07421875
0 0.77890625 0.712890625 0.0515625 0.07421875
0 0.7234375 0.6953125 0.05 0.07421875
0 0.66796875 0.671875 0.0515625 0.07421875
0 0.61328125 0.654296875 0.0515625 0.07421875
0 0.5578125 0.63671875 0.05 0.07421875
0 0.50234375 0.615234375 0.0515625 0.07421875
0 0.44765625 0.59765625 0.0515625 0.07421875
0 0.38984375 0.580078125 0.0515625 0.07421875
0 0.33515625 0.55859375 0.0515625 0.07421875
0 0.27734375 0.5380859375 0.0515625 0.076171875
0 0.29140625 0.466796875 0.0515625 0.07421875
0 0.346875 0.484375 0.05 0.07421875
0 0.40390625 0.5078125 0.0515625 0.07421875
0 0.459375 0.525390625 0.05 0.07421875
0 0.51484375 0.5439453125 0.0515625 0.076171875
0 0.56953125 0.564453125 0.0515625 0.07421875
0 0.62734375 0.58203125 0.0515625 0.07421875
0 0.68203125 0.603515625 0.0515625 0.07421875
0 0.7375 0.62109375 0.05 0.07421875
0 0.79296875 0.642578125 0.0515625 0.07421875
0 0.85 0.66015625 0.05 0.07421875
0 0.86796875 0.591796875 0.0515625 0.07421875
0 0.81171875 0.5703125 0.0515625 0.07421875
0 0.75546875 0.552734375 0.0515625 0.07421875
0 0.69921875 0.53125 0.0515625 0.07421875
0 0.64140625 0.51171875 0.0515625 0.07421875
0 0.58984375 0.49609375 0.0515625 0.07421875
0 0.52890625 0.47265625 0.0515625 0.07421875
0 0.47578125 0.455078125 0.0515625 0.07421875
0 0.41875 0.43359375 0.05 0.07421875
0 0.36328125 0.4130859375 0.0515625 0.076171875
0 0.30625 0.392578125 0.05 0.07421875
0 0.31796875 0.3203125 0.0515625 0.07421875
0 0.37578125 0.341796875 0.0515625 0.07421875
0 0.43515625 0.36328125 0.0515625 0.07421875
0 0.48984375 0.3828125 0.0515625 0.07421875
0 0.54765625 0.400390625 0.0515625 0.07421875
0 0.60078125 0.421875 0.0515625 0.07421875
0 0.6578125 0.439453125 0.05 0.07421875
0 0.7109375 0.4609375 0.05 0.07421875
0 0.7703125 0.4814453125 0.05 0.076171875
0 0.82578125 0.5 0.0515625 0.07421875
0 0.8828125 0.51953125 0.05 0.07421875
0 0.90078125 0.4453125 0.0515625 0.07421875
0 0.84375 0.427734375 0.05 0.07421875
0 0.78671875 0.404296875 0.0515625 0.07421875
0 0.73125 0.388671875 0.05 0.07421875
0 0.67421875 0.365234375 0.0515625 0.07421875
0 0.61875 0.34765625 0.05 0.07421875
0 0.56171875 0.330078125 0.0515625 0.07421875
0 0.50703125 0.30859375 0.0515625 0.07421875
0 0.44765625 0.2880859375 0.0515625 0.076171875
0 0.38984375 0.267578125 0.0515625 0.07421875
0 0.33515625 0.25 0.0515625 0.07421875
0 0.346875 0.177734375 0.05 0.07421875
0 0.40390625 0.1953125 0.0515625 0.07421875
0 0.46328125 0.216796875 0.0515625 0.07421875
0 0.51640625 0.234375 0.0515625 0.07421875
0 0.57421875 0.2578125 0.0515625 0.07421875
0 0.62890625 0.2734375 0.0515625 0.07421875
0 0.68671875 0.2939453125 0.0515625 0.076171875
0 0.74609375 0.318359375 0.0515625 0.07421875
0 0.80078125 0.3359375 0.0515625 0.07421875
0 0.85859375 0.3564453125 0.0515625 0.076171875
0 0.915625 0.376953125 0.05 0.07421875
0 0.93203125 0.30078125 0.0515625 0.07421875
0 0.87421875 0.275390625 0.0515625 0.07421875
0 0.82109375 0.26171875 0.0515625 0.07421875
0 0.76171875 0.240234375 0.0515625 0.07421875
0 0.70234375 0.2255859375 0.0515625 0.076171875
0 0.64921875 0.201171875 0.0515625 0.07421875
0 0.5921875 0.18359375 0.05 0.07421875
0 0.53515625 0.1630859375 0.0515625 0.076171875
0 0.47734375 0.14453125 0.0515625 0.07421875
0 0.41875 0.12109375 0.05 0.07421875
0 0.36328125 0.103515625 0.0515625 0.07421875
