0 0.54140625 0.7197265625 0.0390625 0.048828125
0 0.67890625 0.2568359375 0.0390625 0.048828125
0 0.69296875 0.7255859375 0.0390625 0.048828125
0 0.52578125 0.2490234375 0.0390625 0.048828125
0 0.64765625 0.6572265625 0.0390625 0.048828125
0 0.62890625 0.2548828125 0.0390625 0.048828125
0 0.65234375 0.5908203125 0.0390625 0.048828125
0 0.30234375 0.4423828125 0.0390625 0.048828125
0 0.73046875 0.2587890625 0.0390625 0.048828125
0 0.75390625 0.5947265625 0.0390625 0.048828125
0 0.64296875 0.7236328125 0.0390625 0.048828125
0 0.76484375 0.4619140625 0.0390625 0.048828125
0 0.36484375 0.3095703125 0.0390625 0.048828125
0 0.30703125 0.3740234375 0.0390625 0.048828125
0 0.65859375 0.5244140625 0.0390625 0.048828125
0 0.67421875 0.3232421875 0.0390625 0.048828125
0 0.35390625 0.4443359375 0.0390625 0.048828125
0 0.60234375 0.5888671875 0.0390625 0.048828125
0 0.40234375 0.5146484375 0.0390625 0.048828125
0 0.59296875 0.7216796875 0.0390625 0.048828125
0 0.55078125 0.5869140625 0.0390625 0.048828125
0 0.40703125 0.4462890625 0.0390625 0.048828125
0 0.39140625 0.6474609375 0.0390625 0.048828125
0 0.55703125 0.5205078125 0.0390625 0.048828125
0 0.43828125 0.7177734375 0.0390625 0.048828125
0 0.69765625 0.6591796875 0.0390625 0.048828125
0 0.62265625 0.3212890625 0.0390625 0.048828125
0 0.29765625 0.5087890625 0.0390625 0.048828125
0 0.75859375 0.5283203125 0.0390625 0.048828125
0 0.59765625 0.6552734375 0.0390625 0.048828125
0 0.31171875 0.3056640625 0.0390625 0.048828125
0 0.56640625 0.3857421875 0.0390625 0.048828125
0 0.49453125 0.6513671875 0.0390625 0.048828125
0 0.51484375 0.3837890625 0.0390625 0.048828125
0 0.42109375 0.2431640625 0.0390625 0.048828125
0 0.54609375 0.6533203125 0.0390625 0.048828125
0 0.41640625 0.3115234375 0.0390625 0.048828125
0 0.70859375 0.5263671875 0.0390625 0.048828125
0 0.74921875 0.6611328125 0.0390625 0.048828125
0 0.34921875 0.5107421875 0.0390625 0.048828125
0 0.60703125 0.5224609375 0.0390625 0.048828125
0 0.44296875 0.6494140625 0.0390625 0.048828125
0 0.48984375 0.7177734375 0.0390625 0.048828125
0 0.51953125 0.3173828125 0.0390625 0.048828125
0 0.38671875 0.7158203125 0.0390625 0.048828125
0 0.78046875 0.2626953125 0.0390625 0.048828125
0 0.50078125 0.5849609375 0.0390625 0.048828125
0 0.70390625 0.5927734375 0.0390625 0.048828125
0 0.36015625 0.3759765625 0.0390625 0.048828125
0 0.77578125 0.3291015625 0.0390625 0.048828125
0 0.24921875 0.4404296875 0.0390625 0.048828125
0 0.33515625 0.7138671875 0.0390625 0.048828125
0 0.41171875 0.3798828125 0.0390625 0.048828125
0 0.46328125 0.3818359375 0.0390625 0.048828125
0 0.47421875 0.2470703125 0.0390625 0.048828125
0 0.57734375 0.2529296875 0.0390625 0.048828125
0 0.61171875 0.4560546875 0.0390625 0.048828125
0 0.71484375 0.4599609375 0.0390625 0.048828125
0 0.57109375 0.3193359375 0.0390625 0.048828125
0 0.74296875 0.7275390625 0.0390625 0.048828125
0 0.45859375 0.4482421875 0.0390625 0.048828125
0 0.46953125 0.3134765625 0.0390625 0.048828125
0 0.29140625 0.5771484375 0.0390625 0.048828125
0 0.77109375 0.3955078125 0.0390625 0.048828125
0 0.56171875 0.4541015625 0.0390625 0.048828125
0 0.51015625 0.4501953125 0.0390625 0.048828125
0 0.34453125 0.5791015625 0.0390625 0.048828125
0 0.31640625 0.2373046875 0.0390625 0.048828125
0 0.45390625 0.5166015625 0.0390625 0.048828125
0 0.72421875 0.3271484375 0.0390625 0.048828125
0 0.28671875 0.6455078125 0.0390625 0.048828125
0 0.71953125 0.3935546875 0.0390625 0.048828125
0 0.33984375 0.6474609375 0.0390625 0.048828125
0 0.28203125 0.7119140625 0.0390625 0.048828125
0 0.23984375 0.5751953125 0.0390625 0.048828125
0 0.61796875 0.3876953125 0.0390625 0.048828125
0 0.66328125 0.4580078125 0.0390625 0.048828125
0 0.36953125 0.2392578125 0.0390625 0.048828125
0 0.39609375 0.5810546875 0.0390625 0.048828125
0 0.50546875 0.5185546875 0.0390625 0.048828125
0 0.22890625 0.7119140625 0.0390625 0.048828125
0 0.25390625 0.3720703125 0.0390625 0.048828125
0 0.44765625 0.5830078125 0.0390625 0.048828125
0 0.24453125 0.5068359375 0.0390625 0.048828125
0 0.25859375 0.3037109375 0.0390625 0.048828125
0 0.66796875 0.3916015625 0.0390625 0.048828125
0 0.23359375 0.6435546875 0.0390625 0.048828125
0 0.26328125 0.2333984375 0.0390625 0.048828125
