0 0.53046875 0.7138671875 0.0390625 0.048828125
0 0.46640625 0.6669921875 0.0390625 0.048828125
0 0.36015625 0.6904296875 0.0390625 0.048828125
0 0.65859375 0.5107421875 0.0390625 0.048828125
0 0.54296875 0.4775390625 0.0390625 0.048828125
0 0.58515625 0.4111328125 0.0390625 0.048828125
0 0.25234375 0.7138671875 0.0390625 0.048828125
0 0.34140625 0.5771484375 0.0390625 0.048828125
0 0.55234375 0.5322265625 0.0390625 0.048828125
0 0.27109375 0.4755859375 0.0390625 0.048828125
0 0.42734375 0.4443359375 0.0390625 0.048828125
0 0.61640625 0.5771484375 0.0390625 0.048828125
0 0.62734375 0.6337890625 0.0390625 0.048828125
0 0.28828125 0.5888671875 0.0390625 0.048828125
0 0.66953125 0.5673828125 0.0390625 0.048828125
0 0.68046875 0.3349609375 0.0390625 0.048828125
0 0.74609375 0.6689453125 0.0390625 0.048828125
0 0.35078125 0.6318359375 0.0390625 0.048828125
0 0.49140625 0.4873046875 0.0390625 0.048828125
0 0.68046875 0.6240234375 0.0390625 0.048828125
0 0.48046875 0.4326171875 0.0390625 0.048828125
0 0.40390625 0.6220703125 0.0390625 0.048828125
0 0.44765625 0.5537109375 0.0390625 0.048828125
0 0.39453125 0.5654296875 0.0390625 0.048828125
0 0.74296875 0.3779296875 0.0390625 0.048828125
0 0.38515625 0.5107421875 0.0390625 0.048828125
0 0.53203125 0.4208984375 0.0390625 0.048828125
0 0.33203125 0.5205078125 0.0390625 0.048828125
0 0.29765625 0.6455078125 0.0390625 0.048828125
0 0.47109375 0.3779296875 0.0390625 0.048828125
0 0.60546875 0.5205078125 0.0390625 0.048828125
0 0.70078125 0.4443359375 0.0390625 0.048828125
0 0.51015625 0.5986328125 0.0390625 0.048828125
0 0.49921875 0.5419921875 0.0390625 0.048828125
0 0.36640625 0.3994140625 0.0390625 0.048828125
0 0.57421875 0.6455078125 0.0390625 0.048828125
0 0.27890625 0.5322265625 0.0390625 0.048828125
0 0.30703125 0.7021484375 0.0390625 0.048828125
0 0.76484375 0.4892578125 0.0390625 0.048828125
0 0.59609375 0.4658203125 0.0390625 0.048828125
0 0.31640625 0.7587890625 0.0390625 0.048828125
0 0.42265625 0.7353515625 0.0390625 0.048828125
0 0.22578125 0.5439453125 0.0390625 0.048828125
0 0.63828125 0.6904296875 0.0390625 0.048828125
0 0.56328125 0.5888671875 0.0390625 0.048828125
0 0.63828125 0.3994140625 0.0390625 0.048828125
0 0.41328125 0.6787109375 0.0390625 0.048828125
0 0.52265625 0.3642578125 0.0390625 0.048828125
0 0.72265625 0.2705078125 0.0390625 0.048828125
0 0.26171875 0.7705078125 0.0390625 0.048828125
0 0.58359375 0.7021484375 0.0390625 0.048828125
0 0.26171875 0.4208984375 0.0390625 0.048828125
0 0.78671875 0.6025390625 0.0390625 0.048828125
0 0.43828125 0.4990234375 0.0390625 0.048828125
0 0.73515625 0.6123046875 0.0390625 0.048828125
0 0.77578125 0.5458984375 0.0390625 0.048828125
0 0.41953125 0.3896484375 0.0390625 0.048828125
0 0.47734375 0.7255859375 0.0390625 0.048828125
0 0.24296875 0.6552734375 0.0390625 0.048828125
0 0.31484375 0.4111328125 0.0390625 0.048828125
0 0.64765625 0.4560546875 0.0390625 0.048828125
0 0.71171875 0.5009765625 0.0390625 0.048828125
0 0.45859375 0.6103515625 0.0390625 0.048828125
0 0.61796875 0.2919921875 0.0390625 0.048828125
0 0.73203125 0.3251953125 0.0390625 0.048828125
0 0.51953125 0.6572265625 0.0390625 0.048828125
0 0.32265625 0.4658203125 0.0390625 0.048828125
0 0.62734375 0.3447265625 0.0390625 0.048828125
0 0.30546875 0.3564453125 0.0390625 0.048828125
0 0.20859375 0.4326171875 0.0390625 0.048828125
0 0.57578125 0.3564453125 0.0390625 0.048828125
0 0.21640625 0.4873046875 0.0390625 0.048828125
0 0.69140625 0.3896484375 0.0390625 0.048828125
0 0.37578125 0.4541015625 0.0390625 0.048828125
0 0.66953125 0.2802734375 0.0390625 0.048828125
0 0.25234375 0.3662109375 0.0390625 0.048828125
0 0.72265625 0.5556640625 0.0390625 0.048828125
0 0.23515625 0.5986328125 0.0390625 0.048828125
0 0.69140625 0.6806640625 0.0390625 0.048828125
0 0.75390625 0.4326171875 0.0390625 0.048828125
0 0.36953125 0.7470703125 0.0390625 0.048828125
0 0.40859375 0.3349609375 0.0390625 0.048828125
0 0.56484375 0.3017578125 0.0390625 0.048828125
0 0.79921875 0.6591796875 0.0390625 0.048828125
0 0.35703125 0.3447265625 0.0390625 0.048828125
0 0.19921875 0.3779296875 0.0390625 0.048828125
0 0.51171875 0.3115234375 0.0390625 0.048828125
0 0.46171875 0.3232421875 0.0390625 0.048828125
