0 0.165625 0.0947265625 0.059375 0.064453125
0 0.284375 0.0947265625 0.059375 0.064453125
0 0.34296875 0.0947265625 0.0578125 0.064453125
0 0.49140625 0.5205078125 0.0578125 0.064453125
0 0.2484375 0.5869140625 0.059375 0.064453125
0 0.1515625 0.3017578125 0.059375 0.064453125
0 0.47265625 0.8095703125 0.0578125 0.064453125
0 0.2625 0.3759765625 0.059375 0.064453125
0 0.4015625 0.0947265625 0.059375 0.064453125
0 0.3359375 0.1669921875 0.059375 0.064453125
0 0.146875 0.3740234375 0.059375 0.064453125
0 0.38125 0.3759765625 0.059375 0.064453125
0 0.20390625 0.3740234375 0.0578125 0.064453125
0 0.24375 0.6552734375 0.059375 0.064453125
0 0.321875 0.3759765625 0.059375 0.064453125
0 0.3953125 0.1669921875 0.059375 0.064453125
0 0.5109375 0.2373046875 0.059375 0.064453125
0 0.2390625 0.73046875 0.059375 0.0625
0 0.45625 0.1669921875 0.059375 0.064453125
0 0.35703125 0.7333984375 0.0578125 0.064453125
0 0.3765625 0.4482421875 0.059375 0.064453125
0 0.2953125 0.73046875 0.059375 0.0625
0 0.09765625 0.2333984375 0.0578125 0.064453125
0 0.13125 0.5849609375 0.059375 0.064453125
0 0.18984375 0.5849609375 0.0578125 0.064453125
0 0.19921875 0.4423828125 0.0578125 0.064453125
0 0.121875 0.7255859375 0.059375 0.064453125
0 0.4203125 0.6630859375 0.059375 0.064453125
0 0.43046875 0.5205078125 0.0578125 0.064453125
0 0.4609375 0.0947265625 0.059375 0.064453125
0 0.371875 0.517578125 0.059375 0.0625
0 0.18046875 0.7275390625 0.0578125 0.064453125
0 0.44921875 0.2353515625 0.0578125 0.064453125
0 0.5015625 0.37890625 0.059375 0.0625
0 0.215625 0.2353515625 0.059375 0.064453125
0 0.50625 0.3076171875 0.059375 0.064453125
0 0.3078125 0.5888671875 0.059375 0.064453125
0 0.5203125 0.0947265625 0.059375 0.064453125
0 0.390625 0.2373046875 0.059375 0.064453125
0 0.15625 0.2333984375 0.059375 0.064453125
0 0.2578125 0.4462890625 0.059375 0.064453125
0 0.18515625 0.6552734375 0.0578125 0.064453125
0 0.36171875 0.6611328125 0.0578125 0.064453125
0 0.11640625 0.796875 0.0578125 0.0625
0 0.303125 0.6591796875 0.059375 0.064453125
0 0.1421875 0.4423828125 0.059375 0.064453125
0 0.4796875 0.6630859375 0.059375 0.064453125
0 0.0578125 0.7939453125 0.059375 0.064453125
0 0.43984375 0.37890625 0.0578125 0.0625
0 0.3265625 0.3046875 0.059375 0.0625
0 0.2796875 0.1669921875 0.059375 0.064453125
0 0.415625 0.7353515625 0.059375 0.064453125
0 0.07890625 0.5126953125 0.0578125 0.064453125
0 0.19453125 0.5146484375 0.0578125 0.064453125
0 0.1359375 0.5126953125 0.059375 0.064453125
0 0.2109375 0.3046875 0.059375 0.0625
0 0.271875 0.2353515625 0.059375 0.064453125
0 0.225 0.0947265625 0.059375 0.064453125
0 0.3171875 0.4462890625 0.059375 0.064453125
0 0.1265625 0.6533203125 0.059375 0.064453125
0 0.10234375 0.1630859375 0.0578125 0.064453125
0 0.425 0.591796875 0.059375 0.0625
0 0.33125 0.2353515625 0.059375 0.064453125
0 0.43515625 0.4482421875 0.0578125 0.064453125
0 0.175 0.7998046875 0.059375 0.064453125
0 0.2671875 0.3046875 0.059375 0.0625
0 0.1609375 0.1630859375 0.059375 0.064453125
0 0.3125 0.517578125 0.059375 0.0625
0 0.253125 0.5146484375 0.059375 0.064453125
0 0.36640625 0.5888671875 0.0578125 0.064453125
0 0.2203125 0.1630859375 0.059375 0.064453125
0 0.44453125 0.3076171875 0.0578125 0.064453125
0 0.109375 0.0947265625 0.059375 0.064453125
0 0.35234375 0.8046875 0.0578125 0.0625
0 0.515625 0.1669921875 0.059375 0.064453125
0 0.4109375 0.8076171875 0.059375 0.064453125
0 0.48671875 0.591796875 0.0578125 0.0625
0 0.08359375 0.4404296875 0.0578125 0.064453125
0 0.47734375 0.7353515625 0.0578125 0.064453125
0 0.08828125 0.3720703125 0.0578125 0.064453125
0 0.0625 0.72265625 0.059375 0.0625
0 0.0671875 0.6533203125 0.059375 0.064453125
0 0.234375 0.7998046875 0.059375 0.064453125
0 0.49375 0.4501953125 0.059375 0.064453125
0 0.3859375 0.3076171875 0.059375 0.064453125
0 0.29375 0.8017578125 0.059375 0.064453125
0 0.09296875 0.3017578125 0.0578125 0.064453125
0 0.07421875 0.5810546875 0.0578125 0.064453125
