0 0.38984375 0.4560546875 0.0390625 0.048828125
0 0.23203125 0.4619140625 0.0390625 0.048828125
0 0.29296875 0.4443359375 0.0390625 0.048828125
0 0.24609375 0.5380859375 0.0390625 0.048828125
0 0.45546875 0.6357421875 0.0390625 0.048828125
0 0.52890625 0.6943359375 0.0390625 0.048828125
0 0.44921875 0.4384765625 0.0390625 0.048828125
0 0.48359375 0.7880859375 0.0390625 0.048828125
0 0.39921875 0.3349609375 0.0390625 0.048828125
0 0.41171875 0.4111328125 0.0390625 0.048828125
0 0.30703125 0.5205078125 0.0390625 0.048828125
0 0.56640625 0.7236328125 0.0390625 0.048828125
0 0.55234375 0.6474609375 0.0390625 0.048828125
0 0.46953125 0.7119140625 0.0390625 0.048828125
0 0.61953125 0.5087890625 0.0390625 0.048828125
0 0.18515625 0.5556640625 0.0390625 0.048828125
0 0.40859375 0.7294921875 0.0390625 0.048828125
0 0.45859375 0.3193359375 0.0390625 0.048828125
0 0.63359375 0.5830078125 0.0390625 0.048828125
0 0.62578125 0.7060546875 0.0390625 0.048828125
0 0.47265625 0.3935546875 0.0390625 0.048828125
0 0.48671875 0.4677734375 0.0390625 0.048828125
0 0.32109375 0.5966796875 0.0390625 0.048828125
0 0.54296875 0.7705078125 0.0390625 0.048828125
0 0.26015625 0.6142578125 0.0390625 0.048828125
0 0.27890625 0.3701171875 0.0390625 0.048828125
0 0.37578125 0.3818359375 0.0390625 0.048828125
0 0.35234375 0.4267578125 0.0390625 0.048828125
0 0.58828125 0.6767578125 0.0390625 0.048828125
0 0.46328125 0.5146484375 0.0390625 0.048828125
0 0.42734375 0.4853515625 0.0390625 0.048828125
0 0.51484375 0.6181640625 0.0390625 0.048828125
0 0.36640625 0.5029296875 0.0390625 0.048828125
0 0.33828125 0.3525390625 0.0390625 0.048828125
0 0.39453125 0.6533203125 0.0390625 0.048828125
0 0.56015625 0.5263671875 0.0390625 0.048828125
0 0.38359375 0.2607421875 0.0390625 0.048828125
0 0.60546875 0.4345703125 0.0390625 0.048828125
0 0.68046875 0.4912109375 0.0390625 0.048828125
0 0.43515625 0.3642578125 0.0390625 0.048828125
0 0.38203125 0.5791015625 0.0390625 0.048828125
0 0.69453125 0.5673828125 0.0390625 0.048828125
0 0.57421875 0.6005859375 0.0390625 0.048828125
0 0.31484375 0.3994140625 0.0390625 0.048828125
0 0.33046875 0.4736328125 0.0390625 0.048828125
0 0.60390625 0.7529296875 0.0390625 0.048828125
0 0.61171875 0.6298828125 0.0390625 0.048828125
0 0.64921875 0.6591796875 0.0390625 0.048828125
0 0.25546875 0.4169921875 0.0390625 0.048828125
0 0.53203125 0.3759765625 0.0390625 0.048828125
0 0.44140625 0.5615234375 0.0390625 0.048828125
0 0.29765625 0.6416015625 0.0390625 0.048828125
0 0.51015625 0.4228515625 0.0390625 0.048828125
0 0.71796875 0.5205078125 0.0390625 0.048828125
0 0.49140625 0.6650390625 0.0390625 0.048828125
0 0.30234375 0.3232421875 0.0390625 0.048828125
0 0.47734375 0.5888671875 0.0390625 0.048828125
0 0.40390625 0.5322265625 0.0390625 0.048828125
0 0.55859375 0.8466796875 0.0390625 0.048828125
0 0.54609375 0.4501953125 0.0390625 0.048828125
0 0.32421875 0.2763671875 0.0390625 0.048828125
0 0.50078125 0.5439453125 0.0390625 0.048828125
0 0.28359375 0.5654296875 0.0390625 0.048828125
0 0.33515625 0.6708984375 0.0390625 0.048828125
0 0.52265625 0.4970703125 0.0390625 0.048828125
0 0.35859375 0.6240234375 0.0390625 0.048828125
0 0.34453125 0.5498046875 0.0390625 0.048828125
0 0.56953125 0.4052734375 0.0390625 0.048828125
0 0.67109375 0.6123046875 0.0390625 0.048828125
0 0.50703125 0.7412109375 0.0390625 0.048828125
0 0.41796875 0.6064453125 0.0390625 0.048828125
0 0.53828125 0.5732421875 0.0390625 0.048828125
0 0.65703125 0.5380859375 0.0390625 0.048828125
0 0.58046875 0.7998046875 0.0390625 0.048828125
0 0.26953125 0.4912109375 0.0390625 0.048828125
0 0.34765625 0.2314453125 0.0390625 0.048828125
0 0.22265625 0.5849609375 0.0390625 0.048828125
0 0.20859375 0.5087890625 0.0390625 0.048828125
0 0.36171875 0.3076171875 0.0390625 0.048828125
0 0.43203125 0.6826171875 0.0390625 0.048828125
0 0.58359375 0.4794921875 0.0390625 0.048828125
0 0.64296875 0.4638671875 0.0390625 0.048828125
0 0.49609375 0.3466796875 0.0390625 0.048828125
0 0.52109375 0.8173828125 0.0390625 0.048828125
0 0.59765625 0.5556640625 0.0390625 0.048828125
0 0.42109375 0.2900390625 0.0390625 0.048828125
0 0.44609375 0.7587890625 0.0390625 0.048828125
0 0.37265625 0.7001953125 0.0390625 0.048828125
