0 0.8125 0.6142578125 0.075 0.052734375
0 0.20390625 0.5107421875 0.0765625 0.052734375
0 0.37421875 0.4482421875 0.0765625 0.052734375
0 0.55078125 0.5615234375 0.0765625 0.052734375
0 0.11640625 0.5146484375 0.0765625 0.052734375
0 0.80625 0.4970703125 0.075 0.052734375
0 0.38046875 0.6279296875 0.0765625 0.052734375
0 0.11328125 0.3955078125 0.0765625 0.052734375
0 0.1984375 0.3935546875 0.075 0.052734375
0 0.2953125 0.6865234375 0.075 0.052734375
0 0.20703125 0.6865234375 0.0765625 0.052734375
0 0.6359375 0.4443359375 0.075 0.052734375
0 0.20390625 0.6318359375 0.0765625 0.052734375
0 0.37734375 0.5693359375 0.0765625 0.052734375
0 0.20390625 0.5732421875 0.0765625 0.052734375
0 0.72421875 0.5576171875 0.0765625 0.052734375
0 0.29296875 0.5107421875 0.0765625 0.052734375
0 0.54765625 0.4443359375 0.0765625 0.052734375
0 0.11328125 0.4541015625 0.0765625 0.052734375
0 0.37734375 0.5068359375 0.0765625 0.052734375
0 0.465625 0.5634765625 0.075 0.052734375
0 0.6390625 0.6806640625 0.075 0.052734375
0 0.71796875 0.3818359375 0.0765625 0.052734375
0 0.6390625 0.5595703125 0.075 0.052734375
0 0.55390625 0.62109375 0.0765625 0.05078125
0 0.81484375 0.6767578125 0.0765625 0.052734375
0 0.72421875 0.4990234375 0.0765625 0.052734375
0 0.80625 0.4404296875 0.075 0.052734375
0 0.2015625 0.4521484375 0.075 0.052734375
0 0.465625 0.6826171875 0.075 0.052734375
0 0.55390625 0.6806640625 0.0765625 0.052734375
0 0.38046875 0.6826171875 0.0765625 0.052734375
0 0.11640625 0.5732421875 0.0765625 0.052734375
0 0.89140625 0.3818359375 0.0765625 0.052734375
0 0.55078125 0.5029296875 0.0765625 0.052734375
0 0.6390625 0.6181640625 0.075 0.052734375
0 0.809375 0.5576171875 0.075 0.052734375
0 0.71796875 0.4423828125 0.0765625 0.052734375
0 0.72734375 0.6162109375 0.0765625 0.052734375
0 0.29296875 0.6298828125 0.0765625 0.052734375
0 0.89453125 0.4990234375 0.0765625 0.052734375
0 0.38359375 0.7431640625 0.0765625 0.052734375
0 0.465625 0.6240234375 0.075 0.052734375
0 0.4625 0.4462890625 0.075 0.052734375
0 0.37421875 0.3896484375 0.0765625 0.052734375
0 0.11953125 0.6318359375 0.0765625 0.052734375
0 0.21015625 0.7490234375 0.0765625 0.052734375
0 0.54765625 0.3857421875 0.0765625 0.052734375
0 0.28984375 0.4501953125 0.0765625 0.052734375
0 0.11015625 0.3349609375 0.0765625 0.052734375
0 0.6359375 0.5029296875 0.075 0.052734375
0 0.28671875 0.3916015625 0.0765625 0.052734375
0 0.11953125 0.6904296875 0.0765625 0.052734375
0 0.2984375 0.7451171875 0.075 0.052734375
0 0.73046875 0.7373046875 0.0765625 0.052734375
0 0.72734375 0.6787109375 0.0765625 0.052734375
0 0.89140625 0.4384765625 0.0765625 0.052734375
0 0.29296875 0.5712890625 0.0765625 0.052734375
0 0.81484375 0.7353515625 0.0765625 0.052734375
0 0.89453125 0.6142578125 0.0765625 0.052734375
0 0.46015625 0.3876953125 0.0765625 0.052734375
0 0.12265625 0.7490234375 0.0765625 0.052734375
0 0.6421875 0.7373046875 0.075 0.052734375
0 0.4625 0.5048828125 0.075 0.052734375
0 0.1984375 0.3310546875 0.075 0.052734375
0 0.90390625 0.7353515625 0.0765625 0.052734375
0 0.8 0.3798828125 0.075 0.052734375
0 0.54140625 0.3271484375 0.0765625 0.052734375
0 0.89453125 0.5556640625 0.0765625 0.052734375
0 0.0296875 0.5166015625 0.059375 0.052734375
0 0.37109375 0.3291015625 0.0765625 0.052734375
0 0.55390625 0.7412109375 0.0765625 0.052734375
0 0.46875 0.7412109375 0.075 0.052734375
0 0.6296875 0.3837890625 0.075 0.052734375
0 0.0328125 0.69140625 0.065625 0.05078125
0 0.28359375 0.3310546875 0.0765625 0.052734375
0 0.803125 0.3212890625 0.075 0.052734375
0 0.45703125 0.3291015625 0.0765625 0.052734375
0 0.88515625 0.3193359375 0.0765625 0.052734375
0 0.90078125 0.6728515625 0.0765625 0.052734375
0 0.0328125 0.6337890625 0.065625 0.052734375
0 0.71484375 0.3212890625 0.0765625 0.052734375
0 0.62734375 0.3251953125 0.0765625 0.052734375
0 0.02734375 0.3974609375 0.0546875 0.052734375
0 0.0328125 0.7509765625 0.065625 0.052734375
0 0.03125 0.5771484375 0.0625 0.052734375
0 0.02734375 0.4560546875 0.0546875 0.052734375
0 0.02734375 0.3359375 0.0546875 0.0546875
