0 0.60390625 0.7822265625 0.0390625 0.044921875
0 0.49765625 0.275390625 0.0390625 0.046875
0 0.546875 0.57421875 0.0375 0.046875
0 0.48984375 0.373046875 0.0390625 0.046875
0 0.61171875 0.681640625 0.0390625 0.046875
0 0.55546875 0.4765625 0.0390625 0.046875
0 0.42890625 0.7109375 0.0390625 0.046875
0 0.46328125 0.7158203125 0.0390625 0.044921875
0 0.46796875 0.6669921875 0.0390625 0.044921875
0 0.50078125 0.71875 0.0390625 0.046875
0 0.57109375 0.279296875 0.0390625 0.046875
0 0.48359375 0.470703125 0.0390625 0.046875
0 0.45546875 0.37109375 0.0390625 0.046875
0 0.42890625 0.26953125 0.0390625 0.046875
0 0.51875 0.47265625 0.0375 0.046875
0 0.5265625 0.375 0.0375 0.046875
0 0.56328125 0.380859375 0.0390625 0.046875
0 0.42109375 0.3662109375 0.0390625 0.044921875
0 0.459375 0.3212890625 0.0375 0.044921875
0 0.44921875 0.46875 0.0390625 0.046875
0 0.53046875 0.326171875 0.0390625 0.046875
0 0.53515625 0.27734375 0.0390625 0.046875
0 0.4046875 0.5615234375 0.0375 0.044921875
0 0.5875 0.529296875 0.0375 0.046875
0 0.50625 0.62109375 0.0375 0.046875
0 0.54140625 0.673828125 0.0390625 0.046875
0 0.47578125 0.568359375 0.0390625 0.046875
0 0.4515625 0.4169921875 0.0375 0.044921875
0 0.61796875 0.5810546875 0.0390625 0.044921875
0 0.55078125 0.525390625 0.0390625 0.046875
0 0.590625 0.48046875 0.0375 0.046875
0 0.50390625 0.669921875 0.0390625 0.046875
0 0.46328125 0.2724609375 0.0390625 0.044921875
0 0.52421875 0.423828125 0.0390625 0.046875
0 0.43671875 0.61328125 0.0390625 0.046875
0 0.4453125 0.515625 0.0375 0.046875
0 0.48828125 0.421875 0.0390625 0.046875
0 0.60234375 0.3310546875 0.0390625 0.044921875
0 0.39609375 0.6572265625 0.0390625 0.044921875
0 0.559375 0.4267578125 0.0375 0.044921875
0 0.57578125 0.6767578125 0.0390625 0.044921875
0 0.41640625 0.4169921875 0.0390625 0.044921875
0 0.5125 0.5712890625 0.0375 0.044921875
0 0.5796875 0.626953125 0.0375 0.046875
0 0.5328125 0.7724609375 0.0375 0.044921875
0 0.51640625 0.5224609375 0.0390625 0.044921875
0 0.6078125 0.73046875 0.0375 0.046875
0 0.6 0.380859375 0.0375 0.046875
0 0.59375 0.431640625 0.0375 0.046875
0 0.64296875 0.287109375 0.0390625 0.046875
0 0.43125 0.662109375 0.0375 0.046875
0 0.53515625 0.72265625 0.0390625 0.046875
0 0.58203125 0.578125 0.0390625 0.046875
0 0.61640625 0.6328125 0.0390625 0.046875
0 0.425 0.31640625 0.0375 0.046875
0 0.57109375 0.7265625 0.0390625 0.046875
0 0.425 0.76171875 0.0375 0.046875
0 0.64453125 0.736328125 0.0390625 0.046875
0 0.60546875 0.2822265625 0.0390625 0.044921875
0 0.41328125 0.462890625 0.0390625 0.046875
0 0.65859375 0.537109375 0.0390625 0.046875
0 0.62578125 0.482421875 0.0390625 0.046875
0 0.44140625 0.564453125 0.0390625 0.046875
0 0.54296875 0.625 0.0390625 0.046875
0 0.63046875 0.43359375 0.0390625 0.046875
0 0.56953125 0.77734375 0.0390625 0.046875
0 0.459375 0.765625 0.0375 0.046875
0 0.48046875 0.517578125 0.0390625 0.046875
0 0.471875 0.6171875 0.0375 0.046875
0 0.62265625 0.5322265625 0.0390625 0.044921875
0 0.65234375 0.634765625 0.0390625 0.046875
0 0.63671875 0.384765625 0.0390625 0.046875
0 0.63828125 0.3359375 0.0390625 0.046875
0 0.40234375 0.611328125 0.0390625 0.046875
0 0.49609375 0.76953125 0.0390625 0.046875
0 0.66640625 0.439453125 0.0390625 0.046875
0 0.5671875 0.3310546875 0.0375 0.044921875
0 0.49609375 0.32421875 0.0390625 0.046875
0 0.40859375 0.51171875 0.0390625 0.046875
0 0.67890625 0.287109375 0.0390625 0.046875
0 0.675 0.337890625 0.0375 0.046875
0 0.66328125 0.48828125 0.0390625 0.046875
0 0.6484375 0.6865234375 0.0375 0.044921875
0 0.67109375 0.38671875 0.0390625 0.046875
0 0.39453125 0.7060546875 0.0390625 0.044921875
0 0.6546875 0.5859375 0.0375 0.046875
0 0.640625 0.78515625 0.0375 0.046875
0 0.390625 0.755859375 0.0375 0.046875
