0 0.5671875 0.5390625 0.040625 0.05078125
0 0.696875 0.5986328125 0.040625 0.052734375
0 0.5234375 0.5390625 0.040625 0.05078125
0 0.61015625 0.5390625 0.0421875 0.05078125
0 0.7390625 0.5986328125 0.040625 0.052734375
0 0.48125 0.537109375 0.040625 0.05078125
0 0.56484375 0.48828125 0.0421875 0.05078125
0 0.653125 0.595703125 0.040625 0.05078125
0 0.521875 0.431640625 0.040625 0.05078125
0 0.69375 0.4921875 0.040625 0.0546875
0 0.61015625 0.48828125 0.0421875 0.05078125
0 0.43671875 0.42578125 0.0421875 0.05078125
0 0.6984375 0.65234375 0.040625 0.05078125
0 0.56875 0.64453125 0.040625 0.05078125
0 0.61015625 0.6474609375 0.0421875 0.052734375
0 0.4375 0.587890625 0.040625 0.05078125
0 0.7421875 0.708984375 0.040625 0.05078125
0 0.48125 0.4296875 0.040625 0.05078125
0 0.653125 0.544921875 0.040625 0.05078125
0 0.48125 0.701171875 0.040625 0.05078125
0 0.3953125 0.642578125 0.040625 0.05078125
0 0.5234375 0.3779296875 0.040625 0.052734375
0 0.7828125 0.603515625 0.040625 0.05078125
0 0.3921875 0.587890625 0.040625 0.05078125
0 0.4375 0.69921875 0.040625 0.05078125
0 0.61015625 0.595703125 0.0421875 0.05078125
0 0.3515625 0.474609375 0.040625 0.05078125
0 0.48125 0.64453125 0.040625 0.05078125
0 0.4359375 0.537109375 0.040625 0.05078125
0 0.6984375 0.70703125 0.040625 0.05078125
0 0.48125 0.3779296875 0.040625 0.052734375
0 0.43671875 0.48046875 0.0421875 0.05078125
0 0.5671875 0.5908203125 0.040625 0.052734375
0 0.61015625 0.4375 0.0421875 0.05078125
0 0.69375 0.439453125 0.040625 0.05078125
0 0.3953125 0.6953125 0.040625 0.05078125
0 0.653125 0.490234375 0.040625 0.05078125
0 0.56875 0.7548828125 0.040625 0.052734375
0 0.3953125 0.5341796875 0.040625 0.052734375
0 0.65546875 0.703125 0.0421875 0.05078125
0 0.65546875 0.7578125 0.0421875 0.05078125
0 0.3953125 0.4775390625 0.040625 0.052734375
0 0.525 0.64453125 0.04375 0.05078125
0 0.653125 0.650390625 0.040625 0.05078125
0 0.7875 0.7109375 0.040625 0.0546875
0 0.3953125 0.42578125 0.040625 0.05078125
0 0.48125 0.482421875 0.040625 0.05078125
0 0.784375 0.658203125 0.040625 0.05078125
0 0.5234375 0.4853515625 0.040625 0.052734375
0 0.7390625 0.6552734375 0.040625 0.052734375
0 0.56484375 0.43359375 0.0421875 0.05078125
0 0.7390625 0.4423828125 0.040625 0.052734375
0 0.5234375 0.59375 0.040625 0.05078125
0 0.56875 0.701171875 0.040625 0.05078125
0 0.696875 0.546875 0.040625 0.05078125
0 0.48125 0.5908203125 0.040625 0.052734375
0 0.4375 0.375 0.040625 0.05078125
0 0.5265625 0.701171875 0.040625 0.05078125
0 0.3953125 0.7470703125 0.040625 0.052734375
0 0.3515625 0.63671875 0.040625 0.05078125
0 0.6984375 0.759765625 0.040625 0.05078125
0 0.61015625 0.3828125 0.0421875 0.05078125
0 0.4828125 0.75 0.040625 0.05078125
0 0.6515625 0.4375 0.040625 0.05078125
0 0.565625 0.37890625 0.04375 0.0546875
0 0.4375 0.64453125 0.040625 0.05078125
0 0.7390625 0.49609375 0.040625 0.05078125
0 0.3515625 0.693359375 0.040625 0.05078125
0 0.6140625 0.7578125 0.040625 0.05078125
0 0.4375 0.75 0.040625 0.05078125
0 0.7421875 0.763671875 0.040625 0.05078125
0 0.78046875 0.49609375 0.0421875 0.05078125
0 0.3515625 0.53125 0.040625 0.05078125
0 0.7390625 0.546875 0.040625 0.05078125
0 0.6125 0.701171875 0.040625 0.05078125
0 0.35 0.423828125 0.040625 0.05078125
0 0.3515625 0.58203125 0.040625 0.05078125
0 0.5265625 0.751953125 0.040625 0.05078125
0 0.7828125 0.55078125 0.040625 0.05078125
0 0.7875 0.765625 0.040625 0.05078125
0 0.69375 0.38671875 0.040625 0.0546875
0 0.3515625 0.748046875 0.040625 0.0546875
0 0.653125 0.3857421875 0.040625 0.052734375
0 0.3953125 0.373046875 0.040625 0.05078125
0 0.3515625 0.369140625 0.040625 0.05078125
0 0.78046875 0.443359375 0.0421875 0.0546875
0 0.78046875 0.390625 0.0421875 0.05078125
0 0.7375 0.390625 0.040625 0.05078125
