0 0.49453125 0.4111328125 0.0390625 0.048828125
0 0.39453125 0.5517578125 0.0390625 0.048828125
0 0.62109375 0.8056640625 0.0390625 0.048828125
0 0.28046875 0.4248046875 0.0390625 0.048828125
0 0.38828125 0.4189453125 0.0390625 0.048828125
0 0.40703125 0.8212890625 0.0390625 0.048828125
0 0.59921875 0.3369140625 0.0390625 0.048828125
0 0.35390625 0.8232421875 0.0390625 0.048828125
0 0.44140625 0.4150390625 0.0390625 0.048828125
0 0.72890625 0.7998046875 0.0390625 0.048828125
0 0.67109375 0.7353515625 0.0390625 0.048828125
0 0.23671875 0.6298828125 0.0390625 0.048828125
0 0.38515625 0.3505859375 0.0390625 0.048828125
0 0.46015625 0.8173828125 0.0390625 0.048828125
0 0.28359375 0.4931640625 0.0390625 0.048828125
0 0.33515625 0.4208984375 0.0390625 0.048828125
0 0.35078125 0.7568359375 0.0390625 0.048828125
0 0.49765625 0.4775390625 0.0390625 0.048828125
0 0.70859375 0.3974609375 0.0390625 0.048828125
0 0.29921875 0.8271484375 0.0390625 0.048828125
0 0.29453125 0.6923828125 0.0390625 0.048828125
0 0.27734375 0.3583984375 0.0390625 0.048828125
0 0.72421875 0.7314453125 0.0390625 0.048828125
0 0.50078125 0.5458984375 0.0390625 0.048828125
0 0.67421875 0.8017578125 0.0390625 0.048828125
0 0.44453125 0.4814453125 0.0390625 0.048828125
0 0.45078125 0.6162109375 0.0390625 0.048828125
0 0.78203125 0.7958984375 0.0390625 0.048828125
0 0.33828125 0.4892578125 0.0390625 0.048828125
0 0.72109375 0.6650390625 0.0390625 0.048828125
0 0.55078125 0.4755859375 0.0390625 0.048828125
0 0.24296875 0.7646484375 0.0390625 0.048828125
0 0.22421875 0.3623046875 0.0390625 0.048828125
0 0.44765625 0.5478515625 0.0390625 0.048828125
0 0.24609375 0.8310546875 0.0390625 0.048828125
0 0.39765625 0.6201171875 0.0390625 0.048828125
0 0.50390625 0.6123046875 0.0390625 0.048828125
0 0.40078125 0.6865234375 0.0390625 0.048828125
0 0.61796875 0.7392578125 0.0390625 0.048828125
0 0.55390625 0.5419921875 0.0390625 0.048828125
0 0.61171875 0.6044921875 0.0390625 0.048828125
0 0.50703125 0.6787109375 0.0390625 0.048828125
0 0.60703125 0.5380859375 0.0390625 0.048828125
0 0.33046875 0.3544921875 0.0390625 0.048828125
0 0.43828125 0.3466796875 0.0390625 0.048828125
0 0.54765625 0.4072265625 0.0390625 0.048828125
0 0.22734375 0.4287109375 0.0390625 0.048828125
0 0.55859375 0.6083984375 0.0390625 0.048828125
0 0.56640625 0.8095703125 0.0390625 0.048828125
0 0.71796875 0.5986328125 0.0390625 0.048828125
0 0.60234375 0.4033203125 0.0390625 0.048828125
0 0.65234375 0.3330078125 0.0390625 0.048828125
0 0.29765625 0.7607421875 0.0390625 0.048828125
0 0.39140625 0.4853515625 0.0390625 0.048828125
0 0.28671875 0.5595703125 0.0390625 0.048828125
0 0.34140625 0.5556640625 0.0390625 0.048828125
0 0.23359375 0.5634765625 0.0390625 0.048828125
0 0.40390625 0.7529296875 0.0390625 0.048828125
0 0.60546875 0.4716796875 0.0390625 0.048828125
0 0.34453125 0.6220703125 0.0390625 0.048828125
0 0.51328125 0.8134765625 0.0390625 0.048828125
0 0.56328125 0.7412109375 0.0390625 0.048828125
0 0.51015625 0.7451171875 0.0390625 0.048828125
0 0.49140625 0.3447265625 0.0390625 0.048828125
0 0.54453125 0.3408203125 0.0390625 0.048828125
0 0.23984375 0.6962890625 0.0390625 0.048828125
0 0.23046875 0.4951171875 0.0390625 0.048828125
0 0.77890625 0.7294921875 0.0390625 0.048828125
0 0.65546875 0.4013671875 0.0390625 0.048828125
0 0.70546875 0.3291015625 0.0390625 0.048828125
0 0.66796875 0.6689453125 0.0390625 0.048828125
0 0.66171875 0.5341796875 0.0390625 0.048828125
0 0.45703125 0.7490234375 0.0390625 0.048828125
0 0.45390625 0.6826171875 0.0390625 0.048828125
0 0.66484375 0.6005859375 0.0390625 0.048828125
0 0.61484375 0.6708984375 0.0390625 0.048828125
0 0.34765625 0.6884765625 0.0390625 0.048828125
0 0.77578125 0.6611328125 0.0390625 0.048828125
0 0.56015625 0.6748046875 0.0390625 0.048828125
0 0.28984375 0.6259765625 0.0390625 0.048828125
0 0.76953125 0.5263671875 0.0390625 0.048828125
0 0.65859375 0.4677734375 0.0390625 0.048828125
0 0.76328125 0.3935546875 0.0390625 0.048828125
0 0.71484375 0.5302734375 0.0390625 0.048828125
0 0.76640625 0.4599609375 0.0390625 0.048828125
0 0.71171875 0.4638671875 0.0390625 0.048828125
0 0.76015625 0.3251953125 0.0390625 0.048828125
0 0.77265625 0.5947265625 0.0390625 0.048828125
