0 0.5109375 0.4482421875 0.0375 0.048828125
0 0.6046875 0.39453125 0.0375 0.046875
0 0.36875 0.4990234375 0.0375 0.048828125
0 0.5125 0.34375 0.0375 0.046875
0 0.50625 0.6552734375 0.040625 0.048828125
0 0.459375 0.654296875 0.040625 0.046875
0 0.6046875 0.4990234375 0.0375 0.048828125
0 0.4140625 0.6025390625 0.040625 0.048828125
0 0.5578125 0.3955078125 0.040625 0.048828125
0 0.465625 0.34375 0.040625 0.046875
0 0.321875 0.498046875 0.040625 0.046875
0 0.6515625 0.3447265625 0.040625 0.048828125
0 0.37109375 0.4453125 0.0390625 0.05078125
0 0.55703125 0.498046875 0.0390625 0.046875
0 0.65234375 0.3955078125 0.0390625 0.048828125
0 0.3671875 0.603515625 0.0375 0.046875
0 0.55390625 0.6552734375 0.0390625 0.048828125
0 0.46484375 0.447265625 0.0390625 0.046875
0 0.41953125 0.3447265625 0.0390625 0.048828125
0 0.7 0.3447265625 0.0375 0.048828125
0 0.32578125 0.39453125 0.0390625 0.046875
0 0.6984375 0.447265625 0.0375 0.046875
0 0.36484375 0.6552734375 0.0390625 0.048828125
0 0.5578125 0.447265625 0.040625 0.046875
0 0.559375 0.29296875 0.040625 0.05078125
0 0.4609375 0.5498046875 0.0375 0.048828125
0 0.41796875 0.447265625 0.0390625 0.046875
0 0.36796875 0.5498046875 0.0390625 0.048828125
0 0.371875 0.3935546875 0.040625 0.048828125
0 0.74609375 0.4482421875 0.0390625 0.048828125
0 0.65 0.60546875 0.040625 0.046875
0 0.55859375 0.3447265625 0.0390625 0.048828125
0 0.6515625 0.4990234375 0.040625 0.048828125
0 0.3171875 0.654296875 0.0375 0.046875
0 0.4125 0.6552734375 0.040625 0.048828125
0 0.51171875 0.3955078125 0.0390625 0.048828125
0 0.6515625 0.4482421875 0.040625 0.048828125
0 0.50859375 0.603515625 0.0390625 0.046875
0 0.509375 0.5498046875 0.040625 0.048828125
0 0.69765625 0.6044921875 0.0390625 0.048828125
0 0.79375 0.55078125 0.040625 0.046875
0 0.60546875 0.34375 0.0390625 0.046875
0 0.328125 0.34375 0.040625 0.046875
0 0.41875 0.3955078125 0.0375 0.048828125
0 0.74609375 0.34375 0.0390625 0.046875
0 0.41484375 0.55078125 0.0390625 0.046875
0 0.603125 0.447265625 0.040625 0.046875
0 0.46484375 0.39453125 0.0390625 0.046875
0 0.509375 0.4990234375 0.040625 0.048828125
0 0.69921875 0.5 0.0390625 0.046875
0 0.5546875 0.6025390625 0.0375 0.048828125
0 0.7453125 0.552734375 0.040625 0.05078125
0 0.421875 0.29296875 0.040625 0.05078125
0 0.3203125 0.5498046875 0.040625 0.048828125
0 0.55625 0.55078125 0.040625 0.046875
0 0.746875 0.396484375 0.040625 0.046875
0 0.3734375 0.34375 0.040625 0.046875
0 0.746875 0.291015625 0.040625 0.046875
0 0.325 0.447265625 0.0375 0.046875
0 0.4671875 0.291015625 0.040625 0.046875
0 0.69921875 0.3955078125 0.0390625 0.048828125
0 0.4171875 0.498046875 0.0375 0.046875
0 0.6984375 0.55078125 0.0375 0.046875
0 0.603125 0.6044921875 0.040625 0.048828125
0 0.603125 0.5498046875 0.040625 0.048828125
0 0.79375 0.3447265625 0.040625 0.048828125
0 0.4640625 0.4990234375 0.040625 0.048828125
0 0.79375 0.6064453125 0.040625 0.048828125
0 0.696875 0.658203125 0.0375 0.05078125
0 0.375 0.291015625 0.0375 0.046875
0 0.65078125 0.5498046875 0.0390625 0.048828125
0 0.6546875 0.291015625 0.0375 0.046875
0 0.7453125 0.4990234375 0.040625 0.048828125
0 0.7453125 0.65625 0.040625 0.046875
0 0.31953125 0.6025390625 0.0390625 0.048828125
0 0.6078125 0.291015625 0.040625 0.046875
0 0.60234375 0.65625 0.0390625 0.046875
0 0.7453125 0.60546875 0.040625 0.046875
0 0.79453125 0.5 0.0390625 0.046875
0 0.4609375 0.6044921875 0.0375 0.048828125
0 0.79453125 0.3955078125 0.0390625 0.048828125
0 0.65078125 0.6552734375 0.0390625 0.048828125
0 0.5125 0.29296875 0.0375 0.05078125
0 0.79453125 0.291015625 0.0390625 0.046875
0 0.69921875 0.29296875 0.0390625 0.05078125
0 0.79375 0.658203125 0.040625 0.05078125
0 0.79375 0.4482421875 0.040625 0.048828125
0 0.32890625 0.291015625 0.0390625 0.046875
