0 0.15234375 0.361328125 0.0453125 0.0625
0 0.203125 0.3017578125 0.046875 0.064453125
0 0.54140625 0.2763671875 0.0453125 0.064453125
0 0.49296875 0.333984375 0.0453125 0.0625
0 0.10390625 0.2958984375 0.0484375 0.064453125
0 0.54140625 0.3408203125 0.0453125 0.064453125
0 0.49296875 0.4013671875 0.0453125 0.064453125
0 0.34609375 0.4462890625 0.0453125 0.064453125
0 0.29921875 0.314453125 0.0453125 0.06640625
0 0.35 0.1962890625 0.046875 0.064453125
0 0.396875 0.2021484375 0.046875 0.064453125
0 0.34921875 0.3818359375 0.0453125 0.064453125
0 0.39609375 0.3232421875 0.0453125 0.064453125
0 0.25234375 0.3720703125 0.0453125 0.064453125
0 0.25234375 0.4365234375 0.0453125 0.064453125
0 0.34921875 0.2568359375 0.0453125 0.064453125
0 0.29921875 0.3798828125 0.0453125 0.064453125
0 0.15390625 0.298828125 0.0484375 0.0625
0 0.15078125 0.427734375 0.0453125 0.0625
0 0.20234375 0.3671875 0.0453125 0.06640625
0 0.203125 0.2392578125 0.046875 0.064453125
0 0.20078125 0.494140625 0.0453125 0.06640625
0 0.39609375 0.388671875 0.0453125 0.06640625
0 0.253125 0.1845703125 0.046875 0.064453125
0 0.30078125 0.251953125 0.0453125 0.06640625
0 0.10234375 0.3603515625 0.0484375 0.064453125
0 0.34609375 0.3193359375 0.0453125 0.064453125
0 0.5890625 0.220703125 0.046875 0.06640625
0 0.4921875 0.2109375 0.046875 0.0625
0 0.25234375 0.3095703125 0.0453125 0.064453125
0 0.15546875 0.236328125 0.0484375 0.0625
0 0.39765625 0.2646484375 0.0453125 0.064453125
0 0.44375 0.3310546875 0.046875 0.064453125
0 0.44375 0.2685546875 0.046875 0.064453125
0 0.446875 0.2060546875 0.046875 0.064453125
0 0.253125 0.2470703125 0.046875 0.064453125
0 0.5421875 0.466796875 0.046875 0.0625
0 0.39765625 0.1396484375 0.0453125 0.064453125
0 0.15703125 0.173828125 0.0453125 0.0625
0 0.44609375 0.4560546875 0.0453125 0.064453125
0 0.15078125 0.490234375 0.0453125 0.0625
0 0.20625 0.177734375 0.046875 0.06640625
0 0.49296875 0.458984375 0.0453125 0.0625
0 0.10078125 0.4248046875 0.0453125 0.064453125
0 0.54296875 0.404296875 0.0453125 0.0625
0 0.3 0.1904296875 0.046875 0.064453125
0 0.20078125 0.4287109375 0.0453125 0.064453125
0 0.5421875 0.1533203125 0.046875 0.064453125
0 0.44609375 0.3935546875 0.0453125 0.064453125
0 0.10625 0.2333984375 0.046875 0.064453125
0 0.29921875 0.44140625 0.0453125 0.06640625
0 0.24921875 0.4990234375 0.0453125 0.064453125
0 0.396875 0.5166015625 0.046875 0.064453125
0 0.39609375 0.451171875 0.0453125 0.06640625
0 0.58984375 0.4072265625 0.0453125 0.064453125
0 0.49296875 0.2763671875 0.0453125 0.064453125
0 0.58828125 0.2861328125 0.0453125 0.064453125
0 0.4921875 0.150390625 0.046875 0.0625
0 0.2984375 0.5068359375 0.046875 0.064453125
0 0.303125 0.1279296875 0.046875 0.064453125
0 0.3515625 0.1337890625 0.046875 0.064453125
0 0.25390625 0.1220703125 0.0453125 0.064453125
0 0.5421875 0.2138671875 0.046875 0.064453125
0 0.446875 0.1435546875 0.046875 0.064453125
0 0.20390625 0.115234375 0.0453125 0.06640625
0 0.58984375 0.3447265625 0.0453125 0.064453125
0 0.15703125 0.111328125 0.0453125 0.0625
0 0.59140625 0.4697265625 0.0484375 0.064453125
0 0.34609375 0.5087890625 0.0453125 0.064453125
0 0.39765625 0.0771484375 0.0453125 0.064453125
0 0.44453125 0.5205078125 0.0484375 0.064453125
0 0.103125 0.4873046875 0.046875 0.064453125
0 0.10703125 0.16796875 0.0453125 0.06640625
0 0.303125 0.0654296875 0.046875 0.064453125
0 0.49296875 0.525390625 0.0453125 0.06640625
0 0.34921875 0.0693359375 0.0453125 0.064453125
0 0.10546875 0.1044921875 0.0453125 0.060546875
0 0.5890625 0.1611328125 0.046875 0.064453125
0 0.53984375 0.53125 0.0484375 0.0625
0 0.58828125 0.5341796875 0.0453125 0.064453125
0 0.58984375 0.0966796875 0.0453125 0.064453125
0 0.54140625 0.0908203125 0.0453125 0.064453125
0 0.4953125 0.087890625 0.046875 0.0625
0 0.44765625 0.0810546875 0.0453125 0.064453125
0 0.25390625 0.0595703125 0.0453125 0.064453125
0 0.20390625 0.0537109375 0.0453125 0.064453125
0 0.1546875 0.0458984375 0.046875 0.064453125
0 0.10546875 0.044921875 0.0453125 0.0625
