0 0.290625 0.705078125 0.05 0.0703125
0 0.41875 0.7158203125 0.053125 0.068359375
0 0.3421875 0.541015625 0.053125 0.0703125
0 0.27734375 0.53515625 0.0515625 0.0703125
0 0.26640625 0.365234375 0.0515625 0.0703125
0 0.359375 0.796875 0.05 0.0703125
0 0.34765625 0.625 0.0515625 0.0703125
0 0.43203125 0.8896484375 0.0515625 0.068359375
0 0.40625 0.546875 0.05 0.0703125
0 0.71171875 0.494140625 0.0515625 0.0703125
0 0.30234375 0.87890625 0.0515625 0.0703125
0 0.47578125 0.63671875 0.0515625 0.0703125
0 0.259375 0.283203125 0.05 0.0703125
0 0.2078125 0.4443359375 0.053125 0.068359375
0 0.51796875 0.392578125 0.0515625 0.0703125
0 0.365625 0.8828125 0.053125 0.06640625
0 0.4609375 0.466796875 0.05 0.0703125
0 0.21796875 0.6142578125 0.0515625 0.068359375
0 0.53046875 0.55859375 0.0515625 0.06640625
0 0.07734375 0.431640625 0.0515625 0.0703125
0 0.296875 0.79296875 0.05 0.06640625
0 0.48828125 0.80859375 0.0515625 0.0703125
0 0.5234375 0.474609375 0.05 0.0703125
0 0.23125 0.7861328125 0.053125 0.068359375
0 0.425 0.80078125 0.053125 0.0703125
0 0.5875 0.482421875 0.053125 0.0703125
0 0.39296875 0.380859375 0.0515625 0.0703125
0 0.08359375 0.515625 0.0515625 0.0703125
0 0.08828125 0.6025390625 0.0515625 0.068359375
0 0.353125 0.712890625 0.05 0.0703125
0 0.4 0.4638671875 0.053125 0.068359375
0 0.38671875 0.296875 0.0515625 0.06640625
0 0.41171875 0.62890625 0.0515625 0.0703125
0 0.3296875 0.373046875 0.05 0.0703125
0 0.2734375 0.44921875 0.05 0.06640625
0 0.171875 0.869140625 0.053125 0.0703125
0 0.6421875 0.4033203125 0.053125 0.068359375
0 0.284375 0.6171875 0.053125 0.0703125
0 0.5109375 0.3095703125 0.053125 0.068359375
0 0.5453125 0.7265625 0.05 0.0703125
0 0.13203125 0.26953125 0.0515625 0.0703125
0 0.14375 0.4384765625 0.05 0.068359375
0 0.3359375 0.4560546875 0.05 0.068359375
0 0.2359375 0.875 0.05 0.0703125
0 0.6 0.6484375 0.05 0.0703125
0 0.20234375 0.359375 0.0515625 0.0703125
0 0.15546875 0.6064453125 0.0515625 0.068359375
0 0.64921875 0.486328125 0.0515625 0.0703125
0 0.5390625 0.64453125 0.05 0.0703125
0 0.09375 0.6875 0.053125 0.0703125
0 0.13828125 0.3515625 0.0515625 0.0703125
0 0.16328125 0.78125 0.0515625 0.06640625
0 0.6140625 0.8203125 0.053125 0.0703125
0 0.1484375 0.521484375 0.053125 0.0703125
0 0.5578125 0.8984375 0.053125 0.0703125
0 0.09921875 0.77734375 0.0515625 0.0703125
0 0.45625 0.384765625 0.053125 0.0703125
0 0.6546875 0.572265625 0.05 0.0703125
0 0.58046875 0.3984375 0.0515625 0.06640625
0 0.1046875 0.865234375 0.05 0.0703125
0 0.70390625 0.4111328125 0.0515625 0.068359375
0 0.59453125 0.5654296875 0.0515625 0.068359375
0 0.44921875 0.3017578125 0.0515625 0.068359375
0 0.63515625 0.322265625 0.0515625 0.0703125
0 0.684375 0.91015625 0.05 0.0703125
0 0.4828125 0.7236328125 0.05 0.068359375
0 0.159375 0.693359375 0.05 0.0703125
0 0.46875 0.5537109375 0.05 0.068359375
0 0.6078125 0.734375 0.05 0.0703125
0 0.55078125 0.814453125 0.0515625 0.0703125
0 0.6640625 0.65625 0.053125 0.0703125
0 0.196875 0.275390625 0.05 0.0703125
0 0.6984375 0.330078125 0.053125 0.0703125
0 0.21484375 0.52734375 0.0515625 0.0703125
0 0.3234375 0.291015625 0.053125 0.0703125
0 0.57421875 0.314453125 0.0515625 0.0703125
0 0.6703125 0.73828125 0.05 0.0703125
0 0.678125 0.8251953125 0.05 0.068359375
0 0.71875 0.576171875 0.053125 0.0703125
0 0.62109375 0.90625 0.0515625 0.0703125
0 0.49453125 0.8955078125 0.0515625 0.068359375
0 0.07265625 0.34375 0.0515625 0.0703125
0 0.22421875 0.69921875 0.0515625 0.0703125
0 0.740625 0.83203125 0.05 0.06640625
0 0.06796875 0.26171875 0.0515625 0.0703125
0 0.725 0.6630859375 0.05 0.068359375
0 0.7328125 0.74609375 0.05 0.0703125
0 0.74765625 0.91796875 0.0515625 0.0703125
