0 0.29609375 0.4541015625 0.0390625 0.048828125
0 0.38203125 0.4580078125 0.0390625 0.048828125
0 0.34296875 0.4072265625 0.0390625 0.048828125
0 0.19453125 0.5927734375 0.0390625 0.048828125
0 0.30390625 0.3583984375 0.0390625 0.048828125
0 0.33515625 0.5029296875 0.0390625 0.048828125
0 0.51015625 0.5126953125 0.0390625 0.048828125
0 0.21015625 0.4501953125 0.0390625 0.048828125
0 0.34765625 0.3603515625 0.0390625 0.048828125
0 0.33046875 0.5517578125 0.0390625 0.048828125
0 0.38671875 0.4091796875 0.0390625 0.048828125
0 0.24453125 0.5478515625 0.0390625 0.048828125
0 0.18984375 0.6435546875 0.0390625 0.048828125
0 0.43359375 0.3642578125 0.0390625 0.048828125
0 0.56171875 0.4189453125 0.0390625 0.048828125
0 0.28671875 0.5498046875 0.0390625 0.048828125
0 0.55703125 0.4677734375 0.0390625 0.048828125
0 0.37890625 0.5048828125 0.0390625 0.048828125
0 0.33984375 0.4560546875 0.0390625 0.048828125
0 0.42109375 0.5087890625 0.0390625 0.048828125
0 0.45703125 0.6083984375 0.0390625 0.048828125
0 0.20078125 0.5458984375 0.0390625 0.048828125
0 0.24765625 0.4970703125 0.0390625 0.048828125
0 0.28359375 0.5986328125 0.0390625 0.048828125
0 0.39140625 0.3623046875 0.0390625 0.048828125
0 0.43046875 0.4111328125 0.0390625 0.048828125
0 0.51328125 0.4638671875 0.0390625 0.048828125
0 0.36953125 0.6005859375 0.0390625 0.048828125
0 0.14609375 0.6396484375 0.0390625 0.048828125
0 0.30078125 0.4052734375 0.0390625 0.048828125
0 0.46171875 0.5576171875 0.0390625 0.048828125
0 0.37421875 0.5537109375 0.0390625 0.048828125
0 0.54921875 0.5634765625 0.0390625 0.048828125
0 0.25703125 0.4033203125 0.0390625 0.048828125
0 0.54609375 0.6123046875 0.0390625 0.048828125
0 0.41484375 0.6044921875 0.0390625 0.048828125
0 0.41796875 0.5576171875 0.0390625 0.048828125
0 0.41015625 0.6552734375 0.0390625 0.048828125
0 0.46484375 0.5107421875 0.0390625 0.048828125
0 0.50546875 0.5615234375 0.0390625 0.048828125
0 0.46953125 0.4619140625 0.0390625 0.048828125
0 0.42578125 0.4599609375 0.0390625 0.048828125
0 0.55234375 0.5146484375 0.0390625 0.048828125
0 0.15078125 0.5908203125 0.0390625 0.048828125
0 0.23359375 0.6455078125 0.0390625 0.048828125
0 0.47265625 0.4130859375 0.0390625 0.048828125
0 0.32265625 0.6494140625 0.0390625 0.048828125
0 0.29140625 0.5029296875 0.0390625 0.048828125
0 0.23984375 0.5966796875 0.0390625 0.048828125
0 0.25234375 0.4521484375 0.0390625 0.048828125
0 0.20390625 0.4970703125 0.0390625 0.048828125
0 0.51640625 0.4169921875 0.0390625 0.048828125
0 0.21484375 0.4013671875 0.0390625 0.048828125
0 0.50078125 0.6083984375 0.0390625 0.048828125
0 0.27890625 0.6474609375 0.0390625 0.048828125
0 0.59765625 0.5185546875 0.0390625 0.048828125
0 0.51953125 0.3681640625 0.0390625 0.048828125
0 0.21796875 0.3544921875 0.0390625 0.048828125
0 0.45390625 0.6572265625 0.0390625 0.048828125
0 0.26171875 0.3564453125 0.0390625 0.048828125
0 0.59453125 0.5654296875 0.0390625 0.048828125
0 0.49765625 0.6591796875 0.0390625 0.048828125
0 0.32734375 0.5986328125 0.0390625 0.048828125
0 0.60390625 0.4208984375 0.0390625 0.048828125
0 0.2640625 0.3076171875 0.0375 0.048828125
0 0.60703125 0.3740234375 0.0390625 0.048828125
0 0.58671875 0.6650390625 0.0390625 0.048828125
0 0.16171875 0.4951171875 0.0390625 0.048828125
0 0.56484375 0.3720703125 0.0390625 0.048828125
0 0.36640625 0.6513671875 0.0390625 0.048828125
0 0.35078125 0.3115234375 0.0390625 0.048828125
0 0.15546875 0.5458984375 0.0390625 0.048828125
0 0.30703125 0.3115234375 0.0390625 0.048828125
0 0.58984375 0.6162109375 0.0390625 0.048828125
0 0.54296875 0.6630859375 0.0390625 0.048828125
0 0.60078125 0.4677734375 0.0390625 0.048828125
0 0.16640625 0.4462890625 0.0390625 0.048828125
0 0.47734375 0.3662109375 0.0390625 0.048828125
0 0.22265625 0.3056640625 0.0390625 0.048828125
0 0.16953125 0.3994140625 0.0390625 0.048828125
0 0.17421875 0.3544921875 0.0390625 0.048828125
0 0.52421875 0.3212890625 0.0390625 0.048828125
0 0.43828125 0.3173828125 0.0390625 0.048828125
0 0.56640625 0.3232421875 0.0390625 0.048828125
0 0.39453125 0.3134765625 0.0390625 0.048828125
0 0.61171875 0.3251953125 0.0390625 0.048828125
0 0.18046875 0.3037109375 0.0390625 0.048828125
0 0.48046875 0.3193359375 0.0390625 0.048828125
