0 0.15625 0.83984375 0.046875 0.0625
0 0.65546875 0.6748046875 0.0453125 0.064453125
0 0.0953125 0.83984375 0.046875 0.0625
0 0.27890625 0.8427734375 0.0453125 0.064453125
0 0.4625 0.84765625 0.046875 0.0625
0 0.4 0.8447265625 0.046875 0.064453125
0 0.5890625 0.763671875 0.046875 0.0625
0 0.40390625 0.7587890625 0.0453125 0.064453125
0 0.41875 0.3232421875 0.046875 0.064453125
0 0.6515625 0.763671875 0.046875 0.0625
0 0.54296875 0.2373046875 0.0453125 0.064453125
0 0.21640625 0.8427734375 0.0453125 0.064453125
0 0.71796875 0.6767578125 0.0453125 0.064453125
0 0.47734375 0.41015625 0.0453125 0.0625
0 0.33984375 0.8447265625 0.0453125 0.064453125
0 0.29921875 0.2373046875 0.0453125 0.064453125
0 0.66796875 0.2373046875 0.0453125 0.064453125
0 0.17109375 0.494140625 0.0453125 0.0625
0 0.54140625 0.3232421875 0.0453125 0.064453125
0 0.23125 0.49609375 0.046875 0.0625
0 0.5875 0.8525390625 0.046875 0.064453125
0 0.5375 0.412109375 0.046875 0.0625
0 0.1796875 0.2373046875 0.046875 0.064453125
0 0.4734375 0.4990234375 0.046875 0.064453125
0 0.23359375 0.41015625 0.0453125 0.0625
0 0.7140625 0.7666015625 0.046875 0.064453125
0 0.59609375 0.4990234375 0.0453125 0.064453125
0 0.29765625 0.3232421875 0.0453125 0.064453125
0 0.5359375 0.4990234375 0.046875 0.064453125
0 0.11015625 0.494140625 0.0453125 0.0625
0 0.71171875 0.85546875 0.0453125 0.0625
0 0.40546875 0.669921875 0.0453125 0.0625
0 0.16015625 0.7529296875 0.0453125 0.064453125
0 0.23671875 0.3232421875 0.0453125 0.064453125
0 0.28828125 0.5830078125 0.0453125 0.064453125
0 0.6 0.412109375 0.046875 0.0625
0 0.64921875 0.8525390625 0.0453125 0.064453125
0 0.35390625 0.41015625 0.0453125 0.0625
0 0.29140625 0.49609375 0.0453125 0.0625
0 0.1140625 0.4072265625 0.046875 0.064453125
0 0.525 0.8505859375 0.046875 0.064453125
0 0.42265625 0.2373046875 0.0453125 0.064453125
0 0.3578125 0.3232421875 0.046875 0.064453125
0 0.17265625 0.4072265625 0.0453125 0.064453125
0 0.5265625 0.7607421875 0.046875 0.064453125
0 0.59140625 0.6748046875 0.0453125 0.064453125
0 0.29375 0.41015625 0.046875 0.0625
0 0.725 0.412109375 0.046875 0.0625
0 0.47890625 0.3232421875 0.0453125 0.064453125
0 0.66640625 0.3232421875 0.0453125 0.064453125
0 0.41328125 0.49609375 0.0453125 0.0625
0 0.1765625 0.3232421875 0.046875 0.064453125
0 0.09921875 0.7529296875 0.0453125 0.064453125
0 0.46484375 0.7587890625 0.0453125 0.064453125
0 0.65859375 0.4990234375 0.0453125 0.064453125
0 0.72890625 0.326171875 0.0453125 0.0625
0 0.1671875 0.580078125 0.046875 0.0625
0 0.34296875 0.755859375 0.0453125 0.0625
0 0.60546875 0.2373046875 0.0453125 0.064453125
0 0.22734375 0.580078125 0.0453125 0.0625
0 0.35234375 0.49609375 0.0453125 0.0625
0 0.16328125 0.6669921875 0.0453125 0.064453125
0 0.34921875 0.5830078125 0.0453125 0.064453125
0 0.53046875 0.671875 0.0453125 0.0625
0 0.41484375 0.41015625 0.0453125 0.0625
0 0.2203125 0.755859375 0.046875 0.0625
0 0.23828125 0.2373046875 0.0453125 0.064453125
0 0.53203125 0.5859375 0.0453125 0.0625
0 0.46953125 0.5859375 0.0453125 0.0625
0 0.59453125 0.5859375 0.0453125 0.0625
0 0.3453125 0.669921875 0.046875 0.0625
0 0.409375 0.5859375 0.046875 0.0625
0 0.2828125 0.755859375 0.046875 0.0625
0 0.22421875 0.6669921875 0.0453125 0.064453125
0 0.46796875 0.671875 0.0453125 0.0625
0 0.11953125 0.2373046875 0.0453125 0.064453125
0 0.115625 0.3232421875 0.046875 0.064453125
0 0.103125 0.6669921875 0.046875 0.064453125
0 0.60234375 0.326171875 0.0453125 0.0625
0 0.6625 0.412109375 0.046875 0.0625
0 0.73046875 0.2373046875 0.0453125 0.064453125
0 0.65703125 0.587890625 0.0453125 0.0625
0 0.10703125 0.580078125 0.0453125 0.0625
0 0.4828125 0.2373046875 0.046875 0.064453125
0 0.71953125 0.587890625 0.0453125 0.0625
0 0.36171875 0.2373046875 0.0453125 0.064453125
0 0.72265625 0.501953125 0.0453125 0.0625
0 0.284375 0.669921875 0.046875 0.0625
