0 0.2625 0.43359375 0.05 0.0625
0 0.2609375 0.8515625 0.05 0.0625
0 0.2625 0.51953125 0.05 0.0625
0 0.5375 0.681640625 0.05 0.0625
0 0.46953125 0.431640625 0.0484375 0.0625
0 0.19296875 0.435546875 0.0484375 0.0625
0 0.1234375 0.689453125 0.05 0.0625
0 0.46953125 0.5166015625 0.0484375 0.064453125
0 0.2625 0.3515625 0.05 0.0625
0 0.4 0.6015625 0.05 0.0625
0 0.4671875 0.849609375 0.05 0.0625
0 0.46953125 0.599609375 0.0484375 0.0625
0 0.05390625 0.771484375 0.0484375 0.0625
0 0.2625 0.6015625 0.05 0.0625
0 0.4 0.68359375 0.05 0.0625
0 0.1234375 0.521484375 0.05 0.0625
0 0.19296875 0.51953125 0.0484375 0.0625
0 0.46953125 0.681640625 0.0484375 0.0625
0 0.1234375 0.3515625 0.05 0.0625
0 0.05390625 0.521484375 0.0484375 0.0625
0 0.19296875 0.3515625 0.0484375 0.0625
0 0.3296875 0.6015625 0.05 0.0625
0 0.05390625 0.435546875 0.0484375 0.0625
0 0.1234375 0.435546875 0.05 0.0625
0 0.4015625 0.263671875 0.05 0.0625
0 0.4 0.5166015625 0.05 0.064453125
0 0.67421875 0.84765625 0.0484375 0.0625
0 0.3984375 0.849609375 0.05 0.0625
0 0.1234375 0.603515625 0.05 0.0625
0 0.19296875 0.603515625 0.0484375 0.0625
0 0.1234375 0.85546875 0.05 0.0625
0 0.6765625 0.59765625 0.05 0.0625
0 0.19296875 0.6875 0.0484375 0.0625
0 0.5390625 0.513671875 0.05 0.0625
0 0.4671875 0.767578125 0.05 0.0625
0 0.60625 0.59765625 0.05 0.0625
0 0.7515625 0.2578125 0.05 0.0625
0 0.3296875 0.8515625 0.05 0.0625
0 0.540625 0.26171875 0.05 0.0625
0 0.5375 0.849609375 0.05 0.0625
0 0.3296875 0.68359375 0.05 0.0625
0 0.3296875 0.5166015625 0.05 0.064453125
0 0.6046875 0.84765625 0.05 0.0625
0 0.19296875 0.76953125 0.0484375 0.0625
0 0.540625 0.345703125 0.05 0.0625
0 0.5390625 0.599609375 0.05 0.0625
0 0.05390625 0.3515625 0.0484375 0.0625
0 0.05390625 0.85546875 0.0484375 0.0625
0 0.60625 0.7646484375 0.05 0.064453125
0 0.2625 0.265625 0.05 0.0625
0 0.19296875 0.85546875 0.0484375 0.0625
0 0.68203125 0.2578125 0.0484375 0.0625
0 0.60859375 0.513671875 0.0484375 0.0625
0 0.5375 0.7646484375 0.05 0.064453125
0 0.4 0.431640625 0.05 0.0625
0 0.1234375 0.771484375 0.05 0.0625
0 0.60625 0.681640625 0.05 0.0625
0 0.4015625 0.3486328125 0.05 0.064453125
0 0.19296875 0.265625 0.0484375 0.0625
0 0.60859375 0.4296875 0.0484375 0.0625
0 0.75 0.34375 0.05 0.0625
0 0.678125 0.513671875 0.05 0.0625
0 0.05390625 0.689453125 0.0484375 0.0625
0 0.05390625 0.607421875 0.0484375 0.0625
0 0.6109375 0.26171875 0.05 0.0625
0 0.6109375 0.34375 0.05 0.0625
0 0.3296875 0.767578125 0.05 0.0625
0 0.471875 0.26171875 0.05 0.0625
0 0.67421875 0.7646484375 0.0484375 0.064453125
0 0.471875 0.345703125 0.05 0.0625
0 0.2625 0.68359375 0.05 0.0625
0 0.1234375 0.265625 0.05 0.0625
0 0.3984375 0.767578125 0.05 0.0625
0 0.74765625 0.42578125 0.0484375 0.0625
0 0.3328125 0.263671875 0.05 0.0625
0 0.2609375 0.76953125 0.05 0.0625
0 0.7421875 0.845703125 0.05 0.0625
0 0.7453125 0.59375 0.05 0.0625
0 0.3328125 0.43359375 0.05 0.0625
0 0.3328125 0.3486328125 0.05 0.064453125
0 0.5390625 0.431640625 0.05 0.0625
0 0.6765625 0.6796875 0.05 0.0625
0 0.678125 0.4296875 0.05 0.0625
0 0.74375 0.6796875 0.05 0.0625
0 0.74375 0.76171875 0.05 0.0625
0 0.6796875 0.34375 0.05 0.0625
0 0.05390625 0.265625 0.0484375 0.0625
0 0.74765625 0.51171875 0.0484375 0.0625
