0 0.75859375 0.1552734375 0.0484375 0.064453125
0 0.63671875 0.1953125 0.0484375 0.0625
0 0.828125 0.212890625 0.05 0.06640625
0 0.65859375 0.3525390625 0.0484375 0.064453125
0 0.57265625 0.6259765625 0.0484375 0.064453125
0 0.70703125 0.25390625 0.0484375 0.06640625
0 0.63359375 0.6064453125 0.0484375 0.064453125
0 0.77890625 0.3125 0.0484375 0.0625
0 0.58515625 0.703125 0.0484375 0.0625
0 0.62578125 0.115234375 0.0484375 0.0625
0 0.69765625 0.1748046875 0.0484375 0.064453125
0 0.64609375 0.275390625 0.0484375 0.0625
0 0.68671875 0.0947265625 0.0484375 0.064453125
0 0.39296875 0.275390625 0.0484375 0.0625
0 0.69453125 0.5859375 0.0484375 0.0625
0 0.56328125 0.5458984375 0.0484375 0.064453125
0 0.76796875 0.2333984375 0.0484375 0.068359375
0 0.81953125 0.134765625 0.0484375 0.0625
0 0.515625 0.2353515625 0.05 0.064453125
0 0.6453125 0.6826171875 0.05 0.064453125
0 0.68203125 0.505859375 0.0484375 0.0625
0 0.84921875 0.369140625 0.0484375 0.0625
0 0.6703125 0.4287109375 0.05 0.064453125
0 0.52734375 0.3154296875 0.0484375 0.064453125
0 0.71953125 0.33203125 0.0484375 0.0625
0 0.740625 0.4853515625 0.046875 0.064453125
0 0.74609375 0.0751953125 0.0484375 0.064453125
0 0.58828125 0.294921875 0.0484375 0.0625
0 0.57578125 0.21484375 0.0484375 0.0625
0 0.80703125 0.0546875 0.0484375 0.0625
0 0.38046875 0.19140625 0.0484375 0.0625
0 0.81171875 0.5458984375 0.0484375 0.064453125
0 0.33203125 0.294921875 0.0484375 0.0625
0 0.59765625 0.3720703125 0.0484375 0.064453125
0 0.20546875 0.3359375 0.0515625 0.0625
0 0.79140625 0.388671875 0.0484375 0.0625
0 0.62109375 0.529296875 0.0484375 0.0625
0 0.53984375 0.392578125 0.0484375 0.0625
0 0.73046875 0.4091796875 0.0484375 0.064453125
0 0.27109375 0.3154296875 0.0484375 0.064453125
0 0.70234375 0.6630859375 0.0484375 0.064453125
0 0.50390625 0.1552734375 0.0484375 0.064453125
0 0.75390625 0.5625 0.0484375 0.0625
0 0.56484375 0.134765625 0.0484375 0.0625
0 0.45546875 0.2548828125 0.0484375 0.064453125
0 0.21953125 0.416015625 0.0484375 0.0625
0 0.86953125 0.5263671875 0.0484375 0.064453125
0 0.40546875 0.35546875 0.0484375 0.0625
0 0.83984375 0.2919921875 0.0484375 0.064453125
0 0.46328125 0.74609375 0.0484375 0.0625
0 0.8015625 0.46875 0.046875 0.0625
0 0.4421875 0.1748046875 0.05 0.064453125
0 0.19453125 0.2548828125 0.0484375 0.064453125
0 0.76328125 0.642578125 0.0484375 0.0625
0 0.25546875 0.2333984375 0.0484375 0.068359375
0 0.45390625 0.666015625 0.0484375 0.0625
0 0.6109375 0.44921875 0.046875 0.0625
0 0.8828125 0.6025390625 0.046875 0.064453125
0 0.32890625 0.7099609375 0.0484375 0.064453125
0 0.41640625 0.4326171875 0.0515625 0.064453125
0 0.51484375 0.646484375 0.0484375 0.0625
0 0.31875 0.212890625 0.046875 0.06640625
0 0.46640625 0.3359375 0.0484375 0.0625
0 0.50234375 0.5693359375 0.0484375 0.064453125
0 0.86015625 0.4453125 0.0484375 0.0625
0 0.52421875 0.72265625 0.0484375 0.0625
0 0.82421875 0.623046875 0.0484375 0.0625
0 0.29296875 0.47265625 0.0484375 0.0625
0 0.28203125 0.3916015625 0.0515625 0.056640625
0 0.55 0.46875 0.046875 0.0625
0 0.47890625 0.412109375 0.0484375 0.0625
0 0.24453125 0.572265625 0.0484375 0.0625
0 0.44140625 0.58984375 0.0484375 0.0625
0 0.34453125 0.3759765625 0.0484375 0.064453125
0 0.428125 0.5126953125 0.046875 0.064453125
0 0.23203125 0.494140625 0.0484375 0.06640625
0 0.30546875 0.548828125 0.0484375 0.0625
0 0.34140625 0.7900390625 0.0484375 0.064453125
0 0.35390625 0.4521484375 0.0484375 0.064453125
0 0.40234375 0.7666015625 0.0484375 0.064453125
0 0.25546875 0.6533203125 0.0484375 0.064453125
0 0.39140625 0.689453125 0.0515625 0.0625
0 0.490625 0.4892578125 0.05 0.064453125
0 0.38046875 0.609375 0.0484375 0.0625
0 0.36640625 0.5322265625 0.0484375 0.064453125
0 0.3171875 0.6298828125 0.05 0.064453125
0 0.26796875 0.7294921875 0.0484375 0.064453125
0 0.28046875 0.8095703125 0.0484375 0.064453125
