0 0.13046875 0.6259765625 0.0515625 0.056640625
0 0.20625 0.5615234375 0.05 0.056640625
0 0.31875 0.2197265625 0.05 0.052734375
0 0.62578125 0.4541015625 0.0515625 0.052734375
0 0.24140625 0.2841796875 0.0515625 0.052734375
0 0.66484375 0.6640625 0.0515625 0.0546875
0 0.25 0.2138671875 0.05 0.056640625
0 0.28203125 0.4970703125 0.0515625 0.052734375
0 0.4 0.6455078125 0.05 0.056640625
0 0.7015625 0.3896484375 0.05 0.052734375
0 0.1375 0.5576171875 0.05 0.052734375
0 0.43515625 0.3701171875 0.0515625 0.052734375
0 0.18125 0.2080078125 0.05 0.052734375
0 0.103125 0.2724609375 0.05 0.052734375
0 0.63515625 0.3837890625 0.0484375 0.056640625
0 0.44296875 0.2998046875 0.0515625 0.056640625
0 0.47421875 0.580078125 0.0515625 0.0546875
0 0.33359375 0.6396484375 0.0515625 0.052734375
0 0.52109375 0.2373046875 0.0484375 0.052734375
0 0.58671875 0.2412109375 0.0515625 0.052734375
0 0.1640625 0.3486328125 0.05 0.052734375
0 0.3765625 0.2958984375 0.05 0.052734375
0 0.73984375 0.6015625 0.0515625 0.0546875
0 0.41796875 0.5068359375 0.0515625 0.052734375
0 0.72265625 0.251953125 0.0515625 0.0546875
0 0.35859375 0.4326171875 0.0515625 0.052734375
0 0.2328125 0.3525390625 0.05 0.056640625
0 0.51171875 0.3056640625 0.0515625 0.052734375
0 0.60859375 0.58984375 0.0515625 0.0546875
0 0.3015625 0.3583984375 0.05 0.052734375
0 0.22265625 0.4228515625 0.0515625 0.052734375
0 0.26484375 0.6357421875 0.0515625 0.056640625
0 0.7125 0.322265625 0.05 0.0546875
0 0.32734375 0.1484375 0.0515625 0.0546875
0 0.15390625 0.41796875 0.0515625 0.0546875
0 0.14609375 0.4873046875 0.0515625 0.052734375
0 0.55078125 0.5166015625 0.0515625 0.052734375
0 0.2921875 0.427734375 0.05 0.0546875
0 0.484375 0.5126953125 0.05 0.052734375
0 0.33984375 0.5703125 0.0484375 0.0546875
0 0.64609375 0.3154296875 0.0515625 0.052734375
0 0.42578125 0.439453125 0.0515625 0.0546875
0 0.69296875 0.458984375 0.0515625 0.0546875
0 0.07109375 0.5517578125 0.0484375 0.056640625
0 0.559375 0.44921875 0.05 0.0546875
0 0.67265625 0.5966796875 0.0515625 0.052734375
0 0.53359375 0.654296875 0.0515625 0.0546875
0 0.5296875 0.1669921875 0.05 0.052734375
0 0.57109375 0.3798828125 0.0515625 0.052734375
0 0.45390625 0.2314453125 0.0484375 0.052734375
0 0.5984375 0.1708984375 0.05 0.052734375
0 0.31015625 0.291015625 0.0515625 0.0546875
0 0.2734375 0.5673828125 0.05 0.052734375
0 0.53984375 0.5869140625 0.0515625 0.052734375
0 0.36875 0.365234375 0.05 0.0546875
0 0.50234375 0.375 0.0515625 0.0546875
0 0.46640625 0.6494140625 0.0515625 0.052734375
0 0.77890625 0.3271484375 0.0515625 0.052734375
0 0.1125 0.2021484375 0.05 0.052734375
0 0.08828125 0.4130859375 0.0484375 0.052734375
0 0.12109375 0.1328125 0.0515625 0.0546875
0 0.66484375 0.1767578125 0.0515625 0.052734375
0 0.39609375 0.1552734375 0.0515625 0.052734375
0 0.19765625 0.6298828125 0.0515625 0.052734375
0 0.61796875 0.5234375 0.0515625 0.0546875
0 0.18984375 0.13671875 0.0515625 0.0546875
0 0.35078125 0.501953125 0.0515625 0.0546875
0 0.09765625 0.34375 0.0515625 0.0546875
0 0.4921875 0.4423828125 0.05 0.052734375
0 0.40859375 0.5771484375 0.0484375 0.052734375
0 0.46328125 0.16015625 0.0515625 0.0546875
0 0.38515625 0.2255859375 0.0484375 0.056640625
0 0.5984375 0.6591796875 0.05 0.052734375
0 0.68515625 0.5263671875 0.0515625 0.052734375
0 0.171875 0.2783203125 0.05 0.056640625
0 0.65390625 0.2470703125 0.0515625 0.056640625
0 0.25859375 0.1435546875 0.0515625 0.052734375
0 0.7703125 0.396484375 0.05 0.0546875
0 0.7515625 0.533203125 0.05 0.0546875
0 0.759375 0.4638671875 0.05 0.052734375
0 0.21484375 0.4921875 0.0515625 0.0546875
0 0.73203125 0.6689453125 0.0515625 0.052734375
0 0.0796875 0.482421875 0.05 0.0546875
0 0.57890625 0.3125 0.0515625 0.0546875
0 0.06171875 0.6220703125 0.0515625 0.052734375
0 0.73203125 0.1806640625 0.0515625 0.052734375
0 0.80078125 0.1875 0.0515625 0.0546875
0 0.7890625 0.2568359375 0.05 0.056640625
