0 0.55859375 0.4912109375 0.0390625 0.048828125
0 0.55390625 0.5380859375 0.0390625 0.048828125
0 0.50390625 0.6298828125 0.0390625 0.048828125
0 0.56171875 0.4462890625 0.0390625 0.048828125
0 0.43046875 0.4345703125 0.0390625 0.048828125
0 0.41953125 0.5751953125 0.0390625 0.048828125
0 0.33984375 0.4736328125 0.0390625 0.048828125
0 0.54765625 0.6337890625 0.0390625 0.048828125
0 0.28359375 0.6123046875 0.0390625 0.048828125
0 0.38359375 0.4775390625 0.0390625 0.048828125
0 0.34296875 0.4267578125 0.0390625 0.048828125
0 0.51015625 0.5341796875 0.0390625 0.048828125
0 0.43359375 0.3857421875 0.0390625 0.048828125
0 0.51640625 0.4404296875 0.0390625 0.048828125
0 0.60703125 0.4501953125 0.0390625 0.048828125
0 0.52109375 0.3935546875 0.0390625 0.048828125
0 0.37109375 0.6201171875 0.0390625 0.048828125
0 0.33046875 0.5673828125 0.0390625 0.048828125
0 0.59921875 0.5439453125 0.0390625 0.048828125
0 0.29140625 0.5185546875 0.0390625 0.048828125
0 0.47109375 0.4853515625 0.0390625 0.048828125
0 0.42265625 0.5283203125 0.0390625 0.048828125
0 0.47265625 0.4365234375 0.0390625 0.048828125
0 0.27890625 0.6611328125 0.0390625 0.048828125
0 0.46640625 0.5322265625 0.0390625 0.048828125
0 0.59140625 0.6396484375 0.0390625 0.048828125
0 0.33515625 0.5205078125 0.0390625 0.048828125
0 0.38671875 0.4306640625 0.0390625 0.048828125
0 0.50703125 0.5810546875 0.0390625 0.048828125
0 0.51484375 0.4892578125 0.0390625 0.048828125
0 0.45703125 0.6767578125 0.0390625 0.048828125
0 0.42734375 0.4814453125 0.0390625 0.048828125
0 0.47734375 0.3896484375 0.0390625 0.048828125
0 0.23671875 0.6103515625 0.0390625 0.048828125
0 0.34609375 0.3798828125 0.0390625 0.048828125
0 0.59609375 0.5908203125 0.0390625 0.048828125
0 0.37734375 0.5244140625 0.0390625 0.048828125
0 0.64609375 0.5009765625 0.0390625 0.048828125
0 0.46015625 0.6259765625 0.0390625 0.048828125
0 0.37578125 0.5732421875 0.0390625 0.048828125
0 0.56484375 0.3994140625 0.0390625 0.048828125
0 0.36640625 0.6689453125 0.0390625 0.048828125
0 0.64296875 0.5458984375 0.0390625 0.048828125
0 0.24765625 0.5146484375 0.0390625 0.048828125
0 0.46328125 0.5791015625 0.0390625 0.048828125
0 0.32734375 0.6162109375 0.0390625 0.048828125
0 0.41484375 0.6240234375 0.0390625 0.048828125
0 0.55234375 0.5869140625 0.0390625 0.048828125
0 0.24296875 0.5615234375 0.0390625 0.048828125
0 0.19453125 0.6064453125 0.0390625 0.048828125
0 0.25546875 0.4208984375 0.0390625 0.048828125
0 0.38984375 0.3837890625 0.0390625 0.048828125
0 0.60078125 0.4951171875 0.0390625 0.048828125
0 0.23359375 0.6591796875 0.0390625 0.048828125
0 0.60859375 0.4033203125 0.0390625 0.048828125
0 0.30390625 0.3779296875 0.0390625 0.048828125
0 0.28671875 0.5654296875 0.0390625 0.048828125
0 0.29921875 0.4228515625 0.0390625 0.048828125
0 0.63984375 0.5947265625 0.0390625 0.048828125
0 0.29453125 0.4716796875 0.0390625 0.048828125
0 0.54609375 0.6845703125 0.0390625 0.048828125
0 0.41171875 0.6728515625 0.0390625 0.048828125
0 0.26015625 0.3740234375 0.0390625 0.048828125
0 0.18828125 0.6572265625 0.0390625 0.048828125
0 0.25234375 0.4677734375 0.0390625 0.048828125
0 0.32265625 0.6650390625 0.0390625 0.048828125
0 0.56796875 0.3544921875 0.0390625 0.048828125
0 0.20390625 0.5107421875 0.0390625 0.048828125
0 0.50078125 0.6806640625 0.0390625 0.048828125
0 0.58984375 0.6884765625 0.0390625 0.048828125
0 0.48046875 0.3427734375 0.0390625 0.048828125
0 0.20859375 0.4638671875 0.0390625 0.048828125
0 0.64921875 0.4541015625 0.0390625 0.048828125
0 0.63359375 0.6923828125 0.0390625 0.048828125
0 0.65234375 0.4072265625 0.0390625 0.048828125
0 0.63671875 0.6416015625 0.0390625 0.048828125
0 0.39453125 0.3349609375 0.0390625 0.048828125
0 0.52265625 0.3466796875 0.0390625 0.048828125
0 0.19921875 0.5595703125 0.0390625 0.048828125
0 0.21640625 0.3701171875 0.0390625 0.048828125
0 0.30703125 0.3291015625 0.0390625 0.048828125
0 0.21796875 0.3232421875 0.0390625 0.048828125
0 0.26328125 0.3251953125 0.0390625 0.048828125
0 0.34921875 0.3330078125 0.0390625 0.048828125
0 0.43515625 0.3408203125 0.0390625 0.048828125
0 0.21171875 0.4189453125 0.0390625 0.048828125
0 0.61171875 0.3564453125 0.0390625 0.048828125
0 0.65546875 0.3583984375 0.0390625 0.048828125
