0 0.54140625 0.384765625 0.0390625 0.046875
0 0.5984375 0.4345703125 0.0375 0.044921875
0 0.6984375 0.4228515625 0.040625 0.048828125
0 0.40859375 0.5556640625 0.0390625 0.044921875
0 0.5140625 0.59765625 0.040625 0.046875
0 0.47109375 0.6533203125 0.0390625 0.044921875
0 0.8015625 0.4130859375 0.0375 0.048828125
0 0.70859375 0.52734375 0.0390625 0.046875
0 0.509375 0.5478515625 0.0375 0.048828125
0 0.76875 0.625 0.040625 0.046875
0 0.61953125 0.6396484375 0.0390625 0.044921875
0 0.45234375 0.5 0.0390625 0.046875
0 0.44609375 0.447265625 0.0390625 0.046875
0 0.759375 0.5224609375 0.0375 0.044921875
0 0.4015625 0.5048828125 0.0375 0.044921875
0 0.3765625 0.712890625 0.0375 0.046875
0 0.33671875 0.4052734375 0.0390625 0.048828125
0 0.703125 0.4765625 0.0375 0.046875
0 0.56328125 0.5947265625 0.0390625 0.044921875
0 0.3953125 0.453125 0.0375 0.046875
0 0.56953125 0.6435546875 0.0390625 0.044921875
0 0.65390625 0.48046875 0.0359375 0.046875
0 0.6078125 0.5380859375 0.0375 0.048828125
0 0.65859375 0.533203125 0.0390625 0.046875
0 0.3203125 0.6689453125 0.0375 0.044921875
0 0.6640625 0.5830078125 0.0375 0.048828125
0 0.5203125 0.650390625 0.040625 0.046875
0 0.71484375 0.5791015625 0.0390625 0.044921875
0 0.75390625 0.470703125 0.0390625 0.046875
0 0.575 0.6953125 0.0375 0.046875
0 0.45859375 0.552734375 0.0390625 0.046875
0 0.36484375 0.61328125 0.0390625 0.046875
0 0.553125 0.4912109375 0.0375 0.044921875
0 0.56015625 0.5439453125 0.0390625 0.044921875
0 0.675 0.685546875 0.0375 0.046875
0 0.49609375 0.443359375 0.0390625 0.046875
0 0.76484375 0.5732421875 0.0390625 0.044921875
0 0.74921875 0.41796875 0.0359375 0.046875
0 0.30703125 0.5654296875 0.0390625 0.048828125
0 0.46484375 0.6025390625 0.0390625 0.048828125
0 0.74453125 0.365234375 0.0390625 0.046875
0 0.64375 0.3759765625 0.0375 0.044921875
0 0.815625 0.568359375 0.0375 0.046875
0 0.4390625 0.3974609375 0.0375 0.044921875
0 0.50234375 0.4951171875 0.0390625 0.048828125
0 0.4203125 0.6591796875 0.0375 0.044921875
0 0.64921875 0.427734375 0.0390625 0.046875
0 0.5265625 0.703125 0.040625 0.046875
0 0.3328125 0.767578125 0.0375 0.046875
0 0.79609375 0.3603515625 0.0390625 0.048828125
0 0.490625 0.390625 0.0375 0.046875
0 0.7734375 0.67578125 0.0375 0.046875
0 0.29453125 0.4619140625 0.0390625 0.044921875
0 0.61328125 0.587890625 0.0390625 0.046875
0 0.34375 0.4580078125 0.0375 0.048828125
0 0.30078125 0.5146484375 0.0390625 0.044921875
0 0.62421875 0.6884765625 0.0390625 0.044921875
0 0.5921875 0.380859375 0.0375 0.046875
0 0.80546875 0.46484375 0.0390625 0.046875
0 0.72265625 0.6796875 0.0390625 0.046875
0 0.41484375 0.607421875 0.0390625 0.046875
0 0.3578125 0.560546875 0.0375 0.046875
0 0.60078125 0.4853515625 0.0390625 0.048828125
0 0.4328125 0.7578125 0.0375 0.046875
0 0.32734375 0.7177734375 0.0390625 0.048828125
0 0.54765625 0.4375 0.0390625 0.046875
0 0.71953125 0.630859375 0.0390625 0.046875
0 0.42734375 0.7109375 0.0390625 0.046875
0 0.72890625 0.73046875 0.0390625 0.046875
0 0.82421875 0.669921875 0.0390625 0.046875
0 0.47578125 0.7041015625 0.0359375 0.044921875
0 0.82109375 0.6201171875 0.0390625 0.048828125
0 0.36953125 0.6630859375 0.0390625 0.048828125
0 0.66953125 0.634765625 0.0390625 0.046875
0 0.38359375 0.7646484375 0.0390625 0.044921875
0 0.77890625 0.7265625 0.0390625 0.046875
0 0.35078125 0.509765625 0.0390625 0.046875
0 0.81015625 0.517578125 0.0390625 0.046875
0 0.38828125 0.400390625 0.0390625 0.046875
0 0.3140625 0.6171875 0.0375 0.046875
0 0.69453125 0.3701171875 0.0390625 0.048828125
0 0.63125 0.740234375 0.0375 0.046875
0 0.48359375 0.755859375 0.0390625 0.046875
0 0.28671875 0.4091796875 0.0390625 0.044921875
0 0.6796875 0.7353515625 0.040625 0.048828125
0 0.8296875 0.720703125 0.0375 0.046875
0 0.5328125 0.75 0.040625 0.046875
0 0.58046875 0.7451171875 0.0390625 0.048828125
