0 0.62578125 0.2333984375 0.0421875 0.064453125
0 0.51640625 0.2255859375 0.0421875 0.064453125
0 0.58359375 0.3935546875 0.0421875 0.064453125
0 0.63984375 0.3974609375 0.0421875 0.064453125
0 0.65078125 0.5595703125 0.0421875 0.064453125
0 0.56484375 0.1455078125 0.0421875 0.064453125
0 0.57890625 0.3115234375 0.0421875 0.064453125
0 0.50390625 0.0576171875 0.0421875 0.064453125
0 0.53046875 0.3896484375 0.0421875 0.064453125
0 0.271875 0.4482421875 0.040625 0.064453125
0 0.6125 0.0654296875 0.040625 0.064453125
0 0.46953125 0.3037109375 0.0421875 0.064453125
0 0.6578125 0.6396484375 0.040625 0.064453125
0 0.69921875 0.4814453125 0.0421875 0.064453125
0 0.43828125 0.5419921875 0.0421875 0.064453125
0 0.55859375 0.0625 0.0421875 0.06640625
0 0.48515625 0.466796875 0.0421875 0.06640625
0 0.68828125 0.3193359375 0.0421875 0.064453125
0 0.42421875 0.3818359375 0.0421875 0.064453125
0 0.81015625 0.4931640625 0.0421875 0.064453125
0 0.61953125 0.1474609375 0.0421875 0.064453125
0 0.45703125 0.1376953125 0.0421875 0.064453125
0 0.43125 0.4619140625 0.040625 0.064453125
0 0.67421875 0.1533203125 0.0421875 0.064453125
0 0.51015625 0.1435546875 0.0421875 0.064453125
0 0.37734375 0.4560546875 0.0421875 0.064453125
0 0.54375 0.5498046875 0.040625 0.064453125
0 0.80390625 0.4091796875 0.0421875 0.064453125
0 0.79921875 0.3271484375 0.0421875 0.064453125
0 0.57265625 0.2275390625 0.0421875 0.064453125
0 0.53671875 0.4697265625 0.0421875 0.064453125
0 0.55078125 0.6298828125 0.0421875 0.064453125
0 0.5234375 0.30859375 0.040625 0.06640625
0 0.59765625 0.5546875 0.0421875 0.06640625
0 0.64453125 0.4794921875 0.0421875 0.064453125
0 0.72265625 0.0703125 0.0421875 0.06640625
0 0.33203125 0.5341796875 0.0421875 0.064453125
0 0.63203125 0.31640625 0.0421875 0.06640625
0 0.44453125 0.6220703125 0.0421875 0.064453125
0 0.409375 0.2177734375 0.040625 0.064453125
0 0.76640625 0.6513671875 0.0421875 0.064453125
0 0.75390625 0.4873046875 0.0421875 0.064453125
0 0.590625 0.4736328125 0.040625 0.064453125
0 0.66953125 0.0673828125 0.0421875 0.064453125
0 0.3640625 0.2958984375 0.040625 0.064453125
0 0.7046875 0.5654296875 0.040625 0.064453125
0 0.74140625 0.32421875 0.0421875 0.06640625
0 0.32578125 0.4541015625 0.0421875 0.064453125
0 0.41640625 0.2978515625 0.0421875 0.064453125
0 0.79140625 0.2431640625 0.0421875 0.064453125
0 0.76015625 0.5703125 0.0421875 0.06640625
0 0.73203125 0.1552734375 0.0421875 0.064453125
0 0.34921875 0.1298828125 0.0421875 0.064453125
0 0.7484375 0.4072265625 0.040625 0.064453125
0 0.39609375 0.0517578125 0.0421875 0.064453125
0 0.78671875 0.158203125 0.0421875 0.06640625
0 0.48984375 0.546875 0.0421875 0.06640625
0 0.31875 0.3701171875 0.040625 0.064453125
0 0.384375 0.5361328125 0.040625 0.064453125
0 0.78046875 0.0732421875 0.0421875 0.064453125
0 0.28046875 0.5283203125 0.0421875 0.064453125
0 0.37109375 0.3759765625 0.0421875 0.064453125
0 0.49609375 0.6279296875 0.0421875 0.064453125
0 0.3390625 0.6123046875 0.040625 0.064453125
0 0.28828125 0.0439453125 0.0421875 0.064453125
0 0.46328125 0.2197265625 0.0421875 0.064453125
0 0.73671875 0.2412109375 0.0421875 0.064453125
0 0.4765625 0.3837890625 0.040625 0.064453125
0 0.35546875 0.212890625 0.0421875 0.06640625
0 0.40234375 0.1357421875 0.0421875 0.064453125
0 0.31015625 0.2900390625 0.0421875 0.064453125
0 0.71171875 0.6455078125 0.0421875 0.064453125
0 0.28515625 0.6064453125 0.0421875 0.064453125
0 0.69296875 0.4013671875 0.0421875 0.064453125
0 0.60390625 0.6357421875 0.0421875 0.064453125
0 0.39140625 0.6162109375 0.0421875 0.064453125
0 0.30390625 0.2099609375 0.0421875 0.064453125
0 0.2953125 0.1279296875 0.040625 0.064453125
0 0.26484375 0.3681640625 0.0421875 0.064453125
0 0.34296875 0.046875 0.0421875 0.06640625
0 0.44921875 0.0546875 0.0421875 0.06640625
0 0.81484375 0.5751953125 0.0421875 0.064453125
0 0.68125 0.2353515625 0.040625 0.064453125
0 0.24140625 0.1220703125 0.0421875 0.064453125
0 0.82109375 0.6552734375 0.0421875 0.064453125
0 0.25859375 0.28515625 0.0421875 0.06640625
0 0.25 0.205078125 0.040625 0.06640625
0 0.23515625 0.0390625 0.0421875 0.06640625
