0 0.11484375 0.6865234375 0.0484375 0.052734375
0 0.246875 0.6904296875 0.046875 0.052734375
0 0.24453125 0.765625 0.0484375 0.0546875
0 0.3890625 0.2490234375 0.046875 0.052734375
0 0.2578125 0.2451171875 0.046875 0.052734375
0 0.3125 0.6923828125 0.046875 0.052734375
0 0.3765625 0.6953125 0.046875 0.0546875
0 0.65 0.2578125 0.046875 0.0546875
0 0.4421875 0.697265625 0.046875 0.0546875
0 0.1921875 0.2431640625 0.046875 0.052734375
0 0.18125 0.6884765625 0.046875 0.052734375
0 0.11875 0.5400390625 0.046875 0.052734375
0 0.12421875 0.3154296875 0.0484375 0.052734375
0 0.5078125 0.626953125 0.046875 0.0546875
0 0.0578125 0.3134765625 0.046875 0.052734375
0 0.1265625 0.2412109375 0.046875 0.052734375
0 0.3125 0.6181640625 0.046875 0.052734375
0 0.5734375 0.626953125 0.046875 0.0546875
0 0.50625 0.69921875 0.046875 0.0546875
0 0.05625 0.3876953125 0.046875 0.052734375
0 0.44375 0.6220703125 0.046875 0.052734375
0 0.0515625 0.6123046875 0.046875 0.052734375
0 0.121875 0.3896484375 0.046875 0.052734375
0 0.453125 0.251953125 0.046875 0.0546875
0 0.378125 0.6220703125 0.046875 0.052734375
0 0.5703125 0.7763671875 0.046875 0.052734375
0 0.38125 0.4736328125 0.046875 0.052734375
0 0.0484375 0.6865234375 0.046875 0.052734375
0 0.1828125 0.6162109375 0.046875 0.052734375
0 0.0578125 0.2392578125 0.046875 0.052734375
0 0.184375 0.5419921875 0.046875 0.052734375
0 0.3796875 0.5478515625 0.046875 0.052734375
0 0.37421875 0.76953125 0.0484375 0.0546875
0 0.321875 0.322265625 0.046875 0.0546875
0 0.3171875 0.4716796875 0.046875 0.052734375
0 0.509375 0.5517578125 0.046875 0.052734375
0 0.1171875 0.6142578125 0.046875 0.052734375
0 0.1125 0.7607421875 0.046875 0.052734375
0 0.25625 0.3193359375 0.046875 0.052734375
0 0.5828125 0.3310546875 0.046875 0.052734375
0 0.178125 0.763671875 0.046875 0.0546875
0 0.4453125 0.5498046875 0.046875 0.052734375
0 0.3078125 0.767578125 0.046875 0.0546875
0 0.2484375 0.6181640625 0.046875 0.052734375
0 0.1203125 0.46484375 0.046875 0.0546875
0 0.3203125 0.396484375 0.046875 0.0546875
0 0.25 0.5439453125 0.046875 0.052734375
0 0.2515625 0.4697265625 0.046875 0.052734375
0 0.50390625 0.7744140625 0.0484375 0.052734375
0 0.190625 0.3173828125 0.046875 0.052734375
0 0.51875 0.25390625 0.046875 0.0546875
0 0.315625 0.5458984375 0.046875 0.052734375
0 0.446875 0.4755859375 0.046875 0.052734375
0 0.3234375 0.2470703125 0.046875 0.052734375
0 0.6359375 0.7783203125 0.046875 0.052734375
0 0.053125 0.5380859375 0.046875 0.052734375
0 0.575 0.5546875 0.046875 0.0546875
0 0.70625 0.55859375 0.046875 0.0546875
0 0.1875 0.392578125 0.046875 0.0546875
0 0.440625 0.7724609375 0.046875 0.052734375
0 0.25390625 0.39453125 0.0484375 0.0546875
0 0.0546875 0.462890625 0.046875 0.0546875
0 0.38359375 0.3994140625 0.0484375 0.052734375
0 0.515625 0.4033203125 0.046875 0.052734375
0 0.571875 0.7021484375 0.046875 0.052734375
0 0.7125 0.3349609375 0.046875 0.052734375
0 0.703125 0.7060546875 0.046875 0.052734375
0 0.1859375 0.466796875 0.046875 0.0546875
0 0.6390625 0.62890625 0.046875 0.0546875
0 0.7109375 0.4091796875 0.046875 0.052734375
0 0.6453125 0.4072265625 0.046875 0.052734375
0 0.584375 0.255859375 0.046875 0.0546875
0 0.7046875 0.6318359375 0.046875 0.052734375
0 0.640625 0.556640625 0.046875 0.0546875
0 0.6484375 0.3330078125 0.046875 0.052734375
0 0.709375 0.484375 0.046875 0.0546875
0 0.45 0.4013671875 0.046875 0.052734375
0 0.6375 0.7041015625 0.046875 0.052734375
0 0.51328125 0.4775390625 0.0484375 0.052734375
0 0.4515625 0.326171875 0.046875 0.0546875
0 0.3859375 0.326171875 0.046875 0.0546875
0 0.5765625 0.4794921875 0.046875 0.052734375
0 0.64296875 0.4814453125 0.0484375 0.052734375
0 0.046875 0.7587890625 0.046875 0.052734375
0 0.5171875 0.3291015625 0.046875 0.052734375
0 0.5796875 0.4052734375 0.046875 0.052734375
0 0.7015625 0.7802734375 0.046875 0.052734375
0 0.715625 0.2607421875 0.046875 0.052734375
