0 0.52578125 0.578125 0.0515625 0.05859375
0 0.4578125 0.759765625 0.053125 0.05859375
0 0.5125 0.7578125 0.053125 0.05859375
0 0.415625 0.642578125 0.05 0.05859375
0 0.521875 0.6357421875 0.053125 0.056640625
0 0.57421875 0.634765625 0.0515625 0.05859375
0 0.78671875 0.7490234375 0.0515625 0.060546875
0 0.47890625 0.521484375 0.0515625 0.05859375
0 0.35234375 0.765625 0.0515625 0.05859375
0 0.47109375 0.5810546875 0.0515625 0.060546875
0 0.29765625 0.767578125 0.0515625 0.05859375
0 0.625 0.6943359375 0.053125 0.060546875
0 0.4640625 0.69921875 0.053125 0.05859375
0 0.73046875 0.751953125 0.0515625 0.05859375
0 0.63671875 0.515625 0.0515625 0.05859375
0 0.62734375 0.634765625 0.0515625 0.05859375
0 0.58359375 0.51953125 0.0515625 0.05859375
0 0.7421875 0.5693359375 0.05 0.060546875
0 0.77890625 0.87109375 0.0515625 0.05859375
0 0.29375 0.826171875 0.05 0.05859375
0 0.51640625 0.69921875 0.0515625 0.05859375
0 0.303125 0.7080078125 0.05 0.060546875
0 0.63125 0.57421875 0.05 0.05859375
0 0.5703125 0.6982421875 0.053125 0.056640625
0 0.309375 0.646484375 0.05 0.05859375
0 0.409375 0.703125 0.053125 0.05859375
0 0.50859375 0.8193359375 0.0515625 0.060546875
0 0.53125 0.521484375 0.053125 0.05859375
0 0.62265625 0.755859375 0.0515625 0.05859375
0 0.79765625 0.564453125 0.0515625 0.05859375
0 0.3484375 0.826171875 0.05 0.05859375
0 0.7265625 0.8125 0.05 0.05859375
0 0.3578125 0.703125 0.05 0.05859375
0 0.7375 0.630859375 0.05 0.05859375
0 0.67265625 0.8173828125 0.0515625 0.060546875
0 0.425 0.5234375 0.05 0.05859375
0 0.4671875 0.640625 0.053125 0.05859375
0 0.74375 0.509765625 0.05 0.05859375
0 0.734375 0.689453125 0.05 0.05859375
0 0.6765625 0.751953125 0.05 0.05859375
0 0.61640625 0.8173828125 0.0515625 0.060546875
0 0.78828125 0.6875 0.0515625 0.05859375
0 0.5625 0.814453125 0.053125 0.05859375
0 0.36328125 0.64453125 0.0515625 0.05859375
0 0.4546875 0.8193359375 0.053125 0.060546875
0 0.28828125 0.890625 0.0515625 0.05859375
0 0.55625 0.880859375 0.05 0.05859375
0 0.6796875 0.6943359375 0.05 0.060546875
0 0.7234375 0.876953125 0.05 0.05859375
0 0.4171875 0.5830078125 0.053125 0.060546875
0 0.45078125 0.880859375 0.0515625 0.05859375
0 0.31875 0.529296875 0.05 0.05859375
0 0.240625 0.828125 0.053125 0.05859375
0 0.40625 0.7626953125 0.05 0.060546875
0 0.68359375 0.630859375 0.0515625 0.05859375
0 0.5796875 0.578125 0.053125 0.05859375
0 0.3671875 0.5859375 0.05 0.05859375
0 0.31484375 0.587890625 0.0515625 0.05859375
0 0.6671875 0.87890625 0.05 0.05859375
0 0.48203125 0.462890625 0.0515625 0.05859375
0 0.56640625 0.755859375 0.0515625 0.05859375
0 0.25234375 0.7109375 0.0515625 0.05859375
0 0.6125 0.880859375 0.05 0.05859375
0 0.37265625 0.5263671875 0.0515625 0.060546875
0 0.7828125 0.8125 0.05 0.05859375
0 0.6859375 0.572265625 0.05 0.05859375
0 0.8 0.50390625 0.05 0.05859375
0 0.79375 0.626953125 0.05 0.05859375
0 0.34296875 0.8876953125 0.0515625 0.060546875
0 0.503125 0.880859375 0.053125 0.05859375
0 0.24609375 0.76953125 0.0515625 0.05859375
0 0.2546875 0.6513671875 0.05 0.060546875
0 0.26171875 0.58984375 0.0515625 0.05859375
0 0.534375 0.462890625 0.053125 0.05859375
0 0.69140625 0.509765625 0.0515625 0.05859375
0 0.39609375 0.884765625 0.0515625 0.05859375
0 0.4 0.82421875 0.053125 0.05859375
0 0.2359375 0.890625 0.05 0.05859375
0 0.3765625 0.466796875 0.05 0.05859375
0 0.428125 0.4677734375 0.053125 0.056640625
0 0.74921875 0.44921875 0.0515625 0.05859375
0 0.640625 0.4560546875 0.05 0.060546875
0 0.265625 0.533203125 0.05 0.05859375
0 0.584375 0.4580078125 0.05 0.060546875
0 0.6953125 0.453125 0.05 0.05859375
0 0.803125 0.4443359375 0.05 0.060546875
0 0.2703125 0.474609375 0.05 0.05859375
0 0.32421875 0.4716796875 0.0515625 0.060546875
