0 0.31171875 0.3623046875 0.0390625 0.048828125
0 0.51484375 0.3642578125 0.0390625 0.048828125
0 0.43203125 0.4423828125 0.0390625 0.048828125
0 0.33359375 0.3095703125 0.0390625 0.048828125
0 0.67421875 0.4716796875 0.0390625 0.048828125
0 0.63515625 0.4443359375 0.0390625 0.048828125
0 0.47265625 0.4677734375 0.0390625 0.048828125
0 0.53203125 0.5712890625 0.0390625 0.048828125
0 0.49453125 0.4169921875 0.0390625 0.048828125
0 0.73203125 0.5751953125 0.0390625 0.048828125
0 0.49140625 0.5458984375 0.0390625 0.048828125
0 0.39453125 0.2841796875 0.0390625 0.048828125
0 0.43515625 0.3115234375 0.0390625 0.048828125
0 0.56796875 0.7275390625 0.0390625 0.048828125
0 0.45703125 0.2607421875 0.0390625 0.048828125
0 0.34765625 0.6474609375 0.0390625 0.048828125
0 0.67109375 0.6005859375 0.0390625 0.048828125
0 0.31015625 0.4912109375 0.0390625 0.048828125
0 0.34921875 0.5185546875 0.0390625 0.048828125
0 0.58984375 0.6767578125 0.0390625 0.048828125
0 0.75390625 0.5224609375 0.0390625 0.048828125
0 0.45390625 0.3896484375 0.0390625 0.048828125
0 0.55234375 0.5205078125 0.0390625 0.048828125
0 0.35390625 0.2587890625 0.0390625 0.048828125
0 0.41640625 0.2333984375 0.0390625 0.048828125
0 0.50703125 0.7529296875 0.0390625 0.048828125
0 0.32890625 0.5693359375 0.0390625 0.048828125
0 0.47109375 0.5966796875 0.0390625 0.048828125
0 0.57265625 0.4697265625 0.0390625 0.048828125
0 0.28828125 0.5439453125 0.0390625 0.048828125
0 0.65234375 0.5224609375 0.0390625 0.048828125
0 0.28984375 0.4130859375 0.0390625 0.048828125
0 0.69296875 0.5478515625 0.0390625 0.048828125
0 0.37109375 0.4658203125 0.0390625 0.048828125
0 0.62890625 0.7021484375 0.0390625 0.048828125
0 0.52890625 0.7021484375 0.0390625 0.048828125
0 0.71328125 0.4970703125 0.0390625 0.048828125
0 0.57109375 0.5986328125 0.0390625 0.048828125
0 0.61015625 0.6240234375 0.0390625 0.048828125
0 0.51328125 0.4951171875 0.0390625 0.048828125
0 0.42734375 0.7001953125 0.0390625 0.048828125
0 0.55546875 0.3916015625 0.0390625 0.048828125
0 0.69609375 0.4208984375 0.0390625 0.048828125
0 0.57578125 0.3408203125 0.0390625 0.048828125
0 0.47578125 0.3388671875 0.0390625 0.048828125
0 0.35234375 0.3876953125 0.0390625 0.048828125
0 0.58671875 0.8056640625 0.0390625 0.048828125
0 0.51015625 0.6240234375 0.0390625 0.048828125
0 0.53671875 0.3134765625 0.0390625 0.048828125
0 0.55078125 0.6494140625 0.0390625 0.048828125
0 0.39296875 0.4150390625 0.0390625 0.048828125
0 0.46796875 0.7255859375 0.0390625 0.048828125
0 0.40859375 0.6220703125 0.0390625 0.048828125
0 0.71171875 0.6259765625 0.0390625 0.048828125
0 0.38984375 0.5439453125 0.0390625 0.048828125
0 0.60859375 0.7529296875 0.0390625 0.048828125
0 0.24765625 0.5166015625 0.0390625 0.048828125
0 0.41484375 0.3642578125 0.0390625 0.048828125
0 0.26640625 0.5947265625 0.0390625 0.048828125
0 0.59296875 0.5478515625 0.0390625 0.048828125
0 0.65546875 0.3935546875 0.0390625 0.048828125
0 0.43046875 0.5712890625 0.0390625 0.048828125
0 0.61640625 0.3681640625 0.0390625 0.048828125
0 0.45078125 0.5205078125 0.0390625 0.048828125
0 0.44921875 0.6494140625 0.0390625 0.048828125
0 0.54765625 0.7783203125 0.0390625 0.048828125
0 0.48984375 0.6748046875 0.0390625 0.048828125
0 0.64765625 0.7802734375 0.0390625 0.048828125
0 0.61328125 0.4951171875 0.0390625 0.048828125
0 0.53359375 0.4423828125 0.0390625 0.048828125
0 0.37578125 0.2060546875 0.0390625 0.048828125
0 0.37421875 0.3369140625 0.0390625 0.048828125
0 0.68984375 0.6767578125 0.0390625 0.048828125
0 0.62734375 0.8310546875 0.0390625 0.048828125
0 0.36953125 0.5966796875 0.0390625 0.048828125
0 0.22578125 0.5693359375 0.0390625 0.048828125
0 0.38828125 0.6748046875 0.0390625 0.048828125
0 0.41171875 0.4931640625 0.0390625 0.048828125
0 0.33046875 0.4404296875 0.0390625 0.048828125
0 0.59453125 0.4189453125 0.0390625 0.048828125
0 0.26953125 0.4658203125 0.0390625 0.048828125
0 0.77421875 0.4716796875 0.0390625 0.048828125
0 0.65078125 0.6513671875 0.0390625 0.048828125
0 0.66953125 0.7294921875 0.0390625 0.048828125
0 0.49609375 0.2880859375 0.0390625 0.048828125
0 0.63203125 0.5732421875 0.0390625 0.048828125
0 0.73515625 0.4462890625 0.0390625 0.048828125
0 0.30703125 0.6220703125 0.0390625 0.048828125
