0 0.25234375 0.3583984375 0.0390625 0.048828125
0 0.36171875 0.3544921875 0.0390625 0.048828125
0 0.36015625 0.2861328125 0.0390625 0.048828125
0 0.48046875 0.7587890625 0.0390625 0.048828125
0 0.37109375 0.7626953125 0.0390625 0.048828125
0 0.41640625 0.3525390625 0.0390625 0.048828125
0 0.46953125 0.3505859375 0.0390625 0.048828125
0 0.69765625 0.7509765625 0.0390625 0.048828125
0 0.52421875 0.3486328125 0.0390625 0.048828125
0 0.31640625 0.7646484375 0.0390625 0.048828125
0 0.30703125 0.3564453125 0.0390625 0.048828125
0 0.25546875 0.4931640625 0.0390625 0.048828125
0 0.26015625 0.6982421875 0.0390625 0.048828125
0 0.57890625 0.4130859375 0.0390625 0.048828125
0 0.20546875 0.7001953125 0.0390625 0.048828125
0 0.26171875 0.7666015625 0.0390625 0.048828125
0 0.41640625 0.4208984375 0.0390625 0.048828125
0 0.63359375 0.4130859375 0.0390625 0.048828125
0 0.57734375 0.3466796875 0.0390625 0.048828125
0 0.20390625 0.6318359375 0.0390625 0.048828125
0 0.52578125 0.4169921875 0.0390625 0.048828125
0 0.19921875 0.4267578125 0.0390625 0.048828125
0 0.25859375 0.6298828125 0.0390625 0.048828125
0 0.53359375 0.7568359375 0.0390625 0.048828125
0 0.47109375 0.4169921875 0.0390625 0.048828125
0 0.63046875 0.2763671875 0.0390625 0.048828125
0 0.47421875 0.5537109375 0.0390625 0.048828125
0 0.19765625 0.3583984375 0.0390625 0.048828125
0 0.30859375 0.4228515625 0.0390625 0.048828125
0 0.20546875 0.7685546875 0.0390625 0.048828125
0 0.31015625 0.4912109375 0.0390625 0.048828125
0 0.47265625 0.4853515625 0.0390625 0.048828125
0 0.46796875 0.2822265625 0.0390625 0.048828125
0 0.42421875 0.6923828125 0.0390625 0.048828125
0 0.42109375 0.5556640625 0.0390625 0.048828125
0 0.58046875 0.4814453125 0.0390625 0.048828125
0 0.25390625 0.4248046875 0.0390625 0.048828125
0 0.25078125 0.2900390625 0.0390625 0.048828125
0 0.36953125 0.6943359375 0.0390625 0.048828125
0 0.64140625 0.6845703125 0.0390625 0.048828125
0 0.30546875 0.2880859375 0.0390625 0.048828125
0 0.52734375 0.4833984375 0.0390625 0.048828125
0 0.41328125 0.2841796875 0.0390625 0.048828125
0 0.36328125 0.4208984375 0.0390625 0.048828125
0 0.25703125 0.5615234375 0.0390625 0.048828125
0 0.42265625 0.6240234375 0.0390625 0.048828125
0 0.36484375 0.4892578125 0.0390625 0.048828125
0 0.36640625 0.5576171875 0.0390625 0.048828125
0 0.57578125 0.2783203125 0.0390625 0.048828125
0 0.31484375 0.6962890625 0.0390625 0.048828125
0 0.58828125 0.7548828125 0.0390625 0.048828125
0 0.41953125 0.4873046875 0.0390625 0.048828125
0 0.52890625 0.5517578125 0.0390625 0.048828125
0 0.42578125 0.7607421875 0.0390625 0.048828125
0 0.68515625 0.2744140625 0.0390625 0.048828125
0 0.20078125 0.4951171875 0.0390625 0.048828125
0 0.63515625 0.4794921875 0.0390625 0.048828125
0 0.74453125 0.4755859375 0.0390625 0.048828125
0 0.31328125 0.6279296875 0.0390625 0.048828125
0 0.52265625 0.2802734375 0.0390625 0.048828125
0 0.36796875 0.6259765625 0.0390625 0.048828125
0 0.20234375 0.5634765625 0.0390625 0.048828125
0 0.47578125 0.6220703125 0.0390625 0.048828125
0 0.58515625 0.6181640625 0.0390625 0.048828125
0 0.63203125 0.3447265625 0.0390625 0.048828125
0 0.74921875 0.6806640625 0.0390625 0.048828125
0 0.74140625 0.3408203125 0.0390625 0.048828125
0 0.31171875 0.5595703125 0.0390625 0.048828125
0 0.68828125 0.4111328125 0.0390625 0.048828125
0 0.74765625 0.6123046875 0.0390625 0.048828125
0 0.69296875 0.6142578125 0.0390625 0.048828125
0 0.64296875 0.7529296875 0.0390625 0.048828125
0 0.74296875 0.4091796875 0.0390625 0.048828125
0 0.68984375 0.4775390625 0.0390625 0.048828125
0 0.69609375 0.6826171875 0.0390625 0.048828125
0 0.74609375 0.5439453125 0.0390625 0.048828125
0 0.53046875 0.6201171875 0.0390625 0.048828125
0 0.68671875 0.3427734375 0.0390625 0.048828125
0 0.58359375 0.5498046875 0.0390625 0.048828125
0 0.53203125 0.6884765625 0.0390625 0.048828125
0 0.47734375 0.6884765625 0.0390625 0.048828125
0 0.63671875 0.5478515625 0.0390625 0.048828125
0 0.69140625 0.5458984375 0.0390625 0.048828125
0 0.19609375 0.2919921875 0.0390625 0.048828125
0 0.58671875 0.6865234375 0.0390625 0.048828125
0 0.63828125 0.6162109375 0.0390625 0.048828125
0 0.73984375 0.2724609375 0.0390625 0.048828125
0 0.75234375 0.7490234375 0.0390625 0.048828125
