0 0.59296875 0.8525390625 0.0390625 0.048828125
0 0.55234375 0.8134765625 0.0390625 0.048828125
0 0.51171875 0.7763671875 0.0390625 0.048828125
0 0.47265625 0.7373046875 0.0390625 0.048828125
0 0.43203125 0.6982421875 0.0390625 0.048828125
0 0.39140625 0.6591796875 0.0390625 0.048828125
0 0.35078125 0.6201171875 0.0390625 0.048828125
0 0.30859375 0.5810546875 0.0390625 0.048828125
0 0.26796875 0.5419921875 0.0390625 0.048828125
0 0.22578125 0.5029296875 0.0390625 0.048828125
0 0.18515625 0.4638671875 0.0390625 0.048828125
0 0.62578125 0.8037109375 0.0390625 0.048828125
0 0.58515625 0.7666015625 0.0390625 0.048828125
0 0.54609375 0.7275390625 0.0390625 0.048828125
0 0.50546875 0.6884765625 0.0390625 0.048828125
0 0.46484375 0.6494140625 0.0390625 0.048828125
0 0.42421875 0.6103515625 0.0390625 0.048828125
0 0.38359375 0.5712890625 0.0390625 0.048828125
0 0.34296875 0.5322265625 0.0390625 0.048828125
0 0.30078125 0.4931640625 0.0390625 0.048828125
0 0.26015625 0.4541015625 0.0390625 0.048828125
0 0.21796875 0.4130859375 0.0390625 0.048828125
0 0.65859375 0.7568359375 0.0390625 0.048828125
0 0.61953125 0.7177734375 0.0390625 0.048828125
0 0.57890625 0.6787109375 0.0390625 0.048828125
0 0.53828125 0.6396484375 0.0390625 0.048828125
0 0.49765625 0.6005859375 0.0390625 0.048828125
0 0.45703125 0.5615234375 0.0390625 0.048828125
0 0.41640625 0.5224609375 0.0390625 0.048828125
0 0.37578125 0.4833984375 0.0390625 0.048828125
0 0.33359375 0.4443359375 0.0390625 0.048828125
0 0.29296875 0.4033203125 0.0390625 0.048828125
0 0.25078125 0.3642578125 0.0390625 0.048828125
0 0.69296875 0.7080078125 0.0390625 0.048828125
0 0.65078125 0.6689453125 0.0390625 0.048828125
0 0.61171875 0.6298828125 0.0390625 0.048828125
0 0.57109375 0.5908203125 0.0390625 0.048828125
0 0.53046875 0.5517578125 0.0390625 0.048828125
0 0.48984375 0.5126953125 0.0390625 0.048828125
0 0.44921875 0.4736328125 0.0390625 0.048828125
0 0.40859375 0.4345703125 0.0390625 0.048828125
0 0.36640625 0.3935546875 0.0390625 0.048828125
0 0.32578125 0.3544921875 0.0390625 0.048828125
0 0.28359375 0.3134765625 0.0390625 0.048828125
0 0.72421875 0.6591796875 0.0390625 0.048828125
0 0.68515625 0.6201171875 0.0390625 0.048828125
0 0.64453125 0.5810546875 0.0390625 0.048828125
0 0.60390625 0.5419921875 0.0390625 0.048828125
0 0.56328125 0.5029296875 0.0390625 0.048828125
0 0.52421875 0.4638671875 0.0390625 0.048828125
0 0.48203125 0.4248046875 0.0390625 0.048828125
0 0.44140625 0.3837890625 0.0390625 0.048828125
0 0.40078125 0.3447265625 0.0390625 0.048828125
0 0.35859375 0.3037109375 0.0390625 0.048828125
0 0.31796875 0.2646484375 0.0390625 0.048828125
0 0.75859375 0.6103515625 0.0390625 0.048828125
0 0.71796875 0.5712890625 0.0390625 0.048828125
0 0.67734375 0.5322265625 0.0390625 0.048828125
0 0.63671875 0.4931640625 0.0390625 0.048828125
0 0.59765625 0.4541015625 0.0390625 0.048828125
0 0.55546875 0.4150390625 0.0390625 0.048828125
0 0.51640625 0.3740234375 0.0390625 0.048828125
0 0.47421875 0.3349609375 0.0390625 0.048828125
0 0.43359375 0.2958984375 0.0390625 0.048828125
0 0.39140625 0.2548828125 0.0390625 0.048828125
0 0.35078125 0.2138671875 0.0390625 0.048828125
0 0.38359375 0.1630859375 0.0390625 0.048828125
0 0.42578125 0.2041015625 0.0390625 0.048828125
0 0.46640625 0.2451171875 0.0390625 0.048828125
0 0.50703125 0.2861328125 0.0390625 0.048828125
0 0.54921875 0.3251953125 0.0390625 0.048828125
0 0.58984375 0.3662109375 0.0390625 0.048828125
0 0.63046875 0.4052734375 0.0390625 0.048828125
0 0.67109375 0.4443359375 0.0390625 0.048828125
0 0.71171875 0.4833984375 0.0390625 0.048828125
0 0.75234375 0.5224609375 0.0390625 0.048828125
0 0.79140625 0.5615234375 0.0390625 0.048828125
0 0.78515625 0.4736328125 0.0390625 0.048828125
0 0.82578125 0.5126953125 0.0390625 0.048828125
0 0.74453125 0.4345703125 0.0390625 0.048828125
0 0.70390625 0.3955078125 0.0390625 0.048828125
0 0.66328125 0.3544921875 0.0390625 0.048828125
0 0.62265625 0.3154296875 0.0390625 0.048828125
0 0.58203125 0.2744140625 0.0390625 0.048828125
0 0.54140625 0.2353515625 0.0390625 0.048828125
0 0.49921875 0.1943359375 0.0390625 0.048828125
0 0.45859375 0.1533203125 0.0390625 0.048828125
0 0.41640625 0.1123046875 0.0390625 0.048828125
