0 0.33515625 0.5869140625 0.0390625 0.048828125
0 0.64296875 0.5771484375 0.0390625 0.048828125
0 0.54453125 0.4521484375 0.0390625 0.048828125
0 0.47109375 0.6064453125 0.0390625 0.048828125
0 0.42109375 0.5439453125 0.0390625 0.048828125
0 0.68046875 0.5283203125 0.0390625 0.048828125
0 0.32265625 0.4150390625 0.0390625 0.048828125
0 0.69140625 0.6416015625 0.0390625 0.048828125
0 0.50546875 0.5009765625 0.0390625 0.048828125
0 0.46640625 0.5498046875 0.0390625 0.048828125
0 0.36796875 0.4228515625 0.0390625 0.048828125
0 0.31796875 0.3603515625 0.0390625 0.048828125
0 0.42578125 0.6005859375 0.0390625 0.048828125
0 0.45703125 0.4365234375 0.0390625 0.048828125
0 0.37109375 0.4794921875 0.0390625 0.048828125
0 0.65390625 0.6904296875 0.0390625 0.048828125
0 0.63203125 0.4658203125 0.0390625 0.048828125
0 0.51640625 0.6142578125 0.0390625 0.048828125
0 0.33046875 0.5283203125 0.0390625 0.048828125
0 0.71953125 0.4814453125 0.0390625 0.048828125
0 0.55546875 0.5634765625 0.0390625 0.048828125
0 0.46171875 0.4931640625 0.0390625 0.048828125
0 0.53984375 0.3955078125 0.0390625 0.048828125
0 0.34453125 0.7021484375 0.0390625 0.048828125
0 0.47578125 0.6630859375 0.0390625 0.048828125
0 0.52109375 0.6708984375 0.0390625 0.048828125
0 0.28046875 0.4638671875 0.0390625 0.048828125
0 0.59453125 0.5166015625 0.0390625 0.048828125
0 0.38515625 0.6513671875 0.0390625 0.048828125
0 0.56640625 0.6787109375 0.0390625 0.048828125
0 0.61484375 0.7412109375 0.0390625 0.048828125
0 0.59921875 0.5712890625 0.0390625 0.048828125
0 0.27109375 0.3505859375 0.0390625 0.048828125
0 0.49609375 0.3896484375 0.0390625 0.048828125
0 0.56015625 0.6201171875 0.0390625 0.048828125
0 0.38046875 0.5927734375 0.0390625 0.048828125
0 0.41640625 0.4873046875 0.0390625 0.048828125
0 0.40703125 0.3740234375 0.0390625 0.048828125
0 0.64765625 0.6337890625 0.0390625 0.048828125
0 0.60390625 0.6279296875 0.0390625 0.048828125
0 0.37734375 0.5361328125 0.0390625 0.048828125
0 0.72421875 0.5341796875 0.0390625 0.048828125
0 0.51015625 0.5556640625 0.0390625 0.048828125
0 0.52578125 0.7275390625 0.0390625 0.048828125
0 0.28359375 0.5205078125 0.0390625 0.048828125
0 0.32578125 0.4716796875 0.0390625 0.048828125
0 0.58203125 0.4013671875 0.0390625 0.048828125
0 0.73515625 0.6474609375 0.0390625 0.048828125
0 0.50078125 0.4443359375 0.0390625 0.048828125
0 0.67109375 0.4208984375 0.0390625 0.048828125
0 0.49140625 0.3349609375 0.0390625 0.048828125
0 0.66484375 0.3642578125 0.0390625 0.048828125
0 0.55078125 0.5087890625 0.0390625 0.048828125
0 0.29453125 0.6376953125 0.0390625 0.048828125
0 0.69765625 0.6962890625 0.0390625 0.048828125
0 0.72890625 0.5908203125 0.0390625 0.048828125
0 0.74609375 0.7607421875 0.0390625 0.048828125
0 0.29765625 0.6943359375 0.0390625 0.048828125
0 0.65859375 0.7470703125 0.0390625 0.048828125
0 0.63671875 0.5224609375 0.0390625 0.048828125
0 0.57890625 0.3486328125 0.0390625 0.048828125
0 0.40390625 0.3193359375 0.0390625 0.048828125
0 0.56953125 0.7353515625 0.0390625 0.048828125
0 0.60859375 0.6845703125 0.0390625 0.048828125
0 0.67578125 0.4736328125 0.0390625 0.048828125
0 0.28828125 0.5791015625 0.0390625 0.048828125
0 0.43046875 0.6572265625 0.0390625 0.048828125
0 0.41171875 0.4306640625 0.0390625 0.048828125
0 0.47890625 0.7216796875 0.0390625 0.048828125
0 0.31328125 0.3037109375 0.0390625 0.048828125
0 0.70234375 0.7529296875 0.0390625 0.048828125
0 0.36328125 0.3662109375 0.0390625 0.048828125
0 0.27578125 0.4072265625 0.0390625 0.048828125
0 0.71328125 0.4248046875 0.0390625 0.048828125
0 0.74140625 0.7021484375 0.0390625 0.048828125
0 0.68671875 0.5849609375 0.0390625 0.048828125
0 0.45234375 0.3818359375 0.0390625 0.048828125
0 0.62734375 0.4111328125 0.0390625 0.048828125
0 0.33984375 0.6435546875 0.0390625 0.048828125
0 0.43515625 0.7158203125 0.0390625 0.048828125
0 0.38984375 0.7080078125 0.0390625 0.048828125
0 0.53515625 0.3408203125 0.0390625 0.048828125
0 0.26796875 0.2939453125 0.0390625 0.048828125
0 0.35859375 0.3095703125 0.0390625 0.048828125
0 0.44765625 0.3251953125 0.0390625 0.048828125
0 0.62265625 0.3564453125 0.0390625 0.048828125
0 0.70859375 0.3720703125 0.0390625 0.048828125
0 0.58828125 0.4599609375 0.0390625 0.048828125
