0 0.69453125 0.7001953125 0.0390625 0.048828125
0 0.63203125 0.6435546875 0.0390625 0.048828125
0 0.53046875 0.3271484375 0.0390625 0.048828125
0 0.29296875 0.5693359375 0.0390625 0.048828125
0 0.59453125 0.3837890625 0.0390625 0.048828125
0 0.26953125 0.7705078125 0.0390625 0.048828125
0 0.58515625 0.3173828125 0.0390625 0.048828125
0 0.56953125 0.5888671875 0.0390625 0.048828125
0 0.48046875 0.7353515625 0.0390625 0.048828125
0 0.23046875 0.5126953125 0.0390625 0.048828125
0 0.68671875 0.6357421875 0.0390625 0.048828125
0 0.44296875 0.4775390625 0.0390625 0.048828125
0 0.63984375 0.3076171875 0.0390625 0.048828125
0 0.70390625 0.3642578125 0.0390625 0.048828125
0 0.28359375 0.5029296875 0.0390625 0.048828125
0 0.43359375 0.4111328125 0.0390625 0.048828125
0 0.41796875 0.6787109375 0.0390625 0.048828125
0 0.53359375 0.7255859375 0.0390625 0.048828125
0 0.36953125 0.3564453125 0.0390625 0.048828125
0 0.31640625 0.3642578125 0.0390625 0.048828125
0 0.65859375 0.4404296875 0.0390625 0.048828125
0 0.48671875 0.4033203125 0.0390625 0.048828125
0 0.20703125 0.7158203125 0.0390625 0.048828125
0 0.46171875 0.6064453125 0.0390625 0.048828125
0 0.20859375 0.3837890625 0.0390625 0.048828125
0 0.50546875 0.5322265625 0.0390625 0.048828125
0 0.60390625 0.4482421875 0.0390625 0.048828125
0 0.37890625 0.4208984375 0.0390625 0.048828125
0 0.31171875 0.6962890625 0.0390625 0.048828125
0 0.54921875 0.4580078125 0.0390625 0.048828125
0 0.61328125 0.5146484375 0.0390625 0.048828125
0 0.58828125 0.7177734375 0.0390625 0.048828125
0 0.21953125 0.4482421875 0.0390625 0.048828125
0 0.52109375 0.2607421875 0.0390625 0.048828125
0 0.66796875 0.5048828125 0.0390625 0.048828125
0 0.67734375 0.5712890625 0.0390625 0.048828125
0 0.35546875 0.6240234375 0.0390625 0.048828125
0 0.55859375 0.5224609375 0.0390625 0.048828125
0 0.40859375 0.6142578125 0.0390625 0.048828125
0 0.52578125 0.6611328125 0.0390625 0.048828125
0 0.27265625 0.4384765625 0.0390625 0.048828125
0 0.45234375 0.5419921875 0.0390625 0.048828125
0 0.23984375 0.5771484375 0.0390625 0.048828125
0 0.73984375 0.6259765625 0.0390625 0.048828125
0 0.34609375 0.5595703125 0.0390625 0.048828125
0 0.26015625 0.7060546875 0.0390625 0.048828125
0 0.37421875 0.7529296875 0.0390625 0.048828125
0 0.36015625 0.2900390625 0.0390625 0.048828125
0 0.33515625 0.4951171875 0.0390625 0.048828125
0 0.42265625 0.3466796875 0.0390625 0.048828125
0 0.30546875 0.2998046875 0.0390625 0.048828125
0 0.53984375 0.3935546875 0.0390625 0.048828125
0 0.57890625 0.6533203125 0.0390625 0.048828125
0 0.36640625 0.6884765625 0.0390625 0.048828125
0 0.49609375 0.4677734375 0.0390625 0.048828125
0 0.38984375 0.4853515625 0.0390625 0.048828125
0 0.42734375 0.7431640625 0.0390625 0.048828125
0 0.16640625 0.4580078125 0.0390625 0.048828125
0 0.69453125 0.2978515625 0.0390625 0.048828125
0 0.72109375 0.4970703125 0.0390625 0.048828125
0 0.68515625 0.2314453125 0.0390625 0.048828125
0 0.25234375 0.3076171875 0.0390625 0.048828125
0 0.46640625 0.2705078125 0.0390625 0.048828125
0 0.64140625 0.7080078125 0.0390625 0.048828125
0 0.30234375 0.6337890625 0.0390625 0.048828125
0 0.63046875 0.2412109375 0.0390625 0.048828125
0 0.51484375 0.5966796875 0.0390625 0.048828125
0 0.71171875 0.4306640625 0.0390625 0.048828125
0 0.39921875 0.5498046875 0.0390625 0.048828125
0 0.47109375 0.6708984375 0.0390625 0.048828125
0 0.41328125 0.2802734375 0.0390625 0.048828125
0 0.47734375 0.3369140625 0.0390625 0.048828125
0 0.32265625 0.7607421875 0.0390625 0.048828125
0 0.24921875 0.6416015625 0.0390625 0.048828125
0 0.64921875 0.3740234375 0.0390625 0.048828125
0 0.26328125 0.3740234375 0.0390625 0.048828125
0 0.57578125 0.2509765625 0.0390625 0.048828125
0 0.17578125 0.5224609375 0.0390625 0.048828125
0 0.19609375 0.6513671875 0.0390625 0.048828125
0 0.18671875 0.5869140625 0.0390625 0.048828125
0 0.62265625 0.5791015625 0.0390625 0.048828125
0 0.21640625 0.7783203125 0.0390625 0.048828125
0 0.73046875 0.5615234375 0.0390625 0.048828125
0 0.32578125 0.4306640625 0.0390625 0.048828125
0 0.74921875 0.6923828125 0.0390625 0.048828125
0 0.19921875 0.3173828125 0.0390625 0.048828125
0 0.14453125 0.3271484375 0.0390625 0.048828125
0 0.15546875 0.3916015625 0.0390625 0.048828125
