0 0.55625 0.0283203125 0.040625 0.052734375
0 0.51328125 0.076171875 0.0421875 0.0546875
0 0.471875 0.126953125 0.040625 0.0546875
0 0.4296875 0.173828125 0.040625 0.0546875
0 0.38828125 0.22265625 0.0421875 0.0546875
0 0.3453125 0.26953125 0.040625 0.0546875
0 0.3046875 0.3173828125 0.040625 0.052734375
0 0.26328125 0.36328125 0.0421875 0.0546875
0 0.5921875 0.0849609375 0.040625 0.052734375
0 0.54921875 0.134765625 0.0421875 0.0546875
0 0.5078125 0.1826171875 0.040625 0.052734375
0 0.465625 0.23046875 0.040625 0.0546875
0 0.42421875 0.2783203125 0.0421875 0.052734375
0 0.38125 0.326171875 0.040625 0.0546875
0 0.340625 0.37109375 0.040625 0.0546875
0 0.29921875 0.419921875 0.0421875 0.0546875
0 0.628125 0.140625 0.040625 0.0546875
0 0.5859375 0.19140625 0.040625 0.0546875
0 0.54296875 0.2392578125 0.0421875 0.052734375
0 0.5015625 0.287109375 0.040625 0.0546875
0 0.459375 0.3349609375 0.040625 0.052734375
0 0.41796875 0.3828125 0.0421875 0.0546875
0 0.3765625 0.427734375 0.040625 0.0546875
0 0.334375 0.4765625 0.040625 0.0546875
0 0.6640625 0.2001953125 0.040625 0.052734375
0 0.621875 0.248046875 0.040625 0.0546875
0 0.57890625 0.2958984375 0.0421875 0.052734375
0 0.5359375 0.34375 0.040625 0.0546875
0 0.4953125 0.390625 0.040625 0.0546875
0 0.45390625 0.4375 0.0421875 0.0546875
0 0.4109375 0.484375 0.040625 0.0546875
0 0.3703125 0.533203125 0.040625 0.0546875
0 0.4046875 0.58984375 0.040625 0.0546875
0 0.44765625 0.541015625 0.0421875 0.0546875
0 0.4890625 0.494140625 0.040625 0.0546875
0 0.53125 0.447265625 0.040625 0.0546875
0 0.57421875 0.400390625 0.0421875 0.0546875
0 0.615625 0.3515625 0.040625 0.0546875
0 0.6578125 0.3046875 0.040625 0.0546875
0 0.69921875 0.255859375 0.0421875 0.0546875
0 0.73515625 0.3125 0.0421875 0.0546875
0 0.6921875 0.361328125 0.040625 0.0546875
0 0.6515625 0.408203125 0.040625 0.0546875
0 0.60859375 0.45703125 0.0421875 0.0546875
0 0.5671875 0.50390625 0.040625 0.0546875
0 0.525 0.55078125 0.040625 0.0546875
0 0.48359375 0.59765625 0.0421875 0.0546875
0 0.440625 0.646484375 0.040625 0.0546875
0 0.771875 0.369140625 0.040625 0.0546875
0 0.72890625 0.41796875 0.0421875 0.0546875
0 0.6875 0.46484375 0.040625 0.0546875
0 0.6453125 0.513671875 0.040625 0.0546875
0 0.6015625 0.560546875 0.040625 0.0546875
0 0.5609375 0.607421875 0.040625 0.0546875
0 0.51796875 0.654296875 0.0421875 0.0546875
0 0.4765625 0.7021484375 0.040625 0.052734375
0 0.8078125 0.42578125 0.040625 0.0546875
0 0.76484375 0.474609375 0.0421875 0.0546875
0 0.7234375 0.521484375 0.040625 0.0546875
0 0.68125 0.5703125 0.040625 0.0546875
0 0.63828125 0.6171875 0.0421875 0.0546875
0 0.596875 0.6630859375 0.040625 0.052734375
0 0.5546875 0.7109375 0.040625 0.0546875
0 0.51328125 0.7587890625 0.0421875 0.052734375
0 0.54765625 0.8154296875 0.0421875 0.052734375
0 0.590625 0.76953125 0.040625 0.0546875
0 0.6328125 0.72265625 0.040625 0.0546875
0 0.8453125 0.482421875 0.040625 0.0546875
0 0.8015625 0.53125 0.040625 0.0546875
0 0.7578125 0.578125 0.040625 0.0546875
0 0.7171875 0.626953125 0.040625 0.0546875
0 0.67421875 0.673828125 0.0421875 0.0546875
0 0.88125 0.5390625 0.040625 0.0546875
0 0.8390625 0.58984375 0.040625 0.0546875
0 0.79609375 0.634765625 0.0421875 0.0546875
0 0.753125 0.6826171875 0.040625 0.052734375
0 0.7109375 0.73046875 0.040625 0.0546875
0 0.66796875 0.7783203125 0.0421875 0.052734375
0 0.6265625 0.826171875 0.040625 0.0546875
0 0.584375 0.8740234375 0.040625 0.052734375
0 0.6203125 0.9306640625 0.040625 0.052734375
0 0.6625 0.8828125 0.040625 0.0546875
0 0.70546875 0.8349609375 0.0421875 0.052734375
0 0.746875 0.787109375 0.040625 0.0546875
0 0.7890625 0.7392578125 0.040625 0.052734375
0 0.8328125 0.693359375 0.040625 0.0546875
0 0.875 0.646484375 0.040625 0.0546875
0 0.91796875 0.59765625 0.0421875 0.0546875
