0 0.45 0.2509765625 0.05625 0.052734375
0 0.628125 0.2490234375 0.05625 0.052734375
0 0.51015625 0.2509765625 0.0546875 0.052734375
0 0.35 0.7783203125 0.05625 0.052734375
0 0.590625 0.7744140625 0.05625 0.052734375
0 0.39453125 0.3662109375 0.0546875 0.052734375
0 0.65078125 0.7724609375 0.0546875 0.052734375
0 0.5234375 0.5986328125 0.05625 0.052734375
0 0.45234375 0.3076171875 0.0546875 0.052734375
0 0.6484375 0.7158203125 0.05625 0.052734375
0 0.396875 0.4267578125 0.05625 0.052734375
0 0.46796875 0.7177734375 0.0546875 0.052734375
0 0.5796875 0.4814453125 0.05625 0.052734375
0 0.51953125 0.4833984375 0.0546875 0.052734375
0 0.63046875 0.3076171875 0.0546875 0.052734375
0 0.6328125 0.3642578125 0.05625 0.052734375
0 0.38984375 0.2509765625 0.0546875 0.052734375
0 0.57265625 0.3642578125 0.0546875 0.052734375
0 0.2703125 0.2509765625 0.05625 0.052734375
0 0.27890625 0.4853515625 0.0546875 0.052734375
0 0.465625 0.6591796875 0.05625 0.052734375
0 0.3390625 0.4833984375 0.05625 0.052734375
0 0.2875 0.7197265625 0.05625 0.052734375
0 0.4640625 0.5986328125 0.05625 0.052734375
0 0.64609375 0.6552734375 0.0546875 0.052734375
0 0.4546875 0.3662109375 0.05625 0.052734375
0 0.45703125 0.4248046875 0.0546875 0.052734375
0 0.2828125 0.6005859375 0.05625 0.052734375
0 0.58125 0.5400390625 0.05625 0.052734375
0 0.3296875 0.2509765625 0.05625 0.052734375
0 0.4609375 0.5419921875 0.05625 0.052734375
0 0.39921875 0.4833984375 0.0546875 0.052734375
0 0.33203125 0.3076171875 0.0546875 0.052734375
0 0.34375 0.6005859375 0.05625 0.052734375
0 0.27421875 0.3662109375 0.0546875 0.052734375
0 0.56875 0.2490234375 0.05625 0.052734375
0 0.47265625 0.7763671875 0.0546875 0.052734375
0 0.271875 0.3095703125 0.05625 0.052734375
0 0.5859375 0.6552734375 0.05625 0.052734375
0 0.528125 0.7158203125 0.05625 0.052734375
0 0.3453125 0.6611328125 0.05625 0.052734375
0 0.4078125 0.7177734375 0.05625 0.052734375
0 0.7 0.5380859375 0.05625 0.052734375
0 0.6859375 0.2490234375 0.05625 0.052734375
0 0.521875 0.5400390625 0.05625 0.052734375
0 0.34765625 0.7197265625 0.0546875 0.052734375
0 0.2765625 0.4267578125 0.05625 0.052734375
0 0.575 0.4248046875 0.05625 0.052734375
0 0.3921875 0.3076171875 0.05625 0.052734375
0 0.653125 0.8310546875 0.05625 0.052734375
0 0.334375 0.3662109375 0.05625 0.052734375
0 0.52578125 0.6591796875 0.0546875 0.052734375
0 0.41015625 0.7763671875 0.0546875 0.052734375
0 0.68828125 0.3076171875 0.0546875 0.052734375
0 0.459375 0.4833984375 0.05625 0.052734375
0 0.340625 0.5419921875 0.05625 0.052734375
0 0.58359375 0.5966796875 0.0546875 0.052734375
0 0.69765625 0.4814453125 0.0546875 0.052734375
0 0.58828125 0.7158203125 0.0546875 0.052734375
0 0.28984375 0.7783203125 0.0546875 0.052734375
0 0.59296875 0.8330078125 0.0546875 0.052734375
0 0.5703125 0.3076171875 0.05625 0.052734375
0 0.51484375 0.3662109375 0.0546875 0.052734375
0 0.2921875 0.8388671875 0.05625 0.052734375
0 0.403125 0.6005859375 0.05625 0.052734375
0 0.5328125 0.7744140625 0.05625 0.052734375
0 0.33671875 0.4267578125 0.0546875 0.052734375
0 0.6375 0.4814453125 0.05625 0.052734375
0 0.63515625 0.4248046875 0.0546875 0.052734375
0 0.403125 0.5419921875 0.05625 0.052734375
0 0.4125 0.8349609375 0.05625 0.052734375
0 0.6421875 0.5966796875 0.05625 0.052734375
0 0.28515625 0.6611328125 0.0546875 0.052734375
0 0.69296875 0.3642578125 0.0546875 0.052734375
0 0.7015625 0.5966796875 0.05625 0.052734375
0 0.6953125 0.4228515625 0.05625 0.052734375
0 0.40546875 0.6591796875 0.0546875 0.052734375
0 0.70390625 0.6533203125 0.0546875 0.052734375
0 0.35234375 0.8369140625 0.0546875 0.052734375
0 0.6421875 0.5400390625 0.05625 0.052734375
0 0.7109375 0.7724609375 0.05625 0.052734375
0 0.51015625 0.3076171875 0.0546875 0.052734375
0 0.5328125 0.8330078125 0.05625 0.052734375
0 0.28125 0.5439453125 0.05625 0.052734375
0 0.5171875 0.4248046875 0.05625 0.052734375
0 0.70859375 0.7138671875 0.0546875 0.052734375
0 0.47265625 0.8349609375 0.0546875 0.052734375
0 0.71328125 0.8310546875 0.0546875 0.052734375
