0 0.18046875 0.5166015625 0.0421875 0.052734375
0 0.2203125 0.4697265625 0.040625 0.048828125
0 0.515625 0.4287109375 0.040625 0.048828125
0 0.47734375 0.4755859375 0.0421875 0.052734375
0 0.134375 0.4677734375 0.040625 0.052734375
0 0.51953125 0.478515625 0.0421875 0.05078125
0 0.47890625 0.525390625 0.0421875 0.05078125
0 0.35390625 0.5712890625 0.0421875 0.052734375
0 0.30546875 0.4716796875 0.0421875 0.048828125
0 0.34453125 0.3779296875 0.0390625 0.052734375
0 0.3859375 0.3779296875 0.040625 0.052734375
0 0.35234375 0.5205078125 0.0421875 0.048828125
0 0.39140625 0.4736328125 0.0421875 0.052734375
0 0.26640625 0.51953125 0.0421875 0.05078125
0 0.26953125 0.5693359375 0.0390625 0.048828125
0 0.34609375 0.423828125 0.0390625 0.05078125
0 0.30859375 0.5224609375 0.0390625 0.052734375
0 0.17734375 0.4697265625 0.0390625 0.048828125
0 0.18203125 0.568359375 0.0390625 0.05078125
0 0.2234375 0.51953125 0.040625 0.05078125
0 0.21796875 0.4208984375 0.0421875 0.052734375
0 0.22734375 0.6181640625 0.0390625 0.052734375
0 0.39375 0.5224609375 0.040625 0.052734375
0 0.25859375 0.375 0.0390625 0.05078125
0 0.3046875 0.423828125 0.040625 0.05078125
0 0.134375 0.5185546875 0.040625 0.048828125
0 0.34765625 0.4736328125 0.0421875 0.052734375
0 0.55546875 0.3818359375 0.0390625 0.048828125
0 0.46953125 0.37890625 0.0390625 0.05078125
0 0.2640625 0.4716796875 0.040625 0.048828125
0 0.17578125 0.4208984375 0.0421875 0.052734375
0 0.390625 0.4267578125 0.040625 0.052734375
0 0.43359375 0.4755859375 0.0421875 0.052734375
0 0.43125 0.4267578125 0.040625 0.052734375
0 0.42890625 0.37890625 0.0421875 0.05078125
0 0.26171875 0.423828125 0.0421875 0.05078125
0 0.52578125 0.57421875 0.0421875 0.05078125
0 0.3828125 0.3291015625 0.040625 0.048828125
0 0.17421875 0.3720703125 0.0421875 0.052734375
0 0.43984375 0.5712890625 0.0421875 0.052734375
0 0.18359375 0.6181640625 0.0390625 0.052734375
0 0.21640625 0.3720703125 0.0390625 0.052734375
0 0.4828125 0.5712890625 0.040625 0.052734375
0 0.1375 0.568359375 0.040625 0.05078125
0 0.5234375 0.5263671875 0.040625 0.048828125
0 0.30078125 0.375 0.0390625 0.05078125
0 0.22421875 0.5673828125 0.0421875 0.048828125
0 0.51015625 0.333984375 0.0421875 0.05078125
0 0.4375 0.5244140625 0.040625 0.048828125
0 0.13203125 0.419921875 0.0421875 0.05078125
0 0.31171875 0.5693359375 0.0390625 0.048828125
0 0.27109375 0.6181640625 0.0421875 0.052734375
0 0.4015625 0.6220703125 0.040625 0.048828125
0 0.396875 0.5712890625 0.040625 0.052734375
0 0.56484375 0.5263671875 0.0421875 0.048828125
0 0.47421875 0.4296875 0.0390625 0.05078125
0 0.55859375 0.4326171875 0.0421875 0.052734375
0 0.46640625 0.3330078125 0.0421875 0.048828125
0 0.31484375 0.6201171875 0.0421875 0.052734375
0 0.29921875 0.3271484375 0.0421875 0.048828125
0 0.34296875 0.3291015625 0.0421875 0.048828125
0 0.25546875 0.3271484375 0.0421875 0.048828125
0 0.51328125 0.3798828125 0.0390625 0.052734375
0 0.4265625 0.3310546875 0.040625 0.052734375
0 0.2125 0.32421875 0.040625 0.05078125
0 0.56171875 0.478515625 0.0390625 0.05078125
0 0.17109375 0.32421875 0.0390625 0.05078125
0 0.56953125 0.57421875 0.0421875 0.05078125
0 0.35625 0.619140625 0.040625 0.05078125
0 0.38046875 0.2822265625 0.0421875 0.052734375
0 0.44296875 0.6220703125 0.0390625 0.048828125
0 0.1421875 0.6181640625 0.040625 0.052734375
0 0.13046875 0.369140625 0.0421875 0.05078125
0 0.296875 0.279296875 0.040625 0.05078125
0 0.4859375 0.6220703125 0.040625 0.048828125
0 0.33671875 0.279296875 0.0421875 0.05078125
0 0.12578125 0.3212890625 0.0421875 0.048828125
0 0.55234375 0.3349609375 0.0421875 0.048828125
0 0.52734375 0.6240234375 0.0421875 0.048828125
0 0.57109375 0.6259765625 0.0390625 0.052734375
0 0.54921875 0.2841796875 0.0421875 0.052734375
0 0.50546875 0.2841796875 0.0421875 0.052734375
0 0.46640625 0.2841796875 0.0421875 0.052734375
0 0.4234375 0.2822265625 0.040625 0.052734375
0 0.253125 0.279296875 0.040625 0.05078125
0 0.20859375 0.2763671875 0.0421875 0.052734375
0 0.16640625 0.2734375 0.0390625 0.05078125
0 0.12265625 0.2744140625 0.0390625 0.048828125
