0 0.5390625 0.4892578125 0.040625 0.044921875
0 0.49296875 0.53515625 0.0390625 0.046875
0 0.41953125 0.4228515625 0.0390625 0.048828125
0 0.69296875 0.6689453125 0.0390625 0.048828125
0 0.65625 0.611328125 0.0375 0.046875
0 0.6046875 0.7060546875 0.0375 0.044921875
0 0.61328125 0.6025390625 0.0390625 0.048828125
0 0.73046875 0.72265625 0.0390625 0.046875
0 0.45546875 0.4775390625 0.0390625 0.048828125
0 0.53125 0.5908203125 0.040625 0.048828125
0 0.3671875 0.5166015625 0.040625 0.048828125
0 0.409375 0.5224609375 0.040625 0.048828125
0 0.62109375 0.501953125 0.0390625 0.046875
0 0.4796875 0.6865234375 0.040625 0.044921875
0 0.37734375 0.4169921875 0.0390625 0.048828125
0 0.4140625 0.47265625 0.0375 0.046875
0 0.371875 0.4658203125 0.0375 0.048828125
0 0.70625 0.515625 0.0375 0.046875
0 0.74296875 0.5732421875 0.0390625 0.048828125
0 0.5765625 0.5458984375 0.0375 0.048828125
0 0.609375 0.654296875 0.040625 0.046875
0 0.5671875 0.6474609375 0.040625 0.044921875
0 0.753125 0.4716796875 0.040625 0.048828125
0 0.7828125 0.6259765625 0.040625 0.048828125
0 0.584375 0.4443359375 0.0375 0.048828125
0 0.496875 0.484375 0.040625 0.046875
0 0.7109375 0.46484375 0.040625 0.046875
0 0.659375 0.55859375 0.040625 0.046875
0 0.61875 0.552734375 0.0375 0.046875
0 0.79140625 0.525390625 0.0390625 0.046875
0 0.40546875 0.57421875 0.0390625 0.046875
0 0.66953125 0.4619140625 0.0390625 0.048828125
0 0.4515625 0.5302734375 0.040625 0.048828125
0 0.7015625 0.5654296875 0.040625 0.048828125
0 0.58125 0.4951171875 0.040625 0.048828125
0 0.446875 0.578125 0.040625 0.046875
0 0.740625 0.623046875 0.0375 0.046875
0 0.6484375 0.712890625 0.0375 0.046875
0 0.6265625 0.4501953125 0.0375 0.044921875
0 0.54296875 0.4384765625 0.0390625 0.044921875
0 0.57109375 0.595703125 0.0390625 0.046875
0 0.7484375 0.521484375 0.0375 0.046875
0 0.50234375 0.4345703125 0.0390625 0.048828125
0 0.484375 0.634765625 0.0375 0.046875
0 0.525 0.6416015625 0.040625 0.048828125
0 0.6828125 0.76953125 0.040625 0.046875
0 0.44296875 0.6279296875 0.0390625 0.044921875
0 0.52109375 0.6943359375 0.0390625 0.048828125
0 0.77734375 0.6796875 0.0390625 0.046875
0 0.559375 0.7509765625 0.040625 0.048828125
0 0.7671875 0.7802734375 0.040625 0.048828125
0 0.5625 0.7001953125 0.0375 0.048828125
0 0.475 0.740234375 0.040625 0.046875
0 0.69609375 0.6142578125 0.0390625 0.048828125
0 0.690625 0.7197265625 0.0375 0.048828125
0 0.7171875 0.4130859375 0.040625 0.048828125
0 0.6515625 0.6611328125 0.040625 0.048828125
0 0.434375 0.7314453125 0.0375 0.048828125
0 0.665625 0.5107421875 0.040625 0.048828125
0 0.534375 0.541015625 0.0375 0.046875
0 0.77421875 0.7294921875 0.0390625 0.048828125
0 0.459375 0.4287109375 0.040625 0.044921875
0 0.4890625 0.583984375 0.040625 0.046875
0 0.3953125 0.6748046875 0.040625 0.048828125
0 0.725 0.7763671875 0.040625 0.044921875
0 0.63125 0.4013671875 0.040625 0.048828125
0 0.4375 0.6826171875 0.040625 0.048828125
0 0.6015625 0.7568359375 0.040625 0.044921875
0 0.78515625 0.5771484375 0.0390625 0.044921875
0 0.675 0.40625 0.040625 0.046875
0 0.4015625 0.6240234375 0.040625 0.048828125
0 0.73515625 0.671875 0.0390625 0.046875
0 0.51640625 0.7421875 0.0390625 0.046875
0 0.8015625 0.42578125 0.040625 0.046875
0 0.546875 0.3896484375 0.040625 0.044921875
0 0.359375 0.615234375 0.040625 0.046875
0 0.3640625 0.5673828125 0.0375 0.044921875
0 0.38046875 0.3662109375 0.0390625 0.048828125
0 0.7984375 0.4775390625 0.0375 0.048828125
0 0.4640625 0.376953125 0.0375 0.046875
0 0.50625 0.3837890625 0.0375 0.048828125
0 0.421875 0.3720703125 0.0375 0.048828125
0 0.590625 0.3955078125 0.0375 0.048828125
0 0.759375 0.4169921875 0.040625 0.048828125
0 0.64296875 0.7626953125 0.0390625 0.048828125
0 0.3921875 0.7265625 0.0375 0.046875
0 0.353125 0.669921875 0.040625 0.046875
0 0.35 0.720703125 0.0375 0.046875
