0 0.71875 0.07421875 0.046875 0.0625
0 0.659375 0.103515625 0.046875 0.0625
0 0.6 0.1357421875 0.046875 0.060546875
0 0.54296875 0.1650390625 0.0453125 0.060546875
0 0.48359375 0.197265625 0.0453125 0.0625
0 0.42421875 0.2265625 0.0453125 0.0625
0 0.36484375 0.2568359375 0.0453125 0.060546875
0 0.30546875 0.2880859375 0.0453125 0.060546875
0 0.246875 0.318359375 0.046875 0.0625
0 0.18515625 0.34765625 0.0453125 0.0625
0 0.1265625 0.3798828125 0.046875 0.060546875
0 0.15 0.453125 0.046875 0.0625
0 0.209375 0.423828125 0.046875 0.0625
0 0.2703125 0.3916015625 0.046875 0.060546875
0 0.3296875 0.3623046875 0.046875 0.060546875
0 0.17421875 0.5302734375 0.0453125 0.060546875
0 0.23359375 0.498046875 0.0453125 0.0625
0 0.29296875 0.46875 0.0453125 0.0625
0 0.196875 0.6064453125 0.046875 0.060546875
0 0.2203125 0.6826171875 0.046875 0.060546875
0 0.24453125 0.7587890625 0.0453125 0.060546875
0 0.26875 0.8349609375 0.046875 0.060546875
0 0.29296875 0.9140625 0.0453125 0.0625
0 0.35390625 0.8818359375 0.0453125 0.060546875
0 0.30546875 0.7265625 0.0453125 0.0625
0 0.3296875 0.802734375 0.046875 0.0625
0 0.28125 0.650390625 0.046875 0.0625
0 0.2578125 0.57421875 0.046875 0.0625
0 0.31875 0.544921875 0.046875 0.0625
0 0.74453125 0.1484375 0.0453125 0.0625
0 0.68359375 0.1796875 0.0453125 0.0625
0 0.6265625 0.2099609375 0.046875 0.060546875
0 0.5671875 0.2392578125 0.046875 0.060546875
0 0.5078125 0.271484375 0.046875 0.0625
0 0.4484375 0.30078125 0.046875 0.0625
0 0.3890625 0.330078125 0.046875 0.0625
0 0.35390625 0.4365234375 0.0453125 0.060546875
0 0.41328125 0.40625 0.0453125 0.0625
0 0.4375 0.48046875 0.046875 0.0625
0 0.378125 0.5126953125 0.046875 0.060546875
0 0.4015625 0.5888671875 0.046875 0.060546875
0 0.340625 0.6181640625 0.046875 0.060546875
0 0.36484375 0.6953125 0.0453125 0.0625
0 0.390625 0.7734375 0.046875 0.0625
0 0.41328125 0.849609375 0.0453125 0.0625
0 0.45 0.7412109375 0.046875 0.060546875
0 0.4265625 0.6630859375 0.046875 0.060546875
0 0.47421875 0.818359375 0.0453125 0.0625
0 0.48515625 0.6328125 0.0453125 0.0625
0 0.4609375 0.556640625 0.046875 0.0625
0 0.76875 0.2216796875 0.046875 0.060546875
0 0.709375 0.25390625 0.046875 0.0625
0 0.65 0.283203125 0.046875 0.0625
0 0.590625 0.3154296875 0.046875 0.060546875
0 0.53125 0.3447265625 0.046875 0.060546875
0 0.47265625 0.375 0.0453125 0.0625
0 0.496875 0.451171875 0.046875 0.0625
0 0.55546875 0.421875 0.0453125 0.0625
0 0.61484375 0.3896484375 0.0453125 0.060546875
0 0.67421875 0.359375 0.0453125 0.0625
0 0.73359375 0.328125 0.0453125 0.0625
0 0.79296875 0.2978515625 0.0453125 0.060546875
0 0.81875 0.3720703125 0.046875 0.060546875
0 0.759375 0.404296875 0.046875 0.0625
0 0.7 0.43359375 0.046875 0.0625
0 0.6390625 0.4658203125 0.046875 0.060546875
0 0.5796875 0.4951171875 0.046875 0.060546875
0 0.5203125 0.52734375 0.046875 0.0625
0 0.84296875 0.4482421875 0.0453125 0.060546875
0 0.78359375 0.478515625 0.0453125 0.0625
0 0.72421875 0.509765625 0.0453125 0.0625
0 0.66484375 0.5400390625 0.0453125 0.060546875
0 0.60546875 0.5712890625 0.0453125 0.060546875
0 0.54453125 0.6015625 0.0453125 0.0625
0 0.5703125 0.677734375 0.046875 0.0625
0 0.509375 0.7099609375 0.046875 0.060546875
0 0.53515625 0.7861328125 0.0453125 0.060546875
0 0.59453125 0.7568359375 0.0453125 0.060546875
0 0.6296875 0.6484375 0.046875 0.0625
0 0.65390625 0.724609375 0.0453125 0.0625
0 0.71484375 0.6923828125 0.0453125 0.060546875
0 0.6890625 0.6162109375 0.046875 0.060546875
0 0.75 0.583984375 0.046875 0.0625
0 0.809375 0.5546875 0.046875 0.0625
0 0.86875 0.5224609375 0.046875 0.060546875
0 0.89453125 0.5986328125 0.0453125 0.060546875
0 0.83515625 0.630859375 0.0453125 0.0625
0 0.77421875 0.66015625 0.0453125 0.0625
