0 0.30234375 0.3115234375 0.0421875 0.048828125
0 0.29921875 0.4345703125 0.0390625 0.048828125
0 0.4140625 0.2568359375 0.040625 0.052734375
0 0.40234375 0.6923828125 0.0390625 0.052734375
0 0.41328125 0.318359375 0.0421875 0.05078125
0 0.625 0.7060546875 0.040625 0.048828125
0 0.41015625 0.4423828125 0.0390625 0.048828125
0 0.63203125 0.3310546875 0.0390625 0.048828125
0 0.52265625 0.263671875 0.0390625 0.05078125
0 0.51953125 0.447265625 0.0390625 0.05078125
0 0.57578125 0.328125 0.0390625 0.05078125
0 0.29609375 0.560546875 0.0390625 0.05078125
0 0.35234375 0.5009765625 0.0421875 0.048828125
0 0.34765625 0.623046875 0.0421875 0.05078125
0 0.40625 0.564453125 0.040625 0.05078125
0 0.56953125 0.6376953125 0.0421875 0.048828125
0 0.74140625 0.2783203125 0.0421875 0.048828125
0 0.5203125 0.3857421875 0.040625 0.048828125
0 0.5171875 0.5712890625 0.040625 0.048828125
0 0.521875 0.32421875 0.040625 0.05078125
0 0.575 0.388671875 0.040625 0.05078125
0 0.46171875 0.5693359375 0.0390625 0.048828125
0 0.35625 0.3779296875 0.040625 0.048828125
0 0.34609375 0.6884765625 0.0421875 0.048828125
0 0.41015625 0.3798828125 0.0390625 0.048828125
0 0.40703125 0.5029296875 0.0421875 0.048828125
0 0.51328125 0.6982421875 0.0390625 0.048828125
0 0.29296875 0.6220703125 0.0421875 0.048828125
0 0.6296875 0.3935546875 0.040625 0.048828125
0 0.57421875 0.4521484375 0.0390625 0.048828125
0 0.465625 0.384765625 0.040625 0.05078125
0 0.4578125 0.6962890625 0.040625 0.048828125
0 0.4625 0.5048828125 0.040625 0.048828125
0 0.57265625 0.5126953125 0.0390625 0.048828125
0 0.290625 0.6845703125 0.040625 0.052734375
0 0.3015625 0.375 0.040625 0.05078125
0 0.296875 0.4970703125 0.040625 0.048828125
0 0.46796875 0.3212890625 0.0390625 0.048828125
0 0.46328125 0.4453125 0.0390625 0.05078125
0 0.35546875 0.4375 0.0390625 0.05078125
0 0.73515625 0.7119140625 0.0421875 0.052734375
0 0.3609375 0.25390625 0.040625 0.05078125
0 0.403125 0.6279296875 0.040625 0.048828125
0 0.57734375 0.2666015625 0.0421875 0.052734375
0 0.6328125 0.2705078125 0.040625 0.048828125
0 0.68515625 0.333984375 0.0390625 0.05078125
0 0.45859375 0.630859375 0.0421875 0.05078125
0 0.23828125 0.5556640625 0.0390625 0.048828125
0 0.51796875 0.5087890625 0.0421875 0.052734375
0 0.62734375 0.455078125 0.0390625 0.05078125
0 0.46953125 0.2607421875 0.0390625 0.048828125
0 0.5140625 0.6337890625 0.040625 0.048828125
0 0.35078125 0.5634765625 0.0390625 0.048828125
0 0.73671875 0.6494140625 0.0390625 0.048828125
0 0.56796875 0.7021484375 0.0390625 0.052734375
0 0.24140625 0.494140625 0.0421875 0.05078125
0 0.23828125 0.6201171875 0.0390625 0.048828125
0 0.24921875 0.30859375 0.0421875 0.05078125
0 0.796875 0.279296875 0.040625 0.05078125
0 0.68125 0.64453125 0.040625 0.05078125
0 0.73828125 0.4619140625 0.0390625 0.048828125
0 0.3578125 0.314453125 0.040625 0.05078125
0 0.62578125 0.5791015625 0.0390625 0.048828125
0 0.68359375 0.3955078125 0.0421875 0.048828125
0 0.73984375 0.337890625 0.0390625 0.05078125
0 0.23359375 0.68359375 0.0421875 0.05078125
0 0.6265625 0.5146484375 0.040625 0.048828125
0 0.30546875 0.2509765625 0.0390625 0.048828125
0 0.7375 0.583984375 0.040625 0.05078125
0 0.7375 0.5224609375 0.040625 0.048828125
0 0.5703125 0.57421875 0.040625 0.05078125
0 0.79140625 0.6533203125 0.0390625 0.052734375
0 0.79140625 0.7158203125 0.0390625 0.048828125
0 0.6828125 0.4580078125 0.040625 0.048828125
0 0.6859375 0.2734375 0.040625 0.05078125
0 0.24453125 0.4326171875 0.0390625 0.048828125
0 0.79453125 0.4033203125 0.0421875 0.048828125
0 0.24609375 0.3701171875 0.0390625 0.048828125
0 0.625 0.640625 0.040625 0.05078125
0 0.79609375 0.3388671875 0.0390625 0.048828125
0 0.7390625 0.3984375 0.040625 0.05078125
0 0.79375 0.46484375 0.040625 0.05078125
0 0.68203125 0.5185546875 0.0421875 0.052734375
0 0.79375 0.525390625 0.040625 0.05078125
0 0.68203125 0.5810546875 0.0421875 0.048828125
0 0.68046875 0.7080078125 0.0421875 0.048828125
0 0.79296875 0.5908203125 0.0421875 0.048828125
0 0.25 0.2470703125 0.040625 0.052734375
