0 0.43359375 0.1474609375 0.0390625 0.048828125
0 0.48359375 0.1708984375 0.0390625 0.048828125
0 0.53359375 0.1923828125 0.0390625 0.048828125
0 0.58359375 0.2158203125 0.0390625 0.048828125
0 0.63359375 0.2392578125 0.0390625 0.048828125
0 0.68515625 0.2646484375 0.0390625 0.048828125
0 0.41328125 0.2099609375 0.0390625 0.048828125
0 0.46484375 0.2333984375 0.0390625 0.048828125
0 0.51484375 0.2568359375 0.0390625 0.048828125
0 0.56484375 0.2802734375 0.0390625 0.048828125
0 0.61484375 0.3037109375 0.0390625 0.048828125
0 0.66640625 0.3271484375 0.0390625 0.048828125
0 0.73515625 0.2861328125 0.0390625 0.048828125
0 0.78671875 0.3095703125 0.0390625 0.048828125
0 0.71640625 0.3505859375 0.0390625 0.048828125
0 0.76796875 0.3740234375 0.0390625 0.048828125
0 0.74765625 0.4365234375 0.0390625 0.048828125
0 0.69609375 0.4130859375 0.0390625 0.048828125
0 0.64609375 0.3896484375 0.0390625 0.048828125
0 0.39453125 0.2705078125 0.0390625 0.048828125
0 0.44609375 0.2958984375 0.0390625 0.048828125
0 0.49609375 0.3212890625 0.0390625 0.048828125
0 0.54609375 0.3427734375 0.0390625 0.048828125
0 0.59609375 0.3662109375 0.0390625 0.048828125
0 0.37734375 0.3369140625 0.0390625 0.048828125
0 0.42734375 0.3583984375 0.0390625 0.048828125
0 0.47734375 0.3837890625 0.0390625 0.048828125
0 0.52734375 0.4072265625 0.0390625 0.048828125
0 0.57734375 0.4306640625 0.0390625 0.048828125
0 0.62734375 0.4541015625 0.0390625 0.048828125
0 0.67890625 0.4755859375 0.0390625 0.048828125
0 0.72890625 0.5009765625 0.0390625 0.048828125
0 0.35859375 0.3994140625 0.0390625 0.048828125
0 0.40859375 0.4228515625 0.0390625 0.048828125
0 0.45859375 0.4462890625 0.0390625 0.048828125
0 0.50859375 0.4697265625 0.0390625 0.048828125
0 0.55859375 0.4931640625 0.0390625 0.048828125
0 0.60859375 0.5166015625 0.0390625 0.048828125
0 0.65859375 0.5400390625 0.0390625 0.048828125
0 0.71015625 0.5634765625 0.0390625 0.048828125
0 0.69140625 0.6259765625 0.0390625 0.048828125
0 0.63984375 0.6025390625 0.0390625 0.048828125
0 0.58984375 0.5791015625 0.0390625 0.048828125
0 0.33984375 0.4619140625 0.0390625 0.048828125
0 0.38984375 0.4853515625 0.0390625 0.048828125
0 0.43984375 0.5087890625 0.0390625 0.048828125
0 0.48984375 0.5322265625 0.0390625 0.048828125
0 0.53984375 0.5556640625 0.0390625 0.048828125
0 0.32109375 0.5244140625 0.0390625 0.048828125
0 0.37109375 0.5478515625 0.0390625 0.048828125
0 0.42109375 0.5712890625 0.0390625 0.048828125
0 0.47109375 0.5947265625 0.0390625 0.048828125
0 0.52109375 0.6181640625 0.0390625 0.048828125
0 0.57109375 0.6416015625 0.0390625 0.048828125
0 0.62109375 0.6630859375 0.0390625 0.048828125
0 0.67109375 0.6884765625 0.0390625 0.048828125
0 0.30234375 0.5869140625 0.0390625 0.048828125
0 0.35234375 0.6103515625 0.0390625 0.048828125
0 0.40234375 0.6337890625 0.0390625 0.048828125
0 0.45234375 0.6572265625 0.0390625 0.048828125
0 0.50234375 0.6826171875 0.0390625 0.048828125
0 0.55234375 0.7060546875 0.0390625 0.048828125
0 0.60390625 0.7294921875 0.0390625 0.048828125
0 0.65234375 0.7529296875 0.0390625 0.048828125
0 0.28359375 0.6513671875 0.0390625 0.048828125
0 0.33359375 0.6748046875 0.0390625 0.048828125
0 0.38359375 0.6982421875 0.0390625 0.048828125
0 0.43359375 0.7216796875 0.0390625 0.048828125
0 0.48359375 0.7451171875 0.0390625 0.048828125
0 0.53359375 0.7685546875 0.0390625 0.048828125
0 0.58515625 0.7919921875 0.0390625 0.048828125
0 0.63515625 0.8173828125 0.0390625 0.048828125
0 0.26484375 0.7138671875 0.0390625 0.048828125
0 0.31484375 0.7373046875 0.0390625 0.048828125
0 0.36484375 0.7607421875 0.0390625 0.048828125
0 0.41484375 0.7841796875 0.0390625 0.048828125
0 0.46484375 0.8076171875 0.0390625 0.048828125
0 0.51484375 0.8330078125 0.0390625 0.048828125
0 0.56484375 0.8564453125 0.0390625 0.048828125
0 0.61640625 0.8818359375 0.0390625 0.048828125
0 0.59765625 0.9443359375 0.0390625 0.048828125
0 0.54609375 0.9208984375 0.0390625 0.048828125
0 0.49609375 0.8955078125 0.0390625 0.048828125
0 0.44609375 0.8720703125 0.0390625 0.048828125
0 0.39609375 0.8486328125 0.0390625 0.048828125
0 0.34609375 0.8251953125 0.0390625 0.048828125
0 0.29609375 0.8017578125 0.0390625 0.048828125
0 0.24609375 0.7763671875 0.0390625 0.048828125
