0 0.54609375 0.5712890625 0.0453125 0.056640625
0 0.66953125 0.6787109375 0.0453125 0.056640625
0 0.63359375 0.416015625 0.0453125 0.0546875
0 0.82421875 0.5361328125 0.0453125 0.056640625
0 0.64453125 0.33203125 0.0453125 0.0546875
0 0.65078125 0.548828125 0.0453125 0.0546875
0 0.40078125 0.6298828125 0.0453125 0.056640625
0 0.52265625 0.7392578125 0.0453125 0.056640625
0 0.45703125 0.7265625 0.0453125 0.0546875
0 0.48984375 0.4775390625 0.0453125 0.056640625
0 0.61171875 0.583984375 0.0453125 0.0546875
0 0.50703125 0.607421875 0.0453125 0.0546875
0 0.70234375 0.427734375 0.0453125 0.05859375
0 0.52890625 0.439453125 0.0453125 0.0546875
0 0.67890625 0.5947265625 0.0453125 0.056640625
0 0.75546875 0.5234375 0.0453125 0.0546875
0 0.40546875 0.84765625 0.0453125 0.05859375
0 0.728125 0.4765625 0.046875 0.05859375
0 0.63046875 0.7138671875 0.0453125 0.056640625
0 0.42421875 0.46484375 0.0453125 0.0546875
0 0.36171875 0.66796875 0.0453125 0.0546875
0 0.55703125 0.4873046875 0.0484375 0.056640625
0 0.38828125 0.7138671875 0.0453125 0.056640625
0 0.45078125 0.5126953125 0.0453125 0.056640625
0 0.26796875 0.607421875 0.0453125 0.0546875
0 0.5765625 0.322265625 0.046875 0.0546875
0 0.7765625 0.6552734375 0.046875 0.056640625
0 0.33359375 0.6201171875 0.0453125 0.056640625
0 0.78515625 0.5712890625 0.0453125 0.056640625
0 0.61640625 0.2861328125 0.0453125 0.056640625
0 0.37265625 0.583984375 0.0453125 0.0546875
0 0.76796875 0.439453125 0.0453125 0.0546875
0 0.6734375 0.380859375 0.046875 0.0546875
0 0.53515625 0.6552734375 0.0453125 0.056640625
0 0.41171875 0.548828125 0.0453125 0.0546875
0 0.56171875 0.701171875 0.0453125 0.0546875
0 0.49609375 0.69140625 0.0453125 0.0546875
0 0.58203125 0.53515625 0.0453125 0.05859375
0 0.42734375 0.6787109375 0.0453125 0.056640625
0 0.60546875 0.3701171875 0.0453125 0.056640625
0 0.51015625 0.8212890625 0.0453125 0.056640625
0 0.59453125 0.4541015625 0.0453125 0.056640625
0 0.484375 0.7724609375 0.046875 0.056640625
0 0.58984375 0.7490234375 0.0484375 0.056640625
0 0.46796875 0.642578125 0.0453125 0.0546875
0 0.57890625 0.8359375 0.0453125 0.0546875
0 0.79453125 0.4873046875 0.0453125 0.056640625
0 0.54921875 0.7880859375 0.0453125 0.056640625
0 0.73984375 0.3935546875 0.0453125 0.056640625
0 0.71953125 0.55859375 0.0453125 0.0546875
0 0.56640625 0.404296875 0.0453125 0.05859375
0 0.70859375 0.642578125 0.0453125 0.0546875
0 0.44453125 0.810546875 0.0453125 0.0546875
0 0.46171875 0.4287109375 0.0453125 0.056640625
0 0.57265625 0.6171875 0.0453125 0.0546875
0 0.53984375 0.869140625 0.0453125 0.0546875
0 0.61796875 0.7978515625 0.0453125 0.056640625
0 0.85546875 0.583984375 0.0453125 0.0546875
0 0.66328125 0.46484375 0.0453125 0.0546875
0 0.38515625 0.5 0.0453125 0.0546875
0 0.41796875 0.7626953125 0.0453125 0.056640625
0 0.4734375 0.859375 0.046875 0.0546875
0 0.68359375 0.298828125 0.0453125 0.05859375
0 0.32265625 0.701171875 0.0453125 0.0546875
0 0.43828125 0.5947265625 0.0453125 0.056640625
0 0.68984375 0.5107421875 0.0453125 0.056640625
0 0.47734375 0.5615234375 0.0453125 0.056640625
0 0.60078125 0.666015625 0.0453125 0.0546875
0 0.74609375 0.60546875 0.0453125 0.05859375
0 0.50078125 0.3935546875 0.0453125 0.056640625
0 0.43359375 0.896484375 0.0453125 0.05859375
0 0.6234375 0.5 0.046875 0.0546875
0 0.63984375 0.6328125 0.0453125 0.0546875
0 0.71015625 0.3447265625 0.0453125 0.056640625
0 0.53984375 0.3583984375 0.0453125 0.056640625
0 0.30546875 0.5712890625 0.0484375 0.056640625
0 0.29453125 0.6552734375 0.0453125 0.056640625
0 0.34453125 0.5380859375 0.0484375 0.056640625
0 0.81640625 0.6201171875 0.0453125 0.056640625
0 0.65625 0.25 0.046875 0.05859375
0 0.51640625 0.5234375 0.0453125 0.0546875
0 0.7359375 0.69140625 0.046875 0.0546875
0 0.69609375 0.7265625 0.0453125 0.0546875
0 0.46328125 0.9453125 0.0453125 0.0546875
0 0.65703125 0.7626953125 0.0453125 0.056640625
0 0.37734375 0.798828125 0.0484375 0.05859375
0 0.35234375 0.7490234375 0.0453125 0.056640625
0 0.50078125 0.9072265625 0.0453125 0.056640625
