0 0.47578125 0.9541015625 0.0484375 0.052734375
0 0.42578125 0.9072265625 0.0484375 0.052734375
0 0.37734375 0.8583984375 0.0484375 0.052734375
0 0.32734375 0.8115234375 0.0484375 0.052734375
0 0.27890625 0.7666015625 0.0484375 0.052734375
0 0.22890625 0.7197265625 0.0484375 0.052734375
0 0.18046875 0.6728515625 0.0484375 0.052734375
0 0.1328125 0.6279296875 0.046875 0.052734375
0 0.51796875 0.8994140625 0.0484375 0.052734375
0 0.46796875 0.8505859375 0.0484375 0.052734375
0 0.41953125 0.8037109375 0.0484375 0.052734375
0 0.36953125 0.7568359375 0.0484375 0.052734375
0 0.32109375 0.7119140625 0.0484375 0.052734375
0 0.27109375 0.6650390625 0.0484375 0.052734375
0 0.2234375 0.6201171875 0.046875 0.052734375
0 0.17578125 0.5732421875 0.0484375 0.052734375
0 0.56015625 0.8447265625 0.0484375 0.052734375
0 0.51015625 0.7958984375 0.0484375 0.052734375
0 0.46015625 0.7490234375 0.0484375 0.052734375
0 0.41171875 0.7021484375 0.0484375 0.052734375
0 0.36171875 0.6552734375 0.0484375 0.052734375
0 0.31328125 0.6103515625 0.0484375 0.052734375
0 0.265625 0.5654296875 0.046875 0.052734375
0 0.215625 0.5185546875 0.046875 0.052734375
0 0.60234375 0.7861328125 0.0484375 0.052734375
0 0.55234375 0.7412109375 0.0484375 0.052734375
0 0.50234375 0.6943359375 0.0484375 0.052734375
0 0.45234375 0.6474609375 0.0484375 0.052734375
0 0.40390625 0.6005859375 0.0484375 0.052734375
0 0.35546875 0.5576171875 0.0484375 0.052734375
0 0.30546875 0.5107421875 0.0484375 0.052734375
0 0.2578125 0.4638671875 0.046875 0.052734375
0 0.2984375 0.4091796875 0.046875 0.052734375
0 0.3484375 0.4560546875 0.046875 0.052734375
0 0.39609375 0.5029296875 0.0484375 0.052734375
0 0.44609375 0.5458984375 0.0484375 0.052734375
0 0.49609375 0.5927734375 0.0484375 0.052734375
0 0.54453125 0.6396484375 0.0484375 0.052734375
0 0.59453125 0.6865234375 0.0484375 0.052734375
0 0.64296875 0.7314453125 0.0484375 0.052734375
0 0.68515625 0.6767578125 0.0484375 0.052734375
0 0.63515625 0.6318359375 0.0484375 0.052734375
0 0.58671875 0.5849609375 0.0484375 0.052734375
0 0.53671875 0.5380859375 0.0484375 0.052734375
0 0.48828125 0.4912109375 0.0484375 0.052734375
0 0.43828125 0.4482421875 0.0484375 0.052734375
0 0.390625 0.4013671875 0.046875 0.052734375
0 0.340625 0.3544921875 0.046875 0.052734375
0 0.72734375 0.6220703125 0.0484375 0.052734375
0 0.67734375 0.5751953125 0.0484375 0.052734375
0 0.62890625 0.5302734375 0.0484375 0.052734375
0 0.57890625 0.4833984375 0.0484375 0.052734375
0 0.52890625 0.4365234375 0.0484375 0.052734375
0 0.48046875 0.3916015625 0.0484375 0.052734375
0 0.43046875 0.3466796875 0.0484375 0.052734375
0 0.3828125 0.2998046875 0.046875 0.052734375
0 0.76953125 0.5673828125 0.0484375 0.052734375
0 0.71953125 0.5205078125 0.0484375 0.052734375
0 0.67109375 0.4755859375 0.0484375 0.052734375
0 0.62109375 0.4287109375 0.0484375 0.052734375
0 0.57109375 0.3818359375 0.0484375 0.052734375
0 0.5234375 0.3369140625 0.046875 0.052734375
0 0.4734375 0.2919921875 0.046875 0.052734375
0 0.42578125 0.2451171875 0.0484375 0.052734375
0 0.465625 0.1904296875 0.046875 0.052734375
0 0.515625 0.2333984375 0.046875 0.052734375
0 0.565625 0.2802734375 0.046875 0.052734375
0 0.81328125 0.5126953125 0.0484375 0.052734375
0 0.76171875 0.4658203125 0.0484375 0.052734375
0 0.71171875 0.4189453125 0.0484375 0.052734375
0 0.66328125 0.3740234375 0.0484375 0.052734375
0 0.61328125 0.3271484375 0.0484375 0.052734375
0 0.85546875 0.4580078125 0.0484375 0.052734375
0 0.80546875 0.4091796875 0.0484375 0.052734375
0 0.75546875 0.3642578125 0.0484375 0.052734375
0 0.70546875 0.3193359375 0.0484375 0.052734375
0 0.65546875 0.2724609375 0.0484375 0.052734375
0 0.60546875 0.2255859375 0.0484375 0.052734375
0 0.5578125 0.1787109375 0.046875 0.052734375
0 0.5078125 0.1337890625 0.046875 0.052734375
0 0.55078125 0.0791015625 0.0484375 0.052734375
0 0.60078125 0.1240234375 0.0484375 0.052734375
0 0.65078125 0.1708984375 0.0484375 0.052734375
0 0.6984375 0.2177734375 0.046875 0.052734375
0 0.7484375 0.2646484375 0.046875 0.052734375
0 0.7984375 0.3076171875 0.046875 0.052734375
0 0.8484375 0.3544921875 0.046875 0.052734375
0 0.8984375 0.4013671875 0.046875 0.052734375
