0 0.56875 0.7314453125 0.046875 0.056640625
0 0.40625 0.2255859375 0.046875 0.056640625
0 0.396875 0.7412109375 0.046875 0.056640625
0 0.5796875 0.2138671875 0.046875 0.056640625
0 0.4484375 0.6669921875 0.046875 0.056640625
0 0.4609375 0.2216796875 0.046875 0.056640625
0 0.4421875 0.5927734375 0.046875 0.056640625
0 0.8375 0.4208984375 0.046875 0.056640625
0 0.3453125 0.2294921875 0.046875 0.056640625
0 0.325 0.5986328125 0.046875 0.056640625
0 0.45390625 0.7392578125 0.0453125 0.056640625
0 0.309375 0.4541015625 0.046875 0.056640625
0 0.7625 0.2763671875 0.046875 0.056640625
0 0.8296875 0.3466796875 0.046875 0.056640625
0 0.4328125 0.5205078125 0.046875 0.056640625
0 0.4125 0.2998046875 0.046875 0.056640625
0 0.778125 0.4248046875 0.046875 0.056640625
0 0.496875 0.5888671875 0.046875 0.056640625
0 0.725 0.5029296875 0.046875 0.056640625
0 0.5109375 0.7353515625 0.046875 0.052734375
0 0.5578125 0.5849609375 0.046875 0.056640625
0 0.71875 0.4267578125 0.046875 0.056640625
0 0.7390625 0.6474609375 0.046875 0.056640625
0 0.5484375 0.5126953125 0.046875 0.056640625
0 0.6875 0.7255859375 0.046875 0.056640625
0 0.390625 0.6689453125 0.046875 0.056640625
0 0.4703125 0.2939453125 0.046875 0.056640625
0 0.84375 0.4931640625 0.046875 0.056640625
0 0.31875 0.5263671875 0.046875 0.056640625
0 0.5046875 0.6611328125 0.046875 0.056640625
0 0.82421875 0.2705078125 0.0453125 0.056640625
0 0.5359375 0.3642578125 0.046875 0.056640625
0 0.621875 0.6552734375 0.046875 0.056640625
0 0.59375 0.3623046875 0.046875 0.056640625
0 0.6984375 0.205078125 0.046875 0.0546875
0 0.5625 0.6591796875 0.046875 0.056640625
0 0.7046875 0.2783203125 0.046875 0.056640625
0 0.3765625 0.5244140625 0.046875 0.056640625
0 0.33125 0.6708984375 0.046875 0.056640625
0 0.7859375 0.4970703125 0.046875 0.056640625
0 0.490625 0.515625 0.046875 0.0546875
0 0.68125 0.6533203125 0.046875 0.056640625
0 0.6296875 0.7275390625 0.046875 0.056640625
0 0.5875 0.2900390625 0.04375 0.056640625
0 0.7453125 0.7236328125 0.046875 0.056640625
0 0.2890625 0.2353515625 0.046875 0.056640625
0 0.6140625 0.5830078125 0.046875 0.056640625
0 0.38125 0.5966796875 0.046875 0.056640625
0 0.7703125 0.3486328125 0.046875 0.056640625
0 0.296875 0.3076171875 0.046875 0.056640625
0 0.896875 0.416015625 0.046875 0.0546875
0 0.80625 0.7197265625 0.046875 0.056640625
0 0.7125 0.3544921875 0.046875 0.056640625
0 0.653125 0.3583984375 0.046875 0.052734375
0 0.6375 0.2119140625 0.046875 0.056640625
0 0.52109375 0.2197265625 0.0453125 0.056640625
0 0.484375 0.4423828125 0.046875 0.056640625
0 0.3671875 0.4501953125 0.046875 0.056640625
0 0.528125 0.2919921875 0.046875 0.056640625
0 0.33984375 0.7451171875 0.0453125 0.056640625
0 0.6609375 0.4326171875 0.046875 0.056640625
0 0.6453125 0.2841796875 0.046875 0.056640625
0 0.853125 0.5693359375 0.046875 0.056640625
0 0.303125 0.3818359375 0.046875 0.056640625
0 0.5421875 0.4404296875 0.046875 0.056640625
0 0.6 0.4345703125 0.046875 0.056640625
0 0.7921875 0.5712890625 0.046875 0.056640625
0 0.81875 0.1943359375 0.046875 0.056640625
0 0.66484375 0.5048828125 0.0484375 0.056640625
0 0.3546875 0.3056640625 0.046875 0.056640625
0 0.859375 0.6435546875 0.046875 0.052734375
0 0.3609375 0.3779296875 0.046875 0.056640625
0 0.7984375 0.6474609375 0.046875 0.056640625
0 0.865625 0.7177734375 0.046875 0.056640625
0 0.9109375 0.5634765625 0.046875 0.056640625
0 0.4765625 0.3681640625 0.046875 0.056640625
0 0.42578125 0.4462890625 0.0484375 0.056640625
0 0.7578125 0.1982421875 0.04375 0.056640625
0 0.73125 0.5751953125 0.046875 0.056640625
0 0.60625 0.5107421875 0.046875 0.056640625
0 0.9265625 0.71484375 0.046875 0.0546875
0 0.89140625 0.3427734375 0.0453125 0.056640625
0 0.6734375 0.5791015625 0.046875 0.052734375
0 0.90390625 0.490234375 0.0484375 0.0546875
0 0.8859375 0.2685546875 0.046875 0.056640625
0 0.41875 0.3720703125 0.046875 0.056640625
0 0.9203125 0.6396484375 0.046875 0.056640625
0 0.8796875 0.1904296875 0.046875 0.056640625
