0 0.253125 0.173828125 0.046875 0.0703125
0 0.2515625 0.35546875 0.046875 0.0703125
0 0.3890625 0.08984375 0.046875 0.0703125
0 0.38359375 0.728515625 0.0484375 0.0703125
0 0.3890625 0.1796875 0.046875 0.0703125
0 0.6578125 0.7392578125 0.046875 0.068359375
0 0.3875 0.3603515625 0.046875 0.068359375
0 0.6578125 0.1904296875 0.046875 0.068359375
0 0.5234375 0.095703125 0.046875 0.0703125
0 0.521875 0.3662109375 0.046875 0.068359375
0 0.5890625 0.1875 0.046875 0.0703125
0 0.24921875 0.5390625 0.0484375 0.0703125
0 0.3171875 0.44921875 0.046875 0.0703125
0 0.315625 0.630859375 0.046875 0.0703125
0 0.3859375 0.5419921875 0.046875 0.068359375
0 0.5875 0.642578125 0.046875 0.0703125
0 0.7921875 0.107421875 0.046875 0.0703125
0 0.521875 0.2744140625 0.046875 0.068359375
0 0.521875 0.546875 0.046875 0.0703125
0 0.5234375 0.185546875 0.046875 0.0703125
0 0.5890625 0.27734375 0.046875 0.0703125
0 0.453125 0.544921875 0.046875 0.0703125
0 0.31875 0.2685546875 0.046875 0.068359375
0 0.3140625 0.7255859375 0.046875 0.068359375
0 0.3875 0.271484375 0.046875 0.0703125
0 0.3859375 0.44921875 0.046875 0.0703125
0 0.51953125 0.734375 0.0484375 0.0703125
0 0.246875 0.630859375 0.046875 0.0703125
0 0.6578125 0.279296875 0.046875 0.0703125
0 0.5890625 0.369140625 0.046875 0.0703125
0 0.45546875 0.2744140625 0.0484375 0.068359375
0 0.4515625 0.7314453125 0.046875 0.068359375
0 0.453125 0.453125 0.046875 0.0703125
0 0.5890625 0.4580078125 0.046875 0.068359375
0 0.2453125 0.72265625 0.046875 0.0703125
0 0.253125 0.265625 0.046875 0.0703125
0 0.24921875 0.447265625 0.0484375 0.0703125
0 0.45546875 0.1826171875 0.0484375 0.068359375
0 0.453125 0.36328125 0.046875 0.0703125
0 0.31875 0.357421875 0.046875 0.0703125
0 0.79375 0.7451171875 0.046875 0.068359375
0 0.3234375 0.087890625 0.046875 0.0703125
0 0.38359375 0.6337890625 0.0484375 0.068359375
0 0.5890625 0.0986328125 0.046875 0.068359375
0 0.6578125 0.1015625 0.046875 0.0703125
0 0.7234375 0.193359375 0.046875 0.0703125
0 0.4515625 0.63671875 0.046875 0.0703125
0 0.1796875 0.5361328125 0.046875 0.068359375
0 0.521875 0.455078125 0.046875 0.0703125
0 0.65625 0.3720703125 0.046875 0.068359375
0 0.45703125 0.09375 0.0484375 0.0703125
0 0.51953125 0.638671875 0.0484375 0.0703125
0 0.3171875 0.5419921875 0.046875 0.068359375
0 0.79375 0.6533203125 0.046875 0.068359375
0 0.5875 0.736328125 0.046875 0.0703125
0 0.18125 0.4443359375 0.046875 0.068359375
0 0.1796875 0.6279296875 0.046875 0.068359375
0 0.18671875 0.171875 0.0484375 0.0703125
0 0.859375 0.107421875 0.046875 0.0703125
0 0.72578125 0.6474609375 0.0484375 0.068359375
0 0.7921875 0.376953125 0.046875 0.0703125
0 0.32109375 0.1767578125 0.0484375 0.068359375
0 0.65625 0.552734375 0.046875 0.0703125
0 0.7234375 0.283203125 0.046875 0.0703125
0 0.7921875 0.1962890625 0.046875 0.068359375
0 0.175 0.72265625 0.046875 0.0703125
0 0.65625 0.4609375 0.046875 0.0703125
0 0.2546875 0.0849609375 0.046875 0.068359375
0 0.79375 0.55859375 0.046875 0.0703125
0 0.7921875 0.466796875 0.046875 0.0703125
0 0.5875 0.5498046875 0.046875 0.068359375
0 0.86171875 0.65625 0.0484375 0.0703125
0 0.8640625 0.748046875 0.046875 0.0703125
0 0.7234375 0.375 0.046875 0.0703125
0 0.7234375 0.1044921875 0.046875 0.068359375
0 0.1828125 0.3525390625 0.046875 0.068359375
0 0.859375 0.2880859375 0.046875 0.068359375
0 0.18515625 0.263671875 0.0484375 0.0703125
0 0.65625 0.64453125 0.046875 0.0703125
0 0.859375 0.1962890625 0.046875 0.068359375
0 0.7921875 0.28515625 0.046875 0.0703125
0 0.859375 0.3798828125 0.046875 0.068359375
0 0.7234375 0.4638671875 0.046875 0.068359375
0 0.86171875 0.46875 0.0484375 0.0703125
0 0.72578125 0.5556640625 0.0484375 0.068359375
0 0.72578125 0.7421875 0.0484375 0.0703125
0 0.86171875 0.564453125 0.0484375 0.0703125
0 0.18671875 0.08203125 0.0484375 0.0703125
