0 0.31171875 0.541015625 0.0390625 0.046875
0 0.6015625 0.5078125 0.0375 0.046875
0 0.50234375 0.400390625 0.0390625 0.046875
0 0.43984375 0.546875 0.0390625 0.046875
0 0.3890625 0.49609375 0.0375 0.046875
0 0.63515625 0.4599609375 0.0390625 0.048828125
0 0.28984375 0.384765625 0.0390625 0.046875
0 0.65078125 0.564453125 0.0390625 0.046875
0 0.46640625 0.4482421875 0.0390625 0.048828125
0 0.43203125 0.49609375 0.0390625 0.046875
0 0.33203125 0.3876953125 0.0390625 0.044921875
0 0.28203125 0.333984375 0.0390625 0.046875
0 0.396875 0.546875 0.0375 0.046875
0 0.41796875 0.39453125 0.0390625 0.046875
0 0.33828125 0.439453125 0.0390625 0.046875
0 0.6171875 0.611328125 0.0375 0.046875
0 0.5859375 0.40625 0.0375 0.046875
0 0.48203125 0.552734375 0.0390625 0.046875
0 0.30390625 0.48828125 0.0390625 0.046875
0 0.66875 0.412109375 0.0375 0.046875
0 0.51796875 0.501953125 0.0390625 0.046875
0 0.42578125 0.4453125 0.0390625 0.046875
0 0.49453125 0.349609375 0.0390625 0.046875
0 0.32421875 0.646484375 0.0390625 0.046875
0 0.44765625 0.599609375 0.0390625 0.046875
0 0.48984375 0.603515625 0.0390625 0.046875
0 0.25234375 0.431640625 0.0390625 0.046875
0 0.55234375 0.455078125 0.0390625 0.046875
0 0.36171875 0.59765625 0.0390625 0.046875
0 0.534375 0.6064453125 0.0375 0.048828125
0 0.58359375 0.6611328125 0.0390625 0.048828125
0 0.56015625 0.5048828125 0.0390625 0.048828125
0 0.23671875 0.330078125 0.0390625 0.046875
0 0.45390625 0.3466796875 0.0390625 0.048828125
0 0.52578125 0.5546875 0.0390625 0.046875
0 0.35390625 0.54296875 0.0390625 0.046875
0 0.38203125 0.443359375 0.0359375 0.046875
0 0.36796875 0.33984375 0.0390625 0.046875
0 0.609375 0.55859375 0.0375 0.046875
0 0.56640625 0.556640625 0.0390625 0.046875
0 0.34765625 0.490234375 0.0390625 0.046875
0 0.67578125 0.462890625 0.0390625 0.046875
0 0.47421875 0.498046875 0.0390625 0.046875
0 0.49765625 0.6552734375 0.0390625 0.044921875
0 0.25859375 0.484375 0.0390625 0.046875
0 0.29609375 0.4365234375 0.0390625 0.048828125
0 0.53515625 0.3515625 0.0390625 0.046875
0 0.69296875 0.564453125 0.0390625 0.046875
0 0.45859375 0.396484375 0.0390625 0.046875
0 0.61953125 0.3623046875 0.0390625 0.044921875
0 0.44609375 0.296875 0.0390625 0.046875
0 0.61171875 0.310546875 0.0390625 0.046875
0 0.51015625 0.453125 0.0390625 0.046875
0 0.27421875 0.58984375 0.0390625 0.046875
0 0.66015625 0.61328125 0.0390625 0.046875
0 0.68359375 0.513671875 0.0390625 0.046875
0 0.70859375 0.66796875 0.0390625 0.046875
0 0.28046875 0.642578125 0.0390625 0.046875
0 0.62421875 0.6640625 0.0390625 0.046875
0 0.59140625 0.45703125 0.0390625 0.046875
0 0.52890625 0.3046875 0.0390625 0.046875
0 0.36171875 0.2890625 0.0390625 0.046875
0 0.54140625 0.658203125 0.0390625 0.046875
0 0.57421875 0.609375 0.0390625 0.046875
0 0.62734375 0.41015625 0.0390625 0.046875
0 0.26640625 0.5380859375 0.0390625 0.048828125
0 0.4046875 0.59765625 0.0375 0.046875
0 0.37578125 0.3916015625 0.0390625 0.048828125
0 0.45390625 0.654296875 0.0390625 0.046875
0 0.275 0.283203125 0.0375 0.046875
0 0.6671875 0.6640625 0.0375 0.046875
0 0.32421875 0.3369140625 0.0390625 0.048828125
0 0.24453125 0.3818359375 0.0390625 0.048828125
0 0.66015625 0.36328125 0.0390625 0.046875
0 0.70078125 0.61328125 0.0390625 0.046875
0 0.64296875 0.51171875 0.0390625 0.046875
0 0.41015625 0.34375 0.0390625 0.046875
0 0.57890625 0.35546875 0.0390625 0.046875
0 0.31953125 0.591796875 0.0390625 0.046875
0 0.4125 0.6513671875 0.0375 0.048828125
0 0.36953125 0.6474609375 0.0390625 0.044921875
0 0.48671875 0.298828125 0.0390625 0.046875
0 0.23046875 0.27734375 0.0390625 0.046875
0 0.31953125 0.28515625 0.0390625 0.046875
0 0.40234375 0.2919921875 0.0390625 0.048828125
0 0.57109375 0.306640625 0.0390625 0.046875
0 0.65234375 0.3134765625 0.0390625 0.048828125
0 0.54296875 0.4033203125 0.0390625 0.048828125
