0 0.303125 0.2490234375 0.05 0.060546875
0 0.1703125 0.2734375 0.05 0.0625
0 0.2390625 0.6904296875 0.059375 0.060546875
0 0.109375 0.888671875 0.059375 0.0625
0 0.6828125 0.177734375 0.046875 0.05859375
0 0.61796875 0.7724609375 0.0453125 0.056640625
0 0.43046875 0.2255859375 0.0515625 0.060546875
0 0.62109375 0.275390625 0.0484375 0.05859375
0 0.5578125 0.201171875 0.059375 0.0625
0 0.5578125 0.37109375 0.059375 0.0625
0 0.10625 0.373046875 0.059375 0.0625
0 0.43046875 0.73046875 0.0515625 0.0625
0 0.61875 0.607421875 0.046875 0.05859375
0 0.5578125 0.537109375 0.059375 0.0625
0 0.678125 0.5126953125 0.046875 0.056640625
0 0.2375 0.34765625 0.059375 0.0625
0 0.4328125 0.396484375 0.046875 0.05859375
0 0.68046875 0.345703125 0.0484375 0.05859375
0 0.175 0.7900390625 0.059375 0.060546875
0 0.3703125 0.830078125 0.059375 0.0625
0 0.43125 0.564453125 0.059375 0.0625
0 0.2390625 0.51953125 0.059375 0.0625
0 0.175 0.705078125 0.059375 0.0625
0 0.55703125 0.7861328125 0.0515625 0.064453125
0 0.3703125 0.494140625 0.059375 0.0625
0 0.62109375 0.359375 0.0484375 0.06640625
0 0.61875 0.44140625 0.046875 0.05859375
0 0.175 0.8740234375 0.059375 0.060546875
0 0.3046875 0.591796875 0.046875 0.0625
0 0.7390625 0.7421875 0.059375 0.0625
0 0.36875 0.23828125 0.053125 0.0703125
0 0.3703125 0.5791015625 0.05 0.060546875
0 0.5578125 0.703125 0.059375 0.0625
0 0.5578125 0.455078125 0.05 0.0625
0 0.303125 0.4228515625 0.059375 0.060546875
0 0.1734375 0.447265625 0.059375 0.0625
0 0.3046875 0.84375 0.053125 0.0625
0 0.62109375 0.1904296875 0.0484375 0.064453125
0 0.678125 0.67578125 0.046875 0.05859375
0 0.36875 0.4091796875 0.053125 0.064453125
0 0.3703125 0.7470703125 0.05 0.064453125
0 0.36875 0.3232421875 0.046875 0.060546875
0 0.4953125 0.46875 0.046875 0.05859375
0 0.240625 0.775390625 0.053125 0.06640625
0 0.4953125 0.7998046875 0.046875 0.060546875
0 0.23828125 0.435546875 0.0515625 0.06640625
0 0.2390625 0.859375 0.059375 0.0625
0 0.30625 0.759765625 0.059375 0.0625
0 0.1734375 0.619140625 0.059375 0.0625
0 0.3703125 0.66015625 0.059375 0.0625
0 0.43046875 0.814453125 0.0515625 0.06640625
0 0.61875 0.6884765625 0.046875 0.064453125
0 0.4953125 0.634765625 0.046875 0.05859375
0 0.171875 0.3603515625 0.053125 0.068359375
0 0.7421875 0.3349609375 0.046875 0.060546875
0 0.73984375 0.416015625 0.0484375 0.05859375
0 0.5578125 0.2880859375 0.05 0.064453125
0 0.678125 0.59375 0.046875 0.0625
0 0.43046875 0.3115234375 0.0515625 0.064453125
0 0.10859375 0.8046875 0.0546875 0.06640625
0 0.73984375 0.580078125 0.0484375 0.05859375
0 0.3046875 0.6767578125 0.053125 0.064453125
0 0.496875 0.298828125 0.05 0.0625
0 0.7375 0.66015625 0.046875 0.0625
0 0.678125 0.7578125 0.046875 0.0625
0 0.68046875 0.4287109375 0.0484375 0.064453125
0 0.1046875 0.2861328125 0.059375 0.060546875
0 0.74375 0.1669921875 0.05 0.068359375
0 0.3046875 0.5087890625 0.046875 0.064453125
0 0.61875 0.5263671875 0.046875 0.064453125
0 0.5578125 0.62109375 0.05 0.0625
0 0.10625 0.546875 0.059375 0.0625
0 0.496875 0.3837890625 0.05 0.064453125
0 0.240625 0.6044921875 0.053125 0.064453125
0 0.43046875 0.4814453125 0.0515625 0.064453125
0 0.4953125 0.5517578125 0.046875 0.060546875
0 0.73984375 0.5 0.0484375 0.0625
0 0.3046875 0.3359375 0.053125 0.06640625
0 0.43046875 0.6474609375 0.0515625 0.064453125
0 0.17421875 0.5322265625 0.0515625 0.064453125
0 0.7421875 0.2509765625 0.046875 0.056640625
0 0.496875 0.2138671875 0.05 0.064453125
0 0.4953125 0.7177734375 0.046875 0.060546875
0 0.68046875 0.263671875 0.0484375 0.0625
0 0.23828125 0.26171875 0.0578125 0.06640625
0 0.10625 0.4599609375 0.059375 0.060546875
0 0.10625 0.72265625 0.059375 0.0625
0 0.109375 0.6328125 0.059375 0.0625
