0 0.71171875 0.4453125 0.0703125 0.0625
0 0.55 0.580078125 0.071875 0.0625
0 0.64609375 0.240234375 0.0703125 0.0625
0 0.46484375 0.7822265625 0.0703125 0.060546875
0 0.79140625 0.37890625 0.0703125 0.0625
0 0.25859375 0.232421875 0.0703125 0.0625
0 0.79921875 0.2421875 0.0703125 0.0625
0 0.3859375 0.8515625 0.071875 0.0625
0 0.55859375 0.443359375 0.0703125 0.0625
0 0.7171875 0.3095703125 0.071875 0.060546875
0 0.70625 0.58203125 0.071875 0.0625
0 0.61796875 0.78515625 0.0703125 0.0625
0 0.459375 0.91796875 0.071875 0.0625
0 0.77109375 0.78515625 0.0703125 0.0625
0 0.31796875 0.646484375 0.0703125 0.0625
0 0.78515625 0.515625 0.0703125 0.0625
0 0.3375 0.2353515625 0.071875 0.060546875
0 0.39140625 0.7158203125 0.0703125 0.060546875
0 0.25234375 0.37109375 0.0703125 0.0625
0 0.62421875 0.6484375 0.0703125 0.0625
0 0.48828125 0.306640625 0.0703125 0.0625
0 0.4765625 0.509765625 0.071875 0.0625
0 0.47109375 0.646484375 0.0703125 0.0625
0 0.3265625 0.44140625 0.071875 0.0625
0 0.63828125 0.376953125 0.0703125 0.0625
0 0.47890625 0.443359375 0.0703125 0.0625
0 0.41171875 0.3046875 0.0703125 0.0625
0 0.3125 0.7822265625 0.071875 0.060546875
0 0.4625 0.8515625 0.071875 0.0625
0 0.553125 0.5126953125 0.071875 0.060546875
0 0.39453125 0.646484375 0.0703125 0.0625
0 0.39765625 0.580078125 0.0703125 0.0625
0 0.640625 0.306640625 0.071875 0.0625
0 0.5671875 0.23828125 0.071875 0.0625
0 0.6296875 0.5126953125 0.071875 0.060546875
0 0.77734375 0.6484375 0.0703125 0.0625
0 0.62109375 0.71875 0.0703125 0.0625
0 0.56484375 0.306640625 0.0703125 0.0625
0 0.54140625 0.78515625 0.0703125 0.0625
0 0.25546875 0.302734375 0.0703125 0.0625
0 0.6265625 0.58203125 0.071875 0.0625
0 0.23828125 0.712890625 0.0703125 0.0625
0 0.63515625 0.4453125 0.0703125 0.0625
0 0.54765625 0.6484375 0.0703125 0.0625
0 0.403125 0.443359375 0.071875 0.0625
0 0.3234375 0.509765625 0.071875 0.0625
0 0.6890625 0.9208984375 0.071875 0.060546875
0 0.69140625 0.8544921875 0.0703125 0.060546875
0 0.38828125 0.7822265625 0.0703125 0.060546875
0 0.54453125 0.7158203125 0.0703125 0.060546875
0 0.70859375 0.5126953125 0.0703125 0.060546875
0 0.4140625 0.2353515625 0.071875 0.060546875
0 0.30390625 0.91796875 0.0703125 0.0625
0 0.32890625 0.3740234375 0.0703125 0.060546875
0 0.32109375 0.5771484375 0.0703125 0.060546875
0 0.490625 0.23828125 0.071875 0.0625
0 0.71484375 0.376953125 0.0703125 0.0625
0 0.77421875 0.71875 0.0703125 0.0625
0 0.69453125 0.78515625 0.0703125 0.0625
0 0.5390625 0.8515625 0.071875 0.0625
0 0.48515625 0.3740234375 0.0703125 0.060546875
0 0.24453125 0.5771484375 0.0703125 0.060546875
0 0.2328125 0.7822265625 0.071875 0.060546875
0 0.61484375 0.8544921875 0.0703125 0.060546875
0 0.78203125 0.583984375 0.0703125 0.0625
0 0.25 0.44140625 0.071875 0.0625
0 0.53359375 0.9208984375 0.0703125 0.060546875
0 0.33203125 0.3046875 0.0703125 0.0625
0 0.23046875 0.849609375 0.0703125 0.0625
0 0.46796875 0.7158203125 0.0703125 0.060546875
0 0.796875 0.3095703125 0.071875 0.060546875
0 0.70078125 0.6484375 0.0703125 0.0625
0 0.47421875 0.580078125 0.0703125 0.0625
0 0.69765625 0.71875 0.0703125 0.0625
0 0.4 0.509765625 0.071875 0.0625
0 0.40546875 0.3740234375 0.0703125 0.060546875
0 0.38046875 0.91796875 0.0703125 0.0625
0 0.30703125 0.849609375 0.0703125 0.0625
0 0.72265625 0.240234375 0.0703125 0.0625
0 0.246875 0.5078125 0.071875 0.0625
0 0.24140625 0.646484375 0.0703125 0.0625
0 0.78828125 0.4453125 0.0703125 0.0625
0 0.6125 0.9208984375 0.071875 0.060546875
0 0.7625 0.9208984375 0.071875 0.060546875
0 0.76796875 0.8544921875 0.0703125 0.060546875
0 0.56171875 0.376953125 0.0703125 0.0625
0 0.31484375 0.712890625 0.0703125 0.0625
0 0.22734375 0.91796875 0.0703125 0.0625
