0 0.3921875 0.4345703125 0.05625 0.056640625
0 0.18125 0.4384765625 0.053125 0.052734375
0 0.2625 0.4189453125 0.05625 0.052734375
0 0.1984375 0.5185546875 0.05625 0.052734375
0 0.4765625 0.62890625 0.053125 0.0546875
0 0.5734375 0.6923828125 0.053125 0.056640625
0 0.47109375 0.4169921875 0.0546875 0.052734375
0 0.5109375 0.791015625 0.053125 0.0546875
0 0.40625 0.3056640625 0.053125 0.056640625
0 0.421875 0.3876953125 0.05625 0.052734375
0 0.28046875 0.5009765625 0.0546875 0.056640625
0 0.62265625 0.7236328125 0.0578125 0.056640625
0 0.60546875 0.6416015625 0.0546875 0.052734375
0 0.49375 0.708984375 0.05625 0.0546875
0 0.6984375 0.4951171875 0.05625 0.056640625
0 0.11640625 0.5361328125 0.0546875 0.056640625
0 0.41171875 0.7265625 0.0546875 0.0546875
0 0.4859375 0.291015625 0.05625 0.0546875
0 0.715625 0.5751953125 0.053125 0.052734375
0 0.7015625 0.7060546875 0.053125 0.052734375
0 0.503125 0.3701171875 0.053125 0.056640625
0 0.5203125 0.44921875 0.05625 0.0546875
0 0.2984375 0.5830078125 0.05625 0.052734375
0 0.590625 0.7734375 0.05625 0.0546875
0 0.215625 0.6005859375 0.053125 0.056640625
0 0.2453125 0.3408203125 0.053125 0.056640625
0 0.37421875 0.35546875 0.0546875 0.0546875
0 0.3421875 0.4033203125 0.053125 0.052734375
0 0.653125 0.673828125 0.053125 0.0546875
0 0.4890625 0.4990234375 0.05625 0.056640625
0 0.44140625 0.4658203125 0.0546875 0.056640625
0 0.55625 0.6103515625 0.05625 0.052734375
0 0.359375 0.4833984375 0.05625 0.052734375
0 0.325 0.3232421875 0.05625 0.052734375
0 0.39453125 0.64453125 0.0578125 0.0546875
0 0.61875 0.513671875 0.053125 0.0546875
0 0.3859375 0.2265625 0.05625 0.0546875
0 0.68046875 0.4169921875 0.0546875 0.052734375
0 0.7796875 0.478515625 0.053125 0.0546875
0 0.453125 0.3369140625 0.05625 0.056640625
0 0.3796875 0.5654296875 0.053125 0.056640625
0 0.796875 0.5595703125 0.05625 0.056640625
0 0.634375 0.59375 0.053125 0.0546875
0 0.2921875 0.3720703125 0.05625 0.056640625
0 0.3125 0.4521484375 0.053125 0.052734375
0 0.67265625 0.7568359375 0.0546875 0.056640625
0 0.684375 0.6240234375 0.05625 0.056640625
0 0.734375 0.6572265625 0.053125 0.056640625
0 0.21328125 0.3896484375 0.0546875 0.052734375
0 0.58359375 0.3525390625 0.0546875 0.052734375
0 0.459375 0.5478515625 0.05625 0.052734375
0 0.265625 0.6318359375 0.05625 0.052734375
0 0.553125 0.4013671875 0.05625 0.056640625
0 0.828125 0.5107421875 0.053125 0.052734375
0 0.5234375 0.6591796875 0.05625 0.056640625
0 0.278125 0.291015625 0.053125 0.0546875
0 0.50625 0.578125 0.053125 0.0546875
0 0.409375 0.515625 0.053125 0.0546875
0 0.6109375 0.85546875 0.053125 0.0546875
0 0.6 0.431640625 0.053125 0.0546875
0 0.30703125 0.2412109375 0.0546875 0.056640625
0 0.53828125 0.5302734375 0.0546875 0.056640625
0 0.2484375 0.5498046875 0.053125 0.056640625
0 0.315625 0.6630859375 0.053125 0.052734375
0 0.56875 0.4814453125 0.05625 0.052734375
0 0.34765625 0.6123046875 0.0546875 0.052734375
0 0.3296875 0.5341796875 0.05625 0.056640625
0 0.63203125 0.384765625 0.0546875 0.0546875
0 0.765625 0.607421875 0.05625 0.0546875
0 0.54375 0.7412109375 0.053125 0.052734375
0 0.4265625 0.5966796875 0.05625 0.052734375
0 0.5875 0.5634765625 0.05625 0.056640625
0 0.74765625 0.5283203125 0.0546875 0.056640625
0 0.640625 0.8056640625 0.053125 0.052734375
0 0.23125 0.4697265625 0.05625 0.056640625
0 0.3390625 0.1943359375 0.053125 0.052734375
0 0.165625 0.568359375 0.05625 0.0546875
0 0.1484375 0.486328125 0.053125 0.0546875
0 0.35625 0.2763671875 0.05625 0.056640625
0 0.44375 0.6767578125 0.053125 0.052734375
0 0.65078125 0.4638671875 0.0546875 0.056640625
0 0.7296875 0.44921875 0.05625 0.0546875
0 0.5359375 0.3203125 0.053125 0.0546875
0 0.5609375 0.8232421875 0.05625 0.056640625
0 0.6671875 0.5458984375 0.053125 0.052734375
0 0.4359375 0.2587890625 0.053125 0.052734375
0 0.4609375 0.7587890625 0.05625 0.056640625
0 0.365625 0.6943359375 0.05625 0.056640625
