0 0.503125 0.4853515625 0.05625 0.072265625
0 0.6234375 0.5712890625 0.05625 0.072265625
0 0.503125 0.416015625 0.05625 0.07421875
0 0.565625 0.49609375 0.05625 0.07421875
0 0.565625 0.630859375 0.05625 0.07421875
0 0.6234375 0.5 0.05625 0.07421875
0 0.5046875 0.552734375 0.05625 0.07421875
0 0.3265625 0.458984375 0.05625 0.07421875
0 0.621875 0.4345703125 0.05625 0.072265625
0 0.384375 0.466796875 0.05625 0.07421875
0 0.384375 0.40234375 0.05625 0.07421875
0 0.74453125 0.5185546875 0.0578125 0.072265625
0 0.321875 0.3916015625 0.05625 0.072265625
0 0.74296875 0.58984375 0.0546875 0.07421875
0 0.321875 0.3251953125 0.05625 0.076171875
0 0.2640625 0.3154296875 0.05625 0.076171875
0 0.5640625 0.359375 0.05625 0.07421875
0 0.6234375 0.7001953125 0.05625 0.076171875
0 0.56171875 0.423828125 0.0578125 0.07421875
0 0.6234375 0.6318359375 0.05625 0.072265625
0 0.6828125 0.3759765625 0.05625 0.072265625
0 0.2640625 0.3857421875 0.05625 0.072265625
0 0.746875 0.3818359375 0.05625 0.072265625
0 0.2703125 0.5830078125 0.05625 0.072265625
0 0.4453125 0.4091796875 0.05625 0.076171875
0 0.44609375 0.6748046875 0.0546875 0.072265625
0 0.56171875 0.287109375 0.0578125 0.07421875
0 0.3828125 0.33203125 0.05625 0.07421875
0 0.3265625 0.525390625 0.05625 0.07421875
0 0.503125 0.3486328125 0.05625 0.072265625
0 0.4453125 0.609375 0.05625 0.07421875
0 0.565625 0.693359375 0.05625 0.07421875
0 0.74453125 0.453125 0.0578125 0.07421875
0 0.38515625 0.5361328125 0.0546875 0.072265625
0 0.321875 0.2548828125 0.05625 0.072265625
0 0.4453125 0.546875 0.05625 0.07421875
0 0.328125 0.5908203125 0.05625 0.072265625
0 0.440625 0.3427734375 0.05625 0.072265625
0 0.565625 0.560546875 0.05625 0.07421875
0 0.684375 0.443359375 0.05625 0.07421875
0 0.2078125 0.5078125 0.05625 0.07421875
0 0.4453125 0.4775390625 0.05625 0.072265625
0 0.203125 0.375 0.05625 0.07421875
0 0.20625 0.3076171875 0.05625 0.072265625
0 0.621875 0.771484375 0.05625 0.07421875
0 0.7421875 0.7216796875 0.05625 0.076171875
0 0.6234375 0.365234375 0.05625 0.07421875
0 0.3859375 0.666015625 0.05625 0.07421875
0 0.44296875 0.271484375 0.0578125 0.07421875
0 0.2078125 0.4423828125 0.05625 0.072265625
0 0.2703125 0.517578125 0.05625 0.07421875
0 0.26015625 0.2490234375 0.0578125 0.072265625
0 0.6828125 0.509765625 0.05625 0.07421875
0 0.5015625 0.28125 0.05625 0.07421875
0 0.265625 0.4482421875 0.05625 0.072265625
0 0.5046875 0.615234375 0.05625 0.07421875
0 0.2109375 0.572265625 0.05625 0.07421875
0 0.684375 0.306640625 0.05625 0.07421875
0 0.5078125 0.6826171875 0.05625 0.072265625
0 0.803125 0.529296875 0.05625 0.07421875
0 0.7421875 0.65234375 0.05625 0.07421875
0 0.446875 0.744140625 0.05625 0.07421875
0 0.2015625 0.23828125 0.05625 0.07421875
0 0.3828125 0.2607421875 0.05625 0.072265625
0 0.3890625 0.6015625 0.05625 0.07421875
0 0.33203125 0.7255859375 0.0578125 0.072265625
0 0.3890625 0.736328125 0.05625 0.07421875
0 0.328125 0.6591796875 0.05625 0.076171875
0 0.209375 0.71875 0.05625 0.07421875
0 0.2734375 0.7197265625 0.05625 0.072265625
0 0.2703125 0.65234375 0.05625 0.07421875
0 0.2109375 0.646484375 0.05625 0.07421875
0 0.5078125 0.75 0.05625 0.07421875
0 0.5640625 0.7578125 0.05625 0.07421875
0 0.6828125 0.5771484375 0.05625 0.072265625
0 0.6828125 0.64453125 0.05625 0.07421875
0 0.6828125 0.7138671875 0.05625 0.072265625
0 0.6796875 0.779296875 0.05625 0.07421875
0 0.7421875 0.787109375 0.05625 0.07421875
0 0.8046875 0.5966796875 0.05625 0.076171875
0 0.8046875 0.458984375 0.05625 0.07421875
0 0.8046875 0.392578125 0.05625 0.07421875
0 0.621875 0.2978515625 0.05625 0.072265625
0 0.74453125 0.3125 0.0578125 0.07421875
0 0.803125 0.322265625 0.05625 0.07421875
0 0.803125 0.6689453125 0.05625 0.076171875
0 0.8015625 0.728515625 0.05625 0.07421875
0 0.8015625 0.7998046875 0.05625 0.072265625
