0 0.10625 0.771484375 0.053125 0.05078125
0 0.25390625 0.7734375 0.0515625 0.05078125
0 0.6171875 0.779296875 0.053125 0.05078125
0 0.184375 0.6376953125 0.053125 0.048828125
0 0.490625 0.3056640625 0.053125 0.048828125
0 0.1921875 0.3701171875 0.053125 0.048828125
0 0.5515625 0.576171875 0.053125 0.05078125
0 0.4859375 0.3740234375 0.053125 0.048828125
0 0.4 0.775390625 0.053125 0.05078125
0 0.63671875 0.30859375 0.0515625 0.05078125
0 0.18203125 0.7060546875 0.0515625 0.048828125
0 0.2671875 0.3720703125 0.053125 0.048828125
0 0.55 0.64453125 0.053125 0.05078125
0 0.4125 0.44140625 0.053125 0.05078125
0 0.6890625 0.779296875 0.053125 0.05078125
0 0.3296875 0.6396484375 0.053125 0.048828125
0 0.32578125 0.775390625 0.0515625 0.05078125
0 0.4171875 0.3056640625 0.053125 0.048828125
0 0.334375 0.57421875 0.053125 0.05078125
0 0.6265625 0.578125 0.053125 0.05078125
0 0.340625 0.3720703125 0.053125 0.048828125
0 0.25625 0.7080078125 0.053125 0.048828125
0 0.1796875 0.7734375 0.053125 0.05078125
0 0.5546875 0.5107421875 0.053125 0.048828125
0 0.621875 0.646484375 0.053125 0.05078125
0 0.26875 0.3017578125 0.053125 0.048828125
0 0.5578125 0.443359375 0.053125 0.05078125
0 0.4046875 0.642578125 0.053125 0.05078125
0 0.2578125 0.6396484375 0.053125 0.048828125
0 0.784375 0.310546875 0.053125 0.05078125
0 0.4765625 0.642578125 0.053125 0.05078125
0 0.4828125 0.5087890625 0.053125 0.048828125
0 0.3421875 0.3037109375 0.053125 0.048828125
0 0.328125 0.7080078125 0.053125 0.048828125
0 0.5609375 0.3759765625 0.053125 0.048828125
0 0.190625 0.4375 0.053125 0.05078125
0 0.4796875 0.576171875 0.053125 0.05078125
0 0.1890625 0.5048828125 0.053125 0.048828125
0 0.2609375 0.572265625 0.053125 0.05078125
0 0.6953125 0.646484375 0.053125 0.05078125
0 0.5625 0.30859375 0.053125 0.05078125
0 0.3359375 0.5068359375 0.053125 0.048828125
0 0.7640625 0.78125 0.053125 0.05078125
0 0.2640625 0.439453125 0.053125 0.05078125
0 0.471875 0.775390625 0.053125 0.05078125
0 0.1859375 0.572265625 0.053125 0.05078125
0 0.4734375 0.7099609375 0.053125 0.048828125
0 0.628125 0.5107421875 0.053125 0.048828125
0 0.4140625 0.3740234375 0.053125 0.048828125
0 0.11015625 0.6376953125 0.0515625 0.048828125
0 0.1140625 0.5029296875 0.053125 0.048828125
0 0.5453125 0.77734375 0.053125 0.05078125
0 0.3390625 0.439453125 0.053125 0.05078125
0 0.5484375 0.7119140625 0.053125 0.048828125
0 0.484375 0.44140625 0.053125 0.05078125
0 0.7015625 0.5126953125 0.053125 0.048828125
0 0.1078125 0.7060546875 0.053125 0.048828125
0 0.40625 0.57421875 0.053125 0.05078125
0 0.85234375 0.447265625 0.0515625 0.05078125
0 0.6984375 0.5810546875 0.053125 0.048828125
0 0.4015625 0.7099609375 0.053125 0.048828125
0 0.11875 0.3681640625 0.053125 0.048828125
0 0.7046875 0.4453125 0.053125 0.05078125
0 0.85859375 0.3125 0.0515625 0.05078125
0 0.6203125 0.7119140625 0.053125 0.048828125
0 0.1953125 0.3017578125 0.053125 0.048828125
0 0.771875 0.5810546875 0.053125 0.048828125
0 0.634375 0.3779296875 0.053125 0.048828125
0 0.1125 0.5703125 0.053125 0.05078125
0 0.4078125 0.5087890625 0.053125 0.048828125
0 0.6328125 0.443359375 0.053125 0.05078125
0 0.1171875 0.435546875 0.053125 0.05078125
0 0.2625 0.5068359375 0.053125 0.048828125
0 0.7109375 0.310546875 0.053125 0.05078125
0 0.778125 0.447265625 0.053125 0.05078125
0 0.8359375 0.783203125 0.053125 0.05078125
0 0.69375 0.7138671875 0.053125 0.048828125
0 0.8546875 0.3798828125 0.053125 0.048828125
0 0.70859375 0.3779296875 0.0515625 0.048828125
0 0.8484375 0.5146484375 0.053125 0.048828125
0 0.8390625 0.7158203125 0.053125 0.048828125
0 0.1203125 0.2998046875 0.053125 0.048828125
0 0.8453125 0.5830078125 0.053125 0.048828125
0 0.7734375 0.5126953125 0.053125 0.048828125
0 0.7828125 0.3798828125 0.053125 0.048828125
0 0.8421875 0.6484375 0.053125 0.05078125
0 0.765625 0.7138671875 0.053125 0.048828125
0 0.7703125 0.6484375 0.053125 0.05078125
