0 0.3828125 0.3369140625 0.05625 0.064453125
0 0.67578125 0.3828125 0.0578125 0.06640625
0 0.309375 0.3271484375 0.05625 0.064453125
0 0.20625 0.736328125 0.05625 0.06640625
0 0.521875 0.4453125 0.05625 0.06640625
0 0.7578125 0.3076171875 0.05625 0.064453125
0 0.4421875 0.517578125 0.05625 0.06640625
0 0.2921875 0.5791015625 0.05625 0.064453125
0 0.59609375 0.4580078125 0.0578125 0.064453125
0 0.4625 0.2646484375 0.05625 0.064453125
0 0.2375 0.3173828125 0.05625 0.064453125
0 0.37421875 0.42578125 0.0578125 0.06640625
0 0.36875 0.5068359375 0.05625 0.064453125
0 0.684375 0.2939453125 0.05625 0.064453125
0 0.29765625 0.494140625 0.0578125 0.06640625
0 0.24375 0.2314453125 0.05625 0.064453125
0 0.5359375 0.2744140625 0.05625 0.064453125
0 0.39140625 0.251953125 0.0578125 0.06640625
0 0.3484375 0.759765625 0.05625 0.06640625
0 0.51640625 0.5302734375 0.0578125 0.064453125
0 0.21796875 0.5693359375 0.0578125 0.064453125
0 0.834375 0.3173828125 0.05625 0.064453125
0 0.6015625 0.373046875 0.05625 0.06640625
0 0.4484375 0.435546875 0.05625 0.06640625
0 0.75234375 0.392578125 0.0578125 0.06640625
0 0.61015625 0.287109375 0.0578125 0.06640625
0 0.496875 0.783203125 0.05625 0.06640625
0 0.23203125 0.40234375 0.0578125 0.06640625
0 0.6640625 0.5498046875 0.05625 0.064453125
0 0.528125 0.359375 0.05625 0.06640625
0 0.2125 0.6513671875 0.05625 0.064453125
0 0.303125 0.412109375 0.05625 0.06640625
0 0.8265625 0.40234375 0.05625 0.06640625
0 0.428125 0.6845703125 0.05625 0.064453125
0 0.45390625 0.349609375 0.0578125 0.06640625
0 0.8171875 0.4912109375 0.05625 0.064453125
0 0.146875 0.5595703125 0.05625 0.064453125
0 0.5671875 0.79296875 0.05625 0.06640625
0 0.64140625 0.8056640625 0.0578125 0.064453125
0 0.6703125 0.4677734375 0.05625 0.064453125
0 0.278125 0.75 0.05625 0.06640625
0 0.1984375 0.818359375 0.05625 0.06640625
0 0.74375 0.4775390625 0.05625 0.064453125
0 0.9 0.4150390625 0.05625 0.064453125
0 0.15859375 0.388671875 0.0578125 0.06640625
0 0.34296875 0.841796875 0.0578125 0.06640625
0 0.1640625 0.3037109375 0.05625 0.064453125
0 0.2859375 0.6640625 0.05625 0.06640625
0 0.50234375 0.701171875 0.0578125 0.06640625
0 0.6328125 0.890625 0.05625 0.06640625
0 0.3171875 0.2421875 0.05625 0.06640625
0 0.590625 0.54296875 0.05625 0.06640625
0 0.80078125 0.6591796875 0.0578125 0.056640625
0 0.559375 0.8779296875 0.05625 0.064453125
0 0.58203125 0.625 0.0578125 0.06640625
0 0.43671875 0.6025390625 0.0578125 0.064453125
0 0.42265625 0.76953125 0.0578125 0.06640625
0 0.8796875 0.6708984375 0.05625 0.064453125
0 0.90859375 0.3271484375 0.0578125 0.064453125
0 0.4171875 0.8544921875 0.05625 0.064453125
0 0.65546875 0.634765625 0.0578125 0.06640625
0 0.5765625 0.7109375 0.05625 0.06640625
0 0.715625 0.818359375 0.05625 0.06640625
0 0.89453125 0.5009765625 0.0578125 0.064453125
0 0.70703125 0.904296875 0.0578125 0.06640625
0 0.809375 0.576171875 0.05625 0.06640625
0 0.73515625 0.56640625 0.0578125 0.06640625
0 0.5078125 0.615234375 0.05625 0.06640625
0 0.153125 0.474609375 0.05625 0.06640625
0 0.2234375 0.484375 0.05625 0.06640625
0 0.16953125 0.21875 0.0578125 0.06640625
0 0.3578125 0.677734375 0.05625 0.06640625
0 0.78359375 0.9140625 0.0578125 0.06640625
0 0.8859375 0.5859375 0.05625 0.06640625
0 0.26953125 0.83203125 0.0578125 0.06640625
0 0.86328125 0.841796875 0.0578125 0.06640625
0 0.7296875 0.6513671875 0.05625 0.064453125
0 0.65 0.720703125 0.05625 0.06640625
0 0.1328125 0.7265625 0.05625 0.06640625
0 0.48828125 0.8681640625 0.0578125 0.064453125
0 0.7234375 0.7333984375 0.05625 0.064453125
0 0.36328125 0.5927734375 0.0578125 0.064453125
0 0.12734375 0.8056640625 0.0578125 0.064453125
0 0.79765625 0.74609375 0.0578125 0.06640625
0 0.7890625 0.828125 0.05625 0.06640625
0 0.13828125 0.6416015625 0.0578125 0.064453125
0 0.871875 0.755859375 0.05625 0.06640625
0 0.8578125 0.9267578125 0.05625 0.064453125
