0 0.71953125 0.4248046875 0.0390625 0.048828125
0 0.63046875 0.5302734375 0.0390625 0.048828125
0 0.68359375 0.2626953125 0.0390625 0.048828125
0 0.58359375 0.6904296875 0.0390625 0.048828125
0 0.76328125 0.3720703125 0.0390625 0.048828125
0 0.46953125 0.2568359375 0.0390625 0.048828125
0 0.76796875 0.2646484375 0.0390625 0.048828125
0 0.53984375 0.7451171875 0.0390625 0.048828125
0 0.63515625 0.4228515625 0.0390625 0.048828125
0 0.72265625 0.3173828125 0.0390625 0.048828125
0 0.71640625 0.5322265625 0.0390625 0.048828125
0 0.66796875 0.6923828125 0.0390625 0.048828125
0 0.58046875 0.7978515625 0.0390625 0.048828125
0 0.75234375 0.6923828125 0.0390625 0.048828125
0 0.50234375 0.5830078125 0.0390625 0.048828125
0 0.76015625 0.4794921875 0.0390625 0.048828125
0 0.51328125 0.2587890625 0.0390625 0.048828125
0 0.54296875 0.6376953125 0.0390625 0.048828125
0 0.46640625 0.3662109375 0.0390625 0.048828125
0 0.67109375 0.5849609375 0.0390625 0.048828125
0 0.59609375 0.3154296875 0.0390625 0.048828125
0 0.58984375 0.4755859375 0.0390625 0.048828125
0 0.58671875 0.5830078125 0.0390625 0.048828125
0 0.50703125 0.4208984375 0.0390625 0.048828125
0 0.67890625 0.3701171875 0.0390625 0.048828125
0 0.59140625 0.4228515625 0.0390625 0.048828125
0 0.55390625 0.3134765625 0.0390625 0.048828125
0 0.49921875 0.6904296875 0.0390625 0.048828125
0 0.58203125 0.7451171875 0.0390625 0.048828125
0 0.63203125 0.4775390625 0.0390625 0.048828125
0 0.54453125 0.5830078125 0.0390625 0.048828125
0 0.54609375 0.5302734375 0.0390625 0.048828125
0 0.68046875 0.3154296875 0.0390625 0.048828125
0 0.63984375 0.2607421875 0.0390625 0.048828125
0 0.67421875 0.4775390625 0.0390625 0.048828125
0 0.75546875 0.5849609375 0.0390625 0.048828125
0 0.66953125 0.6396484375 0.0390625 0.048828125
0 0.63828125 0.3154296875 0.0390625 0.048828125
0 0.62578125 0.6923828125 0.0390625 0.048828125
0 0.46796875 0.3115234375 0.0390625 0.048828125
0 0.67265625 0.5322265625 0.0390625 0.048828125
0 0.45859375 0.6357421875 0.0390625 0.048828125
0 0.67734375 0.4248046875 0.0390625 0.048828125
0 0.62890625 0.5849609375 0.0390625 0.048828125
0 0.54921875 0.4228515625 0.0390625 0.048828125
0 0.50546875 0.4755859375 0.0390625 0.048828125
0 0.70703125 0.7998046875 0.0390625 0.048828125
0 0.70859375 0.7470703125 0.0390625 0.048828125
0 0.54140625 0.6904296875 0.0390625 0.048828125
0 0.62734375 0.6376953125 0.0390625 0.048828125
0 0.71796875 0.4775390625 0.0390625 0.048828125
0 0.55546875 0.2587890625 0.0390625 0.048828125
0 0.49453125 0.7978515625 0.0390625 0.048828125
0 0.50859375 0.3681640625 0.0390625 0.048828125
0 0.50390625 0.5283203125 0.0390625 0.048828125
0 0.59765625 0.2607421875 0.0390625 0.048828125
0 0.72109375 0.3701171875 0.0390625 0.048828125
0 0.75390625 0.6396484375 0.0390625 0.048828125
0 0.71015625 0.6923828125 0.0390625 0.048828125
0 0.62421875 0.7451171875 0.0390625 0.048828125
0 0.59453125 0.3681640625 0.0390625 0.048828125
0 0.46171875 0.5283203125 0.0390625 0.048828125
0 0.45546875 0.6904296875 0.0390625 0.048828125
0 0.66640625 0.7470703125 0.0390625 0.048828125
0 0.75859375 0.5341796875 0.0390625 0.048828125
0 0.46484375 0.4208984375 0.0390625 0.048828125
0 0.62109375 0.7998046875 0.0390625 0.048828125
0 0.51015625 0.3134765625 0.0390625 0.048828125
0 0.45390625 0.7431640625 0.0390625 0.048828125
0 0.58515625 0.6376953125 0.0390625 0.048828125
0 0.76640625 0.3173828125 0.0390625 0.048828125
0 0.71328125 0.5849609375 0.0390625 0.048828125
0 0.58828125 0.5302734375 0.0390625 0.048828125
0 0.71171875 0.6396484375 0.0390625 0.048828125
0 0.54765625 0.4755859375 0.0390625 0.048828125
0 0.55078125 0.3681640625 0.0390625 0.048828125
0 0.53671875 0.7978515625 0.0390625 0.048828125
0 0.49609375 0.7431640625 0.0390625 0.048828125
0 0.72578125 0.2626953125 0.0390625 0.048828125
0 0.46328125 0.4736328125 0.0390625 0.048828125
0 0.46015625 0.5830078125 0.0390625 0.048828125
0 0.76171875 0.4248046875 0.0390625 0.048828125
0 0.66484375 0.7998046875 0.0390625 0.048828125
0 0.74765625 0.7998046875 0.0390625 0.048828125
0 0.75078125 0.7470703125 0.0390625 0.048828125
0 0.63671875 0.3701171875 0.0390625 0.048828125
0 0.50078125 0.6357421875 0.0390625 0.048828125
0 0.45234375 0.7978515625 0.0390625 0.048828125
