0 0.46875 0.8232421875 0.05 0.052734375
0 0.3421875 0.8076171875 0.05 0.052734375
0 0.40234375 0.474609375 0.0578125 0.05078125
0 0.2765625 0.3193359375 0.059375 0.052734375
0 0.8296875 0.8720703125 0.046875 0.052734375
0 0.7609375 0.40234375 0.04375 0.046875
0 0.590625 0.8408203125 0.053125 0.048828125
0 0.76953125 0.7978515625 0.0484375 0.052734375
0 0.71015625 0.857421875 0.0578125 0.05078125
0 0.709375 0.72265625 0.059375 0.05078125
0 0.2796875 0.73046875 0.059375 0.05078125
0 0.584375 0.4384765625 0.053125 0.052734375
0 0.76484375 0.5322265625 0.0453125 0.048828125
0 0.70703125 0.5908203125 0.0609375 0.052734375
0 0.82109375 0.607421875 0.0484375 0.05078125
0 0.4046875 0.74609375 0.059375 0.05078125
0 0.590625 0.7041015625 0.046875 0.052734375
0 0.82578125 0.7392578125 0.0484375 0.048828125
0 0.33984375 0.396484375 0.0578125 0.05078125
0 0.52578125 0.3603515625 0.0578125 0.052734375
0 0.5875 0.5703125 0.059375 0.05078125
0 0.4046875 0.611328125 0.059375 0.05078125
0 0.3421875 0.4638671875 0.059375 0.052734375
0 0.703125 0.392578125 0.053125 0.0546875
0 0.52890625 0.626953125 0.0578125 0.05078125
0 0.76953125 0.728515625 0.0484375 0.0546875
0 0.765625 0.6650390625 0.046875 0.048828125
0 0.33984375 0.330078125 0.0578125 0.05078125
0 0.46640625 0.5517578125 0.0484375 0.052734375
0 0.8765625 0.4228515625 0.059375 0.052734375
0 0.53046875 0.83203125 0.0515625 0.05859375
0 0.528125 0.5595703125 0.046875 0.052734375
0 0.70625 0.458984375 0.059375 0.05078125
0 0.7078125 0.6552734375 0.05 0.052734375
0 0.4671875 0.6865234375 0.059375 0.052734375
0 0.3421875 0.66796875 0.059375 0.05078125
0 0.4640625 0.3505859375 0.053125 0.052734375
0 0.771875 0.86328125 0.046875 0.0546875
0 0.81953125 0.4765625 0.0484375 0.046875
0 0.528125 0.6953125 0.053125 0.0546875
0 0.5265625 0.4267578125 0.05 0.052734375
0 0.53046875 0.763671875 0.0484375 0.05078125
0 0.64921875 0.6455078125 0.0484375 0.048828125
0 0.40390625 0.4072265625 0.0515625 0.056640625
0 0.64453125 0.3818359375 0.0484375 0.052734375
0 0.40546875 0.677734375 0.0515625 0.0546875
0 0.40078125 0.33984375 0.0578125 0.05078125
0 0.46484375 0.41796875 0.0578125 0.05078125
0 0.33984375 0.5341796875 0.0578125 0.052734375
0 0.52734375 0.4951171875 0.0578125 0.052734375
0 0.5828125 0.373046875 0.05 0.0546875
0 0.76328125 0.46875 0.0484375 0.0546875
0 0.646875 0.5146484375 0.046875 0.048828125
0 0.34296875 0.7373046875 0.0515625 0.056640625
0 0.88359375 0.7470703125 0.0484375 0.048828125
0 0.88203125 0.6826171875 0.0484375 0.048828125
0 0.7109375 0.7890625 0.05 0.0546875
0 0.8203125 0.5419921875 0.046875 0.052734375
0 0.58828125 0.771484375 0.0515625 0.05078125
0 0.27734375 0.38671875 0.0546875 0.05859375
0 0.8796875 0.5517578125 0.046875 0.052734375
0 0.46640625 0.4833984375 0.0515625 0.052734375
0 0.6515625 0.7822265625 0.05 0.052734375
0 0.8765625 0.4873046875 0.046875 0.052734375
0 0.81953125 0.412109375 0.0484375 0.05078125
0 0.82421875 0.673828125 0.0453125 0.05078125
0 0.27890625 0.7998046875 0.0609375 0.052734375
0 0.8875 0.8798828125 0.05 0.056640625
0 0.4671875 0.6171875 0.046875 0.0546875
0 0.765625 0.59765625 0.046875 0.0546875
0 0.70625 0.5234375 0.05 0.05078125
0 0.27734375 0.5908203125 0.0578125 0.052734375
0 0.65 0.712890625 0.05 0.0546875
0 0.40546875 0.54296875 0.0515625 0.0546875
0 0.58671875 0.6376953125 0.0515625 0.052734375
0 0.646875 0.580078125 0.046875 0.05078125
0 0.8796875 0.6162109375 0.046875 0.052734375
0 0.46875 0.7568359375 0.05 0.056640625
0 0.584375 0.50390625 0.053125 0.0546875
0 0.34296875 0.6015625 0.0515625 0.05078125
0 0.8859375 0.8125 0.046875 0.046875
0 0.6515625 0.849609375 0.05 0.05078125
0 0.64453125 0.4482421875 0.0484375 0.052734375
0 0.8265625 0.8056640625 0.046875 0.052734375
0 0.40703125 0.8154296875 0.0578125 0.056640625
0 0.2796875 0.66015625 0.059375 0.05078125
0 0.27578125 0.451171875 0.0578125 0.05078125
0 0.2796875 0.5234375 0.059375 0.05078125
