0 0.284375 0.291015625 0.040625 0.05078125
0 0.35625 0.5 0.040625 0.05078125
0 0.39140625 0.4296875 0.0421875 0.05078125
0 0.39140625 0.255859375 0.0421875 0.05078125
0 0.565625 0.4287109375 0.040625 0.048828125
0 0.60546875 0.1796875 0.0421875 0.05078125
0 0.5703125 0.2529296875 0.040625 0.052734375
0 0.6390625 0.2861328125 0.040625 0.052734375
0 0.35625 0.326171875 0.040625 0.05078125
0 0.21640625 0.4326171875 0.0421875 0.052734375
0 0.2328125 0.484375 0.040625 0.05078125
0 0.49765625 0.39453125 0.0390625 0.05078125
0 0.14453125 0.3974609375 0.0421875 0.052734375
0 0.30390625 0.51953125 0.0421875 0.05078125
0 0.2515625 0.361328125 0.040625 0.05078125
0 0.53203125 0.498046875 0.0390625 0.05078125
0 0.65546875 0.33984375 0.0421875 0.05078125
0 0.70390625 0.4951171875 0.0390625 0.052734375
0 0.32109375 0.3974609375 0.0421875 0.052734375
0 0.21953125 0.6064453125 0.0390625 0.052734375
0 0.2515625 0.5361328125 0.040625 0.052734375
0 0.17890625 0.326171875 0.0390625 0.05078125
0 0.28671875 0.4658203125 0.0421875 0.048828125
0 0.740625 0.4267578125 0.040625 0.052734375
0 0.1796875 0.5009765625 0.040625 0.048828125
0 0.53203125 0.32421875 0.0390625 0.05078125
0 0.5625 0.6005859375 0.040625 0.052734375
0 0.7578125 0.4833984375 0.040625 0.048828125
0 0.47890625 0.5166015625 0.0421875 0.052734375
0 0.68828125 0.4462890625 0.0421875 0.052734375
0 0.66640625 0.5654296875 0.0421875 0.052734375
0 0.58359375 0.4814453125 0.0421875 0.052734375
0 0.42578125 0.361328125 0.0421875 0.05078125
0 0.27109375 0.587890625 0.0421875 0.05078125
0 0.58515625 0.3046875 0.0421875 0.05078125
0 0.39140625 0.6025390625 0.0421875 0.048828125
0 0.6203125 0.412109375 0.040625 0.05078125
0 0.32265625 0.5712890625 0.0390625 0.052734375
0 0.603125 0.359375 0.040625 0.05078125
0 0.51640625 0.2724609375 0.0390625 0.052734375
0 0.725 0.375 0.040625 0.05078125
0 0.4984375 0.2177734375 0.040625 0.052734375
0 0.51328125 0.4482421875 0.0421875 0.048828125
0 0.77265625 0.5302734375 0.0390625 0.052734375
0 0.71953125 0.5478515625 0.0390625 0.048828125
0 0.65078125 0.513671875 0.0421875 0.05078125
0 0.63515625 0.462890625 0.0390625 0.05078125
0 0.67265625 0.3935546875 0.0421875 0.048828125
0 0.71015625 0.3232421875 0.0421875 0.048828125
0 0.69296875 0.2685546875 0.0390625 0.048828125
0 0.67890625 0.21484375 0.0390625 0.05078125
0 0.659375 0.1591796875 0.040625 0.048828125
0 0.625 0.234375 0.040625 0.05078125
0 0.55234375 0.19921875 0.0421875 0.05078125
0 0.6140625 0.58203125 0.040625 0.05078125
0 0.5984375 0.5322265625 0.040625 0.048828125
0 0.5484375 0.375 0.040625 0.05078125
0 0.44609375 0.236328125 0.0421875 0.05078125
0 0.46171875 0.291015625 0.0390625 0.05078125
0 0.48046875 0.3427734375 0.0421875 0.052734375
0 0.54765625 0.548828125 0.0390625 0.05078125
0 0.5109375 0.6171875 0.040625 0.05078125
0 0.49375 0.5673828125 0.040625 0.048828125
0 0.4609375 0.46484375 0.040625 0.05078125
0 0.44453125 0.4130859375 0.0390625 0.052734375
0 0.41015625 0.3076171875 0.0390625 0.052734375
0 0.3390625 0.2724609375 0.040625 0.052734375
0 0.46015625 0.6337890625 0.0390625 0.052734375
0 0.44375 0.5849609375 0.040625 0.052734375
0 0.42578125 0.533203125 0.0421875 0.05078125
0 0.40859375 0.4833984375 0.0421875 0.048828125
0 0.3734375 0.3779296875 0.040625 0.052734375
0 0.40859375 0.65234375 0.0421875 0.05078125
0 0.3734375 0.5517578125 0.040625 0.052734375
0 0.35625 0.6689453125 0.040625 0.052734375
0 0.3390625 0.6201171875 0.040625 0.052734375
0 0.3390625 0.44921875 0.040625 0.05078125
0 0.30390625 0.345703125 0.0421875 0.05078125
0 0.23203125 0.310546875 0.0421875 0.05078125
0 0.26875 0.416015625 0.040625 0.05078125
0 0.30390625 0.6865234375 0.0421875 0.048828125
0 0.28828125 0.638671875 0.0421875 0.05078125
0 0.196875 0.380859375 0.040625 0.05078125
0 0.125 0.345703125 0.040625 0.05078125
0 0.16171875 0.4541015625 0.0421875 0.052734375
0 0.2 0.5556640625 0.040625 0.048828125
0 0.23515625 0.6572265625 0.0390625 0.048828125
0 0.25390625 0.7041015625 0.0421875 0.044921875
