0 0.25546875 0.1474609375 0.0453125 0.056640625
0 0.31015625 0.1767578125 0.0453125 0.056640625
0 0.36171875 0.2080078125 0.0453125 0.056640625
0 0.4140625 0.2392578125 0.04375 0.056640625
0 0.46796875 0.271484375 0.0453125 0.05859375
0 0.52265625 0.30078125 0.0453125 0.0546875
0 0.57734375 0.3310546875 0.0453125 0.056640625
0 0.62890625 0.36328125 0.0453125 0.05859375
0 0.6828125 0.39453125 0.04375 0.05859375
0 0.73984375 0.423828125 0.0453125 0.05859375
0 0.79140625 0.455078125 0.0453125 0.05859375
0 0.76640625 0.521484375 0.0453125 0.05859375
0 0.71484375 0.4892578125 0.0453125 0.056640625
0 0.65859375 0.4580078125 0.0453125 0.056640625
0 0.60390625 0.4267578125 0.0453125 0.056640625
0 0.74140625 0.5869140625 0.0453125 0.056640625
0 0.68671875 0.552734375 0.0453125 0.05859375
0 0.63515625 0.5244140625 0.0453125 0.056640625
0 0.71953125 0.6533203125 0.0453125 0.056640625
0 0.69453125 0.7197265625 0.0453125 0.056640625
0 0.66640625 0.7861328125 0.0453125 0.056640625
0 0.6421875 0.8525390625 0.04375 0.056640625
0 0.61796875 0.91796875 0.0453125 0.05859375
0 0.56328125 0.88671875 0.0453125 0.05859375
0 0.61328125 0.7509765625 0.0453125 0.056640625
0 0.58828125 0.8173828125 0.0453125 0.056640625
0 0.63828125 0.685546875 0.0453125 0.05859375
0 0.6625 0.619140625 0.04375 0.05859375
0 0.60859375 0.5908203125 0.0453125 0.056640625
0 0.22890625 0.2109375 0.0453125 0.05859375
0 0.28359375 0.2421875 0.0453125 0.05859375
0 0.33515625 0.2744140625 0.0453125 0.056640625
0 0.38984375 0.302734375 0.0453125 0.05859375
0 0.44296875 0.333984375 0.0453125 0.05859375
0 0.49765625 0.3662109375 0.0453125 0.056640625
0 0.55234375 0.39453125 0.0453125 0.05859375
0 0.57890625 0.4921875 0.0453125 0.05859375
0 0.52421875 0.4609375 0.0453125 0.05859375
0 0.49921875 0.5244140625 0.0453125 0.056640625
0 0.55390625 0.55859375 0.0453125 0.05859375
0 0.52890625 0.625 0.0453125 0.05859375
0 0.58359375 0.6533203125 0.0453125 0.056640625
0 0.55859375 0.7197265625 0.0453125 0.056640625
0 0.53203125 0.7890625 0.0453125 0.05859375
0 0.50859375 0.8544921875 0.0453125 0.056640625
0 0.47734375 0.7568359375 0.0453125 0.056640625
0 0.50390625 0.6884765625 0.0453125 0.056640625
0 0.45234375 0.8232421875 0.0453125 0.056640625
0 0.45078125 0.65625 0.0453125 0.05859375
0 0.475 0.5908203125 0.04375 0.056640625
0 0.20390625 0.2744140625 0.0453125 0.056640625
0 0.25859375 0.3056640625 0.0453125 0.056640625
0 0.31015625 0.3369140625 0.0453125 0.056640625
0 0.36484375 0.369140625 0.0453125 0.05859375
0 0.41796875 0.3984375 0.0453125 0.0546875
0 0.47265625 0.4296875 0.0453125 0.05859375
0 0.44609375 0.4951171875 0.0453125 0.056640625
0 0.39375 0.4638671875 0.04375 0.056640625
0 0.33984375 0.4326171875 0.0453125 0.056640625
0 0.28515625 0.4033203125 0.0453125 0.056640625
0 0.23125 0.3720703125 0.04375 0.056640625
0 0.17890625 0.33984375 0.0453125 0.05859375
0 0.15234375 0.4033203125 0.0453125 0.056640625
0 0.20390625 0.4375 0.0453125 0.05859375
0 0.25859375 0.466796875 0.0453125 0.05859375
0 0.31484375 0.498046875 0.0453125 0.05859375
0 0.36953125 0.5302734375 0.0453125 0.056640625
0 0.42109375 0.5615234375 0.0453125 0.056640625
0 0.12734375 0.4697265625 0.0453125 0.056640625
0 0.17890625 0.5009765625 0.0453125 0.056640625
0 0.23359375 0.533203125 0.0453125 0.05859375
0 0.28828125 0.5615234375 0.0453125 0.056640625
0 0.34140625 0.595703125 0.0453125 0.05859375
0 0.39609375 0.625 0.0453125 0.05859375
0 0.36953125 0.69140625 0.0453125 0.05859375
0 0.42578125 0.72265625 0.0453125 0.05859375
0 0.39765625 0.7890625 0.0453125 0.05859375
0 0.34453125 0.759765625 0.0453125 0.05859375
0 0.31484375 0.662109375 0.0453125 0.05859375
0 0.28984375 0.728515625 0.0453125 0.05859375
0 0.23515625 0.6943359375 0.0453125 0.056640625
0 0.26328125 0.6279296875 0.0453125 0.056640625
0 0.20703125 0.595703125 0.0453125 0.05859375
0 0.15234375 0.5673828125 0.0453125 0.056640625
0 0.10078125 0.533203125 0.0453125 0.05859375
0 0.07265625 0.5986328125 0.0453125 0.056640625
0 0.12578125 0.6337890625 0.0453125 0.056640625
0 0.18203125 0.662109375 0.0453125 0.05859375
