0 0.7984375 0.51171875 0.05625 0.0859375
0 0.4234375 0.560546875 0.05625 0.0859375
0 0.609375 0.447265625 0.05625 0.0859375
0 0.3 0.748046875 0.05625 0.0859375
0 0.553125 0.810546875 0.05625 0.0859375
0 0.675 0.615234375 0.05625 0.0859375
0 0.3 0.841796875 0.05625 0.0859375
0 0.3625 0.83203125 0.05625 0.0859375
0 0.29765625 0.662109375 0.0578125 0.0859375
0 0.234375 0.666015625 0.05625 0.0859375
0 0.5453125 0.453125 0.05625 0.0859375
0 0.3625 0.923828125 0.05625 0.0859375
0 0.5484375 0.54296875 0.05625 0.0859375
0 0.8625 0.50390625 0.05625 0.0859375
0 0.80625 0.779296875 0.05625 0.0859375
0 0.615625 0.80078125 0.05625 0.0859375
0 0.6765625 0.701171875 0.05625 0.0859375
0 0.7328125 0.43359375 0.05625 0.0859375
0 0.3609375 0.5625 0.05625 0.0859375
0 0.55 0.720703125 0.05625 0.0859375
0 0.4890625 0.814453125 0.05625 0.0859375
0 0.6109375 0.62109375 0.05625 0.0859375
0 0.6796875 0.79296875 0.05625 0.0859375
0 0.29375 0.39453125 0.05625 0.0859375
0 0.4234375 0.646484375 0.05625 0.0859375
0 0.4875 0.724609375 0.05625 0.0859375
0 0.8734375 0.861328125 0.05625 0.0859375
0 0.48046875 0.28515625 0.0578125 0.0859375
0 0.796875 0.421875 0.05625 0.0859375
0 0.86875 0.68359375 0.05625 0.0859375
0 0.2953125 0.484375 0.05625 0.0859375
0 0.29765625 0.5703125 0.0578125 0.0859375
0 0.55 0.6328125 0.05625 0.0859375
0 0.615625 0.892578125 0.05625 0.0859375
0 0.7421875 0.787109375 0.05625 0.0859375
0 0.8015625 0.6015625 0.05625 0.0859375
0 0.8640625 0.58984375 0.05625 0.0859375
0 0.803125 0.6904296875 0.05625 0.083984375
0 0.23671875 0.84765625 0.0578125 0.0859375
0 0.7359375 0.51953125 0.05625 0.0859375
0 0.7375 0.607421875 0.05625 0.0859375
0 0.740625 0.697265625 0.05625 0.0859375
0 0.4234375 0.73828125 0.05625 0.0859375
0 0.6109375 0.53515625 0.05625 0.0859375
0 0.3015625 0.931640625 0.05625 0.0859375
0 0.671875 0.529296875 0.05625 0.0859375
0 0.72890625 0.25390625 0.0578125 0.0859375
0 0.421875 0.470703125 0.05625 0.0859375
0 0.7328125 0.34375 0.05625 0.0859375
0 0.60625 0.357421875 0.05625 0.0859375
0 0.6140625 0.7109375 0.05625 0.0859375
0 0.7453125 0.873046875 0.05625 0.0859375
0 0.48046875 0.375 0.0578125 0.0859375
0 0.234375 0.755859375 0.05625 0.0859375
0 0.35625 0.388671875 0.05625 0.0859375
0 0.5546875 0.896484375 0.05625 0.0859375
0 0.35859375 0.474609375 0.0578125 0.0859375
0 0.484375 0.552734375 0.05625 0.0859375
0 0.6703125 0.439453125 0.05625 0.0859375
0 0.4265625 0.828125 0.05625 0.0859375
0 0.54375 0.3671875 0.05625 0.0859375
0 0.4890625 0.90625 0.05625 0.0859375
0 0.4875 0.638671875 0.05625 0.0859375
0 0.23671875 0.94140625 0.0578125 0.0859375
0 0.8078125 0.865234375 0.05625 0.0859375
0 0.4828125 0.462890625 0.05625 0.0859375
0 0.66796875 0.349609375 0.0578125 0.0859375
0 0.3609375 0.65234375 0.05625 0.0859375
0 0.3625 0.74609375 0.05625 0.0859375
0 0.859375 0.416015625 0.05625 0.0859375
0 0.87109375 0.7734375 0.0578125 0.0859375
0 0.41953125 0.380859375 0.0578125 0.0859375
0 0.428125 0.9140625 0.05625 0.0859375
0 0.68125 0.8828125 0.05625 0.0859375
0 0.234375 0.580078125 0.05625 0.0859375
0 0.79375 0.333984375 0.05625 0.0859375
0 0.29375 0.3046875 0.05625 0.0859375
0 0.66328125 0.26171875 0.0578125 0.0859375
0 0.234375 0.490234375 0.05625 0.0859375
0 0.2328125 0.404296875 0.05625 0.0859375
0 0.35625 0.298828125 0.05625 0.0859375
0 0.7921875 0.248046875 0.05625 0.0859375
0 0.6046875 0.271484375 0.05625 0.0859375
0 0.4171875 0.294921875 0.05625 0.0859375
0 0.8578125 0.326171875 0.05625 0.0859375
0 0.5390625 0.275390625 0.05625 0.0859375
0 0.8546875 0.240234375 0.05625 0.0859375
0 0.2296875 0.3125 0.05625 0.0859375
