0 0.8625 0.22265625 0.040625 0.0703125
0 0.8078125 0.16015625 0.040625 0.0703125
0 0.76015625 0.17578125 0.0421875 0.0703125
0 0.8453125 0.0625 0.040625 0.0703125
0 0.95078125 0.115234375 0.0421875 0.0703125
0 0.903125 0.1328125 0.040625 0.0703125
0 0.73125 0.3525390625 0.040625 0.072265625
0 0.6515625 0.5390625 0.040625 0.0703125
0 0.59765625 0.4736328125 0.0421875 0.072265625
0 0.75390625 0.08984375 0.0421875 0.0703125
0 0.8 0.578125 0.040625 0.0703125
0 0.83125 0.40234375 0.040625 0.0703125
0 0.91640625 0.29296875 0.0421875 0.0703125
0 0.82265625 0.322265625 0.0421875 0.0703125
0 0.69140625 0.4453125 0.0421875 0.0703125
0 0.784375 0.4140625 0.040625 0.0703125
0 0.6125 0.630859375 0.040625 0.0703125
0 0.5515625 0.48828125 0.040625 0.0703125
0 0.909375 0.21484375 0.040625 0.0703125
0 0.815625 0.2421875 0.040625 0.0703125
0 0.79140625 0.49609375 0.0421875 0.0703125
0 0.8703125 0.310546875 0.040625 0.0703125
0 0.675 0.287109375 0.040625 0.0703125
0 0.6828125 0.3671875 0.040625 0.0703125
0 0.76875 0.259765625 0.040625 0.0703125
0 0.70625 0.603515625 0.040625 0.0703125
0 0.925 0.375 0.040625 0.0703125
0 0.94375 0.037109375 0.040625 0.0703125
0 0.7140625 0.189453125 0.040625 0.0703125
0 0.95859375 0.201171875 0.0421875 0.0703125
0 0.85390625 0.150390625 0.0421875 0.0703125
0 0.54375 0.40625 0.040625 0.0703125
0 0.8453125 0.564453125 0.040625 0.0703125
0 0.66015625 0.126953125 0.0421875 0.0703125
0 0.7765625 0.337890625 0.040625 0.0703125
0 0.9703125 0.361328125 0.040625 0.0703125
0 0.9640625 0.28125 0.040625 0.0703125
0 0.88671875 0.470703125 0.0421875 0.0703125
0 0.6984375 0.52734375 0.040625 0.0703125
0 0.72265625 0.271484375 0.0421875 0.0703125
0 0.6359375 0.380859375 0.040625 0.0703125
0 0.8 0.076171875 0.040625 0.0703125
0 0.878125 0.38671875 0.040625 0.0703125
0 0.7453125 0.513671875 0.040625 0.0703125
0 0.70625 0.107421875 0.040625 0.0703125
0 0.75390625 0.58984375 0.0421875 0.0703125
0 0.940625 0.533203125 0.040625 0.0703125
0 0.53515625 0.330078125 0.0421875 0.0703125
0 0.5890625 0.3984375 0.040625 0.0703125
0 0.9328125 0.451171875 0.040625 0.0703125
0 0.478125 0.265625 0.040625 0.0703125
0 0.7390625 0.431640625 0.040625 0.0703125
0 0.6671875 0.2060546875 0.040625 0.072265625
0 0.56640625 0.15234375 0.0421875 0.0703125
0 0.8953125 0.05078125 0.040625 0.0703125
0 0.6203125 0.216796875 0.040625 0.0703125
0 0.8390625 0.482421875 0.040625 0.0703125
0 0.6125 0.138671875 0.040625 0.0703125
0 0.62734375 0.302734375 0.0421875 0.0703125
0 0.85703125 0.640625 0.0421875 0.0703125
0 0.60625 0.552734375 0.040625 0.0703125
0 0.64375 0.458984375 0.040625 0.0703125
0 0.51875 0.169921875 0.040625 0.0703125
0 0.80625 0.65625 0.040625 0.0703125
0 0.58125 0.3125 0.040625 0.0703125
0 0.7625 0.66796875 0.040625 0.0703125
0 0.4875 0.341796875 0.040625 0.0703125
0 0.9015625 0.62890625 0.040625 0.0703125
0 0.5578125 0.56640625 0.040625 0.0703125
0 0.49609375 0.419921875 0.0421875 0.0703125
0 0.5046875 0.49609375 0.040625 0.0703125
0 0.7140625 0.681640625 0.040625 0.0703125
0 0.571875 0.2314453125 0.040625 0.072265625
0 0.8921875 0.544921875 0.040625 0.0703125
0 0.66015625 0.6201171875 0.0421875 0.072265625
0 0.5125 0.580078125 0.040625 0.0703125
0 0.525 0.248046875 0.040625 0.0703125
0 0.94765625 0.611328125 0.0421875 0.0703125
0 0.6703125 0.69921875 0.040625 0.0703125
0 0.56875 0.6484375 0.040625 0.0703125
0 0.98203125 0.4375 0.0359375 0.0703125
0 0.62421875 0.712890625 0.0421875 0.0703125
0 0.575 0.7265625 0.040625 0.0703125
0 0.52734375 0.736328125 0.0421875 0.0703125
0 0.5171875 0.65625 0.040625 0.0703125
0 0.4734375 0.1806640625 0.040625 0.072265625
0 0.9890625 0.51953125 0.021875 0.0703125
