0 0.39140625 0.427734375 0.0359375 0.046875
0 0.47734375 0.3837890625 0.0390625 0.044921875
0 0.3875 0.4697265625 0.0375 0.048828125
0 0.4328125 0.4248046875 0.0375 0.048828125
0 0.440625 0.341796875 0.0375 0.046875
0 0.4734375 0.427734375 0.040625 0.046875
0 0.3953125 0.384765625 0.0375 0.046875
0 0.26953125 0.427734375 0.0390625 0.046875
0 0.46953125 0.4677734375 0.0390625 0.048828125
0 0.3109375 0.427734375 0.0375 0.046875
0 0.30625 0.46875 0.0375 0.046875
0 0.55625 0.4267578125 0.040625 0.044921875
0 0.26484375 0.4697265625 0.0359375 0.048828125
0 0.55859375 0.3818359375 0.0390625 0.048828125
0 0.2609375 0.5107421875 0.0375 0.048828125
0 0.2203125 0.5126953125 0.040625 0.048828125
0 0.425 0.5107421875 0.0375 0.048828125
0 0.48359375 0.3037109375 0.0390625 0.044921875
0 0.42734375 0.4697265625 0.0390625 0.048828125
0 0.4796875 0.345703125 0.040625 0.046875
0 0.50703125 0.5087890625 0.0390625 0.044921875
0 0.22421875 0.4677734375 0.0390625 0.048828125
0 0.54765625 0.51171875 0.0390625 0.046875
0 0.23828125 0.3466796875 0.0390625 0.048828125
0 0.3484375 0.46875 0.0375 0.046875
0 0.3625 0.3046875 0.0375 0.046875
0 0.4203125 0.5556640625 0.0375 0.048828125
0 0.3015625 0.51171875 0.0375 0.046875
0 0.27421875 0.38671875 0.0390625 0.046875
0 0.3828125 0.51171875 0.0375 0.046875
0 0.3578125 0.3447265625 0.0375 0.048828125
0 0.44453125 0.3037109375 0.0390625 0.044921875
0 0.55234375 0.4677734375 0.0390625 0.048828125
0 0.3140625 0.3857421875 0.0375 0.044921875
0 0.25625 0.5556640625 0.0375 0.048828125
0 0.35546875 0.384765625 0.0390625 0.046875
0 0.278125 0.3466796875 0.040625 0.048828125
0 0.34296875 0.5107421875 0.0390625 0.048828125
0 0.4375 0.384765625 0.0375 0.046875
0 0.51015625 0.46875 0.0390625 0.046875
0 0.19296875 0.3876953125 0.0390625 0.044921875
0 0.3515625 0.427734375 0.0375 0.046875
0 0.1828125 0.4697265625 0.040625 0.048828125
0 0.18046875 0.5126953125 0.0390625 0.048828125
0 0.48671875 0.2587890625 0.0359375 0.048828125
0 0.56484375 0.2998046875 0.0390625 0.044921875
0 0.465625 0.5107421875 0.0375 0.048828125
0 0.3234375 0.3046875 0.0375 0.046875
0 0.33828125 0.5537109375 0.0390625 0.044921875
0 0.1890625 0.4296875 0.040625 0.046875
0 0.2359375 0.38671875 0.0375 0.046875
0 0.215625 0.552734375 0.0375 0.046875
0 0.51328125 0.4267578125 0.0390625 0.044921875
0 0.37890625 0.552734375 0.0359375 0.046875
0 0.22890625 0.4296875 0.0390625 0.046875
0 0.4 0.3447265625 0.0375 0.048828125
0 0.1984375 0.3466796875 0.0375 0.048828125
0 0.50234375 0.552734375 0.0390625 0.046875
0 0.403125 0.3046875 0.0375 0.046875
0 0.59609375 0.4248046875 0.0390625 0.048828125
0 0.56015625 0.341796875 0.0390625 0.046875
0 0.36640625 0.26171875 0.0359375 0.046875
0 0.17421875 0.5556640625 0.0390625 0.048828125
0 0.296875 0.5556640625 0.040625 0.048828125
0 0.31953125 0.3447265625 0.0390625 0.048828125
0 0.28828125 0.263671875 0.0390625 0.046875
0 0.3265625 0.26171875 0.0375 0.046875
0 0.28203125 0.3046875 0.0390625 0.046875
0 0.20546875 0.2568359375 0.0390625 0.048828125
0 0.24921875 0.26171875 0.0390625 0.046875
0 0.24296875 0.3046875 0.0390625 0.046875
0 0.20390625 0.3017578125 0.0390625 0.048828125
0 0.4078125 0.26171875 0.0375 0.046875
0 0.44609375 0.26171875 0.0390625 0.046875
0 0.51640625 0.384765625 0.0390625 0.046875
0 0.51953125 0.341796875 0.0390625 0.046875
0 0.5234375 0.298828125 0.0375 0.046875
0 0.5265625 0.2587890625 0.0375 0.048828125
0 0.5671875 0.2587890625 0.0375 0.048828125
0 0.6 0.3818359375 0.040625 0.048828125
0 0.5921875 0.4677734375 0.0375 0.048828125
0 0.5890625 0.5107421875 0.0375 0.048828125
0 0.4609375 0.552734375 0.040625 0.046875
0 0.54375 0.5537109375 0.040625 0.044921875
0 0.584375 0.552734375 0.0375 0.046875
0 0.603125 0.3369140625 0.0375 0.048828125
0 0.6046875 0.2998046875 0.0375 0.044921875
0 0.60859375 0.2568359375 0.0390625 0.048828125
