0 0.63125 0.521484375 0.0625 0.05859375
0 0.3640625 0.6298828125 0.0625 0.060546875
0 0.4953125 0.521484375 0.0625 0.05859375
0 0.228125 0.6318359375 0.0625 0.060546875
0 0.70078125 0.6220703125 0.0640625 0.056640625
0 0.8359375 0.515625 0.0625 0.05859375
0 0.4296875 0.576171875 0.0625 0.05859375
0 0.29453125 0.5791015625 0.0640625 0.056640625
0 0.4328125 0.73046875 0.0625 0.05859375
0 0.23125 0.734375 0.0625 0.05859375
0 0.3625 0.5244140625 0.065625 0.056640625
0 0.365625 0.6796875 0.065625 0.05859375
0 0.565625 0.576171875 0.0625 0.05859375
0 0.4953125 0.6259765625 0.0625 0.060546875
0 0.4265625 0.47265625 0.0625 0.05859375
0 0.7671875 0.5712890625 0.0625 0.060546875
0 0.49921875 0.6796875 0.0640625 0.05859375
0 0.7671875 0.466796875 0.0625 0.05859375
0 0.634375 0.5732421875 0.0625 0.056640625
0 0.8359375 0.619140625 0.0625 0.05859375
0 0.290625 0.4765625 0.0625 0.05859375
0 0.634375 0.6767578125 0.0625 0.056640625
0 0.5625 0.4716796875 0.0625 0.060546875
0 0.5671875 0.625 0.065625 0.05859375
0 0.3671875 0.7822265625 0.0625 0.056640625
0 0.23125 0.6826171875 0.0625 0.056640625
0 0.7671875 0.5185546875 0.0625 0.056640625
0 0.4953125 0.576171875 0.0625 0.05859375
0 0.90546875 0.4638671875 0.0640625 0.056640625
0 0.225 0.52734375 0.0625 0.05859375
0 0.29765625 0.734375 0.0640625 0.05859375
0 0.290625 0.52734375 0.0625 0.05859375
0 0.5640625 0.521484375 0.065625 0.05859375
0 0.70078125 0.5185546875 0.0640625 0.056640625
0 0.4296875 0.6279296875 0.0625 0.056640625
0 0.63125 0.4697265625 0.0625 0.056640625
0 0.56875 0.7275390625 0.0625 0.056640625
0 0.234375 0.78515625 0.0625 0.05859375
0 0.70078125 0.7255859375 0.0640625 0.060546875
0 0.225 0.5791015625 0.0625 0.056640625
0 0.8359375 0.7734375 0.0625 0.05859375
0 0.70234375 0.7744140625 0.0671875 0.060546875
0 0.90546875 0.5693359375 0.0640625 0.060546875
0 0.76875 0.6728515625 0.065625 0.056640625
0 0.4328125 0.7802734375 0.0625 0.060546875
0 0.50078125 0.779296875 0.0671875 0.05859375
0 0.56875 0.7783203125 0.0625 0.060546875
0 0.29765625 0.6826171875 0.0640625 0.056640625
0 0.90390625 0.7734375 0.0671875 0.05859375
0 0.634375 0.7763671875 0.0625 0.056640625
0 0.70078125 0.4677734375 0.0640625 0.060546875
0 0.4296875 0.5244140625 0.0625 0.056640625
0 0.49921875 0.73046875 0.0640625 0.05859375
0 0.3671875 0.73046875 0.0625 0.05859375
0 0.3640625 0.5791015625 0.0625 0.056640625
0 0.4953125 0.47265625 0.0625 0.05859375
0 0.29453125 0.630859375 0.0640625 0.05859375
0 0.9015625 0.669921875 0.0625 0.05859375
0 0.634375 0.625 0.0625 0.05859375
0 0.70078125 0.5732421875 0.0640625 0.056640625
0 0.8359375 0.4658203125 0.0625 0.060546875
0 0.70078125 0.6728515625 0.0640625 0.056640625
0 0.7671875 0.6220703125 0.0625 0.056640625
0 0.3609375 0.4765625 0.0625 0.05859375
0 0.4328125 0.6796875 0.0625 0.05859375
0 0.3015625 0.7841796875 0.0625 0.060546875
0 0.90390625 0.515625 0.0671875 0.05859375
0 0.8359375 0.7236328125 0.0625 0.060546875
0 0.3703125 0.8310546875 0.0625 0.056640625
0 0.7703125 0.7734375 0.0625 0.05859375
0 0.7703125 0.724609375 0.0625 0.05859375
0 0.5671875 0.6767578125 0.065625 0.056640625
0 0.8359375 0.6728515625 0.0625 0.056640625
0 0.634375 0.7275390625 0.0625 0.056640625
0 0.503125 0.828125 0.0625 0.05859375
0 0.8359375 0.5703125 0.0625 0.05859375
0 0.221875 0.4765625 0.0625 0.05859375
0 0.9015625 0.7216796875 0.0625 0.056640625
0 0.3015625 0.833984375 0.0625 0.05859375
0 0.634375 0.828125 0.0625 0.05859375
0 0.56875 0.828125 0.0625 0.05859375
0 0.4359375 0.8310546875 0.0625 0.056640625
0 0.90546875 0.619140625 0.0640625 0.05859375
0 0.8359375 0.8251953125 0.0625 0.056640625
0 0.9015625 0.822265625 0.0625 0.05859375
0 0.70234375 0.828125 0.0671875 0.05859375
0 0.7703125 0.8251953125 0.0625 0.056640625
0 0.234375 0.833984375 0.0625 0.05859375
