0 0.31796875 0.3525390625 0.0390625 0.048828125
0 0.44296875 0.7353515625 0.0390625 0.048828125
0 0.31953125 0.4619140625 0.0390625 0.048828125
0 0.73515625 0.4658203125 0.0390625 0.048828125
0 0.44296875 0.5166015625 0.0390625 0.048828125
0 0.69296875 0.4111328125 0.0390625 0.048828125
0 0.48515625 0.6806640625 0.0390625 0.048828125
0 0.60859375 0.5185546875 0.0390625 0.048828125
0 0.69296875 0.5205078125 0.0390625 0.048828125
0 0.48359375 0.4638671875 0.0390625 0.048828125
0 0.69296875 0.6298828125 0.0390625 0.048828125
0 0.60859375 0.4111328125 0.0390625 0.048828125
0 0.44296875 0.4091796875 0.0390625 0.048828125
0 0.31953125 0.7314453125 0.0390625 0.048828125
0 0.31953125 0.4072265625 0.0390625 0.048828125
0 0.56796875 0.6279296875 0.0390625 0.048828125
0 0.44296875 0.6259765625 0.0390625 0.048828125
0 0.73671875 0.5751953125 0.0390625 0.048828125
0 0.44296875 0.6806640625 0.0390625 0.048828125
0 0.61015625 0.6279296875 0.0390625 0.048828125
0 0.48359375 0.5732421875 0.0390625 0.048828125
0 0.69296875 0.5751953125 0.0390625 0.048828125
0 0.44140625 0.3544921875 0.0390625 0.048828125
0 0.48359375 0.3544921875 0.0390625 0.048828125
0 0.36015625 0.3544921875 0.0390625 0.048828125
0 0.31953125 0.6767578125 0.0390625 0.048828125
0 0.31953125 0.5693359375 0.0390625 0.048828125
0 0.56640625 0.4091796875 0.0390625 0.048828125
0 0.31953125 0.6240234375 0.0390625 0.048828125
0 0.40078125 0.4091796875 0.0390625 0.048828125
0 0.40234375 0.6787109375 0.0390625 0.048828125
0 0.48359375 0.4091796875 0.0390625 0.048828125
0 0.40234375 0.5166015625 0.0390625 0.048828125
0 0.40234375 0.6259765625 0.0390625 0.048828125
0 0.69296875 0.4658203125 0.0390625 0.048828125
0 0.56640625 0.5185546875 0.0390625 0.048828125
0 0.44296875 0.4638671875 0.0390625 0.048828125
0 0.48359375 0.5185546875 0.0390625 0.048828125
0 0.69453125 0.7392578125 0.0390625 0.048828125
0 0.56796875 0.6826171875 0.0390625 0.048828125
0 0.31953125 0.5166015625 0.0390625 0.048828125
0 0.73671875 0.6865234375 0.0390625 0.048828125
0 0.40234375 0.5712890625 0.0390625 0.048828125
0 0.69453125 0.6845703125 0.0390625 0.048828125
0 0.48515625 0.6259765625 0.0390625 0.048828125
0 0.65078125 0.6298828125 0.0390625 0.048828125
0 0.44296875 0.5712890625 0.0390625 0.048828125
0 0.56796875 0.5732421875 0.0390625 0.048828125
0 0.65078125 0.5205078125 0.0390625 0.048828125
0 0.52578125 0.4091796875 0.0390625 0.048828125
0 0.40078125 0.4638671875 0.0390625 0.048828125
0 0.52578125 0.5185546875 0.0390625 0.048828125
0 0.56640625 0.4638671875 0.0390625 0.048828125
0 0.65078125 0.3564453125 0.0390625 0.048828125
0 0.36015625 0.4091796875 0.0390625 0.048828125
0 0.52578125 0.6279296875 0.0390625 0.048828125
0 0.65078125 0.4658203125 0.0390625 0.048828125
0 0.65078125 0.6845703125 0.0390625 0.048828125
0 0.36171875 0.6240234375 0.0390625 0.048828125
0 0.60859375 0.3564453125 0.0390625 0.048828125
0 0.40078125 0.3544921875 0.0390625 0.048828125
0 0.65078125 0.4111328125 0.0390625 0.048828125
0 0.69296875 0.3564453125 0.0390625 0.048828125
0 0.61015625 0.7373046875 0.0390625 0.048828125
0 0.36171875 0.5712890625 0.0390625 0.048828125
0 0.36015625 0.5166015625 0.0390625 0.048828125
0 0.56640625 0.3564453125 0.0390625 0.048828125
0 0.73515625 0.4111328125 0.0390625 0.048828125
0 0.73515625 0.3564453125 0.0390625 0.048828125
0 0.65078125 0.5751953125 0.0390625 0.048828125
0 0.73671875 0.6318359375 0.0390625 0.048828125
0 0.36171875 0.7333984375 0.0390625 0.048828125
0 0.56796875 0.7373046875 0.0390625 0.048828125
0 0.61015625 0.5732421875 0.0390625 0.048828125
0 0.52734375 0.6806640625 0.0390625 0.048828125
0 0.52421875 0.3544921875 0.0390625 0.048828125
0 0.36171875 0.6787109375 0.0390625 0.048828125
0 0.65234375 0.7392578125 0.0390625 0.048828125
0 0.36015625 0.4619140625 0.0390625 0.048828125
0 0.60859375 0.4658203125 0.0390625 0.048828125
0 0.52578125 0.5732421875 0.0390625 0.048828125
0 0.40234375 0.7333984375 0.0390625 0.048828125
0 0.73515625 0.5205078125 0.0390625 0.048828125
0 0.61015625 0.6826171875 0.0390625 0.048828125
0 0.52578125 0.7373046875 0.0390625 0.048828125
0 0.52578125 0.4638671875 0.0390625 0.048828125
0 0.48515625 0.7353515625 0.0390625 0.048828125
0 0.73671875 0.7412109375 0.0390625 0.048828125
