0 0.6328125 0.50390625 0.05625 0.0625
0 0.578125 0.447265625 0.05625 0.0625
0 0.5421875 0.662109375 0.05625 0.0625
0 0.52421875 0.390625 0.0578125 0.0625
0 0.4859375 0.607421875 0.05625 0.0625
0 0.596875 0.71875 0.05625 0.0625
0 0.4265625 0.4814453125 0.05625 0.060546875
0 0.446875 0.822265625 0.05625 0.0625
0 0.50390625 0.87890625 0.0578125 0.0625
0 0.26796875 0.5166015625 0.0578125 0.060546875
0 0.38828125 0.69921875 0.0578125 0.0625
0 0.628125 0.4345703125 0.05625 0.060546875
0 0.1609375 0.541015625 0.05625 0.0625
0 0.28828125 0.79296875 0.0578125 0.0625
0 0.6875 0.55859375 0.05625 0.0625
0 0.6515625 0.7734375 0.05625 0.0625
0 0.225 0.669921875 0.05625 0.0625
0 0.37890625 0.5634765625 0.0578125 0.060546875
0 0.17265625 0.681640625 0.0578125 0.0625
0 0.3265625 0.5751953125 0.05625 0.060546875
0 0.4359375 0.6201171875 0.05625 0.060546875
0 0.6828125 0.4921875 0.05625 0.0625
0 0.215625 0.5283203125 0.05625 0.060546875
0 0.2296875 0.73828125 0.05625 0.0625
0 0.165625 0.6123046875 0.05625 0.060546875
0 0.490625 0.673828125 0.05625 0.0625
0 0.52890625 0.458984375 0.0578125 0.0625
0 0.4453125 0.755859375 0.05625 0.0625
0 0.3703125 0.4248046875 0.05625 0.060546875
0 0.396875 0.8369140625 0.05625 0.060546875
0 0.60625 0.8515625 0.05625 0.0625
0 0.42890625 0.55078125 0.0578125 0.0625
0 0.340625 0.7802734375 0.05625 0.060546875
0 0.3203125 0.505859375 0.05625 0.0625
0 0.45390625 0.8916015625 0.0578125 0.060546875
0 0.234375 0.8076171875 0.05625 0.060546875
0 0.2203125 0.59765625 0.05625 0.0625
0 0.15703125 0.4716796875 0.0578125 0.060546875
0 0.440625 0.6865234375 0.05625 0.060546875
0 0.4765625 0.4697265625 0.05625 0.060546875
0 0.17734375 0.7509765625 0.0578125 0.060546875
0 0.18125 0.8203125 0.05625 0.0625
0 0.59140625 0.6494140625 0.0546875 0.060546875
0 0.5984375 0.7841796875 0.05625 0.064453125
0 0.2796875 0.654296875 0.05625 0.0625
0 0.33125 0.64453125 0.05625 0.0625
0 0.35 0.9189453125 0.05625 0.060546875
0 0.3359375 0.7109375 0.05625 0.0625
0 0.3453125 0.849609375 0.05625 0.0625
0 0.6421875 0.63671875 0.05625 0.0625
0 0.546875 0.7314453125 0.05625 0.060546875
0 0.275 0.587890625 0.05625 0.0625
0 0.696875 0.6943359375 0.05625 0.060546875
0 0.6265625 0.3681640625 0.05625 0.060546875
0 0.26328125 0.447265625 0.0578125 0.0625
0 0.296875 0.931640625 0.05625 0.0625
0 0.6375 0.5703125 0.05625 0.0625
0 0.5328125 0.5263671875 0.05625 0.060546875
0 0.38359375 0.6298828125 0.0578125 0.060546875
0 0.2453125 0.9462890625 0.05625 0.060546875
0 0.57421875 0.3779296875 0.0578125 0.060546875
0 0.6921875 0.626953125 0.05625 0.0625
0 0.29296875 0.8623046875 0.0578125 0.060546875
0 0.68046875 0.4228515625 0.0578125 0.060546875
0 0.1859375 0.888671875 0.05625 0.0625
0 0.49453125 0.7431640625 0.0578125 0.060546875
0 0.5828125 0.513671875 0.05625 0.0625
0 0.70546875 0.8271484375 0.0578125 0.060546875
0 0.28125 0.7236328125 0.05625 0.060546875
0 0.375 0.494140625 0.05625 0.0625
0 0.3921875 0.767578125 0.05625 0.0625
0 0.4203125 0.4150390625 0.05625 0.060546875
0 0.240625 0.876953125 0.05625 0.0625
0 0.65546875 0.83984375 0.0578125 0.0625
0 0.6765625 0.35546875 0.05625 0.0625
0 0.4015625 0.90625 0.05625 0.0625
0 0.471875 0.40234375 0.05625 0.0625
0 0.5375 0.595703125 0.05625 0.0625
0 0.31796875 0.4345703125 0.0578125 0.060546875
0 0.48125 0.5390625 0.05625 0.0625
0 0.646875 0.7041015625 0.05625 0.060546875
0 0.5875 0.5830078125 0.05625 0.060546875
0 0.5546875 0.8642578125 0.053125 0.060546875
0 0.49921875 0.810546875 0.0578125 0.0625
0 0.7015625 0.7607421875 0.05625 0.060546875
0 0.2109375 0.458984375 0.05625 0.0625
0 0.5515625 0.7978515625 0.05625 0.060546875
0 0.190625 0.9580078125 0.05625 0.060546875
