0 0.4359375 0.5126953125 0.040625 0.048828125
0 0.25546875 0.50390625 0.0390625 0.046875
0 0.3453125 0.5068359375 0.040625 0.048828125
0 0.32890625 0.5517578125 0.0390625 0.048828125
0 0.37734375 0.306640625 0.0390625 0.05078125
0 0.621875 0.51953125 0.040625 0.05078125
0 0.3234375 0.328125 0.040625 0.046875
0 0.5453125 0.47265625 0.040625 0.05078125
0 0.5140625 0.78515625 0.040625 0.05078125
0 0.5109375 0.5595703125 0.040625 0.048828125
0 0.234375 0.435546875 0.040625 0.05078125
0 0.67578125 0.498046875 0.0390625 0.046875
0 0.4015625 0.599609375 0.040625 0.046875
0 0.45390625 0.4677734375 0.0390625 0.048828125
0 0.528125 0.517578125 0.040625 0.05078125
0 0.45078125 0.353515625 0.0390625 0.05078125
0 0.53046875 0.740234375 0.0390625 0.05078125
0 0.36015625 0.3505859375 0.0390625 0.048828125
0 0.41640625 0.443359375 0.0390625 0.046875
0 0.2890625 0.4150390625 0.040625 0.048828125
0 0.528125 0.62890625 0.040625 0.05078125
0 0.36328125 0.4638671875 0.0390625 0.048828125
0 0.3421875 0.3955078125 0.0375 0.048828125
0 0.546875 0.583984375 0.040625 0.05078125
0 0.471875 0.423828125 0.040625 0.046875
0 0.5484375 0.6962890625 0.040625 0.048828125
0 0.39765625 0.3759765625 0.0390625 0.048828125
0 0.30625 0.484375 0.040625 0.046875
0 0.58515625 0.609375 0.0390625 0.05078125
0 0.6390625 0.5888671875 0.040625 0.048828125
0 0.4546875 0.5791015625 0.0375 0.048828125
0 0.38125 0.5322265625 0.040625 0.048828125
0 0.6015625 0.453125 0.040625 0.05078125
0 0.346875 0.62109375 0.040625 0.046875
0 0.47421875 0.6484375 0.0390625 0.05078125
0 0.4171875 0.556640625 0.040625 0.05078125
0 0.49296875 0.7158203125 0.0390625 0.048828125
0 0.6578125 0.544921875 0.040625 0.05078125
0 0.43984375 0.7353515625 0.0390625 0.048828125
0 0.3796875 0.4208984375 0.040625 0.048828125
0 0.52578125 0.4033203125 0.0390625 0.048828125
0 0.56875 0.765625 0.040625 0.05078125
0 0.490625 0.4921875 0.040625 0.05078125
0 0.27265625 0.4609375 0.0390625 0.046875
0 0.2859375 0.3037109375 0.0375 0.048828125
0 0.26875 0.34765625 0.040625 0.046875
0 0.4203125 0.6689453125 0.040625 0.048828125
0 0.5625 0.427734375 0.040625 0.05078125
0 0.2375 0.546875 0.0375 0.05078125
0 0.56484375 0.5400390625 0.0390625 0.048828125
0 0.25 0.390625 0.040625 0.05078125
0 0.36328125 0.5771484375 0.0390625 0.048828125
0 0.32890625 0.6640625 0.0390625 0.05078125
0 0.275 0.572265625 0.040625 0.05078125
0 0.4375 0.6240234375 0.040625 0.048828125
0 0.29375 0.640625 0.0375 0.046875
0 0.45703125 0.69140625 0.0390625 0.046875
0 0.2203125 0.591796875 0.040625 0.05078125
0 0.603125 0.67578125 0.040625 0.05078125
0 0.3671875 0.6884765625 0.040625 0.048828125
0 0.621875 0.6328125 0.040625 0.046875
0 0.30390625 0.2568359375 0.0390625 0.048828125
0 0.63828125 0.4755859375 0.0390625 0.048828125
0 0.5671875 0.65234375 0.040625 0.046875
0 0.4140625 0.3310546875 0.040625 0.048828125
0 0.51171875 0.671875 0.0390625 0.046875
0 0.21796875 0.48046875 0.0390625 0.05078125
0 0.340625 0.28125 0.040625 0.05078125
0 0.184375 0.5673828125 0.040625 0.048828125
0 0.603125 0.564453125 0.040625 0.05078125
0 0.290625 0.52734375 0.040625 0.05078125
0 0.3109375 0.5966796875 0.040625 0.048828125
0 0.4328125 0.400390625 0.0375 0.05078125
0 0.325 0.4404296875 0.040625 0.048828125
0 0.2 0.5234375 0.040625 0.046875
0 0.25625 0.6162109375 0.040625 0.048828125
0 0.471875 0.537109375 0.040625 0.05078125
0 0.4921875 0.6044921875 0.040625 0.048828125
0 0.3984375 0.4873046875 0.0375 0.048828125
0 0.3828125 0.6435546875 0.040625 0.048828125
0 0.30625 0.37109375 0.040625 0.05078125
0 0.50703125 0.4482421875 0.0390625 0.048828125
0 0.5828125 0.4970703125 0.040625 0.048828125
0 0.4015625 0.712890625 0.040625 0.046875
0 0.58515625 0.720703125 0.0390625 0.05078125
0 0.48828125 0.3779296875 0.0390625 0.048828125
0 0.55 0.80859375 0.0375 0.046875
0 0.4765625 0.7578125 0.040625 0.05078125
