0 0.29375 0.4453125 0.04375 0.05859375
0 0.6203125 0.40625 0.04375 0.05859375
0 0.58125 0.798828125 0.04375 0.05859375
0 0.3109375 0.248046875 0.04375 0.05859375
0 0.53984375 0.626953125 0.0421875 0.05859375
0 0.5171875 0.4013671875 0.04375 0.056640625
0 0.4765625 0.5107421875 0.04375 0.056640625
0 0.4765625 0.37109375 0.04375 0.05859375
0 0.64140625 0.494140625 0.0421875 0.05859375
0 0.39375 0.310546875 0.04375 0.05859375
0 0.3734375 0.224609375 0.04375 0.05859375
0 0.6 0.603515625 0.04375 0.05859375
0 0.478125 0.65234375 0.04375 0.05859375
0 0.33359375 0.3359375 0.0421875 0.05859375
0 0.35625 0.5595703125 0.04375 0.056640625
0 0.515625 0.259765625 0.04375 0.05859375
0 0.56015625 0.712890625 0.0421875 0.05859375
0 0.43359375 0.19921875 0.0421875 0.05859375
0 0.6203125 0.689453125 0.04375 0.05859375
0 0.43671875 0.482421875 0.0421875 0.05859375
0 0.2546875 0.5546875 0.04375 0.05859375
0 0.703125 0.46875 0.04375 0.05859375
0 0.5796875 0.517578125 0.04375 0.05859375
0 0.51953125 0.6826171875 0.0421875 0.056640625
0 0.66171875 0.580078125 0.0421875 0.05859375
0 0.43515625 0.3408203125 0.0421875 0.056640625
0 0.5171875 0.54296875 0.04375 0.05859375
0 0.55859375 0.431640625 0.0421875 0.05859375
0 0.33671875 0.615234375 0.0421875 0.05859375
0 0.4984375 0.73828125 0.04375 0.05859375
0 0.35390625 0.419921875 0.0421875 0.05859375
0 0.396875 0.58984375 0.04375 0.05859375
0 0.53671875 0.345703125 0.0421875 0.05859375
0 0.496875 0.45703125 0.04375 0.05859375
0 0.6828125 0.3828125 0.04375 0.05859375
0 0.3765625 0.505859375 0.04375 0.05859375
0 0.43671875 0.623046875 0.0421875 0.05859375
0 0.55703125 0.2890625 0.0421875 0.05859375
0 0.55859375 0.57421875 0.0421875 0.05859375
0 0.275 0.4990234375 0.04375 0.056640625
0 0.45703125 0.56640625 0.0421875 0.05859375
0 0.684375 0.666015625 0.04375 0.05859375
0 0.3953125 0.4501953125 0.04375 0.056640625
0 0.35234375 0.138671875 0.0421875 0.05859375
0 0.4140625 0.396484375 0.04375 0.05859375
0 0.2546875 0.416015625 0.04375 0.05859375
0 0.64296875 0.775390625 0.0421875 0.05859375
0 0.45390625 0.28515625 0.0421875 0.05859375
0 0.72578125 0.5546875 0.0421875 0.05859375
0 0.5984375 0.3203125 0.04375 0.05859375
0 0.31640625 0.529296875 0.0421875 0.05859375
0 0.2921875 0.3037109375 0.04375 0.056640625
0 0.33203125 0.19140625 0.0421875 0.05859375
0 0.31484375 0.3896484375 0.0421875 0.056640625
0 0.4140625 0.2548828125 0.04375 0.056640625
0 0.41796875 0.67578125 0.0421875 0.05859375
0 0.7234375 0.4130859375 0.04375 0.056640625
0 0.6828125 0.5244140625 0.04375 0.056640625
0 0.6 0.4619140625 0.04375 0.056640625
0 0.2734375 0.359375 0.04375 0.05859375
0 0.76640625 0.443359375 0.0421875 0.05859375
0 0.64140625 0.6337890625 0.0421875 0.056640625
0 0.66171875 0.4384765625 0.0421875 0.056640625
0 0.57734375 0.3759765625 0.0421875 0.056640625
0 0.47421875 0.2294921875 0.0421875 0.056640625
0 0.3734375 0.3642578125 0.04375 0.056640625
0 0.4953125 0.3154296875 0.04375 0.056640625
0 0.23359375 0.46875 0.0421875 0.05859375
0 0.33515625 0.4755859375 0.0421875 0.056640625
0 0.6203125 0.5478515625 0.04375 0.056640625
0 0.35234375 0.2802734375 0.0421875 0.056640625
0 0.5796875 0.66015625 0.04375 0.05859375
0 0.53828125 0.4873046875 0.0421875 0.056640625
0 0.29609375 0.5849609375 0.0421875 0.056640625
0 0.6015625 0.74609375 0.04375 0.05859375
0 0.703125 0.611328125 0.04375 0.05859375
0 0.74453125 0.4990234375 0.0421875 0.056640625
0 0.66328125 0.720703125 0.0421875 0.05859375
0 0.63984375 0.3525390625 0.0421875 0.056640625
0 0.3765625 0.6455078125 0.04375 0.056640625
0 0.4984375 0.5966796875 0.04375 0.056640625
0 0.45546875 0.4267578125 0.0421875 0.056640625
0 0.62265625 0.83203125 0.0421875 0.05859375
0 0.3921875 0.1689453125 0.04375 0.056640625
0 0.41640625 0.5361328125 0.0421875 0.056640625
0 0.53984375 0.76953125 0.0421875 0.05859375
0 0.21484375 0.5244140625 0.0421875 0.056640625
0 0.45703125 0.7060546875 0.0421875 0.056640625
