0 0.63984375 0.4404296875 0.0609375 0.052734375
0 0.346875 0.58984375 0.059375 0.0546875
0 0.7171875 0.4677734375 0.059375 0.052734375
0 0.38984375 0.4365234375 0.0609375 0.052734375
0 0.61796875 0.51953125 0.0609375 0.0546875
0 0.44296875 0.541015625 0.0609375 0.0546875
0 0.53984375 0.4912109375 0.0609375 0.052734375
0 0.77578125 0.5771484375 0.0609375 0.052734375
0 0.41171875 0.3564453125 0.0609375 0.052734375
0 0.48671875 0.384765625 0.0609375 0.0546875
0 0.31484375 0.408203125 0.0609375 0.0546875
0 0.29296875 0.4853515625 0.0609375 0.052734375
0 0.51875 0.5703125 0.059375 0.0546875
0 0.36796875 0.5126953125 0.0609375 0.052734375
0 0.46796875 0.5947265625 0.0609375 0.052734375
0 0.41953125 0.6201171875 0.0609375 0.052734375
0 0.46484375 0.4638671875 0.0609375 0.052734375
0 0.56171875 0.4130859375 0.0609375 0.052734375
0 0.74140625 0.388671875 0.0609375 0.0546875
0 0.27109375 0.5615234375 0.0609375 0.052734375
0 0.58671875 0.3330078125 0.0609375 0.052734375
0 0.6953125 0.5498046875 0.059375 0.052734375
0 0.796875 0.498046875 0.059375 0.0546875
0 0.2984375 0.615234375 0.059375 0.0546875
0 0.50859375 0.3056640625 0.0609375 0.052734375
0 0.37109375 0.6435546875 0.0609375 0.052734375
0 0.67109375 0.6279296875 0.0609375 0.052734375
0 0.6640625 0.361328125 0.059375 0.0546875
0 0.71171875 0.1982421875 0.0609375 0.052734375
0 0.39765625 0.6962890625 0.0609375 0.052734375
0 0.5671875 0.544921875 0.059375 0.0546875
0 0.63203125 0.1708984375 0.0609375 0.052734375
0 0.24765625 0.5107421875 0.0609375 0.052734375
0 0.59375 0.5986328125 0.059375 0.052734375
0 0.47265625 0.7265625 0.0609375 0.0546875
0 0.24296875 0.3798828125 0.0609375 0.052734375
0 0.39296875 0.56640625 0.0609375 0.0546875
0 0.34921875 0.72265625 0.0609375 0.0546875
0 0.66171875 0.2265625 0.0609375 0.0546875
0 0.5453125 0.6240234375 0.059375 0.052734375
0 0.26640625 0.431640625 0.0609375 0.0546875
0 0.64453125 0.5751953125 0.0609375 0.052734375
0 0.6203125 0.6533203125 0.059375 0.052734375
0 0.22109375 0.45703125 0.0609375 0.0546875
0 0.7390625 0.2548828125 0.059375 0.052734375
0 0.571875 0.677734375 0.059375 0.0546875
0 0.82109375 0.4169921875 0.0609375 0.052734375
0 0.44609375 0.6728515625 0.0609375 0.052734375
0 0.49453125 0.6474609375 0.0609375 0.052734375
0 0.325 0.6689453125 0.059375 0.052734375
0 0.87734375 0.5263671875 0.0609375 0.052734375
0 0.43359375 0.2783203125 0.0609375 0.052734375
0 0.61015625 0.251953125 0.0609375 0.0546875
0 0.42421875 0.75 0.0609375 0.0546875
0 0.68515625 0.2802734375 0.0609375 0.052734375
0 0.76796875 0.3076171875 0.0609375 0.052734375
0 0.721875 0.6025390625 0.059375 0.052734375
0 0.33671875 0.3291015625 0.0609375 0.052734375
0 0.49140625 0.5166015625 0.0609375 0.052734375
0 0.36328125 0.3828125 0.0609375 0.0546875
0 0.59140625 0.4658203125 0.0609375 0.052734375
0 0.58359375 0.1982421875 0.0609375 0.052734375
0 0.34140625 0.4599609375 0.0609375 0.052734375
0 0.37578125 0.7763671875 0.0609375 0.052734375
0 0.53359375 0.224609375 0.0609375 0.0546875
0 0.52109375 0.703125 0.0609375 0.0546875
0 0.79453125 0.36328125 0.0609375 0.0546875
0 0.41640625 0.4873046875 0.0609375 0.052734375
0 0.56015625 0.2802734375 0.0609375 0.052734375
0 0.66640625 0.4931640625 0.0609375 0.052734375
0 0.74609375 0.5234375 0.0609375 0.0546875
0 0.51328125 0.4384765625 0.0609375 0.052734375
0 0.48203125 0.251953125 0.0609375 0.0546875
0 0.28828125 0.3544921875 0.0609375 0.052734375
0 0.31953125 0.5380859375 0.0609375 0.052734375
0 0.46015625 0.3310546875 0.0609375 0.052734375
0 0.53515625 0.359375 0.0609375 0.0546875
0 0.38515625 0.3037109375 0.0609375 0.052734375
0 0.43828125 0.41015625 0.0609375 0.0546875
0 0.7703125 0.4423828125 0.059375 0.052734375
0 0.63671875 0.3056640625 0.0609375 0.052734375
0 0.61328125 0.38671875 0.0609375 0.0546875
0 0.690625 0.4150390625 0.059375 0.052734375
0 0.84765625 0.47265625 0.0609375 0.0546875
0 0.71484375 0.3349609375 0.0609375 0.052734375
0 0.19453125 0.4033203125 0.0609375 0.052734375
0 0.82578125 0.5537109375 0.0609375 0.052734375
0 0.68515625 0.1455078125 0.0609375 0.052734375
