0 0.56953125 0.3603515625 0.0390625 0.048828125
0 0.48046875 0.5244140625 0.0390625 0.048828125
0 0.32109375 0.4716796875 0.0390625 0.048828125
0 0.59296875 0.6279296875 0.0390625 0.048828125
0 0.40859375 0.3603515625 0.0390625 0.048828125
0 0.55390625 0.6298828125 0.0390625 0.048828125
0 0.60859375 0.3583984375 0.0390625 0.048828125
0 0.26953125 0.6923828125 0.0390625 0.048828125
0 0.43203125 0.6865234375 0.0390625 0.048828125
0 0.63203125 0.6259765625 0.0390625 0.048828125
0 0.32734375 0.3623046875 0.0390625 0.048828125
0 0.44609375 0.4150390625 0.0390625 0.048828125
0 0.44296875 0.4697265625 0.0390625 0.048828125
0 0.39140625 0.6884765625 0.0390625 0.048828125
0 0.28046875 0.4736328125 0.0390625 0.048828125
0 0.31484375 0.5830078125 0.0390625 0.048828125
0 0.51796875 0.5771484375 0.0390625 0.048828125
0 0.31015625 0.6923828125 0.0390625 0.048828125
0 0.39765625 0.5810546875 0.0390625 0.048828125
0 0.48359375 0.4697265625 0.0390625 0.048828125
0 0.40546875 0.4169921875 0.0390625 0.048828125
0 0.63046875 0.6806640625 0.0390625 0.048828125
0 0.35703125 0.5810546875 0.0390625 0.048828125
0 0.48984375 0.3603515625 0.0390625 0.048828125
0 0.39453125 0.6337890625 0.0390625 0.048828125
0 0.24453125 0.3642578125 0.0390625 0.048828125
0 0.59921875 0.5205078125 0.0390625 0.048828125
0 0.56640625 0.4130859375 0.0390625 0.048828125
0 0.23828125 0.4736328125 0.0390625 0.048828125
0 0.64453125 0.4111328125 0.0390625 0.048828125
0 0.60546875 0.4130859375 0.0390625 0.048828125
0 0.27421875 0.5830078125 0.0390625 0.048828125
0 0.31796875 0.5283203125 0.0390625 0.048828125
0 0.51953125 0.5224609375 0.0390625 0.048828125
0 0.51484375 0.6298828125 0.0390625 0.048828125
0 0.27734375 0.5283203125 0.0390625 0.048828125
0 0.43984375 0.5244140625 0.0390625 0.048828125
0 0.47734375 0.5771484375 0.0390625 0.048828125
0 0.35390625 0.6357421875 0.0390625 0.048828125
0 0.40234375 0.4716796875 0.0390625 0.048828125
0 0.47109375 0.6865234375 0.0390625 0.048828125
0 0.52578125 0.4150390625 0.0390625 0.048828125
0 0.55703125 0.5751953125 0.0390625 0.048828125
0 0.35078125 0.6904296875 0.0390625 0.048828125
0 0.52890625 0.3603515625 0.0390625 0.048828125
0 0.64296875 0.4677734375 0.0390625 0.048828125
0 0.47421875 0.6318359375 0.0390625 0.048828125
0 0.36796875 0.3623046875 0.0390625 0.048828125
0 0.36015625 0.5263671875 0.0390625 0.048828125
0 0.40078125 0.5244140625 0.0390625 0.048828125
0 0.44921875 0.3603515625 0.0390625 0.048828125
0 0.58984375 0.6826171875 0.0390625 0.048828125
0 0.63828125 0.5185546875 0.0390625 0.048828125
0 0.23359375 0.5849609375 0.0390625 0.048828125
0 0.28359375 0.4189453125 0.0390625 0.048828125
0 0.56015625 0.5224609375 0.0390625 0.048828125
0 0.60234375 0.4658203125 0.0390625 0.048828125
0 0.52265625 0.4677734375 0.0390625 0.048828125
0 0.54921875 0.7373046875 0.0390625 0.048828125
0 0.63515625 0.5732421875 0.0390625 0.048828125
0 0.24140625 0.4189453125 0.0390625 0.048828125
0 0.26640625 0.7470703125 0.0390625 0.048828125
0 0.36484375 0.4169921875 0.0390625 0.048828125
0 0.23046875 0.6396484375 0.0390625 0.048828125
0 0.64921875 0.3583984375 0.0390625 0.048828125
0 0.55078125 0.6826171875 0.0390625 0.048828125
0 0.59609375 0.5751953125 0.0390625 0.048828125
0 0.30703125 0.7451171875 0.0390625 0.048828125
0 0.56328125 0.4677734375 0.0390625 0.048828125
0 0.43515625 0.6337890625 0.0390625 0.048828125
0 0.36328125 0.4716796875 0.0390625 0.048828125
0 0.48671875 0.4150390625 0.0390625 0.048828125
0 0.38828125 0.7431640625 0.0390625 0.048828125
0 0.23671875 0.5283203125 0.0390625 0.048828125
0 0.28515625 0.3623046875 0.0390625 0.048828125
0 0.50859375 0.7392578125 0.0390625 0.048828125
0 0.27265625 0.6376953125 0.0390625 0.048828125
0 0.62734375 0.7353515625 0.0390625 0.048828125
0 0.46796875 0.7412109375 0.0390625 0.048828125
0 0.43671875 0.5791015625 0.0390625 0.048828125
0 0.51171875 0.6845703125 0.0390625 0.048828125
0 0.42890625 0.7412109375 0.0390625 0.048828125
0 0.22734375 0.6943359375 0.0390625 0.048828125
0 0.31328125 0.6376953125 0.0390625 0.048828125
0 0.58828125 0.7353515625 0.0390625 0.048828125
0 0.32421875 0.4169921875 0.0390625 0.048828125
0 0.34765625 0.7451171875 0.0390625 0.048828125
0 0.22421875 0.7490234375 0.0390625 0.048828125
