0 0.63515625 0.2197265625 0.0390625 0.048828125
0 0.68984375 0.5498046875 0.0390625 0.048828125
0 0.33828125 0.4267578125 0.0390625 0.048828125
0 0.69921875 0.4287109375 0.0390625 0.048828125
0 0.48515625 0.4716796875 0.0390625 0.048828125
0 0.43828125 0.3173828125 0.0390625 0.048828125
0 0.50078125 0.5224609375 0.0390625 0.048828125
0 0.31484375 0.4951171875 0.0390625 0.048828125
0 0.58671875 0.3623046875 0.0390625 0.048828125
0 0.37890625 0.7001953125 0.0390625 0.048828125
0 0.65078125 0.2724609375 0.0390625 0.048828125
0 0.36953125 0.5283203125 0.0390625 0.048828125
0 0.61953125 0.4658203125 0.0390625 0.048828125
0 0.26796875 0.3427734375 0.0390625 0.048828125
0 0.42109375 0.2666015625 0.0390625 0.048828125
0 0.53828125 0.2060546875 0.0390625 0.048828125
0 0.51640625 0.2783203125 0.0390625 0.048828125
0 0.29921875 0.4443359375 0.0390625 0.048828125
0 0.34609375 0.5966796875 0.0390625 0.048828125
0 0.53984375 0.5048828125 0.0390625 0.048828125
0 0.30703125 0.6142578125 0.0390625 0.048828125
0 0.60234375 0.4150390625 0.0390625 0.048828125
0 0.40078125 0.6318359375 0.0390625 0.048828125
0 0.43984375 0.6123046875 0.0390625 0.048828125
0 0.63515625 0.5185546875 0.0390625 0.048828125
0 0.47734375 0.2958984375 0.0390625 0.048828125
0 0.39921875 0.3369140625 0.0390625 0.048828125
0 0.41484375 0.3876953125 0.0390625 0.048828125
0 0.57890625 0.1865234375 0.0390625 0.048828125
0 0.71484375 0.4794921875 0.0390625 0.048828125
0 0.37578125 0.4072265625 0.0390625 0.048828125
0 0.53359375 0.6259765625 0.0390625 0.048828125
0 0.28359375 0.3935546875 0.0390625 0.048828125
0 0.38515625 0.5771484375 0.0390625 0.048828125
0 0.32265625 0.3759765625 0.0390625 0.048828125
0 0.59609375 0.5361328125 0.0390625 0.048828125
0 0.33046875 0.5478515625 0.0390625 0.048828125
0 0.49921875 0.2275390625 0.0390625 0.048828125
0 0.46953125 0.4208984375 0.0390625 0.048828125
0 0.55703125 0.5556640625 0.0390625 0.048828125
0 0.66640625 0.3232421875 0.0390625 0.048828125
0 0.61796875 0.1669921875 0.0390625 0.048828125
0 0.52421875 0.4521484375 0.0390625 0.048828125
0 0.34453125 0.3056640625 0.0390625 0.048828125
0 0.45546875 0.6630859375 0.0390625 0.048828125
0 0.57109375 0.3115234375 0.0390625 0.048828125
0 0.54765625 0.3818359375 0.0390625 0.048828125
0 0.61015625 0.2919921875 0.0390625 0.048828125
0 0.30546875 0.3251953125 0.0390625 0.048828125
0 0.36328125 0.6494140625 0.0390625 0.048828125
0 0.51796875 0.5751953125 0.0390625 0.048828125
0 0.44609375 0.4912109375 0.0390625 0.048828125
0 0.65859375 0.4482421875 0.0390625 0.048828125
0 0.46015625 0.2451171875 0.0390625 0.048828125
0 0.61171875 0.5888671875 0.0390625 0.048828125
0 0.55546875 0.2587890625 0.0390625 0.048828125
0 0.47890625 0.5927734375 0.0390625 0.048828125
0 0.62734375 0.3427734375 0.0390625 0.048828125
0 0.26015625 0.4638671875 0.0390625 0.048828125
0 0.42421875 0.5595703125 0.0390625 0.048828125
0 0.73203125 0.5302734375 0.0390625 0.048828125
0 0.33984375 0.7177734375 0.0390625 0.048828125
0 0.50859375 0.4013671875 0.0390625 0.048828125
0 0.43046875 0.4404296875 0.0390625 0.048828125
0 0.27734375 0.5146484375 0.0390625 0.048828125
0 0.53203125 0.3310546875 0.0390625 0.048828125
0 0.46328125 0.5419921875 0.0390625 0.048828125
0 0.40859375 0.5107421875 0.0390625 0.048828125
0 0.36015625 0.3564453125 0.0390625 0.048828125
0 0.32265625 0.6650390625 0.0390625 0.048828125
0 0.57890625 0.4853515625 0.0390625 0.048828125
0 0.24453125 0.4130859375 0.0390625 0.048828125
0 0.39140625 0.4580078125 0.0390625 0.048828125
0 0.67578125 0.4990234375 0.0390625 0.048828125
0 0.68203125 0.3759765625 0.0390625 0.048828125
0 0.35390625 0.4775390625 0.0390625 0.048828125
0 0.49453125 0.6435546875 0.0390625 0.048828125
0 0.65078125 0.5693359375 0.0390625 0.048828125
0 0.49296875 0.3505859375 0.0390625 0.048828125
0 0.29296875 0.5634765625 0.0390625 0.048828125
0 0.64296875 0.3955078125 0.0390625 0.048828125
0 0.59453125 0.2392578125 0.0390625 0.048828125
0 0.56328125 0.4345703125 0.0390625 0.048828125
0 0.38359375 0.2861328125 0.0390625 0.048828125
0 0.45390625 0.3681640625 0.0390625 0.048828125
0 0.57109375 0.6044921875 0.0390625 0.048828125
0 0.22890625 0.3603515625 0.0390625 0.048828125
0 0.41640625 0.6826171875 0.0390625 0.048828125
