0 0.61328125 0.5478515625 0.0390625 0.048828125
0 0.42578125 0.5185546875 0.0390625 0.048828125
0 0.51015625 0.4599609375 0.0390625 0.048828125
0 0.51640625 0.2705078125 0.0390625 0.048828125
0 0.61015625 0.2841796875 0.0390625 0.048828125
0 0.41640625 0.4443359375 0.0390625 0.048828125
0 0.57578125 0.2548828125 0.0390625 0.048828125
0 0.52578125 0.3427734375 0.0390625 0.048828125
0 0.63828125 0.5048828125 0.0390625 0.048828125
0 0.55078125 0.2998046875 0.0390625 0.048828125
0 0.56953125 0.4462890625 0.0390625 0.048828125
0 0.66484375 0.4599609375 0.0390625 0.048828125
0 0.60390625 0.4755859375 0.0390625 0.048828125
0 0.62890625 0.4306640625 0.0390625 0.048828125
0 0.46953125 0.6201171875 0.0390625 0.048828125
0 0.63515625 0.2412109375 0.0390625 0.048828125
0 0.40859375 0.6357421875 0.0390625 0.048828125
0 0.52890625 0.6064453125 0.0390625 0.048828125
0 0.37421875 0.6064453125 0.0390625 0.048828125
0 0.71484375 0.3720703125 0.0390625 0.048828125
0 0.51328125 0.7255859375 0.0390625 0.048828125
0 0.47734375 0.6943359375 0.0390625 0.048828125
0 0.45078125 0.4736328125 0.0390625 0.048828125
0 0.67421875 0.5341796875 0.0390625 0.048828125
0 0.57890625 0.5185546875 0.0390625 0.048828125
0 0.45859375 0.5478515625 0.0390625 0.048828125
0 0.41796875 0.7099609375 0.0390625 0.048828125
0 0.77578125 0.3583984375 0.0390625 0.048828125
0 0.47578125 0.4306640625 0.0390625 0.048828125
0 0.56328125 0.6357421875 0.0390625 0.048828125
0 0.56640625 0.1826171875 0.0390625 0.048828125
0 0.69921875 0.4892578125 0.0390625 0.048828125
0 0.39140625 0.4892578125 0.0390625 0.048828125
0 0.54140625 0.2275390625 0.0390625 0.048828125
0 0.44140625 0.4013671875 0.0390625 0.048828125
0 0.48515625 0.5029296875 0.0390625 0.048828125
0 0.55390625 0.5634765625 0.0390625 0.048828125
0 0.54765625 0.7548828125 0.0390625 0.048828125
0 0.76015625 0.4755859375 0.0390625 0.048828125
0 0.66953125 0.2705078125 0.0390625 0.048828125
0 0.73984375 0.3291015625 0.0390625 0.048828125
0 0.34921875 0.6494140625 0.0390625 0.048828125
0 0.68984375 0.4169921875 0.0390625 0.048828125
0 0.58515625 0.3291015625 0.0390625 0.048828125
0 0.64921875 0.5791015625 0.0390625 0.048828125
0 0.36640625 0.5322265625 0.0390625 0.048828125
0 0.49140625 0.3134765625 0.0390625 0.048828125
0 0.68046875 0.3427734375 0.0390625 0.048828125
0 0.40078125 0.5615234375 0.0390625 0.048828125
0 0.72421875 0.4462890625 0.0390625 0.048828125
0 0.45234375 0.7392578125 0.0390625 0.048828125
0 0.50234375 0.6513671875 0.0390625 0.048828125
0 0.70546875 0.2998046875 0.0390625 0.048828125
0 0.65390625 0.3876953125 0.0390625 0.048828125
0 0.60078125 0.2119140625 0.0390625 0.048828125
0 0.53515625 0.4169921875 0.0390625 0.048828125
0 0.59453125 0.4013671875 0.0390625 0.048828125
0 0.61953125 0.3583984375 0.0390625 0.048828125
0 0.43515625 0.5908203125 0.0390625 0.048828125
0 0.73359375 0.5205078125 0.0390625 0.048828125
0 0.44296875 0.6650390625 0.0390625 0.048828125
0 0.74921875 0.4013671875 0.0390625 0.048828125
0 0.34140625 0.5751953125 0.0390625 0.048828125
0 0.58828125 0.5927734375 0.0390625 0.048828125
0 0.62265625 0.6220703125 0.0390625 0.048828125
0 0.50078125 0.3857421875 0.0390625 0.048828125
0 0.64453125 0.3134765625 0.0390625 0.048828125
0 0.60703125 0.7412109375 0.0390625 0.048828125
0 0.56015625 0.3720703125 0.0390625 0.048828125
0 0.59765625 0.6669921875 0.0390625 0.048828125
0 0.48671875 0.7685546875 0.0390625 0.048828125
0 0.53828125 0.6806640625 0.0390625 0.048828125
0 0.65859375 0.6533203125 0.0390625 0.048828125
0 0.51953125 0.5322265625 0.0390625 0.048828125
0 0.57265625 0.7119140625 0.0390625 0.048828125
0 0.46640625 0.3583984375 0.0390625 0.048828125
0 0.49453125 0.5771484375 0.0390625 0.048828125
0 0.54453125 0.4892578125 0.0390625 0.048828125
0 0.81015625 0.3876953125 0.0390625 0.048828125
0 0.52265625 0.7998046875 0.0390625 0.048828125
0 0.68359375 0.6083984375 0.0390625 0.048828125
0 0.55703125 0.8310546875 0.0390625 0.048828125
0 0.63359375 0.6962890625 0.0390625 0.048828125
0 0.78515625 0.4306640625 0.0390625 0.048828125
0 0.58203125 0.7861328125 0.0390625 0.048828125
0 0.31640625 0.6201171875 0.0390625 0.048828125
0 0.70859375 0.5634765625 0.0390625 0.048828125
0 0.38359375 0.6787109375 0.0390625 0.048828125
