0 0.62265625 0.1943359375 0.0390625 0.048828125
0 0.68828125 0.3974609375 0.0390625 0.048828125
0 0.33359375 0.4599609375 0.0390625 0.048828125
0 0.43828125 0.6416015625 0.0390625 0.048828125
0 0.46328125 0.5712890625 0.0390625 0.048828125
0 0.57421875 0.3369140625 0.0390625 0.048828125
0 0.35078125 0.5107421875 0.0390625 0.048828125
0 0.32578125 0.2900390625 0.0390625 0.048828125
0 0.43828125 0.3486328125 0.0390625 0.048828125
0 0.22109375 0.4013671875 0.0390625 0.048828125
0 0.48515625 0.2060546875 0.0390625 0.048828125
0 0.59140625 0.3876953125 0.0390625 0.048828125
0 0.50234375 0.2568359375 0.0390625 0.048828125
0 0.28671875 0.6025390625 0.0390625 0.048828125
0 0.26171875 0.3818359375 0.0390625 0.048828125
0 0.43046875 0.4697265625 0.0390625 0.048828125
0 0.56640625 0.1650390625 0.0390625 0.048828125
0 0.27734375 0.4306640625 0.0390625 0.048828125
0 0.24453125 0.3310546875 0.0390625 0.048828125
0 0.44609375 0.5205078125 0.0390625 0.048828125
0 0.59921875 0.5595703125 0.0390625 0.048828125
0 0.38984375 0.4912109375 0.0390625 0.048828125
0 0.51015625 0.4287109375 0.0390625 0.048828125
0 0.54296875 0.5302734375 0.0390625 0.048828125
0 0.60703125 0.4384765625 0.0390625 0.048828125
0 0.54140625 0.2373046875 0.0390625 0.048828125
0 0.39765625 0.3701171875 0.0390625 0.048828125
0 0.29296875 0.4814453125 0.0390625 0.048828125
0 0.31015625 0.5322265625 0.0390625 0.048828125
0 0.64765625 0.4169921875 0.0390625 0.048828125
0 0.68046875 0.5185546875 0.0390625 0.048828125
0 0.58359375 0.5087890625 0.0390625 0.048828125
0 0.47734375 0.3291015625 0.0390625 0.048828125
0 0.49453125 0.3779296875 0.0390625 0.048828125
0 0.63203125 0.3681640625 0.0390625 0.048828125
0 0.63984375 0.2451171875 0.0390625 0.048828125
0 0.38203125 0.6103515625 0.0390625 0.048828125
0 0.52578125 0.1865234375 0.0390625 0.048828125
0 0.46171875 0.2783203125 0.0390625 0.048828125
0 0.35703125 0.3896484375 0.0390625 0.048828125
0 0.30234375 0.6533203125 0.0390625 0.048828125
0 0.23671875 0.4521484375 0.0390625 0.048828125
0 0.35859375 0.6826171875 0.0390625 0.048828125
0 0.46953125 0.4501953125 0.0390625 0.048828125
0 0.59765625 0.2666015625 0.0390625 0.048828125
0 0.34296875 0.6318359375 0.0390625 0.048828125
0 0.65546875 0.2958984375 0.0390625 0.048828125
0 0.38203125 0.3193359375 0.0390625 0.048828125
0 0.58203125 0.2158203125 0.0390625 0.048828125
0 0.32578125 0.5810546875 0.0390625 0.048828125
0 0.40546875 0.2490234375 0.0390625 0.048828125
0 0.26953125 0.5517578125 0.0390625 0.048828125
0 0.42109375 0.2998046875 0.0390625 0.048828125
0 0.48671875 0.4990234375 0.0390625 0.048828125
0 0.42265625 0.5908203125 0.0390625 0.048828125
0 0.28515625 0.3095703125 0.0390625 0.048828125
0 0.31796875 0.4111328125 0.0390625 0.048828125
0 0.61484375 0.3173828125 0.0390625 0.048828125
0 0.72109375 0.4990234375 0.0390625 0.048828125
0 0.41328125 0.4208984375 0.0390625 0.048828125
0 0.52734375 0.4794921875 0.0390625 0.048828125
0 0.34140625 0.3388671875 0.0390625 0.048828125
0 0.37421875 0.4404296875 0.0390625 0.048828125
0 0.25390625 0.5029296875 0.0390625 0.048828125
0 0.50234375 0.5498046875 0.0390625 0.048828125
0 0.53515625 0.3583984375 0.0390625 0.048828125
0 0.62421875 0.4892578125 0.0390625 0.048828125
0 0.63984375 0.5380859375 0.0390625 0.048828125
0 0.70546875 0.4482421875 0.0390625 0.048828125
0 0.55078125 0.4091796875 0.0390625 0.048828125
0 0.55859375 0.2861328125 0.0390625 0.048828125
0 0.36484375 0.2685546875 0.0390625 0.048828125
0 0.36640625 0.5615234375 0.0390625 0.048828125
0 0.56640625 0.4580078125 0.0390625 0.048828125
0 0.51953125 0.6005859375 0.0390625 0.048828125
0 0.30078125 0.3603515625 0.0390625 0.048828125
0 0.44609375 0.2275390625 0.0390625 0.048828125
0 0.45390625 0.3994140625 0.0390625 0.048828125
0 0.47890625 0.6220703125 0.0390625 0.048828125
0 0.51796875 0.3076171875 0.0390625 0.048828125
0 0.39921875 0.6611328125 0.0390625 0.048828125
0 0.67109375 0.3466796875 0.0390625 0.048828125
0 0.40703125 0.5400390625 0.0390625 0.048828125
0 0.66484375 0.4677734375 0.0390625 0.048828125
0 0.60703125 0.1455078125 0.0390625 0.048828125
0 0.56015625 0.5810546875 0.0390625 0.048828125
0 0.20546875 0.3525390625 0.0390625 0.048828125
0 0.31953125 0.7041015625 0.0390625 0.048828125
