0 0.64140625 0.4033203125 0.0421875 0.048828125
0 0.64296875 0.51171875 0.0390625 0.05078125
0 0.684375 0.3486328125 0.040625 0.048828125
0 0.25625 0.4677734375 0.040625 0.048828125
0 0.68828125 0.673828125 0.0390625 0.05078125
0 0.640625 0.3505859375 0.040625 0.052734375
0 0.64296875 0.619140625 0.0390625 0.05078125
0 0.5546875 0.40625 0.040625 0.05078125
0 0.68671875 0.564453125 0.0390625 0.05078125
0 0.64140625 0.4580078125 0.0421875 0.048828125
0 0.68515625 0.45703125 0.0421875 0.05078125
0 0.42578125 0.3564453125 0.0390625 0.048828125
0 0.34140625 0.4658203125 0.0421875 0.048828125
0 0.5546875 0.5126953125 0.040625 0.048828125
0 0.46953125 0.4072265625 0.0390625 0.052734375
0 0.51484375 0.677734375 0.0390625 0.05078125
0 0.38515625 0.4111328125 0.0421875 0.048828125
0 0.55390625 0.3525390625 0.0421875 0.052734375
0 0.5546875 0.4609375 0.040625 0.05078125
0 0.51328125 0.4609375 0.0390625 0.05078125
0 0.59765625 0.3505859375 0.0421875 0.052734375
0 0.51171875 0.3525390625 0.0421875 0.052734375
0 0.34140625 0.3583984375 0.0421875 0.048828125
0 0.296875 0.4130859375 0.040625 0.048828125
0 0.42734375 0.6240234375 0.0390625 0.048828125
0 0.4265625 0.5166015625 0.040625 0.052734375
0 0.4296875 0.6787109375 0.040625 0.048828125
0 0.4703125 0.5146484375 0.040625 0.048828125
0 0.64453125 0.673828125 0.0390625 0.05078125
0 0.4265625 0.4638671875 0.040625 0.052734375
0 0.34296875 0.681640625 0.0421875 0.05078125
0 0.42734375 0.5693359375 0.0390625 0.048828125
0 0.5140625 0.5673828125 0.040625 0.048828125
0 0.5578125 0.6201171875 0.040625 0.052734375
0 0.64296875 0.5654296875 0.0390625 0.052734375
0 0.5984375 0.5654296875 0.040625 0.052734375
0 0.5578125 0.6748046875 0.040625 0.052734375
0 0.38515625 0.5185546875 0.0421875 0.052734375
0 0.4265625 0.4091796875 0.040625 0.052734375
0 0.60234375 0.673828125 0.0421875 0.05078125
0 0.3421875 0.5185546875 0.040625 0.052734375
0 0.47109375 0.6240234375 0.0390625 0.048828125
0 0.25703125 0.5751953125 0.0421875 0.048828125
0 0.47109375 0.677734375 0.0390625 0.05078125
0 0.34296875 0.626953125 0.0421875 0.05078125
0 0.55546875 0.5673828125 0.0421875 0.048828125
0 0.3421875 0.5732421875 0.040625 0.052734375
0 0.34140625 0.4130859375 0.0421875 0.048828125
0 0.25546875 0.4130859375 0.0421875 0.048828125
0 0.3859375 0.6240234375 0.040625 0.048828125
0 0.29765625 0.5205078125 0.0390625 0.048828125
0 0.25546875 0.3603515625 0.0421875 0.052734375
0 0.5984375 0.4580078125 0.040625 0.048828125
0 0.29921875 0.6279296875 0.0421875 0.052734375
0 0.46953125 0.4619140625 0.0390625 0.052734375
0 0.684375 0.4033203125 0.040625 0.048828125
0 0.51328125 0.5146484375 0.0390625 0.048828125
0 0.4703125 0.5693359375 0.040625 0.048828125
0 0.5109375 0.4072265625 0.040625 0.052734375
0 0.59765625 0.4033203125 0.0421875 0.048828125
0 0.55859375 0.7314453125 0.0390625 0.048828125
0 0.3859375 0.5712890625 0.040625 0.052734375
0 0.5140625 0.623046875 0.040625 0.05078125
0 0.5984375 0.5126953125 0.040625 0.048828125
0 0.38515625 0.4638671875 0.0421875 0.052734375
0 0.60078125 0.6201171875 0.0390625 0.052734375
0 0.38671875 0.6787109375 0.0421875 0.048828125
0 0.3828125 0.3564453125 0.040625 0.048828125
0 0.46953125 0.3544921875 0.0390625 0.052734375
0 0.64609375 0.728515625 0.0421875 0.05078125
0 0.25703125 0.6826171875 0.0421875 0.052734375
0 0.25703125 0.6279296875 0.0421875 0.052734375
0 0.68828125 0.619140625 0.0390625 0.05078125
0 0.29765625 0.4677734375 0.0390625 0.048828125
0 0.47109375 0.732421875 0.0390625 0.05078125
0 0.38515625 0.7333984375 0.0421875 0.048828125
0 0.29921875 0.681640625 0.0421875 0.05078125
0 0.3 0.736328125 0.040625 0.05078125
0 0.68515625 0.51171875 0.0421875 0.05078125
0 0.29921875 0.5732421875 0.0421875 0.052734375
0 0.25625 0.5224609375 0.040625 0.048828125
0 0.296875 0.3583984375 0.040625 0.048828125
0 0.34296875 0.7353515625 0.0421875 0.052734375
0 0.68828125 0.7275390625 0.0390625 0.052734375
0 0.4296875 0.732421875 0.040625 0.05078125
0 0.25625 0.736328125 0.040625 0.05078125
0 0.51484375 0.7314453125 0.0390625 0.048828125
0 0.60234375 0.728515625 0.0421875 0.05078125
