0 0.29453125 0.3583984375 0.0390625 0.048828125
0 0.26640625 0.7451171875 0.0390625 0.048828125
0 0.63828125 0.6826171875 0.0390625 0.048828125
0 0.34296875 0.5224609375 0.0390625 0.048828125
0 0.42109375 0.4130859375 0.0390625 0.048828125
0 0.21328125 0.4697265625 0.0390625 0.048828125
0 0.39140625 0.6865234375 0.0390625 0.048828125
0 0.21640625 0.5244140625 0.0390625 0.048828125
0 0.33828125 0.4130859375 0.0390625 0.048828125
0 0.25390625 0.4130859375 0.0390625 0.048828125
0 0.46484375 0.4658203125 0.0390625 0.048828125
0 0.50703125 0.5205078125 0.0390625 0.048828125
0 0.47109375 0.6298828125 0.0390625 0.048828125
0 0.42578125 0.5205078125 0.0390625 0.048828125
0 0.54140625 0.3583984375 0.0390625 0.048828125
0 0.59453125 0.6279296875 0.0390625 0.048828125
0 0.26328125 0.6337890625 0.0390625 0.048828125
0 0.25703125 0.4697265625 0.0390625 0.048828125
0 0.43046875 0.6298828125 0.0390625 0.048828125
0 0.30703125 0.6884765625 0.0390625 0.048828125
0 0.21171875 0.4150390625 0.0390625 0.048828125
0 0.34453125 0.5771484375 0.0390625 0.048828125
0 0.58515625 0.4111328125 0.0390625 0.048828125
0 0.31015625 0.7431640625 0.0390625 0.048828125
0 0.62578125 0.4111328125 0.0390625 0.048828125
0 0.62890625 0.4638671875 0.0390625 0.048828125
0 0.46953125 0.5751953125 0.0390625 0.048828125
0 0.54921875 0.5205078125 0.0390625 0.048828125
0 0.54609375 0.4658203125 0.0390625 0.048828125
0 0.51796875 0.7373046875 0.0390625 0.048828125
0 0.55390625 0.6279296875 0.0390625 0.048828125
0 0.63515625 0.6259765625 0.0390625 0.048828125
0 0.58203125 0.3583984375 0.0390625 0.048828125
0 0.54453125 0.4111328125 0.0390625 0.048828125
0 0.50390625 0.4111328125 0.0390625 0.048828125
0 0.35078125 0.7431640625 0.0390625 0.048828125
0 0.25859375 0.5244140625 0.0390625 0.048828125
0 0.37734375 0.3583984375 0.0390625 0.048828125
0 0.34765625 0.6318359375 0.0390625 0.048828125
0 0.55078125 0.5732421875 0.0390625 0.048828125
0 0.30234375 0.5771484375 0.0390625 0.048828125
0 0.55546875 0.6826171875 0.0390625 0.048828125
0 0.38203125 0.4677734375 0.0390625 0.048828125
0 0.41953125 0.3583984375 0.0390625 0.048828125
0 0.47421875 0.6845703125 0.0390625 0.048828125
0 0.59296875 0.5732421875 0.0390625 0.048828125
0 0.21796875 0.5791015625 0.0390625 0.048828125
0 0.22109375 0.6357421875 0.0390625 0.048828125
0 0.46796875 0.5205078125 0.0390625 0.048828125
0 0.39296875 0.7412109375 0.0390625 0.048828125
0 0.26171875 0.5791015625 0.0390625 0.048828125
0 0.26484375 0.6884765625 0.0390625 0.048828125
0 0.30546875 0.6337890625 0.0390625 0.048828125
0 0.29609375 0.4130859375 0.0390625 0.048828125
0 0.58984375 0.5185546875 0.0390625 0.048828125
0 0.38046875 0.4130859375 0.0390625 0.048828125
0 0.50078125 0.3583984375 0.0390625 0.048828125
0 0.43203125 0.6845703125 0.0390625 0.048828125
0 0.38515625 0.5224609375 0.0390625 0.048828125
0 0.25234375 0.3583984375 0.0390625 0.048828125
0 0.34140625 0.4677734375 0.0390625 0.048828125
0 0.29921875 0.4677734375 0.0390625 0.048828125
0 0.21015625 0.3603515625 0.0390625 0.048828125
0 0.55859375 0.7373046875 0.0390625 0.048828125
0 0.63046875 0.5185546875 0.0390625 0.048828125
0 0.51171875 0.6279296875 0.0390625 0.048828125
0 0.50546875 0.4658203125 0.0390625 0.048828125
0 0.34921875 0.6865234375 0.0390625 0.048828125
0 0.38671875 0.5771484375 0.0390625 0.048828125
0 0.59765625 0.6826171875 0.0390625 0.048828125
0 0.30078125 0.5224609375 0.0390625 0.048828125
0 0.38828125 0.6318359375 0.0390625 0.048828125
0 0.43515625 0.7392578125 0.0390625 0.048828125
0 0.63203125 0.5732421875 0.0390625 0.048828125
0 0.62265625 0.3564453125 0.0390625 0.048828125
0 0.46171875 0.4130859375 0.0390625 0.048828125
0 0.42890625 0.5751953125 0.0390625 0.048828125
0 0.46015625 0.3583984375 0.0390625 0.048828125
0 0.42421875 0.4677734375 0.0390625 0.048828125
0 0.22265625 0.6904296875 0.0390625 0.048828125
0 0.51015625 0.5751953125 0.0390625 0.048828125
0 0.33671875 0.3583984375 0.0390625 0.048828125
0 0.51484375 0.6845703125 0.0390625 0.048828125
0 0.47578125 0.7392578125 0.0390625 0.048828125
0 0.63984375 0.7353515625 0.0390625 0.048828125
0 0.58671875 0.4658203125 0.0390625 0.048828125
0 0.59921875 0.7373046875 0.0390625 0.048828125
0 0.22421875 0.7451171875 0.0390625 0.048828125
