0 0.6359375 0.3564453125 0.04375 0.072265625
0 0.59453125 0.2900390625 0.0421875 0.072265625
0 0.5671875 0.5400390625 0.04375 0.072265625
0 0.553125 0.224609375 0.04375 0.0703125
0 0.5234375 0.4775390625 0.04375 0.072265625
0 0.60859375 0.6064453125 0.0421875 0.072265625
0 0.478125 0.3310546875 0.04375 0.072265625
0 0.49375 0.7275390625 0.04375 0.072265625
0 0.5375 0.7939453125 0.04375 0.072265625
0 0.35703125 0.37109375 0.0421875 0.0703125
0 0.4484375 0.583984375 0.04375 0.0703125
0 0.6328125 0.2763671875 0.04375 0.072265625
0 0.27578125 0.3994140625 0.0421875 0.072265625
0 0.37265625 0.6923828125 0.0421875 0.072265625
0 0.678125 0.419921875 0.04375 0.0703125
0 0.65 0.669921875 0.04375 0.0703125
0 0.32421875 0.5498046875 0.0421875 0.072265625
0 0.4421875 0.42578125 0.04375 0.0703125
0 0.284375 0.5634765625 0.04375 0.072265625
0 0.40234375 0.4404296875 0.0421875 0.072265625
0 0.48515625 0.4912109375 0.0421875 0.072265625
0 0.67421875 0.3427734375 0.0421875 0.072265625
0 0.3171875 0.3857421875 0.04375 0.072265625
0 0.328125 0.6298828125 0.04375 0.072265625
0 0.27890625 0.4833984375 0.0421875 0.072265625
0 0.5265625 0.5556640625 0.04375 0.072265625
0 0.55625 0.3056640625 0.04375 0.072265625
0 0.4921875 0.6494140625 0.04375 0.072265625
0 0.43515625 0.2646484375 0.0421875 0.072265625
0 0.45625 0.7451171875 0.04375 0.072265625
0 0.615625 0.7626953125 0.04375 0.072265625
0 0.4796875 0.4111328125 0.04375 0.072265625
0 0.4125 0.6787109375 0.04375 0.072265625
0 0.396875 0.3603515625 0.04375 0.072265625
0 0.49921875 0.8076171875 0.0421875 0.072265625
0 0.33125 0.7099609375 0.04375 0.072265625
0 0.3203125 0.4658203125 0.04375 0.072265625
0 0.271875 0.3193359375 0.04375 0.072265625
0 0.4890625 0.5693359375 0.04375 0.072265625
0 0.51640625 0.31640625 0.0421875 0.0703125
0 0.2875 0.6435546875 0.04375 0.072265625
0 0.29140625 0.724609375 0.0421875 0.0703125
0 0.60390625 0.5263671875 0.0421875 0.072265625
0 0.61015625 0.68359375 0.0421875 0.07421875
0 0.365625 0.5322265625 0.04375 0.072265625
0 0.40546875 0.5205078125 0.0421875 0.072265625
0 0.41953125 0.8388671875 0.0421875 0.072265625
0 0.409375 0.5986328125 0.04375 0.072265625
0 0.415625 0.7587890625 0.04375 0.072265625
0 0.64296875 0.5126953125 0.0421875 0.072265625
0 0.5703125 0.62109375 0.04375 0.0703125
0 0.3625 0.4541015625 0.04375 0.072265625
0 0.684375 0.578125 0.04375 0.0703125
0 0.63125 0.1982421875 0.04375 0.072265625
0 0.353125 0.2900390625 0.04375 0.072265625
0 0.3796875 0.8544921875 0.04375 0.072265625
0 0.6390625 0.4345703125 0.04375 0.072265625
0 0.559375 0.3828125 0.04375 0.0703125
0 0.4453125 0.5029296875 0.04375 0.072265625
0 0.33984375 0.87109375 0.0421875 0.0703125
0 0.590625 0.2099609375 0.04375 0.072265625
0 0.68125 0.5009765625 0.04375 0.072265625
0 0.3765625 0.7734375 0.04375 0.0703125
0 0.67265625 0.2626953125 0.0421875 0.072265625
0 0.29453125 0.8056640625 0.0421875 0.072265625
0 0.53046875 0.6357421875 0.0421875 0.072265625
0 0.5984375 0.3681640625 0.04375 0.072265625
0 0.69140625 0.7333984375 0.0421875 0.072265625
0 0.3671875 0.6123046875 0.04375 0.072265625
0 0.4390625 0.3447265625 0.04375 0.072265625
0 0.45234375 0.6640625 0.0421875 0.0703125
0 0.4734375 0.2529296875 0.04375 0.072265625
0 0.3359375 0.7900390625 0.04375 0.072265625
0 0.653125 0.7470703125 0.04375 0.072265625
0 0.66875 0.1845703125 0.04375 0.072265625
0 0.459375 0.8251953125 0.04375 0.072265625
0 0.51328125 0.2392578125 0.0421875 0.072265625
0 0.56328125 0.4638671875 0.0421875 0.072265625
0 0.3953125 0.2763671875 0.04375 0.072265625
0 0.5203125 0.3974609375 0.04375 0.072265625
0 0.646875 0.5888671875 0.04375 0.072265625
0 0.6015625 0.4482421875 0.04375 0.072265625
0 0.5765625 0.7763671875 0.040625 0.072265625
0 0.534375 0.7138671875 0.04375 0.072265625
0 0.68828125 0.6552734375 0.0421875 0.072265625
0 0.3140625 0.3056640625 0.04375 0.072265625
0 0.5734375 0.6982421875 0.04375 0.072265625
0 0.2984375 0.8857421875 0.04375 0.072265625
