0 0.371875 0.3515625 0.046875 0.0703125
0 0.5953125 0.40625 0.046875 0.0703125
0 0.359375 0.248046875 0.046875 0.0703125
0 0.5359375 0.52734375 0.05 0.0703125
0 0.60625 0.509765625 0.05 0.0703125
0 0.4984375 0.8583984375 0.05 0.068359375
0 0.64140625 0.8232421875 0.0484375 0.072265625
0 0.48671875 0.751953125 0.0484375 0.0703125
0 0.7015625 0.703125 0.046875 0.0703125
0 0.44296875 0.3359375 0.0484375 0.0703125
0 0.22734375 0.3857421875 0.0484375 0.072265625
0 0.340625 0.4140625 0.046875 0.0703125
0 0.25 0.59765625 0.05 0.0703125
0 0.7609375 0.58203125 0.05 0.0703125
0 0.5875 0.6748046875 0.05 0.068359375
0 0.31171875 0.4755859375 0.0484375 0.068359375
0 0.39296875 0.560546875 0.0484375 0.0703125
0 0.41953125 0.126953125 0.0484375 0.0703125
0 0.4234375 0.4990234375 0.05 0.068359375
0 0.6296875 0.7197265625 0.05 0.072265625
0 0.3515625 0.517578125 0.05 0.0703125
0 0.54296875 0.2568359375 0.0484375 0.072265625
0 0.3 0.3681640625 0.05 0.072265625
0 0.5703125 0.83984375 0.046875 0.0703125
0 0.6265625 0.3466796875 0.046875 0.068359375
0 0.578125 0.5712890625 0.05 0.068359375
0 0.73203125 0.640625 0.0515625 0.0703125
0 0.64921875 0.5537109375 0.0484375 0.072265625
0 0.38203125 0.45703125 0.0484375 0.0703125
0 0.61796875 0.61328125 0.0484375 0.0703125
0 0.471875 0.2744140625 0.046875 0.068359375
0 0.5859375 0.302734375 0.05 0.0703125
0 0.38828125 0.189453125 0.0484375 0.0703125
0 0.4609375 0.1708984375 0.05 0.068359375
0 0.196875 0.447265625 0.05 0.0703125
0 0.67890625 0.4951171875 0.0484375 0.072265625
0 0.559375 0.736328125 0.05 0.0703125
0 0.375 0.7265625 0.05 0.0703125
0 0.659375 0.6572265625 0.05 0.072265625
0 0.3765625 0.0859375 0.05 0.0703125
0 0.20859375 0.5517578125 0.0484375 0.072265625
0 0.59921875 0.7783203125 0.0484375 0.068359375
0 0.33203125 0.6826171875 0.0484375 0.068359375
0 0.709375 0.4326171875 0.05 0.072265625
0 0.4046875 0.6650390625 0.05 0.072265625
0 0.58125 0.9482421875 0.05 0.072265625
0 0.46328125 0.5439453125 0.0484375 0.072265625
0 0.475 0.6484375 0.05 0.0703125
0 0.43125 0.232421875 0.05 0.0703125
0 0.3203125 0.5791015625 0.05 0.068359375
0 0.23984375 0.4892578125 0.0484375 0.072265625
0 0.52421875 0.423828125 0.0484375 0.0703125
0 0.49453125 0.4814453125 0.0484375 0.072265625
0 0.34921875 0.14453125 0.0484375 0.0703125
0 0.50390625 0.2158203125 0.0484375 0.072265625
0 0.7203125 0.5361328125 0.046875 0.072265625
0 0.690625 0.5986328125 0.05 0.072265625
0 0.5546875 0.3623046875 0.05 0.068359375
0 0.36328125 0.62109375 0.0484375 0.0703125
0 0.4546875 0.4404296875 0.05 0.072265625
0 0.4453125 0.7099609375 0.05 0.072265625
0 0.51328125 0.3193359375 0.0484375 0.072265625
0 0.25703125 0.3271484375 0.0484375 0.072265625
0 0.48359375 0.37890625 0.0515625 0.07421875
0 0.41171875 0.3955078125 0.0484375 0.068359375
0 0.28828125 0.2646484375 0.0484375 0.072265625
0 0.28046875 0.53515625 0.0484375 0.0703125
0 0.165625 0.509765625 0.05 0.0703125
0 0.434375 0.6064453125 0.046875 0.072265625
0 0.5390625 0.90234375 0.046875 0.0703125
0 0.54765625 0.630859375 0.0484375 0.0703125
0 0.2921875 0.638671875 0.05 0.0703125
0 0.51640625 0.693359375 0.0484375 0.0703125
0 0.45703125 0.814453125 0.0484375 0.0703125
0 0.6703125 0.7646484375 0.046875 0.072265625
0 0.5296875 0.796875 0.05 0.0703125
0 0.4 0.29296875 0.05 0.0703125
0 0.56640625 0.4677734375 0.0484375 0.068359375
0 0.50625 0.58984375 0.05 0.0703125
0 0.31796875 0.2060546875 0.0484375 0.072265625
0 0.415625 0.7685546875 0.046875 0.072265625
0 0.3296875 0.310546875 0.05 0.0703125
0 0.6109375 0.8857421875 0.05 0.072265625
0 0.6375 0.4501953125 0.05 0.068359375
0 0.7921875 0.51953125 0.05 0.0703125
0 0.26875 0.4306640625 0.05 0.072265625
0 0.66796875 0.3876953125 0.0484375 0.068359375
0 0.74921875 0.478515625 0.0484375 0.0703125
