0 0.80859375 0.314453125 0.0390625 0.05078125
0 0.55703125 0.537109375 0.0421875 0.05078125
0 0.7 0.578125 0.040625 0.05078125
0 0.63125 0.314453125 0.040625 0.05078125
0 0.6953125 0.2412109375 0.040625 0.048828125
0 0.66875 0.203125 0.040625 0.05078125
0 0.67578125 0.12890625 0.0390625 0.05078125
0 0.7234375 0.2783203125 0.040625 0.052734375
0 0.484375 0.349609375 0.040625 0.05078125
0 0.5359375 0.4248046875 0.040625 0.052734375
0 0.646875 0.5 0.040625 0.05078125
0 0.6078125 0.615234375 0.040625 0.05078125
0 0.61171875 0.203125 0.0421875 0.05078125
0 0.5859375 0.5 0.040625 0.05078125
0 0.834375 0.353515625 0.040625 0.05078125
0 0.4734375 0.498046875 0.040625 0.05078125
0 0.75390625 0.2392578125 0.0390625 0.052734375
0 0.5828125 0.576171875 0.040625 0.05078125
0 0.44765625 0.458984375 0.0421875 0.05078125
0 0.5625 0.4638671875 0.040625 0.052734375
0 0.65078125 0.427734375 0.0421875 0.05078125
0 0.709375 0.427734375 0.040625 0.05078125
0 0.59375 0.4248046875 0.040625 0.052734375
0 0.68984375 0.314453125 0.0421875 0.05078125
0 0.65625 0.3515625 0.040625 0.05078125
0 0.61953125 0.4638671875 0.0421875 0.052734375
0 0.6375 0.2421875 0.040625 0.05078125
0 0.48671875 0.685546875 0.0421875 0.05078125
0 0.4109375 0.5703125 0.040625 0.05078125
0 0.8015625 0.392578125 0.040625 0.05078125
0 0.71640625 0.353515625 0.0390625 0.05078125
0 0.52578125 0.5732421875 0.0421875 0.052734375
0 0.38515625 0.53125 0.0421875 0.05078125
0 0.578125 0.2392578125 0.040625 0.052734375
0 0.51015625 0.388671875 0.0421875 0.05078125
0 0.6 0.3515625 0.040625 0.05078125
0 0.83046875 0.4296875 0.0421875 0.05078125
0 0.7484375 0.3154296875 0.040625 0.048828125
0 0.63515625 0.6513671875 0.0421875 0.052734375
0 0.5703125 0.724609375 0.040625 0.05078125
0 0.421875 0.421875 0.040625 0.05078125
0 0.54140625 0.349609375 0.0421875 0.05078125
0 0.4671875 0.5703125 0.040625 0.05078125
0 0.625 0.388671875 0.040625 0.05078125
0 0.60625 0.2783203125 0.040625 0.052734375
0 0.7640625 0.505859375 0.040625 0.05078125
0 0.5046875 0.4609375 0.040625 0.05078125
0 0.7 0.166015625 0.040625 0.05078125
0 0.44140625 0.5322265625 0.0390625 0.048828125
0 0.7328125 0.541015625 0.040625 0.05078125
0 0.671875 0.5390625 0.040625 0.05078125
0 0.70546875 0.501953125 0.0421875 0.05078125
0 0.7421875 0.390625 0.040625 0.05078125
0 0.4984375 0.5341796875 0.040625 0.052734375
0 0.56875 0.3876953125 0.040625 0.048828125
0 0.73671875 0.466796875 0.0421875 0.05078125
0 0.434375 0.607421875 0.040625 0.05078125
0 0.64296875 0.1640625 0.0421875 0.05078125
0 0.5125 0.724609375 0.040625 0.05078125
0 0.66640625 0.6162109375 0.0421875 0.048828125
0 0.390625 0.4580078125 0.040625 0.048828125
0 0.77578125 0.353515625 0.0421875 0.05078125
0 0.5203125 0.6474609375 0.040625 0.048828125
0 0.60390625 0.6904296875 0.0421875 0.052734375
0 0.546875 0.275390625 0.040625 0.05078125
0 0.7703125 0.4296875 0.040625 0.05078125
0 0.6625 0.2783203125 0.040625 0.052734375
0 0.41640625 0.49609375 0.0421875 0.05078125
0 0.78125 0.2783203125 0.040625 0.052734375
0 0.640625 0.578125 0.040625 0.05078125
0 0.7265625 0.203125 0.040625 0.05078125
0 0.54375 0.685546875 0.040625 0.05078125
0 0.4921875 0.609375 0.040625 0.05078125
0 0.57265625 0.3125 0.0421875 0.05078125
0 0.5296875 0.498046875 0.040625 0.05078125
0 0.86328125 0.392578125 0.0390625 0.05078125
0 0.684375 0.390625 0.040625 0.05078125
0 0.5765625 0.6484375 0.040625 0.05078125
0 0.47890625 0.421875 0.0421875 0.05078125
0 0.4609375 0.646484375 0.040625 0.05078125
0 0.6140625 0.5390625 0.040625 0.05078125
0 0.54921875 0.609375 0.0421875 0.05078125
0 0.515625 0.3125 0.040625 0.05078125
0 0.678125 0.4638671875 0.040625 0.052734375
0 0.5390625 0.7626953125 0.040625 0.048828125
0 0.453125 0.3857421875 0.040625 0.052734375
0 0.359375 0.49609375 0.040625 0.05078125
0 0.7953125 0.46875 0.040625 0.05078125
