0 0.57265625 0.115234375 0.0640625 0.09375
0 0.84921875 0.1181640625 0.0640625 0.091796875
0 0.71015625 0.7236328125 0.0640625 0.095703125
0 0.56875 0.71875 0.065625 0.09375
0 0.36484375 0.5126953125 0.0640625 0.095703125
0 0.4359375 0.1123046875 0.065625 0.095703125
0 0.77578125 0.7255859375 0.0640625 0.095703125
0 0.84609375 0.3212890625 0.0640625 0.095703125
0 0.57265625 0.3134765625 0.0640625 0.095703125
0 0.71171875 0.1201171875 0.0640625 0.095703125
0 0.29375 0.716796875 0.065625 0.09375
0 0.70859375 0.318359375 0.0671875 0.09375
0 0.63984375 0.6201171875 0.0640625 0.095703125
0 0.43203125 0.71875 0.0640625 0.09375
0 0.57109375 0.517578125 0.0640625 0.09375
0 0.22578125 0.61328125 0.0640625 0.09375
0 0.71015625 0.51953125 0.0640625 0.09375
0 0.15546875 0.7119140625 0.0640625 0.095703125
0 0.7796875 0.51953125 0.065625 0.09375
0 0.43359375 0.5126953125 0.0640625 0.095703125
0 0.1578125 0.306640625 0.065625 0.09375
0 0.22890625 0.4111328125 0.0640625 0.091796875
0 0.4359375 0.314453125 0.065625 0.09375
0 0.50390625 0.517578125 0.0640625 0.09375
0 0.15546875 0.5107421875 0.0640625 0.095703125
0 0.50390625 0.3134765625 0.0640625 0.095703125
0 0.7078125 0.826171875 0.065625 0.09375
0 0.36484375 0.3115234375 0.0640625 0.095703125
0 0.36796875 0.1123046875 0.0640625 0.095703125
0 0.36328125 0.6162109375 0.0640625 0.095703125
0 0.71171875 0.2177734375 0.0640625 0.095703125
0 0.22890625 0.208984375 0.0640625 0.09375
0 0.16015625 0.10546875 0.0640625 0.09375
0 0.56875 0.822265625 0.065625 0.09375
0 0.77578125 0.623046875 0.0640625 0.09375
0 0.22890625 0.3115234375 0.0640625 0.095703125
0 0.23046875 0.1083984375 0.0640625 0.095703125
0 0.36484375 0.4140625 0.0640625 0.09375
0 0.71015625 0.421875 0.0640625 0.09375
0 0.57109375 0.6201171875 0.0640625 0.095703125
0 0.29375 0.61328125 0.065625 0.09375
0 0.22421875 0.8193359375 0.0640625 0.095703125
0 0.77890625 0.4208984375 0.0640625 0.095703125
0 0.84609375 0.4208984375 0.0640625 0.095703125
0 0.29765625 0.1083984375 0.0671875 0.095703125
0 0.22578125 0.5126953125 0.0640625 0.095703125
0 0.50703125 0.1123046875 0.0640625 0.095703125
0 0.50703125 0.2158203125 0.0640625 0.095703125
0 0.15546875 0.61328125 0.0640625 0.09375
0 0.64296875 0.115234375 0.0640625 0.09375
0 0.63984375 0.51953125 0.0640625 0.09375
0 0.50234375 0.6162109375 0.0640625 0.095703125
0 0.296875 0.5126953125 0.065625 0.095703125
0 0.77734375 0.826171875 0.0671875 0.09375
0 0.77890625 0.3212890625 0.0640625 0.095703125
0 0.64140625 0.4169921875 0.0640625 0.095703125
0 0.57265625 0.2158203125 0.0640625 0.095703125
0 0.57109375 0.4169921875 0.0640625 0.095703125
0 0.63984375 0.826171875 0.0640625 0.09375
0 0.29921875 0.3115234375 0.0640625 0.095703125
0 0.50234375 0.71875 0.0640625 0.09375
0 0.63984375 0.7236328125 0.0640625 0.095703125
0 0.1578125 0.4111328125 0.065625 0.091796875
0 0.84609375 0.5244140625 0.0640625 0.095703125
0 0.43359375 0.6162109375 0.0640625 0.095703125
0 0.71015625 0.6201171875 0.0640625 0.095703125
0 0.36875 0.2109375 0.065625 0.09375
0 0.64140625 0.318359375 0.0640625 0.09375
0 0.64140625 0.2177734375 0.0640625 0.095703125
0 0.50390625 0.4140625 0.0640625 0.09375
0 0.29609375 0.4111328125 0.0671875 0.091796875
0 0.43203125 0.8193359375 0.0640625 0.095703125
0 0.77890625 0.1181640625 0.0640625 0.091796875
0 0.43359375 0.4140625 0.0640625 0.09375
0 0.84609375 0.7255859375 0.0640625 0.095703125
0 0.77890625 0.2177734375 0.0640625 0.095703125
0 0.50234375 0.822265625 0.0640625 0.09375
0 0.16015625 0.208984375 0.0640625 0.09375
0 0.36328125 0.7158203125 0.0640625 0.095703125
0 0.84609375 0.2216796875 0.0640625 0.091796875
0 0.22421875 0.716796875 0.0640625 0.09375
0 0.36171875 0.8193359375 0.0640625 0.095703125
0 0.29453125 0.8193359375 0.0640625 0.095703125
0 0.15390625 0.81640625 0.0640625 0.09765625
0 0.4359375 0.2109375 0.065625 0.09375
0 0.84609375 0.623046875 0.0640625 0.09375
0 0.29921875 0.2109375 0.0640625 0.09375
0 0.84609375 0.8291015625 0.0640625 0.095703125
