0 0.48203125 0.4423828125 0.0390625 0.048828125
0 0.29609375 0.4423828125 0.0390625 0.048828125
0 0.38828125 0.4423828125 0.0390625 0.048828125
0 0.37265625 0.4892578125 0.0390625 0.048828125
0 0.41640625 0.2294921875 0.0390625 0.048828125
0 0.67265625 0.4423828125 0.0390625 0.048828125
0 0.36015625 0.2548828125 0.0390625 0.048828125
0 0.59296875 0.3955078125 0.0390625 0.048828125
0 0.57109375 0.7236328125 0.0390625 0.048828125
0 0.56015625 0.4892578125 0.0390625 0.048828125
0 0.27265625 0.3720703125 0.0390625 0.048828125
0 0.72890625 0.4169921875 0.0390625 0.048828125
0 0.44921875 0.5361328125 0.0390625 0.048828125
0 0.49921875 0.3955078125 0.0390625 0.048828125
0 0.57734375 0.4423828125 0.0390625 0.048828125
0 0.49296875 0.2763671875 0.0390625 0.048828125
0 0.58671875 0.6767578125 0.0390625 0.048828125
0 0.39921875 0.2783203125 0.0390625 0.048828125
0 0.46015625 0.3720703125 0.0390625 0.048828125
0 0.32734375 0.3486328125 0.0390625 0.048828125
0 0.58203125 0.5595703125 0.0390625 0.048828125
0 0.40546875 0.3955078125 0.0390625 0.048828125
0 0.38203125 0.3251953125 0.0390625 0.048828125
0 0.59921875 0.5126953125 0.0390625 0.048828125
0 0.51640625 0.3486328125 0.0390625 0.048828125
0 0.60390625 0.6298828125 0.0390625 0.048828125
0 0.43828125 0.3017578125 0.0390625 0.048828125
0 0.34921875 0.4189453125 0.0390625 0.048828125
0 0.63828125 0.5361328125 0.0390625 0.048828125
0 0.69453125 0.5126953125 0.0390625 0.048828125
0 0.50390625 0.5126953125 0.0390625 0.048828125
0 0.42734375 0.4658203125 0.0390625 0.048828125
0 0.65078125 0.3720703125 0.0390625 0.048828125
0 0.39453125 0.5595703125 0.0390625 0.048828125
0 0.52578125 0.5830078125 0.0390625 0.048828125
0 0.46484375 0.4892578125 0.0390625 0.048828125
0 0.54765625 0.6533203125 0.0390625 0.048828125
0 0.71171875 0.4658203125 0.0390625 0.048828125
0 0.49296875 0.6767578125 0.0390625 0.048828125
0 0.42109375 0.3486328125 0.0390625 0.048828125
0 0.57109375 0.3232421875 0.0390625 0.048828125
0 0.62734375 0.7001953125 0.0390625 0.048828125
0 0.53828125 0.4189453125 0.0390625 0.048828125
0 0.31171875 0.3974609375 0.0390625 0.048828125
0 0.32109375 0.2314453125 0.0390625 0.048828125
0 0.30546875 0.2783203125 0.0390625 0.048828125
0 0.47109375 0.6064453125 0.0390625 0.048828125
0 0.61015625 0.3486328125 0.0390625 0.048828125
0 0.27890625 0.4892578125 0.0390625 0.048828125
0 0.61640625 0.4658203125 0.0390625 0.048828125
0 0.28828125 0.3251953125 0.0390625 0.048828125
0 0.41015625 0.5126953125 0.0390625 0.048828125
0 0.37734375 0.6064453125 0.0390625 0.048828125
0 0.31796875 0.5126953125 0.0390625 0.048828125
0 0.48828125 0.5595703125 0.0390625 0.048828125
0 0.33984375 0.5830078125 0.0390625 0.048828125
0 0.509375 0.6298828125 0.0375 0.048828125
0 0.26328125 0.5361328125 0.0390625 0.048828125
0 0.66015625 0.6064453125 0.0390625 0.048828125
0 0.41640625 0.6298828125 0.0390625 0.048828125
0 0.67734375 0.5595703125 0.0390625 0.048828125
0 0.33828125 0.1826171875 0.0390625 0.048828125
0 0.68984375 0.3935546875 0.0390625 0.048828125
0 0.62109375 0.5830078125 0.0390625 0.048828125
0 0.45390625 0.2548828125 0.0390625 0.048828125
0 0.56484375 0.6064453125 0.0390625 0.048828125
0 0.25703125 0.4189453125 0.0390625 0.048828125
0 0.37734375 0.2060546875 0.0390625 0.048828125
0 0.22421875 0.5126953125 0.0390625 0.048828125
0 0.65546875 0.4892578125 0.0390625 0.048828125
0 0.33359375 0.4658203125 0.0390625 0.048828125
0 0.35546875 0.5361328125 0.0390625 0.048828125
0 0.47578125 0.3251953125 0.0390625 0.048828125
0 0.36640625 0.3720703125 0.0390625 0.048828125
0 0.23984375 0.4658203125 0.0390625 0.048828125
0 0.30078125 0.5595703125 0.0390625 0.048828125
0 0.52109375 0.4658203125 0.0390625 0.048828125
0 0.54296875 0.5361328125 0.0390625 0.048828125
0 0.44296875 0.4189453125 0.0390625 0.048828125
0 0.43203125 0.5830078125 0.0390625 0.048828125
0 0.34453125 0.3017578125 0.0390625 0.048828125
0 0.55390625 0.3720703125 0.0390625 0.048828125
0 0.63359375 0.4189453125 0.0390625 0.048828125
0 0.45390625 0.6533203125 0.0390625 0.048828125
0 0.64296875 0.6533203125 0.0390625 0.048828125
0 0.53203125 0.2998046875 0.0390625 0.048828125
0 0.60859375 0.7470703125 0.0390625 0.048828125
0 0.53203125 0.6982421875 0.0390625 0.048828125
