0 0.35390625 0.44140625 0.0390625 0.046875
0 0.50390625 0.2724609375 0.0390625 0.044921875
0 0.53515625 0.4150390625 0.0390625 0.048828125
0 0.3984375 0.47265625 0.0375 0.046875
0 0.58046875 0.4462890625 0.0390625 0.044921875
0 0.625 0.4794921875 0.0375 0.048828125
0 0.4421875 0.505859375 0.040625 0.046875
0 0.38828125 0.4267578125 0.0390625 0.044921875
0 0.36796875 0.3359375 0.0390625 0.046875
0 0.4875 0.537109375 0.0375 0.046875
0 0.4328125 0.458984375 0.0375 0.046875
0 0.684375 0.40234375 0.040625 0.046875
0 0.56640625 0.556640625 0.0390625 0.046875
0 0.47734375 0.490234375 0.0390625 0.046875
0 0.48984375 0.3828125 0.0390625 0.046875
0 0.375 0.53515625 0.040625 0.046875
0 0.73125 0.4365234375 0.040625 0.044921875
0 0.52421875 0.3671875 0.0390625 0.046875
0 0.4359375 0.3017578125 0.040625 0.044921875
0 0.51953125 0.5224609375 0.0390625 0.044921875
0 0.57109375 0.400390625 0.0390625 0.046875
0 0.63984375 0.37109375 0.0390625 0.046875
0 0.365625 0.48828125 0.040625 0.046875
0 0.61484375 0.431640625 0.0390625 0.046875
0 0.5765625 0.60546875 0.0375 0.046875
0 0.453125 0.5517578125 0.0375 0.044921875
0 0.4796875 0.3359375 0.0375 0.046875
0 0.53046875 0.57421875 0.0390625 0.046875
0 0.49765625 0.5859375 0.0390625 0.046875
0 0.66328125 0.306640625 0.0390625 0.046875
0 0.571875 0.2421875 0.028125 0.0390625
0 0.475 0.6474609375 0.028125 0.041015625
0 0.66015625 0.466796875 0.0390625 0.046875
0 0.6171875 0.275390625 0.0375 0.046875
0 0.42890625 0.615234375 0.0390625 0.046875
0 0.6109375 0.587890625 0.0375 0.046875
0 0.671875 0.5126953125 0.0375 0.044921875
0 0.40859375 0.51953125 0.0390625 0.046875
0 0.45703125 0.3974609375 0.0390625 0.044921875
0 0.69609375 0.451171875 0.0390625 0.046875
0 0.5 0.4296875 0.0375 0.046875
0 0.590625 0.494140625 0.0375 0.05078125
0 0.6453125 0.576171875 0.0375 0.046875
0 0.63515625 0.52734375 0.0390625 0.046875
0 0.5453125 0.4609375 0.040625 0.046875
0 0.4125 0.365234375 0.0375 0.046875
0 0.3859375 0.58203125 0.040625 0.046875
0 0.59296875 0.3359375 0.0390625 0.046875
0 0.46328125 0.6015625 0.0390625 0.046875
0 0.65390625 0.2578125 0.0390625 0.046875
0 0.71640625 0.546875 0.0390625 0.046875
0 0.70625 0.498046875 0.0375 0.046875
0 0.5140625 0.3212890625 0.0375 0.044921875
0 0.7 0.2919921875 0.0375 0.044921875
0 0.34375 0.39453125 0.0375 0.046875
0 0.60078125 0.5419921875 0.0390625 0.044921875
0 0.5078125 0.6328125 0.0375 0.046875
0 0.55625 0.5087890625 0.0375 0.048828125
0 0.46953125 0.287109375 0.0390625 0.046875
0 0.42265625 0.412109375 0.0390625 0.046875
0 0.5421875 0.623046875 0.0375 0.046875
0 0.64921875 0.4169921875 0.0390625 0.044921875
0 0.56015625 0.3515625 0.0390625 0.046875
0 0.5484375 0.306640625 0.0375 0.046875
0 0.64375 0.2109375 0.0375 0.046875
0 0.40703125 0.673828125 0.0390625 0.046875
0 0.51015625 0.478515625 0.0390625 0.046875
0 0.603125 0.384765625 0.0375 0.046875
0 0.721875 0.3876953125 0.040625 0.044921875
0 0.74296875 0.482421875 0.0390625 0.046875
0 0.4671875 0.443359375 0.0375 0.046875
0 0.71015625 0.337890625 0.0390625 0.046875
0 0.39609375 0.6279296875 0.0390625 0.044921875
0 0.675 0.35546875 0.040625 0.046875
0 0.378125 0.380859375 0.0375 0.046875
0 0.68828125 0.244140625 0.0390625 0.05078125
0 0.628125 0.3232421875 0.040625 0.048828125
0 0.4390625 0.662109375 0.0375 0.046875
0 0.41875 0.56640625 0.0375 0.046875
0 0.5828125 0.2890625 0.0375 0.046875
0 0.446875 0.3515625 0.0375 0.046875
0 0.60703125 0.2265625 0.0390625 0.046875
0 0.53828125 0.2578125 0.0390625 0.046875
0 0.68203125 0.55859375 0.0390625 0.046875
0 0.33359375 0.345703125 0.0390625 0.046875
0 0.40234375 0.3212890625 0.0390625 0.044921875
0 0.75234375 0.5322265625 0.0390625 0.044921875
0 0.678125 0.193359375 0.0375 0.046875
