0 0.54375 0.34375 0.059375 0.0625
0 0.45625 0.23046875 0.059375 0.0625
0 0.40234375 0.4912109375 0.0578125 0.060546875
0 0.6578125 0.6826171875 0.05625 0.060546875
0 0.515625 0.546875 0.059375 0.0625
0 0.56875 0.140625 0.059375 0.0625
0 0.7984375 0.5380859375 0.059375 0.060546875
0 0.6046875 0.8017578125 0.05625 0.060546875
0 0.684375 0.1923828125 0.059375 0.060546875
0 0.65625 0.3994140625 0.059375 0.060546875
0 0.2640625 0.6396484375 0.059375 0.060546875
0 0.7125 0.4248046875 0.059375 0.060546875
0 0.571875 0.5732421875 0.059375 0.060546875
0 0.8265625 0.3349609375 0.059375 0.060546875
0 0.7125 0.5703125 0.059375 0.0625
0 0.290625 0.5810546875 0.05625 0.060546875
0 0.378125 0.6943359375 0.05625 0.060546875
0 0.6 0.2275390625 0.059375 0.060546875
0 0.346875 0.6103515625 0.05625 0.060546875
0 0.43125 0.43359375 0.059375 0.0625
0 0.7984375 0.248046875 0.059375 0.0625
0 0.625 0.1669921875 0.059375 0.060546875
0 0.684375 0.4833984375 0.059375 0.060546875
0 0.484375 0.1689453125 0.059375 0.060546875
0 0.46015625 0.6630859375 0.0578125 0.060546875
0 0.7125 0.2802734375 0.059375 0.060546875
0 0.45625 0.3759765625 0.059375 0.060546875
0 0.434375 0.7216796875 0.05625 0.060546875
0 0.40625 0.779296875 0.05625 0.0625
0 0.5453125 0.6318359375 0.05625 0.060546875
0 0.571875 0.4306640625 0.059375 0.060546875
0 0.51953125 0.8310546875 0.0578125 0.060546875
0 0.571875 0.2861328125 0.059375 0.060546875
0 0.740625 0.3662109375 0.059375 0.060546875
0 0.628125 0.5986328125 0.059375 0.060546875
0 0.43203125 0.5791015625 0.0578125 0.060546875
0 0.428125 0.2880859375 0.059375 0.060546875
0 0.684375 0.6279296875 0.059375 0.060546875
0 0.575 0.7158203125 0.059375 0.060546875
0 0.49140625 0.7470703125 0.0578125 0.060546875
0 0.8546875 0.2763671875 0.059375 0.060546875
0 0.459375 0.5205078125 0.059375 0.060546875
0 0.8265625 0.4794921875 0.059375 0.060546875
0 0.740625 0.654296875 0.059375 0.0625
0 0.484375 0.3173828125 0.059375 0.060546875
0 0.7703125 0.4541015625 0.059375 0.060546875
0 0.63125 0.7412109375 0.059375 0.060546875
0 0.6 0.5146484375 0.059375 0.060546875
0 0.35 0.7529296875 0.05625 0.060546875
0 0.31875 0.5244140625 0.05625 0.060546875
0 0.6875 0.7705078125 0.059375 0.060546875
0 0.4875 0.462890625 0.059375 0.0625
0 0.5484375 0.7734375 0.05625 0.0625
0 0.5125 0.2587890625 0.059375 0.060546875
0 0.65625 0.25390625 0.059375 0.0625
0 0.9125 0.3037109375 0.05625 0.060546875
0 0.5125 0.111328125 0.059375 0.0625
0 0.3203125 0.666015625 0.059375 0.0625
0 0.5171875 0.6884765625 0.05625 0.060546875
0 0.7703125 0.3095703125 0.059375 0.060546875
0 0.515625 0.4013671875 0.059375 0.060546875
0 0.628125 0.3115234375 0.059375 0.060546875
0 0.6 0.3720703125 0.059375 0.060546875
0 0.3734375 0.4072265625 0.059375 0.060546875
0 0.29375 0.7275390625 0.05625 0.060546875
0 0.628125 0.45703125 0.059375 0.0625
0 0.740625 0.2216796875 0.059375 0.060546875
0 0.8546875 0.4228515625 0.059375 0.060546875
0 0.4890625 0.6044921875 0.05625 0.060546875
0 0.715625 0.7119140625 0.059375 0.060546875
0 0.375 0.5498046875 0.05625 0.060546875
0 0.684375 0.3408203125 0.059375 0.060546875
0 0.54375 0.4892578125 0.059375 0.060546875
0 0.5765625 0.857421875 0.05625 0.0625
0 0.3453125 0.4658203125 0.059375 0.060546875
0 0.4625 0.8056640625 0.05625 0.060546875
0 0.65625 0.541015625 0.059375 0.0625
0 0.740625 0.5126953125 0.059375 0.060546875
0 0.6609375 0.8291015625 0.05625 0.060546875
0 0.7703125 0.5966796875 0.059375 0.060546875
0 0.2375 0.6982421875 0.05625 0.060546875
0 0.6328125 0.88671875 0.05625 0.0625
0 0.403125 0.63671875 0.05625 0.0625
0 0.8828125 0.361328125 0.059375 0.0625
0 0.7984375 0.3935546875 0.059375 0.060546875
0 0.6015625 0.6572265625 0.05625 0.060546875
0 0.4 0.349609375 0.059375 0.0625
0 0.540625 0.1982421875 0.059375 0.060546875
