0 0.31015625 0.515625 0.0421875 0.05859375
0 0.32578125 0.3740234375 0.0421875 0.060546875
0 0.40703125 0.3349609375 0.0421875 0.060546875
0 0.49921875 0.7626953125 0.0421875 0.060546875
0 0.55390625 0.6005859375 0.0421875 0.060546875
0 0.61015625 0.4365234375 0.0421875 0.060546875
0 0.76015625 0.4970703125 0.0421875 0.060546875
0 0.35234375 0.4970703125 0.0421875 0.060546875
0 0.56875 0.4580078125 0.040625 0.060546875
0 0.51171875 0.6181640625 0.0421875 0.060546875
0 0.36484375 0.7626953125 0.0421875 0.060546875
0 0.43203125 0.6572265625 0.0421875 0.060546875
0 0.36484375 0.5576171875 0.0421875 0.060546875
0 0.48671875 0.4970703125 0.0421875 0.060546875
0 0.70546875 0.4580078125 0.0421875 0.060546875
0 0.70546875 0.6611328125 0.0421875 0.060546875
0 0.47421875 0.4365234375 0.0421875 0.060546875
0 0.62265625 0.2919921875 0.0421875 0.060546875
0 0.53984375 0.5400390625 0.0421875 0.060546875
0 0.71796875 0.5185546875 0.0421875 0.060546875
0 0.66484375 0.2705078125 0.0421875 0.060546875
0 0.48515625 0.7001953125 0.0421875 0.060546875
0 0.41953125 0.8017578125 0.0421875 0.060546875
0 0.69296875 0.3955078125 0.0421875 0.060546875
0 0.67734375 0.5400390625 0.0421875 0.060546875
0 0.60859375 0.640625 0.0421875 0.05859375
0 0.54140625 0.3349609375 0.0421875 0.060546875
0 0.3 0.4560546875 0.040625 0.060546875
0 0.38046875 0.6181640625 0.0421875 0.060546875
0 0.59609375 0.3740234375 0.0421875 0.060546875
0 0.41953125 0.3955078125 0.0421875 0.060546875
0 0.44453125 0.720703125 0.0421875 0.05859375
0 0.37890625 0.8203125 0.0390625 0.05859375
0 0.40703125 0.7412109375 0.0421875 0.060546875
0 0.39296875 0.4755859375 0.0421875 0.060546875
0 0.46015625 0.7802734375 0.0421875 0.060546875
0 0.41953125 0.6005859375 0.0421875 0.060546875
0 0.77421875 0.5615234375 0.0421875 0.060546875
0 0.70546875 0.2509765625 0.0421875 0.060546875
0 0.62109375 0.7001953125 0.0421875 0.060546875
0 0.6359375 0.5615234375 0.040625 0.060546875
0 0.434375 0.4580078125 0.040625 0.060546875
0 0.74765625 0.640625 0.0421875 0.05859375
0 0.65078125 0.416015625 0.0421875 0.05859375
0 0.35078125 0.7001953125 0.0421875 0.060546875
0 0.65078125 0.2109375 0.0421875 0.05859375
0 0.71953125 0.3134765625 0.0421875 0.060546875
0 0.78671875 0.6220703125 0.0421875 0.060546875
0 0.52734375 0.681640625 0.0421875 0.05859375
0 0.66328125 0.681640625 0.0421875 0.05859375
0 0.55390625 0.3955078125 0.0421875 0.060546875
0 0.73203125 0.3740234375 0.0421875 0.060546875
0 0.53984375 0.7412109375 0.0421875 0.060546875
0 0.48671875 0.2919921875 0.0421875 0.060546875
0 0.56875 0.2529296875 0.040625 0.060546875
0 0.58125 0.3134765625 0.040625 0.060546875
0 0.38046875 0.416015625 0.0421875 0.05859375
0 0.49921875 0.5576171875 0.0421875 0.060546875
0 0.67734375 0.3349609375 0.0421875 0.060546875
0 0.66484375 0.4794921875 0.0421875 0.060546875
0 0.47265625 0.6396484375 0.0421875 0.060546875
0 0.59609375 0.5791015625 0.0421875 0.060546875
0 0.65078125 0.6220703125 0.0421875 0.060546875
0 0.73203125 0.5810546875 0.0421875 0.056640625
0 0.46015625 0.3740234375 0.0421875 0.060546875
0 0.33828125 0.4365234375 0.0421875 0.060546875
0 0.446875 0.3134765625 0.040625 0.060546875
0 0.46015625 0.5791015625 0.0421875 0.060546875
0 0.62265625 0.5009765625 0.0421875 0.060546875
0 0.52734375 0.4755859375 0.0421875 0.060546875
0 0.58125 0.720703125 0.040625 0.05859375
0 0.56796875 0.6611328125 0.0390625 0.060546875
0 0.36484375 0.3564453125 0.0421875 0.060546875
0 0.58125 0.5185546875 0.040625 0.060546875
0 0.33828125 0.6357421875 0.0421875 0.060546875
0 0.32578125 0.5751953125 0.0421875 0.060546875
0 0.5140625 0.416015625 0.040625 0.05859375
0 0.6359375 0.3564453125 0.040625 0.060546875
0 0.40703125 0.5361328125 0.0421875 0.060546875
0 0.74765625 0.4365234375 0.0421875 0.060546875
0 0.68984375 0.6005859375 0.0421875 0.060546875
0 0.61015625 0.2314453125 0.0421875 0.060546875
0 0.52734375 0.2744140625 0.0421875 0.060546875
0 0.49921875 0.3564453125 0.0421875 0.060546875
0 0.39296875 0.6787109375 0.0421875 0.060546875
0 0.28515625 0.3955078125 0.0421875 0.060546875
0 0.446875 0.5185546875 0.040625 0.060546875
0 0.69296875 0.1904296875 0.0421875 0.060546875
