0 0.58203125 0.7001953125 0.0515625 0.060546875
0 0.40859375 0.6845703125 0.0515625 0.056640625
0 0.42109375 0.4912109375 0.0515625 0.060546875
0 0.37890625 0.6015625 0.0546875 0.05859375
0 0.6359375 0.39453125 0.053125 0.05859375
0 0.36953125 0.4677734375 0.0515625 0.060546875
0 0.24765625 0.4755859375 0.0515625 0.056640625
0 0.2984375 0.5009765625 0.053125 0.056640625
0 0.1796875 0.1796875 0.053125 0.05859375
0 0.5234375 0.5380859375 0.053125 0.056640625
0 0.14609375 0.427734375 0.0546875 0.05859375
0 0.28203125 0.2294921875 0.0515625 0.060546875
0 0.53125 0.6748046875 0.053125 0.060546875
0 0.20234375 0.5869140625 0.0546875 0.056640625
0 0.53359375 0.3466796875 0.0546875 0.060546875
0 0.18828125 0.3173828125 0.0515625 0.056640625
0 0.4640625 0.3798828125 0.053125 0.056640625
0 0.36171875 0.3330078125 0.0515625 0.060546875
0 0.23046875 0.2041015625 0.0515625 0.060546875
0 0.209375 0.259765625 0.053125 0.05859375
0 0.44140625 0.4365234375 0.0515625 0.060546875
0 0.59453125 0.5068359375 0.0515625 0.056640625
0 0.471875 0.5146484375 0.053125 0.056640625
0 0.07265625 0.4609375 0.0515625 0.05859375
0 0.10390625 0.541015625 0.0515625 0.05859375
0 0.58359375 0.3701171875 0.0515625 0.060546875
0 0.43359375 0.2998046875 0.0515625 0.056640625
0 0.12421875 0.4833984375 0.0515625 0.056640625
0 0.15703125 0.2373046875 0.0515625 0.056640625
0 0.22578125 0.5302734375 0.0546875 0.060546875
0 0.2625 0.2841796875 0.053125 0.060546875
0 0.51484375 0.4033203125 0.0515625 0.056640625
0 0.40390625 0.22265625 0.0515625 0.05859375
0 0.30703125 0.6337890625 0.0515625 0.060546875
0 0.68671875 0.41796875 0.0546875 0.05859375
0 0.48046875 0.6513671875 0.0515625 0.060546875
0 0.6140625 0.44921875 0.053125 0.05859375
0 0.49375 0.4609375 0.053125 0.05859375
0 0.34140625 0.3876953125 0.0515625 0.060546875
0 0.60390625 0.64453125 0.0546875 0.05859375
0 0.65703125 0.3369140625 0.0515625 0.056640625
0 0.2765625 0.552734375 0.053125 0.05859375
0 0.57421875 0.5634765625 0.0515625 0.056640625
0 0.3515625 0.5244140625 0.053125 0.056640625
0 0.21640625 0.3974609375 0.0515625 0.056640625
0 0.28984375 0.36328125 0.0515625 0.05859375
0 0.66484375 0.4755859375 0.0515625 0.056640625
0 0.39140625 0.412109375 0.0546875 0.05859375
0 0.50078125 0.595703125 0.0515625 0.05859375
0 0.35390625 0.1962890625 0.0515625 0.056640625
0 0.45546875 0.244140625 0.0515625 0.05859375
0 0.50703125 0.2705078125 0.0515625 0.060546875
0 0.17578125 0.5087890625 0.0515625 0.060546875
0 0.60625 0.314453125 0.053125 0.05859375
0 0.51015625 0.73046875 0.0546875 0.05859375
0 0.45234375 0.5712890625 0.0515625 0.060546875
0 0.05078125 0.5166015625 0.0546875 0.060546875
0 0.553125 0.6201171875 0.053125 0.060546875
0 0.20078125 0.1240234375 0.0546875 0.060546875
0 0.62578125 0.5869140625 0.0515625 0.056640625
0 0.19609375 0.4541015625 0.0515625 0.060546875
0 0.26875 0.4208984375 0.053125 0.056640625
0 0.13671875 0.2919921875 0.0515625 0.056640625
0 0.55390625 0.2919921875 0.0546875 0.056640625
0 0.42890625 0.626953125 0.0515625 0.05859375
0 0.321875 0.443359375 0.053125 0.05859375
0 0.32890625 0.5810546875 0.0515625 0.056640625
0 0.11640625 0.3466796875 0.0515625 0.060546875
0 0.2390625 0.3408203125 0.053125 0.056640625
0 0.56640625 0.427734375 0.0515625 0.05859375
0 0.09609375 0.4033203125 0.0515625 0.056640625
0 0.30234375 0.173828125 0.0515625 0.05859375
0 0.38203125 0.27734375 0.0515625 0.05859375
0 0.48515625 0.3232421875 0.0546875 0.056640625
0 0.25078125 0.1494140625 0.0515625 0.060546875
0 0.46015625 0.70703125 0.0515625 0.05859375
0 0.33203125 0.25390625 0.0546875 0.05859375
0 0.64609375 0.5302734375 0.0515625 0.060546875
0 0.70859375 0.3623046875 0.0515625 0.060546875
0 0.54453125 0.48046875 0.0546875 0.05859375
0 0.40078125 0.546875 0.0515625 0.05859375
0 0.15390625 0.5634765625 0.0546875 0.056640625
0 0.41171875 0.357421875 0.0546875 0.05859375
0 0.31015625 0.3076171875 0.0515625 0.060546875
0 0.25859375 0.611328125 0.0515625 0.05859375
0 0.3578125 0.6591796875 0.053125 0.056640625
0 0.16640625 0.3720703125 0.0546875 0.056640625
0 0.5609375 0.7548828125 0.053125 0.060546875
