0 0.70859375 0.404296875 0.0453125 0.05859375
0 0.69609375 0.55078125 0.0453125 0.05859375
0 0.60390625 0.5947265625 0.0453125 0.060546875
0 0.48515625 0.16015625 0.0453125 0.05859375
0 0.42734375 0.330078125 0.0453125 0.05859375
0 0.3671875 0.5 0.046875 0.05859375
0 0.19296875 0.4462890625 0.0453125 0.060546875
0 0.6609375 0.42578125 0.046875 0.05859375
0 0.41484375 0.4765625 0.0453125 0.05859375
0 0.4734375 0.3095703125 0.046875 0.060546875
0 0.640625 0.154296875 0.046875 0.05859375
0 0.565625 0.2646484375 0.046875 0.060546875
0 0.64453125 0.36328125 0.0453125 0.05859375
0 0.50703125 0.431640625 0.0453125 0.05859375
0 0.25703125 0.484375 0.0453125 0.05859375
0 0.2515625 0.2734375 0.046875 0.05859375
0 0.5234375 0.494140625 0.046875 0.05859375
0 0.35625 0.6484375 0.046875 0.05859375
0 0.44453125 0.392578125 0.0453125 0.05859375
0 0.240625 0.4228515625 0.046875 0.060546875
0 0.30859375 0.6728515625 0.0453125 0.060546875
0 0.503125 0.224609375 0.046875 0.05859375
0 0.5765625 0.1162109375 0.046875 0.060546875
0 0.2734375 0.5478515625 0.046875 0.060546875
0 0.28671875 0.3984375 0.0453125 0.05859375
0 0.36328125 0.291015625 0.0453125 0.05859375
0 0.44765625 0.6015625 0.0453125 0.05859375
0 0.7234375 0.46484375 0.046875 0.05859375
0 0.62734375 0.302734375 0.0453125 0.05859375
0 0.38515625 0.564453125 0.0453125 0.05859375
0 0.5875 0.533203125 0.046875 0.05859375
0 0.54921875 0.201171875 0.0453125 0.05859375
0 0.62265625 0.0947265625 0.0453125 0.060546875
0 0.59296875 0.177734375 0.0453125 0.05859375
0 0.61484375 0.44921875 0.0453125 0.05859375
0 0.53046875 0.1396484375 0.0453125 0.060546875
0 0.58203125 0.32421875 0.0453125 0.05859375
0 0.17421875 0.3828125 0.0453125 0.05859375
0 0.2625 0.6962890625 0.046875 0.060546875
0 0.346875 0.228515625 0.046875 0.05859375
0 0.334375 0.375 0.046875 0.05859375
0 0.56953125 0.4697265625 0.0453125 0.060546875
0 0.20390625 0.2978515625 0.0453125 0.060546875
0 0.32109375 0.5234375 0.0453125 0.05859375
0 0.65703125 0.216796875 0.0453125 0.05859375
0 0.32734375 0.734375 0.0453125 0.05859375
0 0.24453125 0.6328125 0.0453125 0.05859375
0 0.15859375 0.318359375 0.0453125 0.05859375
0 0.45546875 0.24609375 0.0453125 0.05859375
0 0.29921875 0.25 0.0453125 0.05859375
0 0.43125 0.541015625 0.046875 0.05859375
0 0.22734375 0.5712890625 0.0453125 0.060546875
0 0.4390625 0.1845703125 0.046875 0.060546875
0 0.5125 0.642578125 0.046875 0.05859375
0 0.41875 0.6875 0.046875 0.05859375
0 0.40234375 0.625 0.0453125 0.05859375
0 0.63359375 0.509765625 0.0453125 0.05859375
0 0.48984375 0.37109375 0.0453125 0.05859375
0 0.2921875 0.609375 0.046875 0.05859375
0 0.303125 0.4609375 0.046875 0.05859375
0 0.51953125 0.28515625 0.0453125 0.05859375
0 0.38046875 0.353515625 0.0453125 0.05859375
0 0.315625 0.314453125 0.046875 0.05859375
0 0.22265625 0.359375 0.0453125 0.05859375
0 0.54140625 0.556640625 0.0453125 0.05859375
0 0.67890625 0.486328125 0.0453125 0.05859375
0 0.55859375 0.619140625 0.0453125 0.05859375
0 0.5359375 0.34765625 0.046875 0.05859375
0 0.35078125 0.4375 0.0453125 0.05859375
0 0.4609375 0.455078125 0.046875 0.05859375
0 0.39296875 0.205078125 0.0453125 0.05859375
0 0.409375 0.26953125 0.046875 0.05859375
0 0.65 0.5712890625 0.046875 0.060546875
0 0.3984375 0.416015625 0.046875 0.05859375
0 0.6734375 0.28125 0.046875 0.05859375
0 0.68984375 0.341796875 0.0453125 0.05859375
0 0.47734375 0.517578125 0.0453125 0.05859375
0 0.33984375 0.5859375 0.0453125 0.05859375
0 0.5984375 0.38671875 0.046875 0.05859375
0 0.209375 0.5078125 0.046875 0.05859375
0 0.26953125 0.337890625 0.0453125 0.05859375
0 0.37265625 0.7109375 0.0453125 0.05859375
0 0.46640625 0.6630859375 0.0453125 0.060546875
0 0.49609375 0.578125 0.0453125 0.05859375
0 0.61171875 0.2412109375 0.0453125 0.060546875
0 0.74140625 0.5263671875 0.0453125 0.060546875
0 0.55234375 0.408203125 0.0453125 0.05859375
0 0.27890625 0.7578125 0.0453125 0.05859375
