0 0.83046875 0.7998046875 0.0609375 0.060546875
0 0.96015625 0.79296875 0.0609375 0.0625
0 0.61875 0.470703125 0.0625 0.0625
0 0.7421875 0.1943359375 0.0625 0.060546875
0 0.89453125 0.794921875 0.0609375 0.0625
0 0.6328125 0.810546875 0.0625 0.0625
0 0.6265625 0.6083984375 0.0625 0.060546875
0 0.8203125 0.5966796875 0.0625 0.060546875
0 0.93984375 0.2509765625 0.0609375 0.064453125
0 0.6140625 0.3349609375 0.0625 0.060546875
0 0.55703125 0.5439453125 0.0609375 0.060546875
0 0.7625 0.8017578125 0.0625 0.060546875
0 0.75078125 0.46484375 0.0640625 0.0625
0 0.56484375 0.8173828125 0.0609375 0.060546875
0 0.56328125 0.681640625 0.0609375 0.0625
0 0.74609375 0.3291015625 0.0609375 0.064453125
0 0.95234375 0.6572265625 0.0640625 0.060546875
0 0.93515625 0.1162109375 0.0609375 0.060546875
0 0.75625 0.6005859375 0.0625 0.064453125
0 0.8078125 0.19140625 0.0625 0.0625
0 0.76015625 0.7353515625 0.0609375 0.060546875
0 0.61015625 0.2021484375 0.0609375 0.060546875
0 0.871875 0.1875 0.0625 0.0625
0 0.62890625 0.6748046875 0.0609375 0.060546875
0 0.94375 0.3857421875 0.0625 0.060546875
0 0.81796875 0.5283203125 0.0609375 0.060546875
0 0.54765625 0.2724609375 0.0640625 0.060546875
0 0.55234375 0.408203125 0.0609375 0.0625
0 0.62421875 0.5400390625 0.0640625 0.060546875
0 0.63125 0.744140625 0.0625 0.0625
0 0.490625 0.5478515625 0.0625 0.060546875
0 0.69296875 0.6728515625 0.0609375 0.060546875
0 0.47890625 0.2080078125 0.0609375 0.064453125
0 0.95546875 0.7236328125 0.0640625 0.060546875
0 0.87734375 0.3232421875 0.0640625 0.060546875
0 0.68671875 0.46875 0.0609375 0.0625
0 0.690625 0.6044921875 0.0625 0.060546875
0 0.81015625 0.259765625 0.0609375 0.0625
0 0.80546875 0.1220703125 0.0609375 0.064453125
0 0.69765625 0.8076171875 0.0640625 0.064453125
0 0.68828125 0.537109375 0.0609375 0.0625
0 0.81640625 0.4619140625 0.0609375 0.060546875
0 0.50078125 0.8193359375 0.0640625 0.060546875
0 0.61640625 0.4052734375 0.0609375 0.064453125
0 0.48515625 0.3427734375 0.0609375 0.060546875
0 0.82734375 0.732421875 0.0640625 0.0625
0 0.94765625 0.521484375 0.0609375 0.0625
0 0.75859375 0.6689453125 0.0609375 0.064453125
0 0.88203125 0.458984375 0.0609375 0.0625
0 0.821875 0.6640625 0.0625 0.0625
0 0.81171875 0.3271484375 0.0609375 0.064453125
0 0.8140625 0.3955078125 0.0625 0.064453125
0 0.684375 0.4013671875 0.0625 0.060546875
0 0.68046875 0.265625 0.0609375 0.0625
0 0.55859375 0.61328125 0.0609375 0.0625
0 0.67578125 0.197265625 0.0640625 0.0625
0 0.95 0.58984375 0.0625 0.0625
0 0.8921875 0.7294921875 0.0625 0.064453125
0 0.68046875 0.3330078125 0.0609375 0.060546875
0 0.49296875 0.615234375 0.0609375 0.0625
0 0.88828125 0.6591796875 0.0609375 0.060546875
0 0.5546875 0.4775390625 0.0625 0.060546875
0 0.8859375 0.5947265625 0.0625 0.060546875
0 0.7546875 0.533203125 0.0625 0.0625
0 0.6125 0.2705078125 0.0625 0.060546875
0 0.54921875 0.33984375 0.0640625 0.0625
0 0.74921875 0.3994140625 0.0640625 0.060546875
0 0.54453125 0.2041015625 0.0609375 0.060546875
0 0.4890625 0.4794921875 0.0625 0.060546875
0 0.60859375 0.1318359375 0.0609375 0.064453125
0 0.9375 0.185546875 0.0625 0.0625
0 0.67265625 0.12890625 0.0640625 0.0625
0 0.47578125 0.1376953125 0.0640625 0.060546875
0 0.49609375 0.6845703125 0.0640625 0.060546875
0 0.94609375 0.4541015625 0.0609375 0.060546875
0 0.69453125 0.73828125 0.0609375 0.0625
0 0.48046875 0.2763671875 0.0609375 0.064453125
0 0.74375 0.263671875 0.0625 0.0625
0 0.94140625 0.3212890625 0.0609375 0.060546875
0 0.884375 0.5263671875 0.0625 0.060546875
0 0.56484375 0.7470703125 0.0609375 0.064453125
0 0.49765625 0.7509765625 0.0640625 0.060546875
0 0.48671875 0.4111328125 0.0609375 0.060546875
0 0.5421875 0.1357421875 0.0625 0.060546875
0 0.87421875 0.2548828125 0.0640625 0.060546875
0 0.87890625 0.3916015625 0.0640625 0.060546875
0 0.73984375 0.1259765625 0.0609375 0.060546875
0 0.86953125 0.119140625 0.0609375 0.0625
