0 0.42265625 0.19921875 0.0609375 0.05859375
0 0.29609375 0.1904296875 0.0609375 0.060546875
0 0.1671875 0.1796875 0.059375 0.05859375
0 0.15546875 0.3076171875 0.0609375 0.060546875
0 0.18828125 0.6357421875 0.0609375 0.060546875
0 0.3140625 0.6455078125 0.059375 0.060546875
0 0.1765625 0.7646484375 0.059375 0.060546875
0 0.440625 0.6572265625 0.059375 0.060546875
0 0.45234375 0.52734375 0.0609375 0.05859375
0 0.2390625 0.7685546875 0.059375 0.060546875
0 0.509375 0.5966796875 0.059375 0.060546875
0 0.3515625 0.2607421875 0.05625 0.056640625
0 0.428125 0.7841796875 0.059375 0.056640625
0 0.4078125 0.3310546875 0.059375 0.060546875
0 0.30234375 0.7744140625 0.0609375 0.060546875
0 0.28125 0.3193359375 0.059375 0.060546875
0 0.25859375 0.5791015625 0.0578125 0.060546875
0 0.38359375 0.5859375 0.0609375 0.05859375
0 0.11328125 0.7587890625 0.0609375 0.060546875
0 0.14375 0.4365234375 0.059375 0.060546875
0 0.13125 0.56640625 0.059375 0.05859375
0 0.478125 0.271484375 0.05625 0.05859375
0 0.19609375 0.5732421875 0.0578125 0.060546875
0 0.365625 0.7802734375 0.059375 0.060546875
0 0.3265625 0.5146484375 0.059375 0.060546875
0 0.26953125 0.44921875 0.0609375 0.05859375
0 0.5484375 0.2119140625 0.059375 0.060546875
0 0.540625 0.2783203125 0.05625 0.060546875
0 0.06875 0.560546875 0.059375 0.05859375
0 0.321875 0.5810546875 0.05625 0.060546875
0 0.3890625 0.5224609375 0.059375 0.056640625
0 0.53359375 0.3408203125 0.0609375 0.060546875
0 0.05625 0.6923828125 0.059375 0.060546875
0 0.26328125 0.5126953125 0.0609375 0.060546875
0 0.41484375 0.265625 0.0578125 0.05859375
0 0.22421875 0.2509765625 0.0609375 0.060546875
0 0.52265625 0.46875 0.0578125 0.05859375
0 0.125 0.6328125 0.059375 0.05859375
0 0.2890625 0.2529296875 0.05625 0.060546875
0 0.2453125 0.705078125 0.059375 0.05859375
0 0.30859375 0.7109375 0.0609375 0.05859375
0 0.446875 0.5908203125 0.059375 0.060546875
0 0.359375 0.1962890625 0.059375 0.060546875
0 0.48515625 0.20703125 0.0609375 0.05859375
0 0.1375 0.5029296875 0.059375 0.060546875
0 0.396875 0.4580078125 0.05625 0.060546875
0 0.1625 0.2431640625 0.05625 0.056640625
0 0.07421875 0.4951171875 0.0609375 0.056640625
0 0.37734375 0.6513671875 0.0609375 0.060546875
0 0.2 0.5068359375 0.059375 0.060546875
0 0.23359375 0.8349609375 0.0609375 0.060546875
0 0.4671875 0.3974609375 0.059375 0.060546875
0 0.15078125 0.3740234375 0.0578125 0.060546875
0 0.4046875 0.3955078125 0.059375 0.060546875
0 0.2515625 0.6396484375 0.059375 0.056640625
0 0.49140625 0.7900390625 0.0609375 0.060546875
0 0.49765625 0.7255859375 0.0609375 0.060546875
0 0.278125 0.3828125 0.059375 0.05859375
0 0.0609375 0.6259765625 0.05625 0.060546875
0 0.21875 0.3134765625 0.059375 0.060546875
0 0.20625 0.44140625 0.059375 0.05859375
0 0.18203125 0.7021484375 0.0609375 0.060546875
0 0.11953125 0.6943359375 0.0609375 0.056640625
0 0.34140625 0.3896484375 0.0609375 0.060546875
0 0.37109375 0.7138671875 0.0609375 0.060546875
0 0.096875 0.2392578125 0.05625 0.060546875
0 0.434375 0.7197265625 0.059375 0.060546875
0 0.515625 0.5341796875 0.059375 0.060546875
0 0.3328125 0.4521484375 0.059375 0.060546875
0 0.4703125 0.3349609375 0.059375 0.060546875
0 0.503125 0.6591796875 0.059375 0.060546875
0 0.48359375 0.8525390625 0.0578125 0.060546875
0 0.46015625 0.4638671875 0.0578125 0.060546875
0 0.0484375 0.7568359375 0.05625 0.060546875
0 0.1046875 0.8251953125 0.059375 0.060546875
0 0.359375 0.8427734375 0.059375 0.060546875
0 0.52734375 0.4052734375 0.0609375 0.056640625
0 0.2140625 0.3779296875 0.05625 0.056640625
0 0.0859375 0.3681640625 0.059375 0.060546875
0 0.34765625 0.32421875 0.0609375 0.05859375
0 0.23359375 0.1845703125 0.0609375 0.060546875
0 0.29453125 0.8388671875 0.0578125 0.056640625
0 0.1046875 0.1728515625 0.059375 0.060546875
0 0.1671875 0.830078125 0.059375 0.05859375
0 0.0921875 0.3017578125 0.059375 0.060546875
0 0.08046875 0.4326171875 0.0609375 0.056640625
0 0.04140625 0.8212890625 0.0609375 0.056640625
0 0.42109375 0.8486328125 0.0578125 0.056640625
