0 0.35703125 0.7080078125 0.0390625 0.048828125
0 0.56796875 0.4267578125 0.0390625 0.048828125
0 0.66953125 0.7275390625 0.0390625 0.048828125
0 0.43359375 0.4130859375 0.0390625 0.048828125
0 0.50390625 0.5556640625 0.0390625 0.048828125
0 0.66171875 0.4541015625 0.0390625 0.048828125
0 0.73671875 0.3779296875 0.0390625 0.048828125
0 0.40234375 0.4755859375 0.0390625 0.048828125
0 0.49140625 0.7236328125 0.0390625 0.048828125
0 0.44921875 0.7353515625 0.0390625 0.048828125
0 0.31953125 0.5009765625 0.0390625 0.048828125
0 0.32890625 0.5517578125 0.0390625 0.048828125
0 0.43046875 0.6318359375 0.0390625 0.048828125
0 0.46328125 0.5673828125 0.0390625 0.048828125
0 0.56640625 0.6474609375 0.0390625 0.048828125
0 0.70234375 0.6630859375 0.0390625 0.048828125
0 0.68203125 0.5576171875 0.0390625 0.048828125
0 0.52734375 0.4384765625 0.0390625 0.048828125
0 0.44296875 0.4638671875 0.0390625 0.048828125
0 0.36015625 0.4892578125 0.0390625 0.048828125
0 0.78671875 0.6376953125 0.0390625 0.048828125
0 0.67265625 0.5068359375 0.0390625 0.048828125
0 0.72734375 0.3251953125 0.0390625 0.048828125
0 0.51328125 0.6064453125 0.0390625 0.048828125
0 0.41796875 0.8017578125 0.0390625 0.048828125
0 0.41171875 0.5283203125 0.0390625 0.048828125
0 0.63984375 0.5693359375 0.0390625 0.048828125
0 0.57890625 0.4794921875 0.0390625 0.048828125
0 0.36640625 0.7607421875 0.0390625 0.048828125
0 0.37890625 0.5927734375 0.0390625 0.048828125
0 0.50234375 0.7763671875 0.0390625 0.048828125
0 0.59765625 0.5830078125 0.0390625 0.048828125
0 0.61796875 0.6865234375 0.0390625 0.048828125
0 0.75390625 0.7021484375 0.0390625 0.048828125
0 0.55546875 0.5947265625 0.0390625 0.048828125
0 0.71484375 0.4951171875 0.0390625 0.048828125
0 0.63046875 0.5185546875 0.0390625 0.048828125
0 0.46015625 0.7880859375 0.0390625 0.048828125
0 0.70390625 0.4423828125 0.0390625 0.048828125
0 0.73515625 0.5986328125 0.0390625 0.048828125
0 0.53359375 0.7119140625 0.0390625 0.048828125
0 0.55859375 0.3759765625 0.0390625 0.048828125
0 0.68515625 0.3388671875 0.0390625 0.048828125
0 0.76640625 0.5341796875 0.0390625 0.048828125
0 0.64921875 0.6220703125 0.0390625 0.048828125
0 0.39765625 0.6962890625 0.0390625 0.048828125
0 0.51796875 0.3876953125 0.0390625 0.048828125
0 0.74609375 0.4287109375 0.0390625 0.048828125
0 0.74453125 0.6494140625 0.0390625 0.048828125
0 0.77578125 0.5849609375 0.0390625 0.048828125
0 0.48203125 0.6708984375 0.0390625 0.048828125
0 0.49453125 0.5029296875 0.0390625 0.048828125
0 0.34765625 0.6552734375 0.0390625 0.048828125
0 0.31015625 0.4482421875 0.0390625 0.048828125
0 0.54609375 0.5419921875 0.0390625 0.048828125
0 0.47578125 0.3994140625 0.0390625 0.048828125
0 0.75703125 0.4814453125 0.0390625 0.048828125
0 0.58515625 0.7509765625 0.0390625 0.048828125
0 0.69453125 0.3896484375 0.0390625 0.048828125
0 0.61015625 0.4150390625 0.0390625 0.048828125
0 0.45390625 0.5146484375 0.0390625 0.048828125
0 0.42109375 0.5791015625 0.0390625 0.048828125
0 0.64296875 0.3505859375 0.0390625 0.048828125
0 0.36953125 0.5400390625 0.0390625 0.048828125
0 0.66015625 0.6748046875 0.0390625 0.048828125
0 0.40859375 0.7490234375 0.0390625 0.048828125
0 0.39296875 0.4248046875 0.0390625 0.048828125
0 0.61953125 0.4658203125 0.0390625 0.048828125
0 0.38828125 0.6435546875 0.0390625 0.048828125
0 0.69140625 0.6103515625 0.0390625 0.048828125
0 0.62734375 0.7392578125 0.0390625 0.048828125
0 0.60078125 0.3623046875 0.0390625 0.048828125
0 0.53671875 0.4912109375 0.0390625 0.048828125
0 0.52421875 0.6591796875 0.0390625 0.048828125
0 0.54296875 0.7646484375 0.0390625 0.048828125
0 0.35078125 0.4365234375 0.0390625 0.048828125
0 0.43984375 0.6826171875 0.0390625 0.048828125
0 0.47265625 0.6201171875 0.0390625 0.048828125
0 0.48515625 0.4521484375 0.0390625 0.048828125
0 0.72421875 0.5458984375 0.0390625 0.048828125
0 0.60703125 0.6357421875 0.0390625 0.048828125
0 0.65234375 0.4033203125 0.0390625 0.048828125
0 0.58828125 0.5302734375 0.0390625 0.048828125
0 0.79609375 0.6904296875 0.0390625 0.048828125
0 0.37578125 0.8134765625 0.0390625 0.048828125
0 0.33671875 0.6044921875 0.0390625 0.048828125
0 0.57578125 0.6982421875 0.0390625 0.048828125
0 0.71171875 0.7138671875 0.0390625 0.048828125
