0 0.27578125 0.3251953125 0.0484375 0.072265625
0 0.32734375 0.353515625 0.0484375 0.07421875
0 0.25859375 0.3974609375 0.0484375 0.072265625
0 0.6359375 0.2841796875 0.046875 0.072265625
0 0.3140625 0.1845703125 0.046875 0.072265625
0 0.365625 0.2138671875 0.046875 0.072265625
0 0.271875 0.5654296875 0.046875 0.072265625
0 0.66640625 0.3818359375 0.0484375 0.072265625
0 0.509375 0.5361328125 0.046875 0.072265625
0 0.815625 0.4638671875 0.046875 0.072265625
0 0.43515625 0.1708984375 0.0484375 0.072265625
0 0.71640625 0.4111328125 0.0484375 0.072265625
0 0.70703125 0.6474609375 0.0484375 0.072265625
0 0.44765625 0.341796875 0.0484375 0.07421875
0 0.37734375 0.3798828125 0.0484375 0.072265625
0 0.40234375 0.716796875 0.0484375 0.07421875
0 0.559375 0.5654296875 0.046875 0.072265625
0 0.25234375 0.6318359375 0.0484375 0.072265625
0 0.6875 0.3134765625 0.046875 0.072265625
0 0.4765625 0.4404296875 0.046875 0.072265625
0 0.52890625 0.466796875 0.0484375 0.07421875
0 0.42734375 0.4111328125 0.0484375 0.072265625
0 0.59765625 0.4267578125 0.0484375 0.072265625
0 0.37109375 0.62109375 0.0484375 0.07421875
0 0.33359375 0.1123046875 0.0484375 0.072265625
0 0.42109375 0.6494140625 0.0484375 0.072265625
0 0.48984375 0.6064453125 0.0484375 0.072265625
0 0.321875 0.591796875 0.046875 0.07421875
0 0.56640625 0.3271484375 0.0484375 0.072265625
0 0.78671875 0.3681640625 0.0484375 0.072265625
0 0.45234375 0.74609375 0.0484375 0.07421875
0 0.49765625 0.3681640625 0.0484375 0.072265625
0 0.29140625 0.49609375 0.0484375 0.07421875
0 0.67578125 0.5517578125 0.0484375 0.072265625
0 0.459375 0.5107421875 0.046875 0.072265625
0 0.58984375 0.6611328125 0.0484375 0.072265625
0 0.51875 0.7021484375 0.046875 0.072265625
0 0.65859375 0.62109375 0.0484375 0.07421875
0 0.7390625 0.74609375 0.046875 0.07421875
0 0.4078125 0.4814453125 0.046875 0.072265625
0 0.83671875 0.3974609375 0.0484375 0.072265625
0 0.36015625 0.455078125 0.0484375 0.07421875
0 0.71640625 0.8134765625 0.0484375 0.072265625
0 0.5515625 0.8017578125 0.046875 0.072265625
0 0.2203125 0.5341796875 0.046875 0.072265625
0 0.628125 0.5224609375 0.046875 0.072265625
0 0.6875 0.716796875 0.046875 0.07421875
0 0.29453125 0.2548828125 0.0484375 0.072265625
0 0.30078125 0.6611328125 0.0484375 0.072265625
0 0.72734375 0.580078125 0.0484375 0.07421875
0 0.39609375 0.3134765625 0.0484375 0.072265625
0 0.5859375 0.2548828125 0.046875 0.072265625
0 0.7640625 0.4384765625 0.046875 0.072265625
0 0.35234375 0.6904296875 0.0484375 0.072265625
0 0.75625 0.6767578125 0.046875 0.072265625
0 0.390625 0.5517578125 0.046875 0.072265625
0 0.696875 0.4814453125 0.046875 0.072265625
0 0.340625 0.5244140625 0.046875 0.072265625
0 0.60859375 0.591796875 0.0484375 0.07421875
0 0.56875 0.7314453125 0.046875 0.072265625
0 0.796875 0.5361328125 0.046875 0.072265625
0 0.64765625 0.4521484375 0.0484375 0.072265625
0 0.46484375 0.2685546875 0.0484375 0.072265625
0 0.746875 0.5068359375 0.046875 0.072265625
0 0.578125 0.49609375 0.046875 0.07421875
0 0.5359375 0.2255859375 0.046875 0.072265625
0 0.38515625 0.1416015625 0.0484375 0.072265625
0 0.59921875 0.8251953125 0.0484375 0.072265625
0 0.415625 0.2431640625 0.046875 0.072265625
0 0.66640625 0.7841796875 0.0484375 0.072265625
0 0.61875 0.7548828125 0.046875 0.072265625
0 0.61640625 0.353515625 0.0484375 0.07421875
0 0.484375 0.2001953125 0.046875 0.072265625
0 0.31015625 0.4267578125 0.0484375 0.072265625
0 0.53984375 0.6357421875 0.0484375 0.072265625
0 0.6375 0.6904296875 0.046875 0.072265625
0 0.54765625 0.3974609375 0.0484375 0.072265625
0 0.440625 0.580078125 0.046875 0.07421875
0 0.5171875 0.2978515625 0.046875 0.072265625
0 0.47109375 0.6767578125 0.0484375 0.072265625
0 0.7375 0.3388671875 0.046875 0.072265625
0 0.64765625 0.853515625 0.0484375 0.07421875
0 0.34609375 0.2841796875 0.0484375 0.072265625
0 0.2390625 0.466796875 0.046875 0.07421875
0 0.5 0.7724609375 0.046875 0.072265625
0 0.696875 0.8798828125 0.046875 0.072265625
0 0.77734375 0.6064453125 0.0484375 0.072265625
0 0.20078125 0.6064453125 0.0484375 0.072265625
