0 0.53984375 0.5283203125 0.0390625 0.048828125
0 0.36484375 0.6220703125 0.0390625 0.048828125
0 0.45234375 0.5283203125 0.0390625 0.048828125
0 0.27734375 0.6240234375 0.0390625 0.048828125
0 0.58515625 0.6181640625 0.0390625 0.048828125
0 0.67421875 0.5244140625 0.0390625 0.048828125
0 0.40859375 0.5751953125 0.0390625 0.048828125
0 0.32109375 0.5771484375 0.0390625 0.048828125
0 0.41015625 0.7119140625 0.0390625 0.048828125
0 0.27890625 0.7138671875 0.0390625 0.048828125
0 0.36484375 0.5302734375 0.0390625 0.048828125
0 0.36640625 0.6669921875 0.0390625 0.048828125
0 0.49609375 0.5751953125 0.0390625 0.048828125
0 0.45234375 0.6201171875 0.0390625 0.048828125
0 0.40703125 0.4833984375 0.0390625 0.048828125
0 0.62890625 0.5732421875 0.0390625 0.048828125
0 0.45390625 0.6669921875 0.0390625 0.048828125
0 0.62890625 0.4794921875 0.0390625 0.048828125
0 0.54140625 0.5732421875 0.0390625 0.048828125
0 0.67265625 0.6162109375 0.0390625 0.048828125
0 0.31953125 0.4853515625 0.0390625 0.048828125
0 0.54140625 0.6650390625 0.0390625 0.048828125
0 0.49609375 0.4833984375 0.0390625 0.048828125
0 0.49765625 0.6201171875 0.0390625 0.048828125
0 0.36640625 0.7568359375 0.0390625 0.048828125
0 0.27890625 0.6689453125 0.0390625 0.048828125
0 0.62890625 0.5263671875 0.0390625 0.048828125
0 0.45234375 0.5751953125 0.0390625 0.048828125
0 0.71953125 0.4775390625 0.0390625 0.048828125
0 0.27578125 0.5322265625 0.0390625 0.048828125
0 0.32265625 0.7138671875 0.0390625 0.048828125
0 0.31953125 0.5322265625 0.0390625 0.048828125
0 0.49609375 0.5283203125 0.0390625 0.048828125
0 0.58515625 0.5263671875 0.0390625 0.048828125
0 0.40859375 0.6220703125 0.0390625 0.048828125
0 0.54140625 0.4814453125 0.0390625 0.048828125
0 0.49765625 0.7099609375 0.0390625 0.048828125
0 0.28046875 0.7587890625 0.0390625 0.048828125
0 0.58515625 0.7099609375 0.0390625 0.048828125
0 0.27578125 0.5771484375 0.0390625 0.048828125
0 0.67265625 0.7529296875 0.0390625 0.048828125
0 0.58515625 0.7529296875 0.0390625 0.048828125
0 0.71796875 0.5712890625 0.0390625 0.048828125
0 0.62890625 0.6630859375 0.0390625 0.048828125
0 0.41015625 0.7568359375 0.0390625 0.048828125
0 0.45390625 0.7568359375 0.0390625 0.048828125
0 0.49765625 0.7548828125 0.0390625 0.048828125
0 0.32265625 0.6689453125 0.0390625 0.048828125
0 0.71640625 0.7529296875 0.0390625 0.048828125
0 0.54140625 0.7548828125 0.0390625 0.048828125
0 0.58515625 0.4814453125 0.0390625 0.048828125
0 0.40859375 0.5302734375 0.0390625 0.048828125
0 0.45390625 0.7119140625 0.0390625 0.048828125
0 0.36640625 0.7119140625 0.0390625 0.048828125
0 0.36484375 0.5771484375 0.0390625 0.048828125
0 0.45234375 0.4833984375 0.0390625 0.048828125
0 0.32109375 0.6220703125 0.0390625 0.048828125
0 0.71640625 0.6611328125 0.0390625 0.048828125
0 0.54140625 0.6201171875 0.0390625 0.048828125
0 0.58515625 0.5732421875 0.0390625 0.048828125
0 0.67421875 0.4794921875 0.0390625 0.048828125
0 0.58515625 0.6630859375 0.0390625 0.048828125
0 0.62890625 0.6181640625 0.0390625 0.048828125
0 0.36328125 0.4853515625 0.0390625 0.048828125
0 0.41015625 0.6669921875 0.0390625 0.048828125
0 0.32421875 0.7587890625 0.0390625 0.048828125
0 0.71796875 0.5244140625 0.0390625 0.048828125
0 0.67265625 0.7080078125 0.0390625 0.048828125
0 0.36796875 0.8017578125 0.0390625 0.048828125
0 0.62890625 0.7529296875 0.0390625 0.048828125
0 0.62890625 0.7080078125 0.0390625 0.048828125
0 0.49765625 0.6650390625 0.0390625 0.048828125
0 0.67265625 0.6630859375 0.0390625 0.048828125
0 0.54140625 0.7099609375 0.0390625 0.048828125
0 0.45546875 0.7998046875 0.0390625 0.048828125
0 0.67265625 0.5712890625 0.0390625 0.048828125
0 0.27421875 0.4853515625 0.0390625 0.048828125
0 0.71640625 0.7080078125 0.0390625 0.048828125
0 0.32421875 0.8037109375 0.0390625 0.048828125
0 0.54140625 0.7998046875 0.0390625 0.048828125
0 0.49765625 0.7998046875 0.0390625 0.048828125
0 0.41171875 0.8017578125 0.0390625 0.048828125
0 0.71796875 0.6162109375 0.0390625 0.048828125
0 0.67265625 0.7978515625 0.0390625 0.048828125
0 0.71484375 0.7958984375 0.0390625 0.048828125
0 0.58515625 0.7998046875 0.0390625 0.048828125
0 0.62890625 0.7978515625 0.0390625 0.048828125
0 0.28046875 0.8037109375 0.0390625 0.048828125
