0 0.4625 0.6123046875 0.053125 0.083984375
0 0.878125 0.7099609375 0.053125 0.083984375
0 0.58125 0.6123046875 0.053125 0.083984375
0 0.64375 0.2587890625 0.053125 0.083984375
0 0.34375 0.6083984375 0.053125 0.083984375
0 0.88046875 0.2607421875 0.0515625 0.083984375
0 0.878125 0.52734375 0.053125 0.0859375
0 0.5265625 0.1669921875 0.053125 0.083984375
0 0.7 0.6142578125 0.053125 0.083984375
0 0.41015625 0.1630859375 0.0515625 0.083984375
0 0.88046875 0.3525390625 0.0515625 0.083984375
0 0.28515625 0.5166015625 0.0515625 0.083984375
0 0.81875 0.4404296875 0.053125 0.083984375
0 0.7625 0.1708984375 0.053125 0.083984375
0 0.403125 0.5166015625 0.053125 0.083984375
0 0.525 0.3447265625 0.053125 0.083984375
0 0.5265625 0.2548828125 0.053125 0.083984375
0 0.64375 0.1708984375 0.053125 0.083984375
0 0.346875 0.3427734375 0.053125 0.083984375
0 0.81875 0.7060546875 0.053125 0.083984375
0 0.7578125 0.7060546875 0.053125 0.083984375
0 0.4078125 0.2548828125 0.053125 0.083984375
0 0.403125 0.6083984375 0.053125 0.083984375
0 0.6984375 0.7060546875 0.053125 0.083984375
0 0.7 0.4365234375 0.053125 0.083984375
0 0.81875 0.52734375 0.053125 0.0859375
0 0.82109375 0.2607421875 0.0515625 0.083984375
0 0.703125 0.2587890625 0.053125 0.083984375
0 0.34375 0.5166015625 0.053125 0.083984375
0 0.81875 0.6181640625 0.053125 0.083984375
0 0.7625 0.2587890625 0.053125 0.083984375
0 0.88046875 0.173828125 0.0515625 0.0859375
0 0.82109375 0.173828125 0.0515625 0.0859375
0 0.7625 0.3486328125 0.053125 0.083984375
0 0.521875 0.5205078125 0.053125 0.083984375
0 0.6390625 0.7021484375 0.053125 0.083984375
0 0.465625 0.4326171875 0.053125 0.083984375
0 0.7 0.5244140625 0.053125 0.083984375
0 0.64375 0.3447265625 0.053125 0.083984375
0 0.5859375 0.1708984375 0.053125 0.083984375
0 0.465625 0.3427734375 0.053125 0.083984375
0 0.584375 0.3447265625 0.053125 0.083984375
0 0.759375 0.52734375 0.053125 0.0859375
0 0.7046875 0.1708984375 0.053125 0.083984375
0 0.41015625 0.076171875 0.0515625 0.0859375
0 0.58125 0.4326171875 0.053125 0.083984375
0 0.40625 0.3427734375 0.053125 0.083984375
0 0.81875 0.3486328125 0.053125 0.083984375
0 0.528125 0.0791015625 0.053125 0.083984375
0 0.4609375 0.6982421875 0.053125 0.083984375
0 0.4671875 0.2548828125 0.053125 0.083984375
0 0.878125 0.4404296875 0.053125 0.083984375
0 0.5203125 0.6982421875 0.053125 0.083984375
0 0.5796875 0.7021484375 0.053125 0.083984375
0 0.7640625 0.0830078125 0.053125 0.083984375
0 0.58125 0.5244140625 0.053125 0.083984375
0 0.4625 0.5205078125 0.053125 0.083984375
0 0.640625 0.5244140625 0.053125 0.083984375
0 0.2875 0.4296875 0.053125 0.0859375
0 0.346875 0.4296875 0.053125 0.0859375
0 0.703125 0.3486328125 0.053125 0.083984375
0 0.6453125 0.0830078125 0.053125 0.083984375
0 0.4671875 0.1669921875 0.053125 0.083984375
0 0.584375 0.2587890625 0.053125 0.083984375
0 0.3484375 0.2509765625 0.053125 0.083984375
0 0.878125 0.6181640625 0.053125 0.083984375
0 0.521875 0.6123046875 0.053125 0.083984375
0 0.82109375 0.0830078125 0.0515625 0.083984375
0 0.640625 0.6142578125 0.053125 0.083984375
0 0.2890625 0.3388671875 0.053125 0.083984375
0 0.29140625 0.1630859375 0.0515625 0.083984375
0 0.3421875 0.6962890625 0.053125 0.083984375
0 0.2828125 0.6044921875 0.053125 0.083984375
0 0.4015625 0.6982421875 0.053125 0.083984375
0 0.40625 0.4296875 0.053125 0.0859375
0 0.2828125 0.6962890625 0.053125 0.083984375
0 0.640625 0.4365234375 0.053125 0.083984375
0 0.35078125 0.1630859375 0.0515625 0.083984375
0 0.759375 0.4365234375 0.053125 0.083984375
0 0.29375 0.076171875 0.053125 0.0859375
0 0.46875 0.0791015625 0.053125 0.083984375
0 0.35078125 0.076171875 0.0515625 0.0859375
0 0.521875 0.4326171875 0.053125 0.083984375
0 0.7046875 0.0830078125 0.053125 0.083984375
0 0.88046875 0.0869140625 0.0515625 0.083984375
0 0.2890625 0.2509765625 0.053125 0.083984375
0 0.5859375 0.0791015625 0.053125 0.083984375
0 0.7578125 0.6142578125 0.053125 0.083984375
