0 0.34296875 0.3427734375 0.0390625 0.048828125
0 0.41953125 0.5595703125 0.0390625 0.048828125
0 0.45859375 0.7216796875 0.0390625 0.048828125
0 0.27421875 0.3994140625 0.0390625 0.048828125
0 0.45078125 0.3388671875 0.0390625 0.048828125
0 0.27734375 0.5068359375 0.0390625 0.048828125
0 0.49296875 0.6669921875 0.0390625 0.048828125
0 0.35078125 0.6669921875 0.0390625 0.048828125
0 0.31328125 0.6142578125 0.0390625 0.048828125
0 0.27578125 0.4541015625 0.0390625 0.048828125
0 0.24453125 0.6142578125 0.0390625 0.048828125
0 0.52421875 0.3349609375 0.0390625 0.048828125
0 0.31484375 0.6689453125 0.0390625 0.048828125
0 0.56328125 0.4443359375 0.0390625 0.048828125
0 0.34609375 0.4521484375 0.0390625 0.048828125
0 0.309375 0.3984375 0.028125 0.0390625
0 0.28046875 0.6689453125 0.0390625 0.048828125
0 0.42109375 0.6669921875 0.0390625 0.048828125
0 0.34765625 0.5595703125 0.0390625 0.048828125
0 0.35078125 0.7216796875 0.0390625 0.048828125
0 0.56484375 0.5556640625 0.0390625 0.048828125
0 0.52578125 0.3896484375 0.0390625 0.048828125
0 0.52578125 0.4462890625 0.0390625 0.048828125
0 0.48828125 0.3369140625 0.0390625 0.048828125
0 0.45390625 0.4482421875 0.0390625 0.048828125
0 0.52890625 0.5576171875 0.0390625 0.048828125
0 0.60546875 0.6669921875 0.0390625 0.048828125
0 0.27890625 0.5615234375 0.0390625 0.048828125
0 0.53203125 0.7216796875 0.0390625 0.048828125
0 0.59921875 0.3876953125 0.0390625 0.048828125
0 0.27890625 0.6142578125 0.0390625 0.048828125
0 0.23984375 0.3994140625 0.0390625 0.048828125
0 0.45546875 0.5576171875 0.0390625 0.048828125
0 0.49140625 0.5576171875 0.0390625 0.048828125
0 0.31328125 0.5595703125 0.0390625 0.048828125
0 0.38515625 0.6142578125 0.0390625 0.048828125
0 0.45703125 0.6669921875 0.0390625 0.048828125
0 0.56171875 0.3896484375 0.0390625 0.048828125
0 0.48984375 0.4482421875 0.0390625 0.048828125
0 0.31015625 0.4521484375 0.0390625 0.048828125
0 0.34609375 0.5048828125 0.0390625 0.048828125
0 0.38203125 0.4501953125 0.0390625 0.048828125
0 0.45703125 0.6123046875 0.0390625 0.048828125
0 0.24296875 0.5087890625 0.0390625 0.048828125
0 0.38359375 0.5595703125 0.0390625 0.048828125
0 0.56171875 0.3349609375 0.0390625 0.048828125
0 0.38203125 0.5048828125 0.0390625 0.048828125
0 0.34453125 0.3974609375 0.0390625 0.048828125
0 0.28046875 0.7216796875 0.0390625 0.048828125
0 0.41640625 0.4501953125 0.0390625 0.048828125
0 0.60546875 0.7236328125 0.0390625 0.048828125
0 0.38046875 0.3955078125 0.0390625 0.048828125
0 0.56796875 0.6669921875 0.0390625 0.048828125
0 0.31171875 0.5068359375 0.0390625 0.048828125
0 0.38515625 0.6689453125 0.0390625 0.048828125
0 0.60234375 0.5009765625 0.0390625 0.048828125
0 0.53046875 0.6669921875 0.0390625 0.048828125
0 0.45234375 0.3935546875 0.0390625 0.048828125
0 0.60234375 0.5556640625 0.0390625 0.048828125
0 0.24140625 0.4541015625 0.0390625 0.048828125
0 0.42109375 0.6123046875 0.0390625 0.048828125
0 0.42265625 0.7236328125 0.0390625 0.048828125
0 0.41640625 0.3955078125 0.0390625 0.048828125
0 0.49140625 0.5029296875 0.0390625 0.048828125
0 0.38671875 0.7216796875 0.0390625 0.048828125
0 0.3078125 0.3447265625 0.028125 0.041015625
0 0.24453125 0.6689453125 0.0390625 0.048828125
0 0.27265625 0.3447265625 0.0390625 0.048828125
0 0.45390625 0.5048828125 0.0390625 0.048828125
0 0.41796875 0.5048828125 0.0390625 0.048828125
0 0.60390625 0.6103515625 0.0390625 0.048828125
0 0.24296875 0.5615234375 0.0390625 0.048828125
0 0.56953125 0.7216796875 0.0390625 0.048828125
0 0.23828125 0.3466796875 0.0390625 0.048828125
0 0.56484375 0.5009765625 0.0390625 0.048828125
0 0.49453125 0.7216796875 0.0390625 0.048828125
0 0.52734375 0.5009765625 0.0390625 0.048828125
0 0.34921875 0.61328125 0.0265625 0.0390625
0 0.31640625 0.7216796875 0.0390625 0.048828125
0 0.37890625 0.3408203125 0.0390625 0.048828125
0 0.60078125 0.4443359375 0.0390625 0.048828125
0 0.41484375 0.3408203125 0.0390625 0.048828125
0 0.53046875 0.6123046875 0.0390625 0.048828125
0 0.48828125 0.3916015625 0.0390625 0.048828125
0 0.49296875 0.6123046875 0.0390625 0.048828125
0 0.56640625 0.6123046875 0.0390625 0.048828125
0 0.24609375 0.7216796875 0.0390625 0.048828125
0 0.59921875 0.3330078125 0.0390625 0.048828125
