0 0.60234375 0.3662109375 0.0390625 0.048828125
0 0.43671875 0.6162109375 0.0390625 0.048828125
0 0.72578125 0.4267578125 0.0390625 0.048828125
0 0.67734375 0.5849609375 0.0390625 0.048828125
0 0.62734375 0.7412109375 0.0390625 0.048828125
0 0.55234375 0.5244140625 0.0390625 0.048828125
0 0.48671875 0.4580078125 0.0390625 0.048828125
0 0.50234375 0.6826171875 0.0390625 0.048828125
0 0.56171875 0.6748046875 0.0390625 0.048828125
0 0.42734375 0.4658203125 0.0390625 0.048828125
0 0.49140625 0.5322265625 0.0390625 0.048828125
0 0.75390625 0.3857421875 0.0390625 0.048828125
0 0.73671875 0.5771484375 0.0390625 0.048828125
0 0.61171875 0.5185546875 0.0390625 0.048828125
0 0.63359375 0.4013671875 0.0390625 0.048828125
0 0.57890625 0.4833984375 0.0390625 0.048828125
0 0.59140625 0.2158203125 0.0390625 0.048828125
0 0.53046875 0.6416015625 0.0390625 0.048828125
0 0.51328125 0.8330078125 0.0390625 0.048828125
0 0.70390625 0.5439453125 0.0390625 0.048828125
0 0.62890625 0.3251953125 0.0390625 0.048828125
0 0.34921875 0.6650390625 0.0390625 0.048828125
0 0.81953125 0.4541015625 0.0390625 0.048828125
0 0.37734375 0.6240234375 0.0390625 0.048828125
0 0.53984375 0.7919921875 0.0390625 0.048828125
0 0.48046875 0.7998046875 0.0390625 0.048828125
0 0.66640625 0.4345703125 0.0390625 0.048828125
0 0.63984375 0.4755859375 0.0390625 0.048828125
0 0.66171875 0.3603515625 0.0390625 0.048828125
0 0.54140625 0.3759765625 0.0390625 0.048828125
0 0.58515625 0.5576171875 0.0390625 0.048828125
0 0.38203125 0.6982421875 0.0390625 0.048828125
0 0.44296875 0.6904296875 0.0390625 0.048828125
0 0.57265625 0.8251953125 0.0390625 0.048828125
0 0.61640625 0.5927734375 0.0390625 0.048828125
0 0.75859375 0.4619140625 0.0390625 0.048828125
0 0.58984375 0.6337890625 0.0390625 0.048828125
0 0.51484375 0.4169921875 0.0390625 0.048828125
0 0.67109375 0.5107421875 0.0390625 0.048828125
0 0.78671875 0.4189453125 0.0390625 0.048828125
0 0.55703125 0.6005859375 0.0390625 0.048828125
0 0.48203125 0.3818359375 0.0390625 0.048828125
0 0.56484375 0.2587890625 0.0390625 0.048828125
0 0.72109375 0.3525390625 0.0390625 0.048828125
0 0.54765625 0.4501953125 0.0390625 0.048828125
0 0.79296875 0.4931640625 0.0390625 0.048828125
0 0.49765625 0.6083984375 0.0390625 0.048828125
0 0.45390625 0.4248046875 0.0390625 0.048828125
0 0.50859375 0.3408203125 0.0390625 0.048828125
0 0.46953125 0.6494140625 0.0390625 0.048828125
0 0.40390625 0.5830078125 0.0390625 0.048828125
0 0.50859375 0.7568359375 0.0390625 0.048828125
0 0.34453125 0.5908203125 0.0390625 0.048828125
0 0.43203125 0.5400390625 0.0390625 0.048828125
0 0.51953125 0.4912109375 0.0390625 0.048828125
0 0.47578125 0.7236328125 0.0390625 0.048828125
0 0.53515625 0.7158203125 0.0390625 0.048828125
0 0.65546875 0.7001953125 0.0390625 0.048828125
0 0.56796875 0.7490234375 0.0390625 0.048828125
0 0.53671875 0.2998046875 0.0390625 0.048828125
0 0.69453125 0.3935546875 0.0390625 0.048828125
0 0.41484375 0.7314453125 0.0390625 0.048828125
0 0.68984375 0.3173828125 0.0390625 0.048828125
0 0.41015625 0.6572265625 0.0390625 0.048828125
0 0.62265625 0.6669921875 0.0390625 0.048828125
0 0.60703125 0.4423828125 0.0390625 0.048828125
0 0.59765625 0.2919921875 0.0390625 0.048828125
0 0.56953125 0.3349609375 0.0390625 0.048828125
0 0.39921875 0.5068359375 0.0390625 0.048828125
0 0.31640625 0.6318359375 0.0390625 0.048828125
0 0.68203125 0.6591796875 0.0390625 0.048828125
0 0.73203125 0.5029296875 0.0390625 0.048828125
0 0.46484375 0.5751953125 0.0390625 0.048828125
0 0.45859375 0.4990234375 0.0390625 0.048828125
0 0.62421875 0.2490234375 0.0390625 0.048828125
0 0.52421875 0.5673828125 0.0390625 0.048828125
0 0.70859375 0.6181640625 0.0390625 0.048828125
0 0.64453125 0.5517578125 0.0390625 0.048828125
0 0.65703125 0.2841796875 0.0390625 0.048828125
0 0.69921875 0.4677734375 0.0390625 0.048828125
0 0.37109375 0.5478515625 0.0390625 0.048828125
0 0.57421875 0.4091796875 0.0390625 0.048828125
0 0.59453125 0.7080078125 0.0390625 0.048828125
0 0.76484375 0.5361328125 0.0390625 0.048828125
0 0.64921875 0.6259765625 0.0390625 0.048828125
0 0.54453125 0.8662109375 0.0390625 0.048828125
0 0.44765625 0.7646484375 0.0390625 0.048828125
0 0.59921875 0.7841796875 0.0390625 0.048828125
