0 0.703125 0.5 0.0375 0.046875
0 0.6015625 0.4638671875 0.040625 0.048828125
0 0.43671875 0.478515625 0.0390625 0.046875
0 0.67265625 0.4140625 0.0390625 0.046875
0 0.5484375 0.7861328125 0.040625 0.048828125
0 0.58203125 0.7587890625 0.0390625 0.048828125
0 0.4890625 0.267578125 0.0375 0.046875
0 0.65078125 0.708984375 0.0390625 0.046875
0 0.48359375 0.7236328125 0.0390625 0.048828125
0 0.42109375 0.318359375 0.0390625 0.046875
0 0.503125 0.4287109375 0.040625 0.048828125
0 0.52265625 0.2431640625 0.0390625 0.048828125
0 0.55859375 0.21484375 0.0390625 0.046875
0 0.53671875 0.5146484375 0.0390625 0.048828125
0 0.73359375 0.5869140625 0.0390625 0.048828125
0 0.45234375 0.521484375 0.0390625 0.046875
0 0.3515625 0.3681640625 0.040625 0.048828125
0 0.55390625 0.4453125 0.0390625 0.046875
0 0.38515625 0.3447265625 0.0390625 0.048828125
0 0.60703125 0.2373046875 0.0390625 0.044921875
0 0.59921875 0.689453125 0.0390625 0.046875
0 0.6390625 0.3271484375 0.040625 0.048828125
0 0.65234375 0.4833984375 0.0390625 0.048828125
0 0.61953125 0.5078125 0.0390625 0.046875
0 0.51953125 0.583984375 0.0390625 0.046875
0 0.7 0.61328125 0.040625 0.046875
0 0.67109375 0.5263671875 0.0390625 0.048828125
0 0.63671875 0.55078125 0.0390625 0.046875
0 0.503125 0.541015625 0.040625 0.046875
0 0.6171875 0.6201171875 0.040625 0.048828125
0 0.45390625 0.2939453125 0.0390625 0.048828125
0 0.71796875 0.5458984375 0.0390625 0.048828125
0 0.40234375 0.3896484375 0.0390625 0.048828125
0 0.57421875 0.2626953125 0.0390625 0.048828125
0 0.6015625 0.5771484375 0.040625 0.048828125
0 0.56953125 0.490234375 0.0390625 0.046875
0 0.57265625 0.3759765625 0.0390625 0.048828125
0 0.5328125 0.740234375 0.040625 0.046875
0 0.41796875 0.5458984375 0.0390625 0.048828125
0 0.50546875 0.3134765625 0.0390625 0.048828125
0 0.68671875 0.45703125 0.0390625 0.046875
0 0.48515625 0.4951171875 0.0390625 0.048828125
0 0.55390625 0.33203125 0.0390625 0.046875
0 0.38515625 0.45703125 0.0390625 0.046875
0 0.68203125 0.6826171875 0.0390625 0.048828125
0 0.52109375 0.4716796875 0.0390625 0.048828125
0 0.6171875 0.732421875 0.040625 0.046875
0 0.47109375 0.33984375 0.0390625 0.046875
0 0.49921875 0.7666015625 0.0390625 0.048828125
0 0.56640625 0.7138671875 0.0390625 0.048828125
0 0.46796875 0.5673828125 0.0390625 0.048828125
0 0.63515625 0.6630859375 0.0390625 0.048828125
0 0.45390625 0.4072265625 0.0390625 0.048828125
0 0.62109375 0.39453125 0.0390625 0.046875
0 0.55078125 0.6728515625 0.0390625 0.048828125
0 0.53515625 0.626953125 0.0390625 0.046875
0 0.55234375 0.5576171875 0.0390625 0.048828125
0 0.3671875 0.4150390625 0.040625 0.044921875
0 0.68671875 0.572265625 0.0390625 0.046875
0 0.58984375 0.1904296875 0.0390625 0.048828125
0 0.41796875 0.4326171875 0.0390625 0.048828125
0 0.48515625 0.6083984375 0.0390625 0.048828125
0 0.6546875 0.37109375 0.040625 0.046875
0 0.66796875 0.6396484375 0.0390625 0.048828125
0 0.52109375 0.3564453125 0.0390625 0.048828125
0 0.51640625 0.697265625 0.0390625 0.046875
0 0.4875 0.3828125 0.040625 0.046875
0 0.58828125 0.4208984375 0.0390625 0.048828125
0 0.5859375 0.5322265625 0.040625 0.044921875
0 0.56796875 0.603515625 0.0390625 0.046875
0 0.40078125 0.50390625 0.0390625 0.046875
0 0.63671875 0.4404296875 0.0390625 0.048828125
0 0.46953125 0.4521484375 0.0390625 0.048828125
0 0.62109375 0.2822265625 0.0390625 0.048828125
0 0.43828125 0.36328125 0.0390625 0.046875
0 0.50078125 0.6533203125 0.0390625 0.048828125
0 0.58984375 0.3056640625 0.0390625 0.048828125
0 0.58359375 0.646484375 0.0390625 0.046875
0 0.45 0.634765625 0.040625 0.046875
0 0.46796875 0.6796875 0.0390625 0.046875
0 0.53828125 0.4013671875 0.0390625 0.048828125
0 0.715625 0.65625 0.040625 0.046875
0 0.434375 0.5908203125 0.040625 0.048828125
0 0.540625 0.2880859375 0.040625 0.044921875
0 0.65234375 0.5966796875 0.0390625 0.048828125
0 0.51484375 0.8115234375 0.0390625 0.048828125
0 0.6046875 0.3515625 0.0375 0.046875
0 0.74921875 0.6318359375 0.0390625 0.048828125
