0 0.421875 0.1787109375 0.04375 0.056640625
0 0.3234375 0.1787109375 0.04375 0.056640625
0 0.225 0.17578125 0.04375 0.0546875
0 0.221875 0.3037109375 0.04375 0.056640625
0 0.265625 0.6259765625 0.04375 0.056640625
0 0.3640625 0.6259765625 0.04375 0.056640625
0 0.2625 0.7548828125 0.04375 0.056640625
0 0.4625 0.6279296875 0.04375 0.056640625
0 0.4640625 0.5 0.04375 0.0546875
0 0.3125 0.7548828125 0.04375 0.056640625
0 0.5109375 0.5654296875 0.04375 0.056640625
0 0.371875 0.2431640625 0.04375 0.056640625
0 0.459375 0.7568359375 0.04375 0.056640625
0 0.41875 0.30859375 0.04375 0.0546875
0 0.3609375 0.7548828125 0.04375 0.056640625
0 0.3203125 0.3056640625 0.04375 0.056640625
0 0.3171875 0.5634765625 0.04375 0.056640625
0 0.4140625 0.5634765625 0.04375 0.056640625
0 0.2140625 0.7548828125 0.04375 0.056640625
0 0.2203125 0.4326171875 0.04375 0.056640625
0 0.2171875 0.5615234375 0.04375 0.056640625
0 0.46875 0.2451171875 0.04375 0.056640625
0 0.26875 0.5634765625 0.04375 0.056640625
0 0.409375 0.7568359375 0.04375 0.056640625
0 0.365625 0.498046875 0.04375 0.0546875
0 0.31875 0.4345703125 0.04375 0.056640625
0 0.5203125 0.1806640625 0.04375 0.056640625
0 0.51875 0.2451171875 0.04375 0.056640625
0 0.16875 0.5615234375 0.04375 0.056640625
0 0.365625 0.5634765625 0.04375 0.056640625
0 0.415625 0.5 0.04375 0.0546875
0 0.5171875 0.30859375 0.04375 0.0546875
0 0.1671875 0.6923828125 0.04375 0.056640625
0 0.3171875 0.498046875 0.04375 0.0546875
0 0.4203125 0.2431640625 0.04375 0.056640625
0 0.2734375 0.2412109375 0.04375 0.056640625
0 0.515625 0.4365234375 0.04375 0.056640625
0 0.2171875 0.6259765625 0.04375 0.056640625
0 0.321875 0.2412109375 0.04375 0.056640625
0 0.3140625 0.6923828125 0.04375 0.056640625
0 0.3625 0.6923828125 0.04375 0.056640625
0 0.4625 0.5634765625 0.04375 0.056640625
0 0.3734375 0.1787109375 0.04375 0.056640625
0 0.471875 0.1806640625 0.04375 0.056640625
0 0.21875 0.498046875 0.04375 0.0546875
0 0.4171875 0.4345703125 0.04375 0.056640625
0 0.225 0.2392578125 0.04375 0.056640625
0 0.1703125 0.4951171875 0.04375 0.056640625
0 0.4140625 0.6279296875 0.04375 0.056640625
0 0.26875 0.498046875 0.04375 0.0546875
0 0.3125 0.8193359375 0.04375 0.056640625
0 0.4671875 0.3720703125 0.04375 0.056640625
0 0.221875 0.3701171875 0.04375 0.056640625
0 0.41875 0.3720703125 0.04375 0.056640625
0 0.315625 0.6259765625 0.04375 0.056640625
0 0.5078125 0.7568359375 0.04375 0.056640625
0 0.509375 0.6943359375 0.04375 0.056640625
0 0.3203125 0.3701171875 0.04375 0.056640625
0 0.1671875 0.6259765625 0.04375 0.056640625
0 0.271875 0.3037109375 0.04375 0.056640625
0 0.2703125 0.4326171875 0.04375 0.056640625
0 0.2640625 0.6923828125 0.04375 0.056640625
0 0.215625 0.689453125 0.04375 0.0546875
0 0.3703125 0.3720703125 0.04375 0.056640625
0 0.4109375 0.6923828125 0.04375 0.056640625
0 0.1734375 0.2392578125 0.04375 0.056640625
0 0.4609375 0.6923828125 0.04375 0.056640625
0 0.5125 0.5029296875 0.04375 0.056640625
0 0.3671875 0.4345703125 0.04375 0.056640625
0 0.4671875 0.30859375 0.04375 0.0546875
0 0.509375 0.6279296875 0.04375 0.056640625
0 0.50625 0.8193359375 0.04375 0.056640625
0 0.465625 0.4365234375 0.04375 0.056640625
0 0.1640625 0.7548828125 0.04375 0.056640625
0 0.2125 0.8193359375 0.04375 0.056640625
0 0.409375 0.8193359375 0.04375 0.056640625
0 0.515625 0.3740234375 0.04375 0.056640625
0 0.271875 0.3701171875 0.04375 0.056640625
0 0.171875 0.3671875 0.04375 0.0546875
0 0.371875 0.3056640625 0.04375 0.056640625
0 0.275 0.17578125 0.04375 0.0546875
0 0.359375 0.8193359375 0.04375 0.056640625
0 0.175 0.1728515625 0.04375 0.056640625
0 0.2609375 0.8193359375 0.04375 0.056640625
0 0.1734375 0.3017578125 0.04375 0.056640625
0 0.171875 0.4326171875 0.04375 0.056640625
0 0.1625 0.8193359375 0.04375 0.056640625
0 0.4578125 0.8193359375 0.04375 0.056640625
