0 0.62109375 0.3779296875 0.0390625 0.048828125
0 0.46015625 0.2841796875 0.0390625 0.048828125
0 0.29765625 0.3642578125 0.0390625 0.048828125
0 0.30078125 0.7060546875 0.0390625 0.048828125
0 0.47578125 0.6748046875 0.0390625 0.048828125
0 0.24453125 0.5048828125 0.0390625 0.048828125
0 0.59609375 0.6162109375 0.0390625 0.048828125
0 0.31328125 0.7568359375 0.0390625 0.048828125
0 0.29921875 0.5361328125 0.0390625 0.048828125
0 0.40703125 0.4248046875 0.0390625 0.048828125
0 0.31328125 0.5869140625 0.0390625 0.048828125
0 0.64921875 0.4775390625 0.0390625 0.048828125
0 0.46171875 0.4560546875 0.0390625 0.048828125
0 0.47421875 0.5068359375 0.0390625 0.048828125
0 0.24609375 0.6767578125 0.0390625 0.048828125
0 0.62265625 0.5458984375 0.0390625 0.048828125
0 0.21640625 0.4033203125 0.0390625 0.048828125
0 0.63515625 0.5966796875 0.0390625 0.048828125
0 0.47421875 0.3349609375 0.0390625 0.048828125
0 0.18828125 0.4736328125 0.0390625 0.048828125
0 0.20234375 0.5244140625 0.0390625 0.048828125
0 0.46328125 0.6259765625 0.0390625 0.048828125
0 0.59453125 0.2763671875 0.0390625 0.048828125
0 0.55546875 0.6357421875 0.0390625 0.048828125
0 0.55546875 0.4658203125 0.0390625 0.048828125
0 0.28515625 0.4853515625 0.0390625 0.048828125
0 0.51484375 0.3154296875 0.0390625 0.048828125
0 0.39609375 0.7158203125 0.0390625 0.048828125
0 0.34140625 0.6865234375 0.0390625 0.048828125
0 0.40859375 0.5966796875 0.0390625 0.048828125
0 0.31171875 0.4150390625 0.0390625 0.048828125
0 0.50234375 0.6064453125 0.0390625 0.048828125
0 0.25859375 0.5556640625 0.0390625 0.048828125
0 0.38046875 0.4951171875 0.0390625 0.048828125
0 0.51484375 0.4873046875 0.0390625 0.048828125
0 0.28671875 0.6552734375 0.0390625 0.048828125
0 0.42265625 0.6455078125 0.0390625 0.048828125
0 0.63515625 0.4267578125 0.0390625 0.048828125
0 0.39453125 0.5458984375 0.0390625 0.048828125
0 0.35390625 0.5654296875 0.0390625 0.048828125
0 0.55546875 0.2958984375 0.0390625 0.048828125
0 0.25703125 0.3837890625 0.0390625 0.048828125
0 0.52890625 0.3662109375 0.0390625 0.048828125
0 0.27109375 0.4345703125 0.0390625 0.048828125
0 0.56796875 0.5166015625 0.0390625 0.048828125
0 0.37890625 0.3251953125 0.0390625 0.048828125
0 0.43359375 0.3544921875 0.0390625 0.048828125
0 0.54140625 0.2451171875 0.0390625 0.048828125
0 0.39296875 0.3740234375 0.0390625 0.048828125
0 0.35390625 0.3955078125 0.0390625 0.048828125
0 0.36640625 0.4462890625 0.0390625 0.048828125
0 0.33984375 0.5166015625 0.0390625 0.048828125
0 0.26015625 0.7236328125 0.0390625 0.048828125
0 0.41953125 0.3017578125 0.0390625 0.048828125
0 0.58203125 0.2255859375 0.0390625 0.048828125
0 0.44765625 0.4052734375 0.0390625 0.048828125
0 0.44921875 0.5751953125 0.0390625 0.048828125
0 0.33828125 0.3447265625 0.0390625 0.048828125
0 0.21640625 0.5751953125 0.0390625 0.048828125
0 0.66328125 0.5263671875 0.0390625 0.048828125
0 0.23046875 0.6259765625 0.0390625 0.048828125
0 0.56796875 0.3466796875 0.0390625 0.048828125
0 0.36796875 0.6162109375 0.0390625 0.048828125
0 0.60859375 0.3271484375 0.0390625 0.048828125
0 0.60859375 0.4970703125 0.0390625 0.048828125
0 0.58203125 0.3974609375 0.0390625 0.048828125
0 0.50234375 0.4365234375 0.0390625 0.048828125
0 0.42109375 0.4755859375 0.0390625 0.048828125
0 0.54140625 0.4169921875 0.0390625 0.048828125
0 0.59453125 0.4462890625 0.0390625 0.048828125
0 0.50078125 0.2646484375 0.0390625 0.048828125
0 0.43515625 0.5263671875 0.0390625 0.048828125
0 0.17265625 0.4208984375 0.0390625 0.048828125
0 0.52890625 0.5361328125 0.0390625 0.048828125
0 0.23046875 0.4521484375 0.0390625 0.048828125
0 0.38203125 0.6669921875 0.0390625 0.048828125
0 0.43515625 0.6962890625 0.0390625 0.048828125
0 0.27265625 0.6064453125 0.0390625 0.048828125
0 0.48828125 0.3857421875 0.0390625 0.048828125
0 0.58203125 0.5654296875 0.0390625 0.048828125
0 0.32734375 0.6357421875 0.0390625 0.048828125
0 0.48828125 0.5556640625 0.0390625 0.048828125
0 0.27421875 0.7763671875 0.0390625 0.048828125
0 0.51640625 0.6552734375 0.0390625 0.048828125
0 0.32578125 0.4658203125 0.0390625 0.048828125
0 0.35546875 0.7353515625 0.0390625 0.048828125
0 0.67578125 0.5771484375 0.0390625 0.048828125
0 0.54296875 0.5869140625 0.0390625 0.048828125
