0 0.60078125 0.5595703125 0.0390625 0.048828125
0 0.43984375 0.6533203125 0.0390625 0.048828125
0 0.27734375 0.5732421875 0.0390625 0.048828125
0 0.28046875 0.2314453125 0.0390625 0.048828125
0 0.45546875 0.2626953125 0.0390625 0.048828125
0 0.22421875 0.4326171875 0.0390625 0.048828125
0 0.57578125 0.3212890625 0.0390625 0.048828125
0 0.29296875 0.1806640625 0.0390625 0.048828125
0 0.27890625 0.4013671875 0.0390625 0.048828125
0 0.38671875 0.5126953125 0.0390625 0.048828125
0 0.29296875 0.3505859375 0.0390625 0.048828125
0 0.62890625 0.4599609375 0.0390625 0.048828125
0 0.44140625 0.4814453125 0.0390625 0.048828125
0 0.45390625 0.4306640625 0.0390625 0.048828125
0 0.22578125 0.2607421875 0.0390625 0.048828125
0 0.60234375 0.3916015625 0.0390625 0.048828125
0 0.19609375 0.5341796875 0.0390625 0.048828125
0 0.61484375 0.3408203125 0.0390625 0.048828125
0 0.45390625 0.6025390625 0.0390625 0.048828125
0 0.16796875 0.4638671875 0.0390625 0.048828125
0 0.18203125 0.4130859375 0.0390625 0.048828125
0 0.44296875 0.3115234375 0.0390625 0.048828125
0 0.57421875 0.6611328125 0.0390625 0.048828125
0 0.53515625 0.3017578125 0.0390625 0.048828125
0 0.53515625 0.4716796875 0.0390625 0.048828125
0 0.26484375 0.4521484375 0.0390625 0.048828125
0 0.49453125 0.6220703125 0.0390625 0.048828125
0 0.37578125 0.2216796875 0.0390625 0.048828125
0 0.32109375 0.2509765625 0.0390625 0.048828125
0 0.38828125 0.3408203125 0.0390625 0.048828125
0 0.29140625 0.5224609375 0.0390625 0.048828125
0 0.48203125 0.3310546875 0.0390625 0.048828125
0 0.23828125 0.3818359375 0.0390625 0.048828125
0 0.36015625 0.4423828125 0.0390625 0.048828125
0 0.49453125 0.4501953125 0.0390625 0.048828125
0 0.26640625 0.2822265625 0.0390625 0.048828125
0 0.40234375 0.2919921875 0.0390625 0.048828125
0 0.61484375 0.5107421875 0.0390625 0.048828125
0 0.37421875 0.3916015625 0.0390625 0.048828125
0 0.33359375 0.3720703125 0.0390625 0.048828125
0 0.53515625 0.6416015625 0.0390625 0.048828125
0 0.23671875 0.5537109375 0.0390625 0.048828125
0 0.50859375 0.5712890625 0.0390625 0.048828125
0 0.25078125 0.5029296875 0.0390625 0.048828125
0 0.54765625 0.4208984375 0.0390625 0.048828125
0 0.35859375 0.6123046875 0.0390625 0.048828125
0 0.41328125 0.5830078125 0.0390625 0.048828125
0 0.52109375 0.6923828125 0.0390625 0.048828125
0 0.37265625 0.5634765625 0.0390625 0.048828125
0 0.33359375 0.5419921875 0.0390625 0.048828125
0 0.34609375 0.4912109375 0.0390625 0.048828125
0 0.31953125 0.4208984375 0.0390625 0.048828125
0 0.23984375 0.2138671875 0.0390625 0.048828125
0 0.39921875 0.6357421875 0.0390625 0.048828125
0 0.56171875 0.7119140625 0.0390625 0.048828125
0 0.42734375 0.5322265625 0.0390625 0.048828125
0 0.42890625 0.3623046875 0.0390625 0.048828125
0 0.31796875 0.5927734375 0.0390625 0.048828125
0 0.19609375 0.3623046875 0.0390625 0.048828125
0 0.64296875 0.4111328125 0.0390625 0.048828125
0 0.21015625 0.3115234375 0.0390625 0.048828125
0 0.54765625 0.5908203125 0.0390625 0.048828125
0 0.34765625 0.3212890625 0.0390625 0.048828125
0 0.58828125 0.6103515625 0.0390625 0.048828125
0 0.58828125 0.4404296875 0.0390625 0.048828125
0 0.56171875 0.5400390625 0.0390625 0.048828125
0 0.48203125 0.5009765625 0.0390625 0.048828125
0 0.40078125 0.4619140625 0.0390625 0.048828125
0 0.52109375 0.5205078125 0.0390625 0.048828125
0 0.57421875 0.4912109375 0.0390625 0.048828125
0 0.48046875 0.6728515625 0.0390625 0.048828125
0 0.41484375 0.4111328125 0.0390625 0.048828125
0 0.15234375 0.5166015625 0.0390625 0.048828125
0 0.50859375 0.4013671875 0.0390625 0.048828125
0 0.21015625 0.4853515625 0.0390625 0.048828125
0 0.36171875 0.2705078125 0.0390625 0.048828125
0 0.41484375 0.2412109375 0.0390625 0.048828125
0 0.25234375 0.3310546875 0.0390625 0.048828125
0 0.46796875 0.5517578125 0.0390625 0.048828125
0 0.56171875 0.3720703125 0.0390625 0.048828125
0 0.30703125 0.3017578125 0.0390625 0.048828125
0 0.46796875 0.3818359375 0.0390625 0.048828125
0 0.25390625 0.1611328125 0.0390625 0.048828125
0 0.49609375 0.2822265625 0.0390625 0.048828125
0 0.30546875 0.4716796875 0.0390625 0.048828125
0 0.33515625 0.2021484375 0.0390625 0.048828125
0 0.65546875 0.3603515625 0.0390625 0.048828125
0 0.52265625 0.3505859375 0.0390625 0.048828125
