0 0.50078125 0.720703125 0.0484375 0.0625
0 0.43984375 0.6787109375 0.0484375 0.060546875
0 0.67421875 0.505859375 0.0484375 0.0625
0 0.5625 0.7626953125 0.046875 0.060546875
0 0.61015625 0.462890625 0.0484375 0.0625
0 0.43828125 0.3984375 0.0484375 0.0625
0 0.47578125 0.591796875 0.0484375 0.0625
0 0.58515625 0.33203125 0.0484375 0.0625
0 0.5375 0.3544921875 0.046875 0.060546875
0 0.5875 0.611328125 0.046875 0.0625
0 0.28828125 0.462890625 0.0484375 0.0625
0 0.62421875 0.2451171875 0.0484375 0.060546875
0 0.64921875 0.654296875 0.0484375 0.0625
0 0.3765625 0.63671875 0.046875 0.0625
0 0.46328125 0.52734375 0.0484375 0.0625
0 0.41640625 0.830078125 0.0484375 0.0625
0 0.75859375 0.396484375 0.0484375 0.0625
0 0.80859375 0.654296875 0.0484375 0.0625
0 0.746875 0.611328125 0.046875 0.0625
0 0.27421875 0.396484375 0.0484375 0.0625
0 0.52578125 0.5693359375 0.0484375 0.060546875
0 0.40078125 0.4853515625 0.0484375 0.060546875
0 0.41484375 0.5498046875 0.0484375 0.060546875
0 0.721875 0.482421875 0.046875 0.0625
0 0.49921875 0.44140625 0.0484375 0.0625
0 0.64921875 0.376953125 0.0484375 0.0625
0 0.73125 0.5498046875 0.046875 0.060546875
0 0.59921875 0.396484375 0.0484375 0.0625
0 0.353125 0.78515625 0.046875 0.0625
0 0.696875 0.3544921875 0.046875 0.060546875
0 0.5375 0.6337890625 0.046875 0.060546875
0 0.55078125 0.6982421875 0.0484375 0.060546875
0 0.79453125 0.3095703125 0.0484375 0.060546875
0 0.71015625 0.6982421875 0.0484375 0.060546875
0 0.746875 0.33203125 0.046875 0.0625
0 0.54921875 0.41796875 0.0484375 0.0625
0 0.67421875 0.22265625 0.0484375 0.0625
0 0.4875 0.376953125 0.046875 0.0625
0 0.78125 0.52734375 0.046875 0.0625
0 0.37421875 0.3544921875 0.0484375 0.060546875
0 0.36484375 0.572265625 0.0484375 0.0625
0 0.33828125 0.44140625 0.0484375 0.0625
0 0.81796875 0.44140625 0.0484375 0.0625
0 0.84453125 0.5693359375 0.0484375 0.060546875
0 0.73515625 0.267578125 0.0484375 0.0625
0 0.428125 0.6142578125 0.046875 0.060546875
0 0.68515625 0.2900390625 0.0484375 0.060546875
0 0.47421875 0.3125 0.0484375 0.0625
0 0.57421875 0.546875 0.0484375 0.0625
0 0.36640625 0.849609375 0.0484375 0.0625
0 0.403125 0.765625 0.046875 0.0625
0 0.68359375 0.572265625 0.0484375 0.0625
0 0.5625 0.482421875 0.046875 0.0625
0 0.51484375 0.78515625 0.0484375 0.0625
0 0.34140625 0.72265625 0.0484375 0.0625
0 0.3015625 0.52734375 0.046875 0.0625
0 0.46484375 0.806640625 0.0484375 0.0625
0 0.32890625 0.658203125 0.0484375 0.0625
0 0.453125 0.7421875 0.046875 0.0625
0 0.62421875 0.525390625 0.0484375 0.0625
0 0.66015625 0.44140625 0.0484375 0.0625
0 0.79453125 0.58984375 0.0484375 0.0625
0 0.3265625 0.376953125 0.046875 0.0625
0 0.85625 0.630859375 0.046875 0.0625
0 0.38984375 0.701171875 0.0484375 0.0625
0 0.80625 0.37890625 0.046875 0.0625
0 0.48984375 0.65625 0.0484375 0.0625
0 0.42578125 0.33203125 0.0484375 0.0625
0 0.63515625 0.59375 0.0484375 0.0625
0 0.6125 0.740234375 0.046875 0.0625
0 0.771875 0.1806640625 0.046875 0.060546875
0 0.63515625 0.3095703125 0.0484375 0.060546875
0 0.5125 0.505859375 0.046875 0.0625
0 0.45078125 0.462890625 0.0484375 0.0625
0 0.59921875 0.67578125 0.0484375 0.0625
0 0.82890625 0.505859375 0.0484375 0.0625
0 0.76796875 0.462890625 0.0484375 0.0625
0 0.38828125 0.41796875 0.0484375 0.0625
0 0.31484375 0.591796875 0.0484375 0.0625
0 0.57421875 0.267578125 0.0484375 0.0625
0 0.75859375 0.67578125 0.0484375 0.0625
0 0.52421875 0.2900390625 0.0484375 0.060546875
0 0.696875 0.6337890625 0.046875 0.060546875
0 0.721875 0.203125 0.046875 0.0625
0 0.78359375 0.2451171875 0.0484375 0.060546875
0 0.71015625 0.41796875 0.0484375 0.0625
0 0.3515625 0.505859375 0.046875 0.0625
0 0.66015625 0.71875 0.0484375 0.0625
