0 0.7671875 0.2763671875 0.053125 0.060546875
0 0.43359375 0.5185546875 0.0515625 0.064453125
0 0.6140625 0.583984375 0.05 0.05859375
0 0.5453125 0.2578125 0.053125 0.0625
0 0.63046875 0.1748046875 0.0515625 0.064453125
0 0.5984375 0.1279296875 0.053125 0.064453125
0 0.6109375 0.0400390625 0.05 0.060546875
0 0.66171875 0.2236328125 0.0515625 0.060546875
0 0.3546875 0.28515625 0.05 0.0625
0 0.415625 0.3818359375 0.053125 0.064453125
0 0.55 0.4853515625 0.053125 0.064453125
0 0.49375 0.6171875 0.053125 0.05859375
0 0.525 0.123046875 0.053125 0.05859375
0 0.47578125 0.4775390625 0.0515625 0.060546875
0 0.7984375 0.3271484375 0.053125 0.060546875
0 0.33203125 0.4638671875 0.0515625 0.060546875
0 0.70390625 0.181640625 0.0515625 0.0625
0 0.465625 0.5693359375 0.053125 0.064453125
0 0.30078125 0.4150390625 0.0515625 0.064453125
0 0.44609375 0.4306640625 0.0546875 0.060546875
0 0.56171875 0.3974609375 0.0546875 0.060546875
0 0.63671875 0.40234375 0.0515625 0.0625
0 0.48828125 0.388671875 0.0546875 0.0625
0 0.61796875 0.2626953125 0.0546875 0.060546875
0 0.57421875 0.3046875 0.0515625 0.0625
0 0.51953125 0.435546875 0.0546875 0.0625
0 0.5546875 0.1689453125 0.05 0.060546875
0 0.3359375 0.6904296875 0.053125 0.060546875
0 0.24609375 0.5458984375 0.0546875 0.064453125
0 0.7546875 0.3681640625 0.05 0.064453125
0 0.64921875 0.3134765625 0.0546875 0.060546875
0 0.3921875 0.560546875 0.053125 0.05859375
0 0.21640625 0.4951171875 0.0515625 0.064453125
0 0.4828125 0.1630859375 0.053125 0.060546875
0 0.38515625 0.3349609375 0.0515625 0.064453125
0 0.50078125 0.2998046875 0.0515625 0.060546875
0 0.78828125 0.4169921875 0.0515625 0.060546875
0 0.69296875 0.271484375 0.0515625 0.0625
0 0.525 0.6640625 0.053125 0.05859375
0 0.440625 0.7470703125 0.053125 0.060546875
0 0.271875 0.3681640625 0.053125 0.064453125
0 0.428125 0.2939453125 0.05 0.060546875
0 0.31875 0.5517578125 0.053125 0.064453125
0 0.53203125 0.3466796875 0.0515625 0.060546875
0 0.5140625 0.2119140625 0.053125 0.064453125
0 0.6984375 0.5009765625 0.05 0.060546875
0 0.37265625 0.421875 0.0546875 0.0625
0 0.640625 0.0869140625 0.053125 0.060546875
0 0.28828125 0.50390625 0.0546875 0.05859375
0 0.6578125 0.5419921875 0.053125 0.064453125
0 0.58125 0.5341796875 0.053125 0.060546875
0 0.6265625 0.4921875 0.053125 0.0625
0 0.6796875 0.3603515625 0.053125 0.060546875
0 0.36171875 0.5107421875 0.0546875 0.060546875
0 0.45859375 0.3408203125 0.0515625 0.060546875
0 0.6671875 0.4501953125 0.05 0.060546875
0 0.27578125 0.5927734375 0.0515625 0.064453125
0 0.5671875 0.0791015625 0.053125 0.060546875
0 0.3671875 0.7392578125 0.053125 0.064453125
0 0.5703125 0.6259765625 0.053125 0.064453125
0 0.22890625 0.4072265625 0.0546875 0.060546875
0 0.7234375 0.318359375 0.05 0.0625
0 0.3796875 0.6494140625 0.05 0.064453125
0 0.484375 0.7080078125 0.05 0.060546875
0 0.440625 0.205078125 0.053125 0.0625
0 0.7109375 0.41015625 0.053125 0.05859375
0 0.5875 0.2158203125 0.053125 0.060546875
0 0.25859375 0.45703125 0.0515625 0.05859375
0 0.7359375 0.2294921875 0.053125 0.060546875
0 0.5375 0.5751953125 0.05 0.064453125
0 0.671875 0.134765625 0.053125 0.0625
0 0.409375 0.6982421875 0.053125 0.060546875
0 0.34921875 0.5986328125 0.0515625 0.064453125
0 0.4703125 0.251953125 0.05 0.0625
0 0.40234375 0.46875 0.0515625 0.0625
0 0.8328125 0.375 0.053125 0.0625
0 0.60546875 0.35546875 0.0515625 0.0625
0 0.453125 0.65625 0.05 0.0625
0 0.34453125 0.3740234375 0.0546875 0.060546875
0 0.30625 0.640625 0.05 0.05859375
0 0.50703125 0.52734375 0.0515625 0.05859375
0 0.4203125 0.607421875 0.053125 0.05859375
0 0.396875 0.2451171875 0.05 0.064453125
0 0.5921875 0.4443359375 0.053125 0.060546875
0 0.3984375 0.7890625 0.053125 0.0625
0 0.3125 0.3271484375 0.05 0.060546875
0 0.18671875 0.4482421875 0.0546875 0.064453125
0 0.7421875 0.458984375 0.053125 0.0625
