0 0.58515625 0.4169921875 0.0390625 0.048828125
0 0.54765625 0.3720703125 0.0390625 0.048828125
0 0.52265625 0.5419921875 0.0390625 0.048828125
0 0.51015625 0.3271484375 0.0390625 0.048828125
0 0.48359375 0.4990234375 0.0390625 0.048828125
0 0.56015625 0.5869140625 0.0390625 0.048828125
0 0.44296875 0.3994140625 0.0390625 0.048828125
0 0.45703125 0.6689453125 0.0390625 0.048828125
0 0.49609375 0.7138671875 0.0390625 0.048828125
0 0.33359375 0.4267578125 0.0390625 0.048828125
0 0.41640625 0.5712890625 0.0390625 0.048828125
0 0.58203125 0.3623046875 0.0390625 0.048828125
0 0.26015625 0.4462890625 0.0390625 0.048828125
0 0.34765625 0.6455078125 0.0390625 0.048828125
0 0.62265625 0.4599609375 0.0390625 0.048828125
0 0.59765625 0.6298828125 0.0390625 0.048828125
0 0.30390625 0.5478515625 0.0390625 0.048828125
0 0.41015625 0.4638671875 0.0390625 0.048828125
0 0.26796875 0.5576171875 0.0390625 0.048828125
0 0.37421875 0.4736328125 0.0390625 0.048828125
0 0.44921875 0.5087890625 0.0390625 0.048828125
0 0.61953125 0.4072265625 0.0390625 0.048828125
0 0.29765625 0.4365234375 0.0390625 0.048828125
0 0.30703125 0.6025390625 0.0390625 0.048828125
0 0.26328125 0.5029296875 0.0390625 0.048828125
0 0.48671875 0.5517578125 0.0390625 0.048828125
0 0.51328125 0.3818359375 0.0390625 0.048828125
0 0.45546875 0.6162109375 0.0390625 0.048828125
0 0.40390625 0.3544921875 0.0390625 0.048828125
0 0.42265625 0.6806640625 0.0390625 0.048828125
0 0.56640625 0.6923828125 0.0390625 0.048828125
0 0.44453125 0.4541015625 0.0390625 0.048828125
0 0.38359375 0.6357421875 0.0390625 0.048828125
0 0.36953125 0.4189453125 0.0390625 0.048828125
0 0.46171875 0.7236328125 0.0390625 0.048828125
0 0.31015625 0.6572265625 0.0390625 0.048828125
0 0.30078125 0.4912109375 0.0390625 0.048828125
0 0.25703125 0.3916015625 0.0390625 0.048828125
0 0.45234375 0.5615234375 0.0390625 0.048828125
0 0.47734375 0.3896484375 0.0390625 0.048828125
0 0.27109375 0.6123046875 0.0390625 0.048828125
0 0.27421875 0.6669921875 0.0390625 0.048828125
0 0.55625 0.5322265625 0.0375 0.048828125
0 0.56171875 0.638671875 0.0390625 0.05078125
0 0.34140625 0.5361328125 0.0390625 0.048828125
0 0.37734375 0.5283203125 0.0390625 0.048828125
0 0.38984375 0.7451171875 0.0390625 0.048828125
0 0.38046875 0.5810546875 0.0390625 0.048828125
0 0.38671875 0.6904296875 0.0390625 0.048828125
0 0.59140625 0.5224609375 0.0390625 0.048828125
0 0.52578125 0.5966796875 0.0390625 0.048828125
0 0.33828125 0.4833984375 0.0390625 0.048828125
0 0.62890625 0.5673828125 0.0390625 0.048828125
0 0.58046875 0.3095703125 0.0390625 0.048828125
0 0.33046875 0.3720703125 0.0390625 0.048828125
0 0.35390625 0.7548828125 0.0390625 0.048828125
0 0.58828125 0.4697265625 0.0390625 0.048828125
0 0.51640625 0.4345703125 0.0390625 0.048828125
0 0.41328125 0.5166015625 0.0390625 0.048828125
0 0.31796875 0.7666015625 0.0390625 0.048828125
0 0.54453125 0.3173828125 0.0390625 0.048828125
0 0.62578125 0.5146484375 0.0390625 0.048828125
0 0.35078125 0.7001953125 0.0390625 0.048828125
0 0.61796875 0.3525390625 0.0390625 0.048828125
0 0.27734375 0.7216796875 0.0390625 0.048828125
0 0.48984375 0.6064453125 0.0390625 0.048828125
0 0.55078125 0.4248046875 0.0390625 0.048828125
0 0.63515625 0.6728515625 0.0390625 0.048828125
0 0.34296875 0.5908203125 0.0390625 0.048828125
0 0.40703125 0.4091796875 0.0390625 0.048828125
0 0.41953125 0.6259765625 0.0390625 0.048828125
0 0.43828125 0.3466796875 0.0390625 0.048828125
0 0.31484375 0.7119140625 0.0390625 0.048828125
0 0.60078125 0.6826171875 0.0390625 0.048828125
0 0.61484375 0.2998046875 0.0390625 0.048828125
0 0.42578125 0.7353515625 0.0390625 0.048828125
0 0.47421875 0.3369140625 0.0390625 0.048828125
0 0.51953125 0.4892578125 0.0390625 0.048828125
0 0.36796875 0.3623046875 0.0390625 0.048828125
0 0.48046875 0.4443359375 0.0390625 0.048828125
0 0.59453125 0.5751953125 0.0390625 0.048828125
0 0.55390625 0.4794921875 0.0390625 0.048828125
0 0.53125 0.7021484375 0.0375 0.048828125
0 0.49296875 0.6591796875 0.0390625 0.048828125
0 0.63203125 0.6201171875 0.0390625 0.048828125
0 0.29453125 0.3818359375 0.0390625 0.048828125
0 0.52890625 0.6494140625 0.0390625 0.048828125
0 0.28046875 0.7763671875 0.0390625 0.048828125
