0 0.49921875 0.185546875 0.0578125 0.0859375
0 0.31171875 0.279296875 0.0578125 0.0859375
0 0.93828125 0.673828125 0.0578125 0.0859375
0 0.43671875 0.087890625 0.0578125 0.0859375
0 0.94296875 0.087890625 0.0578125 0.0859375
0 0.81484375 0.087890625 0.0578125 0.0859375
0 0.31171875 0.47265625 0.0578125 0.0859375
0 0.49765625 0.375 0.0578125 0.0859375
0 0.68515625 0.37890625 0.0578125 0.0859375
0 0.68828125 0.185546875 0.0578125 0.0859375
0 0.81015625 0.673828125 0.0578125 0.0859375
0 0.3140625 0.087890625 0.059375 0.0859375
0 0.93828125 0.4794921875 0.0578125 0.087890625
0 0.49453125 0.5693359375 0.0578125 0.087890625
0 0.43671875 0.185546875 0.0578125 0.0859375
0 0.5578125 0.5693359375 0.059375 0.087890625
0 0.49453125 0.763671875 0.0578125 0.0859375
0 0.68359375 0.572265625 0.0578125 0.0859375
0 0.87265625 0.576171875 0.0578125 0.0859375
0 0.62265625 0.37890625 0.0578125 0.0859375
0 0.56015625 0.2822265625 0.0578125 0.087890625
0 0.43515625 0.375 0.0578125 0.0859375
0 0.75078125 0.185546875 0.0578125 0.0859375
0 0.49453125 0.666015625 0.0578125 0.0859375
0 0.940625 0.28515625 0.059375 0.0859375
0 0.81015625 0.4765625 0.0578125 0.0859375
0 0.625 0.185546875 0.059375 0.0859375
0 0.43203125 0.666015625 0.0578125 0.0859375
0 0.43515625 0.47265625 0.0578125 0.0859375
0 0.43671875 0.279296875 0.0578125 0.0859375
0 0.81328125 0.185546875 0.0578125 0.0859375
0 0.81328125 0.37890625 0.0578125 0.0859375
0 0.43515625 0.5693359375 0.0578125 0.087890625
0 0.74765625 0.37890625 0.0578125 0.0859375
0 0.81015625 0.572265625 0.0578125 0.0859375
0 0.87578125 0.37890625 0.0578125 0.0859375
0 0.87734375 0.185546875 0.0578125 0.0859375
0 0.940625 0.185546875 0.059375 0.0859375
0 0.36953125 0.6630859375 0.0578125 0.087890625
0 0.68359375 0.669921875 0.0578125 0.0859375
0 0.3140625 0.185546875 0.059375 0.0859375
0 0.31171875 0.375 0.0578125 0.0859375
0 0.5625 0.087890625 0.059375 0.0859375
0 0.81328125 0.2822265625 0.0578125 0.087890625
0 0.68359375 0.7666015625 0.0578125 0.087890625
0 0.37734375 0.087890625 0.0578125 0.0859375
0 0.625 0.087890625 0.059375 0.0859375
0 0.75078125 0.087890625 0.0578125 0.0859375
0 0.5578125 0.666015625 0.059375 0.0859375
0 0.49765625 0.47265625 0.0578125 0.0859375
0 0.68515625 0.4765625 0.0578125 0.0859375
0 0.56015625 0.37890625 0.0578125 0.0859375
0 0.36953125 0.759765625 0.0578125 0.0859375
0 0.49765625 0.2822265625 0.0578125 0.087890625
0 0.62109375 0.5693359375 0.0578125 0.087890625
0 0.37421875 0.185546875 0.0578125 0.0859375
0 0.74765625 0.572265625 0.0578125 0.0859375
0 0.5578125 0.47265625 0.059375 0.0859375
0 0.62265625 0.2822265625 0.0578125 0.087890625
0 0.93828125 0.576171875 0.0578125 0.0859375
0 0.87734375 0.087890625 0.0578125 0.0859375
0 0.30703125 0.759765625 0.0578125 0.0859375
0 0.37421875 0.375 0.0578125 0.0859375
0 0.5625 0.185546875 0.059375 0.0859375
0 0.940625 0.3828125 0.059375 0.0859375
0 0.37265625 0.47265625 0.0578125 0.0859375
0 0.5578125 0.763671875 0.059375 0.0859375
0 0.87265625 0.76953125 0.0578125 0.0859375
0 0.62265625 0.4765625 0.0578125 0.0859375
0 0.31015625 0.56640625 0.0578125 0.0859375
0 0.31015625 0.6630859375 0.0578125 0.087890625
0 0.68828125 0.087890625 0.0578125 0.0859375
0 0.68515625 0.2822265625 0.0578125 0.087890625
0 0.49921875 0.087890625 0.0578125 0.0859375
0 0.37265625 0.56640625 0.0578125 0.0859375
0 0.62109375 0.666015625 0.0578125 0.0859375
0 0.87265625 0.673828125 0.0578125 0.0859375
0 0.81015625 0.76953125 0.0578125 0.0859375
0 0.37421875 0.279296875 0.0578125 0.0859375
0 0.93828125 0.7734375 0.0578125 0.0859375
0 0.75078125 0.2822265625 0.0578125 0.087890625
0 0.43203125 0.759765625 0.0578125 0.0859375
0 0.74765625 0.4765625 0.0578125 0.0859375
0 0.74609375 0.76953125 0.0578125 0.0859375
0 0.87578125 0.4794921875 0.0578125 0.087890625
0 0.62109375 0.7666015625 0.0578125 0.087890625
0 0.74609375 0.669921875 0.0578125 0.0859375
0 0.87578125 0.2822265625 0.0578125 0.087890625
