0 0.60546875 0.5361328125 0.0578125 0.052734375
0 0.54296875 0.7021484375 0.0578125 0.052734375
0 0.38046875 0.6884765625 0.0546875 0.052734375
0 0.609375 0.419921875 0.05625 0.0546875
0 0.49765625 0.470703125 0.0578125 0.0546875
0 0.88046875 0.6142578125 0.0546875 0.052734375
0 0.66796875 0.3662109375 0.0546875 0.056640625
0 0.55625 0.359375 0.05625 0.0546875
0 0.38359375 0.6328125 0.0578125 0.0546875
0 0.44296875 0.4658203125 0.0546875 0.056640625
0 0.43515625 0.6357421875 0.0546875 0.052734375
0 0.54453125 0.64453125 0.0578125 0.0546875
0 0.83203125 0.435546875 0.0578125 0.0546875
0 0.6609375 0.4814453125 0.05625 0.056640625
0 0.6015625 0.5908203125 0.05625 0.052734375
0 0.7671875 0.6044921875 0.05625 0.052734375
0 0.38515625 0.5751953125 0.0578125 0.052734375
0 0.8203125 0.6669921875 0.05625 0.052734375
0 0.66875 0.30859375 0.05625 0.0546875
0 0.65703125 0.5966796875 0.0578125 0.052734375
0 0.390625 0.4619140625 0.05625 0.052734375
0 0.6140625 0.3056640625 0.05625 0.052734375
0 0.43984375 0.5791015625 0.0546875 0.052734375
0 0.55078125 0.53125 0.0578125 0.0546875
0 0.39140625 0.4052734375 0.0546875 0.056640625
0 0.82578125 0.5517578125 0.0546875 0.052734375
0 0.59921875 0.6494140625 0.0546875 0.052734375
0 0.72421875 0.3134765625 0.0546875 0.056640625
0 0.50234375 0.3544921875 0.0546875 0.056640625
0 0.50078125 0.412109375 0.0578125 0.0546875
0 0.49609375 0.5263671875 0.0546875 0.052734375
0 0.76484375 0.6630859375 0.0546875 0.052734375
0 0.34140625 0.3427734375 0.0578125 0.056640625
0 0.60703125 0.4765625 0.0546875 0.0546875
0 0.54765625 0.5888671875 0.0546875 0.052734375
0 0.49375 0.5849609375 0.05625 0.052734375
0 0.4421875 0.5224609375 0.05625 0.052734375
0 0.5046875 0.2978515625 0.05625 0.052734375
0 0.48984375 0.6396484375 0.0578125 0.052734375
0 0.55234375 0.47265625 0.0578125 0.0546875
0 0.33671875 0.4580078125 0.0546875 0.052734375
0 0.55546875 0.4169921875 0.0546875 0.056640625
0 0.32890625 0.6279296875 0.0546875 0.052734375
0 0.88515625 0.4990234375 0.0578125 0.052734375
0 0.77578125 0.373046875 0.0546875 0.0546875
0 0.3328125 0.5712890625 0.05625 0.052734375
0 0.434375 0.6923828125 0.05625 0.052734375
0 0.89296875 0.322265625 0.0578125 0.0546875
0 0.44765625 0.3525390625 0.0578125 0.056640625
0 0.38828125 0.5205078125 0.0546875 0.052734375
0 0.8734375 0.7294921875 0.05625 0.052734375
0 0.88828125 0.4384765625 0.0546875 0.052734375
0 0.66328125 0.423828125 0.0546875 0.0546875
0 0.71015625 0.658203125 0.0578125 0.0546875
0 0.771875 0.48828125 0.05625 0.0546875
0 0.65234375 0.7119140625 0.0546875 0.052734375
0 0.82421875 0.6103515625 0.0578125 0.052734375
0 0.87734375 0.669921875 0.0578125 0.0546875
0 0.61015625 0.3642578125 0.0546875 0.056640625
0 0.48828125 0.6982421875 0.0546875 0.052734375
0 0.76328125 0.720703125 0.0578125 0.0546875
0 0.81796875 0.7255859375 0.0546875 0.052734375
0 0.71796875 0.4287109375 0.0578125 0.056640625
0 0.328125 0.6865234375 0.05625 0.052734375
0 0.3359375 0.5146484375 0.05625 0.052734375
0 0.775 0.4306640625 0.05625 0.056640625
0 0.66015625 0.5390625 0.0546875 0.0546875
0 0.7140625 0.54296875 0.05625 0.0546875
0 0.39609375 0.34765625 0.0546875 0.0546875
0 0.828125 0.4951171875 0.05625 0.052734375
0 0.653125 0.6533203125 0.05625 0.052734375
0 0.8359375 0.3173828125 0.05625 0.056640625
0 0.70625 0.7158203125 0.05625 0.052734375
0 0.8890625 0.3818359375 0.05625 0.052734375
0 0.5984375 0.70703125 0.05625 0.0546875
0 0.77109375 0.5478515625 0.0578125 0.052734375
0 0.88125 0.5537109375 0.05625 0.052734375
0 0.44609375 0.408203125 0.0578125 0.0546875
0 0.56015625 0.3017578125 0.0578125 0.056640625
0 0.721875 0.37109375 0.05625 0.0546875
0 0.8328125 0.3779296875 0.05625 0.056640625
0 0.33984375 0.400390625 0.0578125 0.0546875
0 0.396875 0.291015625 0.05625 0.0546875
0 0.45078125 0.2939453125 0.0546875 0.052734375
0 0.71640625 0.486328125 0.0546875 0.0546875
0 0.7796875 0.3154296875 0.05625 0.056640625
0 0.71171875 0.6005859375 0.0546875 0.052734375
0 0.34453125 0.287109375 0.0546875 0.0546875
