0 0.38984375 0.5634765625 0.0390625 0.048828125
0 0.45078125 0.5654296875 0.0390625 0.048828125
0 0.57734375 0.2666015625 0.0390625 0.048828125
0 0.38828125 0.6396484375 0.0390625 0.048828125
0 0.57578125 0.3427734375 0.0390625 0.048828125
0 0.44765625 0.6416015625 0.0390625 0.048828125
0 0.51015625 0.5673828125 0.0390625 0.048828125
0 0.35859375 0.6005859375 0.0390625 0.048828125
0 0.60546875 0.3818359375 0.0390625 0.048828125
0 0.50859375 0.6435546875 0.0390625 0.048828125
0 0.45234375 0.4892578125 0.0390625 0.048828125
0 0.54453125 0.3798828125 0.0390625 0.048828125
0 0.63359375 0.4208984375 0.0390625 0.048828125
0 0.51171875 0.4912109375 0.0390625 0.048828125
0 0.35546875 0.7529296875 0.0390625 0.048828125
0 0.56953125 0.5693359375 0.0390625 0.048828125
0 0.63671875 0.3447265625 0.0390625 0.048828125
0 0.54609375 0.3037109375 0.0390625 0.048828125
0 0.39140625 0.4873046875 0.0390625 0.048828125
0 0.44453125 0.7939453125 0.0390625 0.048828125
0 0.39296875 0.4111328125 0.0390625 0.048828125
0 0.41484375 0.7548828125 0.0390625 0.048828125
0 0.57421875 0.4189453125 0.0390625 0.048828125
0 0.60703125 0.3056640625 0.0390625 0.048828125
0 0.29609375 0.6748046875 0.0390625 0.048828125
0 0.35703125 0.6767578125 0.0390625 0.048828125
0 0.51328125 0.4169921875 0.0390625 0.048828125
0 0.51953125 0.1884765625 0.0390625 0.048828125
0 0.41953125 0.6025390625 0.0390625 0.048828125
0 0.66484375 0.3837890625 0.0390625 0.048828125
0 0.42109375 0.5263671875 0.0390625 0.048828125
0 0.32734375 0.6376953125 0.0390625 0.048828125
0 0.23671875 0.5966796875 0.0390625 0.048828125
0 0.51640625 0.3408203125 0.0390625 0.048828125
0 0.63046875 0.5712890625 0.0390625 0.048828125
0 0.69453125 0.4228515625 0.0390625 0.048828125
0 0.44609375 0.7177734375 0.0390625 0.048828125
0 0.32890625 0.5615234375 0.0390625 0.048828125
0 0.36015625 0.5244140625 0.0390625 0.048828125
0 0.60390625 0.4580078125 0.0390625 0.048828125
0 0.56796875 0.6455078125 0.0390625 0.048828125
0 0.54921875 0.2275390625 0.0390625 0.048828125
0 0.26953125 0.5595703125 0.0390625 0.048828125
0 0.69296875 0.4990234375 0.0390625 0.048828125
0 0.48828125 0.2255859375 0.0390625 0.048828125
0 0.27109375 0.4833984375 0.0390625 0.048828125
0 0.54296875 0.4560546875 0.0390625 0.048828125
0 0.41640625 0.6787109375 0.0390625 0.048828125
0 0.66328125 0.4599609375 0.0390625 0.048828125
0 0.48671875 0.3017578125 0.0390625 0.048828125
0 0.38359375 0.7919921875 0.0390625 0.048828125
0 0.23828125 0.5205078125 0.0390625 0.048828125
0 0.51796875 0.2646484375 0.0390625 0.048828125
0 0.26640625 0.6357421875 0.0390625 0.048828125
0 0.39453125 0.3369140625 0.0390625 0.048828125
0 0.45390625 0.4150390625 0.0390625 0.048828125
0 0.33203125 0.4853515625 0.0390625 0.048828125
0 0.36171875 0.4482421875 0.0390625 0.048828125
0 0.48515625 0.3779296875 0.0390625 0.048828125
0 0.45703125 0.2626953125 0.0390625 0.048828125
0 0.29765625 0.5986328125 0.0390625 0.048828125
0 0.45546875 0.3388671875 0.0390625 0.048828125
0 0.48203125 0.4521484375 0.0390625 0.048828125
0 0.50703125 0.7197265625 0.0390625 0.048828125
0 0.29921875 0.5224609375 0.0390625 0.048828125
0 0.47890625 0.6044921875 0.0390625 0.048828125
0 0.33359375 0.4091796875 0.0390625 0.048828125
0 0.42265625 0.4501953125 0.0390625 0.048828125
0 0.38515625 0.7158203125 0.0390625 0.048828125
0 0.57265625 0.4951171875 0.0390625 0.048828125
0 0.63203125 0.4970703125 0.0390625 0.048828125
0 0.72265625 0.4619140625 0.0390625 0.048828125
0 0.54140625 0.5302734375 0.0390625 0.048828125
0 0.42578125 0.2998046875 0.0390625 0.048828125
0 0.48046875 0.5283203125 0.0390625 0.048828125
0 0.30234375 0.4462890625 0.0390625 0.048828125
0 0.42421875 0.3740234375 0.0390625 0.048828125
0 0.53984375 0.6064453125 0.0390625 0.048828125
0 0.47734375 0.6806640625 0.0390625 0.048828125
0 0.32578125 0.7138671875 0.0390625 0.048828125
0 0.60078125 0.5322265625 0.0390625 0.048828125
0 0.47578125 0.7568359375 0.0390625 0.048828125
0 0.66171875 0.5341796875 0.0390625 0.048828125
0 0.53828125 0.6826171875 0.0390625 0.048828125
0 0.59921875 0.6083984375 0.0390625 0.048828125
0 0.36484375 0.3740234375 0.0390625 0.048828125
0 0.20859375 0.5576171875 0.0390625 0.048828125
0 0.41328125 0.8310546875 0.0390625 0.048828125
