0 0.63046875 0.6474609375 0.0390625 0.048828125
0 0.33203125 0.5927734375 0.0390625 0.048828125
0 0.54609375 0.6474609375 0.0390625 0.048828125
0 0.59453125 0.2666015625 0.0390625 0.048828125
0 0.50546875 0.4833984375 0.0390625 0.048828125
0 0.41796875 0.5927734375 0.0390625 0.048828125
0 0.41953125 0.4833984375 0.0390625 0.048828125
0 0.71484375 0.6494140625 0.0390625 0.048828125
0 0.33359375 0.4814453125 0.0390625 0.048828125
0 0.46484375 0.3740234375 0.0390625 0.048828125
0 0.28828125 0.6474609375 0.0390625 0.048828125
0 0.37890625 0.3720703125 0.0390625 0.048828125
0 0.50390625 0.5927734375 0.0390625 0.048828125
0 0.63671875 0.3232421875 0.0390625 0.048828125
0 0.71640625 0.5400390625 0.0390625 0.048828125
0 0.46015625 0.6474609375 0.0390625 0.048828125
0 0.50703125 0.3759765625 0.0390625 0.048828125
0 0.41953125 0.5380859375 0.0390625 0.048828125
0 0.63203125 0.5947265625 0.0390625 0.048828125
0 0.50546875 0.5380859375 0.0390625 0.048828125
0 0.54921875 0.4306640625 0.0390625 0.048828125
0 0.37734375 0.4833984375 0.0390625 0.048828125
0 0.46171875 0.5380859375 0.0390625 0.048828125
0 0.54609375 0.5927734375 0.0390625 0.048828125
0 0.28828125 0.5927734375 0.0390625 0.048828125
0 0.33046875 0.6474609375 0.0390625 0.048828125
0 0.63203125 0.5400390625 0.0390625 0.048828125
0 0.41796875 0.6474609375 0.0390625 0.048828125
0 0.37421875 0.6474609375 0.0390625 0.048828125
0 0.54765625 0.5380859375 0.0390625 0.048828125
0 0.59296875 0.3759765625 0.0390625 0.048828125
0 0.67265625 0.6494140625 0.0390625 0.048828125
0 0.71796875 0.4853515625 0.0390625 0.048828125
0 0.33515625 0.3720703125 0.0390625 0.048828125
0 0.54921875 0.4853515625 0.0390625 0.048828125
0 0.59453125 0.3212890625 0.0390625 0.048828125
0 0.63515625 0.4306640625 0.0390625 0.048828125
0 0.55078125 0.3212890625 0.0390625 0.048828125
0 0.67890625 0.3232421875 0.0390625 0.048828125
0 0.50703125 0.4287109375 0.0390625 0.048828125
0 0.59140625 0.4306640625 0.0390625 0.048828125
0 0.63359375 0.4853515625 0.0390625 0.048828125
0 0.29140625 0.3720703125 0.0390625 0.048828125
0 0.37578125 0.5927734375 0.0390625 0.048828125
0 0.42109375 0.3740234375 0.0390625 0.048828125
0 0.33203125 0.5380859375 0.0390625 0.048828125
0 0.46015625 0.5927734375 0.0390625 0.048828125
0 0.58828125 0.6474609375 0.0390625 0.048828125
0 0.37890625 0.3173828125 0.0390625 0.048828125
0 0.33515625 0.4267578125 0.0390625 0.048828125
0 0.71953125 0.4326171875 0.0390625 0.048828125
0 0.42109375 0.4287109375 0.0390625 0.048828125
0 0.67421875 0.5947265625 0.0390625 0.048828125
0 0.28984375 0.4814453125 0.0390625 0.048828125
0 0.71953125 0.3779296875 0.0390625 0.048828125
0 0.28984375 0.5361328125 0.0390625 0.048828125
0 0.46484375 0.3193359375 0.0390625 0.048828125
0 0.67421875 0.5400390625 0.0390625 0.048828125
0 0.50859375 0.3212890625 0.0390625 0.048828125
0 0.67734375 0.4306640625 0.0390625 0.048828125
0 0.58828125 0.5927734375 0.0390625 0.048828125
0 0.38046875 0.2626953125 0.0390625 0.048828125
0 0.59140625 0.4853515625 0.0390625 0.048828125
0 0.46328125 0.4287109375 0.0390625 0.048828125
0 0.46640625 0.2646484375 0.0390625 0.048828125
0 0.71640625 0.5947265625 0.0390625 0.048828125
0 0.37578125 0.5380859375 0.0390625 0.048828125
0 0.29296875 0.3154296875 0.0390625 0.048828125
0 0.55078125 0.3759765625 0.0390625 0.048828125
0 0.42265625 0.3193359375 0.0390625 0.048828125
0 0.46328125 0.4833984375 0.0390625 0.048828125
0 0.37734375 0.4287109375 0.0390625 0.048828125
0 0.51015625 0.2646484375 0.0390625 0.048828125
0 0.50390625 0.6474609375 0.0390625 0.048828125
0 0.29140625 0.4267578125 0.0390625 0.048828125
0 0.72109375 0.3232421875 0.0390625 0.048828125
0 0.67890625 0.2685546875 0.0390625 0.048828125
0 0.63515625 0.3779296875 0.0390625 0.048828125
0 0.58984375 0.5400390625 0.0390625 0.048828125
0 0.67734375 0.3779296875 0.0390625 0.048828125
0 0.55234375 0.2666015625 0.0390625 0.048828125
0 0.72265625 0.2685546875 0.0390625 0.048828125
0 0.67578125 0.4853515625 0.0390625 0.048828125
0 0.33671875 0.2626953125 0.0390625 0.048828125
0 0.29296875 0.2607421875 0.0390625 0.048828125
0 0.33671875 0.3173828125 0.0390625 0.048828125
0 0.42265625 0.2626953125 0.0390625 0.048828125
0 0.63671875 0.2666015625 0.0390625 0.048828125
