0 0.26953125 0.5087890625 0.0390625 0.048828125
0 0.43671875 0.6357421875 0.0390625 0.048828125
0 0.36484375 0.5146484375 0.0390625 0.048828125
0 0.61328125 0.5771484375 0.0390625 0.048828125
0 0.48984375 0.5458984375 0.0390625 0.048828125
0 0.63984375 0.5322265625 0.0390625 0.048828125
0 0.33046875 0.4892578125 0.0390625 0.048828125
0 0.38359375 0.3974609375 0.0390625 0.048828125
0 0.56015625 0.6669921875 0.0390625 0.048828125
0 0.45703125 0.5205078125 0.0390625 0.048828125
0 0.58046875 0.5517578125 0.0390625 0.048828125
0 0.62578125 0.7158203125 0.0390625 0.048828125
0 0.42421875 0.4951171875 0.0390625 0.048828125
0 0.50859375 0.4306640625 0.0390625 0.048828125
0 0.27734375 0.5791015625 0.0390625 0.048828125
0 0.51640625 0.5009765625 0.0390625 0.048828125
0 0.31171875 0.6044921875 0.0390625 0.048828125
0 0.21640625 0.5986328125 0.0390625 0.048828125
0 0.47734375 0.4033203125 0.0390625 0.048828125
0 0.40390625 0.6103515625 0.0390625 0.048828125
0 0.67265625 0.5576171875 0.0390625 0.048828125
0 0.54765625 0.5263671875 0.0390625 0.048828125
0 0.52890625 0.6416015625 0.0390625 0.048828125
0 0.44296875 0.3779296875 0.0390625 0.048828125
0 0.38984375 0.4677734375 0.0390625 0.048828125
0 0.34453125 0.6298828125 0.0390625 0.048828125
0 0.57265625 0.8056640625 0.0390625 0.048828125
0 0.54140625 0.7802734375 0.0390625 0.048828125
0 0.60078125 0.4365234375 0.0390625 0.048828125
0 0.53515625 0.7099609375 0.0390625 0.048828125
0 0.53671875 0.3857421875 0.0390625 0.048828125
0 0.39765625 0.5400390625 0.0390625 0.048828125
0 0.59296875 0.6904296875 0.0390625 0.048828125
0 0.67734375 0.6279296875 0.0390625 0.048828125
0 0.64453125 0.6025390625 0.0390625 0.048828125
0 0.50234375 0.6865234375 0.0390625 0.048828125
0 0.34921875 0.3701171875 0.0390625 0.048828125
0 0.41015625 0.6806640625 0.0390625 0.048828125
0 0.30390625 0.5341796875 0.0390625 0.048828125
0 0.46953125 0.6611328125 0.0390625 0.048828125
0 0.24296875 0.5537109375 0.0390625 0.048828125
0 0.52265625 0.5712890625 0.0390625 0.048828125
0 0.37734375 0.6552734375 0.0390625 0.048828125
0 0.41015625 0.3505859375 0.0390625 0.048828125
0 0.55390625 0.5966796875 0.0390625 0.048828125
0 0.50390625 0.3583984375 0.0390625 0.048828125
0 0.56796875 0.4111328125 0.0390625 0.048828125
0 0.25078125 0.6240234375 0.0390625 0.048828125
0 0.41640625 0.4228515625 0.0390625 0.048828125
0 0.28359375 0.6494140625 0.0390625 0.048828125
0 0.44921875 0.7763671875 0.0390625 0.048828125
0 0.60703125 0.5068359375 0.0390625 0.048828125
0 0.29609375 0.4619140625 0.0390625 0.048828125
0 0.54296875 0.4560546875 0.0390625 0.048828125
0 0.43046875 0.5654296875 0.0390625 0.048828125
0 0.48203125 0.7998046875 0.0390625 0.048828125
0 0.56640625 0.7353515625 0.0390625 0.048828125
0 0.66640625 0.4892578125 0.0390625 0.048828125
0 0.46328125 0.5908203125 0.0390625 0.048828125
0 0.65078125 0.6728515625 0.0390625 0.048828125
0 0.59921875 0.7607421875 0.0390625 0.048828125
0 0.48359375 0.4755859375 0.0390625 0.048828125
0 0.70390625 0.5830078125 0.0390625 0.048828125
0 0.32265625 0.4169921875 0.0390625 0.048828125
0 0.57421875 0.4814453125 0.0390625 0.048828125
0 0.47578125 0.7314453125 0.0390625 0.048828125
0 0.41796875 0.7509765625 0.0390625 0.048828125
0 0.44296875 0.7060546875 0.0390625 0.048828125
0 0.37734375 0.3251953125 0.0390625 0.048828125
0 0.49609375 0.6162109375 0.0390625 0.048828125
0 0.61953125 0.6474609375 0.0390625 0.048828125
0 0.37109375 0.5849609375 0.0390625 0.048828125
0 0.33828125 0.5595703125 0.0390625 0.048828125
0 0.35078125 0.7001953125 0.0390625 0.048828125
0 0.58671875 0.6220703125 0.0390625 0.048828125
0 0.43671875 0.3056640625 0.0390625 0.048828125
0 0.44921875 0.4501953125 0.0390625 0.048828125
0 0.50859375 0.7548828125 0.0390625 0.048828125
0 0.51484375 0.8251953125 0.0390625 0.048828125
0 0.40390625 0.2783203125 0.0390625 0.048828125
0 0.63359375 0.4619140625 0.0390625 0.048828125
0 0.54609375 0.8486328125 0.0390625 0.048828125
0 0.35703125 0.4423828125 0.0390625 0.048828125
0 0.46953125 0.3330078125 0.0390625 0.048828125
0 0.38515625 0.7255859375 0.0390625 0.048828125
0 0.72890625 0.5400390625 0.0390625 0.048828125
0 0.31796875 0.6767578125 0.0390625 0.048828125
0 0.69765625 0.5126953125 0.0390625 0.048828125
