0 0.35234375 0.7939453125 0.0390625 0.048828125
0 0.28671875 0.5908203125 0.0390625 0.048828125
0 0.64140625 0.5283203125 0.0390625 0.048828125
0 0.53671875 0.3466796875 0.0390625 0.048828125
0 0.51171875 0.4169921875 0.0390625 0.048828125
0 0.40078125 0.6513671875 0.0390625 0.048828125
0 0.62421875 0.4775390625 0.0390625 0.048828125
0 0.64921875 0.6982421875 0.0390625 0.048828125
0 0.53671875 0.6396484375 0.0390625 0.048828125
0 0.75390625 0.5869140625 0.0390625 0.048828125
0 0.48984375 0.7822265625 0.0390625 0.048828125
0 0.38359375 0.6005859375 0.0390625 0.048828125
0 0.47265625 0.7314453125 0.0390625 0.048828125
0 0.68828125 0.3857421875 0.0390625 0.048828125
0 0.71328125 0.6064453125 0.0390625 0.048828125
0 0.54453125 0.5185546875 0.0390625 0.048828125
0 0.40859375 0.8232421875 0.0390625 0.048828125
0 0.69765625 0.5576171875 0.0390625 0.048828125
0 0.73046875 0.6572265625 0.0390625 0.048828125
0 0.52890625 0.4677734375 0.0390625 0.048828125
0 0.37578125 0.4287109375 0.0390625 0.048828125
0 0.58515625 0.4970703125 0.0390625 0.048828125
0 0.46484375 0.5595703125 0.0390625 0.048828125
0 0.43203125 0.4580078125 0.0390625 0.048828125
0 0.36796875 0.5498046875 0.0390625 0.048828125
0 0.43359375 0.7509765625 0.0390625 0.048828125
0 0.57734375 0.6181640625 0.0390625 0.048828125
0 0.68203125 0.5068359375 0.0390625 0.048828125
0 0.66484375 0.4560546875 0.0390625 0.048828125
0 0.32734375 0.5712890625 0.0390625 0.048828125
0 0.29453125 0.4697265625 0.0390625 0.048828125
0 0.39140625 0.4794921875 0.0390625 0.048828125
0 0.49765625 0.6591796875 0.0390625 0.048828125
0 0.48046875 0.6103515625 0.0390625 0.048828125
0 0.34296875 0.6201171875 0.0390625 0.048828125
0 0.33515625 0.7431640625 0.0390625 0.048828125
0 0.59296875 0.3779296875 0.0390625 0.048828125
0 0.44921875 0.8017578125 0.0390625 0.048828125
0 0.51328125 0.7099609375 0.0390625 0.048828125
0 0.61796875 0.5986328125 0.0390625 0.048828125
0 0.67265625 0.3349609375 0.0390625 0.048828125
0 0.73828125 0.5361328125 0.0390625 0.048828125
0 0.61640625 0.3056640625 0.0390625 0.048828125
0 0.50546875 0.5380859375 0.0390625 0.048828125
0 0.37734375 0.7216796875 0.0390625 0.048828125
0 0.63203125 0.3564453125 0.0390625 0.048828125
0 0.31953125 0.6923828125 0.0390625 0.048828125
0 0.59296875 0.6689453125 0.0390625 0.048828125
0 0.39296875 0.7724609375 0.0390625 0.048828125
0 0.64921875 0.4072265625 0.0390625 0.048828125
0 0.56953125 0.7392578125 0.0390625 0.048828125
0 0.70546875 0.4365234375 0.0390625 0.048828125
0 0.55390625 0.6884765625 0.0390625 0.048828125
0 0.48828125 0.4892578125 0.0390625 0.048828125
0 0.55234375 0.3974609375 0.0390625 0.048828125
0 0.68984375 0.6787109375 0.0390625 0.048828125
0 0.65703125 0.5771484375 0.0390625 0.048828125
0 0.36015625 0.6708984375 0.0390625 0.048828125
0 0.25390625 0.4892578125 0.0390625 0.048828125
0 0.56171875 0.5673828125 0.0390625 0.048828125
0 0.44765625 0.5087890625 0.0390625 0.048828125
0 0.63359375 0.6494140625 0.0390625 0.048828125
0 0.60078125 0.5478515625 0.0390625 0.048828125
0 0.72109375 0.4853515625 0.0390625 0.048828125
0 0.47265625 0.4384765625 0.0390625 0.048828125
0 0.43984375 0.6298828125 0.0390625 0.048828125
0 0.35078125 0.4990234375 0.0390625 0.048828125
0 0.33515625 0.4501953125 0.0390625 0.048828125
0 0.26953125 0.5400390625 0.0390625 0.048828125
0 0.42421875 0.5791015625 0.0390625 0.048828125
0 0.41640625 0.7021484375 0.0390625 0.048828125
0 0.61015625 0.7197265625 0.0390625 0.048828125
0 0.60859375 0.4267578125 0.0390625 0.048828125
0 0.40859375 0.5302734375 0.0390625 0.048828125
0 0.45546875 0.3876953125 0.0390625 0.048828125
0 0.67421875 0.6279296875 0.0390625 0.048828125
0 0.52890625 0.7607421875 0.0390625 0.048828125
0 0.52109375 0.5888671875 0.0390625 0.048828125
0 0.49609375 0.3662109375 0.0390625 0.048828125
0 0.45703125 0.6806640625 0.0390625 0.048828125
0 0.57578125 0.3271484375 0.0390625 0.048828125
0 0.30390625 0.6416015625 0.0390625 0.048828125
0 0.56796875 0.4482421875 0.0390625 0.048828125
0 0.31015625 0.5205078125 0.0390625 0.048828125
0 0.36796875 0.8427734375 0.0390625 0.048828125
0 0.41484375 0.4072265625 0.0390625 0.048828125
0 0.76953125 0.6357421875 0.0390625 0.048828125
0 0.65546875 0.2841796875 0.0390625 0.048828125
