0 0.66640625 0.2822265625 0.0390625 0.048828125
0 0.56640625 0.4873046875 0.0390625 0.048828125
0 0.40234375 0.3623046875 0.0390625 0.048828125
0 0.30390625 0.5673828125 0.0390625 0.048828125
0 0.55390625 0.5595703125 0.0390625 0.048828125
0 0.38984375 0.4384765625 0.0390625 0.048828125
0 0.52734375 0.7080078125 0.0390625 0.048828125
0 0.33046875 0.4208984375 0.0390625 0.048828125
0 0.71171875 0.3720703125 0.0390625 0.048828125
0 0.58046875 0.4130859375 0.0390625 0.048828125
0 0.60546875 0.2646484375 0.0390625 0.048828125
0 0.77890625 0.5068359375 0.0390625 0.048828125
0 0.46796875 0.6904296875 0.0390625 0.048828125
0 0.62578125 0.5029296875 0.0390625 0.048828125
0 0.45546875 0.7646484375 0.0390625 0.048828125
0 0.43984375 0.3349609375 0.0390625 0.048828125
0 0.48203125 0.6181640625 0.0390625 0.048828125
0 0.35078125 0.6591796875 0.0390625 0.048828125
0 0.75703125 0.4619140625 0.0390625 0.048828125
0 0.59296875 0.3388671875 0.0390625 0.048828125
0 0.49453125 0.5439453125 0.0390625 0.048828125
0 0.47421875 0.3056640625 0.0390625 0.048828125
0 0.43671875 0.5283203125 0.0390625 0.048828125
0 0.66171875 0.4736328125 0.0390625 0.048828125
0 0.39609375 0.7490234375 0.0390625 0.048828125
0 0.38671875 0.6298828125 0.0390625 0.048828125
0 0.36328125 0.5849609375 0.0390625 0.048828125
0 0.65234375 0.3544921875 0.0390625 0.048828125
0 0.52109375 0.3974609375 0.0390625 0.048828125
0 0.67578125 0.4013671875 0.0390625 0.048828125
0 0.74296875 0.5361328125 0.0390625 0.048828125
0 0.61171875 0.5771484375 0.0390625 0.048828125
0 0.42265625 0.6005859375 0.0390625 0.048828125
0 0.39921875 0.5556640625 0.0390625 0.048828125
0 0.63515625 0.6220703125 0.0390625 0.048828125
0 0.31640625 0.4951171875 0.0390625 0.048828125
0 0.60234375 0.4580078125 0.0390625 0.048828125
0 0.58359375 0.2197265625 0.0390625 0.048828125
0 0.57734375 0.6044921875 0.0390625 0.048828125
0 0.40859375 0.6748046875 0.0390625 0.048828125
0 0.53984375 0.6337890625 0.0390625 0.048828125
0 0.37734375 0.5107421875 0.0390625 0.048828125
0 0.46171875 0.3798828125 0.0390625 0.048828125
0 0.50390625 0.6630859375 0.0390625 0.048828125
0 0.44921875 0.4541015625 0.0390625 0.048828125
0 0.69765625 0.4462890625 0.0390625 0.048828125
0 0.68359375 0.5185546875 0.0390625 0.048828125
0 0.63828125 0.4306640625 0.0390625 0.048828125
0 0.48515625 0.4248046875 0.0390625 0.048828125
0 0.34140625 0.5400390625 0.0390625 0.048828125
0 0.64765625 0.5478515625 0.0390625 0.048828125
0 0.42578125 0.4091796875 0.0390625 0.048828125
0 0.73359375 0.4169921875 0.0390625 0.048828125
0 0.56328125 0.6787109375 0.0390625 0.048828125
0 0.70703125 0.5654296875 0.0390625 0.048828125
0 0.50859375 0.4697265625 0.0390625 0.048828125
0 0.49765625 0.3505859375 0.0390625 0.048828125
0 0.53359375 0.3212890625 0.0390625 0.048828125
0 0.51171875 0.2763671875 0.0390625 0.048828125
0 0.37265625 0.7041015625 0.0390625 0.048828125
0 0.61640625 0.3837890625 0.0390625 0.048828125
0 0.47265625 0.4990234375 0.0390625 0.048828125
0 0.61953125 0.1904296875 0.0390625 0.048828125
0 0.49140625 0.7373046875 0.0390625 0.048828125
0 0.53046875 0.5146484375 0.0390625 0.048828125
0 0.29453125 0.4482421875 0.0390625 0.048828125
0 0.51796875 0.5888671875 0.0390625 0.048828125
0 0.68828125 0.3271484375 0.0390625 0.048828125
0 0.56953125 0.2939453125 0.0390625 0.048828125
0 0.59921875 0.6513671875 0.0390625 0.048828125
0 0.41328125 0.4833984375 0.0390625 0.048828125
0 0.64296875 0.2353515625 0.0390625 0.048828125
0 0.41953125 0.7939453125 0.0390625 0.048828125
0 0.43203125 0.7197265625 0.0390625 0.048828125
0 0.35390625 0.4658203125 0.0390625 0.048828125
0 0.32734375 0.6142578125 0.0390625 0.048828125
0 0.45859375 0.5732421875 0.0390625 0.048828125
0 0.36640625 0.3916015625 0.0390625 0.048828125
0 0.62890625 0.3095703125 0.0390625 0.048828125
0 0.72109375 0.4912109375 0.0390625 0.048828125
0 0.44453125 0.6455078125 0.0390625 0.048828125
0 0.58984375 0.5322265625 0.0390625 0.048828125
0 0.54765625 0.2490234375 0.0390625 0.048828125
0 0.54453125 0.4404296875 0.0390625 0.048828125
0 0.25859375 0.4775390625 0.0390625 0.048828125
0 0.55703125 0.3681640625 0.0390625 0.048828125
0 0.67109375 0.5927734375 0.0390625 0.048828125
0 0.28046875 0.5244140625 0.0390625 0.048828125
