0 0.69921875 0.54296875 0.0390625 0.046875
0 0.55234375 0.4345703125 0.0390625 0.044921875
0 0.63359375 0.4658203125 0.0390625 0.044921875
0 0.7125 0.4951171875 0.0375 0.044921875
0 0.51328125 0.421875 0.0390625 0.046875
0 0.56875 0.546875 0.040625 0.046875
0 0.64921875 0.7373046875 0.0390625 0.048828125
0 0.71640625 0.654296875 0.0390625 0.046875
0 0.67265625 0.478515625 0.0390625 0.046875
0 0.39296875 0.3759765625 0.0390625 0.048828125
0 0.52734375 0.53125 0.0390625 0.046875
0 0.728125 0.6064453125 0.0375 0.048828125
0 0.59609375 0.609375 0.0390625 0.046875
0 0.57734375 0.3388671875 0.0390625 0.048828125
0 0.40703125 0.4873046875 0.0390625 0.044921875
0 0.64296875 0.416015625 0.0390625 0.046875
0 0.72421875 0.4462890625 0.0390625 0.048828125
0 0.48515625 0.357421875 0.0390625 0.046875
0 0.45703125 0.29296875 0.0390625 0.046875
0 0.53984375 0.4833984375 0.0390625 0.044921875
0 0.63515625 0.6240234375 0.0390625 0.048828125
0 0.328125 0.4580078125 0.040625 0.044921875
0 0.39609375 0.5361328125 0.0390625 0.044921875
0 0.60859375 0.5615234375 0.0390625 0.048828125
0 0.4171875 0.2783203125 0.040625 0.048828125
0 0.353125 0.361328125 0.040625 0.046875
0 0.4484375 0.501953125 0.040625 0.046875
0 0.38359375 0.583984375 0.0390625 0.046875
0 0.35703125 0.521484375 0.0390625 0.046875
0 0.340625 0.408203125 0.040625 0.046875
0 0.54375 0.6435546875 0.040625 0.044921875
0 0.4734375 0.4052734375 0.040625 0.044921875
0 0.565625 0.3876953125 0.0375 0.044921875
0 0.4046875 0.3271484375 0.040625 0.044921875
0 0.66015625 0.529296875 0.0390625 0.046875
0 0.61796875 0.353515625 0.0390625 0.046875
0 0.36484375 0.3134765625 0.0390625 0.048828125
0 0.5546875 0.5947265625 0.0375 0.044921875
0 0.6578125 0.369140625 0.040625 0.046875
0 0.61953125 0.5126953125 0.0359375 0.044921875
0 0.34296875 0.572265625 0.0390625 0.046875
0 0.29296875 0.6044921875 0.0390625 0.048828125
0 0.36796875 0.4716796875 0.0390625 0.048828125
0 0.46328125 0.6123046875 0.0390625 0.044921875
0 0.515625 0.5791015625 0.0375 0.048828125
0 0.73828125 0.556640625 0.0390625 0.046875
0 0.4609375 0.4541015625 0.040625 0.048828125
0 0.5234375 0.37109375 0.0375 0.046875
0 0.38203125 0.423828125 0.0390625 0.046875
0 0.61015625 0.7216796875 0.0390625 0.044921875
0 0.37734375 0.263671875 0.0390625 0.046875
0 0.43203125 0.3916015625 0.0390625 0.048828125
0 0.62265625 0.6728515625 0.0390625 0.044921875
0 0.75234375 0.5087890625 0.0359375 0.048828125
0 0.490625 0.6767578125 0.0375 0.048828125
0 0.50078125 0.46875 0.0390625 0.046875
0 0.4359375 0.5517578125 0.040625 0.048828125
0 0.68515625 0.431640625 0.0390625 0.046875
0 0.6984375 0.380859375 0.0375 0.046875
0 0.4234375 0.599609375 0.040625 0.046875
0 0.49765625 0.30859375 0.0390625 0.046875
0 0.4125 0.6474609375 0.0375 0.044921875
0 0.4765625 0.5654296875 0.0375 0.044921875
0 0.703125 0.7041015625 0.0375 0.044921875
0 0.48828125 0.5185546875 0.0390625 0.044921875
0 0.5375 0.3232421875 0.040625 0.048828125
0 0.4203125 0.439453125 0.0375 0.046875
0 0.6625 0.6875 0.0375 0.046875
0 0.5796875 0.4990234375 0.0375 0.048828125
0 0.37109375 0.6318359375 0.0390625 0.048828125
0 0.6046875 0.4013671875 0.0375 0.048828125
0 0.59140625 0.44921875 0.0390625 0.046875
0 0.67421875 0.6396484375 0.0390625 0.048828125
0 0.303125 0.5546875 0.040625 0.046875
0 0.64765625 0.576171875 0.0390625 0.046875
0 0.33203125 0.6181640625 0.0390625 0.044921875
0 0.57109375 0.70703125 0.0390625 0.046875
0 0.4515625 0.662109375 0.0375 0.046875
0 0.4453125 0.3408203125 0.0375 0.048828125
0 0.7765625 0.4111328125 0.0375 0.048828125
0 0.69140625 0.7509765625 0.0390625 0.044921875
0 0.58359375 0.6572265625 0.0390625 0.048828125
0 0.50390625 0.62890625 0.0390625 0.046875
0 0.5296875 0.69140625 0.0375 0.046875
0 0.6875 0.5908203125 0.0375 0.044921875
0 0.76328125 0.4609375 0.0390625 0.046875
0 0.7375 0.3984375 0.0375 0.046875
0 0.315625 0.5048828125 0.040625 0.044921875
