0 0.43671875 0.3232421875 0.0390625 0.048828125
0 0.31015625 0.3759765625 0.0390625 0.048828125
0 0.73203125 0.5986328125 0.0390625 0.048828125
0 0.39453125 0.2685546875 0.0390625 0.048828125
0 0.73515625 0.2685546875 0.0390625 0.048828125
0 0.64921875 0.2685546875 0.0390625 0.048828125
0 0.31015625 0.4853515625 0.0390625 0.048828125
0 0.43515625 0.4306640625 0.0390625 0.048828125
0 0.56171875 0.4326171875 0.0390625 0.048828125
0 0.56328125 0.3232421875 0.0390625 0.048828125
0 0.64609375 0.5986328125 0.0390625 0.048828125
0 0.31171875 0.2685546875 0.0390625 0.048828125
0 0.73203125 0.4892578125 0.0390625 0.048828125
0 0.43359375 0.5400390625 0.0390625 0.048828125
0 0.39453125 0.3232421875 0.0390625 0.048828125
0 0.47578125 0.5400390625 0.0390625 0.048828125
0 0.43359375 0.6494140625 0.0390625 0.048828125
0 0.56015625 0.5419921875 0.0390625 0.048828125
0 0.68828125 0.5439453125 0.0390625 0.048828125
0 0.51953125 0.4326171875 0.0390625 0.048828125
0 0.47734375 0.3779296875 0.0390625 0.048828125
0 0.39296875 0.4306640625 0.0390625 0.048828125
0 0.60546875 0.3232421875 0.0390625 0.048828125
0 0.43359375 0.5947265625 0.0390625 0.048828125
0 0.73359375 0.3798828125 0.0390625 0.048828125
0 0.64609375 0.4873046875 0.0390625 0.048828125
0 0.52109375 0.3232421875 0.0390625 0.048828125
0 0.39140625 0.5947265625 0.0390625 0.048828125
0 0.39296875 0.4853515625 0.0390625 0.048828125
0 0.39453125 0.3759765625 0.0390625 0.048828125
0 0.64765625 0.3232421875 0.0390625 0.048828125
0 0.64765625 0.4326171875 0.0390625 0.048828125
0 0.39296875 0.5400390625 0.0390625 0.048828125
0 0.60390625 0.4326171875 0.0390625 0.048828125
0 0.64609375 0.5419921875 0.0390625 0.048828125
0 0.68984375 0.4326171875 0.0390625 0.048828125
0 0.69140625 0.3232421875 0.0390625 0.048828125
0 0.73359375 0.3232421875 0.0390625 0.048828125
0 0.34921875 0.5927734375 0.0390625 0.048828125
0 0.56015625 0.5966796875 0.0390625 0.048828125
0 0.31171875 0.3232421875 0.0390625 0.048828125
0 0.31015625 0.4306640625 0.0390625 0.048828125
0 0.47890625 0.2685546875 0.0390625 0.048828125
0 0.64765625 0.3779296875 0.0390625 0.048828125
0 0.56015625 0.6513671875 0.0390625 0.048828125
0 0.35390625 0.2685546875 0.0390625 0.048828125
0 0.52109375 0.2685546875 0.0390625 0.048828125
0 0.60546875 0.2685546875 0.0390625 0.048828125
0 0.47578125 0.5947265625 0.0390625 0.048828125
0 0.43515625 0.4853515625 0.0390625 0.048828125
0 0.56171875 0.4873046875 0.0390625 0.048828125
0 0.47734375 0.4326171875 0.0390625 0.048828125
0 0.34921875 0.6474609375 0.0390625 0.048828125
0 0.43515625 0.3779296875 0.0390625 0.048828125
0 0.51796875 0.5400390625 0.0390625 0.048828125
0 0.35234375 0.3232421875 0.0390625 0.048828125
0 0.60390625 0.5419921875 0.0390625 0.048828125
0 0.47578125 0.4853515625 0.0390625 0.048828125
0 0.51953125 0.3779296875 0.0390625 0.048828125
0 0.73203125 0.5439453125 0.0390625 0.048828125
0 0.69140625 0.2685546875 0.0390625 0.048828125
0 0.30703125 0.6474609375 0.0390625 0.048828125
0 0.35234375 0.4306640625 0.0390625 0.048828125
0 0.47890625 0.3232421875 0.0390625 0.048828125
0 0.73359375 0.4345703125 0.0390625 0.048828125
0 0.35078125 0.4853515625 0.0390625 0.048828125
0 0.47578125 0.6494140625 0.0390625 0.048828125
0 0.68828125 0.6533203125 0.0390625 0.048828125
0 0.51953125 0.4873046875 0.0390625 0.048828125
0 0.30859375 0.5380859375 0.0390625 0.048828125
0 0.30859375 0.5927734375 0.0390625 0.048828125
0 0.56328125 0.2685546875 0.0390625 0.048828125
0 0.56171875 0.3779296875 0.0390625 0.048828125
0 0.43671875 0.2685546875 0.0390625 0.048828125
0 0.35078125 0.5380859375 0.0390625 0.048828125
0 0.51796875 0.5947265625 0.0390625 0.048828125
0 0.68828125 0.5986328125 0.0390625 0.048828125
0 0.64609375 0.6533203125 0.0390625 0.048828125
0 0.35234375 0.3759765625 0.0390625 0.048828125
0 0.73203125 0.6552734375 0.0390625 0.048828125
0 0.60546875 0.3779296875 0.0390625 0.048828125
0 0.39140625 0.6474609375 0.0390625 0.048828125
0 0.60390625 0.4873046875 0.0390625 0.048828125
0 0.60234375 0.6533203125 0.0390625 0.048828125
0 0.68984375 0.4892578125 0.0390625 0.048828125
0 0.51796875 0.6513671875 0.0390625 0.048828125
0 0.60234375 0.5966796875 0.0390625 0.048828125
0 0.68984375 0.3779296875 0.0390625 0.048828125
