0 0.35703125 0.6201171875 0.0390625 0.048828125
0 0.32890625 0.2333984375 0.0390625 0.048828125
0 0.70078125 0.2958984375 0.0390625 0.048828125
0 0.40546875 0.4560546875 0.0390625 0.048828125
0 0.48359375 0.5654296875 0.0390625 0.048828125
0 0.27578125 0.5087890625 0.0390625 0.048828125
0 0.45390625 0.2919921875 0.0390625 0.048828125
0 0.27890625 0.4541015625 0.0390625 0.048828125
0 0.40078125 0.5654296875 0.0390625 0.048828125
0 0.31640625 0.5654296875 0.0390625 0.048828125
0 0.52734375 0.5126953125 0.0390625 0.048828125
0 0.56953125 0.4580078125 0.0390625 0.048828125
0 0.53359375 0.3486328125 0.0390625 0.048828125
0 0.48828125 0.4580078125 0.0390625 0.048828125
0 0.60390625 0.6201171875 0.0390625 0.048828125
0 0.65703125 0.3505859375 0.0390625 0.048828125
0 0.32578125 0.3447265625 0.0390625 0.048828125
0 0.31953125 0.5087890625 0.0390625 0.048828125
0 0.49296875 0.3486328125 0.0390625 0.048828125
0 0.36953125 0.2900390625 0.0390625 0.048828125
0 0.27421875 0.5634765625 0.0390625 0.048828125
0 0.40703125 0.4013671875 0.0390625 0.048828125
0 0.64765625 0.5673828125 0.0390625 0.048828125
0 0.37265625 0.2353515625 0.0390625 0.048828125
0 0.68828125 0.5673828125 0.0390625 0.048828125
0 0.69140625 0.5146484375 0.0390625 0.048828125
0 0.53203125 0.4033203125 0.0390625 0.048828125
0 0.61171875 0.4580078125 0.0390625 0.048828125
0 0.60859375 0.5126953125 0.0390625 0.048828125
0 0.58046875 0.2412109375 0.0390625 0.048828125
0 0.61640625 0.3505859375 0.0390625 0.048828125
0 0.69765625 0.3525390625 0.0390625 0.048828125
0 0.64453125 0.6201171875 0.0390625 0.048828125
0 0.60703125 0.5673828125 0.0390625 0.048828125
0 0.56640625 0.5673828125 0.0390625 0.048828125
0 0.41328125 0.2353515625 0.0390625 0.048828125
0 0.32109375 0.4541015625 0.0390625 0.048828125
0 0.43984375 0.6201171875 0.0390625 0.048828125
0 0.41015625 0.3466796875 0.0390625 0.048828125
0 0.61328125 0.4052734375 0.0390625 0.048828125
0 0.36484375 0.4013671875 0.0390625 0.048828125
0 0.61796875 0.2958984375 0.0390625 0.048828125
0 0.44453125 0.5107421875 0.0390625 0.048828125
0 0.48203125 0.6201171875 0.0390625 0.048828125
0 0.53671875 0.2939453125 0.0390625 0.048828125
0 0.65546875 0.4052734375 0.0390625 0.048828125
0 0.28046875 0.3994140625 0.0390625 0.048828125
0 0.28359375 0.3427734375 0.0390625 0.048828125
0 0.53046875 0.4580078125 0.0390625 0.048828125
0 0.45546875 0.2373046875 0.0390625 0.048828125
0 0.32421875 0.3994140625 0.0390625 0.048828125
0 0.32734375 0.2900390625 0.0390625 0.048828125
0 0.36796875 0.3447265625 0.0390625 0.048828125
0 0.35859375 0.5654296875 0.0390625 0.048828125
0 0.65234375 0.4599609375 0.0390625 0.048828125
0 0.44296875 0.5654296875 0.0390625 0.048828125
0 0.56328125 0.6201171875 0.0390625 0.048828125
0 0.49453125 0.2939453125 0.0390625 0.048828125
0 0.44765625 0.4560546875 0.0390625 0.048828125
0 0.31484375 0.6201171875 0.0390625 0.048828125
0 0.40390625 0.5107421875 0.0390625 0.048828125
0 0.36171875 0.5107421875 0.0390625 0.048828125
0 0.27265625 0.6181640625 0.0390625 0.048828125
0 0.62109375 0.2412109375 0.0390625 0.048828125
0 0.69296875 0.4599609375 0.0390625 0.048828125
0 0.57421875 0.3505859375 0.0390625 0.048828125
0 0.56796875 0.5126953125 0.0390625 0.048828125
0 0.41171875 0.2919921875 0.0390625 0.048828125
0 0.44921875 0.4013671875 0.0390625 0.048828125
0 0.66015625 0.2958984375 0.0390625 0.048828125
0 0.36328125 0.4560546875 0.0390625 0.048828125
0 0.45078125 0.3466796875 0.0390625 0.048828125
0 0.49765625 0.2392578125 0.0390625 0.048828125
0 0.69453125 0.4052734375 0.0390625 0.048828125
0 0.68515625 0.6220703125 0.0390625 0.048828125
0 0.52421875 0.5654296875 0.0390625 0.048828125
0 0.49140625 0.4033203125 0.0390625 0.048828125
0 0.52265625 0.6201171875 0.0390625 0.048828125
0 0.48671875 0.5107421875 0.0390625 0.048828125
0 0.28515625 0.2880859375 0.0390625 0.048828125
0 0.57265625 0.4033203125 0.0390625 0.048828125
0 0.39921875 0.6201171875 0.0390625 0.048828125
0 0.57734375 0.2939453125 0.0390625 0.048828125
0 0.53828125 0.2392578125 0.0390625 0.048828125
0 0.70234375 0.2431640625 0.0390625 0.048828125
0 0.64921875 0.5126953125 0.0390625 0.048828125
0 0.66171875 0.2412109375 0.0390625 0.048828125
0 0.28671875 0.2333984375 0.0390625 0.048828125
