0 0.825 0.615234375 0.06875 0.0546875
0 0.503125 0.853515625 0.06875 0.0546875
0 0.43515625 0.3388671875 0.0671875 0.052734375
0 0.58515625 0.4853515625 0.0671875 0.052734375
0 0.890625 0.515625 0.06875 0.0546875
0 0.4625 0.4208984375 0.06875 0.052734375
0 0.74609375 0.369140625 0.0671875 0.0546875
0 0.83828125 0.353515625 0.0671875 0.0546875
0 0.54375 0.6689453125 0.06875 0.052734375
0 0.62578125 0.3046875 0.0671875 0.0546875
0 0.653125 0.38671875 0.06875 0.0546875
0 0.759375 0.7138671875 0.06875 0.052734375
0 0.3671875 0.4375 0.06875 0.0546875
0 0.73203125 0.6318359375 0.0671875 0.052734375
0 0.39453125 0.5224609375 0.0671875 0.052734375
0 0.5578125 0.4033203125 0.06875 0.052734375
0 0.29609375 0.5390625 0.0671875 0.0546875
0 0.95546875 0.416015625 0.0671875 0.0546875
0 0.47578125 0.7724609375 0.0671875 0.052734375
0 0.71875 0.2890625 0.06875 0.0546875
0 0.86328125 0.43359375 0.0671875 0.0546875
0 0.678125 0.46875 0.06875 0.0546875
0 0.69140625 0.8154296875 0.0671875 0.052734375
0 0.56328125 0.88671875 0.0671875 0.0546875
0 0.48984375 0.5029296875 0.0671875 0.052734375
0 0.6640625 0.7333984375 0.06875 0.052734375
0 0.778125 0.3212890625 0.06875 0.052734375
0 0.3265625 0.62109375 0.06875 0.0546875
0 0.59609375 0.8349609375 0.0671875 0.052734375
0 0.7703125 0.451171875 0.06875 0.0546875
0 0.79765625 0.533203125 0.0671875 0.0546875
0 0.228125 0.640625 0.06875 0.0546875
0 0.571875 0.75 0.06875 0.0546875
0 0.6125 0.5693359375 0.06875 0.052734375
0 0.353125 0.705078125 0.06875 0.0546875
0 0.7046875 0.5498046875 0.06875 0.052734375
0 0.4484375 0.6875 0.06875 0.0546875
0 0.5171875 0.5869140625 0.06875 0.052734375
0 0.53046875 0.3212890625 0.0671875 0.052734375
0 0.65859375 0.2568359375 0.0671875 0.052734375
0 0.440625 0.8212890625 0.06875 0.052734375
0 0.5359375 0.802734375 0.06875 0.0546875
0 0.503125 0.240234375 0.06875 0.0546875
0 0.31796875 0.7568359375 0.0671875 0.052734375
0 0.5765625 0.619140625 0.06875 0.0546875
0 0.42734375 0.470703125 0.0671875 0.0546875
0 0.6234375 0.9189453125 0.06875 0.052734375
0 0.71015625 0.4189453125 0.0671875 0.052734375
0 0.6453125 0.517578125 0.06875 0.0546875
0 0.6859375 0.3388671875 0.06875 0.052734375
0 0.63671875 0.6494140625 0.0671875 0.052734375
0 0.49765625 0.37109375 0.0671875 0.0546875
0 0.8578125 0.5654296875 0.06875 0.052734375
0 0.421875 0.603515625 0.06875 0.0546875
0 0.50859375 0.71875 0.0671875 0.0546875
0 0.359375 0.5712890625 0.06875 0.052734375
0 0.290625 0.6728515625 0.06875 0.052734375
0 0.92265625 0.4658203125 0.0671875 0.052734375
0 0.3859375 0.6533203125 0.06875 0.052734375
0 0.38046875 0.7890625 0.0671875 0.0546875
0 0.671875 0.599609375 0.06875 0.0546875
0 0.40234375 0.388671875 0.0671875 0.0546875
0 0.41328125 0.7373046875 0.0671875 0.052734375
0 0.60390625 0.701171875 0.0671875 0.0546875
0 0.25546875 0.724609375 0.0671875 0.0546875
0 0.76484375 0.58203125 0.0671875 0.0546875
0 0.7375 0.5 0.06875 0.0546875
0 0.48125 0.63671875 0.06875 0.0546875
0 0.55 0.53515625 0.06875 0.0546875
0 0.45703125 0.5546875 0.0671875 0.0546875
0 0.7921875 0.6640625 0.06875 0.0546875
0 0.5984375 0.22265625 0.06875 0.0546875
0 0.19296875 0.6923828125 0.0671875 0.052734375
0 0.83046875 0.4833984375 0.0671875 0.052734375
0 0.803125 0.4013671875 0.06875 0.052734375
0 0.72421875 0.765625 0.0671875 0.0546875
0 0.61796875 0.435546875 0.0671875 0.0546875
0 0.565625 0.2724609375 0.06875 0.052734375
0 0.5390625 0.1904296875 0.06875 0.052734375
0 0.525 0.453125 0.06875 0.0546875
0 0.590625 0.353515625 0.06875 0.0546875
0 0.69921875 0.68359375 0.0671875 0.0546875
0 0.4703125 0.2890625 0.06875 0.0546875
0 0.65859375 0.8671875 0.0671875 0.0546875
0 0.63125 0.783203125 0.06875 0.0546875
0 0.8953125 0.3837890625 0.06875 0.052734375
0 0.33125 0.4873046875 0.06875 0.052734375
0 0.26328125 0.5888671875 0.0671875 0.052734375
