0 0.4578125 0.6259765625 0.040625 0.048828125
0 0.6421875 0.6181640625 0.040625 0.048828125
0 0.553125 0.73828125 0.040625 0.05078125
0 0.4890625 0.4189453125 0.0375 0.048828125
0 0.43046875 0.3271484375 0.0390625 0.048828125
0 0.4484375 0.2822265625 0.0375 0.048828125
0 0.6 0.369140625 0.040625 0.046875
0 0.65625 0.458984375 0.040625 0.05078125
0 0.60703125 0.712890625 0.0390625 0.05078125
0 0.675 0.412109375 0.040625 0.05078125
0 0.3171875 0.2626953125 0.040625 0.048828125
0 0.3234375 0.494140625 0.040625 0.05078125
0 0.35625 0.28515625 0.040625 0.05078125
0 0.5890625 0.7587890625 0.040625 0.048828125
0 0.584375 0.53125 0.0375 0.05078125
0 0.3578125 0.3994140625 0.040625 0.048828125
0 0.4171875 0.490234375 0.040625 0.046875
0 0.525 0.3251953125 0.040625 0.048828125
0 0.38203125 0.58203125 0.0390625 0.046875
0 0.565625 0.462890625 0.040625 0.046875
0 0.625 0.666015625 0.0375 0.05078125
0 0.2296875 0.49609375 0.0375 0.05078125
0 0.6046875 0.5986328125 0.0375 0.048828125
0 0.3984375 0.5361328125 0.040625 0.048828125
0 0.3625 0.513671875 0.040625 0.05078125
0 0.5140625 0.7158203125 0.040625 0.048828125
0 0.56640625 0.576171875 0.0390625 0.05078125
0 0.3203125 0.376953125 0.040625 0.05078125
0 0.24921875 0.56640625 0.0390625 0.05078125
0 0.47109375 0.46484375 0.0390625 0.046875
0 0.24765625 0.44921875 0.0390625 0.05078125
0 0.58125 0.416015625 0.040625 0.046875
0 0.36328125 0.62890625 0.0390625 0.046875
0 0.5625 0.345703125 0.040625 0.046875
0 0.378125 0.466796875 0.040625 0.05078125
0 0.3375 0.33203125 0.040625 0.05078125
0 0.52734375 0.4404296875 0.0390625 0.048828125
0 0.3 0.3095703125 0.040625 0.048828125
0 0.55 0.623046875 0.0375 0.05078125
0 0.58828125 0.6435546875 0.0390625 0.048828125
0 0.3734375 0.23828125 0.0375 0.05078125
0 0.3421875 0.4462890625 0.040625 0.048828125
0 0.28671875 0.4716796875 0.0390625 0.048828125
0 0.28828125 0.5859375 0.0390625 0.05078125
0 0.4734375 0.580078125 0.040625 0.046875
0 0.621875 0.5517578125 0.040625 0.048828125
0 0.453125 0.5126953125 0.040625 0.048828125
0 0.71171875 0.4345703125 0.0390625 0.048828125
0 0.54609375 0.5078125 0.0390625 0.046875
0 0.69375 0.4814453125 0.0375 0.048828125
0 0.6578125 0.5732421875 0.040625 0.048828125
0 0.2828125 0.357421875 0.040625 0.05078125
0 0.5125 0.6005859375 0.040625 0.048828125
0 0.40234375 0.65234375 0.0390625 0.046875
0 0.4375 0.5576171875 0.040625 0.048828125
0 0.478125 0.6953125 0.040625 0.05078125
0 0.640625 0.5068359375 0.040625 0.048828125
0 0.30703125 0.5390625 0.0390625 0.05078125
0 0.41875 0.60546875 0.040625 0.046875
0 0.4328125 0.4443359375 0.040625 0.048828125
0 0.6765625 0.5263671875 0.040625 0.048828125
0 0.4140625 0.375 0.0375 0.05078125
0 0.3265625 0.6083984375 0.0375 0.048828125
0 0.39375 0.3076171875 0.0375 0.048828125
0 0.45078125 0.3974609375 0.0390625 0.048828125
0 0.37578125 0.3525390625 0.0390625 0.048828125
0 0.46875 0.349609375 0.0375 0.05078125
0 0.26796875 0.5185546875 0.0390625 0.048828125
0 0.49375 0.6484375 0.040625 0.05078125
0 0.6203125 0.4375 0.040625 0.046875
0 0.509375 0.48828125 0.0375 0.046875
0 0.396875 0.421875 0.040625 0.05078125
0 0.50703125 0.3720703125 0.0390625 0.048828125
0 0.49140625 0.533203125 0.0390625 0.046875
0 0.34296875 0.5615234375 0.0390625 0.048828125
0 0.48671875 0.302734375 0.0390625 0.05078125
0 0.5328125 0.6708984375 0.040625 0.048828125
0 0.4390625 0.6728515625 0.040625 0.048828125
0 0.5296875 0.5546875 0.0375 0.046875
0 0.2109375 0.5439453125 0.0375 0.048828125
0 0.56875 0.6904296875 0.040625 0.048828125
0 0.303125 0.4248046875 0.040625 0.048828125
0 0.6375 0.390625 0.040625 0.046875
0 0.5453125 0.392578125 0.040625 0.046875
0 0.265625 0.4033203125 0.040625 0.048828125
0 0.6015625 0.484375 0.040625 0.05078125
0 0.41171875 0.259765625 0.0390625 0.05078125
0 0.33515625 0.2158203125 0.0390625 0.048828125
