0 0.4265625 0.2705078125 0.040625 0.048828125
0 0.371875 0.6484375 0.040625 0.046875
0 0.5484375 0.423828125 0.040625 0.05078125
0 0.5828125 0.56640625 0.040625 0.05078125
0 0.390625 0.36328125 0.040625 0.05078125
0 0.49375 0.6796875 0.040625 0.05078125
0 0.5140625 0.27734375 0.040625 0.05078125
0 0.4265625 0.390625 0.040625 0.05078125
0 0.634375 0.3125 0.040625 0.05078125
0 0.3203125 0.669921875 0.040625 0.05078125
0 0.459375 0.5341796875 0.040625 0.048828125
0 0.496875 0.5595703125 0.040625 0.048828125
0 0.46171875 0.654296875 0.0390625 0.05078125
0 0.565625 0.259765625 0.040625 0.05078125
0 0.634375 0.431640625 0.040625 0.05078125
0 0.496875 0.44140625 0.040625 0.05078125
0 0.4421875 0.703125 0.0375 0.05078125
0 0.65234375 0.3828125 0.0390625 0.05078125
0 0.51328125 0.396484375 0.0390625 0.05078125
0 0.3734375 0.4111328125 0.0375 0.048828125
0 0.371875 0.529296875 0.040625 0.05078125
0 0.53125 0.232421875 0.040625 0.05078125
0 0.6 0.4033203125 0.040625 0.048828125
0 0.3375 0.6220703125 0.040625 0.048828125
0 0.565625 0.7314453125 0.040625 0.048828125
0 0.53125 0.3505859375 0.040625 0.048828125
0 0.684375 0.4111328125 0.040625 0.048828125
0 0.634375 0.546875 0.040625 0.05078125
0 0.66875 0.4560546875 0.040625 0.048828125
0 0.478125 0.607421875 0.040625 0.05078125
0 0.459375 0.775390625 0.040625 0.05078125
0 0.5828125 0.3330078125 0.040625 0.048828125
0 0.60078125 0.521484375 0.0390625 0.05078125
0 0.46171875 0.2978515625 0.0390625 0.048828125
0 0.53125 0.5869140625 0.040625 0.048828125
0 0.615625 0.4765625 0.040625 0.05078125
0 0.4265625 0.6298828125 0.040625 0.048828125
0 0.6 0.2880859375 0.040625 0.048828125
0 0.496875 0.205078125 0.040625 0.05078125
0 0.5484375 0.3056640625 0.040625 0.048828125
0 0.4078125 0.556640625 0.0375 0.05078125
0 0.3375 0.50390625 0.040625 0.05078125
0 0.390625 0.72265625 0.040625 0.05078125
0 0.35625 0.5771484375 0.040625 0.048828125
0 0.5125 0.7529296875 0.040625 0.048828125
0 0.409375 0.318359375 0.040625 0.05078125
0 0.528125 0.826171875 0.040625 0.05078125
0 0.546875 0.658203125 0.040625 0.046875
0 0.44375 0.4609375 0.040625 0.05078125
0 0.5140625 0.513671875 0.040625 0.05078125
0 0.478125 0.3681640625 0.040625 0.048828125
0 0.35625 0.4560546875 0.040625 0.048828125
0 0.390625 0.6015625 0.040625 0.05078125
0 0.390625 0.484375 0.040625 0.05078125
0 0.5828125 0.6865234375 0.040625 0.048828125
0 0.565625 0.49609375 0.040625 0.05078125
0 0.3015625 0.59765625 0.040625 0.05078125
0 0.5125 0.6328125 0.040625 0.05078125
0 0.425 0.509765625 0.040625 0.05078125
0 0.6 0.6396484375 0.040625 0.048828125
0 0.703125 0.365234375 0.040625 0.05078125
0 0.44375 0.224609375 0.040625 0.05078125
0 0.47890625 0.25 0.0390625 0.05078125
0 0.565625 0.37890625 0.040625 0.05078125
0 0.4796875 0.48828125 0.040625 0.05078125
0 0.4453125 0.34375 0.040625 0.05078125
0 0.6171875 0.5947265625 0.040625 0.048828125
0 0.5484375 0.5419921875 0.040625 0.048828125
0 0.40625 0.67578125 0.040625 0.046875
0 0.546875 0.77734375 0.040625 0.05078125
0 0.46171875 0.416015625 0.0390625 0.05078125
0 0.53125 0.46875 0.040625 0.05078125
0 0.65234375 0.501953125 0.0390625 0.05078125
0 0.49375 0.80078125 0.040625 0.05078125
0 0.409375 0.435546875 0.040625 0.05078125
0 0.6171875 0.3583984375 0.040625 0.048828125
0 0.425 0.748046875 0.040625 0.05078125
0 0.47890625 0.7275390625 0.0390625 0.048828125
0 0.5828125 0.44921875 0.040625 0.05078125
0 0.46171875 0.1796875 0.0390625 0.05078125
0 0.496875 0.3232421875 0.040625 0.048828125
0 0.565625 0.61328125 0.040625 0.046875
0 0.3546875 0.697265625 0.040625 0.05078125
0 0.3203125 0.548828125 0.040625 0.05078125
0 0.53125 0.705078125 0.040625 0.05078125
0 0.66875 0.337890625 0.040625 0.05078125
0 0.44375 0.58203125 0.040625 0.05078125
0 0.2828125 0.64453125 0.040625 0.05078125
