0 0.59375 0.1376953125 0.040625 0.068359375
0 0.50546875 0.4287109375 0.0421875 0.068359375
0 0.4578125 0.6494140625 0.04375 0.068359375
0 0.66015625 0.2177734375 0.0421875 0.068359375
0 0.4859375 0.1259765625 0.040625 0.068359375
0 0.6515625 0.365234375 0.040625 0.0703125
0 0.425 0.5712890625 0.040625 0.068359375
0 0.56953125 0.5810546875 0.0421875 0.068359375
0 0.61015625 0.509765625 0.0421875 0.0703125
0 0.65703125 0.2939453125 0.0421875 0.068359375
0 0.68046875 0.5146484375 0.0421875 0.068359375
0 0.41171875 0.1162109375 0.0421875 0.068359375
0 0.60703125 0.5849609375 0.0421875 0.068359375
0 0.365625 0.2626953125 0.040625 0.068359375
0 0.58515625 0.287109375 0.0421875 0.0703125
0 0.62578125 0.2158203125 0.0296875 0.052734375
0 0.64140625 0.5869140625 0.0421875 0.072265625
0 0.49921875 0.576171875 0.0390625 0.0703125
0 0.578125 0.4345703125 0.040625 0.068359375
0 0.5671875 0.654296875 0.040625 0.0703125
0 0.35859375 0.416015625 0.0421875 0.0703125
0 0.40625 0.1923828125 0.040625 0.068359375
0 0.4046875 0.2685546875 0.040625 0.068359375
0 0.44765625 0.12109375 0.0421875 0.0703125
0 0.47734375 0.2744140625 0.0421875 0.068359375
0 0.3953125 0.4189453125 0.040625 0.068359375
0 0.3109375 0.56640625 0.040625 0.0703125
0 0.6484375 0.4404296875 0.040625 0.068359375
0 0.3828125 0.6455078125 0.040625 0.068359375
0 0.3328125 0.1845703125 0.040625 0.068359375
0 0.6453125 0.5126953125 0.04375 0.068359375
0 0.69609375 0.220703125 0.0421875 0.0703125
0 0.46953125 0.4248046875 0.0421875 0.068359375
0 0.4328125 0.421875 0.040625 0.0703125
0 0.6140625 0.4365234375 0.040625 0.068359375
0 0.5375 0.505859375 0.040625 0.0703125
0 0.4625 0.5732421875 0.040625 0.068359375
0 0.37109375 0.1904296875 0.0421875 0.068359375
0 0.43984375 0.2724609375 0.0421875 0.068359375
0 0.621875 0.2900390625 0.04375 0.068359375
0 0.5828125 0.3583984375 0.040625 0.068359375
0 0.55 0.2822265625 0.040625 0.068359375
0 0.46484375 0.5009765625 0.0421875 0.068359375
0 0.6875 0.3701171875 0.040625 0.068359375
0 0.5421875 0.431640625 0.040625 0.0703125
0 0.3734375 0.1142578125 0.040625 0.068359375
0 0.54609375 0.357421875 0.0421875 0.0703125
0 0.590625 0.2119140625 0.040625 0.072265625
0 0.6390625 0.6591796875 0.040625 0.068359375
0 0.5140625 0.2802734375 0.040625 0.068359375
0 0.309375 0.6416015625 0.040625 0.068359375
0 0.553125 0.2080078125 0.040625 0.068359375
0 0.35 0.5673828125 0.040625 0.072265625
0 0.6171875 0.3623046875 0.040625 0.068359375
0 0.53515625 0.5810546875 0.0421875 0.068359375
0 0.3234375 0.3388671875 0.040625 0.068359375
0 0.38828125 0.5693359375 0.0421875 0.068359375
0 0.48046875 0.2021484375 0.0421875 0.068359375
0 0.321875 0.4140625 0.040625 0.0703125
0 0.69140625 0.2958984375 0.0421875 0.068359375
0 0.5015625 0.501953125 0.040625 0.0703125
0 0.49453125 0.654296875 0.0421875 0.0703125
0 0.51796875 0.2060546875 0.0421875 0.068359375
0 0.4359375 0.3486328125 0.040625 0.068359375
0 0.53125 0.6513671875 0.04375 0.068359375
0 0.6296875 0.142578125 0.03125 0.05859375
0 0.6765625 0.587890625 0.040625 0.0703125
0 0.665625 0.1455078125 0.040625 0.068359375
0 0.4734375 0.3525390625 0.040625 0.068359375
0 0.51015625 0.3564453125 0.0421875 0.068359375
0 0.31640625 0.48828125 0.0421875 0.0703125
0 0.684375 0.4423828125 0.040625 0.072265625
0 0.3453125 0.6416015625 0.04375 0.068359375
0 0.7 0.1494140625 0.040625 0.068359375
0 0.3625 0.3408203125 0.040625 0.068359375
0 0.421875 0.6474609375 0.040625 0.068359375
0 0.39921875 0.34375 0.0421875 0.0703125
0 0.57421875 0.5078125 0.0296875 0.0546875
0 0.6015625 0.6572265625 0.040625 0.068359375
0 0.55859375 0.1328125 0.0421875 0.0703125
0 0.328125 0.2607421875 0.04375 0.068359375
0 0.52109375 0.1298828125 0.0421875 0.068359375
0 0.390625 0.4951171875 0.040625 0.068359375
0 0.4453125 0.1962890625 0.040625 0.068359375
0 0.42890625 0.4970703125 0.0421875 0.068359375
0 0.3546875 0.4931640625 0.040625 0.068359375
0 0.6734375 0.6611328125 0.040625 0.068359375
0 0.3359375 0.109375 0.04375 0.0703125
