0 0.18828125 0.8447265625 0.0515625 0.056640625
0 0.109375 0.62109375 0.05 0.0546875
0 0.55703125 0.560546875 0.0515625 0.0546875
0 0.428125 0.359375 0.053125 0.0546875
0 0.3953125 0.4375 0.053125 0.0546875
0 0.2515625 0.6904296875 0.05 0.056640625
0 0.53671875 0.505859375 0.0515625 0.0546875
0 0.56328125 0.7470703125 0.0546875 0.056640625
0 0.421875 0.6796875 0.05 0.0546875
0 0.696875 0.626953125 0.05 0.0546875
0 0.3609375 0.833984375 0.05 0.0546875
0 0.23125 0.6337890625 0.05 0.056640625
0 0.340625 0.779296875 0.05 0.0546875
0 0.61796875 0.40625 0.0515625 0.0546875
0 0.64609375 0.6484375 0.0515625 0.0546875
0 0.43515625 0.548828125 0.0515625 0.05859375
0 0.2578125 0.8779296875 0.053125 0.056640625
0 0.6265625 0.59375 0.053125 0.0546875
0 0.66640625 0.7041015625 0.0515625 0.056640625
0 0.415625 0.4921875 0.053125 0.0546875
0 0.2234375 0.447265625 0.05 0.05859375
0 0.4859375 0.525390625 0.05 0.0546875
0 0.3328125 0.591796875 0.05 0.0546875
0 0.29453125 0.4794921875 0.0515625 0.056640625
0 0.2125 0.578125 0.053125 0.0546875
0 0.290625 0.798828125 0.053125 0.05859375
0 0.47421875 0.6572265625 0.0546875 0.056640625
0 0.6078125 0.5390625 0.05 0.0546875
0 0.5875 0.484375 0.05 0.0546875
0 0.16015625 0.599609375 0.0515625 0.0546875
0 0.121875 0.4892578125 0.05 0.056640625
0 0.2421875 0.501953125 0.053125 0.05859375
0 0.37421875 0.7001953125 0.0515625 0.056640625
0 0.35234375 0.646484375 0.0546875 0.0546875
0 0.1796875 0.654296875 0.053125 0.0546875
0 0.16796875 0.7880859375 0.0515625 0.056640625
0 0.4984375 0.396484375 0.05 0.0546875
0 0.31015625 0.8544921875 0.0515625 0.056640625
0 0.39140625 0.755859375 0.0515625 0.0546875
0 0.5265625 0.638671875 0.05 0.0546875
0 0.6 0.3515625 0.05 0.0546875
0 0.67890625 0.572265625 0.0515625 0.0546875
0 0.52890625 0.318359375 0.0515625 0.0546875
0 0.38515625 0.5693359375 0.0546875 0.056640625
0 0.22109375 0.7646484375 0.0515625 0.056640625
0 0.5484375 0.373046875 0.053125 0.0546875
0 0.1484375 0.732421875 0.053125 0.0546875
0 0.49375 0.7138671875 0.05 0.056640625
0 0.2390625 0.8212890625 0.05 0.056640625
0 0.56875 0.4287109375 0.053125 0.056640625
0 0.46328125 0.7890625 0.0515625 0.0546875
0 0.63828125 0.462890625 0.0515625 0.05859375
0 0.44375 0.734375 0.053125 0.0546875
0 0.36484375 0.513671875 0.0546875 0.0546875
0 0.44765625 0.416015625 0.0515625 0.05859375
0 0.615625 0.7265625 0.05 0.0546875
0 0.575 0.615234375 0.05 0.05859375
0 0.20078125 0.708984375 0.0515625 0.0546875
0 0.0703125 0.5087890625 0.053125 0.056640625
0 0.45546875 0.6015625 0.0515625 0.0546875
0 0.3125 0.5361328125 0.05 0.056640625
0 0.54453125 0.693359375 0.0515625 0.0546875
0 0.5046875 0.58203125 0.053125 0.05859375
0 0.6578125 0.517578125 0.053125 0.0546875
0 0.34609375 0.458984375 0.0515625 0.0546875
0 0.3015625 0.6669921875 0.053125 0.056640625
0 0.190625 0.5224609375 0.05 0.056640625
0 0.17265625 0.46875 0.0515625 0.05859375
0 0.0890625 0.5654296875 0.05 0.056640625
0 0.28203125 0.611328125 0.0515625 0.0546875
0 0.26953125 0.74609375 0.0515625 0.0546875
0 0.5140625 0.76953125 0.05 0.05859375
0 0.5171875 0.44921875 0.053125 0.05859375
0 0.26484375 0.55859375 0.0515625 0.0546875
0 0.32578125 0.404296875 0.0515625 0.0546875
0 0.596875 0.671875 0.053125 0.0546875
0 0.4109375 0.8115234375 0.053125 0.056640625
0 0.4046875 0.625 0.05 0.0546875
0 0.3765625 0.3818359375 0.05 0.056640625
0 0.321875 0.7236328125 0.053125 0.056640625
0 0.478125 0.3408203125 0.05 0.056640625
0 0.1296875 0.6767578125 0.05 0.056640625
0 0.465625 0.47265625 0.05 0.0546875
0 0.13984375 0.544921875 0.0515625 0.0546875
0 0.20703125 0.896484375 0.0546875 0.0546875
0 0.2734375 0.423828125 0.053125 0.0546875
0 0.715625 0.681640625 0.053125 0.0546875
0 0.578125 0.294921875 0.053125 0.05859375
