0 0.65390625 0.505859375 0.0390625 0.046875
0 0.65078125 0.6171875 0.0390625 0.046875
0 0.57734375 0.658203125 0.0390625 0.046875
0 0.46328125 0.3359375 0.0390625 0.046875
0 0.42421875 0.4697265625 0.0390625 0.048828125
0 0.38359375 0.603515625 0.0390625 0.046875
0 0.23984375 0.572265625 0.0390625 0.046875
0 0.61640625 0.5244140625 0.0390625 0.048828125
0 0.42109375 0.58203125 0.0390625 0.046875
0 0.46015625 0.4501953125 0.0390625 0.044921875
0 0.58984375 0.3203125 0.0390625 0.046875
0 0.53203125 0.41015625 0.0390625 0.046875
0 0.60078125 0.4794921875 0.0390625 0.048828125
0 0.49296875 0.541015625 0.0390625 0.046875
0 0.29296875 0.5966796875 0.0390625 0.044921875
0 0.27890625 0.4375 0.0390625 0.046875
0 0.50859375 0.5859375 0.0390625 0.046875
0 0.38203125 0.7158203125 0.0390625 0.044921875
0 0.43984375 0.5146484375 0.0390625 0.048828125
0 0.27734375 0.55078125 0.0390625 0.046875
0 0.34375 0.736328125 0.0375 0.046875
0 0.48203125 0.3828125 0.0390625 0.046875
0 0.53515625 0.2958984375 0.0390625 0.048828125
0 0.309375 0.6435546875 0.0375 0.048828125
0 0.3140625 0.5302734375 0.0375 0.044921875
0 0.37109375 0.443359375 0.0390625 0.046875
0 0.45234375 0.6748046875 0.0390625 0.048828125
0 0.66875 0.55078125 0.0375 0.046875
0 0.58515625 0.43359375 0.0390625 0.046875
0 0.40078125 0.6494140625 0.0390625 0.044921875
0 0.56171875 0.6123046875 0.0390625 0.048828125
0 0.51640625 0.3623046875 0.0390625 0.048828125
0 0.57109375 0.27734375 0.0390625 0.046875
0 0.5515625 0.3408203125 0.0375 0.048828125
0 0.58203125 0.5458984375 0.0390625 0.048828125
0 0.49921875 0.3173828125 0.0390625 0.048828125
0 0.54765625 0.453125 0.0390625 0.046875
0 0.22265625 0.5244140625 0.0390625 0.048828125
0 0.30703125 0.7578125 0.0390625 0.046875
0 0.35546875 0.3974609375 0.0390625 0.044921875
0 0.3515625 0.509765625 0.0375 0.046875
0 0.54453125 0.564453125 0.0390625 0.046875
0 0.24296875 0.4580078125 0.0390625 0.048828125
0 0.346875 0.6240234375 0.0375 0.044921875
0 0.60546875 0.3671875 0.0390625 0.046875
0 0.36015625 0.7822265625 0.0390625 0.044921875
0 0.28984375 0.7099609375 0.0390625 0.048828125
0 0.20703125 0.4775390625 0.0390625 0.044921875
0 0.44375 0.4033203125 0.0375 0.048828125
0 0.3171875 0.4169921875 0.0375 0.048828125
0 0.43671875 0.62890625 0.0390625 0.046875
0 0.27421875 0.6650390625 0.0390625 0.048828125
0 0.42734375 0.3564453125 0.0390625 0.044921875
0 0.50703125 0.701171875 0.0390625 0.046875
0 0.43203125 0.7412109375 0.0390625 0.048828125
0 0.41640625 0.6953125 0.0390625 0.046875
0 0.5984375 0.5908203125 0.0375 0.048828125
0 0.4765625 0.49609375 0.0375 0.046875
0 0.32734375 0.6904296875 0.0390625 0.044921875
0 0.33046875 0.5771484375 0.0390625 0.048828125
0 0.49765625 0.4296875 0.0390625 0.046875
0 0.3875 0.4892578125 0.040625 0.044921875
0 0.33515625 0.4638671875 0.0390625 0.044921875
0 0.26015625 0.5048828125 0.0390625 0.044921875
0 0.52734375 0.6337890625 0.0390625 0.048828125
0 0.63515625 0.5703125 0.0390625 0.046875
0 0.54296875 0.6796875 0.0390625 0.046875
0 0.51328125 0.474609375 0.0390625 0.046875
0 0.36796875 0.5556640625 0.0390625 0.048828125
0 0.45546875 0.5625 0.0390625 0.046875
0 0.39140625 0.376953125 0.0390625 0.046875
0 0.40703125 0.4228515625 0.0390625 0.044921875
0 0.61484375 0.63671875 0.0390625 0.046875
0 0.40546875 0.5361328125 0.0390625 0.048828125
0 0.62109375 0.4150390625 0.0390625 0.048828125
0 0.63671875 0.4599609375 0.0390625 0.048828125
0 0.47265625 0.607421875 0.0359375 0.046875
0 0.36484375 0.669921875 0.0359375 0.046875
0 0.56484375 0.5009765625 0.0359375 0.048828125
0 0.25546875 0.6171875 0.0390625 0.046875
0 0.29765625 0.484375 0.0390625 0.046875
0 0.39765625 0.7626953125 0.0390625 0.048828125
0 0.46953125 0.7197265625 0.0390625 0.048828125
0 0.48984375 0.6533203125 0.0390625 0.048828125
0 0.56875 0.388671875 0.0375 0.046875
0 0.68515625 0.595703125 0.0390625 0.046875
0 0.52890625 0.51953125 0.0390625 0.046875
0 0.32265625 0.802734375 0.0390625 0.046875
