0 0.5578125 0.6328125 0.0375 0.046875
0 0.48125 0.4755859375 0.0375 0.048828125
0 0.32734375 0.5126953125 0.0390625 0.048828125
0 0.59296875 0.388671875 0.0390625 0.046875
0 0.4046875 0.62109375 0.0375 0.046875
0 0.55546875 0.384765625 0.0390625 0.046875
0 0.59375 0.638671875 0.0375 0.046875
0 0.28984375 0.3037109375 0.0390625 0.048828125
0 0.44296875 0.322265625 0.0390625 0.046875
0 0.6296875 0.39453125 0.0375 0.046875
0 0.328125 0.61328125 0.0375 0.046875
0 0.44296875 0.57421875 0.0390625 0.046875
0 0.44296875 0.5234375 0.0390625 0.046875
0 0.4046875 0.318359375 0.0375 0.046875
0 0.2890625 0.5068359375 0.040625 0.048828125
0 0.32734375 0.4091796875 0.0390625 0.048828125
0 0.51953125 0.4306640625 0.0390625 0.044921875
0 0.328125 0.30859375 0.0375 0.046875
0 0.40546875 0.4169921875 0.0390625 0.048828125
0 0.48125 0.525390625 0.0375 0.046875
0 0.4046875 0.5703125 0.0375 0.046875
0 0.63125 0.34375 0.040625 0.05078125
0 0.36640625 0.4150390625 0.0390625 0.048828125
0 0.48125 0.62890625 0.0375 0.046875
0 0.4046875 0.3681640625 0.0375 0.048828125
0 0.25 0.6044921875 0.0375 0.048828125
0 0.59375 0.4892578125 0.0375 0.044921875
0 0.55625 0.583984375 0.040625 0.046875
0 0.2484375 0.50390625 0.040625 0.046875
0 0.63125 0.5927734375 0.040625 0.048828125
0 0.59375 0.5888671875 0.0375 0.048828125
0 0.28828125 0.40625 0.0390625 0.046875
0 0.32734375 0.4599609375 0.0390625 0.044921875
0 0.51875 0.4814453125 0.040625 0.048828125
0 0.51953125 0.3818359375 0.0390625 0.044921875
0 0.2890625 0.45703125 0.040625 0.046875
0 0.44296875 0.4736328125 0.0390625 0.048828125
0 0.48125 0.4267578125 0.0375 0.048828125
0 0.36640625 0.3642578125 0.0390625 0.048828125
0 0.4046875 0.5185546875 0.0375 0.044921875
0 0.4796875 0.326171875 0.040625 0.046875
0 0.51875 0.580078125 0.040625 0.046875
0 0.55625 0.435546875 0.040625 0.046875
0 0.36640625 0.3125 0.0390625 0.046875
0 0.51875 0.630859375 0.040625 0.046875
0 0.63203125 0.541015625 0.0390625 0.046875
0 0.48125 0.376953125 0.0375 0.046875
0 0.36640625 0.6162109375 0.0390625 0.044921875
0 0.3671875 0.46484375 0.040625 0.046875
0 0.40546875 0.4697265625 0.0390625 0.044921875
0 0.44296875 0.6240234375 0.0390625 0.048828125
0 0.59296875 0.3388671875 0.0390625 0.048828125
0 0.6296875 0.494140625 0.0375 0.046875
0 0.25 0.4013671875 0.0375 0.044921875
0 0.2890625 0.5576171875 0.040625 0.044921875
0 0.55625 0.484375 0.040625 0.046875
0 0.59375 0.5400390625 0.0375 0.048828125
0 0.51875 0.53125 0.040625 0.046875
0 0.5578125 0.2841796875 0.0375 0.048828125
0 0.6296875 0.443359375 0.0375 0.046875
0 0.25 0.5546875 0.0375 0.046875
0 0.28984375 0.25390625 0.0390625 0.046875
0 0.36640625 0.5654296875 0.0390625 0.048828125
0 0.25 0.3505859375 0.0375 0.048828125
0 0.6328125 0.6416015625 0.040625 0.048828125
0 0.55546875 0.3359375 0.0390625 0.046875
0 0.59375 0.4375 0.0375 0.046875
0 0.328125 0.259765625 0.0375 0.046875
0 0.55625 0.5341796875 0.040625 0.048828125
0 0.44375 0.3720703125 0.040625 0.044921875
0 0.3671875 0.515625 0.040625 0.046875
0 0.48125 0.5771484375 0.0375 0.044921875
0 0.4046875 0.2666015625 0.0375 0.044921875
0 0.25 0.4541015625 0.0375 0.048828125
0 0.28828125 0.6103515625 0.0390625 0.048828125
0 0.51875 0.2802734375 0.040625 0.048828125
0 0.28984375 0.3564453125 0.0390625 0.048828125
0 0.63125 0.29296875 0.040625 0.046875
0 0.4796875 0.2744140625 0.040625 0.048828125
0 0.44296875 0.4228515625 0.0390625 0.048828125
0 0.51953125 0.330078125 0.0390625 0.046875
0 0.44296875 0.271484375 0.0390625 0.046875
0 0.25 0.2998046875 0.0375 0.048828125
0 0.328125 0.3583984375 0.0375 0.048828125
0 0.59375 0.2900390625 0.0375 0.048828125
0 0.32734375 0.5625 0.0390625 0.046875
0 0.36640625 0.26171875 0.0390625 0.046875
0 0.25 0.25 0.0375 0.046875
