0 0.475 0.3447265625 0.040625 0.048828125
0 0.575 0.3642578125 0.0375 0.048828125
0 0.5359375 0.6669921875 0.040625 0.048828125
0 0.44140625 0.5966796875 0.0390625 0.048828125
0 0.3796875 0.5341796875 0.0375 0.048828125
0 0.36328125 0.3740234375 0.0390625 0.048828125
0 0.25625 0.6708984375 0.040625 0.048828125
0 0.3953125 0.693359375 0.040625 0.046875
0 0.52734375 0.4599609375 0.0390625 0.048828125
0 0.30234375 0.3076171875 0.0390625 0.048828125
0 0.428125 0.4384765625 0.0375 0.048828125
0 0.33203125 0.6318359375 0.0390625 0.044921875
0 0.36796875 0.63671875 0.0390625 0.046875
0 0.5046875 0.66015625 0.040625 0.046875
0 0.4765625 0.6025390625 0.0375 0.048828125
0 0.2265625 0.615234375 0.0375 0.046875
0 0.496875 0.7099609375 0.0375 0.048828125
0 0.3171875 0.4716796875 0.040625 0.048828125
0 0.4890625 0.5029296875 0.0375 0.048828125
0 0.521875 0.5087890625 0.0375 0.044921875
0 0.54375 0.615234375 0.0375 0.046875
0 0.5625 0.4638671875 0.0375 0.048828125
0 0.3359375 0.3154296875 0.040625 0.048828125
0 0.353125 0.4775390625 0.040625 0.048828125
0 0.415625 0.541015625 0.0375 0.046875
0 0.3234375 0.419921875 0.040625 0.046875
0 0.39921875 0.380859375 0.0390625 0.046875
0 0.509375 0.6103515625 0.0375 0.048828125
0 0.309375 0.521484375 0.0375 0.046875
0 0.4078125 0.5927734375 0.040625 0.048828125
0 0.4484375 0.5458984375 0.0375 0.048828125
0 0.51484375 0.5595703125 0.0390625 0.048828125
0 0.5671875 0.4140625 0.040625 0.046875
0 0.49609375 0.453125 0.0390625 0.046875
0 0.43515625 0.6484375 0.0390625 0.046875
0 0.39375 0.43359375 0.0375 0.046875
0 0.60078125 0.4208984375 0.0390625 0.048828125
0 0.48125 0.5517578125 0.040625 0.048828125
0 0.540625 0.3564453125 0.0375 0.048828125
0 0.45625 0.49609375 0.040625 0.046875
0 0.50859375 0.3505859375 0.0390625 0.044921875
0 0.28828125 0.4130859375 0.0390625 0.048828125
0 0.26875 0.5673828125 0.040625 0.048828125
0 0.296875 0.6259765625 0.0375 0.048828125
0 0.5828125 0.5703125 0.0375 0.046875
0 0.4671875 0.39453125 0.0375 0.046875
0 0.5546875 0.515625 0.040625 0.046875
0 0.55 0.5634765625 0.0375 0.048828125
0 0.33828125 0.5791015625 0.0390625 0.048828125
0 0.4203125 0.4892578125 0.040625 0.048828125
0 0.29453125 0.361328125 0.0390625 0.046875
0 0.5015625 0.4033203125 0.0375 0.048828125
0 0.42890625 0.7001953125 0.0390625 0.048828125
0 0.46953125 0.65625 0.0390625 0.046875
0 0.28125 0.4638671875 0.040625 0.048828125
0 0.3046875 0.5751953125 0.040625 0.048828125
0 0.25234375 0.4052734375 0.0390625 0.048828125
0 0.3453125 0.5283203125 0.0375 0.048828125
0 0.60703125 0.3701171875 0.0390625 0.048828125
0 0.26484375 0.3017578125 0.0390625 0.044921875
0 0.3578125 0.4267578125 0.0375 0.048828125
0 0.4015625 0.6435546875 0.040625 0.048828125
0 0.58828125 0.521484375 0.0390625 0.046875
0 0.38671875 0.4853515625 0.0390625 0.048828125
0 0.3296875 0.3671875 0.040625 0.046875
0 0.275 0.515625 0.040625 0.046875
0 0.36171875 0.689453125 0.0390625 0.046875
0 0.57578125 0.623046875 0.0390625 0.046875
0 0.46015625 0.4443359375 0.0390625 0.048828125
0 0.534375 0.408203125 0.0375 0.046875
0 0.37421875 0.5869140625 0.0390625 0.048828125
0 0.3265625 0.6826171875 0.0375 0.048828125
0 0.4328125 0.3876953125 0.040625 0.048828125
0 0.26171875 0.619140625 0.0390625 0.046875
0 0.24609375 0.4599609375 0.0390625 0.048828125
0 0.28984375 0.677734375 0.0390625 0.046875
0 0.23984375 0.5107421875 0.0390625 0.048828125
0 0.259375 0.3544921875 0.0375 0.048828125
0 0.371875 0.3232421875 0.040625 0.048828125
0 0.5703125 0.6708984375 0.0375 0.048828125
0 0.440625 0.337890625 0.0375 0.046875
0 0.4625 0.7060546875 0.040625 0.044921875
0 0.2328125 0.5625 0.0375 0.046875
0 0.53046875 0.716796875 0.0390625 0.046875
0 0.40546875 0.3291015625 0.0390625 0.048828125
0 0.56328125 0.72265625 0.0390625 0.046875
0 0.21875 0.6650390625 0.040625 0.044921875
0 0.59453125 0.4716796875 0.0390625 0.048828125
