0 0.45390625 0.3671875 0.0390625 0.0625
0 0.33359375 0.8359375 0.0390625 0.0625
0 0.28515625 0.595703125 0.0390625 0.0625
0 0.62890625 0.40234375 0.0390625 0.0625
0 0.52578125 0.525390625 0.0390625 0.05859375
0 0.46171875 0.6298828125 0.0390625 0.060546875
0 0.56953125 0.3046875 0.0390625 0.05859375
0 0.35 0.4921875 0.040625 0.0625
0 0.4 0.734375 0.0375 0.05859375
0 0.34765625 0.693359375 0.0390625 0.05859375
0 0.55703125 0.2431640625 0.0390625 0.060546875
0 0.54140625 0.3837890625 0.0390625 0.060546875
0 0.36328125 0.55078125 0.0390625 0.0625
0 0.275 0.5341796875 0.040625 0.060546875
0 0.45078125 0.568359375 0.0390625 0.05859375
0 0.28359375 0.7998046875 0.0390625 0.060546875
0 0.32734375 0.369140625 0.0390625 0.0625
0 0.4171875 0.388671875 0.040625 0.05859375
0 0.40390625 0.3271484375 0.0390625 0.060546875
0 0.36171875 0.7548828125 0.0390625 0.060546875
0 0.53828125 0.5849609375 0.0390625 0.060546875
0 0.26171875 0.4736328125 0.0390625 0.060546875
0 0.53046875 0.32421875 0.0390625 0.0625
0 0.26953125 0.73828125 0.0390625 0.05859375
0 0.46640625 0.4287109375 0.0390625 0.060546875
0 0.43828125 0.509765625 0.0390625 0.05859375
0 0.56328125 0.705078125 0.0390625 0.05859375
0 0.57578125 0.5654296875 0.0390625 0.060546875
0 0.24609375 0.6181640625 0.0390625 0.060546875
0 0.6515625 0.5205078125 0.040625 0.060546875
0 0.3890625 0.4697265625 0.040625 0.060546875
0 0.51875 0.2626953125 0.0375 0.060546875
0 0.22265625 0.49609375 0.0390625 0.05859375
0 0.60625 0.2822265625 0.0375 0.060546875
0 0.3140625 0.51171875 0.040625 0.05859375
0 0.60234375 0.484375 0.0390625 0.05859375
0 0.553125 0.4443359375 0.040625 0.060546875
0 0.56484375 0.50390625 0.0390625 0.0625
0 0.42578125 0.65234375 0.0390625 0.0625
0 0.37421875 0.6123046875 0.0390625 0.060546875
0 0.640625 0.4609375 0.040625 0.0625
0 0.4921875 0.34765625 0.040625 0.05859375
0 0.63671875 0.66015625 0.0390625 0.05859375
0 0.43671875 0.7109375 0.0390625 0.0625
0 0.4109375 0.794921875 0.040625 0.05859375
0 0.4875 0.75 0.0375 0.05859375
0 0.6140625 0.54296875 0.0375 0.05859375
0 0.33984375 0.4306640625 0.0390625 0.060546875
0 0.30078125 0.453125 0.0390625 0.05859375
0 0.62578125 0.6015625 0.0390625 0.05859375
0 0.23515625 0.556640625 0.0390625 0.05859375
0 0.25859375 0.677734375 0.0390625 0.05859375
0 0.40234375 0.5302734375 0.0390625 0.060546875
0 0.32421875 0.5732421875 0.0390625 0.060546875
0 0.6640625 0.5810546875 0.040625 0.060546875
0 0.59453125 0.220703125 0.0390625 0.0625
0 0.52421875 0.7275390625 0.0390625 0.060546875
0 0.32265625 0.77734375 0.0390625 0.0625
0 0.36640625 0.349609375 0.0390625 0.05859375
0 0.2890625 0.3916015625 0.0375 0.060546875
0 0.50078125 0.607421875 0.0390625 0.0625
0 0.48203125 0.28515625 0.0390625 0.05859375
0 0.30859375 0.7158203125 0.0390625 0.060546875
0 0.5046875 0.40625 0.040625 0.05859375
0 0.5796875 0.36328125 0.040625 0.05859375
0 0.38671875 0.671875 0.0390625 0.05859375
0 0.5921875 0.421875 0.040625 0.05859375
0 0.48984375 0.548828125 0.0390625 0.0625
0 0.33515625 0.634765625 0.0390625 0.05859375
0 0.54921875 0.646484375 0.0390625 0.05859375
0 0.41328125 0.5908203125 0.0390625 0.060546875
0 0.24765625 0.4140625 0.0390625 0.0625
0 0.51328125 0.6689453125 0.0390625 0.060546875
0 0.37890625 0.408203125 0.0390625 0.05859375
0 0.61796875 0.34375 0.0390625 0.0625
0 0.44296875 0.3056640625 0.0390625 0.060546875
0 0.209375 0.43359375 0.0375 0.05859375
0 0.515625 0.46484375 0.040625 0.05859375
0 0.428125 0.4482421875 0.040625 0.060546875
0 0.60078125 0.6826171875 0.0390625 0.060546875
0 0.67578125 0.640625 0.0390625 0.0625
0 0.4765625 0.4873046875 0.040625 0.060546875
0 0.47578125 0.689453125 0.0390625 0.05859375
0 0.58828125 0.6240234375 0.0390625 0.060546875
0 0.29453125 0.861328125 0.0390625 0.05859375
0 0.44921875 0.7705078125 0.0390625 0.060546875
0 0.296875 0.6572265625 0.0375 0.060546875
0 0.37265625 0.814453125 0.0390625 0.05859375
