0 0.54609375 0.4130859375 0.0390625 0.048828125
0 0.71796875 0.4150390625 0.0390625 0.048828125
0 0.63046875 0.7353515625 0.0390625 0.048828125
0 0.54296875 0.7333984375 0.0390625 0.048828125
0 0.41640625 0.6240234375 0.0390625 0.048828125
0 0.46015625 0.4111328125 0.0390625 0.048828125
0 0.67265625 0.7373046875 0.0390625 0.048828125
0 0.71640625 0.5224609375 0.0390625 0.048828125
0 0.54609375 0.5185546875 0.0390625 0.048828125
0 0.63203125 0.4150390625 0.0390625 0.048828125
0 0.37109375 0.7314453125 0.0390625 0.048828125
0 0.63046875 0.5205078125 0.0390625 0.048828125
0 0.58671875 0.6806640625 0.0390625 0.048828125
0 0.45703125 0.7333984375 0.0390625 0.048828125
0 0.54453125 0.6259765625 0.0390625 0.048828125
0 0.32890625 0.6767578125 0.0390625 0.048828125
0 0.63046875 0.6279296875 0.0390625 0.048828125
0 0.28515625 0.7294921875 0.0390625 0.048828125
0 0.67421875 0.6279296875 0.0390625 0.048828125
0 0.45859375 0.6240234375 0.0390625 0.048828125
0 0.28671875 0.5146484375 0.0390625 0.048828125
0 0.33046875 0.5693359375 0.0390625 0.048828125
0 0.46015625 0.5185546875 0.0390625 0.048828125
0 0.50234375 0.6259765625 0.0390625 0.048828125
0 0.28515625 0.6220703125 0.0390625 0.048828125
0 0.50234375 0.5185546875 0.0390625 0.048828125
0 0.62890625 0.7900390625 0.0390625 0.048828125
0 0.41640625 0.5166015625 0.0390625 0.048828125
0 0.41796875 0.4111328125 0.0390625 0.048828125
0 0.41484375 0.6787109375 0.0390625 0.048828125
0 0.63203125 0.4677734375 0.0390625 0.048828125
0 0.33046875 0.4619140625 0.0390625 0.048828125
0 0.28828125 0.4072265625 0.0390625 0.048828125
0 0.54296875 0.7880859375 0.0390625 0.048828125
0 0.67265625 0.6826171875 0.0390625 0.048828125
0 0.33046875 0.5166015625 0.0390625 0.048828125
0 0.33203125 0.4091796875 0.0390625 0.048828125
0 0.41640625 0.5712890625 0.0390625 0.048828125
0 0.63046875 0.5751953125 0.0390625 0.048828125
0 0.54453125 0.6806640625 0.0390625 0.048828125
0 0.37109375 0.6767578125 0.0390625 0.048828125
0 0.32734375 0.7861328125 0.0390625 0.048828125
0 0.67421875 0.5751953125 0.0390625 0.048828125
0 0.71640625 0.5751953125 0.0390625 0.048828125
0 0.37421875 0.4091796875 0.0390625 0.048828125
0 0.32890625 0.6240234375 0.0390625 0.048828125
0 0.50390625 0.4111328125 0.0390625 0.048828125
0 0.50390625 0.4658203125 0.0390625 0.048828125
0 0.28515625 0.6767578125 0.0390625 0.048828125
0 0.58984375 0.4130859375 0.0390625 0.048828125
0 0.58671875 0.6279296875 0.0390625 0.048828125
0 0.50078125 0.6787109375 0.0390625 0.048828125
0 0.37265625 0.6240234375 0.0390625 0.048828125
0 0.67265625 0.7900390625 0.0390625 0.048828125
0 0.67421875 0.5224609375 0.0390625 0.048828125
0 0.58828125 0.5732421875 0.0390625 0.048828125
0 0.54609375 0.4658203125 0.0390625 0.048828125
0 0.54453125 0.5732421875 0.0390625 0.048828125
0 0.58671875 0.7900390625 0.0390625 0.048828125
0 0.37421875 0.5166015625 0.0390625 0.048828125
0 0.50078125 0.7333984375 0.0390625 0.048828125
0 0.58671875 0.7353515625 0.0390625 0.048828125
0 0.28671875 0.5693359375 0.0390625 0.048828125
0 0.71640625 0.6298828125 0.0390625 0.048828125
0 0.45859375 0.6787109375 0.0390625 0.048828125
0 0.63046875 0.6806640625 0.0390625 0.048828125
0 0.41796875 0.4638671875 0.0390625 0.048828125
0 0.58828125 0.5205078125 0.0390625 0.048828125
0 0.58828125 0.4677734375 0.0390625 0.048828125
0 0.50234375 0.5712890625 0.0390625 0.048828125
0 0.37265625 0.5693359375 0.0390625 0.048828125
0 0.45703125 0.7861328125 0.0390625 0.048828125
0 0.67421875 0.4150390625 0.0390625 0.048828125
0 0.45859375 0.5712890625 0.0390625 0.048828125
0 0.71640625 0.7373046875 0.0390625 0.048828125
0 0.67421875 0.4677734375 0.0390625 0.048828125
0 0.50078125 0.7880859375 0.0390625 0.048828125
0 0.28828125 0.4619140625 0.0390625 0.048828125
0 0.41484375 0.7314453125 0.0390625 0.048828125
0 0.71640625 0.4697265625 0.0390625 0.048828125
0 0.32734375 0.7314453125 0.0390625 0.048828125
0 0.41328125 0.7861328125 0.0390625 0.048828125
0 0.37109375 0.7861328125 0.0390625 0.048828125
0 0.28359375 0.7841796875 0.0390625 0.048828125
0 0.46015625 0.4638671875 0.0390625 0.048828125
0 0.71640625 0.6826171875 0.0390625 0.048828125
0 0.37421875 0.4638671875 0.0390625 0.048828125
0 0.71640625 0.7919921875 0.0390625 0.048828125
