0 0.51953125 0.705078125 0.0421875 0.0546875
0 0.5375 0.525390625 0.04375 0.0546875
0 0.496875 0.37109375 0.04375 0.0546875
0 0.48125 0.8095703125 0.04375 0.056640625
0 0.275 0.5537109375 0.04375 0.056640625
0 0.4375 0.65625 0.04375 0.0546875
0 0.31796875 0.705078125 0.0421875 0.0546875
0 0.2921875 0.37109375 0.04375 0.0546875
0 0.55859375 0.603515625 0.0421875 0.0546875
0 0.378125 0.6787109375 0.04375 0.056640625
0 0.45546875 0.47265625 0.0421875 0.0546875
0 0.35625 0.603515625 0.04375 0.0546875
0 0.19375 0.501953125 0.04375 0.0546875
0 0.540625 0.783203125 0.04375 0.0546875
0 0.596875 0.498046875 0.04375 0.0546875
0 0.4328125 0.396484375 0.04375 0.0546875
0 0.4984375 0.62890625 0.04375 0.0546875
0 0.4578125 0.73046875 0.04375 0.0546875
0 0.6203125 0.57421875 0.04375 0.0546875
0 0.31484375 0.44921875 0.0453125 0.0546875
0 0.13359375 0.52734375 0.0453125 0.0546875
0 0.21015625 0.318359375 0.0421875 0.0546875
0 0.1734375 0.5537109375 0.04375 0.056640625
0 0.375 0.423828125 0.04375 0.0546875
0 0.35234375 0.3447265625 0.0421875 0.056640625
0 0.4984375 0.7578125 0.04375 0.0546875
0 0.41640625 0.5771484375 0.0421875 0.056640625
0 0.4734375 0.423828125 0.04375 0.0546875
0 0.3953125 0.5 0.04375 0.05859375
0 0.25625 0.603515625 0.04375 0.0546875
0 0.2375 0.654296875 0.04375 0.05859375
0 0.3359375 0.52734375 0.04375 0.0546875
0 0.275 0.423828125 0.04375 0.0546875
0 0.47734375 0.55078125 0.0453125 0.0546875
0 0.5171875 0.5771484375 0.04375 0.056640625
0 0.2125 0.44921875 0.04375 0.0546875
0 0.5796875 0.681640625 0.04375 0.0546875
0 0.27109375 0.294921875 0.0453125 0.0546875
0 0.253125 0.4755859375 0.04375 0.056640625
0 0.2328125 0.396484375 0.04375 0.0546875
0 0.41875 0.7080078125 0.04375 0.056640625
0 0.4375 0.525390625 0.04375 0.0546875
0 0.3546875 0.4755859375 0.04375 0.056640625
0 0.1734375 0.4248046875 0.04375 0.056640625
0 0.3359375 0.65625 0.04375 0.0546875
0 0.4578125 0.603515625 0.04375 0.0546875
0 0.5359375 0.3955078125 0.04375 0.056640625
0 0.5171875 0.4462890625 0.04375 0.056640625
0 0.453125 0.3447265625 0.04375 0.056640625
0 0.61875 0.4462890625 0.04375 0.056640625
0 0.4125 0.318359375 0.04375 0.0546875
0 0.2359375 0.525390625 0.04375 0.0546875
0 0.478125 0.6796875 0.04375 0.05859375
0 0.23125 0.26953125 0.04375 0.0546875
0 0.315625 0.5771484375 0.04375 0.056640625
0 0.3109375 0.322265625 0.04375 0.0546875
0 0.5765625 0.419921875 0.04375 0.0546875
0 0.2953125 0.62890625 0.04375 0.0546875
0 0.24921875 0.216796875 0.0421875 0.0546875
0 0.21484375 0.5771484375 0.0421875 0.056640625
0 0.39375 0.37109375 0.04375 0.0546875
0 0.3984375 0.7578125 0.04375 0.0546875
0 0.496875 0.498046875 0.04375 0.0546875
0 0.2515625 0.34765625 0.04375 0.0546875
0 0.55625 0.47265625 0.04375 0.0546875
0 0.375 0.55078125 0.04375 0.0546875
0 0.153125 0.4755859375 0.04375 0.056640625
0 0.290625 0.2421875 0.04375 0.05859375
0 0.35625 0.73046875 0.04375 0.0546875
0 0.640625 0.525390625 0.04375 0.0546875
0 0.3734375 0.29296875 0.04375 0.0546875
0 0.1546875 0.603515625 0.04375 0.0546875
0 0.5375 0.65234375 0.04375 0.0546875
0 0.1921875 0.3740234375 0.04375 0.056640625
0 0.2765625 0.681640625 0.04375 0.0546875
0 0.41640625 0.44921875 0.0421875 0.0546875
0 0.51953125 0.8359375 0.0421875 0.0546875
0 0.334375 0.2666015625 0.04375 0.056640625
0 0.2953125 0.498046875 0.04375 0.0546875
0 0.5609375 0.73046875 0.04375 0.0546875
0 0.4390625 0.783203125 0.04375 0.0546875
0 0.659375 0.47265625 0.04375 0.0546875
0 0.6 0.62890625 0.04375 0.0546875
0 0.19375 0.62890625 0.04375 0.0546875
0 0.5796875 0.55078125 0.04375 0.0546875
0 0.3984375 0.62890625 0.04375 0.0546875
0 0.33125 0.396484375 0.04375 0.0546875
0 0.1140625 0.580078125 0.04375 0.0546875
