0 0.453125 0.2314453125 0.0375 0.048828125
0 0.6421875 0.37890625 0.0375 0.046875
0 0.66171875 0.537109375 0.0390625 0.046875
0 0.528125 0.30078125 0.0375 0.046875
0 0.59921875 0.673828125 0.0390625 0.046875
0 0.46484375 0.439453125 0.0390625 0.046875
0 0.62421875 0.21875 0.0390625 0.046875
0 0.43125 0.68359375 0.040625 0.046875
0 0.446875 0.2822265625 0.040625 0.044921875
0 0.48515625 0.5966796875 0.0390625 0.048828125
0 0.73203125 0.3486328125 0.0390625 0.048828125
0 0.615625 0.2705078125 0.0375 0.044921875
0 0.5921875 0.7236328125 0.040625 0.048828125
0 0.4875 0.291015625 0.0375 0.046875
0 0.546875 0.458984375 0.0375 0.046875
0 0.65078125 0.3291015625 0.0390625 0.048828125
0 0.6640625 0.228515625 0.040625 0.046875
0 0.56796875 0.310546875 0.0390625 0.046875
0 0.60234375 0.369140625 0.0390625 0.046875
0 0.4453125 0.5859375 0.040625 0.046875
0 0.459375 0.4892578125 0.0375 0.048828125
0 0.534375 0.2509765625 0.040625 0.048828125
0 0.6546875 0.5869140625 0.040625 0.048828125
0 0.5875 0.4697265625 0.040625 0.048828125
0 0.51171875 0.7041015625 0.0390625 0.048828125
0 0.6734375 0.744140625 0.040625 0.046875
0 0.5734375 0.5673828125 0.0375 0.044921875
0 0.69609375 0.5966796875 0.0390625 0.048828125
0 0.66875 0.4873046875 0.0375 0.048828125
0 0.6203125 0.52734375 0.040625 0.046875
0 0.41171875 0.5283203125 0.0390625 0.048828125
0 0.42578125 0.4306640625 0.0390625 0.044921875
0 0.71015625 0.498046875 0.0390625 0.046875
0 0.4734375 0.3896484375 0.040625 0.048828125
0 0.60625 0.625 0.0375 0.046875
0 0.5546875 0.41015625 0.0375 0.046875
0 0.50625 0.44921875 0.040625 0.046875
0 0.5015625 0.19140625 0.0375 0.046875
0 0.55234375 0.71484375 0.0390625 0.046875
0 0.634375 0.427734375 0.0375 0.046875
0 0.68828125 0.646484375 0.0390625 0.046875
0 0.640625 0.68359375 0.0375 0.046875
0 0.73984375 0.2998046875 0.0390625 0.048828125
0 0.559375 0.6650390625 0.040625 0.044921875
0 0.7 0.2890625 0.0375 0.046875
0 0.68359375 0.388671875 0.0390625 0.046875
0 0.5390625 0.5087890625 0.0375 0.048828125
0 0.49140625 0.548828125 0.0390625 0.046875
0 0.59375 0.4189453125 0.040625 0.044921875
0 0.5828125 0.208984375 0.0375 0.046875
0 0.43828125 0.6357421875 0.0390625 0.048828125
0 0.52578125 0.6064453125 0.0390625 0.048828125
0 0.65859375 0.279296875 0.0390625 0.046875
0 0.43984375 0.330078125 0.0390625 0.046875
0 0.56484375 0.6142578125 0.0390625 0.048828125
0 0.4796875 0.6455078125 0.040625 0.048828125
0 0.5796875 0.5185546875 0.0375 0.044921875
0 0.51328125 0.400390625 0.0390625 0.046875
0 0.57578125 0.26171875 0.0390625 0.046875
0 0.5203125 0.3505859375 0.0375 0.048828125
0 0.6328125 0.7333984375 0.0375 0.048828125
0 0.5609375 0.3603515625 0.040625 0.048828125
0 0.4328125 0.3798828125 0.0375 0.048828125
0 0.4703125 0.6953125 0.0375 0.046875
0 0.6140625 0.576171875 0.0375 0.046875
0 0.396875 0.6240234375 0.040625 0.048828125
0 0.72421875 0.3984375 0.0390625 0.046875
0 0.41796875 0.4794921875 0.0390625 0.044921875
0 0.71796875 0.4482421875 0.0390625 0.048828125
0 0.68125 0.6953125 0.040625 0.046875
0 0.4046875 0.576171875 0.040625 0.046875
0 0.49375 0.2412109375 0.0375 0.048828125
0 0.5328125 0.55859375 0.040625 0.046875
0 0.51875 0.65625 0.0375 0.046875
0 0.70234375 0.546875 0.0390625 0.046875
0 0.45234375 0.537109375 0.0390625 0.046875
0 0.6765625 0.4375 0.0375 0.046875
0 0.646875 0.6357421875 0.040625 0.048828125
0 0.390625 0.673828125 0.0375 0.046875
0 0.4796875 0.3408203125 0.040625 0.048828125
0 0.746875 0.2470703125 0.0375 0.044921875
0 0.690625 0.3388671875 0.040625 0.048828125
0 0.49921875 0.4970703125 0.0390625 0.048828125
0 0.628125 0.4775390625 0.040625 0.048828125
0 0.70546875 0.240234375 0.0390625 0.046875
0 0.61015625 0.3212890625 0.0390625 0.048828125
0 0.4609375 0.181640625 0.0375 0.046875
0 0.5421875 0.2021484375 0.040625 0.048828125
