0 0.2203125 0.3828125 0.0625 0.06640625
0 0.7140625 0.376953125 0.0625 0.06640625
0 0.6640625 0.5078125 0.0625 0.06640625
0 0.3171875 0.5029296875 0.0625 0.068359375
0 0.7 0.21484375 0.0625 0.06640625
0 0.1984375 0.447265625 0.0625 0.06640625
0 0.4578125 0.4921875 0.0625 0.06640625
0 0.375 0.14453125 0.0625 0.06640625
0 0.603125 0.478515625 0.0625 0.06640625
0 0.56796875 0.388671875 0.0640625 0.06640625
0 0.925 0.3935546875 0.0625 0.068359375
0 0.53125 0.294921875 0.0625 0.06640625
0 0.4125 0.23828125 0.0625 0.06640625
0 0.290625 0.185546875 0.0625 0.06640625
0 0.340625 0.048828125 0.0625 0.06640625
0 0.49375 0.1982421875 0.0625 0.068359375
0 0.6765625 0.671875 0.0625 0.06640625
0 0.8625 0.36328125 0.0625 0.06640625
0 0.375 0.529296875 0.0625 0.06640625
0 0.7625 0.630859375 0.0625 0.06640625
0 0.3515625 0.5966796875 0.0625 0.068359375
0 0.7734375 0.404296875 0.0625 0.06640625
0 0.5171875 0.51953125 0.0625 0.06640625
0 0.590625 0.3212890625 0.0625 0.068359375
0 0.6890625 0.443359375 0.065625 0.0703125
0 0.2328125 0.541015625 0.0625 0.06640625
0 0.85078125 0.59375 0.0640625 0.06640625
0 0.446875 0.33203125 0.0625 0.06640625
0 0.55546875 0.224609375 0.0640625 0.06640625
0 0.4359375 0.55859375 0.0625 0.06640625
0 0.64140625 0.5751953125 0.0640625 0.068359375
0 0.7625 0.2412109375 0.0625 0.068359375
0 0.615625 0.25390625 0.065625 0.06640625
0 0.4328125 0.171875 0.0625 0.06640625
0 0.825 0.66015625 0.0625 0.06640625
0 0.95 0.32421875 0.0625 0.06640625
0 0.590625 0.708984375 0.0625 0.06640625
0 0.7875 0.564453125 0.0625 0.06640625
0 0.71484375 0.767578125 0.0640625 0.06640625
0 0.28125 0.4111328125 0.0625 0.068359375
0 0.7390625 0.30859375 0.0625 0.06640625
0 0.8125 0.498046875 0.0625 0.06640625
0 0.3625 0.3720703125 0.0625 0.068359375
0 0.25625 0.4736328125 0.0625 0.068359375
0 0.328125 0.2783203125 0.0625 0.068359375
0 0.5796875 0.158203125 0.0625 0.06640625
0 0.62890625 0.4140625 0.0640625 0.06640625
0 0.24375 0.31640625 0.0625 0.06640625
0 0.640625 0.185546875 0.0625 0.06640625
0 0.3046875 0.345703125 0.0625 0.06640625
0 0.6515625 0.73828125 0.0625 0.06640625
0 0.3984375 0.078125 0.0625 0.06640625
0 0.459375 0.1044921875 0.0625 0.068359375
0 0.4703125 0.265625 0.0625 0.06640625
0 0.3984375 0.462890625 0.0625 0.06640625
0 0.9015625 0.4609375 0.0625 0.06640625
0 0.6171875 0.642578125 0.0625 0.06640625
0 0.75 0.46875 0.0625 0.06640625
0 0.7265625 0.53515625 0.0625 0.06640625
0 0.8875 0.296875 0.0625 0.06640625
0 0.4703125 0.65234375 0.0625 0.06640625
0 0.4828125 0.4267578125 0.0625 0.068359375
0 0.6515625 0.34765625 0.0625 0.06640625
0 0.53125 0.681640625 0.0625 0.06640625
0 0.409375 0.623046875 0.0625 0.06640625
0 0.2671875 0.251953125 0.0625 0.06640625
0 0.4234375 0.3984375 0.0625 0.06640625
0 0.4953125 0.5859375 0.0625 0.06640625
0 0.8 0.337890625 0.0625 0.06640625
0 0.3390625 0.435546875 0.0625 0.06640625
0 0.55625 0.615234375 0.0625 0.06640625
0 0.82421875 0.267578125 0.0640625 0.06640625
0 0.67578125 0.28125 0.0640625 0.06640625
0 0.8375 0.43359375 0.065625 0.06640625
0 0.3859375 0.3046875 0.0625 0.06640625
0 0.7015625 0.6044921875 0.065625 0.068359375
0 0.578125 0.5458984375 0.0625 0.068359375
0 0.8 0.7275390625 0.0625 0.068359375
0 0.315625 0.115234375 0.0625 0.06640625
0 0.7390625 0.701171875 0.0625 0.06640625
0 0.5203125 0.130859375 0.0625 0.06640625
0 0.50625 0.361328125 0.0625 0.06640625
0 0.54375 0.4521484375 0.0625 0.068359375
0 0.7765625 0.796875 0.0625 0.06640625
0 0.875 0.5244140625 0.0625 0.068359375
0 0.3515625 0.2109375 0.0625 0.06640625
0 0.290625 0.5673828125 0.0625 0.068359375
0 0.1734375 0.513671875 0.0625 0.06640625
