0 0.75859375 0.4755859375 0.0390625 0.048828125
0 0.53203125 0.3212890625 0.0390625 0.048828125
0 0.68359375 0.2080078125 0.0390625 0.048828125
0 0.66796875 0.2841796875 0.0390625 0.048828125
0 0.62109375 0.5107421875 0.0390625 0.048828125
0 0.45546875 0.3759765625 0.0390625 0.048828125
0 0.77421875 0.3994140625 0.0390625 0.048828125
0 0.30703125 0.4873046875 0.0390625 0.048828125
0 0.38046875 0.4306640625 0.0390625 0.048828125
0 0.45703125 0.6943359375 0.0390625 0.048828125
0 0.56171875 0.4912109375 0.0390625 0.048828125
0 0.41171875 0.6005859375 0.0390625 0.048828125
0 0.32109375 0.4111328125 0.0390625 0.048828125
0 0.47109375 0.3017578125 0.0390625 0.048828125
0 0.47109375 0.6201171875 0.0390625 0.048828125
0 0.68203125 0.5302734375 0.0390625 0.048828125
0 0.71328125 0.3798828125 0.0390625 0.048828125
0 0.36640625 0.5068359375 0.0390625 0.048828125
0 0.60546875 0.5849609375 0.0390625 0.048828125
0 0.82109375 0.4951171875 0.0390625 0.048828125
0 0.60703125 0.2646484375 0.0390625 0.048828125
0 0.54609375 0.5654296875 0.0390625 0.048828125
0 0.38828125 0.5537109375 0.0390625 0.048828125
0 0.51640625 0.3955078125 0.0390625 0.048828125
0 0.35234375 0.5810546875 0.0390625 0.048828125
0 0.50078125 0.4716796875 0.0390625 0.048828125
0 0.28359375 0.4384765625 0.0390625 0.048828125
0 0.66171875 0.1591796875 0.0390625 0.048828125
0 0.53828125 0.4423828125 0.0390625 0.048828125
0 0.73671875 0.4267578125 0.0390625 0.048828125
0 0.59140625 0.3408203125 0.0390625 0.048828125
0 0.72890625 0.3037109375 0.0390625 0.048828125
0 0.65234375 0.3603515625 0.0390625 0.048828125
0 0.66640625 0.6064453125 0.0390625 0.048828125
0 0.53046875 0.6396484375 0.0390625 0.048828125
0 0.44140625 0.4501953125 0.0390625 0.048828125
0 0.62265625 0.1884765625 0.0390625 0.048828125
0 0.63671875 0.4345703125 0.0390625 0.048828125
0 0.69765625 0.4560546875 0.0390625 0.048828125
0 0.52421875 0.5185546875 0.0390625 0.048828125
0 0.37421875 0.6279296875 0.0390625 0.048828125
0 0.62890625 0.6337890625 0.0390625 0.048828125
0 0.58515625 0.2158203125 0.0390625 0.048828125
0 0.43359375 0.3291015625 0.0390625 0.048828125
0 0.54609375 0.2451171875 0.0390625 0.048828125
0 0.67578125 0.4072265625 0.0390625 0.048828125
0 0.59140625 0.6611328125 0.0390625 0.048828125
0 0.74296875 0.5498046875 0.0390625 0.048828125
0 0.47890625 0.7412109375 0.0390625 0.048828125
0 0.48671875 0.5458984375 0.0390625 0.048828125
0 0.57578125 0.4169921875 0.0390625 0.048828125
0 0.40390625 0.4775390625 0.0390625 0.048828125
0 0.46328125 0.4990234375 0.0390625 0.048828125
0 0.69140625 0.3330078125 0.0390625 0.048828125
0 0.39609375 0.6748046875 0.0390625 0.048828125
0 0.64609375 0.2373046875 0.0390625 0.048828125
0 0.55390625 0.3681640625 0.0390625 0.048828125
0 0.78203125 0.5224609375 0.0390625 0.048828125
0 0.50859375 0.2724609375 0.0390625 0.048828125
0 0.59921875 0.4638671875 0.0390625 0.048828125
0 0.44921875 0.5732421875 0.0390625 0.048828125
0 0.64453125 0.5576171875 0.0390625 0.048828125
0 0.50859375 0.5927734375 0.0390625 0.048828125
0 0.70546875 0.5771484375 0.0390625 0.048828125
0 0.42578125 0.5263671875 0.0390625 0.048828125
0 0.66015625 0.4833984375 0.0390625 0.048828125
0 0.35859375 0.3837890625 0.0390625 0.048828125
0 0.61484375 0.3876953125 0.0390625 0.048828125
0 0.41953125 0.7216796875 0.0390625 0.048828125
0 0.39609375 0.3564453125 0.0390625 0.048828125
0 0.34296875 0.4580078125 0.0390625 0.048828125
0 0.49296875 0.6669921875 0.0390625 0.048828125
0 0.51640625 0.7158203125 0.0390625 0.048828125
0 0.49296875 0.3486328125 0.0390625 0.048828125
0 0.70703125 0.2548828125 0.0390625 0.048828125
0 0.75234375 0.3525390625 0.0390625 0.048828125
0 0.72109375 0.5029296875 0.0390625 0.048828125
0 0.32890625 0.5322265625 0.0390625 0.048828125
0 0.55390625 0.6865234375 0.0390625 0.048828125
0 0.56796875 0.6123046875 0.0390625 0.048828125
0 0.41953125 0.4033203125 0.0390625 0.048828125
0 0.47890625 0.4228515625 0.0390625 0.048828125
0 0.63046875 0.3115234375 0.0390625 0.048828125
0 0.58359375 0.5380859375 0.0390625 0.048828125
0 0.43359375 0.6474609375 0.0390625 0.048828125
0 0.56953125 0.2919921875 0.0390625 0.048828125
0 0.44140625 0.7685546875 0.0390625 0.048828125
0 0.79765625 0.4482421875 0.0390625 0.048828125
