0 0.30546875 0.6962890625 0.0390625 0.048828125
0 0.51640625 0.4150390625 0.0390625 0.048828125
0 0.61796875 0.7158203125 0.0390625 0.048828125
0 0.38203125 0.4013671875 0.0390625 0.048828125
0 0.45234375 0.5439453125 0.0390625 0.048828125
0 0.61015625 0.4423828125 0.0390625 0.048828125
0 0.68515625 0.3662109375 0.0390625 0.048828125
0 0.35078125 0.4638671875 0.0390625 0.048828125
0 0.43984375 0.7119140625 0.0390625 0.048828125
0 0.39765625 0.7236328125 0.0390625 0.048828125
0 0.26796875 0.4892578125 0.0390625 0.048828125
0 0.27734375 0.5400390625 0.0390625 0.048828125
0 0.37890625 0.6201171875 0.0390625 0.048828125
0 0.41171875 0.5556640625 0.0390625 0.048828125
0 0.51484375 0.6357421875 0.0390625 0.048828125
0 0.65078125 0.6513671875 0.0390625 0.048828125
0 0.63046875 0.5458984375 0.0390625 0.048828125
0 0.47578125 0.4267578125 0.0390625 0.048828125
0 0.39140625 0.4521484375 0.0390625 0.048828125
0 0.30859375 0.4775390625 0.0390625 0.048828125
0 0.73515625 0.6259765625 0.0390625 0.048828125
0 0.62109375 0.4951171875 0.0390625 0.048828125
0 0.67578125 0.3134765625 0.0390625 0.048828125
0 0.46171875 0.5947265625 0.0390625 0.048828125
0 0.36640625 0.7900390625 0.0390625 0.048828125
0 0.36015625 0.5166015625 0.0390625 0.048828125
0 0.58828125 0.5576171875 0.0390625 0.048828125
0 0.52734375 0.4677734375 0.0390625 0.048828125
0 0.31484375 0.7490234375 0.0390625 0.048828125
0 0.32734375 0.5810546875 0.0390625 0.048828125
0 0.45078125 0.7646484375 0.0390625 0.048828125
0 0.54609375 0.5712890625 0.0390625 0.048828125
0 0.56640625 0.6748046875 0.0390625 0.048828125
0 0.70234375 0.6904296875 0.0390625 0.048828125
0 0.50390625 0.5830078125 0.0390625 0.048828125
0 0.66328125 0.4833984375 0.0390625 0.048828125
0 0.57890625 0.5068359375 0.0390625 0.048828125
0 0.40859375 0.7763671875 0.0390625 0.048828125
0 0.65234375 0.4306640625 0.0390625 0.048828125
0 0.68359375 0.5869140625 0.0390625 0.048828125
0 0.48203125 0.7001953125 0.0390625 0.048828125
0 0.50703125 0.3642578125 0.0390625 0.048828125
0 0.63359375 0.3271484375 0.0390625 0.048828125
0 0.71484375 0.5224609375 0.0390625 0.048828125
0 0.59765625 0.6103515625 0.0390625 0.048828125
0 0.34609375 0.6845703125 0.0390625 0.048828125
0 0.46640625 0.3759765625 0.0390625 0.048828125
0 0.69453125 0.4169921875 0.0390625 0.048828125
0 0.69296875 0.6376953125 0.0390625 0.048828125
0 0.72421875 0.5732421875 0.0390625 0.048828125
0 0.43046875 0.6591796875 0.0390625 0.048828125
0 0.44296875 0.4912109375 0.0390625 0.048828125
0 0.29609375 0.6435546875 0.0390625 0.048828125
0 0.25859375 0.4365234375 0.0390625 0.048828125
0 0.49453125 0.5302734375 0.0390625 0.048828125
0 0.42421875 0.3876953125 0.0390625 0.048828125
0 0.70546875 0.4697265625 0.0390625 0.048828125
0 0.53359375 0.7392578125 0.0390625 0.048828125
0 0.64296875 0.3779296875 0.0390625 0.048828125
0 0.55859375 0.4033203125 0.0390625 0.048828125
0 0.40234375 0.5029296875 0.0390625 0.048828125
0 0.36953125 0.5673828125 0.0390625 0.048828125
0 0.59140625 0.3388671875 0.0390625 0.048828125
0 0.31796875 0.5283203125 0.0390625 0.048828125
0 0.60859375 0.6630859375 0.0390625 0.048828125
0 0.35703125 0.7373046875 0.0390625 0.048828125
0 0.34140625 0.4130859375 0.0390625 0.048828125
0 0.56796875 0.4541015625 0.0390625 0.048828125
0 0.33671875 0.6318359375 0.0390625 0.048828125
0 0.63984375 0.5986328125 0.0390625 0.048828125
0 0.57578125 0.7275390625 0.0390625 0.048828125
0 0.54921875 0.3505859375 0.0390625 0.048828125
0 0.48515625 0.4794921875 0.0390625 0.048828125
0 0.47265625 0.6474609375 0.0390625 0.048828125
0 0.49140625 0.7529296875 0.0390625 0.048828125
0 0.29921875 0.4248046875 0.0390625 0.048828125
0 0.38828125 0.6708984375 0.0390625 0.048828125
0 0.42109375 0.6083984375 0.0390625 0.048828125
0 0.43359375 0.4404296875 0.0390625 0.048828125
0 0.67265625 0.5341796875 0.0390625 0.048828125
0 0.55546875 0.6240234375 0.0390625 0.048828125
0 0.60078125 0.3916015625 0.0390625 0.048828125
0 0.53671875 0.5185546875 0.0390625 0.048828125
0 0.74453125 0.6787109375 0.0390625 0.048828125
0 0.32421875 0.8017578125 0.0390625 0.048828125
0 0.28515625 0.5927734375 0.0390625 0.048828125
0 0.52421875 0.6865234375 0.0390625 0.048828125
0 0.66015625 0.7021484375 0.0390625 0.048828125
