0 0.5390625 0.81640625 0.046875 0.0546875
0 0.6234375 0.400390625 0.046875 0.0546875
0 0.40546875 0.63671875 0.0484375 0.05859375
0 0.3734375 0.4755859375 0.046875 0.056640625
0 0.58671875 0.71484375 0.0484375 0.0546875
0 0.4828125 0.3564453125 0.046875 0.056640625
0 0.4375 0.798828125 0.046875 0.0546875
0 0.5453125 0.6826171875 0.05 0.056640625
0 0.2984375 0.751953125 0.046875 0.0546875
0 0.6859375 0.3798828125 0.046875 0.056640625
0 0.5140625 0.51953125 0.046875 0.0546875
0 0.475 0.48828125 0.046875 0.05859375
0 0.51953125 0.3857421875 0.0484375 0.056640625
0 0.378125 0.81640625 0.046875 0.0546875
0 0.30625 0.62109375 0.046875 0.0546875
0 0.4671875 0.619140625 0.046875 0.05859375
0 0.54453125 0.3359375 0.0484375 0.0546875
0 0.28125 0.673828125 0.046875 0.0546875
0 0.4453125 0.66796875 0.046875 0.0546875
0 0.61015625 0.6650390625 0.0484375 0.056640625
0 0.61640625 0.5341796875 0.0484375 0.056640625
0 0.415625 0.8486328125 0.046875 0.056640625
0 0.34453125 0.65625 0.0484375 0.0546875
0 0.6640625 0.431640625 0.046875 0.0546875
0 0.403125 0.29296875 0.046875 0.0546875
0 0.4234375 0.716796875 0.046875 0.0546875
0 0.24375 0.638671875 0.046875 0.0546875
0 0.3109375 0.4931640625 0.046875 0.056640625
0 0.26640625 0.5908203125 0.0484375 0.056640625
0 0.4984375 0.4375 0.05 0.0546875
0 0.5296875 0.25390625 0.046875 0.0546875
0 0.3578125 0.734375 0.046875 0.0546875
0 0.35 0.525390625 0.05 0.0546875
0 0.5015625 0.78125 0.05 0.0546875
0 0.43515625 0.455078125 0.0484375 0.0546875
0 0.328125 0.572265625 0.046875 0.0546875
0 0.559375 0.41796875 0.046875 0.0546875
0 0.3390625 0.7841796875 0.046875 0.056640625
0 0.4546875 0.8818359375 0.046875 0.056640625
0 0.3984375 0.767578125 0.046875 0.05859375
0 0.5765625 0.4990234375 0.046875 0.056640625
0 0.65625 0.564453125 0.046875 0.05859375
0 0.6078125 0.3154296875 0.05 0.056640625
0 0.64140625 0.4814453125 0.0484375 0.056640625
0 0.465625 0.2734375 0.046875 0.05859375
0 0.5640625 0.763671875 0.046875 0.0546875
0 0.45 0.1904296875 0.046875 0.056640625
0 0.4203125 0.375 0.046875 0.05859375
0 0.53203125 0.6015625 0.0484375 0.0546875
0 0.45 0.537109375 0.046875 0.0546875
0 0.484375 0.703125 0.046875 0.0546875
0 0.634375 0.615234375 0.046875 0.0546875
0 0.6015625 0.4521484375 0.046875 0.056640625
0 0.59375 0.583984375 0.046875 0.0546875
0 0.38125 0.341796875 0.046875 0.0546875
0 0.3890625 0.5546875 0.05 0.0546875
0 0.70625 0.4638671875 0.046875 0.056640625
0 0.459375 0.40625 0.05 0.0546875
0 0.5546875 0.5517578125 0.046875 0.056640625
0 0.35625 0.39453125 0.046875 0.0546875
0 0.221875 0.6884765625 0.046875 0.056640625
0 0.5171875 0.86328125 0.046875 0.0546875
0 0.47734375 0.833984375 0.0484375 0.0546875
0 0.3828125 0.685546875 0.046875 0.0546875
0 0.48984375 0.568359375 0.0484375 0.0546875
0 0.521875 0.732421875 0.046875 0.0546875
0 0.33359375 0.44140625 0.0484375 0.0546875
0 0.4125 0.505859375 0.046875 0.05859375
0 0.584375 0.3681640625 0.046875 0.056640625
0 0.425 0.2421875 0.046875 0.0546875
0 0.50625 0.650390625 0.05 0.0546875
0 0.428125 0.5859375 0.046875 0.0546875
0 0.2890625 0.54296875 0.046875 0.0546875
0 0.48984375 0.22265625 0.0484375 0.0546875
0 0.5703125 0.6328125 0.05 0.0546875
0 0.32109375 0.703125 0.0484375 0.0546875
0 0.56875 0.28515625 0.046875 0.05859375
0 0.503125 0.3037109375 0.05 0.056640625
0 0.365625 0.607421875 0.046875 0.0546875
0 0.4953125 0.912109375 0.046875 0.0546875
0 0.4609375 0.7509765625 0.05 0.056640625
0 0.3953125 0.423828125 0.046875 0.0546875
0 0.64765625 0.34765625 0.0484375 0.0546875
0 0.6796875 0.513671875 0.05 0.0546875
0 0.4421875 0.32421875 0.046875 0.0546875
0 0.2609375 0.7216796875 0.046875 0.056640625
0 0.5375 0.4697265625 0.046875 0.056640625
0 0.728125 0.412109375 0.046875 0.0546875
