0 0.26640625 0.490234375 0.0453125 0.0546875
0 0.23671875 0.5712890625 0.0453125 0.056640625
0 0.67578125 0.5458984375 0.0453125 0.056640625
0 0.4109375 0.4833984375 0.046875 0.056640625
0 0.6453125 0.236328125 0.046875 0.05859375
0 0.63125 0.1806640625 0.046875 0.056640625
0 0.32265625 0.5244140625 0.0453125 0.056640625
0 0.69140625 0.4072265625 0.0453125 0.056640625
0 0.58515625 0.3955078125 0.0453125 0.056640625
0 0.5875 0.587890625 0.046875 0.0546875
0 0.66171875 0.48828125 0.0453125 0.0546875
0 0.453125 0.2685546875 0.046875 0.056640625
0 0.3953125 0.6171875 0.046875 0.0546875
0 0.496875 0.248046875 0.046875 0.05859375
0 0.4109375 0.291015625 0.046875 0.05859375
0 0.3671875 0.3125 0.046875 0.0546875
0 0.353125 0.2568359375 0.046875 0.056640625
0 0.4828125 0.1904296875 0.046875 0.056640625
0 0.4828125 0.380859375 0.046875 0.0546875
0 0.63125 0.3740234375 0.046875 0.056640625
0 0.51328125 0.302734375 0.0453125 0.0546875
0 0.4828125 0.5732421875 0.046875 0.056640625
0 0.3671875 0.5029296875 0.046875 0.056640625
0 0.25234375 0.4345703125 0.0453125 0.056640625
0 0.55703125 0.28125 0.0453125 0.05859375
0 0.52734375 0.5537109375 0.0453125 0.056640625
0 0.25078125 0.625 0.0453125 0.05859375
0 0.28046875 0.5458984375 0.0453125 0.056640625
0 0.3390625 0.390625 0.046875 0.0546875
0 0.18046875 0.3466796875 0.0453125 0.056640625
0 0.225 0.3251953125 0.046875 0.056640625
0 0.57109375 0.146484375 0.0453125 0.0546875
0 0.30859375 0.6611328125 0.0453125 0.056640625
0 0.30859375 0.2802734375 0.0453125 0.056640625
0 0.26640625 0.30078125 0.0453125 0.05859375
0 0.196875 0.400390625 0.046875 0.0546875
0 0.2390625 0.37890625 0.046875 0.05859375
0 0.46953125 0.517578125 0.0453125 0.0546875
0 0.3390625 0.58203125 0.046875 0.05859375
0 0.325 0.3359375 0.046875 0.05859375
0 0.46953125 0.326171875 0.0453125 0.05859375
0 0.496875 0.439453125 0.046875 0.0546875
0 0.38125 0.37109375 0.046875 0.0546875
0 0.55703125 0.4736328125 0.0453125 0.056640625
0 0.425 0.3466796875 0.046875 0.056640625
0 0.325 0.7197265625 0.046875 0.056640625
0 0.51328125 0.4951171875 0.0453125 0.056640625
0 0.353125 0.6396484375 0.046875 0.056640625
0 0.28046875 0.3564453125 0.0453125 0.056640625
0 0.54140625 0.6103515625 0.0453125 0.056640625
0 0.20859375 0.4560546875 0.0453125 0.056640625
0 0.29453125 0.4150390625 0.0453125 0.056640625
0 0.57109375 0.3369140625 0.0453125 0.056640625
0 0.425 0.537109375 0.046875 0.05859375
0 0.6015625 0.2587890625 0.046875 0.056640625
0 0.22265625 0.5126953125 0.0453125 0.056640625
0 0.3953125 0.4248046875 0.046875 0.056640625
0 0.6453125 0.431640625 0.046875 0.05859375
0 0.67578125 0.349609375 0.0453125 0.05859375
0 0.57109375 0.529296875 0.0453125 0.0546875
0 0.30859375 0.46875 0.0453125 0.0546875
0 0.38125 0.5615234375 0.046875 0.056640625
0 0.70546875 0.46484375 0.0453125 0.05859375
0 0.3953125 0.234375 0.046875 0.0546875
0 0.496875 0.6318359375 0.046875 0.056640625
0 0.2796875 0.7412109375 0.046875 0.056640625
0 0.54140625 0.224609375 0.0453125 0.0546875
0 0.54140625 0.4169921875 0.0453125 0.056640625
0 0.63125 0.5654296875 0.046875 0.056640625
0 0.52734375 0.361328125 0.0453125 0.0546875
0 0.265625 0.6826171875 0.046875 0.056640625
0 0.29453125 0.6025390625 0.0453125 0.056640625
0 0.615625 0.31640625 0.046875 0.05859375
0 0.721875 0.5224609375 0.046875 0.056640625
0 0.453125 0.4619140625 0.046875 0.056640625
0 0.615625 0.509765625 0.046875 0.0546875
0 0.353125 0.44921875 0.046875 0.0546875
0 0.4390625 0.5947265625 0.046875 0.056640625
0 0.6015625 0.4521484375 0.046875 0.056640625
0 0.66171875 0.29296875 0.0453125 0.0546875
0 0.453125 0.65234375 0.046875 0.05859375
0 0.4109375 0.6787109375 0.046875 0.056640625
0 0.4390625 0.2119140625 0.046875 0.056640625
0 0.3671875 0.697265625 0.046875 0.05859375
0 0.615625 0.1220703125 0.046875 0.056640625
0 0.528125 0.1689453125 0.046875 0.056640625
0 0.58515625 0.201171875 0.0453125 0.05859375
0 0.4390625 0.4052734375 0.046875 0.056640625
