0 0.74453125 0.474609375 0.0484375 0.0546875
0 0.61640625 0.5263671875 0.0484375 0.052734375
0 0.39765625 0.5234375 0.0484375 0.0546875
0 0.71015625 0.5791015625 0.0484375 0.052734375
0 0.5265625 0.1552734375 0.05 0.052734375
0 0.57109375 0.1826171875 0.0484375 0.052734375
0 0.4796875 0.7646484375 0.05 0.052734375
0 0.66328125 0.236328125 0.0484375 0.0546875
0 0.44453125 0.2314453125 0.0484375 0.052734375
0 0.38828125 0.7109375 0.0484375 0.0546875
0 0.48984375 0.5771484375 0.0484375 0.052734375
0 0.5265625 0.7900390625 0.05 0.052734375
0 0.5734375 0.8193359375 0.05 0.052734375
0 0.5265625 0.47265625 0.05 0.0546875
0 0.78046875 0.3720703125 0.0484375 0.052734375
0 0.41796875 0.4697265625 0.0484375 0.052734375
0 0.29453125 0.6572265625 0.0484375 0.052734375
0 0.55390625 0.5517578125 0.0484375 0.052734375
0 0.34140625 0.6826171875 0.0484375 0.052734375
0 0.6375 0.7900390625 0.05 0.052734375
0 0.59921875 0.26171875 0.0484375 0.0546875
0 0.67265625 0.6826171875 0.0484375 0.052734375
0 0.68046875 0.498046875 0.0484375 0.0546875
0 0.63515625 0.47265625 0.0484375 0.0546875
0 0.49921875 0.3916015625 0.0484375 0.052734375
0 0.73515625 0.3427734375 0.0484375 0.052734375
0 0.7 0.4462890625 0.05 0.052734375
0 0.65546875 0.4208984375 0.0484375 0.052734375
0 0.48203125 0.4443359375 0.0484375 0.052734375
0 0.62578125 0.3427734375 0.0484375 0.052734375
0 0.4328125 0.736328125 0.05 0.0546875
0 0.76015625 0.4208984375 0.0484375 0.052734375
0 0.3609375 0.6298828125 0.05 0.052734375
0 0.59140625 0.7646484375 0.0484375 0.052734375
0 0.60859375 0.3935546875 0.0484375 0.052734375
0 0.5734375 0.498046875 0.05 0.0546875
0 0.58046875 0.6318359375 0.0484375 0.052734375
0 0.50859375 0.2080078125 0.0484375 0.052734375
0 0.37109375 0.4443359375 0.0484375 0.052734375
0 0.49921875 0.7109375 0.0484375 0.0546875
0 0.72578125 0.5263671875 0.0484375 0.052734375
0 0.46171875 0.498046875 0.0484375 0.0546875
0 0.56171875 0.6826171875 0.0484375 0.052734375
0 0.33359375 0.5517578125 0.0484375 0.052734375
0 0.7078125 0.2646484375 0.05 0.052734375
0 0.50859375 0.5234375 0.0484375 0.0546875
0 0.61796875 0.2109375 0.0484375 0.0546875
0 0.45234375 0.6826171875 0.0484375 0.052734375
0 0.46171875 0.1806640625 0.0484375 0.052734375
0 0.55390625 0.236328125 0.0484375 0.0546875
0 0.43515625 0.4169921875 0.0484375 0.052734375
0 0.6453125 0.2900390625 0.05 0.052734375
0 0.425 0.6044921875 0.05 0.052734375
0 0.6453125 0.6044921875 0.05 0.052734375
0 0.53671875 0.287109375 0.0484375 0.0546875
0 0.51875 0.3408203125 0.05 0.052734375
0 0.54609375 0.4189453125 0.0484375 0.052734375
0 0.3140625 0.6025390625 0.05 0.052734375
0 0.71796875 0.3935546875 0.0484375 0.052734375
0 0.61640625 0.8466796875 0.0484375 0.052734375
0 0.37890625 0.5771484375 0.0484375 0.052734375
0 0.45390625 0.3662109375 0.0484375 0.052734375
0 0.68984375 0.6298828125 0.0484375 0.052734375
0 0.68984375 0.3154296875 0.0484375 0.052734375
0 0.51640625 0.6572265625 0.0484375 0.052734375
0 0.49140625 0.259765625 0.0484375 0.0546875
0 0.471875 0.6298828125 0.05 0.052734375
0 0.60078125 0.5771484375 0.0484375 0.052734375
0 0.59140625 0.4462890625 0.0484375 0.052734375
0 0.56328125 0.3662109375 0.0484375 0.052734375
0 0.35078125 0.4951171875 0.0484375 0.052734375
0 0.66328125 0.5517578125 0.0484375 0.052734375
0 0.44453125 0.5517578125 0.0484375 0.052734375
0 0.653125 0.736328125 0.05 0.0546875
0 0.40703125 0.6572265625 0.0484375 0.052734375
0 0.471875 0.3134765625 0.05 0.052734375
0 0.60859375 0.7109375 0.0484375 0.0546875
0 0.58046875 0.3154296875 0.0484375 0.052734375
0 0.40703125 0.3388671875 0.0484375 0.052734375
0 0.42734375 0.28515625 0.0484375 0.0546875
0 0.53671875 0.6044921875 0.0484375 0.052734375
0 0.75234375 0.2919921875 0.0484375 0.052734375
0 0.38984375 0.3916015625 0.0484375 0.052734375
0 0.54609375 0.736328125 0.0484375 0.0546875
0 0.67265625 0.3681640625 0.0484375 0.052734375
0 0.48203125 0.1279296875 0.0484375 0.052734375
0 0.62578125 0.6572265625 0.0484375 0.052734375
0 0.79765625 0.3173828125 0.0484375 0.052734375
