0 0.48359375 0.3759765625 0.0390625 0.048828125
0 0.37734375 0.3896484375 0.0390625 0.048828125
0 0.40078125 0.7177734375 0.0390625 0.048828125
0 0.50390625 0.6513671875 0.0390625 0.048828125
0 0.57265625 0.5888671875 0.0390625 0.048828125
0 0.59765625 0.4189453125 0.0390625 0.048828125
0 0.69453125 0.7470703125 0.0390625 0.048828125
0 0.54765625 0.7587890625 0.0390625 0.048828125
0 0.42109375 0.4951171875 0.0390625 0.048828125
0 0.66640625 0.3525390625 0.0390625 0.048828125
0 0.52734375 0.4814453125 0.0390625 0.048828125
0 0.61640625 0.6982421875 0.0390625 0.048828125
0 0.57890625 0.7001953125 0.0390625 0.048828125
0 0.43515625 0.7138671875 0.0390625 0.048828125
0 0.46796875 0.6533203125 0.0390625 0.048828125
0 0.72890625 0.6884765625 0.0390625 0.048828125
0 0.43984375 0.7685546875 0.0390625 0.048828125
0 0.64140625 0.5263671875 0.0390625 0.048828125
0 0.46015625 0.5458984375 0.0390625 0.048828125
0 0.42421875 0.5498046875 0.0390625 0.048828125
0 0.39609375 0.6630859375 0.0390625 0.048828125
0 0.38515625 0.4990234375 0.0390625 0.048828125
0 0.63046875 0.3583984375 0.0390625 0.048828125
0 0.60390625 0.5302734375 0.0390625 0.048828125
0 0.53515625 0.5927734375 0.0390625 0.048828125
0 0.63828125 0.4697265625 0.0390625 0.048828125
0 0.56015625 0.4228515625 0.0390625 0.048828125
0 0.43203125 0.6591796875 0.0390625 0.048828125
0 0.64609375 0.5810546875 0.0390625 0.048828125
0 0.53984375 0.6494140625 0.0390625 0.048828125
0 0.49921875 0.5966796875 0.0390625 0.048828125
0 0.42890625 0.6044921875 0.0390625 0.048828125
0 0.38203125 0.4443359375 0.0390625 0.048828125
0 0.45546875 0.4912109375 0.0390625 0.048828125
0 0.50859375 0.7080078125 0.0390625 0.048828125
0 0.56328125 0.4794921875 0.0390625 0.048828125
0 0.34609375 0.4482421875 0.0390625 0.048828125
0 0.46484375 0.5986328125 0.0390625 0.048828125
0 0.41328125 0.3837890625 0.0390625 0.048828125
0 0.49453125 0.5419921875 0.0390625 0.048828125
0 0.44765625 0.3798828125 0.0390625 0.048828125
0 0.67578125 0.4658203125 0.0390625 0.048828125
0 0.68671875 0.6337890625 0.0390625 0.048828125
0 0.65390625 0.6943359375 0.0390625 0.048828125
0 0.35703125 0.6103515625 0.0390625 0.048828125
0 0.48828125 0.4306640625 0.0390625 0.048828125
0 0.38984375 0.5537109375 0.0390625 0.048828125
0 0.39296875 0.6064453125 0.0390625 0.048828125
0 0.61328125 0.6416015625 0.0390625 0.048828125
0 0.53203125 0.5380859375 0.0390625 0.048828125
0 0.67109375 0.4091796875 0.0390625 0.048828125
0 0.45234375 0.4365234375 0.0390625 0.048828125
0 0.51171875 0.7626953125 0.0390625 0.048828125
0 0.47109375 0.7119140625 0.0390625 0.048828125
0 0.67890625 0.5224609375 0.0390625 0.048828125
0 0.64921875 0.6376953125 0.0390625 0.048828125
0 0.71328125 0.4619140625 0.0390625 0.048828125
0 0.60859375 0.5849609375 0.0390625 0.048828125
0 0.34296875 0.3916015625 0.0390625 0.048828125
0 0.70546875 0.3486328125 0.0390625 0.048828125
0 0.60078125 0.4736328125 0.0390625 0.048828125
0 0.54296875 0.7041015625 0.0390625 0.048828125
0 0.35390625 0.5576171875 0.0390625 0.048828125
0 0.56796875 0.5341796875 0.0390625 0.048828125
0 0.63359375 0.4130859375 0.0390625 0.048828125
0 0.68359375 0.5771484375 0.0390625 0.048828125
0 0.58359375 0.7568359375 0.0390625 0.048828125
0 0.36171875 0.6669921875 0.0390625 0.048828125
0 0.49296875 0.4853515625 0.0390625 0.048828125
0 0.41640625 0.4404296875 0.0390625 0.048828125
0 0.57578125 0.6455078125 0.0390625 0.048828125
0 0.61953125 0.7529296875 0.0390625 0.048828125
0 0.52421875 0.4267578125 0.0390625 0.048828125
0 0.69140625 0.6904296875 0.0390625 0.048828125
0 0.71640625 0.5185546875 0.0390625 0.048828125
0 0.65859375 0.7509765625 0.0390625 0.048828125
0 0.72109375 0.5751953125 0.0390625 0.048828125
0 0.70859375 0.4052734375 0.0390625 0.048828125
0 0.59296875 0.3623046875 0.0390625 0.048828125
0 0.36484375 0.7197265625 0.0390625 0.048828125
0 0.51953125 0.3720703125 0.0390625 0.048828125
0 0.47578125 0.7666015625 0.0390625 0.048828125
0 0.72578125 0.6318359375 0.0390625 0.048828125
0 0.40390625 0.7724609375 0.0390625 0.048828125
0 0.55703125 0.3662109375 0.0390625 0.048828125
0 0.36953125 0.7763671875 0.0390625 0.048828125
0 0.73359375 0.7431640625 0.0390625 0.048828125
0 0.35078125 0.5029296875 0.0390625 0.048828125
