0 0.7078125 0.509765625 0.040625 0.05078125
0 0.60625 0.466796875 0.040625 0.05078125
0 0.43515625 0.474609375 0.0390625 0.05078125
0 0.67890625 0.41796875 0.0390625 0.046875
0 0.5421875 0.798828125 0.040625 0.05078125
0 0.5765625 0.7734375 0.040625 0.05078125
0 0.4953125 0.259765625 0.040625 0.05078125
0 0.6484375 0.72265625 0.040625 0.05078125
0 0.4765625 0.732421875 0.040625 0.05078125
0 0.4234375 0.3095703125 0.040625 0.048828125
0 0.50546875 0.42578125 0.0421875 0.046875
0 0.53046875 0.2353515625 0.0390625 0.048828125
0 0.5671875 0.2080078125 0.040625 0.048828125
0 0.5359375 0.517578125 0.040625 0.05078125
0 0.7375 0.599609375 0.040625 0.05078125
0 0.45078125 0.521484375 0.0390625 0.046875
0 0.3515625 0.359375 0.040625 0.05078125
0 0.55625 0.447265625 0.040625 0.05078125
0 0.3875 0.3349609375 0.0375 0.048828125
0 0.61796875 0.2333984375 0.0421875 0.048828125
0 0.59765625 0.703125 0.0421875 0.05078125
0 0.64765625 0.326171875 0.0390625 0.05078125
0 0.65703125 0.490234375 0.0421875 0.05078125
0 0.621875 0.5146484375 0.040625 0.048828125
0 0.51640625 0.5888671875 0.0390625 0.048828125
0 0.703125 0.626953125 0.0375 0.05078125
0 0.6734375 0.53515625 0.040625 0.05078125
0 0.6390625 0.55859375 0.040625 0.05078125
0 0.50234375 0.54296875 0.0390625 0.05078125
0 0.61640625 0.62890625 0.0390625 0.05078125
0 0.4578125 0.28515625 0.040625 0.05078125
0 0.72109375 0.556640625 0.0390625 0.05078125
0 0.40390625 0.380859375 0.0390625 0.05078125
0 0.58125 0.2578125 0.040625 0.05078125
0 0.60234375 0.5849609375 0.0390625 0.048828125
0 0.5734375 0.4921875 0.040625 0.05078125
0 0.5765625 0.373046875 0.040625 0.05078125
0 0.528125 0.751953125 0.040625 0.046875
0 0.415625 0.5458984375 0.040625 0.048828125
0 0.5109375 0.306640625 0.040625 0.046875
0 0.6921875 0.46484375 0.040625 0.05078125
0 0.4859375 0.4970703125 0.0375 0.048828125
0 0.5609375 0.3291015625 0.040625 0.048828125
0 0.384375 0.4521484375 0.040625 0.048828125
0 0.68203125 0.697265625 0.0390625 0.05078125
0 0.521875 0.47265625 0.040625 0.05078125
0 0.6140625 0.7470703125 0.040625 0.048828125
0 0.475 0.33203125 0.040625 0.046875
0 0.49140625 0.77734375 0.0390625 0.046875
0 0.5625 0.7255859375 0.040625 0.048828125
0 0.46640625 0.568359375 0.0421875 0.05078125
0 0.63359375 0.6767578125 0.0390625 0.048828125
0 0.4546875 0.4033203125 0.040625 0.048828125
0 0.62734375 0.396484375 0.0390625 0.05078125
0 0.5484375 0.681640625 0.040625 0.046875
0 0.53359375 0.634765625 0.0390625 0.05078125
0 0.55234375 0.564453125 0.0421875 0.05078125
0 0.36796875 0.40625 0.0421875 0.05078125
0 0.6875 0.5830078125 0.040625 0.048828125
0 0.6 0.1826171875 0.040625 0.048828125
0 0.41796875 0.4287109375 0.0390625 0.048828125
0 0.4828125 0.6142578125 0.040625 0.048828125
0 0.66171875 0.373046875 0.0390625 0.05078125
0 0.66796875 0.65234375 0.0390625 0.05078125
0 0.52578125 0.353515625 0.0421875 0.05078125
0 0.5140625 0.7060546875 0.040625 0.048828125
0 0.490625 0.37890625 0.040625 0.05078125
0 0.59375 0.4228515625 0.040625 0.048828125
0 0.5875 0.5390625 0.040625 0.05078125
0 0.56796875 0.6103515625 0.0390625 0.048828125
0 0.3984375 0.5 0.040625 0.05078125
0 0.6421875 0.4453125 0.040625 0.05078125
0 0.4703125 0.44921875 0.040625 0.05078125
0 0.63203125 0.279296875 0.0390625 0.05078125
0 0.43984375 0.35546875 0.0421875 0.05078125
0 0.496875 0.66015625 0.040625 0.05078125
0 0.59609375 0.302734375 0.0390625 0.05078125
0 0.58203125 0.65625 0.0390625 0.046875
0 0.44609375 0.638671875 0.0421875 0.05078125
0 0.4625 0.6865234375 0.040625 0.048828125
0 0.5421875 0.3984375 0.040625 0.05078125
0 0.71796875 0.671875 0.0390625 0.05078125
0 0.43125 0.5927734375 0.040625 0.048828125
0 0.54765625 0.283203125 0.0390625 0.05078125
0 0.653125 0.607421875 0.040625 0.05078125
0 0.5078125 0.82421875 0.040625 0.05078125
0 0.6125 0.3515625 0.040625 0.05078125
0 0.75234375 0.6484375 0.0390625 0.046875
