0 0.33671875 0.3916015625 0.0390625 0.048828125
0 0.63984375 0.5517578125 0.0390625 0.048828125
0 0.7171875 0.5908203125 0.040625 0.048828125
0 0.38984375 0.2021484375 0.0390625 0.048828125
0 0.75859375 0.4482421875 0.0390625 0.048828125
0 0.3859375 0.365234375 0.040625 0.046875
0 0.57890625 0.4638671875 0.0390625 0.048828125
0 0.72109375 0.4287109375 0.0390625 0.048828125
0 0.65 0.6630859375 0.040625 0.048828125
0 0.43359375 0.4990234375 0.0390625 0.048828125
0 0.46171875 0.4033203125 0.0390625 0.048828125
0 0.64375 0.3896484375 0.040625 0.048828125
0 0.42734375 0.2216796875 0.0390625 0.048828125
0 0.65390625 0.5029296875 0.0390625 0.048828125
0 0.77265625 0.3994140625 0.0390625 0.048828125
0 0.52109375 0.2177734375 0.0390625 0.048828125
0 0.49140625 0.3115234375 0.0390625 0.048828125
0 0.42578125 0.3837890625 0.0390625 0.048828125
0 0.371875 0.4111328125 0.040625 0.048828125
0 0.5484375 0.5576171875 0.040625 0.048828125
0 0.525 0.4912109375 0.040625 0.048828125
0 0.5625 0.5107421875 0.040625 0.048828125
0 0.70703125 0.4775390625 0.0390625 0.048828125
0 0.32265625 0.4404296875 0.0390625 0.048828125
0 0.35 0.345703125 0.040625 0.046875
0 0.4 0.3173828125 0.040625 0.048828125
0 0.790625 0.3525390625 0.040625 0.048828125
0 0.58046875 0.3017578125 0.0390625 0.048828125
0 0.3484375 0.5087890625 0.040625 0.048828125
0 0.5390625 0.4423828125 0.040625 0.048828125
0 0.47734375 0.3583984375 0.0390625 0.048828125
0 0.6 0.5302734375 0.040625 0.048828125
0 0.6203125 0.3212890625 0.040625 0.048828125
0 0.60625 0.3681640625 0.040625 0.048828125
0 0.69765625 0.3603515625 0.0390625 0.048828125
0 0.48125 0.1923828125 0.040625 0.048828125
0 0.378125 0.2509765625 0.040625 0.048828125
0 0.496875 0.5859375 0.040625 0.046875
0 0.44921875 0.4521484375 0.0390625 0.048828125
0 0.421875 0.5478515625 0.040625 0.048828125
0 0.45390625 0.2900390625 0.0390625 0.048828125
0 0.52890625 0.3291015625 0.0390625 0.048828125
0 0.50703125 0.2626953125 0.0390625 0.048828125
0 0.39765625 0.4794921875 0.0390625 0.048828125
0 0.71171875 0.3134765625 0.0390625 0.048828125
0 0.6578125 0.3388671875 0.040625 0.048828125
0 0.73515625 0.3798828125 0.0390625 0.048828125
0 0.4734375 0.5185546875 0.040625 0.048828125
0 0.628125 0.435546875 0.040625 0.046875
0 0.48671875 0.4697265625 0.0390625 0.048828125
0 0.51484375 0.3740234375 0.0390625 0.048828125
0 0.55234375 0.3974609375 0.0390625 0.048828125
0 0.57265625 0.6240234375 0.0390625 0.048828125
0 0.73125 0.5419921875 0.040625 0.048828125
0 0.50078125 0.4228515625 0.0390625 0.048828125
0 0.6640625 0.6181640625 0.040625 0.048828125
0 0.5109375 0.5380859375 0.040625 0.048828125
0 0.69140625 0.5224609375 0.0390625 0.048828125
0 0.55703125 0.2333984375 0.0390625 0.048828125
0 0.56640625 0.349609375 0.0390625 0.046875
0 0.61015625 0.6435546875 0.0390625 0.048828125
0 0.67734375 0.5693359375 0.0390625 0.048828125
0 0.7015625 0.6376953125 0.040625 0.048828125
0 0.54296875 0.2822265625 0.0390625 0.048828125
0 0.63359375 0.2724609375 0.0390625 0.048828125
0 0.3640625 0.2978515625 0.040625 0.048828125
0 0.62578125 0.595703125 0.0390625 0.046875
0 0.68359375 0.4072265625 0.0390625 0.048828125
0 0.6734375 0.2919921875 0.040625 0.048828125
0 0.44140625 0.1728515625 0.0390625 0.048828125
0 0.66796875 0.4580078125 0.0390625 0.048828125
0 0.5921875 0.416015625 0.040625 0.046875
0 0.53671875 0.60546875 0.0390625 0.046875
0 0.59453125 0.2529296875 0.0390625 0.048828125
0 0.40546875 0.1572265625 0.0390625 0.048828125
0 0.4140625 0.2685546875 0.040625 0.048828125
0 0.6140625 0.4833984375 0.040625 0.048828125
0 0.7453125 0.4990234375 0.040625 0.048828125
0 0.4671875 0.2412109375 0.040625 0.048828125
0 0.36015625 0.4599609375 0.0390625 0.048828125
0 0.75078125 0.3330078125 0.0390625 0.048828125
0 0.459375 0.5634765625 0.040625 0.048828125
0 0.6875 0.685546875 0.040625 0.046875
0 0.58671875 0.5791015625 0.0390625 0.048828125
0 0.43984375 0.3359375 0.0390625 0.046875
0 0.41171875 0.4306640625 0.0390625 0.048828125
0 0.38359375 0.525390625 0.0390625 0.046875
0 0.30859375 0.4873046875 0.0390625 0.048828125
