0 0.61796875 0.67578125 0.0390625 0.05078125
0 0.4671875 0.7734375 0.040625 0.05078125
0 0.54296875 0.72265625 0.0421875 0.05078125
0 0.4125 0.216796875 0.040625 0.05078125
0 0.53515625 0.49609375 0.0421875 0.05078125
0 0.3875 0.5908203125 0.040625 0.048828125
0 0.428125 0.681640625 0.040625 0.05078125
0 0.5015625 0.6328125 0.040625 0.05078125
0 0.325 0.455078125 0.040625 0.05078125
0 0.4203125 0.451171875 0.040625 0.05078125
0 0.378125 0.359375 0.040625 0.05078125
0 0.496875 0.404296875 0.040625 0.05078125
0 0.36953125 0.66015625 0.0390625 0.05078125
0 0.484375 0.703125 0.040625 0.05078125
0 0.43203125 0.263671875 0.0421875 0.05078125
0 0.34609375 0.5 0.0390625 0.05078125
0 0.5765625 0.5859375 0.040625 0.046875
0 0.45546875 0.3125 0.0421875 0.05078125
0 0.3 0.291015625 0.040625 0.05078125
0 0.4609375 0.54296875 0.040625 0.05078125
0 0.4015625 0.40625 0.040625 0.05078125
0 0.403125 0.521484375 0.040625 0.05078125
0 0.4375 0.3828125 0.040625 0.05078125
0 0.47890625 0.47265625 0.0421875 0.046875
0 0.6109375 0.447265625 0.040625 0.05078125
0 0.44375 0.611328125 0.040625 0.05078125
0 0.38203125 0.4765625 0.0390625 0.05078125
0 0.303125 0.408203125 0.040625 0.05078125
0 0.42421875 0.568359375 0.0421875 0.05078125
0 0.4578125 0.427734375 0.040625 0.05078125
0 0.365625 0.546875 0.040625 0.05078125
0 0.4984375 0.517578125 0.040625 0.05078125
0 0.26171875 0.31640625 0.0390625 0.05078125
0 0.3265625 0.5703125 0.040625 0.05078125
0 0.571875 0.35546875 0.040625 0.05078125
0 0.3625 0.4296875 0.040625 0.05078125
0 0.65 0.537109375 0.040625 0.05078125
0 0.634375 0.607421875 0.040625 0.05078125
0 0.5328125 0.37890625 0.040625 0.05078125
0 0.465625 0.6572265625 0.040625 0.048828125
0 0.55390625 0.42578125 0.0390625 0.05078125
0 0.4171875 0.3359375 0.040625 0.05078125
0 0.69140625 0.62890625 0.0390625 0.05078125
0 0.5125 0.333984375 0.040625 0.05078125
0 0.5203125 0.5625 0.040625 0.05078125
0 0.5953125 0.517578125 0.040625 0.05078125
0 0.53984375 0.609375 0.0390625 0.05078125
0 0.4421875 0.498046875 0.040625 0.05078125
0 0.340625 0.384765625 0.040625 0.05078125
0 0.5796875 0.7001953125 0.040625 0.048828125
0 0.5046875 0.74609375 0.040625 0.05078125
0 0.57421875 0.470703125 0.0421875 0.05078125
0 0.3890625 0.7041015625 0.040625 0.048828125
0 0.37578125 0.2421875 0.0421875 0.05078125
0 0.6734375 0.58203125 0.040625 0.05078125
0 0.31875 0.337890625 0.040625 0.05078125
0 0.596875 0.630859375 0.040625 0.05078125
0 0.55859375 0.654296875 0.0421875 0.05078125
0 0.6125 0.560546875 0.040625 0.05078125
0 0.39609375 0.291015625 0.0390625 0.05078125
0 0.4921875 0.287109375 0.040625 0.05078125
0 0.4109375 0.7490234375 0.040625 0.048828125
0 0.4515625 0.193359375 0.040625 0.05078125
0 0.4890625 0.169921875 0.040625 0.05078125
0 0.475 0.357421875 0.040625 0.05078125
0 0.2234375 0.3408203125 0.040625 0.048828125
0 0.509375 0.21484375 0.040625 0.05078125
0 0.2671875 0.4326171875 0.040625 0.048828125
0 0.24375 0.38671875 0.040625 0.05078125
0 0.2859375 0.478515625 0.040625 0.05078125
0 0.65546875 0.65234375 0.0390625 0.05078125
0 0.33671875 0.2666015625 0.0421875 0.048828125
0 0.53046875 0.2626953125 0.0390625 0.048828125
0 0.3578125 0.3134765625 0.040625 0.048828125
0 0.47109375 0.240234375 0.0421875 0.05078125
0 0.40625 0.63671875 0.040625 0.046875
0 0.55078125 0.306640625 0.0421875 0.05078125
0 0.4296875 0.794921875 0.040625 0.05078125
0 0.521875 0.6796875 0.040625 0.05078125
0 0.515625 0.44921875 0.040625 0.05078125
0 0.3484375 0.61328125 0.040625 0.05078125
0 0.3078125 0.5244140625 0.040625 0.048828125
0 0.63203125 0.4921875 0.0390625 0.05078125
0 0.44609375 0.7265625 0.0390625 0.05078125
0 0.48125 0.587890625 0.040625 0.05078125
0 0.2828125 0.36328125 0.040625 0.05078125
0 0.55625 0.541015625 0.040625 0.05078125
0 0.5921875 0.400390625 0.040625 0.05078125
