0 0.34765625 0.3681640625 0.0390625 0.048828125
0 0.51484375 0.2451171875 0.0390625 0.048828125
0 0.54921875 0.4072265625 0.0390625 0.048828125
0 0.48203125 0.2705078125 0.0390625 0.048828125
0 0.73828125 0.7060546875 0.0390625 0.048828125
0 0.57265625 0.6435546875 0.0390625 0.048828125
0 0.77109375 0.6806640625 0.0390625 0.048828125
0 0.46015625 0.4111328125 0.0390625 0.048828125
0 0.47109375 0.3408203125 0.0390625 0.048828125
0 0.43828125 0.5556640625 0.0390625 0.048828125
0 0.56015625 0.5244140625 0.0390625 0.048828125
0 0.52578125 0.3623046875 0.0390625 0.048828125
0 0.63828125 0.5927734375 0.0390625 0.048828125
0 0.42734375 0.4365234375 0.0390625 0.048828125
0 0.56953125 0.2666015625 0.0390625 0.048828125
0 0.64765625 0.3330078125 0.0390625 0.048828125
0 0.58203125 0.3837890625 0.0390625 0.048828125
0 0.41640625 0.3173828125 0.0390625 0.048828125
0 0.47109375 0.5302734375 0.0390625 0.048828125
0 0.73671875 0.5185546875 0.0390625 0.048828125
0 0.56171875 0.7158203125 0.0390625 0.048828125
0 0.61484375 0.3583984375 0.0390625 0.048828125
0 0.53671875 0.2919921875 0.0390625 0.048828125
0 0.65859375 0.4501953125 0.0390625 0.048828125
0 0.71328125 0.4716796875 0.0390625 0.048828125
0 0.54765625 0.2197265625 0.0390625 0.048828125
0 0.54921875 0.5966796875 0.0390625 0.048828125
0 0.60703125 0.8095703125 0.0390625 0.048828125
0 0.71640625 0.6591796875 0.0390625 0.048828125
0 0.63671875 0.4033203125 0.0390625 0.048828125
0 0.50546875 0.5029296875 0.0390625 0.048828125
0 0.67109375 0.5673828125 0.0390625 0.048828125
0 0.59296875 0.5009765625 0.0390625 0.048828125
0 0.48359375 0.6474609375 0.0390625 0.048828125
0 0.68359375 0.6865234375 0.0390625 0.048828125
0 0.43828125 0.3642578125 0.0390625 0.048828125
0 0.44921875 0.4833984375 0.0390625 0.048828125
0 0.49296875 0.3857421875 0.0390625 0.048828125
0 0.44921875 0.2939453125 0.0390625 0.048828125
0 0.48203125 0.4580078125 0.0390625 0.048828125
0 0.59609375 0.6904296875 0.0390625 0.048828125
0 0.58515625 0.7626953125 0.0390625 0.048828125
0 0.69140625 0.4248046875 0.0390625 0.048828125
0 0.67265625 0.7587890625 0.0390625 0.048828125
0 0.69296875 0.6142578125 0.0390625 0.048828125
0 0.40390625 0.3896484375 0.0390625 0.048828125
0 0.58046875 0.1962890625 0.0390625 0.048828125
0 0.64921875 0.5205078125 0.0390625 0.048828125
0 0.70390625 0.5419921875 0.0390625 0.048828125
0 0.60390625 0.2412109375 0.0390625 0.048828125
0 0.53828125 0.4794921875 0.0390625 0.048828125
0 0.78046875 0.6083984375 0.0390625 0.048828125
0 0.70546875 0.7333984375 0.0390625 0.048828125
0 0.51640625 0.6220703125 0.0390625 0.048828125
0 0.39296875 0.4619140625 0.0390625 0.048828125
0 0.59140625 0.3115234375 0.0390625 0.048828125
0 0.57109375 0.4541015625 0.0390625 0.048828125
0 0.74921875 0.6357421875 0.0390625 0.048828125
0 0.57421875 0.8369140625 0.0390625 0.048828125
0 0.58203125 0.5712890625 0.0390625 0.048828125
0 0.63984375 0.7841796875 0.0390625 0.048828125
0 0.62421875 0.2880859375 0.0390625 0.048828125
0 0.61796875 0.7373046875 0.0390625 0.048828125
0 0.49453125 0.5751953125 0.0390625 0.048828125
0 0.55859375 0.3369140625 0.0390625 0.048828125
0 0.66015625 0.6396484375 0.0390625 0.048828125
0 0.60390625 0.4287109375 0.0390625 0.048828125
0 0.38203125 0.3427734375 0.0390625 0.048828125
0 0.62734375 0.6650390625 0.0390625 0.048828125
0 0.61640625 0.5458984375 0.0390625 0.048828125
0 0.65078125 0.7119140625 0.0390625 0.048828125
0 0.50390625 0.3154296875 0.0390625 0.048828125
0 0.75859375 0.5634765625 0.0390625 0.048828125
0 0.68046875 0.4970703125 0.0390625 0.048828125
0 0.51640625 0.4326171875 0.0390625 0.048828125
0 0.52734375 0.5498046875 0.0390625 0.048828125
0 0.37109375 0.4150390625 0.0390625 0.048828125
0 0.62578125 0.4755859375 0.0390625 0.048828125
0 0.60546875 0.6181640625 0.0390625 0.048828125
0 0.72578125 0.5888671875 0.0390625 0.048828125
0 0.80390625 0.6552734375 0.0390625 0.048828125
0 0.41640625 0.5087890625 0.0390625 0.048828125
0 0.55078125 0.7900390625 0.0390625 0.048828125
0 0.66953125 0.3798828125 0.0390625 0.048828125
0 0.53984375 0.6689453125 0.0390625 0.048828125
0 0.50546875 0.6943359375 0.0390625 0.048828125
0 0.52890625 0.7412109375 0.0390625 0.048828125
0 0.46171875 0.6005859375 0.0390625 0.048828125
