0 0.67265625 0.5107421875 0.0390625 0.048828125
0 0.36015625 0.5263671875 0.0421875 0.052734375
0 0.390625 0.42578125 0.040625 0.05078125
0 0.6109375 0.4208984375 0.040625 0.048828125
0 0.37109375 0.646484375 0.0390625 0.05078125
0 0.68671875 0.4599609375 0.0390625 0.052734375
0 0.52109375 0.4326171875 0.0390625 0.052734375
0 0.578125 0.6904296875 0.040625 0.052734375
0 0.42890625 0.4462890625 0.0421875 0.048828125
0 0.45234375 0.513671875 0.0421875 0.05078125
0 0.2265625 0.5185546875 0.040625 0.052734375
0 0.47890625 0.58203125 0.0421875 0.05078125
0 0.5546875 0.6220703125 0.040625 0.052734375
0 0.63203125 0.658203125 0.0390625 0.05078125
0 0.60234375 0.7607421875 0.0390625 0.048828125
0 0.50234375 0.654296875 0.0421875 0.05078125
0 0.3796875 0.3046875 0.040625 0.05078125
0 0.26640625 0.5380859375 0.0390625 0.052734375
0 0.5734375 0.4033203125 0.040625 0.052734375
0 0.3265625 0.3369140625 0.040625 0.052734375
0 0.5875 0.3525390625 0.040625 0.048828125
0 0.32109375 0.5068359375 0.0390625 0.048828125
0 0.48203125 0.4150390625 0.0421875 0.048828125
0 0.43984375 0.5634765625 0.0390625 0.048828125
0 0.37578125 0.4755859375 0.0421875 0.048828125
0 0.66328125 0.3916015625 0.0390625 0.048828125
0 0.27109375 0.3662109375 0.0421875 0.052734375
0 0.53046875 0.552734375 0.0390625 0.05078125
0 0.46328125 0.6357421875 0.0390625 0.048828125
0 0.53515625 0.3818359375 0.0390625 0.048828125
0 0.403125 0.375 0.040625 0.05078125
0 0.33046875 0.6279296875 0.0421875 0.048828125
0 0.425 0.6142578125 0.040625 0.052734375
0 0.540625 0.6728515625 0.040625 0.048828125
0 0.2859375 0.3154296875 0.040625 0.048828125
0 0.21171875 0.5703125 0.0421875 0.05078125
0 0.4328125 0.275390625 0.040625 0.05078125
0 0.31015625 0.3857421875 0.0421875 0.052734375
0 0.35390625 0.2333984375 0.0421875 0.052734375
0 0.634375 0.4912109375 0.040625 0.048828125
0 0.34609375 0.578125 0.0421875 0.05078125
0 0.29609375 0.4365234375 0.0390625 0.048828125
0 0.584375 0.521484375 0.040625 0.05078125
0 0.64921875 0.44140625 0.0390625 0.05078125
0 0.60703125 0.58984375 0.0421875 0.05078125
0 0.44921875 0.685546875 0.0421875 0.05078125
0 0.4140625 0.4951171875 0.040625 0.048828125
0 0.66015625 0.560546875 0.0421875 0.05078125
0 0.41015625 0.666015625 0.0390625 0.05078125
0 0.621875 0.5400390625 0.040625 0.048828125
0 0.39453125 0.2548828125 0.0390625 0.048828125
0 0.565625 0.7412109375 0.040625 0.048828125
0 0.52578125 0.72265625 0.0421875 0.05078125
0 0.5171875 0.603515625 0.040625 0.05078125
0 0.55859375 0.4521484375 0.0390625 0.052734375
0 0.24140625 0.4677734375 0.0421875 0.048828125
0 0.41796875 0.32421875 0.0390625 0.05078125
0 0.3359375 0.45703125 0.040625 0.05078125
0 0.35 0.4072265625 0.040625 0.048828125
0 0.25078125 0.5888671875 0.0421875 0.048828125
0 0.5109375 0.3134765625 0.040625 0.048828125
0 0.50625 0.4833984375 0.040625 0.048828125
0 0.40078125 0.5458984375 0.0390625 0.052734375
0 0.47109375 0.2939453125 0.0390625 0.048828125
0 0.54921875 0.333984375 0.0421875 0.05078125
0 0.6453125 0.6083984375 0.040625 0.048828125
0 0.54609375 0.5029296875 0.0421875 0.048828125
0 0.49609375 0.3642578125 0.0421875 0.052734375
0 0.30625 0.556640625 0.040625 0.05078125
0 0.596875 0.4716796875 0.040625 0.052734375
0 0.45703125 0.3427734375 0.0421875 0.048828125
0 0.29140625 0.609375 0.0390625 0.05078125
0 0.38515625 0.5966796875 0.0421875 0.048828125
0 0.28046875 0.486328125 0.0421875 0.05078125
0 0.56953125 0.5712890625 0.0421875 0.048828125
0 0.36484375 0.3544921875 0.0390625 0.048828125
0 0.44375 0.3955078125 0.040625 0.052734375
0 0.30078125 0.265625 0.0421875 0.05078125
0 0.61640625 0.7119140625 0.0421875 0.048828125
0 0.3390625 0.2841796875 0.040625 0.048828125
0 0.4875 0.7041015625 0.040625 0.048828125
0 0.49140625 0.533203125 0.0390625 0.05078125
0 0.46796875 0.46484375 0.0390625 0.05078125
0 0.315625 0.2138671875 0.040625 0.052734375
0 0.25625 0.41796875 0.040625 0.05078125
0 0.59296875 0.6396484375 0.0421875 0.048828125
0 0.62578125 0.3740234375 0.0390625 0.052734375
0 0.7015625 0.41015625 0.040625 0.05078125
