0 0.51953125 0.337890625 0.0390625 0.05078125
0 0.36796875 0.58203125 0.0390625 0.05078125
0 0.640625 0.3876953125 0.040625 0.048828125
0 0.59921875 0.5390625 0.0390625 0.05078125
0 0.55703125 0.6904296875 0.0390625 0.048828125
0 0.47734375 0.4892578125 0.0390625 0.048828125
0 0.4109375 0.4296875 0.0375 0.05078125
0 0.43359375 0.6416015625 0.0390625 0.048828125
0 0.49140625 0.630859375 0.0421875 0.046875
0 0.35390625 0.44140625 0.0390625 0.046875
0 0.41796875 0.5 0.0390625 0.046875
0 0.665625 0.3466796875 0.040625 0.048828125
0 0.65625 0.529296875 0.040625 0.046875
0 0.534375 0.48046875 0.040625 0.05078125
0 0.55078125 0.3681640625 0.0390625 0.048828125
0 0.5015625 0.44921875 0.040625 0.05078125
0 0.50390625 0.1962890625 0.0390625 0.048828125
0 0.459375 0.6015625 0.0375 0.05078125
0 0.44921875 0.783203125 0.0390625 0.046875
0 0.6234375 0.4990234375 0.040625 0.048828125
0 0.54375 0.296875 0.040625 0.05078125
0 0.28671875 0.6328125 0.0390625 0.046875
0 0.7328125 0.408203125 0.040625 0.046875
0 0.31171875 0.5927734375 0.0390625 0.048828125
0 0.475 0.7421875 0.0375 0.046875
0 0.4171875 0.7529296875 0.040625 0.048828125
0 0.58359375 0.3984375 0.0390625 0.046875
0 0.559375 0.4384765625 0.040625 0.048828125
0 0.5765625 0.328125 0.040625 0.05078125
0 0.46171875 0.349609375 0.0390625 0.05078125
0 0.51015625 0.51953125 0.0390625 0.046875
0 0.31875 0.662109375 0.040625 0.046875
0 0.37734375 0.65234375 0.0390625 0.046875
0 0.50703125 0.7724609375 0.0421875 0.048828125
0 0.54140625 0.5498046875 0.0390625 0.048828125
0 0.67265625 0.419921875 0.0390625 0.046875
0 0.5171875 0.58984375 0.040625 0.046875
0 0.4375 0.3896484375 0.040625 0.048828125
0 0.59140625 0.46875 0.0390625 0.046875
0 0.69921875 0.376953125 0.0421875 0.046875
0 0.48515625 0.560546875 0.0390625 0.05078125
0 0.4046875 0.359375 0.040625 0.05078125
0 0.4796875 0.2373046875 0.040625 0.048828125
0 0.6328125 0.3173828125 0.040625 0.048828125
0 0.4703125 0.419921875 0.040625 0.046875
0 0.70859375 0.447265625 0.0390625 0.05078125
0 0.42734375 0.5712890625 0.0421875 0.048828125
0 0.37734375 0.400390625 0.0390625 0.046875
0 0.42890625 0.318359375 0.0390625 0.05078125
0 0.40078125 0.611328125 0.0390625 0.046875
0 0.3359375 0.552734375 0.040625 0.046875
0 0.44296875 0.7109375 0.0421875 0.05078125
0 0.27890625 0.5634765625 0.0390625 0.048828125
0 0.3609375 0.509765625 0.040625 0.046875
0 0.44453125 0.4599609375 0.0390625 0.048828125
0 0.409375 0.6806640625 0.040625 0.048828125
0 0.4671875 0.671875 0.0375 0.046875
0 0.5828125 0.650390625 0.040625 0.046875
0 0.50078125 0.69921875 0.0390625 0.046875
0 0.45390625 0.2783203125 0.0390625 0.048828125
0 0.60859375 0.357421875 0.0390625 0.046875
0 0.3515625 0.6923828125 0.040625 0.048828125
0 0.6015625 0.2861328125 0.040625 0.048828125
0 0.34453125 0.623046875 0.0390625 0.05078125
0 0.55 0.6201171875 0.040625 0.048828125
0 0.5265625 0.4091796875 0.040625 0.048828125
0 0.51171875 0.267578125 0.0390625 0.046875
0 0.48671875 0.30859375 0.0390625 0.05078125
0 0.328125 0.4814453125 0.040625 0.048828125
0 0.25390625 0.603515625 0.0390625 0.05078125
0 0.60703125 0.609375 0.0390625 0.046875
0 0.64921875 0.458984375 0.0390625 0.05078125
0 0.39375 0.5419921875 0.040625 0.048828125
0 0.38515625 0.470703125 0.0390625 0.05078125
0 0.5359375 0.224609375 0.040625 0.046875
0 0.4515625 0.53125 0.0375 0.046875
0 0.63125 0.5693359375 0.040625 0.048828125
0 0.56640625 0.509765625 0.0390625 0.046875
0 0.56875 0.2568359375 0.040625 0.048828125
0 0.61640625 0.427734375 0.0390625 0.05078125
0 0.303125 0.521484375 0.040625 0.046875
0 0.49453125 0.37890625 0.0390625 0.046875
0 0.525 0.66015625 0.040625 0.05078125
0 0.6828125 0.48828125 0.0375 0.046875
0 0.57421875 0.580078125 0.0390625 0.05078125
0 0.48125 0.8125 0.040625 0.05078125
0 0.384375 0.720703125 0.040625 0.046875
0 0.53125 0.7314453125 0.0375 0.048828125
