0 0.6453125 0.5234375 0.040625 0.046875
0 0.5703125 0.5595703125 0.0375 0.044921875
0 0.49609375 0.595703125 0.0390625 0.046875
0 0.421875 0.6298828125 0.0375 0.044921875
0 0.52421875 0.3828125 0.0390625 0.046875
0 0.5984375 0.3447265625 0.0375 0.048828125
0 0.34765625 0.3623046875 0.0390625 0.048828125
0 0.3734375 0.4501953125 0.0375 0.044921875
0 0.471875 0.65625 0.0375 0.046875
0 0.44921875 0.4169921875 0.0390625 0.044921875
0 0.39765625 0.54296875 0.0390625 0.046875
0 0.5265625 0.2275390625 0.0375 0.044921875
0 0.47421875 0.505859375 0.0390625 0.046875
0 0.41171875 0.2802734375 0.0390625 0.048828125
0 0.44609375 0.7197265625 0.0390625 0.044921875
0 0.5203125 0.6826171875 0.0375 0.044921875
0 0.6328125 0.4794921875 0.0375 0.044921875
0 0.4578125 0.61328125 0.0375 0.046875
0 0.534375 0.576171875 0.0375 0.046875
0 0.42421875 0.32421875 0.0390625 0.046875
0 0.4109375 0.43359375 0.040625 0.046875
0 0.6203125 0.4345703125 0.0375 0.048828125
0 0.70390625 0.59375 0.0390625 0.046875
0 0.3734375 0.2998046875 0.0375 0.048828125
0 0.49375 0.7431640625 0.0375 0.044921875
0 0.47421875 0.353515625 0.0390625 0.046875
0 0.65859375 0.4169921875 0.0390625 0.044921875
0 0.67890625 0.6552734375 0.0390625 0.048828125
0 0.59453125 0.646484375 0.0390625 0.046875
0 0.4 0.388671875 0.0375 0.046875
0 0.58671875 0.3017578125 0.0390625 0.048828125
0 0.584375 0.453125 0.0375 0.046875
0 0.5 0.291015625 0.0375 0.046875
0 0.45 0.26171875 0.0375 0.046875
0 0.4859375 0.3994140625 0.0375 0.044921875
0 0.54609375 0.6201171875 0.0390625 0.044921875
0 0.61875 0.5859375 0.0375 0.046875
0 0.6078125 0.5419921875 0.040625 0.048828125
0 0.421875 0.4794921875 0.0375 0.044921875
0 0.625 0.283203125 0.0375 0.046875
0 0.51015625 0.4892578125 0.0390625 0.044921875
0 0.6828125 0.505859375 0.0375 0.046875
0 0.6671875 0.6123046875 0.0375 0.048828125
0 0.71484375 0.63671875 0.0390625 0.046875
0 0.5609375 0.3642578125 0.040625 0.048828125
0 0.4625 0.462890625 0.0375 0.046875
0 0.4578125 0.7626953125 0.0375 0.044921875
0 0.5484375 0.4697265625 0.0375 0.044921875
0 0.60625 0.6904296875 0.0375 0.044921875
0 0.4984375 0.443359375 0.0375 0.046875
0 0.48828125 0.2451171875 0.0390625 0.044921875
0 0.55859375 0.6640625 0.0390625 0.046875
0 0.53203125 0.7265625 0.0390625 0.046875
0 0.5640625 0.2109375 0.0375 0.046875
0 0.55 0.3203125 0.0375 0.046875
0 0.4359375 0.5234375 0.0375 0.046875
0 0.56953125 0.70703125 0.0390625 0.046875
0 0.64296875 0.673828125 0.0390625 0.046875
0 0.4625 0.3076171875 0.0375 0.044921875
0 0.69296875 0.5498046875 0.0390625 0.044921875
0 0.559375 0.515625 0.040625 0.046875
0 0.63046875 0.6298828125 0.0390625 0.044921875
0 0.3859375 0.3427734375 0.0375 0.048828125
0 0.521875 0.533203125 0.0375 0.046875
0 0.5359375 0.2734375 0.0375 0.046875
0 0.67109375 0.4599609375 0.0390625 0.044921875
0 0.57265625 0.4091796875 0.0390625 0.044921875
0 0.57421875 0.2568359375 0.0390625 0.044921875
0 0.63671875 0.3291015625 0.0390625 0.044921875
0 0.48515625 0.5498046875 0.0390625 0.044921875
0 0.596875 0.4970703125 0.0375 0.048828125
0 0.5359375 0.4267578125 0.0375 0.044921875
0 0.60078125 0.19140625 0.0390625 0.046875
0 0.5125 0.3369140625 0.0375 0.044921875
0 0.64765625 0.373046875 0.0390625 0.046875
0 0.61171875 0.2392578125 0.0390625 0.048828125
0 0.3359375 0.31640625 0.0375 0.046875
0 0.4828125 0.7001953125 0.040625 0.044921875
0 0.36171875 0.4072265625 0.0390625 0.044921875
0 0.51015625 0.63671875 0.0390625 0.046875
0 0.5828125 0.603515625 0.0375 0.046875
0 0.65625 0.5673828125 0.040625 0.048828125
0 0.4484375 0.5693359375 0.0375 0.044921875
0 0.609375 0.3896484375 0.040625 0.044921875
0 0.3859375 0.49609375 0.0375 0.046875
0 0.4359375 0.37109375 0.0375 0.046875
0 0.41015625 0.5859375 0.0390625 0.046875
0 0.43515625 0.67578125 0.0390625 0.046875
