0 0.46328125 0.7158203125 0.0390625 0.048828125
0 0.52734375 0.4951171875 0.0390625 0.048828125
0 0.36171875 0.4326171875 0.0390625 0.048828125
0 0.67265625 0.6337890625 0.0390625 0.048828125
0 0.46328125 0.1884765625 0.0390625 0.048828125
0 0.56171875 0.5908203125 0.0390625 0.048828125
0 0.53984375 0.6630859375 0.0390625 0.048828125
0 0.44140625 0.7900390625 0.0390625 0.048828125
0 0.63828125 0.5380859375 0.0390625 0.048828125
0 0.28515625 0.4833984375 0.0390625 0.048828125
0 0.49296875 0.4013671875 0.0390625 0.048828125
0 0.31171875 0.2919921875 0.0390625 0.048828125
0 0.59609375 0.6865234375 0.0390625 0.048828125
0 0.60390625 0.4443359375 0.0390625 0.048828125
0 0.25390625 0.3896484375 0.0390625 0.048828125
0 0.35234375 0.6728515625 0.0390625 0.048828125
0 0.31953125 0.5771484375 0.0390625 0.048828125
0 0.45078125 0.5478515625 0.0390625 0.048828125
0 0.43828125 0.3798828125 0.0390625 0.048828125
0 0.50546875 0.5693359375 0.0390625 0.048828125
0 0.42421875 0.7412109375 0.0390625 0.048828125
0 0.34140625 0.5048828125 0.0390625 0.048828125
0 0.39609375 0.5263671875 0.0390625 0.048828125
0 0.40390625 0.2861328125 0.0390625 0.048828125
0 0.42578125 0.2138671875 0.0390625 0.048828125
0 0.41171875 0.5732421875 0.0390625 0.048828125
0 0.50078125 0.1630859375 0.0390625 0.048828125
0 0.42890625 0.6201171875 0.0390625 0.048828125
0 0.51328125 0.3271484375 0.0390625 0.048828125
0 0.32890625 0.3388671875 0.0390625 0.048828125
0 0.54765625 0.4228515625 0.0390625 0.048828125
0 0.52265625 0.6162109375 0.0390625 0.048828125
0 0.63359375 0.6591796875 0.0390625 0.048828125
0 0.41640625 0.4541015625 0.0390625 0.048828125
0 0.45859375 0.3076171875 0.0390625 0.048828125
0 0.32421875 0.4580078125 0.0390625 0.048828125
0 0.61640625 0.6123046875 0.0390625 0.048828125
0 0.58203125 0.5166015625 0.0390625 0.048828125
0 0.38203125 0.3603515625 0.0390625 0.048828125
0 0.37421875 0.5986328125 0.0390625 0.048828125
0 0.40859375 0.6943359375 0.0390625 0.048828125
0 0.48359375 0.6416015625 0.0390625 0.048828125
0 0.58515625 0.3974609375 0.0390625 0.048828125
0 0.48046875 0.7646484375 0.0390625 0.048828125
0 0.27265625 0.3193359375 0.0390625 0.048828125
0 0.51796875 0.7373046875 0.0390625 0.048828125
0 0.47578125 0.3544921875 0.0390625 0.048828125
0 0.56953125 0.3486328125 0.0390625 0.048828125
0 0.38671875 0.2412109375 0.0390625 0.048828125
0 0.53515625 0.2548828125 0.0390625 0.048828125
0 0.48828125 0.5205078125 0.0390625 0.048828125
0 0.51015625 0.4482421875 0.0390625 0.048828125
0 0.59921875 0.5634765625 0.0390625 0.048828125
0 0.50078125 0.6884765625 0.0390625 0.048828125
0 0.38671875 0.7685546875 0.0390625 0.048828125
0 0.49609375 0.2822265625 0.0390625 0.048828125
0 0.42109375 0.3330078125 0.0390625 0.048828125
0 0.39921875 0.4072265625 0.0390625 0.048828125
0 0.35703125 0.5517578125 0.0390625 0.048828125
0 0.47890625 0.2353515625 0.0390625 0.048828125
0 0.43359375 0.5009765625 0.0390625 0.048828125
0 0.45390625 0.4267578125 0.0390625 0.048828125
0 0.30703125 0.4111328125 0.0390625 0.048828125
0 0.47109375 0.4736328125 0.0390625 0.048828125
0 0.29140625 0.3642578125 0.0390625 0.048828125
0 0.56484375 0.4697265625 0.0390625 0.048828125
0 0.55703125 0.7119140625 0.0390625 0.048828125
0 0.23671875 0.3447265625 0.0390625 0.048828125
0 0.34921875 0.2666015625 0.0390625 0.048828125
0 0.55234375 0.3017578125 0.0390625 0.048828125
0 0.36640625 0.3134765625 0.0390625 0.048828125
0 0.62109375 0.4912109375 0.0390625 0.048828125
0 0.57890625 0.6376953125 0.0390625 0.048828125
0 0.53046875 0.3759765625 0.0390625 0.048828125
0 0.51796875 0.2080078125 0.0390625 0.048828125
0 0.39140625 0.6474609375 0.0390625 0.048828125
0 0.46796875 0.5947265625 0.0390625 0.048828125
0 0.40234375 0.8154296875 0.0390625 0.048828125
0 0.44609375 0.6689453125 0.0390625 0.048828125
0 0.65546875 0.5869140625 0.0390625 0.048828125
0 0.44140625 0.2607421875 0.0390625 0.048828125
0 0.33515625 0.6240234375 0.0390625 0.048828125
0 0.30234375 0.5302734375 0.0390625 0.048828125
0 0.37890625 0.4794921875 0.0390625 0.048828125
0 0.26953125 0.4365234375 0.0390625 0.048828125
0 0.54453125 0.5419921875 0.0390625 0.048828125
0 0.34453125 0.3857421875 0.0390625 0.048828125
0 0.36953125 0.7197265625 0.0390625 0.048828125
