0 0.6546875 0.21875 0.05 0.0546875
0 0.72421875 0.58984375 0.0484375 0.0546875
0 0.27890625 0.4521484375 0.0484375 0.056640625
0 0.7359375 0.455078125 0.05 0.0546875
0 0.46484375 0.501953125 0.0484375 0.0546875
0 0.40546875 0.3291015625 0.0484375 0.056640625
0 0.484375 0.560546875 0.05 0.0546875
0 0.24921875 0.529296875 0.0484375 0.0546875
0 0.59375 0.37890625 0.05 0.0546875
0 0.33046875 0.759765625 0.0484375 0.0546875
0 0.675 0.279296875 0.05 0.0546875
0 0.31875 0.56640625 0.05 0.0546875
0 0.63515625 0.49609375 0.0484375 0.0546875
0 0.18984375 0.357421875 0.0484375 0.0546875
0 0.38359375 0.271484375 0.0484375 0.0546875
0 0.53203125 0.203125 0.0484375 0.0546875
0 0.5046875 0.28515625 0.05 0.0546875
0 0.2296875 0.47265625 0.05 0.0546875
0 0.2890625 0.642578125 0.05 0.0546875
0 0.534375 0.5400390625 0.05 0.056640625
0 0.2390625 0.6630859375 0.05 0.056640625
0 0.61328125 0.439453125 0.0484375 0.0546875
0 0.3578125 0.68359375 0.05 0.0546875
0 0.4078125 0.66015625 0.05 0.0546875
0 0.6546875 0.5546875 0.05 0.0546875
0 0.4546875 0.3046875 0.05 0.0546875
0 0.35625 0.3515625 0.05 0.0546875
0 0.37578125 0.408203125 0.0484375 0.0546875
0 0.58359375 0.181640625 0.0484375 0.0546875
0 0.75625 0.51171875 0.05 0.0546875
0 0.3265625 0.4296875 0.05 0.0546875
0 0.5265625 0.67578125 0.05 0.0546875
0 0.209375 0.4140625 0.05 0.0546875
0 0.33828125 0.62109375 0.0484375 0.0546875
0 0.259375 0.39453125 0.05 0.0546875
0 0.60546875 0.5751953125 0.0484375 0.056640625
0 0.26875 0.587890625 0.05 0.0546875
0 0.4828125 0.228515625 0.05 0.0546875
0 0.4453125 0.4453125 0.05 0.0546875
0 0.55625 0.59765625 0.05 0.0546875
0 0.69453125 0.3359375 0.0484375 0.0546875
0 0.6328125 0.16015625 0.05 0.0546875
0 0.5140625 0.48046875 0.05 0.0546875
0 0.28671875 0.31640625 0.0484375 0.0546875
0 0.42734375 0.71875 0.0484375 0.0546875
0 0.5734375 0.322265625 0.05 0.0546875
0 0.54375 0.40234375 0.05 0.0546875
0 0.6234375 0.30078125 0.05 0.0546875
0 0.2375 0.337890625 0.05 0.0546875
0 0.3109375 0.703125 0.05 0.0546875
0 0.50625 0.619140625 0.05 0.0546875
0 0.415625 0.525390625 0.05 0.0546875
0 0.684375 0.4765625 0.05 0.0546875
0 0.4328125 0.248046875 0.05 0.0546875
0 0.625 0.634765625 0.05 0.0546875
0 0.55390625 0.263671875 0.0484375 0.0546875
0 0.45703125 0.638671875 0.0484375 0.0546875
0 0.6453125 0.357421875 0.05 0.0546875
0 0.1796875 0.494140625 0.05 0.0546875
0 0.3875 0.6015625 0.05 0.0546875
0 0.778125 0.568359375 0.05 0.0546875
0 0.28125 0.779296875 0.05 0.0546875
0 0.49453125 0.423828125 0.0484375 0.0546875
0 0.3953125 0.466796875 0.05 0.0546875
0 0.2015625 0.55078125 0.05 0.0546875
0 0.52421875 0.34375 0.0484375 0.0546875
0 0.4375 0.58203125 0.05 0.0546875
0 0.36796875 0.546875 0.0484375 0.0546875
0 0.30625 0.373046875 0.05 0.0546875
0 0.259375 0.720703125 0.05 0.0546875
0 0.58359375 0.517578125 0.0484375 0.0546875
0 0.16015625 0.4375 0.0484375 0.0546875
0 0.34609375 0.4873046875 0.0484375 0.056640625
0 0.70625 0.533203125 0.05 0.0546875
0 0.7140625 0.39453125 0.05 0.0546875
0 0.2984375 0.509765625 0.05 0.0546875
0 0.4765625 0.6953125 0.05 0.0546875
0 0.675 0.61328125 0.05 0.0546875
0 0.475 0.3671875 0.05 0.0546875
0 0.22109375 0.60546875 0.0484375 0.0546875
0 0.66484375 0.4169921875 0.0484375 0.056640625
0 0.603125 0.2412109375 0.05 0.056640625
0 0.5640625 0.4609375 0.05 0.0546875
0 0.3359375 0.2939453125 0.05 0.056640625
0 0.425 0.38671875 0.05 0.0546875
0 0.5734375 0.65234375 0.05 0.0546875
0 0.140625 0.376953125 0.05 0.0546875
0 0.378125 0.740234375 0.05 0.0546875
