0 0.6609375 0.306640625 0.0375 0.046875
0 0.65625 0.5185546875 0.0375 0.044921875
0 0.67578125 0.4521484375 0.0390625 0.044921875
0 0.746875 0.40234375 0.0375 0.046875
0 0.4484375 0.6708984375 0.0375 0.044921875
0 0.52109375 0.4072265625 0.0390625 0.048828125
0 0.5375 0.5537109375 0.0375 0.044921875
0 0.590625 0.3564453125 0.040625 0.048828125
0 0.384375 0.5078125 0.040625 0.046875
0 0.51875 0.6201171875 0.0375 0.044921875
0 0.53984375 0.3408203125 0.0390625 0.048828125
0 0.3984375 0.654296875 0.0375 0.046875
0 0.5875 0.5693359375 0.0375 0.044921875
0 0.728125 0.4677734375 0.0375 0.048828125
0 0.60625 0.5029296875 0.0375 0.044921875
0 0.64296875 0.373046875 0.0390625 0.046875
0 0.66171875 0.1982421875 0.0390625 0.048828125
0 0.57265625 0.4228515625 0.0390625 0.048828125
0 0.40390625 0.44140625 0.0390625 0.046875
0 0.453125 0.4580078125 0.0375 0.048828125
0 0.3359375 0.4931640625 0.0375 0.044921875
0 0.43515625 0.5224609375 0.0390625 0.048828125
0 0.46640625 0.6044921875 0.0390625 0.044921875
0 0.5234375 0.3017578125 0.040625 0.044921875
0 0.48984375 0.3271484375 0.0390625 0.044921875
0 0.678125 0.2412109375 0.0375 0.044921875
0 0.38671875 0.4033203125 0.0390625 0.044921875
0 0.3546875 0.4287109375 0.0375 0.044921875
0 0.3671875 0.5732421875 0.0375 0.048828125
0 0.503125 0.47265625 0.0375 0.046875
0 0.5578125 0.2763671875 0.0375 0.044921875
0 0.53828125 0.4482421875 0.0390625 0.048828125
0 0.471875 0.3916015625 0.0375 0.048828125
0 0.55390625 0.4873046875 0.0390625 0.044921875
0 0.62734375 0.2236328125 0.0390625 0.048828125
0 0.7640625 0.4423828125 0.0375 0.048828125
0 0.421875 0.3779296875 0.0375 0.044921875
0 0.4171875 0.587890625 0.0375 0.046875
0 0.625 0.3310546875 0.0375 0.048828125
0 0.74609375 0.5087890625 0.0390625 0.048828125
0 0.62421875 0.4365234375 0.0390625 0.044921875
0 0.5515625 0.5947265625 0.0375 0.044921875
0 0.5921875 0.2509765625 0.0375 0.044921875
0 0.60859375 0.2900390625 0.0390625 0.048828125
0 0.6578125 0.4111328125 0.040625 0.044921875
0 0.4546875 0.3525390625 0.0375 0.044921875
0 0.53359375 0.662109375 0.0390625 0.046875
0 0.3203125 0.4521484375 0.0375 0.044921875
0 0.6390625 0.583984375 0.040625 0.046875
0 0.4015625 0.5478515625 0.040625 0.048828125
0 0.69375 0.3857421875 0.040625 0.044921875
0 0.56953125 0.6376953125 0.0390625 0.044921875
0 0.55703125 0.3818359375 0.0390625 0.048828125
0 0.3703125 0.466796875 0.040625 0.046875
0 0.48671875 0.5380859375 0.0390625 0.044921875
0 0.41953125 0.482421875 0.0390625 0.046875
0 0.5203125 0.5126953125 0.0375 0.044921875
0 0.45078125 0.5625 0.0390625 0.046875
0 0.35 0.533203125 0.0375 0.046875
0 0.575 0.3154296875 0.0375 0.048828125
0 0.675 0.5595703125 0.040625 0.048828125
0 0.7125 0.3193359375 0.040625 0.044921875
0 0.43828125 0.4169921875 0.0390625 0.048828125
0 0.5703125 0.5283203125 0.0375 0.044921875
0 0.5 0.6865234375 0.040625 0.044921875
0 0.4140625 0.6943359375 0.040625 0.048828125
0 0.50546875 0.3681640625 0.0390625 0.044921875
0 0.63984375 0.4775390625 0.0390625 0.044921875
0 0.4296875 0.7353515625 0.0375 0.048828125
0 0.64375 0.2646484375 0.0375 0.048828125
0 0.678125 0.3447265625 0.0375 0.044921875
0 0.71015625 0.5341796875 0.0390625 0.048828125
0 0.58828125 0.4619140625 0.0390625 0.044921875
0 0.6046875 0.609375 0.0375 0.046875
0 0.6921875 0.494140625 0.0375 0.046875
0 0.48671875 0.4326171875 0.0390625 0.048828125
0 0.3828125 0.6142578125 0.040625 0.048828125
0 0.6234375 0.5439453125 0.0375 0.044921875
0 0.4328125 0.62890625 0.040625 0.046875
0 0.7109375 0.427734375 0.0375 0.046875
0 0.5015625 0.5791015625 0.0375 0.044921875
0 0.696875 0.279296875 0.0375 0.046875
0 0.7296875 0.3623046875 0.040625 0.048828125
0 0.6078125 0.3955078125 0.040625 0.044921875
0 0.4703125 0.4990234375 0.0375 0.048828125
0 0.48359375 0.6455078125 0.0390625 0.044921875
0 0.46484375 0.712890625 0.0390625 0.046875
0 0.78203125 0.4833984375 0.0390625 0.048828125
