0 0.2640625 0.50390625 0.04375 0.0625
0 0.6140625 0.4912109375 0.04375 0.064453125
0 0.5796875 0.623046875 0.04375 0.0625
0 0.3328125 0.623046875 0.04375 0.0625
0 0.603125 0.33203125 0.04375 0.0625
0 0.2484375 0.5703125 0.04375 0.0625
0 0.4328125 0.6103515625 0.04375 0.064453125
0 0.37265625 0.2685546875 0.0421875 0.064453125
0 0.5359375 0.595703125 0.04375 0.0625
0 0.51015625 0.50390625 0.0421875 0.0625
0 0.7640625 0.50390625 0.04375 0.0625
0 0.4828125 0.4130859375 0.04375 0.064453125
0 0.3984375 0.359375 0.04375 0.0625
0 0.3125 0.30859375 0.04375 0.0625
0 0.346875 0.1748046875 0.04375 0.064453125
0 0.45703125 0.3193359375 0.0421875 0.064453125
0 0.58984375 0.7822265625 0.0421875 0.064453125
0 0.71875 0.4765625 0.04375 0.0625
0 0.37421875 0.6484375 0.0421875 0.0625
0 0.65 0.7421875 0.04375 0.0625
0 0.35859375 0.7138671875 0.0421875 0.064453125
0 0.65703125 0.5166015625 0.0421875 0.064453125
0 0.47578125 0.6357421875 0.0421875 0.064453125
0 0.52578125 0.4384765625 0.0421875 0.064453125
0 0.596875 0.5576171875 0.04375 0.064453125
0 0.27421875 0.6611328125 0.0421875 0.064453125
0 0.7125 0.7041015625 0.04375 0.064453125
0 0.42421875 0.451171875 0.0421875 0.0625
0 0.5 0.3447265625 0.04375 0.064453125
0 0.4171875 0.67578125 0.04375 0.0625
0 0.5640625 0.689453125 0.04375 0.0625
0 0.6484375 0.357421875 0.04375 0.0625
0 0.54296875 0.3720703125 0.0421875 0.064453125
0 0.4140625 0.2939453125 0.04375 0.064453125
0 0.6953125 0.76953125 0.04375 0.0625
0 0.78125 0.435546875 0.04375 0.0625
0 0.5296875 0.8203125 0.04375 0.0625
0 0.6671875 0.67578125 0.04375 0.0625
0 0.6171875 0.8759765625 0.04375 0.064453125
0 0.30703125 0.5322265625 0.0421875 0.064453125
0 0.63125 0.4228515625 0.04375 0.064453125
0 0.684375 0.6103515625 0.04375 0.064453125
0 0.3640625 0.4912109375 0.04375 0.064453125
0 0.28984375 0.595703125 0.0421875 0.0625
0 0.33984375 0.400390625 0.0421875 0.0625
0 0.5171875 0.279296875 0.04375 0.0625
0 0.553125 0.529296875 0.04375 0.0625
0 0.2796875 0.4384765625 0.04375 0.064453125
0 0.56015625 0.3037109375 0.0421875 0.064453125
0 0.32265625 0.4658203125 0.0421875 0.064453125
0 0.57265625 0.8486328125 0.0421875 0.064453125
0 0.38828125 0.203125 0.0421875 0.0625
0 0.43125 0.228515625 0.04375 0.0625
0 0.43984375 0.384765625 0.0421875 0.0625
0 0.39140625 0.58203125 0.0421875 0.0625
0 0.746875 0.5703125 0.04375 0.0625
0 0.546875 0.7548828125 0.04375 0.064453125
0 0.63984375 0.58203125 0.0421875 0.0625
0 0.62421875 0.6484375 0.0421875 0.0625
0 0.7359375 0.41015625 0.04375 0.0625
0 0.44296875 0.767578125 0.0421875 0.0625
0 0.45 0.544921875 0.04375 0.0625
0 0.56875 0.4638671875 0.04375 0.064453125
0 0.4859375 0.794921875 0.04375 0.0625
0 0.4 0.7392578125 0.04375 0.064453125
0 0.296875 0.375 0.04375 0.0625
0 0.40703125 0.5166015625 0.0421875 0.064453125
0 0.46015625 0.701171875 0.0421875 0.0625
0 0.67421875 0.451171875 0.0421875 0.0625
0 0.3484375 0.5576171875 0.04375 0.064453125
0 0.503125 0.7294921875 0.04375 0.064453125
0 0.69140625 0.3828125 0.0421875 0.0625
0 0.5859375 0.3974609375 0.04375 0.064453125
0 0.7015625 0.544921875 0.04375 0.0625
0 0.38125 0.42578125 0.04375 0.0625
0 0.60703125 0.716796875 0.0421875 0.0625
0 0.51875 0.6611328125 0.04375 0.064453125
0 0.678125 0.8359375 0.04375 0.0625
0 0.3296875 0.240234375 0.04375 0.0625
0 0.634375 0.810546875 0.04375 0.0625
0 0.47421875 0.25390625 0.0421875 0.0625
0 0.4671875 0.478515625 0.04375 0.0625
0 0.49296875 0.5703125 0.0421875 0.0625
0 0.66015625 0.904296875 0.0421875 0.0625
0 0.7296875 0.6357421875 0.04375 0.064453125
0 0.35546875 0.333984375 0.0421875 0.0625
0 0.315625 0.6865234375 0.04375 0.064453125
0 0.23125 0.6357421875 0.04375 0.064453125
