0 0.53203125 0.3369140625 0.0390625 0.048828125
0 0.47265625 0.2392578125 0.0390625 0.048828125
0 0.43203125 0.4599609375 0.0390625 0.048828125
0 0.60703125 0.6279296875 0.0390625 0.048828125
0 0.51015625 0.5087890625 0.0390625 0.048828125
0 0.55234375 0.1650390625 0.0390625 0.048828125
0 0.70703125 0.5068359375 0.0390625 0.048828125
0 0.56796875 0.7275390625 0.0390625 0.048828125
0 0.63203125 0.2119140625 0.0390625 0.048828125
0 0.61015625 0.3857421875 0.0390625 0.048828125
0 0.33203125 0.5830078125 0.0390625 0.048828125
0 0.64921875 0.4091796875 0.0390625 0.048828125
0 0.54921875 0.5322265625 0.0390625 0.048828125
0 0.72890625 0.3349609375 0.0390625 0.048828125
0 0.64765625 0.5322265625 0.0390625 0.048828125
0 0.35234375 0.5341796875 0.0390625 0.048828125
0 0.41171875 0.6318359375 0.0390625 0.048828125
0 0.57265625 0.2392578125 0.0390625 0.048828125
0 0.39140625 0.5595703125 0.0390625 0.048828125
0 0.45234375 0.4111328125 0.0390625 0.048828125
0 0.71015625 0.2607421875 0.0390625 0.048828125
0 0.59140625 0.1884765625 0.0390625 0.048828125
0 0.62890625 0.4580078125 0.0390625 0.048828125
0 0.49296875 0.1884765625 0.0390625 0.048828125
0 0.46953125 0.6064453125 0.0390625 0.048828125
0 0.65078125 0.2861328125 0.0390625 0.048828125
0 0.47109375 0.3623046875 0.0390625 0.048828125
0 0.45078125 0.6552734375 0.0390625 0.048828125
0 0.43046875 0.7041015625 0.0390625 0.048828125
0 0.52890625 0.5810546875 0.0390625 0.048828125
0 0.55078125 0.4111328125 0.0390625 0.048828125
0 0.50859375 0.7509765625 0.0390625 0.048828125
0 0.55234375 0.2880859375 0.0390625 0.048828125
0 0.66953125 0.3603515625 0.0390625 0.048828125
0 0.58828125 0.5556640625 0.0390625 0.048828125
0 0.45078125 0.5341796875 0.0390625 0.048828125
0 0.45234375 0.2880859375 0.0390625 0.048828125
0 0.62734375 0.5810546875 0.0390625 0.048828125
0 0.54921875 0.6533203125 0.0390625 0.048828125
0 0.48984375 0.6787109375 0.0390625 0.048828125
0 0.74921875 0.2861328125 0.0390625 0.048828125
0 0.47109375 0.4853515625 0.0390625 0.048828125
0 0.72734375 0.4580078125 0.0390625 0.048828125
0 0.66640625 0.6044921875 0.0390625 0.048828125
0 0.49140625 0.3134765625 0.0390625 0.048828125
0 0.68828125 0.4345703125 0.0390625 0.048828125
0 0.58828125 0.6767578125 0.0390625 0.048828125
0 0.56953125 0.4833984375 0.0390625 0.048828125
0 0.39140625 0.6806640625 0.0390625 0.048828125
0 0.37265625 0.4853515625 0.0390625 0.048828125
0 0.62734375 0.7021484375 0.0390625 0.048828125
0 0.49140625 0.4365234375 0.0390625 0.048828125
0 0.52890625 0.7021484375 0.0390625 0.048828125
0 0.51171875 0.2646484375 0.0390625 0.048828125
0 0.61171875 0.2626953125 0.0390625 0.048828125
0 0.78984375 0.3095703125 0.0390625 0.048828125
0 0.51328125 0.1396484375 0.0390625 0.048828125
0 0.37109375 0.6064453125 0.0390625 0.048828125
0 0.50859375 0.6298828125 0.0390625 0.048828125
0 0.68984375 0.3115234375 0.0390625 0.048828125
0 0.51171875 0.3857421875 0.0390625 0.048828125
0 0.59140625 0.3115234375 0.0390625 0.048828125
0 0.57109375 0.3623046875 0.0390625 0.048828125
0 0.41328125 0.3876953125 0.0390625 0.048828125
0 0.35234375 0.6572265625 0.0390625 0.048828125
0 0.58984375 0.4345703125 0.0390625 0.048828125
0 0.67109375 0.2373046875 0.0390625 0.048828125
0 0.74765625 0.4091796875 0.0390625 0.048828125
0 0.48984375 0.5576171875 0.0390625 0.048828125
0 0.64765625 0.6533203125 0.0390625 0.048828125
0 0.41171875 0.5087890625 0.0390625 0.048828125
0 0.63046875 0.3369140625 0.0390625 0.048828125
0 0.53046875 0.4599609375 0.0390625 0.048828125
0 0.54765625 0.7744140625 0.0390625 0.048828125
0 0.39296875 0.4365234375 0.0390625 0.048828125
0 0.46953125 0.7275390625 0.0390625 0.048828125
0 0.60859375 0.5068359375 0.0390625 0.048828125
0 0.66796875 0.4833984375 0.0390625 0.048828125
0 0.60703125 0.7509765625 0.0390625 0.048828125
0 0.68671875 0.5556640625 0.0390625 0.048828125
0 0.31328125 0.6318359375 0.0390625 0.048828125
0 0.58671875 0.7998046875 0.0390625 0.048828125
0 0.43046875 0.5830078125 0.0390625 0.048828125
0 0.76796875 0.3583984375 0.0390625 0.048828125
0 0.70859375 0.3837890625 0.0390625 0.048828125
0 0.56796875 0.6044921875 0.0390625 0.048828125
0 0.43203125 0.3388671875 0.0390625 0.048828125
0 0.53203125 0.2138671875 0.0390625 0.048828125
