0 0.68203125 0.7958984375 0.0765625 0.068359375
0 0.55078125 0.3994140625 0.0734375 0.068359375
0 0.69140625 0.5771484375 0.0734375 0.068359375
0 0.76328125 0.2685546875 0.0734375 0.064453125
0 0.49765625 0.4853515625 0.0734375 0.068359375
0 0.29765625 0.3955078125 0.0734375 0.064453125
0 0.43203125 0.7939453125 0.0734375 0.064453125
0 0.75859375 0.7744140625 0.0734375 0.068359375
0 0.61796875 0.0849609375 0.0734375 0.064453125
0 0.91171875 0.7333984375 0.0765625 0.068359375
0 0.45390625 0.8603515625 0.0734375 0.068359375
0 0.48671875 0.70703125 0.0734375 0.06640625
0 0.66171875 0.2216796875 0.0734375 0.068359375
0 0.72890625 0.423828125 0.0734375 0.06640625
0 0.4765625 0.4189453125 0.075 0.064453125
0 0.56484375 0.6845703125 0.0734375 0.068359375
0 0.61796875 0.5986328125 0.0734375 0.068359375
0 0.38671875 0.1513671875 0.0734375 0.068359375
0 0.75078125 0.4892578125 0.0734375 0.064453125
0 0.62890625 0.3779296875 0.0734375 0.068359375
0 0.8671875 0.6015625 0.075 0.06640625
0 0.40859375 0.728515625 0.0734375 0.06640625
0 0.715625 0.6435546875 0.075 0.064453125
0 0.81328125 0.6875 0.0734375 0.06640625
0 0.56484375 0.17578125 0.0734375 0.06640625
0 0.68515625 0.2900390625 0.0734375 0.064453125
0 0.32109375 0.4638671875 0.0734375 0.068359375
0 0.44296875 0.57421875 0.0734375 0.06640625
0 0.58359375 0.751953125 0.0734375 0.06640625
0 0.19765625 0.3505859375 0.0734375 0.068359375
0 0.48671875 0.197265625 0.0734375 0.06640625
0 0.53046875 0.33203125 0.0765625 0.06640625
0 0.67265625 0.509765625 0.0734375 0.06640625
0 0.46640625 0.640625 0.0734375 0.06640625
0 0.51015625 0.7744140625 0.0734375 0.068359375
0 0.89140625 0.6669921875 0.0734375 0.064453125
0 0.46328125 0.126953125 0.0765625 0.06640625
0 0.60703125 0.310546875 0.0734375 0.06640625
0 0.29140625 0.6162109375 0.0734375 0.064453125
0 0.36484375 0.5947265625 0.0734375 0.064453125
0 0.33203125 0.2392578125 0.0734375 0.064453125
0 0.64140625 0.154296875 0.0734375 0.06640625
0 0.53984375 0.10546875 0.0734375 0.06640625
0 0.66171875 0.73046875 0.0734375 0.06640625
0 0.53984375 0.6181640625 0.0734375 0.064453125
0 0.35234375 0.3076171875 0.0734375 0.068359375
0 0.575 0.4658203125 0.075 0.064453125
0 0.7828125 0.3349609375 0.075 0.068359375
0 0.45390625 0.353515625 0.0734375 0.06640625
0 0.70546875 0.3564453125 0.0734375 0.068359375
0 0.83515625 0.751953125 0.0734375 0.06640625
0 0.37578125 0.375 0.0734375 0.06640625
0 0.27890625 0.3291015625 0.0734375 0.068359375
0 0.2546875 0.2587890625 0.075 0.068359375
0 0.584375 0.2451171875 0.075 0.064453125
0 0.43046875 0.2861328125 0.0734375 0.068359375
0 0.71875 0.1328125 0.075 0.06640625
0 0.5078125 0.2666015625 0.075 0.064453125
0 0.76953125 0.5556640625 0.0734375 0.068359375
0 0.52109375 0.552734375 0.0734375 0.06640625
0 0.24375 0.4853515625 0.075 0.068359375
0 0.82578125 0.4677734375 0.0734375 0.064453125
0 0.52890625 0.8408203125 0.0734375 0.064453125
0 0.37734375 0.8818359375 0.0734375 0.068359375
0 0.63828125 0.6650390625 0.0734375 0.064453125
0 0.3109375 0.6845703125 0.075 0.068359375
0 0.42265625 0.5068359375 0.0765625 0.068359375
0 0.60703125 0.818359375 0.0734375 0.06640625
0 0.409375 0.21875 0.075 0.06640625
0 0.7359375 0.708984375 0.075 0.06640625
0 0.22109375 0.4169921875 0.0765625 0.064453125
0 0.26796875 0.552734375 0.0734375 0.06640625
0 0.84765625 0.5341796875 0.0734375 0.068359375
0 0.17421875 0.2802734375 0.0734375 0.068359375
0 0.23046875 0.1943359375 0.0734375 0.068359375
0 0.6515625 0.4443359375 0.075 0.064453125
0 0.38828125 0.6611328125 0.0734375 0.068359375
0 0.59765625 0.53125 0.0765625 0.06640625
0 0.39921875 0.4404296875 0.0734375 0.064453125
0 0.73984375 0.2001953125 0.0734375 0.068359375
0 0.30859375 0.1728515625 0.0734375 0.068359375
0 0.35390625 0.8154296875 0.0734375 0.064453125
0 0.79296875 0.623046875 0.0734375 0.06640625
0 0.69609375 0.0654296875 0.0734375 0.068359375
0 0.34609375 0.5283203125 0.0734375 0.068359375
0 0.80390625 0.40234375 0.0734375 0.06640625
0 0.33515625 0.75 0.0734375 0.06640625
0 0.15390625 0.2138671875 0.0765625 0.064453125
