0 0.62421875 0.5927734375 0.0390625 0.048828125
0 0.42734375 0.6826171875 0.0390625 0.048828125
0 0.50390625 0.7158203125 0.0390625 0.048828125
0 0.37265625 0.4169921875 0.0390625 0.048828125
0 0.54140625 0.4345703125 0.0390625 0.048828125
0 0.44296875 0.3271484375 0.0390625 0.048828125
0 0.60859375 0.6455078125 0.0390625 0.048828125
0 0.71328125 0.5751953125 0.0390625 0.048828125
0 0.49609375 0.2919921875 0.0390625 0.048828125
0 0.63828125 0.5400390625 0.0390625 0.048828125
0 0.69765625 0.6279296875 0.0390625 0.048828125
0 0.45078125 0.4521484375 0.0390625 0.048828125
0 0.66953125 0.4345703125 0.0390625 0.048828125
0 0.56953125 0.3251953125 0.0390625 0.048828125
0 0.46484375 0.3994140625 0.0390625 0.048828125
0 0.43515625 0.5048828125 0.0390625 0.048828125
0 0.51171875 0.5400390625 0.0390625 0.048828125
0 0.72109375 0.3994140625 0.0390625 0.048828125
0 0.76484375 0.5400390625 0.0390625 0.048828125
0 0.41171875 0.4345703125 0.0390625 0.048828125
0 0.66015625 0.6103515625 0.0390625 0.048828125
0 0.53359375 0.6103515625 0.0390625 0.048828125
0 0.64609375 0.3642578125 0.0390625 0.048828125
0 0.57890625 0.7509765625 0.0390625 0.048828125
0 0.58671875 0.5751953125 0.0390625 0.048828125
0 0.45859375 0.5771484375 0.0390625 0.048828125
0 0.74921875 0.5888671875 0.0390625 0.048828125
0 0.41953125 0.2548828125 0.0390625 0.048828125
0 0.69140625 0.8017578125 0.0390625 0.048828125
0 0.35859375 0.4697265625 0.0390625 0.048828125
0 0.52578125 0.4873046875 0.0390625 0.048828125
0 0.38203125 0.5419921875 0.0390625 0.048828125
0 0.68359375 0.6806640625 0.0390625 0.048828125
0 0.54921875 0.5576171875 0.0390625 0.048828125
0 0.42734375 0.3798828125 0.0390625 0.048828125
0 0.59453125 0.3994140625 0.0390625 0.048828125
0 0.35078125 0.6494140625 0.0390625 0.048828125
0 0.63046875 0.7158203125 0.0390625 0.048828125
0 0.60078125 0.5224609375 0.0390625 0.048828125
0 0.53359375 0.3095703125 0.0390625 0.048828125
0 0.70546875 0.7490234375 0.0390625 0.048828125
0 0.72734375 0.5224609375 0.0390625 0.048828125
0 0.47265625 0.5224609375 0.0390625 0.048828125
0 0.55703125 0.6806640625 0.0390625 0.048828125
0 0.61640625 0.4697265625 0.0390625 0.048828125
0 0.36640625 0.5947265625 0.0390625 0.048828125
0 0.48828125 0.4697265625 0.0390625 0.048828125
0 0.56328125 0.5048828125 0.0390625 0.048828125
0 0.48046875 0.6455078125 0.0390625 0.048828125
0 0.31015625 0.6298828125 0.0390625 0.048828125
0 0.61640625 0.7685546875 0.0390625 0.048828125
0 0.40546875 0.6123046875 0.0390625 0.048828125
0 0.39609375 0.4873046875 0.0390625 0.048828125
0 0.74296875 0.4697265625 0.0390625 0.048828125
0 0.69140625 0.5048828125 0.0390625 0.048828125
0 0.51796875 0.3623046875 0.0390625 0.048828125
0 0.38828125 0.3623046875 0.0390625 0.048828125
0 0.65390625 0.4873046875 0.0390625 0.048828125
0 0.40390625 0.3095703125 0.0390625 0.048828125
0 0.49609375 0.5947265625 0.0390625 0.048828125
0 0.79453125 0.4345703125 0.0390625 0.048828125
0 0.73515625 0.6455078125 0.0390625 0.048828125
0 0.65390625 0.7861328125 0.0390625 0.048828125
0 0.32734375 0.5771484375 0.0390625 0.048828125
0 0.57890625 0.4521484375 0.0390625 0.048828125
0 0.60859375 0.3466796875 0.0390625 0.048828125
0 0.67578125 0.5576171875 0.0390625 0.048828125
0 0.38984375 0.6650390625 0.0390625 0.048828125
0 0.44296875 0.6298828125 0.0390625 0.048828125
0 0.57109375 0.6279296875 0.0390625 0.048828125
0 0.77890625 0.4873046875 0.0390625 0.048828125
0 0.46640625 0.7001953125 0.0390625 0.048828125
0 0.34296875 0.5224609375 0.0390625 0.048828125
0 0.54140625 0.7353515625 0.0390625 0.048828125
0 0.55703125 0.3818359375 0.0390625 0.048828125
0 0.50390625 0.4169921875 0.0390625 0.048828125
0 0.48046875 0.3447265625 0.0390625 0.048828125
0 0.68359375 0.3818359375 0.0390625 0.048828125
0 0.51796875 0.6630859375 0.0390625 0.048828125
0 0.75703125 0.4169921875 0.0390625 0.048828125
0 0.64609375 0.6630859375 0.0390625 0.048828125
0 0.71953125 0.6962890625 0.0390625 0.048828125
0 0.66796875 0.7333984375 0.0390625 0.048828125
0 0.41953125 0.5595703125 0.0390625 0.048828125
0 0.70546875 0.4521484375 0.0390625 0.048828125
0 0.63203125 0.4169921875 0.0390625 0.048828125
0 0.59453125 0.6982421875 0.0390625 0.048828125
0 0.45703125 0.2744140625 0.0390625 0.048828125
