0 0.51640625 0.4619140625 0.0390625 0.048828125
0 0.72890625 0.7744140625 0.0390625 0.048828125
0 0.55703125 0.3994140625 0.0390625 0.048828125
0 0.54296875 0.7431640625 0.0390625 0.048828125
0 0.75390625 0.5419921875 0.0390625 0.048828125
0 0.42734375 0.4755859375 0.0390625 0.048828125
0 0.50390625 0.8076171875 0.0390625 0.048828125
0 0.76953125 0.7119140625 0.0390625 0.048828125
0 0.66171875 0.5556640625 0.0390625 0.048828125
0 0.70234375 0.4912109375 0.0390625 0.048828125
0 0.74296875 0.4287109375 0.0390625 0.048828125
0 0.79453125 0.4794921875 0.0390625 0.048828125
0 0.65234375 0.4423828125 0.0390625 0.048828125
0 0.45390625 0.7568359375 0.0390625 0.048828125
0 0.47734375 0.5244140625 0.0390625 0.048828125
0 0.46796875 0.4130859375 0.0390625 0.048828125
0 0.79921875 0.5341796875 0.0390625 0.048828125
0 0.41328125 0.8193359375 0.0390625 0.048828125
0 0.71328125 0.6044921875 0.0390625 0.048828125
0 0.61171875 0.5048828125 0.0390625 0.048828125
0 0.40390625 0.7080078125 0.0390625 0.048828125
0 0.81484375 0.7060546875 0.0390625 0.048828125
0 0.78828125 0.4208984375 0.0390625 0.048828125
0 0.58203125 0.6806640625 0.0390625 0.048828125
0 0.63828125 0.7880859375 0.0390625 0.048828125
0 0.78359375 0.3662109375 0.0390625 0.048828125
0 0.43828125 0.5869140625 0.0390625 0.048828125
0 0.49296875 0.6943359375 0.0390625 0.048828125
0 0.38828125 0.5380859375 0.0390625 0.048828125
0 0.71796875 0.6611328125 0.0390625 0.048828125
0 0.33359375 0.4326171875 0.0390625 0.048828125
0 0.60234375 0.3935546875 0.0390625 0.048828125
0 0.69296875 0.3798828125 0.0390625 0.048828125
0 0.44296875 0.6435546875 0.0390625 0.048828125
0 0.67890625 0.7236328125 0.0390625 0.048828125
0 0.33828125 0.4892578125 0.0390625 0.048828125
0 0.56171875 0.4560546875 0.0390625 0.048828125
0 0.81015625 0.6494140625 0.0390625 0.048828125
0 0.35859375 0.7138671875 0.0390625 0.048828125
0 0.49765625 0.7509765625 0.0390625 0.048828125
0 0.39296875 0.5947265625 0.0390625 0.048828125
0 0.74765625 0.4853515625 0.0390625 0.048828125
0 0.51171875 0.4052734375 0.0390625 0.048828125
0 0.58828125 0.7373046875 0.0390625 0.048828125
0 0.54765625 0.8017578125 0.0390625 0.048828125
0 0.34296875 0.5439453125 0.0390625 0.048828125
0 0.62734375 0.6748046875 0.0390625 0.048828125
0 0.73671875 0.3720703125 0.0390625 0.048828125
0 0.80390625 0.5927734375 0.0390625 0.048828125
0 0.59296875 0.7939453125 0.0390625 0.048828125
0 0.47265625 0.4697265625 0.0390625 0.048828125
0 0.76328125 0.6552734375 0.0390625 0.048828125
0 0.66796875 0.6123046875 0.0390625 0.048828125
0 0.34765625 0.6005859375 0.0390625 0.048828125
0 0.53203125 0.6318359375 0.0390625 0.048828125
0 0.64609375 0.3857421875 0.0390625 0.048828125
0 0.68359375 0.7822265625 0.0390625 0.048828125
0 0.72421875 0.7177734375 0.0390625 0.048828125
0 0.37734375 0.4267578125 0.0390625 0.048828125
0 0.38203125 0.4814453125 0.0390625 0.048828125
0 0.48203125 0.5810546875 0.0390625 0.048828125
0 0.36328125 0.7705078125 0.0390625 0.048828125
0 0.75859375 0.5986328125 0.0390625 0.048828125
0 0.60703125 0.4482421875 0.0390625 0.048828125
0 0.40859375 0.7626953125 0.0390625 0.048828125
0 0.43203125 0.5322265625 0.0390625 0.048828125
0 0.63359375 0.7314453125 0.0390625 0.048828125
0 0.56640625 0.5126953125 0.0390625 0.048828125
0 0.39765625 0.6513671875 0.0390625 0.048828125
0 0.44765625 0.7001953125 0.0390625 0.048828125
0 0.62265625 0.6181640625 0.0390625 0.048828125
0 0.69765625 0.4365234375 0.0390625 0.048828125
0 0.70703125 0.5478515625 0.0390625 0.048828125
0 0.57265625 0.5673828125 0.0390625 0.048828125
0 0.82109375 0.7626953125 0.0390625 0.048828125
0 0.77421875 0.7685546875 0.0390625 0.048828125
0 0.52265625 0.5185546875 0.0390625 0.048828125
0 0.53828125 0.6865234375 0.0390625 0.048828125
0 0.42265625 0.4189453125 0.0390625 0.048828125
0 0.35390625 0.6572265625 0.0390625 0.048828125
0 0.48828125 0.6376953125 0.0390625 0.048828125
0 0.67265625 0.6669921875 0.0390625 0.048828125
0 0.57734375 0.6240234375 0.0390625 0.048828125
0 0.45859375 0.8134765625 0.0390625 0.048828125
0 0.61640625 0.5615234375 0.0390625 0.048828125
0 0.52734375 0.5751953125 0.0390625 0.048828125
0 0.65703125 0.4990234375 0.0390625 0.048828125
0 0.36796875 0.8271484375 0.0390625 0.048828125
