0 0.446875 0.494140625 0.025 0.04296875
0 0.3703125 0.3818359375 0.025 0.041015625
0 0.53359375 0.3388671875 0.0234375 0.041015625
0 0.38359375 0.5458984375 0.0265625 0.041015625
0 0.56171875 0.2890625 0.0265625 0.0390625
0 0.36171875 0.2744140625 0.0265625 0.041015625
0 0.29609375 0.32421875 0.0265625 0.04296875
0 0.52265625 0.6044921875 0.0234375 0.041015625
0 0.4578125 0.2275390625 0.025 0.041015625
0 0.39609375 0.2763671875 0.0265625 0.041015625
0 0.61640625 0.5556640625 0.0265625 0.041015625
0 0.34921875 0.5439453125 0.0265625 0.041015625
0 0.4703125 0.388671875 0.028125 0.04296875
0 0.5421875 0.4462890625 0.025 0.041015625
0 0.48359375 0.5498046875 0.0234375 0.041015625
0 0.575 0.447265625 0.025 0.04296875
0 0.35390625 0.599609375 0.0265625 0.04296875
0 0.31015625 0.48828125 0.0265625 0.04296875
0 0.271875 0.4326171875 0.028125 0.041015625
0 0.2609375 0.322265625 0.028125 0.04296875
0 0.41328125 0.4921875 0.0265625 0.04296875
0 0.5890625 0.607421875 0.025 0.0390625
0 0.30625 0.43359375 0.028125 0.0390625
0 0.31484375 0.54296875 0.0265625 0.04296875
0 0.28828125 0.21484375 0.0265625 0.04296875
0 0.43828125 0.3857421875 0.0265625 0.041015625
0 0.34453125 0.4892578125 0.0265625 0.041015625
0 0.40390625 0.3837890625 0.0265625 0.041015625
0 0.38828125 0.6005859375 0.0265625 0.041015625
0 0.425 0.2255859375 0.025 0.041015625
0 0.50859375 0.443359375 0.0265625 0.04296875
0 0.58359375 0.5537109375 0.0234375 0.041015625
0 0.32734375 0.271484375 0.0265625 0.04296875
0 0.59765625 0.341796875 0.0265625 0.04296875
0 0.59453125 0.2900390625 0.0265625 0.041015625
0 0.621875 0.609375 0.028125 0.04296875
0 0.50078125 0.3369140625 0.0265625 0.041015625
0 0.45625 0.6025390625 0.025 0.041015625
0 0.56953125 0.39453125 0.0234375 0.0390625
0 0.52890625 0.2861328125 0.0265625 0.041015625
0 0.37890625 0.4912109375 0.0265625 0.041015625
0 0.31953125 0.5986328125 0.0265625 0.041015625
0 0.54609375 0.4990234375 0.0265625 0.041015625
0 0.421875 0.6015625 0.028125 0.04296875
0 0.3359375 0.380859375 0.028125 0.04296875
0 0.43359375 0.3330078125 0.0265625 0.041015625
0 0.45078125 0.5478515625 0.0234375 0.041015625
0 0.60703125 0.44921875 0.0234375 0.0390625
0 0.51875 0.5517578125 0.025 0.041015625
0 0.30234375 0.3798828125 0.0265625 0.041015625
0 0.28046875 0.5419921875 0.0265625 0.041015625
0 0.33203125 0.3271484375 0.0265625 0.041015625
0 0.48984375 0.603515625 0.0265625 0.04296875
0 0.253125 0.212890625 0.028125 0.04296875
0 0.51328125 0.4970703125 0.0234375 0.041015625
0 0.525 0.2333984375 0.025 0.041015625
0 0.46640625 0.3349609375 0.0234375 0.041015625
0 0.275 0.4853515625 0.028125 0.041015625
0 0.5515625 0.5517578125 0.025 0.041015625
0 0.32265625 0.2177734375 0.0265625 0.041015625
0 0.375 0.4365234375 0.025 0.041015625
0 0.48046875 0.4951171875 0.0265625 0.041015625
0 0.25703125 0.267578125 0.0265625 0.04296875
0 0.4625 0.2822265625 0.025 0.041015625
0 0.47578125 0.4423828125 0.0234375 0.041015625
0 0.5890625 0.236328125 0.025 0.04296875
0 0.53671875 0.3916015625 0.0234375 0.041015625
0 0.5046875 0.390625 0.025 0.0390625
0 0.565625 0.341796875 0.025 0.0390625
0 0.2921875 0.2705078125 0.028125 0.041015625
0 0.4 0.3310546875 0.025 0.041015625
0 0.44296875 0.4404296875 0.0265625 0.041015625
0 0.40859375 0.4384765625 0.0265625 0.041015625
0 0.4953125 0.2841796875 0.025 0.041015625
0 0.42890625 0.279296875 0.0234375 0.0390625
0 0.340625 0.4345703125 0.025 0.041015625
0 0.28359375 0.5966796875 0.0296875 0.044921875
0 0.49140625 0.23046875 0.0265625 0.04296875
0 0.55546875 0.6064453125 0.0265625 0.041015625
0 0.41796875 0.5478515625 0.0265625 0.041015625
0 0.36640625 0.328125 0.0265625 0.04296875
0 0.35703125 0.220703125 0.0265625 0.04296875
0 0.39140625 0.22265625 0.0265625 0.0390625
0 0.5578125 0.2353515625 0.025 0.041015625
0 0.5796875 0.5 0.025 0.0390625
0 0.26484375 0.375 0.0296875 0.04296875
0 0.603125 0.3955078125 0.028125 0.041015625
0 0.6125 0.501953125 0.028125 0.04296875
