0 0.34765625 0.4677734375 0.0390625 0.048828125
0 0.54921875 0.4521484375 0.0390625 0.048828125
0 0.50703125 0.4306640625 0.0390625 0.048828125
0 0.48046875 0.7626953125 0.0390625 0.048828125
0 0.31171875 0.5654296875 0.0390625 0.048828125
0 0.51171875 0.5498046875 0.0390625 0.048828125
0 0.46640625 0.4111328125 0.0390625 0.048828125
0 0.54453125 0.3330078125 0.0390625 0.048828125
0 0.45703125 0.6943359375 0.0390625 0.048828125
0 0.38515625 0.3701171875 0.0390625 0.048828125
0 0.31796875 0.6826171875 0.0390625 0.048828125
0 0.49453125 0.5966796875 0.0390625 0.048828125
0 0.43515625 0.6259765625 0.0390625 0.048828125
0 0.56796875 0.4033203125 0.0390625 0.048828125
0 0.39921875 0.7216796875 0.0390625 0.048828125
0 0.52265625 0.2626953125 0.0390625 0.048828125
0 0.47109375 0.5283203125 0.0390625 0.048828125
0 0.56328125 0.2841796875 0.0390625 0.048828125
0 0.64609375 0.3251953125 0.0390625 0.048828125
0 0.37578125 0.6533203125 0.0390625 0.048828125
0 0.29453125 0.6123046875 0.0390625 0.048828125
0 0.51640625 0.6669921875 0.0390625 0.048828125
0 0.50390625 0.3134765625 0.0390625 0.048828125
0 0.57890625 0.7548828125 0.0390625 0.048828125
0 0.60390625 0.3037109375 0.0390625 0.048828125
0 0.45859375 0.1708984375 0.0390625 0.048828125
0 0.49921875 0.1923828125 0.0390625 0.048828125
0 0.44921875 0.4599609375 0.0390625 0.048828125
0 0.74765625 0.3173828125 0.0390625 0.048828125
0 0.64921875 0.4443359375 0.0390625 0.048828125
0 0.53046875 0.5009765625 0.0390625 0.048828125
0 0.66484375 0.2763671875 0.0390625 0.048828125
0 0.41328125 0.5576171875 0.0390625 0.048828125
0 0.52109375 0.7822265625 0.0390625 0.048828125
0 0.41796875 0.6728515625 0.0390625 0.048828125
0 0.66796875 0.3955078125 0.0390625 0.048828125
0 0.46171875 0.2919921875 0.0390625 0.048828125
0 0.57578125 0.6376953125 0.0390625 0.048828125
0 0.43984375 0.7412109375 0.0390625 0.048828125
0 0.47578125 0.6455078125 0.0390625 0.048828125
0 0.65234375 0.5615234375 0.0390625 0.048828125
0 0.49921875 0.7138671875 0.0390625 0.048828125
0 0.58671875 0.3544921875 0.0390625 0.048828125
0 0.63515625 0.6103515625 0.0390625 0.048828125
0 0.61640625 0.6572265625 0.0390625 0.048828125
0 0.67109375 0.5126953125 0.0390625 0.048828125
0 0.54140625 0.2119140625 0.0390625 0.048828125
0 0.45234375 0.5771484375 0.0390625 0.048828125
0 0.61328125 0.5419921875 0.0390625 0.048828125
0 0.35390625 0.5849609375 0.0390625 0.048828125
0 0.48515625 0.3623046875 0.0390625 0.048828125
0 0.42109375 0.2705078125 0.0390625 0.048828125
0 0.52578125 0.3837890625 0.0390625 0.048828125
0 0.70859375 0.4150390625 0.0390625 0.048828125
0 0.58203125 0.2333984375 0.0390625 0.048828125
0 0.55390625 0.5693359375 0.0390625 0.048828125
0 0.62734375 0.3759765625 0.0390625 0.048828125
0 0.33046875 0.5166015625 0.0390625 0.048828125
0 0.56015625 0.8017578125 0.0390625 0.048828125
0 0.57109375 0.5205078125 0.0390625 0.048828125
0 0.58984375 0.4716796875 0.0390625 0.048828125
0 0.62421875 0.2548828125 0.0390625 0.048828125
0 0.48046875 0.2412109375 0.0390625 0.048828125
0 0.53984375 0.7333984375 0.0390625 0.048828125
0 0.70546875 0.2958984375 0.0390625 0.048828125
0 0.35859375 0.7021484375 0.0390625 0.048828125
0 0.37109375 0.5361328125 0.0390625 0.048828125
0 0.42578125 0.3896484375 0.0390625 0.048828125
0 0.43984375 0.2197265625 0.0390625 0.048828125
0 0.72890625 0.3662109375 0.0390625 0.048828125
0 0.40703125 0.4384765625 0.0390625 0.048828125
0 0.68671875 0.3466796875 0.0390625 0.048828125
0 0.60859375 0.4228515625 0.0390625 0.048828125
0 0.36640625 0.4189453125 0.0390625 0.048828125
0 0.48984375 0.4794921875 0.0390625 0.048828125
0 0.59765625 0.7060546875 0.0390625 0.048828125
0 0.69140625 0.4638671875 0.0390625 0.048828125
0 0.38828125 0.4873046875 0.0390625 0.048828125
0 0.40234375 0.3212890625 0.0390625 0.048828125
0 0.33515625 0.6337890625 0.0390625 0.048828125
0 0.43046875 0.5087890625 0.0390625 0.048828125
0 0.27578125 0.6630859375 0.0390625 0.048828125
0 0.44453125 0.3408203125 0.0390625 0.048828125
0 0.53359375 0.6181640625 0.0390625 0.048828125
0 0.55703125 0.6865234375 0.0390625 0.048828125
0 0.63046875 0.4931640625 0.0390625 0.048828125
0 0.39453125 0.6044921875 0.0390625 0.048828125
0 0.59296875 0.5888671875 0.0390625 0.048828125
