0 0.57265625 0.4365234375 0.0390625 0.048828125
0 0.64921875 0.4951171875 0.0390625 0.048828125
0 0.58671875 0.5126953125 0.0390625 0.048828125
0 0.43828125 0.5986328125 0.0390625 0.048828125
0 0.52421875 0.5322265625 0.0390625 0.048828125
0 0.63515625 0.4169921875 0.0390625 0.048828125
0 0.51015625 0.4541015625 0.0390625 0.048828125
0 0.51484375 0.6572265625 0.0390625 0.048828125
0 0.48671875 0.5009765625 0.0390625 0.048828125
0 0.45234375 0.6748046875 0.0390625 0.048828125
0 0.71171875 0.4775390625 0.0390625 0.048828125
0 0.37734375 0.6162109375 0.0390625 0.048828125
0 0.69765625 0.3994140625 0.0390625 0.048828125
0 0.32421875 0.5087890625 0.0390625 0.048828125
0 0.56328125 0.5615234375 0.0390625 0.048828125
0 0.34296875 0.2568359375 0.0390625 0.048828125
0 0.36171875 0.5380859375 0.0390625 0.048828125
0 0.29609375 0.3544921875 0.0390625 0.048828125
0 0.44296875 0.2685546875 0.0390625 0.048828125
0 0.53046875 0.7353515625 0.0390625 0.048828125
0 0.50078125 0.5791015625 0.0390625 0.048828125
0 0.61171875 0.4658203125 0.0390625 0.048828125
0 0.24765625 0.4501953125 0.0390625 0.048828125
0 0.59296875 0.7177734375 0.0390625 0.048828125
0 0.55859375 0.3583984375 0.0390625 0.048828125
0 0.31953125 0.3056640625 0.0390625 0.048828125
0 0.53359375 0.4052734375 0.0390625 0.048828125
0 0.57734375 0.6396484375 0.0390625 0.048828125
0 0.31015625 0.4306640625 0.0390625 0.048828125
0 0.42421875 0.5205078125 0.0390625 0.048828125
0 0.49609375 0.3779296875 0.0390625 0.048828125
0 0.59609375 0.3876953125 0.0390625 0.048828125
0 0.51953125 0.3291015625 0.0390625 0.048828125
0 0.44765625 0.4716796875 0.0390625 0.048828125
0 0.63984375 0.6220703125 0.0390625 0.048828125
0 0.28671875 0.4794921875 0.0390625 0.048828125
0 0.54765625 0.4833984375 0.0390625 0.048828125
0 0.30078125 0.5556640625 0.0390625 0.048828125
0 0.61640625 0.6689453125 0.0390625 0.048828125
0 0.27265625 0.4013671875 0.0390625 0.048828125
0 0.62578125 0.5439453125 0.0390625 0.048828125
0 0.65859375 0.3701171875 0.0390625 0.048828125
0 0.41015625 0.4423828125 0.0390625 0.048828125
0 0.37265625 0.4130859375 0.0390625 0.048828125
0 0.34765625 0.4599609375 0.0390625 0.048828125
0 0.33359375 0.3837890625 0.0390625 0.048828125
0 0.45703125 0.3466796875 0.0390625 0.048828125
0 0.42890625 0.1923828125 0.0390625 0.048828125
0 0.38046875 0.2880859375 0.0390625 0.048828125
0 0.63046875 0.7470703125 0.0390625 0.048828125
0 0.35859375 0.3349609375 0.0390625 0.048828125
0 0.39609375 0.3642578125 0.0390625 0.048828125
0 0.47265625 0.4248046875 0.0390625 0.048828125
0 0.68828125 0.5263671875 0.0390625 0.048828125
0 0.75078125 0.5068359375 0.0390625 0.048828125
0 0.50546875 0.2509765625 0.0390625 0.048828125
0 0.66484375 0.5732421875 0.0390625 0.048828125
0 0.67265625 0.4462890625 0.0390625 0.048828125
0 0.67890625 0.6513671875 0.0390625 0.048828125
0 0.61953125 0.3408203125 0.0390625 0.048828125
0 0.56796875 0.7666015625 0.0390625 0.048828125
0 0.36640625 0.2099609375 0.0390625 0.048828125
0 0.48046875 0.2998046875 0.0390625 0.048828125
0 0.22421875 0.4970703125 0.0390625 0.048828125
0 0.73515625 0.4287109375 0.0390625 0.048828125
0 0.54296875 0.2802734375 0.0390625 0.048828125
0 0.58203125 0.3095703125 0.0390625 0.048828125
0 0.40078125 0.5673828125 0.0390625 0.048828125
0 0.46328125 0.5498046875 0.0390625 0.048828125
0 0.70234375 0.6025390625 0.0390625 0.048828125
0 0.38671875 0.4912109375 0.0390625 0.048828125
0 0.77421875 0.4599609375 0.0390625 0.048828125
0 0.26171875 0.5263671875 0.0390625 0.048828125
0 0.55390625 0.6865234375 0.0390625 0.048828125
0 0.60234375 0.5908203125 0.0390625 0.048828125
0 0.43359375 0.3955078125 0.0390625 0.048828125
0 0.40546875 0.2392578125 0.0390625 0.048828125
0 0.72734375 0.5556640625 0.0390625 0.048828125
0 0.60703125 0.7958984375 0.0390625 0.048828125
0 0.65390625 0.7001953125 0.0390625 0.048828125
0 0.41953125 0.3173828125 0.0390625 0.048828125
0 0.39140625 0.1611328125 0.0390625 0.048828125
0 0.53828125 0.6083984375 0.0390625 0.048828125
0 0.47734375 0.6279296875 0.0390625 0.048828125
0 0.49140625 0.7060546875 0.0390625 0.048828125
0 0.33828125 0.5869140625 0.0390625 0.048828125
0 0.41484375 0.6455078125 0.0390625 0.048828125
0 0.46640625 0.2216796875 0.0390625 0.048828125
