0 0.5640625 0.826171875 0.05 0.05078125
0 0.5640625 0.7490234375 0.05 0.052734375
0 0.70078125 0.5048828125 0.0484375 0.048828125
0 0.28515625 0.3896484375 0.0515625 0.052734375
0 0.6328125 0.6650390625 0.053125 0.052734375
0 0.46171875 0.568359375 0.0515625 0.05078125
0 0.321875 0.4248046875 0.05 0.052734375
0 0.66953125 0.3935546875 0.0515625 0.048828125
0 0.46171875 0.2568359375 0.0515625 0.048828125
0 0.28828125 0.4677734375 0.0515625 0.048828125
0 0.6328125 0.7412109375 0.053125 0.048828125
0 0.76953125 0.5751953125 0.0515625 0.052734375
0 0.59765625 0.783203125 0.0515625 0.05078125
0 0.7359375 0.541015625 0.05 0.05078125
0 0.6671875 0.7001953125 0.053125 0.052734375
0 0.70078125 0.6572265625 0.0484375 0.052734375
0 0.39375 0.5751953125 0.05 0.052734375
0 0.53046875 0.4052734375 0.0515625 0.048828125
0 0.53046875 0.6376953125 0.0515625 0.052734375
0 0.76953125 0.5 0.0515625 0.05078125
0 0.49609375 0.6787109375 0.0515625 0.048828125
0 0.6328125 0.587890625 0.053125 0.05078125
0 0.59921875 0.4775390625 0.0484375 0.048828125
0 0.70078125 0.5810546875 0.0484375 0.052734375
0 0.59921875 0.4013671875 0.0484375 0.048828125
0 0.6671875 0.4697265625 0.053125 0.048828125
0 0.53046875 0.4833984375 0.0515625 0.052734375
0 0.59921875 0.5537109375 0.0484375 0.052734375
0 0.35703125 0.5380859375 0.0515625 0.052734375
0 0.4625 0.4892578125 0.05 0.052734375
0 0.39375 0.41796875 0.05 0.05078125
0 0.39375 0.33984375 0.05 0.05078125
0 0.21640625 0.4755859375 0.0515625 0.048828125
0 0.35703125 0.384765625 0.0515625 0.05078125
0 0.59921875 0.6298828125 0.0484375 0.052734375
0 0.53046875 0.251953125 0.0515625 0.05078125
0 0.59921875 0.7060546875 0.0484375 0.048828125
0 0.6671875 0.5458984375 0.053125 0.052734375
0 0.49765625 0.3720703125 0.0484375 0.052734375
0 0.734375 0.615234375 0.053125 0.05078125
0 0.565625 0.5185546875 0.053125 0.052734375
0 0.35703125 0.4599609375 0.0515625 0.048828125
0 0.6671875 0.623046875 0.053125 0.05078125
0 0.4265625 0.376953125 0.053125 0.05078125
0 0.565625 0.3642578125 0.053125 0.052734375
0 0.3234375 0.50390625 0.05 0.05078125
0 0.49765625 0.4482421875 0.0484375 0.048828125
0 0.4265625 0.2978515625 0.053125 0.052734375
0 0.49609375 0.7568359375 0.0515625 0.052734375
0 0.6328125 0.435546875 0.053125 0.05078125
0 0.321875 0.3447265625 0.05 0.052734375
0 0.53046875 0.330078125 0.0515625 0.05078125
0 0.6015625 0.3232421875 0.05 0.052734375
0 0.4265625 0.53125 0.053125 0.05078125
0 0.28828125 0.5458984375 0.0515625 0.052734375
0 0.46171875 0.7216796875 0.0515625 0.052734375
0 0.49765625 0.29296875 0.0484375 0.05078125
0 0.46171875 0.4130859375 0.0515625 0.048828125
0 0.35703125 0.3037109375 0.0515625 0.048828125
0 0.4265625 0.220703125 0.053125 0.05078125
0 0.53046875 0.560546875 0.0515625 0.05078125
0 0.565625 0.595703125 0.053125 0.05078125
0 0.39375 0.26171875 0.05 0.05078125
0 0.49765625 0.21484375 0.0484375 0.05078125
0 0.8015625 0.53515625 0.053125 0.05078125
0 0.46171875 0.6435546875 0.0515625 0.048828125
0 0.7359375 0.4658203125 0.05 0.048828125
0 0.4640625 0.1787109375 0.053125 0.052734375
0 0.4640625 0.3349609375 0.053125 0.052734375
0 0.49765625 0.5263671875 0.0484375 0.052734375
0 0.4265625 0.609375 0.053125 0.05078125
0 0.39375 0.49609375 0.05 0.05078125
0 0.39375 0.6513671875 0.05 0.048828125
0 0.4265625 0.455078125 0.053125 0.05078125
0 0.53046875 0.7138671875 0.0515625 0.048828125
0 0.6328125 0.5126953125 0.053125 0.048828125
0 0.5640625 0.6728515625 0.05 0.052734375
0 0.53046875 0.7919921875 0.0515625 0.052734375
0 0.565625 0.2880859375 0.053125 0.052734375
0 0.25078125 0.431640625 0.0515625 0.05078125
0 0.63515625 0.3603515625 0.0515625 0.052734375
0 0.565625 0.443359375 0.053125 0.05078125
0 0.49765625 0.6025390625 0.0484375 0.052734375
0 0.70078125 0.4287109375 0.0484375 0.052734375
0 0.25078125 0.5087890625 0.0515625 0.052734375
0 0.35703125 0.6162109375 0.0515625 0.048828125
0 0.4265625 0.6865234375 0.053125 0.048828125
0 0.321875 0.5830078125 0.05 0.052734375
