0 0.63515625 0.6611328125 0.0390625 0.048828125
0 0.67109375 0.6416015625 0.0390625 0.048828125
0 0.63203125 0.7802734375 0.0390625 0.048828125
0 0.65859375 0.3583984375 0.0390625 0.048828125
0 0.51171875 0.5498046875 0.0390625 0.048828125
0 0.68828125 0.6904296875 0.0390625 0.048828125
0 0.68984375 0.5751953125 0.0390625 0.048828125
0 0.72421875 0.6728515625 0.0390625 0.048828125
0 0.45859375 0.5185546875 0.0390625 0.048828125
0 0.58671875 0.3955078125 0.0390625 0.048828125
0 0.71015625 0.5068359375 0.0390625 0.048828125
0 0.53359375 0.3642578125 0.0390625 0.048828125
0 0.56015625 0.8193359375 0.0390625 0.048828125
0 0.53671875 0.2470703125 0.0390625 0.048828125
0 0.76171875 0.6533203125 0.0390625 0.048828125
0 0.58984375 0.2783203125 0.0390625 0.048828125
0 0.43828125 0.5869140625 0.0390625 0.048828125
0 0.62265625 0.3779296875 0.0390625 0.048828125
0 0.56953125 0.3466796875 0.0390625 0.048828125
0 0.63671875 0.5419921875 0.0390625 0.048828125
0 0.47265625 0.6865234375 0.0390625 0.048828125
0 0.53046875 0.4814453125 0.0390625 0.048828125
0 0.65234375 0.7119140625 0.0390625 0.048828125
0 0.47421875 0.5673828125 0.0390625 0.048828125
0 0.47734375 0.4501953125 0.0390625 0.048828125
0 0.55078125 0.4130859375 0.0390625 0.048828125
0 0.42421875 0.4189453125 0.0390625 0.048828125
0 0.46015625 0.3994140625 0.0390625 0.048828125
0 0.58359375 0.5126953125 0.0390625 0.048828125
0 0.59609375 0.7998046875 0.0390625 0.048828125
0 0.70546875 0.7412109375 0.0390625 0.048828125
0 0.59765625 0.6806640625 0.0390625 0.048828125
0 0.57890625 0.7509765625 0.0390625 0.048828125
0 0.56484375 0.5810546875 0.0390625 0.048828125
0 0.48828125 0.7373046875 0.0390625 0.048828125
0 0.49140625 0.6181640625 0.0390625 0.048828125
0 0.42734375 0.2998046875 0.0390625 0.048828125
0 0.74296875 0.6044921875 0.0390625 0.048828125
0 0.64296875 0.3095703125 0.0390625 0.048828125
0 0.36953125 0.3857421875 0.0390625 0.048828125
0 0.52578125 0.7177734375 0.0390625 0.048828125
0 0.57265625 0.2294921875 0.0390625 0.048828125
0 0.67265625 0.5244140625 0.0390625 0.048828125
0 0.49765625 0.3818359375 0.0390625 0.048828125
0 0.67578125 0.4072265625 0.0390625 0.048828125
0 0.72734375 0.5556640625 0.0390625 0.048828125
0 0.46328125 0.2822265625 0.0390625 0.048828125
0 0.51640625 0.3134765625 0.0390625 0.048828125
0 0.61796875 0.6103515625 0.0390625 0.048828125
0 0.69296875 0.4580078125 0.0390625 0.048828125
0 0.54453125 0.6494140625 0.0390625 0.048828125
0 0.38984375 0.3193359375 0.0390625 0.048828125
0 0.70703125 0.6240234375 0.0390625 0.048828125
0 0.38828125 0.4365234375 0.0390625 0.048828125
0 0.60703125 0.3271484375 0.0390625 0.048828125
0 0.77734375 0.7021484375 0.0390625 0.048828125
0 0.49453125 0.4990234375 0.0390625 0.048828125
0 0.58203125 0.6298828125 0.0390625 0.048828125
0 0.61015625 0.2119140625 0.0390625 0.048828125
0 0.50078125 0.2646484375 0.0390625 0.048828125
0 0.54296875 0.7685546875 0.0390625 0.048828125
0 0.52890625 0.5986328125 0.0390625 0.048828125
0 0.60078125 0.5615234375 0.0390625 0.048828125
0 0.65390625 0.5927734375 0.0390625 0.048828125
0 0.56171875 0.6982421875 0.0390625 0.048828125
0 0.74140625 0.7236328125 0.0390625 0.048828125
0 0.42109375 0.5361328125 0.0390625 0.048828125
0 0.63984375 0.4267578125 0.0390625 0.048828125
0 0.62578125 0.2607421875 0.0390625 0.048828125
0 0.44140625 0.4677734375 0.0390625 0.048828125
0 0.55390625 0.2958984375 0.0390625 0.048828125
0 0.60390625 0.4443359375 0.0390625 0.048828125
0 0.54765625 0.5302734375 0.0390625 0.048828125
0 0.50859375 0.6669921875 0.0390625 0.048828125
0 0.40703125 0.3681640625 0.0390625 0.048828125
0 0.40390625 0.4873046875 0.0390625 0.048828125
0 0.35390625 0.3369140625 0.0390625 0.048828125
0 0.48046875 0.3310546875 0.0390625 0.048828125
0 0.61484375 0.7294921875 0.0390625 0.048828125
0 0.51328125 0.4326171875 0.0390625 0.048828125
0 0.50546875 0.7880859375 0.0390625 0.048828125
0 0.62109375 0.4931640625 0.0390625 0.048828125
0 0.66953125 0.7587890625 0.0390625 0.048828125
0 0.45546875 0.6376953125 0.0390625 0.048828125
0 0.56796875 0.4619140625 0.0390625 0.048828125
0 0.65703125 0.4755859375 0.0390625 0.048828125
0 0.44453125 0.3505859375 0.0390625 0.048828125
0 0.52265625 0.8388671875 0.0390625 0.048828125
