0 0.59140625 0.5263671875 0.0265625 0.048828125
0 0.39921875 0.25390625 0.0328125 0.05078125
0 0.4484375 0.32421875 0.03125 0.05078125
0 0.55859375 0.5888671875 0.0296875 0.048828125
0 0.57734375 0.3994140625 0.0328125 0.048828125
0 0.66015625 0.40625 0.0296875 0.046875
0 0.41328125 0.3857421875 0.0296875 0.048828125
0 0.6265625 0.4658203125 0.03125 0.048828125
0 0.69296875 0.3486328125 0.0296875 0.048828125
0 0.43515625 0.1943359375 0.0296875 0.048828125
0 0.51796875 0.5859375 0.0328125 0.05078125
0 0.7265625 0.2890625 0.03125 0.046875
0 0.76484375 0.2919921875 0.0328125 0.048828125
0 0.60703125 0.6572265625 0.0296875 0.048828125
0 0.36953125 0.37890625 0.0390625 0.05078125
0 0.484375 0.2626953125 0.03125 0.048828125
0 0.5390625 0.396484375 0.03125 0.05078125
0 0.74765625 0.4775390625 0.0328125 0.048828125
0 0.43359375 0.58203125 0.0328125 0.05078125
0 0.79453125 0.544921875 0.0359375 0.05078125
0 0.68203125 0.5986328125 0.0296875 0.048828125
0 0.6125 0.33984375 0.028125 0.046875
0 0.67421875 0.5341796875 0.0296875 0.048828125
0 0.66796875 0.470703125 0.0328125 0.05078125
0 0.38359375 0.51171875 0.0359375 0.0546875
0 0.68046875 0.2216796875 0.0265625 0.044921875
0 0.64140625 0.5966796875 0.0328125 0.048828125
0 0.76796875 0.6689453125 0.0265625 0.048828125
0 0.35625 0.25 0.034375 0.05078125
0 0.71796875 0.2265625 0.0328125 0.05078125
0 0.80078125 0.607421875 0.0359375 0.05078125
0 0.5046875 0.45703125 0.034375 0.0546875
0 0.5171875 0.203125 0.03125 0.046875
0 0.52421875 0.2666015625 0.0328125 0.052734375
0 0.68515625 0.28515625 0.0328125 0.05078125
0 0.52578125 0.650390625 0.0296875 0.046875
0 0.64765625 0.66015625 0.0328125 0.05078125
0 0.7078125 0.4736328125 0.028125 0.048828125
0 0.42109375 0.44921875 0.0328125 0.05078125
0 0.73984375 0.4140625 0.0265625 0.046875
0 0.553125 0.5244140625 0.034375 0.052734375
0 0.69921875 0.4111328125 0.0328125 0.052734375
0 0.753125 0.5400390625 0.028125 0.048828125
0 0.40546875 0.3193359375 0.0328125 0.052734375
0 0.55703125 0.20703125 0.0328125 0.05078125
0 0.46171875 0.453125 0.0296875 0.05078125
0 0.78671875 0.4814453125 0.0296875 0.044921875
0 0.6453125 0.279296875 0.028125 0.046875
0 0.47734375 0.5849609375 0.0296875 0.048828125
0 0.7609375 0.6044921875 0.03125 0.052734375
0 0.390625 0.189453125 0.0375 0.05078125
0 0.3625 0.3154296875 0.040625 0.052734375
0 0.6875 0.6611328125 0.028125 0.048828125
0 0.65234375 0.3447265625 0.0328125 0.052734375
0 0.7203125 0.6005859375 0.028125 0.048828125
0 0.4265625 0.5146484375 0.03125 0.048828125
0 0.728125 0.6650390625 0.03125 0.052734375
0 0.37734375 0.447265625 0.0328125 0.05078125
0 0.39765625 0.642578125 0.0390625 0.0546875
0 0.44140625 0.2587890625 0.0328125 0.052734375
0 0.59921875 0.212890625 0.0296875 0.046875
0 0.44140625 0.646484375 0.0328125 0.046875
0 0.54453125 0.4599609375 0.0328125 0.048828125
0 0.4828125 0.6484375 0.034375 0.05078125
0 0.45546875 0.388671875 0.0359375 0.05078125
0 0.59921875 0.591796875 0.0328125 0.046875
0 0.57265625 0.3359375 0.0328125 0.05078125
0 0.6390625 0.216796875 0.034375 0.05078125
0 0.7734375 0.3564453125 0.034375 0.044921875
0 0.61953125 0.40234375 0.0328125 0.05078125
0 0.56640625 0.654296875 0.0328125 0.0546875
0 0.3484375 0.1845703125 0.034375 0.044921875
0 0.56640625 0.2724609375 0.0296875 0.048828125
0 0.77890625 0.41796875 0.0359375 0.0546875
0 0.58671875 0.462890625 0.0328125 0.05078125
0 0.48984375 0.328125 0.0328125 0.05078125
0 0.39140625 0.5771484375 0.0296875 0.048828125
0 0.60546875 0.2763671875 0.0328125 0.048828125
0 0.63203125 0.5302734375 0.0328125 0.052734375
0 0.496875 0.3916015625 0.03125 0.048828125
0 0.53125 0.3310546875 0.028125 0.048828125
0 0.759375 0.2294921875 0.03125 0.048828125
0 0.47578125 0.2001953125 0.0328125 0.052734375
0 0.46953125 0.51953125 0.0328125 0.05078125
0 0.51015625 0.5224609375 0.0296875 0.048828125
0 0.73203125 0.3515625 0.0328125 0.05078125
0 0.809375 0.671875 0.0375 0.05078125
0 0.7140625 0.537109375 0.034375 0.05078125
