0 0.7203125 0.2490234375 0.028125 0.041015625
0 0.4546875 0.470703125 0.028125 0.04296875
0 0.42734375 0.3623046875 0.0265625 0.041015625
0 0.70546875 0.4091796875 0.0265625 0.041015625
0 0.5921875 0.5185546875 0.028125 0.041015625
0 0.5171875 0.576171875 0.028125 0.04296875
0 0.60546875 0.3583984375 0.0265625 0.041015625
0 0.41875 0.4716796875 0.028125 0.041015625
0 0.73984375 0.4091796875 0.0265625 0.041015625
0 0.490625 0.4697265625 0.028125 0.041015625
0 0.6265625 0.5185546875 0.028125 0.041015625
0 0.65625 0.5703125 0.028125 0.0390625
0 0.66640625 0.4638671875 0.0265625 0.041015625
0 0.48125 0.5771484375 0.028125 0.041015625
0 0.69140625 0.568359375 0.0265625 0.0390625
0 0.4640625 0.361328125 0.028125 0.04296875
0 0.61484375 0.2509765625 0.0265625 0.041015625
0 0.55703125 0.5205078125 0.0265625 0.041015625
0 0.63515625 0.4111328125 0.0265625 0.041015625
0 0.37265625 0.58203125 0.0296875 0.04296875
0 0.7296875 0.515625 0.025 0.04296875
0 0.75390625 0.25 0.0265625 0.04296875
0 0.5796875 0.2509765625 0.028125 0.041015625
0 0.4453125 0.578125 0.028125 0.04296875
0 0.6953125 0.515625 0.028125 0.0390625
0 0.71484375 0.302734375 0.0265625 0.0390625
0 0.65 0.2490234375 0.025 0.041015625
0 0.525 0.4697265625 0.025 0.041015625
0 0.38046875 0.4736328125 0.0296875 0.041015625
0 0.46875 0.306640625 0.028125 0.04296875
0 0.6796875 0.3037109375 0.028125 0.041015625
0 0.5703125 0.359375 0.028125 0.04296875
0 0.5 0.3603515625 0.028125 0.041015625
0 0.3984375 0.25390625 0.028125 0.04296875
0 0.58359375 0.6259765625 0.0265625 0.041015625
0 0.72421875 0.5693359375 0.0265625 0.037109375
0 0.640625 0.3583984375 0.025 0.041015625
0 0.44140625 0.6337890625 0.0265625 0.041015625
0 0.64609375 0.3037109375 0.0265625 0.041015625
0 0.4359375 0.251953125 0.028125 0.04296875
0 0.60078125 0.412109375 0.0265625 0.04296875
0 0.4078125 0.580078125 0.028125 0.04296875
0 0.7484375 0.3037109375 0.028125 0.041015625
0 0.50859375 0.251953125 0.0265625 0.04296875
0 0.5125 0.6298828125 0.025 0.041015625
0 0.47265625 0.251953125 0.0296875 0.04296875
0 0.53125 0.4140625 0.028125 0.04296875
0 0.6171875 0.6240234375 0.028125 0.041015625
0 0.4140625 0.5263671875 0.028125 0.041015625
0 0.53984375 0.3056640625 0.0265625 0.041015625
0 0.66171875 0.5166015625 0.0265625 0.041015625
0 0.5359375 0.3603515625 0.028125 0.041015625
0 0.390625 0.36328125 0.028125 0.04296875
0 0.67109375 0.41015625 0.0265625 0.0390625
0 0.54375 0.251953125 0.028125 0.04296875
0 0.7203125 0.623046875 0.025 0.04296875
0 0.57421875 0.3056640625 0.0265625 0.041015625
0 0.74375 0.3564453125 0.028125 0.041015625
0 0.5484375 0.6279296875 0.028125 0.041015625
0 0.459375 0.416015625 0.028125 0.04296875
0 0.4953125 0.4150390625 0.028125 0.041015625
0 0.63046875 0.4638671875 0.0265625 0.041015625
0 0.56640625 0.4130859375 0.0265625 0.041015625
0 0.4859375 0.5224609375 0.028125 0.041015625
0 0.43125 0.30859375 0.028125 0.04296875
0 0.56171875 0.466796875 0.0265625 0.0390625
0 0.5046875 0.306640625 0.028125 0.04296875
0 0.521875 0.5224609375 0.028125 0.041015625
0 0.71015625 0.3564453125 0.0265625 0.041015625
0 0.70078125 0.462890625 0.0265625 0.0390625
0 0.596875 0.4658203125 0.028125 0.041015625
0 0.609375 0.3037109375 0.028125 0.041015625
0 0.67578125 0.3564453125 0.0265625 0.041015625
0 0.5875 0.5732421875 0.028125 0.041015625
0 0.36875 0.63671875 0.028125 0.04296875
0 0.39453125 0.3095703125 0.0296875 0.044921875
0 0.40546875 0.634765625 0.0296875 0.04296875
0 0.65234375 0.623046875 0.0265625 0.0390625
0 0.68515625 0.25 0.0265625 0.04296875
0 0.45 0.5244140625 0.028125 0.041015625
0 0.4234375 0.4169921875 0.028125 0.041015625
0 0.38671875 0.41796875 0.0296875 0.04296875
0 0.55234375 0.57421875 0.0265625 0.0390625
0 0.62265625 0.5712890625 0.0265625 0.041015625
0 0.47734375 0.630859375 0.0265625 0.04296875
0 0.68671875 0.6220703125 0.0265625 0.041015625
0 0.73359375 0.462890625 0.0265625 0.04296875
0 0.37578125 0.5283203125 0.0296875 0.041015625
