0 0.40703125 0.3349609375 0.0390625 0.048828125
0 0.54140625 0.4951171875 0.0390625 0.048828125
0 0.53203125 0.3330078125 0.0390625 0.048828125
0 0.59296875 0.6572265625 0.0390625 0.048828125
0 0.48984375 0.3349609375 0.0390625 0.048828125
0 0.58046875 0.4404296875 0.0390625 0.048828125
0 0.66640625 0.4384765625 0.0390625 0.048828125
0 0.46953125 0.7119140625 0.0390625 0.048828125
0 0.34453125 0.6591796875 0.0390625 0.048828125
0 0.36953125 0.3896484375 0.0390625 0.048828125
0 0.67109375 0.5478515625 0.0390625 0.048828125
0 0.59609375 0.7119140625 0.0390625 0.048828125
0 0.41953125 0.5517578125 0.0390625 0.048828125
0 0.68046875 0.7119140625 0.0390625 0.048828125
0 0.49609375 0.4423828125 0.0390625 0.048828125
0 0.67734375 0.6572265625 0.0390625 0.048828125
0 0.50234375 0.5498046875 0.0390625 0.048828125
0 0.41328125 0.4443359375 0.0390625 0.048828125
0 0.29296875 0.4990234375 0.0390625 0.048828125
0 0.44921875 0.3349609375 0.0390625 0.048828125
0 0.33046875 0.4443359375 0.0390625 0.048828125
0 0.62265625 0.4404296875 0.0390625 0.048828125
0 0.63203125 0.6025390625 0.0390625 0.048828125
0 0.50859375 0.6572265625 0.0390625 0.048828125
0 0.46484375 0.6044921875 0.0390625 0.048828125
0 0.30546875 0.7119140625 0.0390625 0.048828125
0 0.38203125 0.6044921875 0.0390625 0.048828125
0 0.66015625 0.3291015625 0.0390625 0.048828125
0 0.54765625 0.6025390625 0.0390625 0.048828125
0 0.24609375 0.3916015625 0.0390625 0.048828125
0 0.55390625 0.7119140625 0.0390625 0.048828125
0 0.29609375 0.5517578125 0.0390625 0.048828125
0 0.45859375 0.4970703125 0.0390625 0.048828125
0 0.63515625 0.6572265625 0.0390625 0.048828125
0 0.54453125 0.5498046875 0.0390625 0.048828125
0 0.62578125 0.4951171875 0.0390625 0.048828125
0 0.38515625 0.6591796875 0.0390625 0.048828125
0 0.33671875 0.5517578125 0.0390625 0.048828125
0 0.28359375 0.3388671875 0.0390625 0.048828125
0 0.53515625 0.3876953125 0.0390625 0.048828125
0 0.29921875 0.6064453125 0.0390625 0.048828125
0 0.66796875 0.4931640625 0.0390625 0.048828125
0 0.24296875 0.3388671875 0.0390625 0.048828125
0 0.30234375 0.6591796875 0.0390625 0.048828125
0 0.61953125 0.3857421875 0.0390625 0.048828125
0 0.61796875 0.3310546875 0.0390625 0.048828125
0 0.24921875 0.4462890625 0.0390625 0.048828125
0 0.25546875 0.5517578125 0.0390625 0.048828125
0 0.58671875 0.5498046875 0.0390625 0.048828125
0 0.45234375 0.3896484375 0.0390625 0.048828125
0 0.55078125 0.6572265625 0.0390625 0.048828125
0 0.32421875 0.3369140625 0.0390625 0.048828125
0 0.63828125 0.7119140625 0.0390625 0.048828125
0 0.34609375 0.7119140625 0.0390625 0.048828125
0 0.46796875 0.6572265625 0.0390625 0.048828125
0 0.37265625 0.4443359375 0.0390625 0.048828125
0 0.50546875 0.6044921875 0.0390625 0.048828125
0 0.38828125 0.7119140625 0.0390625 0.048828125
0 0.25234375 0.4990234375 0.0390625 0.048828125
0 0.28671875 0.3916015625 0.0390625 0.048828125
0 0.42578125 0.6572265625 0.0390625 0.048828125
0 0.33359375 0.4990234375 0.0390625 0.048828125
0 0.37578125 0.4970703125 0.0390625 0.048828125
0 0.36640625 0.3369140625 0.0390625 0.048828125
0 0.32734375 0.3916015625 0.0390625 0.048828125
0 0.66328125 0.3837890625 0.0390625 0.048828125
0 0.42890625 0.7119140625 0.0390625 0.048828125
0 0.62890625 0.5478515625 0.0390625 0.048828125
0 0.57578125 0.3330078125 0.0390625 0.048828125
0 0.37890625 0.5517578125 0.0390625 0.048828125
0 0.49296875 0.3876953125 0.0390625 0.048828125
0 0.46171875 0.5498046875 0.0390625 0.048828125
0 0.53828125 0.4404296875 0.0390625 0.048828125
0 0.45546875 0.4423828125 0.0390625 0.048828125
0 0.41640625 0.4970703125 0.0390625 0.048828125
0 0.26484375 0.7119140625 0.0390625 0.048828125
0 0.28984375 0.4462890625 0.0390625 0.048828125
0 0.51171875 0.7119140625 0.0390625 0.048828125
0 0.67421875 0.6025390625 0.0390625 0.048828125
0 0.33984375 0.6044921875 0.0390625 0.048828125
0 0.57734375 0.3857421875 0.0390625 0.048828125
0 0.58359375 0.4951171875 0.0390625 0.048828125
0 0.41015625 0.3896484375 0.0390625 0.048828125
0 0.25859375 0.6064453125 0.0390625 0.048828125
0 0.26171875 0.6591796875 0.0390625 0.048828125
0 0.58984375 0.6025390625 0.0390625 0.048828125
0 0.49921875 0.4951171875 0.0390625 0.048828125
0 0.42265625 0.6044921875 0.0390625 0.048828125
