0 0.5328125 0.607421875 0.05 0.05078125
0 0.7265625 0.6171875 0.05 0.05078125
0 0.56640625 0.4384765625 0.0484375 0.052734375
0 0.61015625 0.38671875 0.0484375 0.05078125
0 0.5765625 0.552734375 0.05 0.05078125
0 0.75859375 0.453125 0.0484375 0.05078125
0 0.7046875 0.3935546875 0.05 0.052734375
0 0.83203125 0.73828125 0.0484375 0.05078125
0 0.71484375 0.5048828125 0.0484375 0.052734375
0 0.7484375 0.3408203125 0.05 0.052734375
0 0.6640625 0.4453125 0.05 0.05078125
0 0.69375 0.7880859375 0.05 0.052734375
0 0.8 0.3994140625 0.05 0.052734375
0 0.59609375 0.7822265625 0.0484375 0.052734375
0 0.6734375 0.5595703125 0.05 0.052734375
0 0.45546875 0.2646484375 0.0484375 0.052734375
0 0.76875 0.5654296875 0.05 0.052734375
0 0.68359375 0.671875 0.0484375 0.05078125
0 0.821875 0.6240234375 0.05 0.052734375
0 0.73671875 0.7314453125 0.0484375 0.052734375
0 0.790625 0.7919921875 0.05 0.052734375
0 0.5859375 0.6669921875 0.05 0.052734375
0 0.54296875 0.7216796875 0.0484375 0.052734375
0 0.5046875 0.2666015625 0.05 0.052734375
0 0.6296875 0.611328125 0.05 0.05078125
0 0.753125 0.3974609375 0.05 0.052734375
0 0.7109375 0.44921875 0.05 0.05078125
0 0.72109375 0.5615234375 0.0484375 0.052734375
0 0.5390625 0.6630859375 0.05 0.052734375
0 0.525 0.4931640625 0.05 0.052734375
0 0.65390625 0.3349609375 0.0484375 0.052734375
0 0.553125 0.2705078125 0.05 0.052734375
0 0.6796875 0.615234375 0.05 0.05078125
0 0.790625 0.2890625 0.05 0.05078125
0 0.64765625 0.2783203125 0.0484375 0.052734375
0 0.57265625 0.4970703125 0.0484375 0.052734375
0 0.8375 0.7939453125 0.05 0.052734375
0 0.46171875 0.3203125 0.0484375 0.05078125
0 0.5625 0.3828125 0.05 0.05078125
0 0.51484375 0.380859375 0.0484375 0.05078125
0 0.784375 0.7333984375 0.05 0.052734375
0 0.6 0.2744140625 0.05 0.052734375
0 0.6953125 0.2822265625 0.05 0.052734375
0 0.63984375 0.7275390625 0.0484375 0.052734375
0 0.6890625 0.7294921875 0.05 0.052734375
0 0.55625 0.326171875 0.05 0.05078125
0 0.5484375 0.7802734375 0.05 0.052734375
0 0.553125 0.83984375 0.05 0.05078125
0 0.79375 0.3447265625 0.05 0.052734375
0 0.6203125 0.4990234375 0.05 0.052734375
0 0.74296875 0.28515625 0.0484375 0.05078125
0 0.4890625 0.6611328125 0.05 0.052734375
0 0.778125 0.677734375 0.05 0.05078125
0 0.815625 0.5673828125 0.05 0.052734375
0 0.6671875 0.5029296875 0.05 0.052734375
0 0.60625 0.3310546875 0.05 0.052734375
0 0.6578125 0.388671875 0.05 0.05078125
0 0.6359375 0.6689453125 0.05 0.052734375
0 0.7625 0.5068359375 0.05 0.052734375
0 0.73125 0.67578125 0.05 0.05078125
0 0.69921875 0.8466796875 0.0484375 0.052734375
0 0.62578125 0.5556640625 0.0484375 0.052734375
0 0.471875 0.4345703125 0.05 0.052734375
0 0.52890625 0.548828125 0.0484375 0.05078125
0 0.5828125 0.609375 0.05 0.05078125
0 0.81015625 0.51171875 0.0484375 0.05078125
0 0.465625 0.3759765625 0.05 0.052734375
0 0.65 0.8447265625 0.05 0.052734375
0 0.49921875 0.77734375 0.0484375 0.05078125
0 0.51875 0.4365234375 0.05 0.052734375
0 0.746875 0.8486328125 0.05 0.052734375
0 0.6453125 0.7861328125 0.05 0.052734375
0 0.60234375 0.841796875 0.0484375 0.05078125
0 0.79609375 0.8505859375 0.0484375 0.052734375
0 0.509375 0.322265625 0.05 0.05078125
0 0.615625 0.4423828125 0.05 0.052734375
0 0.775 0.6220703125 0.05 0.052734375
0 0.82578125 0.6796875 0.0484375 0.05078125
0 0.740625 0.7900390625 0.05 0.052734375
0 0.503125 0.837890625 0.05 0.05078125
0 0.5921875 0.7236328125 0.05 0.052734375
0 0.7015625 0.3369140625 0.05 0.052734375
0 0.4796875 0.546875 0.05 0.05078125
0 0.80625 0.455078125 0.05 0.05078125
0 0.4953125 0.7197265625 0.05 0.052734375
0 0.475 0.4912109375 0.05 0.052734375
0 0.8421875 0.8525390625 0.05 0.052734375
0 0.48515625 0.6044921875 0.0484375 0.052734375
