0 0.2625 0.6376953125 0.05625 0.060546875
0 0.20234375 0.3916015625 0.0546875 0.060546875
0 0.20234375 0.3291015625 0.0546875 0.060546875
0 0.08046875 0.3916015625 0.0546875 0.060546875
0 0.384375 0.6376953125 0.05625 0.060546875
0 0.32734375 0.3310546875 0.0546875 0.060546875
0 0.32734375 0.3935546875 0.0546875 0.060546875
0 0.26484375 0.3916015625 0.0546875 0.060546875
0 0.62890625 0.578125 0.0546875 0.05859375
0 0.20234375 0.6376953125 0.0546875 0.060546875
0 0.509375 0.5185546875 0.05625 0.060546875
0 0.44921875 0.3310546875 0.0546875 0.060546875
0 0.63125 0.5185546875 0.05625 0.060546875
0 0.08046875 0.6376953125 0.0546875 0.060546875
0 0.38671875 0.4560546875 0.0546875 0.060546875
0 0.1421875 0.3916015625 0.05625 0.060546875
0 0.69609375 0.3310546875 0.0546875 0.060546875
0 0.140625 0.6376953125 0.05625 0.060546875
0 0.50703125 0.640625 0.0546875 0.05859375
0 0.5734375 0.3310546875 0.05625 0.060546875
0 0.38671875 0.3935546875 0.0546875 0.060546875
0 0.325 0.6376953125 0.05625 0.060546875
0 0.384375 0.7001953125 0.05625 0.060546875
0 0.20234375 0.4541015625 0.0546875 0.060546875
0 0.26484375 0.4541015625 0.0546875 0.060546875
0 0.63359375 0.3935546875 0.0546875 0.060546875
0 0.20234375 0.5751953125 0.0546875 0.060546875
0 0.5734375 0.2685546875 0.05625 0.060546875
0 0.50703125 0.578125 0.0546875 0.05859375
0 0.51171875 0.3935546875 0.0546875 0.060546875
0 0.509375 0.4560546875 0.05625 0.060546875
0 0.62890625 0.640625 0.0546875 0.05859375
0 0.51171875 0.3310546875 0.0546875 0.060546875
0 0.08046875 0.3291015625 0.0546875 0.060546875
0 0.44921875 0.3935546875 0.0546875 0.060546875
0 0.08046875 0.2666015625 0.0546875 0.060546875
0 0.69140625 0.578125 0.0546875 0.05859375
0 0.63125 0.4560546875 0.05625 0.060546875
0 0.2 0.6982421875 0.05625 0.060546875
0 0.26484375 0.515625 0.0546875 0.05859375
0 0.3890625 0.3310546875 0.05625 0.060546875
0 0.32265625 0.7001953125 0.0546875 0.060546875
0 0.26484375 0.3291015625 0.0546875 0.060546875
0 0.08046875 0.4541015625 0.0546875 0.060546875
0 0.56953125 0.578125 0.0546875 0.05859375
0 0.6359375 0.3310546875 0.05625 0.060546875
0 0.4515625 0.2685546875 0.05625 0.060546875
0 0.571875 0.3935546875 0.05625 0.060546875
0 0.38671875 0.515625 0.0546875 0.05859375
0 0.325 0.4541015625 0.05625 0.060546875
0 0.69609375 0.3935546875 0.0546875 0.060546875
0 0.1421875 0.4541015625 0.05625 0.060546875
0 0.5046875 0.7001953125 0.05625 0.060546875
0 0.325 0.578125 0.05625 0.05859375
0 0.08046875 0.5751953125 0.0546875 0.060546875
0 0.140625 0.515625 0.05625 0.05859375
0 0.2046875 0.2666015625 0.05625 0.060546875
0 0.2625 0.7001953125 0.05625 0.060546875
0 0.32734375 0.2666015625 0.0546875 0.060546875
0 0.44453125 0.7001953125 0.0546875 0.060546875
0 0.5140625 0.2685546875 0.05625 0.060546875
0 0.6890625 0.640625 0.05625 0.05859375
0 0.5671875 0.640625 0.05625 0.05859375
0 0.3890625 0.2666015625 0.05625 0.060546875
0 0.62734375 0.703125 0.0546875 0.05859375
0 0.08046875 0.513671875 0.0546875 0.05859375
0 0.6984375 0.2685546875 0.05625 0.060546875
0 0.6890625 0.703125 0.05625 0.05859375
0 0.6359375 0.2685546875 0.05625 0.060546875
0 0.5671875 0.7001953125 0.05625 0.060546875
0 0.140625 0.6982421875 0.05625 0.060546875
0 0.08046875 0.6982421875 0.0546875 0.060546875
0 0.20234375 0.515625 0.0546875 0.05859375
0 0.446875 0.515625 0.05625 0.05859375
0 0.384375 0.578125 0.05625 0.05859375
0 0.26484375 0.2666015625 0.0546875 0.060546875
0 0.1421875 0.2666015625 0.05625 0.060546875
0 0.44453125 0.640625 0.0546875 0.05859375
0 0.2625 0.5751953125 0.05625 0.060546875
0 0.571875 0.4560546875 0.05625 0.060546875
0 0.44921875 0.4560546875 0.0546875 0.060546875
0 0.69375 0.4560546875 0.05625 0.060546875
0 0.446875 0.578125 0.05625 0.05859375
0 0.325 0.515625 0.05625 0.05859375
0 0.1421875 0.3291015625 0.05625 0.060546875
0 0.140625 0.5751953125 0.05625 0.060546875
0 0.69140625 0.5185546875 0.0546875 0.060546875
0 0.56953125 0.5185546875 0.0546875 0.060546875
