0 0.25078125 0.4091796875 0.0640625 0.060546875
0 0.30546875 0.3017578125 0.0640625 0.060546875
0 0.58828125 0.47265625 0.0640625 0.05859375
0 0.19765625 0.5185546875 0.0609375 0.056640625
0 0.20546875 0.654296875 0.0640625 0.05859375
0 0.3421875 0.3779296875 0.0625 0.056640625
0 0.446875 0.6142578125 0.065625 0.060546875
0 0.42890625 0.34765625 0.0609375 0.05859375
0 0.14296875 0.6298828125 0.0609375 0.056640625
0 0.2875 0.4892578125 0.0625 0.056640625
0 0.45703125 0.7490234375 0.0640625 0.060546875
0 0.48359375 0.6923828125 0.0609375 0.060546875
0 0.71328125 0.5224609375 0.0609375 0.056640625
0 0.39375 0.7255859375 0.0625 0.060546875
0 0.50078125 0.5029296875 0.0609375 0.060546875
0 0.55234375 0.3955078125 0.0609375 0.056640625
0 0.33046875 0.701171875 0.0640625 0.05859375
0 0.32109375 0.5654296875 0.0640625 0.060546875
0 0.37578125 0.4560546875 0.0640625 0.056640625
0 0.71015625 0.8466796875 0.0609375 0.056640625
0 0.31328125 0.4345703125 0.0609375 0.056640625
0 0.36484375 0.3251953125 0.0609375 0.060546875
0 0.51015625 0.6376953125 0.0609375 0.060546875
0 0.26015625 0.5439453125 0.0640625 0.056640625
0 0.77578125 0.544921875 0.0640625 0.05859375
0 0.78515625 0.6787109375 0.0640625 0.056640625
0 0.76484375 0.4140625 0.0609375 0.05859375
0 0.53515625 0.5830078125 0.0609375 0.056640625
0 0.46328125 0.42578125 0.0640625 0.05859375
0 0.57265625 0.6611328125 0.0640625 0.056640625
0 0.4390625 0.4794921875 0.0625 0.056640625
0 0.67578125 0.4443359375 0.0640625 0.056640625
0 0.62578125 0.5517578125 0.0609375 0.056640625
0 0.61484375 0.4189453125 0.0640625 0.060546875
0 0.38359375 0.58984375 0.0609375 0.05859375
0 0.66171875 0.6298828125 0.0609375 0.056640625
0 0.65 0.498046875 0.065625 0.05859375
0 0.17109375 0.5751953125 0.0609375 0.060546875
0 0.73828125 0.4658203125 0.0609375 0.056640625
0 0.61015625 0.7412109375 0.0609375 0.056640625
0 0.58359375 0.798828125 0.0609375 0.05859375
0 0.27734375 0.3544921875 0.0609375 0.056640625
0 0.83828125 0.5693359375 0.0609375 0.060546875
0 0.64140625 0.3642578125 0.0609375 0.060546875
0 0.22265625 0.4658203125 0.0609375 0.056640625
0 0.87578125 0.6474609375 0.0640625 0.060546875
0 0.82578125 0.7587890625 0.0609375 0.060546875
0 0.4921875 0.3720703125 0.065625 0.056640625
0 0.7484375 0.5986328125 0.0625 0.060546875
0 0.234375 0.5966796875 0.065625 0.056640625
0 0.63515625 0.6845703125 0.0609375 0.056640625
0 0.646875 0.8232421875 0.065625 0.056640625
0 0.8 0.4892578125 0.0625 0.056640625
0 0.5984375 0.6064453125 0.065625 0.056640625
0 0.56328125 0.5283203125 0.0640625 0.056640625
0 0.73515625 0.7900390625 0.0609375 0.056640625
0 0.88828125 0.458984375 0.0640625 0.05859375
0 0.47578125 0.5595703125 0.0640625 0.060546875
0 0.68515625 0.576171875 0.0640625 0.05859375
0 0.35859375 0.6435546875 0.0609375 0.060546875
0 0.546875 0.7177734375 0.065625 0.056640625
0 0.86328125 0.5146484375 0.0640625 0.060546875
0 0.26796875 0.6748046875 0.0609375 0.056640625
0 0.82734375 0.4345703125 0.0640625 0.056640625
0 0.6984375 0.7080078125 0.065625 0.056640625
0 0.52578125 0.4482421875 0.0609375 0.060546875
0 0.41015625 0.5361328125 0.0609375 0.060546875
0 0.90078125 0.5927734375 0.0640625 0.060546875
0 0.84765625 0.701171875 0.0609375 0.05859375
0 0.7015625 0.3876953125 0.065625 0.060546875
0 0.33046875 0.244140625 0.0640625 0.05859375
0 0.72265625 0.654296875 0.0609375 0.05859375
0 0.67265625 0.765625 0.0640625 0.05859375
0 0.76171875 0.7333984375 0.0609375 0.060546875
0 0.39375 0.2705078125 0.0625 0.060546875
0 0.29453125 0.6220703125 0.0609375 0.056640625
0 0.7984375 0.8125 0.065625 0.05859375
0 0.35078125 0.5126953125 0.0640625 0.056640625
0 0.81328125 0.623046875 0.0609375 0.05859375
0 0.40234375 0.4013671875 0.0640625 0.056640625
0 0.51484375 0.3173828125 0.0640625 0.056640625
0 0.57734375 0.3408203125 0.0609375 0.060546875
0 0.42109375 0.66796875 0.0640625 0.05859375
0 0.92734375 0.5380859375 0.0640625 0.060546875
0 0.51953125 0.7724609375 0.0609375 0.056640625
0 0.45546875 0.2958984375 0.0609375 0.060546875
0 0.95078125 0.4814453125 0.0609375 0.060546875
0 0.77265625 0.87109375 0.0640625 0.05859375
