0 0.4046875 0.5234375 0.0375 0.046875
0 0.6359375 0.357421875 0.0375 0.046875
0 0.61171875 0.591796875 0.0390625 0.046875
0 0.44453125 0.51953125 0.0390625 0.046875
0 0.69375 0.58203125 0.0375 0.046875
0 0.60859375 0.544921875 0.0390625 0.046875
0 0.64921875 0.54296875 0.0390625 0.046875
0 0.51171875 0.328125 0.0359375 0.046875
0 0.43359375 0.337890625 0.0390625 0.046875
0 0.7171875 0.34765625 0.0375 0.046875
0 0.67265625 0.306640625 0.0390625 0.046875
0 0.690625 0.53515625 0.0375 0.046875
0 0.4078125 0.5703125 0.0375 0.046875
0 0.5984375 0.408203125 0.0375 0.046875
0 0.73046875 0.533203125 0.0390625 0.046875
0 0.77578125 0.572265625 0.0390625 0.046875
0 0.60625 0.5 0.0375 0.046875
0 0.67890625 0.3974609375 0.0390625 0.044921875
0 0.53359375 0.6484375 0.0390625 0.046875
0 0.59453125 0.36328125 0.0390625 0.046875
0 0.52890625 0.5546875 0.0390625 0.046875
0 0.56953125 0.552734375 0.0390625 0.046875
0 0.52265625 0.46484375 0.0390625 0.046875
0 0.52421875 0.509765625 0.0390625 0.046875
0 0.44140625 0.47265625 0.0390625 0.046875
0 0.40234375 0.4775390625 0.0390625 0.044921875
0 0.41015625 0.615234375 0.0390625 0.046875
0 0.67578125 0.353515625 0.0390625 0.046875
0 0.53046875 0.6015625 0.0390625 0.046875
0 0.71328125 0.3037109375 0.0390625 0.044921875
0 0.63359375 0.3125 0.0390625 0.046875
0 0.51796875 0.41796875 0.0359375 0.046875
0 0.39609375 0.38671875 0.0390625 0.046875
0 0.3921875 0.33984375 0.0375 0.046875
0 0.7609375 0.3876953125 0.0375 0.044921875
0 0.39921875 0.431640625 0.0359375 0.046875
0 0.77109375 0.525390625 0.0390625 0.046875
0 0.453125 0.658203125 0.0375 0.046875
0 0.47265625 0.33203125 0.0390625 0.04296875
0 0.48828125 0.560546875 0.0359375 0.046875
0 0.43828125 0.427734375 0.0390625 0.046875
0 0.48359375 0.513671875 0.0390625 0.046875
0 0.6859375 0.490234375 0.0375 0.046875
0 0.59296875 0.31640625 0.0390625 0.046875
0 0.45078125 0.611328125 0.0390625 0.046875
0 0.61640625 0.638671875 0.0390625 0.046875
0 0.69765625 0.62890625 0.0390625 0.046875
0 0.63984375 0.404296875 0.0390625 0.046875
0 0.55546875 0.369140625 0.0390625 0.046875
0 0.41328125 0.662109375 0.0390625 0.046875
0 0.64453125 0.49609375 0.0390625 0.046875
0 0.72734375 0.486328125 0.0390625 0.046875
0 0.571875 0.5966796875 0.0375 0.048828125
0 0.47578125 0.3779296875 0.0390625 0.048828125
0 0.77890625 0.6201171875 0.0390625 0.048828125
0 0.49140625 0.60546875 0.0390625 0.046875
0 0.76328125 0.43359375 0.0390625 0.046875
0 0.6421875 0.4501953125 0.0375 0.044921875
0 0.51640625 0.373046875 0.0390625 0.046875
0 0.36328125 0.529296875 0.0390625 0.046875
0 0.48203125 0.4677734375 0.0390625 0.044921875
0 0.56484375 0.5048828125 0.0390625 0.048828125
0 0.43515625 0.3828125 0.0390625 0.046875
0 0.76796875 0.4814453125 0.0390625 0.048828125
0 0.75546875 0.341796875 0.0390625 0.046875
0 0.7203125 0.39453125 0.0375 0.046875
0 0.44609375 0.564453125 0.0390625 0.046875
0 0.72421875 0.4404296875 0.0390625 0.044921875
0 0.4953125 0.65234375 0.0375 0.046875
0 0.60234375 0.453125 0.0390625 0.046875
0 0.37265625 0.66796875 0.0390625 0.046875
0 0.35859375 0.4375 0.0390625 0.046875
0 0.36171875 0.484375 0.0390625 0.046875
0 0.35703125 0.392578125 0.0390625 0.046875
0 0.68359375 0.443359375 0.0390625 0.046875
0 0.73515625 0.578125 0.0390625 0.046875
0 0.65234375 0.587890625 0.0390625 0.046875
0 0.75390625 0.2978515625 0.0390625 0.048828125
0 0.35390625 0.34765625 0.0390625 0.046875
0 0.47734375 0.421875 0.0390625 0.046875
0 0.57578125 0.64453125 0.0390625 0.046875
0 0.56171875 0.458984375 0.0390625 0.04296875
0 0.3703125 0.623046875 0.0375 0.046875
0 0.65703125 0.634765625 0.0390625 0.046875
0 0.36640625 0.572265625 0.0390625 0.046875
0 0.553125 0.3232421875 0.0375 0.044921875
0 0.55859375 0.4130859375 0.0359375 0.048828125
0 0.73828125 0.625 0.0390625 0.046875
