0 0.62890625 0.669921875 0.0390625 0.046875
0 0.27578125 0.3701171875 0.0390625 0.048828125
0 0.56015625 0.431640625 0.0390625 0.046875
0 0.56953125 0.72265625 0.0390625 0.046875
0 0.52109375 0.7060546875 0.0390625 0.048828125
0 0.34765625 0.431640625 0.0390625 0.046875
0 0.44921875 0.466796875 0.0390625 0.046875
0 0.41015625 0.37890625 0.0390625 0.046875
0 0.58046875 0.654296875 0.0390625 0.046875
0 0.35859375 0.36328125 0.0390625 0.046875
0 0.33828125 0.318359375 0.0390625 0.046875
0 0.53984375 0.388671875 0.0390625 0.046875
0 0.296875 0.4150390625 0.0375 0.048828125
0 0.5109375 0.4150390625 0.0375 0.048828125
0 0.38828125 0.5166015625 0.0390625 0.048828125
0 0.45078125 0.287109375 0.0390625 0.046875
0 0.30703125 0.34375 0.0390625 0.046875
0 0.61015625 0.451171875 0.0390625 0.046875
0 0.31640625 0.45703125 0.0390625 0.046875
0 0.52109375 0.5263671875 0.0390625 0.048828125
0 0.37890625 0.40625 0.0390625 0.046875
0 0.56015625 0.611328125 0.0390625 0.046875
0 0.61015625 0.6279296875 0.0390625 0.048828125
0 0.54921875 0.681640625 0.0390625 0.046875
0 0.57890625 0.474609375 0.0390625 0.046875
0 0.36953125 0.474609375 0.0390625 0.046875
0 0.66796875 0.578125 0.0390625 0.046875
0 0.49140625 0.3701171875 0.0390625 0.048828125
0 0.50078125 0.484375 0.0390625 0.046875
0 0.4078125 0.5615234375 0.0375 0.048828125
0 0.49921875 0.6640625 0.0390625 0.046875
0 0.46015625 0.578125 0.0390625 0.046875
0 0.32734375 0.388671875 0.0390625 0.046875
0 0.41953125 0.490234375 0.0390625 0.046875
0 0.48046875 0.44140625 0.0390625 0.046875
0 0.42890625 0.423828125 0.0390625 0.046875
0 0.44921875 0.646484375 0.0390625 0.046875
0 0.36953125 0.294921875 0.0390625 0.046875
0 0.46953125 0.330078125 0.0390625 0.046875
0 0.54921875 0.322265625 0.0390625 0.046875
0 0.46953125 0.5078125 0.0390625 0.046875
0 0.33828125 0.5 0.0390625 0.046875
0 0.39765625 0.630859375 0.0390625 0.046875
0 0.43828125 0.7177734375 0.0390625 0.048828125
0 0.39765625 0.4482421875 0.0390625 0.048828125
0 0.43828125 0.53515625 0.0390625 0.046875
0 0.48046875 0.62109375 0.0390625 0.046875
0 0.60078125 0.5166015625 0.0390625 0.048828125
0 0.43828125 0.353515625 0.0390625 0.046875
0 0.53046875 0.45703125 0.0390625 0.046875
0 0.49140625 0.552734375 0.0390625 0.046875
0 0.38828125 0.3369140625 0.0390625 0.048828125
0 0.590625 0.5859375 0.0375 0.046875
0 0.43046875 0.2421875 0.0390625 0.046875
0 0.52109375 0.3466796875 0.0390625 0.048828125
0 0.48984375 0.193359375 0.0390625 0.046875
0 0.58828125 0.40625 0.0390625 0.046875
0 0.53984375 0.7509765625 0.0390625 0.048828125
0 0.48984375 0.734375 0.0390625 0.046875
0 0.54921875 0.5 0.0390625 0.046875
0 0.53984375 0.568359375 0.0390625 0.046875
0 0.46953125 0.69140625 0.0390625 0.046875
0 0.42734375 0.603515625 0.0390625 0.046875
0 0.53046875 0.63671875 0.0390625 0.046875
0 0.56953125 0.54296875 0.0390625 0.046875
0 0.5109375 0.7744140625 0.0375 0.048828125
0 0.5109375 0.2353515625 0.0375 0.048828125
0 0.48046875 0.802734375 0.0390625 0.046875
0 0.46015625 0.396484375 0.0390625 0.046875
0 0.65859375 0.64453125 0.0390625 0.046875
0 0.35703125 0.544921875 0.0390625 0.046875
0 0.5109375 0.5947265625 0.0375 0.048828125
0 0.37890625 0.587890625 0.0390625 0.046875
0 0.63984375 0.6015625 0.0390625 0.046875
0 0.48046875 0.26171875 0.0390625 0.046875
0 0.4 0.2685546875 0.0375 0.048828125
0 0.62890625 0.490234375 0.0390625 0.046875
0 0.57109375 0.365234375 0.0390625 0.046875
0 0.41953125 0.310546875 0.0390625 0.046875
0 0.46015625 0.759765625 0.0390625 0.046875
0 0.60078125 0.6962890625 0.0390625 0.048828125
0 0.50078125 0.3046875 0.0390625 0.046875
0 0.61953125 0.5615234375 0.0390625 0.048828125
0 0.68984375 0.619140625 0.0390625 0.046875
0 0.46015625 0.216796875 0.0390625 0.046875
0 0.64921875 0.533203125 0.0390625 0.046875
0 0.53046875 0.27734375 0.0390625 0.046875
0 0.41796875 0.6728515625 0.0390625 0.048828125
