0 0.50625 0.8505859375 0.0375 0.048828125
0 0.5078125 0.7783203125 0.0375 0.048828125
0 0.6171875 0.5517578125 0.040625 0.048828125
0 0.29921875 0.4326171875 0.0390625 0.044921875
0 0.5625 0.701171875 0.040625 0.046875
0 0.43125 0.60546875 0.0375 0.046875
0 0.3265625 0.4658203125 0.0375 0.048828125
0 0.5953125 0.447265625 0.0375 0.046875
0 0.43828125 0.3125 0.0390625 0.05078125
0 0.29921875 0.5068359375 0.0390625 0.048828125
0 0.56015625 0.7734375 0.0390625 0.046875
0 0.66875 0.6201171875 0.040625 0.048828125
0 0.53359375 0.8115234375 0.0390625 0.048828125
0 0.64296875 0.5869140625 0.0390625 0.048828125
0 0.58671875 0.7353515625 0.0390625 0.048828125
0 0.6140625 0.6953125 0.0375 0.046875
0 0.3796875 0.6103515625 0.040625 0.048828125
0 0.4890625 0.4541015625 0.0375 0.048828125
0 0.484375 0.6708984375 0.040625 0.048828125
0 0.6703125 0.548828125 0.040625 0.046875
0 0.45703125 0.7119140625 0.0390625 0.048828125
0 0.5640625 0.6298828125 0.040625 0.048828125
0 0.5390625 0.5234375 0.040625 0.046875
0 0.615625 0.623046875 0.040625 0.046875
0 0.54140625 0.451171875 0.0390625 0.046875
0 0.5921875 0.5185546875 0.040625 0.048828125
0 0.4875 0.52734375 0.040625 0.046875
0 0.53828125 0.5947265625 0.0390625 0.048828125
0 0.35234375 0.57421875 0.0390625 0.046875
0 0.434375 0.5322265625 0.040625 0.048828125
0 0.38203125 0.462890625 0.0390625 0.046875
0 0.384375 0.3896484375 0.0375 0.048828125
0 0.24375 0.5107421875 0.040625 0.048828125
0 0.35546875 0.4287109375 0.0390625 0.048828125
0 0.5359375 0.6669921875 0.0375 0.048828125
0 0.49140625 0.30859375 0.0390625 0.046875
0 0.534375 0.7392578125 0.0375 0.048828125
0 0.590625 0.5908203125 0.040625 0.048828125
0 0.46328125 0.4208984375 0.0390625 0.044921875
0 0.64140625 0.6572265625 0.0390625 0.048828125
0 0.5125 0.5615234375 0.040625 0.048828125
0 0.353125 0.5009765625 0.0375 0.048828125
0 0.5890625 0.6630859375 0.040625 0.048828125
0 0.409375 0.4248046875 0.040625 0.048828125
0 0.51640625 0.416015625 0.0390625 0.046875
0 0.3265625 0.541015625 0.0375 0.05078125
0 0.4609375 0.4931640625 0.040625 0.044921875
0 0.41171875 0.3505859375 0.0390625 0.048828125
0 0.45546875 0.78515625 0.0390625 0.046875
0 0.5671875 0.4853515625 0.0375 0.048828125
0 0.328125 0.3916015625 0.040625 0.048828125
0 0.490625 0.3818359375 0.0375 0.048828125
0 0.5453125 0.3779296875 0.040625 0.048828125
0 0.40625 0.5703125 0.040625 0.046875
0 0.2984375 0.5810546875 0.0375 0.048828125
0 0.42890625 0.7509765625 0.0390625 0.048828125
0 0.46484375 0.3466796875 0.0390625 0.048828125
0 0.434375 0.4599609375 0.040625 0.048828125
0 0.35625 0.3544921875 0.040625 0.048828125
0 0.4125 0.2763671875 0.0375 0.044921875
0 0.4859375 0.599609375 0.040625 0.046875
0 0.5109375 0.6337890625 0.040625 0.048828125
0 0.38515625 0.3154296875 0.0390625 0.048828125
0 0.4671875 0.2724609375 0.040625 0.048828125
0 0.69375 0.5830078125 0.040625 0.048828125
0 0.4296875 0.677734375 0.0375 0.046875
0 0.6453125 0.5146484375 0.0375 0.048828125
0 0.44140625 0.2373046875 0.0390625 0.048828125
0 0.43828125 0.38671875 0.0390625 0.046875
0 0.46015625 0.5673828125 0.0390625 0.048828125
0 0.40390625 0.6435546875 0.0390625 0.048828125
0 0.38125 0.5361328125 0.040625 0.048828125
0 0.37734375 0.681640625 0.0390625 0.046875
0 0.4078125 0.498046875 0.040625 0.046875
0 0.48203125 0.7431640625 0.0390625 0.048828125
0 0.56484375 0.5576171875 0.0390625 0.048828125
0 0.50859375 0.7060546875 0.0390625 0.048828125
0 0.48046875 0.818359375 0.0390625 0.05078125
0 0.5171875 0.34375 0.0375 0.046875
0 0.27265625 0.4716796875 0.0390625 0.048828125
0 0.56953125 0.4130859375 0.0390625 0.048828125
0 0.5140625 0.4892578125 0.040625 0.048828125
0 0.4578125 0.6396484375 0.0375 0.048828125
0 0.61953125 0.4794921875 0.0390625 0.048828125
0 0.2703125 0.5458984375 0.040625 0.048828125
0 0.35078125 0.6474609375 0.0390625 0.048828125
0 0.403125 0.7158203125 0.0375 0.048828125
0 0.32421875 0.6162109375 0.0390625 0.048828125
