0 0.2703125 0.59375 0.059375 0.0625
0 0.221875 0.5712890625 0.05625 0.060546875
0 0.2734375 0.7353515625 0.059375 0.060546875
0 0.24140625 0.2294921875 0.0546875 0.064453125
0 0.440625 0.4619140625 0.059375 0.064453125
0 0.196875 0.62890625 0.05625 0.0625
0 0.196875 0.4892578125 0.05625 0.064453125
0 0.14921875 0.607421875 0.0546875 0.0625
0 0.5140625 0.42578125 0.05625 0.0625
0 0.3390625 0.2763671875 0.05625 0.064453125
0 0.16875 0.4072265625 0.05625 0.064453125
0 0.4125 0.2392578125 0.059375 0.064453125
0 0.371875 0.7841796875 0.05625 0.060546875
0 0.41015625 0.0986328125 0.0578125 0.064453125
0 0.09609375 0.5830078125 0.0546875 0.060546875
0 0.3359375 0.1357421875 0.05625 0.064453125
0 0.540625 0.5068359375 0.059375 0.060546875
0 0.29140625 0.2529296875 0.0546875 0.060546875
0 0.3640625 0.2158203125 0.05625 0.060546875
0 0.26875 0.4521484375 0.05625 0.060546875
0 0.4921875 0.6259765625 0.05625 0.060546875
0 0.4171875 0.3798828125 0.05625 0.064453125
0 0.246875 0.6533203125 0.05625 0.060546875
0 0.4921875 0.4833984375 0.05625 0.064453125
0 0.4890625 0.3427734375 0.05625 0.064453125
0 0.3890625 0.2978515625 0.05625 0.064453125
0 0.56171875 0.306640625 0.0546875 0.0625
0 0.51328125 0.2841796875 0.0578125 0.060546875
0 0.34296875 0.4169921875 0.0578125 0.064453125
0 0.321875 0.7607421875 0.05625 0.060546875
0 0.17421875 0.6904296875 0.0546875 0.060546875
0 0.321875 0.6162109375 0.05625 0.060546875
0 0.346875 0.7021484375 0.05625 0.060546875
0 0.36640625 0.4990234375 0.0546875 0.064453125
0 0.46953125 0.6865234375 0.0546875 0.060546875
0 0.4671875 0.5439453125 0.05625 0.060546875
0 0.559375 0.1650390625 0.05625 0.060546875
0 0.12421875 0.525390625 0.0546875 0.0625
0 0.26328125 0.1728515625 0.0546875 0.064453125
0 0.63671875 0.2685546875 0.0546875 0.060546875
0 0.41953125 0.6630859375 0.0546875 0.060546875
0 0.3609375 0.076171875 0.05625 0.0625
0 0.221875 0.4306640625 0.05625 0.060546875
0 0.4609375 0.2607421875 0.05625 0.064453125
0 0.21875 0.2900390625 0.05625 0.060546875
0 0.146875 0.466796875 0.05625 0.0625
0 0.51015625 0.1435546875 0.0578125 0.060546875
0 0.4359375 0.1796875 0.05625 0.0625
0 0.29375 0.5341796875 0.05625 0.060546875
0 0.19375 0.3486328125 0.05625 0.064453125
0 0.39453125 0.580078125 0.0546875 0.0625
0 0.609375 0.1875 0.05625 0.0625
0 0.171875 0.5478515625 0.05625 0.064453125
0 0.61171875 0.3291015625 0.0546875 0.060546875
0 0.3140625 0.1943359375 0.05625 0.064453125
0 0.07578125 0.6416015625 0.0578125 0.060546875
0 0.4640625 0.4013671875 0.05625 0.064453125
0 0.34453125 0.5576171875 0.0546875 0.064453125
0 0.3109375 0.0546875 0.05625 0.0625
0 0.45859375 0.1201171875 0.0546875 0.064453125
0 0.39453125 0.7236328125 0.0546875 0.060546875
0 0.4171875 0.5205078125 0.05625 0.064453125
0 0.31875 0.474609375 0.05625 0.0625
0 0.2453125 0.5107421875 0.059375 0.064453125
0 0.36953125 0.6396484375 0.0546875 0.064453125
0 0.12421875 0.6669921875 0.0546875 0.064453125
0 0.5640625 0.447265625 0.05625 0.0625
0 0.26640625 0.3134765625 0.0546875 0.064453125
0 0.2890625 0.1123046875 0.05625 0.060546875
0 0.53671875 0.3662109375 0.0546875 0.060546875
0 0.3859375 0.1572265625 0.05625 0.064453125
0 0.31640625 0.3349609375 0.0546875 0.064453125
0 0.3921875 0.4384765625 0.05625 0.064453125
0 0.44453125 0.6025390625 0.0546875 0.064453125
0 0.58671875 0.2470703125 0.0546875 0.060546875
0 0.5890625 0.3896484375 0.05625 0.064453125
0 0.659375 0.2099609375 0.05625 0.060546875
0 0.4859375 0.201171875 0.05625 0.0625
0 0.296875 0.6767578125 0.05625 0.064453125
0 0.4390625 0.3203125 0.05625 0.0625
0 0.44765625 0.748046875 0.0546875 0.0625
0 0.29140625 0.3935546875 0.0546875 0.060546875
0 0.221875 0.7119140625 0.05625 0.060546875
0 0.5171875 0.5673828125 0.05625 0.060546875
0 0.3640625 0.3564453125 0.05625 0.060546875
0 0.24296875 0.3701171875 0.0578125 0.064453125
0 0.53359375 0.2236328125 0.0546875 0.064453125
0 0.421875 0.8095703125 0.05625 0.060546875
