0 0.65078125 0.2626953125 0.0421875 0.056640625
0 0.23046875 0.2744140625 0.0421875 0.056640625
0 0.49765625 0.3388671875 0.0421875 0.056640625
0 0.3609375 0.5576171875 0.04375 0.056640625
0 0.6640625 0.4072265625 0.04375 0.056640625
0 0.33359375 0.2705078125 0.0421875 0.056640625
0 0.60390625 0.3369140625 0.0421875 0.056640625
0 0.1859375 0.3486328125 0.04375 0.056640625
0 0.7 0.1845703125 0.04375 0.056640625
0 0.465625 0.5537109375 0.04375 0.056640625
0 0.6171875 0.4814453125 0.04375 0.056640625
0 0.54453125 0.2666015625 0.0421875 0.056640625
0 0.20078125 0.4892578125 0.0421875 0.056640625
0 0.51015625 0.4833984375 0.0421875 0.056640625
0 0.6765625 0.5537109375 0.04375 0.056640625
0 0.40546875 0.4873046875 0.0421875 0.056640625
0 0.52265625 0.6259765625 0.0421875 0.056640625
0 0.29453125 0.4150390625 0.0421875 0.056640625
0 0.72421875 0.4775390625 0.0421875 0.056640625
0 0.25234375 0.4892578125 0.0421875 0.056640625
0 0.28984375 0.3447265625 0.0453125 0.056640625
0 0.55078125 0.3388671875 0.0421875 0.056640625
0 0.56328125 0.482421875 0.0421875 0.05859375
0 0.49140625 0.2666015625 0.0421875 0.056640625
0 0.39296875 0.3427734375 0.0421875 0.056640625
0 0.59140625 0.1884765625 0.0421875 0.056640625
0 0.61015625 0.4091796875 0.0421875 0.056640625
0 0.51640625 0.5537109375 0.0421875 0.056640625
0 0.56953125 0.5537109375 0.0421875 0.056640625
0 0.259375 0.5595703125 0.04375 0.056640625
0 0.4375 0.2685546875 0.04375 0.056640625
0 0.24609375 0.4189453125 0.0421875 0.056640625
0 0.303125 0.4873046875 0.04375 0.056640625
0 0.38046875 0.1982421875 0.0421875 0.056640625
0 0.73046875 0.5517578125 0.0421875 0.056640625
0 0.215625 0.6298828125 0.04375 0.056640625
0 0.27578125 0.2001953125 0.0421875 0.056640625
0 0.38671875 0.2705078125 0.0421875 0.056640625
0 0.7046875 0.2568359375 0.04375 0.056640625
0 0.53671875 0.1884765625 0.0453125 0.056640625
0 0.45234375 0.4130859375 0.0421875 0.056640625
0 0.64453125 0.1865234375 0.0421875 0.056640625
0 0.73671875 0.6259765625 0.0421875 0.056640625
0 0.23671875 0.3447265625 0.0421875 0.056640625
0 0.55703125 0.4091796875 0.0421875 0.056640625
0 0.3546875 0.4873046875 0.04375 0.056640625
0 0.65703125 0.3330078125 0.0421875 0.056640625
0 0.41875 0.6279296875 0.04375 0.056640625
0 0.69375 0.1103515625 0.04375 0.056640625
0 0.425 0.1220703125 0.04375 0.056640625
0 0.50390625 0.4091796875 0.0421875 0.056640625
0 0.48203125 0.1943359375 0.0421875 0.056640625
0 0.34765625 0.4140625 0.0421875 0.05859375
0 0.6296875 0.6259765625 0.04375 0.056640625
0 0.33984375 0.34375 0.0421875 0.05859375
0 0.26484375 0.6279296875 0.0421875 0.056640625
0 0.41171875 0.5576171875 0.0421875 0.056640625
0 0.31015625 0.5576171875 0.0421875 0.056640625
0 0.7109375 0.3330078125 0.04375 0.056640625
0 0.31796875 0.1279296875 0.0421875 0.056640625
0 0.1796875 0.2763671875 0.04375 0.056640625
0 0.17265625 0.2041015625 0.0421875 0.056640625
0 0.59765625 0.2626953125 0.0421875 0.056640625
0 0.31640625 0.6279296875 0.0421875 0.056640625
0 0.6234375 0.5537109375 0.04375 0.056640625
0 0.47578125 0.1181640625 0.0421875 0.056640625
0 0.6703125 0.4814453125 0.04375 0.056640625
0 0.53046875 0.1181640625 0.0453125 0.056640625
0 0.37109375 0.1240234375 0.0421875 0.056640625
0 0.63828125 0.1123046875 0.0421875 0.056640625
0 0.471875 0.6279296875 0.04375 0.056640625
0 0.3984375 0.4130859375 0.04375 0.056640625
0 0.28203125 0.2705078125 0.0421875 0.056640625
0 0.20703125 0.5595703125 0.0421875 0.056640625
0 0.36796875 0.6279296875 0.0453125 0.056640625
0 0.44453125 0.3388671875 0.0421875 0.056640625
0 0.43125 0.1943359375 0.04375 0.056640625
0 0.45859375 0.4833984375 0.0421875 0.056640625
0 0.58515625 0.1162109375 0.0421875 0.056640625
0 0.215625 0.1298828125 0.04375 0.056640625
0 0.22265625 0.2001953125 0.0421875 0.056640625
0 0.68359375 0.6259765625 0.0421875 0.056640625
0 0.16484375 0.1328125 0.0421875 0.0546875
0 0.5765625 0.6259765625 0.04375 0.056640625
0 0.2671875 0.1298828125 0.04375 0.056640625
0 0.32421875 0.2001953125 0.0421875 0.056640625
0 0.1921875 0.4189453125 0.04375 0.056640625
0 0.7171875 0.4052734375 0.04375 0.056640625
