0 0.47265625 0.3173828125 0.0453125 0.052734375
0 0.50703125 0.546875 0.0453125 0.0546875
0 0.40859375 0.32421875 0.0453125 0.0546875
0 0.7296875 0.68359375 0.04375 0.0546875
0 0.66328125 0.689453125 0.0453125 0.0546875
0 0.62578125 0.4580078125 0.0453125 0.052734375
0 0.63671875 0.7314453125 0.0453125 0.056640625
0 0.61015625 0.775390625 0.0453125 0.05078125
0 0.66484375 0.4931640625 0.0453125 0.052734375
0 0.50078125 0.279296875 0.0453125 0.0546875
0 0.35390625 0.40625 0.0453125 0.0546875
0 0.44140625 0.552734375 0.0453125 0.05078125
0 0.59921875 0.4990234375 0.0453125 0.056640625
0 0.67578125 0.76953125 0.0453125 0.0546875
0 0.49453125 0.4716796875 0.0453125 0.056640625
0 0.43046875 0.4775390625 0.0421875 0.052734375
0 0.40234375 0.51953125 0.0453125 0.0546875
0 0.3640625 0.4814453125 0.04375 0.056640625
0 0.33671875 0.5224609375 0.0453125 0.052734375
0 0.55078125 0.388671875 0.0453125 0.0546875
0 0.53828125 0.3134765625 0.0453125 0.052734375
0 0.43359375 0.2822265625 0.0453125 0.052734375
0 0.48046875 0.587890625 0.0453125 0.05078125
0 0.78203125 0.6005859375 0.0453125 0.052734375
0 0.37578125 0.55859375 0.0453125 0.0546875
0 0.37890625 0.365234375 0.0453125 0.05078125
0 0.57421875 0.5400390625 0.0421875 0.052734375
0 0.31484375 0.37109375 0.0453125 0.0546875
0 0.52265625 0.4306640625 0.0421875 0.052734375
0 0.70390625 0.529296875 0.0453125 0.0546875
0 0.45859375 0.43359375 0.0453125 0.0546875
0 0.5125 0.353515625 0.04375 0.0546875
0 0.65234375 0.416015625 0.0453125 0.0546875
0 0.63828125 0.5361328125 0.0453125 0.052734375
0 0.41953125 0.3984375 0.0453125 0.0546875
0 0.44609375 0.359375 0.0453125 0.0546875
0 0.396875 0.2470703125 0.04375 0.052734375
0 0.56328125 0.46484375 0.0453125 0.0546875
0 0.67734375 0.5703125 0.0453125 0.05078125
0 0.41484375 0.59375 0.0453125 0.0546875
0 0.34140625 0.3291015625 0.0453125 0.056640625
0 0.58359375 0.8173828125 0.0453125 0.052734375
0 0.584375 0.6181640625 0.04375 0.052734375
0 0.38671875 0.63671875 0.0453125 0.0546875
0 0.32734375 0.447265625 0.0453125 0.0546875
0 0.6140625 0.576171875 0.04375 0.0546875
0 0.48515625 0.3955078125 0.0453125 0.052734375
0 0.74296875 0.564453125 0.0453125 0.0546875
0 0.29609375 0.48828125 0.0453125 0.0546875
0 0.575 0.3486328125 0.04375 0.052734375
0 0.54453125 0.5830078125 0.0453125 0.052734375
0 0.4234375 0.20703125 0.04375 0.0546875
0 0.71640625 0.6044921875 0.0453125 0.052734375
0 0.73046875 0.4873046875 0.0453125 0.052734375
0 0.54453125 0.779296875 0.0453125 0.0546875
0 0.80859375 0.55859375 0.0453125 0.0546875
0 0.55859375 0.6591796875 0.0453125 0.056640625
0 0.25703125 0.451171875 0.0453125 0.0546875
0 0.36796875 0.2880859375 0.0453125 0.052734375
0 0.45234375 0.6298828125 0.0453125 0.052734375
0 0.49296875 0.6669921875 0.0453125 0.052734375
0 0.46015625 0.2421875 0.0453125 0.0546875
0 0.46796875 0.51171875 0.0453125 0.0546875
0 0.26796875 0.529296875 0.0453125 0.0546875
0 0.51953125 0.6240234375 0.0453125 0.056640625
0 0.28515625 0.4130859375 0.0421875 0.052734375
0 0.46484375 0.708984375 0.0453125 0.0546875
0 0.57109375 0.73828125 0.0453125 0.0546875
0 0.6890625 0.6474609375 0.04375 0.052734375
0 0.59765625 0.6953125 0.0453125 0.05078125
0 0.3078125 0.56640625 0.04375 0.0546875
0 0.42578125 0.671875 0.0453125 0.0546875
0 0.53359375 0.5048828125 0.0453125 0.052734375
0 0.390625 0.4404296875 0.04375 0.052734375
0 0.62421875 0.654296875 0.0453125 0.0546875
0 0.69140625 0.4541015625 0.0453125 0.056640625
0 0.34765625 0.6025390625 0.0453125 0.052734375
0 0.58671875 0.423828125 0.0453125 0.0546875
0 0.5046875 0.7451171875 0.04375 0.052734375
0 0.76953125 0.5224609375 0.0453125 0.052734375
0 0.75546875 0.6416015625 0.0453125 0.056640625
0 0.65078125 0.611328125 0.0453125 0.0546875
0 0.53203125 0.701171875 0.0453125 0.0546875
0 0.70234375 0.7255859375 0.0453125 0.052734375
0 0.23046875 0.4951171875 0.0453125 0.052734375
0 0.62265625 0.8525390625 0.0453125 0.052734375
0 0.61484375 0.3828125 0.0421875 0.05078125
0 0.64765625 0.8095703125 0.0421875 0.052734375
