0 0.81015625 0.64453125 0.0484375 0.05859375
0 0.81015625 0.7021484375 0.0484375 0.056640625
0 0.70390625 0.6416015625 0.0484375 0.056640625
0 0.59609375 0.6416015625 0.0484375 0.056640625
0 0.86328125 0.64453125 0.0484375 0.05859375
0 0.59609375 0.7021484375 0.0484375 0.056640625
0 0.81015625 0.4111328125 0.0484375 0.056640625
0 0.70390625 0.408203125 0.0484375 0.05859375
0 0.434375 0.4677734375 0.05 0.056640625
0 0.54140625 0.4677734375 0.0484375 0.056640625
0 0.48671875 0.3486328125 0.0484375 0.056640625
0 0.70390625 0.7021484375 0.0484375 0.056640625
0 0.59453125 0.3486328125 0.0484375 0.056640625
0 0.59609375 0.5263671875 0.0484375 0.056640625
0 0.48671875 0.4677734375 0.0484375 0.056640625
0 0.32890625 0.7021484375 0.0484375 0.056640625
0 0.59609375 0.4677734375 0.0484375 0.056640625
0 0.70390625 0.5263671875 0.0484375 0.056640625
0 0.38203125 0.6416015625 0.0484375 0.056640625
0 0.37734375 0.3486328125 0.0484375 0.056640625
0 0.81015625 0.4697265625 0.0484375 0.056640625
0 0.4890625 0.6416015625 0.05 0.056640625
0 0.70390625 0.4677734375 0.0484375 0.056640625
0 0.48671875 0.408203125 0.0484375 0.05859375
0 0.59453125 0.408203125 0.0484375 0.05859375
0 0.70390625 0.3486328125 0.0484375 0.056640625
0 0.38046875 0.408203125 0.0484375 0.05859375
0 0.54375 0.7021484375 0.05 0.056640625
0 0.75625 0.408203125 0.05 0.05859375
0 0.32890625 0.6416015625 0.0484375 0.056640625
0 0.4890625 0.5830078125 0.05 0.056640625
0 0.59453125 0.2900390625 0.0484375 0.056640625
0 0.38046875 0.4677734375 0.0484375 0.056640625
0 0.43671875 0.7021484375 0.0484375 0.056640625
0 0.86484375 0.2900390625 0.0484375 0.056640625
0 0.434375 0.5830078125 0.05 0.056640625
0 0.81015625 0.5263671875 0.0484375 0.056640625
0 0.43203125 0.3486328125 0.0484375 0.056640625
0 0.37734375 0.2900390625 0.0484375 0.056640625
0 0.32734375 0.4658203125 0.0484375 0.056640625
0 0.54140625 0.3486328125 0.0484375 0.056640625
0 0.434375 0.5263671875 0.05 0.056640625
0 0.65078125 0.7021484375 0.0484375 0.056640625
0 0.75625 0.3505859375 0.05 0.056640625
0 0.32578125 0.408203125 0.0484375 0.05859375
0 0.64921875 0.3486328125 0.0484375 0.056640625
0 0.70390625 0.5849609375 0.0484375 0.056640625
0 0.7015625 0.2900390625 0.05 0.056640625
0 0.75625 0.7021484375 0.05 0.056640625
0 0.59609375 0.5849609375 0.0484375 0.056640625
0 0.54375 0.6416015625 0.05 0.056640625
0 0.48515625 0.2900390625 0.0484375 0.056640625
0 0.86484375 0.408203125 0.0484375 0.05859375
0 0.81015625 0.2900390625 0.0484375 0.056640625
0 0.4890625 0.5263671875 0.05 0.056640625
0 0.32578125 0.3466796875 0.0484375 0.056640625
0 0.54140625 0.408203125 0.0484375 0.05859375
0 0.43671875 0.6416015625 0.0484375 0.056640625
0 0.86484375 0.3486328125 0.0484375 0.056640625
0 0.32734375 0.5244140625 0.0484375 0.056640625
0 0.64921875 0.408203125 0.0484375 0.05859375
0 0.75625 0.64453125 0.05 0.05859375
0 0.43203125 0.2900390625 0.0484375 0.056640625
0 0.86328125 0.7021484375 0.0484375 0.056640625
0 0.49140625 0.7021484375 0.0484375 0.056640625
0 0.43203125 0.408203125 0.0484375 0.05859375
0 0.54375 0.5849609375 0.05 0.056640625
0 0.75625 0.2900390625 0.05 0.056640625
0 0.81015625 0.3486328125 0.0484375 0.056640625
0 0.54140625 0.5263671875 0.0484375 0.056640625
0 0.64921875 0.4677734375 0.0484375 0.056640625
0 0.75625 0.5849609375 0.05 0.056640625
0 0.75625 0.4677734375 0.05 0.056640625
0 0.32734375 0.5830078125 0.0484375 0.056640625
0 0.86328125 0.5849609375 0.0484375 0.056640625
0 0.86328125 0.5263671875 0.0484375 0.056640625
0 0.81015625 0.5849609375 0.0484375 0.056640625
0 0.64921875 0.6416015625 0.0484375 0.056640625
0 0.64921875 0.2900390625 0.0484375 0.056640625
0 0.64921875 0.5849609375 0.0484375 0.056640625
0 0.75625 0.5263671875 0.05 0.056640625
0 0.38203125 0.5830078125 0.0484375 0.056640625
0 0.38203125 0.5263671875 0.0484375 0.056640625
0 0.38359375 0.7021484375 0.0484375 0.056640625
0 0.3234375 0.2880859375 0.05 0.056640625
0 0.53984375 0.2900390625 0.0484375 0.056640625
0 0.86328125 0.4697265625 0.0484375 0.056640625
0 0.64921875 0.5263671875 0.0484375 0.056640625
