0 0.47109375 0.6962890625 0.0390625 0.048828125
0 0.67734375 0.2568359375 0.0390625 0.048828125
0 0.49765625 0.4189453125 0.0390625 0.048828125
0 0.72109375 0.4482421875 0.0390625 0.048828125
0 0.44140625 0.6279296875 0.0390625 0.048828125
0 0.49765625 0.5908203125 0.0390625 0.048828125
0 0.69453125 0.3798828125 0.0390625 0.048828125
0 0.49609375 0.2431640625 0.0390625 0.048828125
0 0.66640625 0.6591796875 0.0390625 0.048828125
0 0.55234375 0.2080078125 0.0390625 0.048828125
0 0.70703125 0.3251953125 0.0390625 0.048828125
0 0.74921875 0.3427734375 0.0390625 0.048828125
0 0.44140625 0.4541015625 0.0390625 0.048828125
0 0.58203125 0.4521484375 0.0390625 0.048828125
0 0.52578125 0.3154296875 0.0390625 0.048828125
0 0.55390625 0.3837890625 0.0390625 0.048828125
0 0.59609375 0.5732421875 0.0390625 0.048828125
0 0.45546875 0.5732421875 0.0390625 0.048828125
0 0.53828125 0.2607421875 0.0390625 0.048828125
0 0.35703125 0.5927734375 0.0390625 0.048828125
0 0.45546875 0.3994140625 0.0390625 0.048828125
0 0.53984375 0.4345703125 0.0390625 0.048828125
0 0.59609375 0.7470703125 0.0390625 0.048828125
0 0.48203125 0.2958984375 0.0390625 0.048828125
0 0.59609375 0.3994140625 0.0390625 0.048828125
0 0.68046875 0.6064453125 0.0390625 0.048828125
0 0.44140625 0.2802734375 0.0390625 0.048828125
0 0.59296875 0.2255859375 0.0390625 0.048828125
0 0.68046875 0.4326171875 0.0390625 0.048828125
0 0.48359375 0.4716796875 0.0390625 0.048828125
0 0.42890625 0.6787109375 0.0390625 0.048828125
0 0.52578125 0.4873046875 0.0390625 0.048828125
0 0.37109375 0.5400390625 0.0390625 0.048828125
0 0.52578125 0.6611328125 0.0390625 0.048828125
0 0.62265625 0.2919921875 0.0390625 0.048828125
0 0.65390625 0.7119140625 0.0390625 0.048828125
0 0.76328125 0.2900390625 0.0390625 0.048828125
0 0.62421875 0.4677734375 0.0390625 0.048828125
0 0.72109375 0.2724609375 0.0390625 0.048828125
0 0.51015625 0.1923828125 0.0390625 0.048828125
0 0.55390625 0.7294921875 0.0390625 0.048828125
0 0.51171875 0.7119140625 0.0390625 0.048828125
0 0.51171875 0.3662109375 0.0390625 0.048828125
0 0.53984375 0.6083984375 0.0390625 0.048828125
0 0.34296875 0.6455078125 0.0390625 0.048828125
0 0.58203125 0.6240234375 0.0390625 0.048828125
0 0.56796875 0.6767578125 0.0390625 0.048828125
0 0.51328125 0.5400390625 0.0390625 0.048828125
0 0.45546875 0.7490234375 0.0390625 0.048828125
0 0.58359375 0.8017578125 0.0390625 0.048828125
0 0.46953125 0.5205078125 0.0390625 0.048828125
0 0.66484375 0.3095703125 0.0390625 0.048828125
0 0.70703125 0.5009765625 0.0390625 0.048828125
0 0.42734375 0.5048828125 0.0390625 0.048828125
0 0.58046875 0.2763671875 0.0390625 0.048828125
0 0.48359375 0.6435546875 0.0390625 0.048828125
0 0.66640625 0.4853515625 0.0390625 0.048828125
0 0.65234375 0.5380859375 0.0390625 0.048828125
0 0.56796875 0.5048828125 0.0390625 0.048828125
0 0.56796875 0.3310546875 0.0390625 0.048828125
0 0.63984375 0.7646484375 0.0390625 0.048828125
0 0.46796875 0.1748046875 0.0390625 0.048828125
0 0.62421875 0.6416015625 0.0390625 0.048828125
0 0.38515625 0.4892578125 0.0390625 0.048828125
0 0.37265625 0.7158203125 0.0390625 0.048828125
0 0.38671875 0.6611328125 0.0390625 0.048828125
0 0.45390625 0.2275390625 0.0390625 0.048828125
0 0.39921875 0.4345703125 0.0390625 0.048828125
0 0.61015625 0.6943359375 0.0390625 0.048828125
0 0.40078125 0.6083984375 0.0390625 0.048828125
0 0.55390625 0.5576171875 0.0390625 0.048828125
0 0.65234375 0.3623046875 0.0390625 0.048828125
0 0.63984375 0.5888671875 0.0390625 0.048828125
0 0.61015625 0.5205078125 0.0390625 0.048828125
0 0.46953125 0.3486328125 0.0390625 0.048828125
0 0.49921875 0.7666015625 0.0390625 0.048828125
0 0.41328125 0.5576171875 0.0390625 0.048828125
0 0.60859375 0.3466796875 0.0390625 0.048828125
0 0.62578125 0.8173828125 0.0390625 0.048828125
0 0.54140625 0.7822265625 0.0390625 0.048828125
0 0.73515625 0.3955078125 0.0390625 0.048828125
0 0.33046875 0.6982421875 0.0390625 0.048828125
0 0.63828125 0.4169921875 0.0390625 0.048828125
0 0.41328125 0.3837890625 0.0390625 0.048828125
0 0.41484375 0.7333984375 0.0390625 0.048828125
0 0.63515625 0.2412109375 0.0390625 0.048828125
0 0.42734375 0.3310546875 0.0390625 0.048828125
0 0.69453125 0.5537109375 0.0390625 0.048828125
