0 0.39609375 0.2412109375 0.0390625 0.048828125
0 0.35703125 0.3955078125 0.0390625 0.048828125
0 0.66015625 0.3525390625 0.0390625 0.048828125
0 0.30703125 0.4794921875 0.0390625 0.048828125
0 0.44453125 0.1611328125 0.0390625 0.048828125
0 0.30234375 0.6689453125 0.0390625 0.048828125
0 0.34609375 0.3232421875 0.0390625 0.048828125
0 0.51640625 0.2236328125 0.0390625 0.048828125
0 0.43984375 0.5341796875 0.0390625 0.048828125
0 0.46796875 0.3056640625 0.0390625 0.048828125
0 0.32734375 0.6259765625 0.0390625 0.048828125
0 0.37421875 0.7353515625 0.0390625 0.048828125
0 0.46171875 0.6826171875 0.0390625 0.048828125
0 0.47265625 0.7587890625 0.0390625 0.048828125
0 0.48671875 0.6416015625 0.0390625 0.048828125
0 0.61171875 0.4345703125 0.0390625 0.048828125
0 0.24453125 0.4873046875 0.0390625 0.048828125
0 0.26640625 0.6357421875 0.0390625 0.048828125
0 0.51171875 0.5986328125 0.0390625 0.048828125
0 0.31640625 0.5517578125 0.0390625 0.048828125
0 0.41484375 0.5751953125 0.0390625 0.048828125
0 0.37890625 0.5439453125 0.0390625 0.048828125
0 0.57578125 0.4013671875 0.0390625 0.048828125
0 0.25390625 0.5615234375 0.0390625 0.048828125
0 0.50390625 0.3369140625 0.0390625 0.048828125
0 0.62265625 0.5068359375 0.0390625 0.048828125
0 0.53671875 0.5576171875 0.0390625 0.048828125
0 0.22890625 0.6044921875 0.0390625 0.048828125
0 0.41796875 0.3876953125 0.0390625 0.048828125
0 0.56328125 0.3291015625 0.0390625 0.048828125
0 0.45703125 0.2333984375 0.0390625 0.048828125
0 0.63671875 0.3916015625 0.0390625 0.048828125
0 0.42578125 0.6494140625 0.0390625 0.048828125
0 0.53984375 0.3701171875 0.0390625 0.048828125
0 0.42890625 0.4599609375 0.0390625 0.048828125
0 0.58828125 0.2880859375 0.0390625 0.048828125
0 0.36796875 0.4697265625 0.0390625 0.048828125
0 0.55234375 0.2568359375 0.0390625 0.048828125
0 0.52578125 0.4833984375 0.0390625 0.048828125
0 0.38984375 0.6181640625 0.0390625 0.048828125
0 0.36328125 0.6591796875 0.0390625 0.048828125
0 0.46484375 0.4931640625 0.0390625 0.048828125
0 0.40078125 0.6923828125 0.0390625 0.048828125
0 0.45078125 0.6083984375 0.0390625 0.048828125
0 0.48046875 0.1923828125 0.0390625 0.048828125
0 0.52734375 0.2958984375 0.0390625 0.048828125
0 0.29453125 0.4052734375 0.0390625 0.048828125
0 0.55078125 0.4423828125 0.0390625 0.048828125
0 0.60078125 0.3603515625 0.0390625 0.048828125
0 0.40703125 0.3134765625 0.0390625 0.048828125
0 0.39296875 0.4287109375 0.0390625 0.048828125
0 0.29140625 0.5947265625 0.0390625 0.048828125
0 0.45390625 0.4189453125 0.0390625 0.048828125
0 0.33828125 0.7021484375 0.0390625 0.048828125
0 0.43203125 0.2744140625 0.0390625 0.048828125
0 0.50078125 0.5244140625 0.0390625 0.048828125
0 0.56171875 0.5166015625 0.0390625 0.048828125
0 0.35390625 0.5849609375 0.0390625 0.048828125
0 0.28046875 0.5205078125 0.0390625 0.048828125
0 0.48984375 0.4521484375 0.0390625 0.048828125
0 0.47890625 0.3779296875 0.0390625 0.048828125
0 0.34296875 0.5107421875 0.0390625 0.048828125
0 0.19140625 0.5712890625 0.0390625 0.048828125
0 0.62421875 0.3193359375 0.0390625 0.048828125
0 0.51484375 0.4111328125 0.0390625 0.048828125
0 0.42109375 0.2001953125 0.0390625 0.048828125
0 0.57265625 0.5888671875 0.0390625 0.048828125
0 0.40390625 0.5009765625 0.0390625 0.048828125
0 0.59765625 0.5478515625 0.0390625 0.048828125
0 0.47578125 0.5654296875 0.0390625 0.048828125
0 0.49765625 0.7158203125 0.0390625 0.048828125
0 0.26953125 0.4462890625 0.0390625 0.048828125
0 0.44296875 0.3466796875 0.0390625 0.048828125
0 0.49296875 0.2646484375 0.0390625 0.048828125
0 0.64765625 0.4658203125 0.0390625 0.048828125
0 0.32109375 0.3642578125 0.0390625 0.048828125
0 0.38203125 0.3544921875 0.0390625 0.048828125
0 0.44765625 0.7998046875 0.0390625 0.048828125
0 0.58671875 0.4736328125 0.0390625 0.048828125
0 0.37109375 0.2822265625 0.0390625 0.048828125
0 0.43671875 0.7255859375 0.0390625 0.048828125
0 0.54921875 0.6318359375 0.0390625 0.048828125
0 0.33203125 0.4365234375 0.0390625 0.048828125
0 0.67265625 0.4248046875 0.0390625 0.048828125
0 0.21796875 0.5283203125 0.0390625 0.048828125
0 0.41171875 0.7685546875 0.0390625 0.048828125
0 0.69609375 0.3837890625 0.0390625 0.048828125
0 0.52265625 0.6728515625 0.0390625 0.048828125
