0 0.36953125 0.4462890625 0.0390625 0.048828125
0 0.546875 0.3037109375 0.0375 0.048828125
0 0.4609375 0.55859375 0.0375 0.046875
0 0.65234375 0.5703125 0.0390625 0.046875
0 0.52578125 0.3662109375 0.0390625 0.048828125
0 0.68125 0.767578125 0.0375 0.046875
0 0.4265625 0.470703125 0.0375 0.046875
0 0.60859375 0.6982421875 0.0390625 0.048828125
0 0.44140625 0.62109375 0.0390625 0.046875
0 0.565625 0.8212890625 0.040625 0.048828125
0 0.559375 0.4560546875 0.040625 0.044921875
0 0.48203125 0.49609375 0.0390625 0.046875
0 0.3515625 0.400390625 0.0375 0.046875
0 0.4546875 0.7734375 0.040625 0.046875
0 0.61640625 0.482421875 0.0390625 0.046875
0 0.5046875 0.43359375 0.0375 0.046875
0 0.40546875 0.533203125 0.0390625 0.046875
0 0.6046875 0.8046875 0.0375 0.046875
0 0.5265625 0.8408203125 0.040625 0.048828125
0 0.44765625 0.4052734375 0.0390625 0.048828125
0 0.4921875 0.755859375 0.040625 0.046875
0 0.475 0.7099609375 0.040625 0.048828125
0 0.384375 0.5966796875 0.0375 0.048828125
0 0.509375 0.796875 0.040625 0.046875
0 0.46875 0.341796875 0.0375 0.046875
0 0.478125 0.603515625 0.0375 0.046875
0 0.4203125 0.685546875 0.0375 0.046875
0 0.33125 0.4638671875 0.040625 0.048828125
0 0.6875 0.6611328125 0.0375 0.048828125
0 0.5171875 0.5830078125 0.040625 0.048828125
0 0.54296875 0.412109375 0.0390625 0.046875
0 0.5515625 0.671875 0.040625 0.046875
0 0.3484375 0.509765625 0.040625 0.046875
0 0.6640625 0.72265625 0.0375 0.046875
0 0.4015625 0.640625 0.0375 0.046875
0 0.64296875 0.78515625 0.0390625 0.046875
0 0.45703125 0.666015625 0.0390625 0.046875
0 0.5734375 0.6103515625 0.040625 0.044921875
0 0.590625 0.65234375 0.040625 0.046875
0 0.67421875 0.5087890625 0.0390625 0.048828125
0 0.6375 0.41796875 0.0375 0.046875
0 0.5484375 0.779296875 0.040625 0.046875
0 0.5875 0.759765625 0.0375 0.046875
0 0.44375 0.513671875 0.0375 0.046875
0 0.5953125 0.5458984375 0.0375 0.048828125
0 0.521875 0.4765625 0.040625 0.046875
0 0.63359375 0.52734375 0.0390625 0.05078125
0 0.31328125 0.41796875 0.0390625 0.046875
0 0.5390625 0.5205078125 0.040625 0.048828125
0 0.646875 0.6787109375 0.0375 0.048828125
0 0.53125 0.7353515625 0.040625 0.048828125
0 0.56875 0.7158203125 0.040625 0.048828125
0 0.496875 0.6484375 0.040625 0.046875
0 0.36640625 0.5546875 0.0390625 0.046875
0 0.5828125 0.392578125 0.040625 0.046875
0 0.60390625 0.328125 0.0390625 0.046875
0 0.5 0.541015625 0.040625 0.046875
0 0.471875 0.81640625 0.040625 0.046875
0 0.56484375 0.3466796875 0.0390625 0.048828125
0 0.7203125 0.74609375 0.040625 0.046875
0 0.70859375 0.595703125 0.0390625 0.046875
0 0.6296875 0.6328125 0.0375 0.046875
0 0.6109375 0.591796875 0.040625 0.046875
0 0.4859375 0.3876953125 0.0375 0.048828125
0 0.50703125 0.3212890625 0.0390625 0.048828125
0 0.46484375 0.451171875 0.0390625 0.046875
0 0.4078125 0.4267578125 0.040625 0.048828125
0 0.69140625 0.552734375 0.0390625 0.046875
0 0.42265625 0.5791015625 0.0390625 0.048828125
0 0.4296875 0.3603515625 0.040625 0.044921875
0 0.55625 0.5654296875 0.040625 0.048828125
0 0.43671875 0.7275390625 0.0390625 0.048828125
0 0.759375 0.7294921875 0.040625 0.044921875
0 0.5140625 0.6904296875 0.040625 0.048828125
0 0.534375 0.62890625 0.040625 0.046875
0 0.65703125 0.462890625 0.0390625 0.046875
0 0.7421875 0.6845703125 0.040625 0.048828125
0 0.59921875 0.4375 0.0390625 0.046875
0 0.72578125 0.6396484375 0.0390625 0.048828125
0 0.5765625 0.5 0.040625 0.046875
0 0.390625 0.380859375 0.040625 0.046875
0 0.66796875 0.615234375 0.0390625 0.046875
0 0.70234375 0.703125 0.0390625 0.046875
0 0.4890625 0.8583984375 0.040625 0.048828125
0 0.5859375 0.2822265625 0.040625 0.048828125
0 0.62109375 0.375 0.0390625 0.046875
0 0.38828125 0.48828125 0.0390625 0.046875
0 0.62578125 0.740234375 0.0390625 0.046875
