0 0.63046875 0.6552734375 0.0390625 0.048828125
0 0.22734375 0.6728515625 0.0390625 0.048828125
0 0.48046875 0.5966796875 0.0390625 0.048828125
0 0.33984375 0.4091796875 0.0390625 0.048828125
0 0.63671875 0.5224609375 0.0390625 0.048828125
0 0.32578125 0.6689453125 0.0390625 0.048828125
0 0.58203125 0.5908203125 0.0390625 0.048828125
0 0.18203125 0.6103515625 0.0390625 0.048828125
0 0.68046875 0.7216796875 0.0390625 0.048828125
0 0.43984375 0.4033203125 0.0390625 0.048828125
0 0.58828125 0.4599609375 0.0390625 0.048828125
0 0.52734375 0.6591796875 0.0390625 0.048828125
0 0.18984375 0.4814453125 0.0390625 0.048828125
0 0.48671875 0.4638671875 0.0390625 0.048828125
0 0.64296875 0.3896484375 0.0390625 0.048828125
0 0.38671875 0.4697265625 0.0390625 0.048828125
0 0.49296875 0.3349609375 0.0390625 0.048828125
0 0.28359375 0.5400390625 0.0390625 0.048828125
0 0.69140625 0.4541015625 0.0390625 0.048828125
0 0.23828125 0.4775390625 0.0390625 0.048828125
0 0.28046875 0.6044921875 0.0390625 0.048828125
0 0.53046875 0.5927734375 0.0390625 0.048828125
0 0.53671875 0.4619140625 0.0390625 0.048828125
0 0.47734375 0.6630859375 0.0390625 0.048828125
0 0.37890625 0.6005859375 0.0390625 0.048828125
0 0.57578125 0.7255859375 0.0390625 0.048828125
0 0.58515625 0.5244140625 0.0390625 0.048828125
0 0.48984375 0.3994140625 0.0390625 0.048828125
0 0.53984375 0.3955078125 0.0390625 0.048828125
0 0.24296875 0.4130859375 0.0390625 0.048828125
0 0.42578125 0.6630859375 0.0390625 0.048828125
0 0.23515625 0.5419921875 0.0390625 0.048828125
0 0.28828125 0.4755859375 0.0390625 0.048828125
0 0.37265625 0.7314453125 0.0390625 0.048828125
0 0.69453125 0.3876953125 0.0390625 0.048828125
0 0.19765625 0.3525390625 0.0390625 0.048828125
0 0.27265625 0.7373046875 0.0390625 0.048828125
0 0.37578125 0.6650390625 0.0390625 0.048828125
0 0.68203125 0.6552734375 0.0390625 0.048828125
0 0.52421875 0.7275390625 0.0390625 0.048828125
0 0.43359375 0.5322265625 0.0390625 0.048828125
0 0.62734375 0.7236328125 0.0390625 0.048828125
0 0.69765625 0.3212890625 0.0390625 0.048828125
0 0.23046875 0.6083984375 0.0390625 0.048828125
0 0.53359375 0.5283203125 0.0390625 0.048828125
0 0.33671875 0.4736328125 0.0390625 0.048828125
0 0.63359375 0.5888671875 0.0390625 0.048828125
0 0.39296875 0.3408203125 0.0390625 0.048828125
0 0.67734375 0.7900390625 0.0390625 0.048828125
0 0.41953125 0.7978515625 0.0390625 0.048828125
0 0.48359375 0.5302734375 0.0390625 0.048828125
0 0.47265625 0.7275390625 0.0390625 0.048828125
0 0.33359375 0.5380859375 0.0390625 0.048828125
0 0.59453125 0.3271484375 0.0390625 0.048828125
0 0.32890625 0.6025390625 0.0390625 0.048828125
0 0.24609375 0.3505859375 0.0390625 0.048828125
0 0.38984375 0.4052734375 0.0390625 0.048828125
0 0.29140625 0.4111328125 0.0390625 0.048828125
0 0.68515625 0.5869140625 0.0390625 0.048828125
0 0.31796875 0.7998046875 0.0390625 0.048828125
0 0.17734375 0.6748046875 0.0390625 0.048828125
0 0.17421875 0.7412109375 0.0390625 0.048828125
0 0.57890625 0.6572265625 0.0390625 0.048828125
0 0.29453125 0.3466796875 0.0390625 0.048828125
0 0.59140625 0.3935546875 0.0390625 0.048828125
0 0.46953125 0.7958984375 0.0390625 0.048828125
0 0.63984375 0.4560546875 0.0390625 0.048828125
0 0.52109375 0.7939453125 0.0390625 0.048828125
0 0.36796875 0.7998046875 0.0390625 0.048828125
0 0.62421875 0.7900390625 0.0390625 0.048828125
0 0.44296875 0.3369140625 0.0390625 0.048828125
0 0.38203125 0.5361328125 0.0390625 0.048828125
0 0.27578125 0.6708984375 0.0390625 0.048828125
0 0.19296875 0.4169921875 0.0390625 0.048828125
0 0.34453125 0.3447265625 0.0390625 0.048828125
0 0.42890625 0.5986328125 0.0390625 0.048828125
0 0.42265625 0.7294921875 0.0390625 0.048828125
0 0.43671875 0.4677734375 0.0390625 0.048828125
0 0.57265625 0.7919921875 0.0390625 0.048828125
0 0.21796875 0.8037109375 0.0390625 0.048828125
0 0.22265625 0.7392578125 0.0390625 0.048828125
0 0.64609375 0.3251953125 0.0390625 0.048828125
0 0.16953125 0.8056640625 0.0390625 0.048828125
0 0.54453125 0.3310546875 0.0390625 0.048828125
0 0.26796875 0.8017578125 0.0390625 0.048828125
0 0.32109375 0.7333984375 0.0390625 0.048828125
0 0.18515625 0.5458984375 0.0390625 0.048828125
0 0.68828125 0.5205078125 0.0390625 0.048828125
