0 0.3140625 0.59375 0.046875 0.0625
0 0.48828125 0.67578125 0.0453125 0.0625
0 0.446875 0.2646484375 0.046875 0.064453125
0 0.4734375 0.5146484375 0.046875 0.064453125
0 0.175 0.3544921875 0.046875 0.060546875
0 0.4796875 0.5927734375 0.04375 0.064453125
0 0.334375 0.2685546875 0.046875 0.064453125
0 0.6578125 0.673828125 0.046875 0.0625
0 0.6015625 0.673828125 0.046875 0.0625
0 0.20390625 0.5966796875 0.0453125 0.060546875
0 0.240625 0.4345703125 0.046875 0.064453125
0 0.5609375 0.2626953125 0.046875 0.060546875
0 0.5921875 0.59375 0.046875 0.0625
0 0.45625 0.349609375 0.046875 0.0625
0 0.56875 0.34375 0.046875 0.0625
0 0.415625 0.5126953125 0.046875 0.060546875
0 0.5546875 0.7568359375 0.046875 0.064453125
0 0.40625 0.4306640625 0.046875 0.060546875
0 0.54375 0.67578125 0.046875 0.0625
0 0.36875 0.5947265625 0.046875 0.064453125
0 0.25625 0.5966796875 0.046875 0.060546875
0 0.528125 0.5107421875 0.046875 0.064453125
0 0.6109375 0.1748046875 0.046875 0.064453125
0 0.2234375 0.26953125 0.04375 0.0625
0 0.5203125 0.4296875 0.046875 0.0625
0 0.49609375 0.7578125 0.0453125 0.0625
0 0.2953125 0.4326171875 0.046875 0.064453125
0 0.65 0.591796875 0.046875 0.0625
0 0.2125 0.67578125 0.046875 0.0625
0 0.2796875 0.26953125 0.046875 0.0625
0 0.23125 0.3525390625 0.04375 0.064453125
0 0.4234375 0.5947265625 0.046875 0.064453125
0 0.6421875 0.5087890625 0.046875 0.064453125
0 0.5515625 0.1767578125 0.046875 0.064453125
0 0.4953125 0.1796875 0.046875 0.0625
0 0.275 0.7568359375 0.046875 0.064453125
0 0.30625 0.515625 0.046875 0.0625
0 0.584375 0.5107421875 0.046875 0.064453125
0 0.1484375 0.5986328125 0.046875 0.064453125
0 0.1578125 0.6787109375 0.046875 0.060546875
0 0.61875 0.259765625 0.046875 0.0625
0 0.3765625 0.6748046875 0.046875 0.064453125
0 0.35 0.43359375 0.046875 0.0625
0 0.5109375 0.3466796875 0.046875 0.060546875
0 0.19375 0.5166015625 0.046875 0.064453125
0 0.5375 0.5927734375 0.046875 0.064453125
0 0.38125 0.1845703125 0.046875 0.064453125
0 0.2875 0.3525390625 0.046875 0.064453125
0 0.628125 0.341796875 0.046875 0.0625
0 0.1578125 0.1904296875 0.046875 0.064453125
0 0.5765625 0.4296875 0.046875 0.0625
0 0.38515625 0.7578125 0.0453125 0.0625
0 0.2203125 0.7587890625 0.046875 0.064453125
0 0.1859375 0.4365234375 0.046875 0.064453125
0 0.634375 0.4267578125 0.046875 0.064453125
0 0.1125 0.2744140625 0.046875 0.064453125
0 0.32890625 0.7568359375 0.0453125 0.064453125
0 0.43125 0.6748046875 0.046875 0.064453125
0 0.503125 0.2607421875 0.046875 0.064453125
0 0.26875 0.185546875 0.046875 0.0625
0 0.609375 0.7568359375 0.046875 0.064453125
0 0.165625 0.7578125 0.046875 0.0625
0 0.13125 0.435546875 0.046875 0.0625
0 0.440625 0.7578125 0.046875 0.0625
0 0.265625 0.6767578125 0.046875 0.064453125
0 0.321875 0.6767578125 0.046875 0.064453125
0 0.4640625 0.4306640625 0.046875 0.060546875
0 0.6765625 0.2578125 0.046875 0.0625
0 0.359375 0.5126953125 0.046875 0.060546875
0 0.140625 0.5166015625 0.046875 0.064453125
0 0.396875 0.3486328125 0.046875 0.064453125
0 0.7015625 0.5087890625 0.046875 0.064453125
0 0.4375 0.1826171875 0.046875 0.064453125
0 0.6921875 0.4248046875 0.046875 0.064453125
0 0.66875 0.1728515625 0.046875 0.064453125
0 0.709375 0.591796875 0.046875 0.0625
0 0.1671875 0.2724609375 0.046875 0.060546875
0 0.684375 0.341796875 0.046875 0.0625
0 0.2484375 0.515625 0.046875 0.0625
0 0.3890625 0.2666015625 0.046875 0.064453125
0 0.121875 0.3544921875 0.046875 0.060546875
0 0.3421875 0.3505859375 0.046875 0.064453125
0 0.665625 0.7568359375 0.046875 0.064453125
0 0.725 0.7568359375 0.046875 0.064453125
0 0.3234375 0.185546875 0.046875 0.0625
0 0.1046875 0.1923828125 0.046875 0.064453125
0 0.2140625 0.1884765625 0.046875 0.060546875
0 0.7171875 0.673828125 0.046875 0.0625
