0 0.69765625 0.591796875 0.0515625 0.06640625
0 0.4359375 0.232421875 0.05 0.06640625
0 0.67265625 0.3896484375 0.0515625 0.064453125
0 0.5765625 0.162109375 0.05 0.06640625
0 0.57890625 0.4404296875 0.0515625 0.064453125
0 0.53046875 0.3251953125 0.0484375 0.064453125
0 0.553125 0.8115234375 0.05 0.064453125
0 0.4109375 0.31640625 0.05 0.06640625
0 0.41015625 0.1787109375 0.0515625 0.064453125
0 0.26796875 0.2490234375 0.0484375 0.064453125
0 0.38671875 0.4013671875 0.0515625 0.064453125
0 0.57734375 0.3017578125 0.0484375 0.064453125
0 0.3609375 0.4833984375 0.05 0.064453125
0 0.553125 0.5244140625 0.05 0.064453125
0 0.69765625 0.4482421875 0.0515625 0.064453125
0 0.64921875 0.4716796875 0.0515625 0.064453125
0 0.553125 0.244140625 0.05 0.06640625
0 0.72265625 0.6494140625 0.0484375 0.064453125
0 0.62578125 0.416015625 0.0515625 0.06640625
0 0.79140625 0.5390625 0.0515625 0.06640625
0 0.60078125 0.640625 0.0484375 0.06640625
0 0.62421875 0.6982421875 0.0484375 0.064453125
0 0.43359375 0.5146484375 0.0515625 0.064453125
0 0.459375 0.1552734375 0.05 0.064453125
0 0.60234375 0.498046875 0.0515625 0.06640625
0 0.6 0.2197265625 0.05 0.064453125
0 0.53046875 0.6083984375 0.0484375 0.064453125
0 0.60078125 0.08203125 0.0484375 0.06640625
0 0.4828125 0.48828125 0.05 0.06640625
0 0.48203125 0.630859375 0.0484375 0.06640625
0 0.36171875 0.3427734375 0.0484375 0.064453125
0 0.57890625 0.724609375 0.0515625 0.06640625
0 0.74453125 0.4228515625 0.0515625 0.064453125
0 0.65 0.6142578125 0.05 0.064453125
0 0.6734375 0.6767578125 0.05 0.064453125
0 0.76953125 0.623046875 0.0484375 0.06640625
0 0.62421875 0.275390625 0.0484375 0.06640625
0 0.3875 0.2607421875 0.05 0.064453125
0 0.36484375 0.201171875 0.0515625 0.0625
0 0.5296875 0.466796875 0.05 0.06640625
0 0.38515625 0.541015625 0.0515625 0.06640625
0 0.696875 0.306640625 0.05 0.06640625
0 0.50703125 0.265625 0.0484375 0.06640625
0 0.76796875 0.4814453125 0.0515625 0.064453125
0 0.55390625 0.3837890625 0.0484375 0.064453125
0 0.67265625 0.2509765625 0.0515625 0.064453125
0 0.74765625 0.7080078125 0.0484375 0.064453125
0 0.48203125 0.3505859375 0.0484375 0.064453125
0 0.33828125 0.283203125 0.0484375 0.06640625
0 0.50625 0.40625 0.05 0.06640625
0 0.459375 0.4326171875 0.05 0.064453125
0 0.41015625 0.45703125 0.0515625 0.06640625
0 0.55390625 0.6669921875 0.0484375 0.064453125
0 0.57734375 0.58203125 0.0484375 0.06640625
0 0.31640625 0.365234375 0.0515625 0.06640625
0 0.6234375 0.1376953125 0.05 0.064453125
0 0.50625 0.5498046875 0.05 0.064453125
0 0.65 0.3330078125 0.05 0.064453125
0 0.50546875 0.693359375 0.0484375 0.06640625
0 0.53125 0.1865234375 0.05 0.064453125
0 0.5296875 0.7509765625 0.05 0.064453125
0 0.4359375 0.375 0.05 0.06640625
0 0.7203125 0.3662109375 0.05 0.064453125
0 0.4328125 0.6591796875 0.05 0.064453125
0 0.65078125 0.759765625 0.0515625 0.0625
0 0.46015625 0.2900390625 0.0484375 0.064453125
0 0.72109375 0.5048828125 0.0515625 0.064453125
0 0.3140625 0.224609375 0.05 0.06640625
0 0.7 0.734375 0.05 0.06640625
0 0.5078125 0.130859375 0.05 0.06640625
0 0.33984375 0.423828125 0.0515625 0.0625
0 0.60390625 0.78515625 0.0515625 0.06640625
0 0.81796875 0.5966796875 0.0484375 0.064453125
0 0.74453125 0.5654296875 0.0515625 0.064453125
0 0.79453125 0.681640625 0.0484375 0.06640625
0 0.67265625 0.529296875 0.0515625 0.06640625
0 0.84375 0.658203125 0.05 0.0625
0 0.48046875 0.7802734375 0.0515625 0.064453125
0 0.484375 0.212890625 0.05 0.06640625
0 0.64921875 0.193359375 0.0515625 0.06640625
0 0.62578125 0.5556640625 0.0515625 0.064453125
0 0.409375 0.599609375 0.05 0.06640625
0 0.45703125 0.7177734375 0.0515625 0.064453125
0 0.60078125 0.357421875 0.0484375 0.06640625
0 0.5546875 0.10546875 0.05 0.0625
0 0.28984375 0.306640625 0.0484375 0.06640625
0 0.45703125 0.5751953125 0.0515625 0.064453125
0 0.50390625 0.8408203125 0.0515625 0.064453125
