0 0.62109375 0.4150390625 0.0421875 0.048828125
0 0.4703125 0.4013671875 0.040625 0.052734375
0 0.5921875 0.568359375 0.040625 0.05078125
0 0.5578125 0.615234375 0.040625 0.05078125
0 0.5859375 0.462890625 0.040625 0.05078125
0 0.44453125 0.55078125 0.0390625 0.05078125
0 0.484375 0.6083984375 0.040625 0.048828125
0 0.390625 0.2880859375 0.040625 0.048828125
0 0.478125 0.50390625 0.040625 0.05078125
0 0.45 0.6552734375 0.040625 0.048828125
0 0.5171875 0.5615234375 0.040625 0.048828125
0 0.49921875 0.2451171875 0.0421875 0.052734375
0 0.41015625 0.6005859375 0.0390625 0.048828125
0 0.57421875 0.25390625 0.0390625 0.05078125
0 0.51171875 0.4560546875 0.0421875 0.052734375
0 0.67578125 0.73046875 0.0390625 0.05078125
0 0.43671875 0.4482421875 0.0421875 0.052734375
0 0.50546875 0.3525390625 0.0421875 0.048828125
0 0.39609375 0.3935546875 0.0390625 0.052734375
0 0.4640625 0.2958984375 0.040625 0.048828125
0 0.42421875 0.240234375 0.0390625 0.05078125
0 0.5796875 0.3583984375 0.040625 0.048828125
0 0.61484375 0.3095703125 0.0421875 0.052734375
0 0.63828125 0.7275390625 0.0390625 0.052734375
0 0.54609375 0.4091796875 0.0390625 0.052734375
0 0.44765625 0.6025390625 0.0421875 0.048828125
0 0.48046875 0.5556640625 0.0390625 0.048828125
0 0.47421875 0.453125 0.0390625 0.05078125
0 0.61796875 0.3623046875 0.0390625 0.048828125
0 0.62578125 0.5185546875 0.0390625 0.048828125
0 0.52421875 0.662109375 0.0390625 0.05078125
0 0.60078125 0.7236328125 0.0421875 0.052734375
0 0.50703125 0.4052734375 0.0421875 0.048828125
0 0.41640625 0.7021484375 0.0390625 0.048828125
0 0.52734375 0.7138671875 0.0421875 0.048828125
0 0.5890625 0.5146484375 0.040625 0.052734375
0 0.38671875 0.236328125 0.0390625 0.05078125
0 0.671875 0.6796875 0.040625 0.05078125
0 0.59453125 0.6201171875 0.0421875 0.048828125
0 0.63203125 0.623046875 0.0390625 0.05078125
0 0.42734375 0.2939453125 0.0421875 0.048828125
0 0.5640625 0.7197265625 0.040625 0.048828125
0 0.490625 0.7099609375 0.040625 0.048828125
0 0.53984375 0.3017578125 0.0390625 0.052734375
0 0.50078125 0.298828125 0.0421875 0.05078125
0 0.59921875 0.6728515625 0.0421875 0.048828125
0 0.6109375 0.2568359375 0.040625 0.048828125
0 0.60859375 0.2001953125 0.0421875 0.052734375
0 0.4140625 0.6494140625 0.040625 0.048828125
0 0.55234375 0.51171875 0.0390625 0.05078125
0 0.4546875 0.70703125 0.040625 0.05078125
0 0.65625 0.365234375 0.040625 0.05078125
0 0.43125 0.345703125 0.040625 0.05078125
0 0.4 0.4462890625 0.040625 0.052734375
0 0.51484375 0.5078125 0.0421875 0.05078125
0 0.56015625 0.6669921875 0.0390625 0.048828125
0 0.52109375 0.6123046875 0.0421875 0.048828125
0 0.5421875 0.35546875 0.040625 0.05078125
0 0.44140625 0.5009765625 0.0421875 0.048828125
0 0.46796875 0.3486328125 0.0390625 0.048828125
0 0.4953125 0.1923828125 0.040625 0.048828125
0 0.5484375 0.4609375 0.040625 0.05078125
0 0.665625 0.5732421875 0.040625 0.048828125
0 0.62421875 0.4677734375 0.0390625 0.052734375
0 0.58203125 0.412109375 0.0390625 0.05078125
0 0.4046875 0.4970703125 0.040625 0.048828125
0 0.66953125 0.6279296875 0.0390625 0.048828125
0 0.534375 0.1943359375 0.040625 0.048828125
0 0.65 0.2587890625 0.040625 0.048828125
0 0.6296875 0.5712890625 0.040625 0.048828125
0 0.45859375 0.189453125 0.0390625 0.05078125
0 0.5359375 0.2490234375 0.040625 0.048828125
0 0.5703125 0.197265625 0.040625 0.05078125
0 0.4203125 0.1865234375 0.040625 0.048828125
0 0.6359375 0.67578125 0.040625 0.05078125
0 0.55390625 0.5634765625 0.0390625 0.048828125
0 0.434375 0.3974609375 0.040625 0.048828125
0 0.39453125 0.3427734375 0.0390625 0.048828125
0 0.4625 0.2431640625 0.040625 0.052734375
0 0.64765625 0.203125 0.0390625 0.05078125
0 0.57578125 0.3056640625 0.0390625 0.048828125
0 0.4859375 0.66015625 0.040625 0.05078125
0 0.66171875 0.470703125 0.0390625 0.05078125
0 0.40625 0.548828125 0.040625 0.05078125
0 0.6515625 0.3125 0.040625 0.05078125
0 0.6640625 0.5224609375 0.040625 0.052734375
0 0.384375 0.1845703125 0.040625 0.048828125
0 0.6578125 0.4169921875 0.040625 0.048828125
