0 0.325 0.2919921875 0.0625 0.064453125
0 0.3375 0.8427734375 0.0625 0.064453125
0 0.3984375 0.6396484375 0.059375 0.068359375
0 0.590625 0.5673828125 0.059375 0.064453125
0 0.5921875 0.70703125 0.0625 0.06640625
0 0.53125 0.912109375 0.059375 0.06640625
0 0.390625 0.359375 0.0625 0.0625
0 0.2765625 0.9130859375 0.059375 0.064453125
0 0.596875 0.8427734375 0.059375 0.064453125
0 0.45859375 0.4296875 0.0609375 0.0625
0 0.65859375 0.7734375 0.0578125 0.06640625
0 0.65390625 0.634765625 0.0609375 0.0625
0 0.3953125 0.5 0.059375 0.0625
0 0.46484375 0.705078125 0.0609375 0.0625
0 0.46015625 0.5673828125 0.0578125 0.064453125
0 0.403125 0.775390625 0.0625 0.0625
0 0.5859375 0.2890625 0.0625 0.0625
0 0.334375 0.7080078125 0.0625 0.064453125
0 0.5875 0.4296875 0.059375 0.0625
0 0.5265625 0.6376953125 0.0625 0.064453125
0 0.5296875 0.775390625 0.0625 0.0625
0 0.46328125 0.775390625 0.0578125 0.0625
0 0.328125 0.431640625 0.0625 0.06640625
0 0.33125 0.5 0.0625 0.0625
0 0.596875 0.912109375 0.059375 0.06640625
0 0.721875 0.7734375 0.0625 0.06640625
0 0.65546875 0.705078125 0.0578125 0.0625
0 0.3359375 0.775390625 0.059375 0.0625
0 0.521875 0.498046875 0.059375 0.06640625
0 0.528125 0.70703125 0.059375 0.06640625
0 0.66015625 0.912109375 0.0609375 0.06640625
0 0.59375 0.7734375 0.059375 0.06640625
0 0.7140625 0.3564453125 0.059375 0.064453125
0 0.64921875 0.287109375 0.0578125 0.06640625
0 0.65234375 0.427734375 0.0578125 0.06640625
0 0.3328125 0.5693359375 0.059375 0.068359375
0 0.3328125 0.6376953125 0.059375 0.064453125
0 0.46640625 0.8447265625 0.0578125 0.068359375
0 0.65234375 0.4970703125 0.0578125 0.064453125
0 0.45390625 0.2919921875 0.0578125 0.064453125
0 0.46328125 0.6376953125 0.0578125 0.064453125
0 0.71875 0.4970703125 0.0625 0.064453125
0 0.271875 0.77734375 0.0625 0.06640625
0 0.3265625 0.3623046875 0.059375 0.064453125
0 0.4046875 0.9130859375 0.059375 0.064453125
0 0.525 0.5673828125 0.059375 0.064453125
0 0.2625 0.3623046875 0.0625 0.064453125
0 0.7203125 0.63671875 0.059375 0.06640625
0 0.45859375 0.498046875 0.0609375 0.06640625
0 0.521875 0.4296875 0.059375 0.0625
0 0.2640625 0.5 0.059375 0.0625
0 0.2671875 0.6376953125 0.059375 0.064453125
0 0.590625 0.6376953125 0.059375 0.064453125
0 0.46796875 0.912109375 0.0609375 0.06640625
0 0.66015625 0.8427734375 0.0609375 0.064453125
0 0.5203125 0.361328125 0.0625 0.06640625
0 0.7171875 0.427734375 0.059375 0.06640625
0 0.721875 0.705078125 0.0625 0.0625
0 0.7265625 0.9130859375 0.059375 0.064453125
0 0.45703125 0.359375 0.0578125 0.0625
0 0.340625 0.9130859375 0.0625 0.064453125
0 0.53125 0.8427734375 0.059375 0.064453125
0 0.5890625 0.5 0.0625 0.0625
0 0.4015625 0.7080078125 0.059375 0.064453125
0 0.51875 0.2890625 0.059375 0.0625
0 0.65546875 0.5693359375 0.0578125 0.068359375
0 0.71875 0.5673828125 0.0625 0.064453125
0 0.3921875 0.4296875 0.059375 0.0625
0 0.45390625 0.2197265625 0.0578125 0.068359375
0 0.65078125 0.359375 0.0609375 0.0625
0 0.403125 0.8447265625 0.0625 0.068359375
0 0.396875 0.5712890625 0.0625 0.064453125
0 0.3234375 0.2216796875 0.059375 0.064453125
0 0.3890625 0.291015625 0.059375 0.06640625
0 0.584375 0.359375 0.059375 0.0625
0 0.2703125 0.7080078125 0.059375 0.064453125
0 0.7234375 0.8427734375 0.059375 0.064453125
0 0.64921875 0.2177734375 0.0578125 0.064453125
0 0.2640625 0.431640625 0.059375 0.06640625
0 0.3890625 0.2177734375 0.059375 0.064453125
0 0.2734375 0.8427734375 0.059375 0.064453125
0 0.5171875 0.2177734375 0.0625 0.064453125
0 0.5828125 0.2177734375 0.0625 0.064453125
0 0.7140625 0.287109375 0.059375 0.06640625
0 0.2609375 0.2919921875 0.059375 0.064453125
0 0.265625 0.5693359375 0.0625 0.068359375
0 0.2578125 0.2216796875 0.059375 0.064453125
0 0.7125 0.21484375 0.0625 0.0625
