0 0.47578125 0.4443359375 0.0390625 0.048828125
0 0.62109375 0.4443359375 0.0390625 0.048828125
0 0.49453125 0.5947265625 0.0390625 0.048828125
0 0.52578125 0.6435546875 0.0390625 0.048828125
0 0.50703125 0.4931640625 0.0390625 0.048828125
0 0.63984375 0.5888671875 0.0390625 0.048828125
0 0.5984375 0.640625 0.040625 0.046875
0 0.70703125 0.3408203125 0.0390625 0.052734375
0 0.60859375 0.541015625 0.0390625 0.046875
0 0.6296875 0.6884765625 0.040625 0.048828125
0 0.56796875 0.5927734375 0.0421875 0.048828125
0 0.60234375 0.291015625 0.0390625 0.046875
0 0.6703125 0.640625 0.040625 0.046875
0 0.52890625 0.291015625 0.0421875 0.046875
0 0.5796875 0.4931640625 0.040625 0.048828125
0 0.4046875 0.7431640625 0.040625 0.048828125
0 0.65234375 0.490234375 0.0390625 0.046875
0 0.58984375 0.3935546875 0.0390625 0.048828125
0 0.69453125 0.4423828125 0.0390625 0.048828125
0 0.63359375 0.3427734375 0.0390625 0.048828125
0 0.67578125 0.291015625 0.0390625 0.046875
0 0.5171875 0.3935546875 0.040625 0.048828125
0 0.4859375 0.3427734375 0.040625 0.048828125
0 0.4421875 0.7451171875 0.040625 0.048828125
0 0.5484375 0.4443359375 0.040625 0.048828125
0 0.63359375 0.6376953125 0.0390625 0.048828125
0 0.6046875 0.5927734375 0.040625 0.048828125
0 0.61484375 0.4931640625 0.0390625 0.048828125
0 0.48203125 0.3935546875 0.0390625 0.048828125
0 0.46484375 0.5439453125 0.0390625 0.048828125
0 0.55703125 0.6884765625 0.0390625 0.048828125
0 0.47734375 0.7431640625 0.0390625 0.048828125
0 0.5859375 0.4423828125 0.040625 0.048828125
0 0.65859375 0.7373046875 0.0390625 0.048828125
0 0.55078125 0.740234375 0.0390625 0.046875
0 0.50078125 0.5439453125 0.0390625 0.048828125
0 0.71328125 0.291015625 0.0390625 0.046875
0 0.4109375 0.6943359375 0.040625 0.048828125
0 0.48984375 0.6435546875 0.0390625 0.048828125
0 0.45234375 0.6435546875 0.0390625 0.048828125
0 0.66953125 0.3427734375 0.0390625 0.048828125
0 0.51484375 0.740234375 0.0390625 0.046875
0 0.5859375 0.7373046875 0.040625 0.048828125
0 0.55859375 0.3427734375 0.0390625 0.048828125
0 0.5984375 0.3427734375 0.040625 0.048828125
0 0.48359375 0.6943359375 0.0390625 0.048828125
0 0.4921875 0.291015625 0.040625 0.046875
0 0.4984375 0.2373046875 0.040625 0.048828125
0 0.66328125 0.6865234375 0.0390625 0.048828125
0 0.53671875 0.5439453125 0.0421875 0.048828125
0 0.6234375 0.7373046875 0.040625 0.048828125
0 0.44453125 0.3935546875 0.0390625 0.048828125
0 0.66328125 0.392578125 0.0390625 0.05078125
0 0.68828125 0.490234375 0.0390625 0.046875
0 0.5734375 0.541015625 0.040625 0.046875
0 0.52109375 0.6923828125 0.0390625 0.048828125
0 0.5609375 0.6435546875 0.040625 0.048828125
0 0.5546875 0.3935546875 0.040625 0.048828125
0 0.64609375 0.541015625 0.0390625 0.046875
0 0.62734375 0.390625 0.0390625 0.046875
0 0.60859375 0.240234375 0.0390625 0.046875
0 0.54453125 0.4931640625 0.0390625 0.048828125
0 0.42109375 0.5947265625 0.0390625 0.048828125
0 0.46953125 0.4951171875 0.0390625 0.048828125
0 0.51328125 0.4443359375 0.0390625 0.048828125
0 0.68203125 0.541015625 0.0390625 0.046875
0 0.41484375 0.6455078125 0.0390625 0.048828125
0 0.57109375 0.240234375 0.0390625 0.046875
0 0.4546875 0.291015625 0.040625 0.046875
0 0.45859375 0.5947265625 0.0390625 0.048828125
0 0.64453125 0.240234375 0.0390625 0.046875
0 0.5671875 0.291015625 0.040625 0.046875
0 0.5359375 0.2373046875 0.040625 0.048828125
0 0.68203125 0.240234375 0.0390625 0.046875
0 0.44609375 0.6943359375 0.0390625 0.048828125
0 0.53203125 0.5927734375 0.0390625 0.048828125
0 0.65859375 0.4423828125 0.0390625 0.048828125
0 0.69921875 0.3935546875 0.0421875 0.048828125
0 0.63828125 0.291015625 0.0390625 0.046875
0 0.46015625 0.2373046875 0.0421875 0.048828125
0 0.5234375 0.3427734375 0.040625 0.048828125
0 0.5921875 0.6884765625 0.040625 0.048828125
0 0.43203125 0.4951171875 0.0390625 0.048828125
0 0.67734375 0.5888671875 0.0390625 0.048828125
0 0.45078125 0.3427734375 0.0390625 0.048828125
0 0.42734375 0.5439453125 0.0390625 0.048828125
0 0.7171875 0.240234375 0.040625 0.046875
0 0.43828125 0.4443359375 0.0390625 0.048828125
