0 0.52421875 0.5986328125 0.0578125 0.064453125
0 0.71015625 0.5361328125 0.0578125 0.068359375
0 0.64765625 0.7333984375 0.0578125 0.068359375
0 0.4 0.59375 0.05625 0.06640625
0 0.71015625 0.4697265625 0.0578125 0.064453125
0 0.5265625 0.3330078125 0.059375 0.068359375
0 0.40390625 0.3310546875 0.0578125 0.068359375
0 0.4640625 0.265625 0.059375 0.06640625
0 0.83125 0.671875 0.05625 0.06640625
0 0.71015625 0.2734375 0.0578125 0.06640625
0 0.7703125 0.47265625 0.059375 0.06640625
0 0.64765625 0.40234375 0.0578125 0.06640625
0 0.21171875 0.65625 0.0578125 0.06640625
0 0.64765625 0.4677734375 0.0578125 0.064453125
0 0.2765625 0.45703125 0.059375 0.06640625
0 0.2765625 0.3916015625 0.059375 0.064453125
0 0.40390625 0.4599609375 0.0578125 0.064453125
0 0.58671875 0.5986328125 0.0578125 0.064453125
0 0.83125 0.474609375 0.05625 0.06640625
0 0.7703125 0.73828125 0.059375 0.06640625
0 0.21640625 0.3896484375 0.0578125 0.064453125
0 0.5265625 0.2685546875 0.059375 0.064453125
0 0.27421875 0.65625 0.0578125 0.06640625
0 0.27421875 0.5908203125 0.0578125 0.064453125
0 0.71015625 0.6689453125 0.0578125 0.064453125
0 0.83125 0.3427734375 0.05625 0.068359375
0 0.7078125 0.404296875 0.059375 0.06640625
0 0.58671875 0.5322265625 0.0578125 0.068359375
0 0.27890625 0.3251953125 0.0578125 0.068359375
0 0.52421875 0.5322265625 0.0578125 0.068359375
0 0.58671875 0.271484375 0.0578125 0.06640625
0 0.3390625 0.5263671875 0.059375 0.068359375
0 0.4 0.5263671875 0.05625 0.068359375
0 0.4640625 0.529296875 0.059375 0.06640625
0 0.83125 0.4091796875 0.05625 0.064453125
0 0.64765625 0.337890625 0.0578125 0.06640625
0 0.64765625 0.666015625 0.0578125 0.06640625
0 0.3390625 0.39453125 0.059375 0.06640625
0 0.21640625 0.3251953125 0.0578125 0.068359375
0 0.5265625 0.46484375 0.059375 0.06640625
0 0.40390625 0.263671875 0.0578125 0.06640625
0 0.52421875 0.7314453125 0.0578125 0.068359375
0 0.64765625 0.5341796875 0.0578125 0.068359375
0 0.83125 0.5400390625 0.05625 0.068359375
0 0.83125 0.73828125 0.05625 0.06640625
0 0.71015625 0.3408203125 0.0578125 0.068359375
0 0.83125 0.6064453125 0.05625 0.064453125
0 0.58671875 0.46484375 0.0578125 0.06640625
0 0.64765625 0.271484375 0.0578125 0.06640625
0 0.7703125 0.671875 0.059375 0.06640625
0 0.7078125 0.7353515625 0.059375 0.068359375
0 0.2765625 0.5234375 0.059375 0.06640625
0 0.4 0.6591796875 0.05625 0.064453125
0 0.27265625 0.724609375 0.0578125 0.06640625
0 0.3390625 0.3271484375 0.059375 0.068359375
0 0.21171875 0.5869140625 0.0578125 0.068359375
0 0.40390625 0.39453125 0.0578125 0.06640625
0 0.771875 0.3427734375 0.05625 0.068359375
0 0.52421875 0.6640625 0.0578125 0.06640625
0 0.5265625 0.3994140625 0.059375 0.064453125
0 0.64765625 0.6005859375 0.0578125 0.064453125
0 0.39765625 0.7275390625 0.0578125 0.068359375
0 0.58515625 0.7333984375 0.0578125 0.068359375
0 0.3421875 0.2607421875 0.05625 0.064453125
0 0.7703125 0.4072265625 0.059375 0.064453125
0 0.71015625 0.603515625 0.0578125 0.06640625
0 0.46171875 0.6611328125 0.0578125 0.064453125
0 0.21796875 0.2587890625 0.0578125 0.064453125
0 0.2140625 0.455078125 0.059375 0.06640625
0 0.33671875 0.59375 0.0578125 0.06640625
0 0.58671875 0.6640625 0.0578125 0.06640625
0 0.33671875 0.6591796875 0.0578125 0.064453125
0 0.7703125 0.603515625 0.059375 0.06640625
0 0.4640625 0.595703125 0.059375 0.06640625
0 0.58671875 0.40234375 0.0578125 0.06640625
0 0.7703125 0.5361328125 0.059375 0.068359375
0 0.58671875 0.3349609375 0.0578125 0.068359375
0 0.771875 0.2763671875 0.05625 0.064453125
0 0.2140625 0.5205078125 0.059375 0.064453125
0 0.3390625 0.4599609375 0.059375 0.064453125
0 0.4640625 0.3330078125 0.059375 0.068359375
0 0.27890625 0.2587890625 0.0578125 0.064453125
0 0.33671875 0.7255859375 0.0578125 0.068359375
0 0.46171875 0.7275390625 0.0578125 0.068359375
0 0.4640625 0.462890625 0.059375 0.06640625
0 0.4640625 0.3974609375 0.059375 0.064453125
0 0.21015625 0.7216796875 0.0578125 0.064453125
0 0.83125 0.2783203125 0.05625 0.064453125
