0 0.32109375 0.4560546875 0.0390625 0.048828125
0 0.27890625 0.6572265625 0.0390625 0.048828125
0 0.27890625 0.7080078125 0.0390625 0.048828125
0 0.19296875 0.6572265625 0.0390625 0.048828125
0 0.40703125 0.4560546875 0.0390625 0.048828125
0 0.36640625 0.7060546875 0.0390625 0.048828125
0 0.36640625 0.6552734375 0.0390625 0.048828125
0 0.32265625 0.6572265625 0.0390625 0.048828125
0 0.57890625 0.5048828125 0.0390625 0.048828125
0 0.27890625 0.4560546875 0.0390625 0.048828125
0 0.49453125 0.5537109375 0.0390625 0.048828125
0 0.45234375 0.7060546875 0.0390625 0.048828125
0 0.58046875 0.5537109375 0.0390625 0.048828125
0 0.19296875 0.4560546875 0.0390625 0.048828125
0 0.40859375 0.6044921875 0.0390625 0.048828125
0 0.23671875 0.6572265625 0.0390625 0.048828125
0 0.62578125 0.7060546875 0.0390625 0.048828125
0 0.23515625 0.4560546875 0.0390625 0.048828125
0 0.49296875 0.4541015625 0.0390625 0.048828125
0 0.53984375 0.7060546875 0.0390625 0.048828125
0 0.40859375 0.6552734375 0.0390625 0.048828125
0 0.36484375 0.4560546875 0.0390625 0.048828125
0 0.40703125 0.4052734375 0.0390625 0.048828125
0 0.27890625 0.6064453125 0.0390625 0.048828125
0 0.32265625 0.6064453125 0.0390625 0.048828125
0 0.58203125 0.6552734375 0.0390625 0.048828125
0 0.27890625 0.5068359375 0.0390625 0.048828125
0 0.53984375 0.7568359375 0.0390625 0.048828125
0 0.49296875 0.5048828125 0.0390625 0.048828125
0 0.49609375 0.6552734375 0.0390625 0.048828125
0 0.49453125 0.6044921875 0.0390625 0.048828125
0 0.57890625 0.4541015625 0.0390625 0.048828125
0 0.49609375 0.7060546875 0.0390625 0.048828125
0 0.19296875 0.7080078125 0.0390625 0.048828125
0 0.45234375 0.6552734375 0.0390625 0.048828125
0 0.19296875 0.7587890625 0.0390625 0.048828125
0 0.62265625 0.5048828125 0.0390625 0.048828125
0 0.58046875 0.6044921875 0.0390625 0.048828125
0 0.27734375 0.4072265625 0.0390625 0.048828125
0 0.32265625 0.5556640625 0.0390625 0.048828125
0 0.41015625 0.7060546875 0.0390625 0.048828125
0 0.36328125 0.4052734375 0.0390625 0.048828125
0 0.32265625 0.7080078125 0.0390625 0.048828125
0 0.19296875 0.6064453125 0.0390625 0.048828125
0 0.53671875 0.5048828125 0.0390625 0.048828125
0 0.58359375 0.7060546875 0.0390625 0.048828125
0 0.45390625 0.7568359375 0.0390625 0.048828125
0 0.53828125 0.6552734375 0.0390625 0.048828125
0 0.40859375 0.5556640625 0.0390625 0.048828125
0 0.36484375 0.6064453125 0.0390625 0.048828125
0 0.62578125 0.6552734375 0.0390625 0.048828125
0 0.23671875 0.6064453125 0.0390625 0.048828125
0 0.49140625 0.4052734375 0.0390625 0.048828125
0 0.36484375 0.5048828125 0.0390625 0.048828125
0 0.19296875 0.5068359375 0.0390625 0.048828125
0 0.23515625 0.5556640625 0.0390625 0.048828125
0 0.28046875 0.7587890625 0.0390625 0.048828125
0 0.32109375 0.4052734375 0.0390625 0.048828125
0 0.36640625 0.7587890625 0.0390625 0.048828125
0 0.44921875 0.4052734375 0.0390625 0.048828125
0 0.49765625 0.7568359375 0.0390625 0.048828125
0 0.62109375 0.4541015625 0.0390625 0.048828125
0 0.53515625 0.4541015625 0.0390625 0.048828125
0 0.41015625 0.7587890625 0.0390625 0.048828125
0 0.57734375 0.4033203125 0.0390625 0.048828125
0 0.19296875 0.5576171875 0.0390625 0.048828125
0 0.62734375 0.7568359375 0.0390625 0.048828125
0 0.62109375 0.4033203125 0.0390625 0.048828125
0 0.58359375 0.7568359375 0.0390625 0.048828125
0 0.53515625 0.4052734375 0.0390625 0.048828125
0 0.23515625 0.4072265625 0.0390625 0.048828125
0 0.19296875 0.4072265625 0.0390625 0.048828125
0 0.27890625 0.5556640625 0.0390625 0.048828125
0 0.45078125 0.5556640625 0.0390625 0.048828125
0 0.40703125 0.5048828125 0.0390625 0.048828125
0 0.32265625 0.7587890625 0.0390625 0.048828125
0 0.23671875 0.7587890625 0.0390625 0.048828125
0 0.44921875 0.4541015625 0.0390625 0.048828125
0 0.32109375 0.5068359375 0.0390625 0.048828125
0 0.53828125 0.6044921875 0.0390625 0.048828125
0 0.45234375 0.6044921875 0.0390625 0.048828125
0 0.62421875 0.6044921875 0.0390625 0.048828125
0 0.45078125 0.5048828125 0.0390625 0.048828125
0 0.36484375 0.5556640625 0.0390625 0.048828125
0 0.23671875 0.7080078125 0.0390625 0.048828125
0 0.23515625 0.5068359375 0.0390625 0.048828125
0 0.62265625 0.5537109375 0.0390625 0.048828125
0 0.53671875 0.5537109375 0.0390625 0.048828125
