0 0.66640625 0.2724609375 0.0390625 0.048828125
0 0.65390625 0.4912109375 0.0390625 0.048828125
0 0.61953125 0.5537109375 0.0390625 0.048828125
0 0.68984375 0.7607421875 0.0390625 0.048828125
0 0.46640625 0.3623046875 0.0390625 0.048828125
0 0.63203125 0.3330078125 0.0390625 0.048828125
0 0.51484375 0.4091796875 0.0390625 0.048828125
0 0.60703125 0.7763671875 0.0390625 0.048828125
0 0.60546875 0.4462890625 0.0390625 0.048828125
0 0.72890625 0.4248046875 0.0390625 0.048828125
0 0.64140625 0.7138671875 0.0390625 0.048828125
0 0.56328125 0.4541015625 0.0390625 0.048828125
0 0.49453125 0.2490234375 0.0390625 0.048828125
0 0.52890625 0.5146484375 0.0390625 0.048828125
0 0.54921875 0.3486328125 0.0390625 0.048828125
0 0.41796875 0.3173828125 0.0390625 0.048828125
0 0.68203125 0.3798828125 0.0390625 0.048828125
0 0.57109375 0.5068359375 0.0390625 0.048828125
0 0.61796875 0.2275390625 0.0390625 0.048828125
0 0.57890625 0.5615234375 0.0390625 0.048828125
0 0.73203125 0.7529296875 0.0390625 0.048828125
0 0.59296875 0.6689453125 0.0390625 0.048828125
0 0.66796875 0.5986328125 0.0390625 0.048828125
0 0.54296875 0.6220703125 0.0390625 0.048828125
0 0.50078125 0.3017578125 0.0390625 0.048828125
0 0.43984375 0.4755859375 0.0390625 0.048828125
0 0.71484375 0.3173828125 0.0390625 0.048828125
0 0.70234375 0.5380859375 0.0390625 0.048828125
0 0.64609375 0.4384765625 0.0390625 0.048828125
0 0.58359375 0.2880859375 0.0390625 0.048828125
0 0.69609375 0.4853515625 0.0390625 0.048828125
0 0.48046875 0.4697265625 0.0390625 0.048828125
0 0.70078125 0.2119140625 0.0390625 0.048828125
0 0.59765625 0.3935546875 0.0390625 0.048828125
0 0.68359375 0.7060546875 0.0390625 0.048828125
0 0.52421875 0.7919921875 0.0390625 0.048828125
0 0.61171875 0.4990234375 0.0390625 0.048828125
0 0.45234375 0.2568359375 0.0390625 0.048828125
0 0.55859375 0.7294921875 0.0390625 0.048828125
0 0.66171875 0.5458984375 0.0390625 0.048828125
0 0.62734375 0.6064453125 0.0390625 0.048828125
0 0.71015625 0.5908203125 0.0390625 0.048828125
0 0.49453125 0.5751953125 0.0390625 0.048828125
0 0.43203125 0.4228515625 0.0390625 0.048828125
0 0.72421875 0.6982421875 0.0390625 0.048828125
0 0.53515625 0.2412109375 0.0390625 0.048828125
0 0.74453125 0.5302734375 0.0390625 0.048828125
0 0.72265625 0.3720703125 0.0390625 0.048828125
0 0.44609375 0.5302734375 0.0390625 0.048828125
0 0.66015625 0.2197265625 0.0390625 0.048828125
0 0.75078125 0.5849609375 0.0390625 0.048828125
0 0.51015625 0.6826171875 0.0390625 0.048828125
0 0.67578125 0.6533203125 0.0390625 0.048828125
0 0.76640625 0.6904296875 0.0390625 0.048828125
0 0.71796875 0.6435546875 0.0390625 0.048828125
0 0.48828125 0.5224609375 0.0390625 0.048828125
0 0.53671875 0.5693359375 0.0390625 0.048828125
0 0.55703125 0.4013671875 0.0390625 0.048828125
0 0.52265625 0.4619140625 0.0390625 0.048828125
0 0.47578125 0.7451171875 0.0390625 0.048828125
0 0.55078125 0.6748046875 0.0390625 0.048828125
0 0.51640625 0.7373046875 0.0390625 0.048828125
0 0.50234375 0.6298828125 0.0390625 0.048828125
0 0.58515625 0.6142578125 0.0390625 0.048828125
0 0.57734375 0.2333984375 0.0390625 0.048828125
0 0.59921875 0.7216796875 0.0390625 0.048828125
0 0.67421875 0.3251953125 0.0390625 0.048828125
0 0.73671875 0.4775390625 0.0390625 0.048828125
0 0.48203125 0.7998046875 0.0390625 0.048828125
0 0.63359375 0.6611328125 0.0390625 0.048828125
0 0.75859375 0.6376953125 0.0390625 0.048828125
0 0.62578125 0.2802734375 0.0390625 0.048828125
0 0.46015625 0.6376953125 0.0390625 0.048828125
0 0.46796875 0.6904296875 0.0390625 0.048828125
0 0.45390625 0.5830078125 0.0390625 0.048828125
0 0.42421875 0.3701171875 0.0390625 0.048828125
0 0.54296875 0.2939453125 0.0390625 0.048828125
0 0.41015625 0.2626953125 0.0390625 0.048828125
0 0.50859375 0.3544921875 0.0390625 0.048828125
0 0.47421875 0.4150390625 0.0390625 0.048828125
0 0.77421875 0.7451171875 0.0390625 0.048828125
0 0.56640625 0.7841796875 0.0390625 0.048828125
0 0.70859375 0.2646484375 0.0390625 0.048828125
0 0.59140625 0.3408203125 0.0390625 0.048828125
0 0.64921875 0.7685546875 0.0390625 0.048828125
0 0.68828125 0.4326171875 0.0390625 0.048828125
0 0.63984375 0.3857421875 0.0390625 0.048828125
0 0.46015625 0.3095703125 0.0390625 0.048828125
