0 0.56171875 0.5947265625 0.0390625 0.048828125
0 0.30078125 0.5498046875 0.0390625 0.048828125
0 0.42734375 0.4384765625 0.0390625 0.048828125
0 0.46484375 0.3310546875 0.0390625 0.048828125
0 0.60078125 0.4873046875 0.0390625 0.048828125
0 0.60546875 0.5927734375 0.0390625 0.048828125
0 0.51484375 0.4892578125 0.0390625 0.048828125
0 0.47578125 0.5966796875 0.0390625 0.048828125
0 0.51328125 0.4365234375 0.0390625 0.048828125
0 0.46328125 0.2783203125 0.0390625 0.048828125
0 0.55078125 0.3291015625 0.0390625 0.048828125
0 0.51953125 0.5966796875 0.0390625 0.048828125
0 0.25234375 0.3896484375 0.0390625 0.048828125
0 0.26171875 0.6591796875 0.0390625 0.048828125
0 0.33515625 0.2802734375 0.0390625 0.048828125
0 0.30546875 0.6572265625 0.0390625 0.048828125
0 0.37734375 0.2802734375 0.0390625 0.048828125
0 0.68828125 0.5380859375 0.0390625 0.048828125
0 0.29765625 0.4423828125 0.0390625 0.048828125
0 0.65078125 0.6455078125 0.0390625 0.048828125
0 0.38828125 0.5458984375 0.0390625 0.048828125
0 0.46953125 0.4365234375 0.0390625 0.048828125
0 0.42265625 0.3330078125 0.0390625 0.048828125
0 0.55546875 0.4345703125 0.0390625 0.048828125
0 0.29140625 0.2822265625 0.0390625 0.048828125
0 0.68515625 0.4853515625 0.0390625 0.048828125
0 0.67578125 0.2724609375 0.0390625 0.048828125
0 0.38359375 0.4404296875 0.0390625 0.048828125
0 0.39296875 0.6533203125 0.0390625 0.048828125
0 0.64296875 0.4853515625 0.0390625 0.048828125
0 0.68984375 0.5908203125 0.0390625 0.048828125
0 0.33828125 0.3876953125 0.0390625 0.048828125
0 0.34921875 0.6552734375 0.0390625 0.048828125
0 0.51015625 0.3837890625 0.0390625 0.048828125
0 0.64765625 0.5927734375 0.0390625 0.048828125
0 0.63828125 0.3798828125 0.0390625 0.048828125
0 0.33671875 0.3349609375 0.0390625 0.048828125
0 0.55390625 0.3818359375 0.0390625 0.048828125
0 0.34140625 0.4404296875 0.0390625 0.048828125
0 0.38671875 0.4931640625 0.0390625 0.048828125
0 0.63515625 0.3271484375 0.0390625 0.048828125
0 0.42421875 0.3857421875 0.0390625 0.048828125
0 0.51640625 0.5419921875 0.0390625 0.048828125
0 0.60234375 0.5400390625 0.0390625 0.048828125
0 0.29921875 0.4951171875 0.0390625 0.048828125
0 0.56015625 0.5419921875 0.0390625 0.048828125
0 0.47265625 0.4912109375 0.0390625 0.048828125
0 0.34609375 0.6025390625 0.0390625 0.048828125
0 0.56484375 0.6494140625 0.0390625 0.048828125
0 0.25390625 0.4443359375 0.0390625 0.048828125
0 0.42109375 0.2783203125 0.0390625 0.048828125
0 0.43359375 0.5986328125 0.0390625 0.048828125
0 0.67890625 0.3251953125 0.0390625 0.048828125
0 0.68046875 0.3779296875 0.0390625 0.048828125
0 0.30390625 0.6025390625 0.0390625 0.048828125
0 0.47421875 0.5439453125 0.0390625 0.048828125
0 0.38984375 0.6005859375 0.0390625 0.048828125
0 0.59765625 0.4345703125 0.0390625 0.048828125
0 0.38046875 0.3330078125 0.0390625 0.048828125
0 0.42890625 0.4912109375 0.0390625 0.048828125
0 0.59296875 0.3271484375 0.0390625 0.048828125
0 0.50859375 0.3291015625 0.0390625 0.048828125
0 0.43046875 0.5458984375 0.0390625 0.048828125
0 0.59609375 0.3798828125 0.0390625 0.048828125
0 0.25078125 0.3369140625 0.0390625 0.048828125
0 0.47890625 0.6513671875 0.0390625 0.048828125
0 0.34453125 0.5478515625 0.0390625 0.048828125
0 0.46796875 0.3837890625 0.0390625 0.048828125
0 0.64140625 0.4326171875 0.0390625 0.048828125
0 0.69296875 0.6455078125 0.0390625 0.048828125
0 0.24921875 0.2822265625 0.0390625 0.048828125
0 0.34296875 0.4931640625 0.0390625 0.048828125
0 0.54921875 0.2763671875 0.0390625 0.048828125
0 0.29609375 0.3876953125 0.0390625 0.048828125
0 0.55703125 0.4873046875 0.0390625 0.048828125
0 0.60703125 0.6474609375 0.0390625 0.048828125
0 0.64453125 0.5400390625 0.0390625 0.048828125
0 0.52109375 0.6494140625 0.0390625 0.048828125
0 0.26015625 0.6044921875 0.0390625 0.048828125
0 0.43515625 0.6533203125 0.0390625 0.048828125
0 0.59140625 0.2744140625 0.0390625 0.048828125
0 0.29453125 0.3349609375 0.0390625 0.048828125
0 0.63359375 0.2744140625 0.0390625 0.048828125
0 0.50546875 0.2763671875 0.0390625 0.048828125
0 0.38203125 0.3857421875 0.0390625 0.048828125
0 0.25703125 0.5498046875 0.0390625 0.048828125
0 0.25546875 0.4970703125 0.0390625 0.048828125
0 0.68359375 0.4326171875 0.0390625 0.048828125
