0 0.57421875 0.6533203125 0.0390625 0.048828125
0 0.35546875 0.3798828125 0.0390625 0.048828125
0 0.54921875 0.4970703125 0.0390625 0.048828125
0 0.46796875 0.3212890625 0.0390625 0.048828125
0 0.47421875 0.5380859375 0.0390625 0.048828125
0 0.43359375 0.4501953125 0.0390625 0.048828125
0 0.46015625 0.8291015625 0.0390625 0.048828125
0 0.33671875 0.4462890625 0.0390625 0.048828125
0 0.33359375 0.3388671875 0.0390625 0.048828125
0 0.21953125 0.3974609375 0.0390625 0.048828125
0 0.31796875 0.5126953125 0.0390625 0.048828125
0 0.47109375 0.4306640625 0.0390625 0.048828125
0 0.29921875 0.5771484375 0.0390625 0.048828125
0 0.45546875 0.6044921875 0.0390625 0.048828125
0 0.57109375 0.5419921875 0.0390625 0.048828125
0 0.53203125 0.5615234375 0.0390625 0.048828125
0 0.45078125 0.3857421875 0.0390625 0.048828125
0 0.59453125 0.6982421875 0.0390625 0.048828125
0 0.51171875 0.5185546875 0.0390625 0.048828125
0 0.64921875 0.6103515625 0.0390625 0.048828125
0 0.49609375 0.6943359375 0.0390625 0.048828125
0 0.51640625 0.7392578125 0.0390625 0.048828125
0 0.35859375 0.6005859375 0.0390625 0.048828125
0 0.37265625 0.3193359375 0.0390625 0.048828125
0 0.49453125 0.5830078125 0.0390625 0.048828125
0 0.48828125 0.3662109375 0.0390625 0.048828125
0 0.43828125 0.6708984375 0.0390625 0.048828125
0 0.48671875 0.2587890625 0.0390625 0.048828125
0 0.39765625 0.5791015625 0.0390625 0.048828125
0 0.39921875 0.6904296875 0.0390625 0.048828125
0 0.29765625 0.4677734375 0.0390625 0.048828125
0 0.47890625 0.7607421875 0.0390625 0.048828125
0 0.60859375 0.5205078125 0.0390625 0.048828125
0 0.53515625 0.6728515625 0.0390625 0.048828125
0 0.55546875 0.7197265625 0.0390625 0.048828125
0 0.63203125 0.6767578125 0.0390625 0.048828125
0 0.50859375 0.4091796875 0.0390625 0.048828125
0 0.31640625 0.4033203125 0.0390625 0.048828125
0 0.29765625 0.3583984375 0.0390625 0.048828125
0 0.43515625 0.5595703125 0.0390625 0.048828125
0 0.31953125 0.6220703125 0.0390625 0.048828125
0 0.56796875 0.4326171875 0.0390625 0.048828125
0 0.41328125 0.4052734375 0.0390625 0.048828125
0 0.62890625 0.5654296875 0.0390625 0.048828125
0 0.45390625 0.4951171875 0.0390625 0.048828125
0 0.54765625 0.3896484375 0.0390625 0.048828125
0 0.61640625 0.7431640625 0.0390625 0.048828125
0 0.39453125 0.4716796875 0.0390625 0.048828125
0 0.27734375 0.4228515625 0.0390625 0.048828125
0 0.41484375 0.5146484375 0.0390625 0.048828125
0 0.37734375 0.5361328125 0.0390625 0.048828125
0 0.33828125 0.5556640625 0.0390625 0.048828125
0 0.45859375 0.7158203125 0.0390625 0.048828125
0 0.47578125 0.6494140625 0.0390625 0.048828125
0 0.26015625 0.4873046875 0.0390625 0.048828125
0 0.50546875 0.3017578125 0.0390625 0.048828125
0 0.41796875 0.6259765625 0.0390625 0.048828125
0 0.53046875 0.4541015625 0.0390625 0.048828125
0 0.41953125 0.7373046875 0.0390625 0.048828125
0 0.43203125 0.3427734375 0.0390625 0.048828125
0 0.43984375 0.7822265625 0.0390625 0.048828125
0 0.35703125 0.4912109375 0.0390625 0.048828125
0 0.58828125 0.4775390625 0.0390625 0.048828125
0 0.36015625 0.7138671875 0.0390625 0.048828125
0 0.53828125 0.7861328125 0.0390625 0.048828125
0 0.37578125 0.4248046875 0.0390625 0.048828125
0 0.59140625 0.5849609375 0.0390625 0.048828125
0 0.25703125 0.3779296875 0.0390625 0.048828125
0 0.57734375 0.7646484375 0.0390625 0.048828125
0 0.41171875 0.2998046875 0.0390625 0.048828125
0 0.28046875 0.5322265625 0.0390625 0.048828125
0 0.50078125 0.8076171875 0.0390625 0.048828125
0 0.67109375 0.6552734375 0.0390625 0.048828125
0 0.61171875 0.6318359375 0.0390625 0.048828125
0 0.65390625 0.7216796875 0.0390625 0.048828125
0 0.55234375 0.6064453125 0.0390625 0.048828125
0 0.69296875 0.7021484375 0.0390625 0.048828125
0 0.40078125 0.8056640625 0.0390625 0.048828125
0 0.39453125 0.3642578125 0.0390625 0.048828125
0 0.52734375 0.3447265625 0.0390625 0.048828125
0 0.51484375 0.6279296875 0.0390625 0.048828125
0 0.33984375 0.6669921875 0.0390625 0.048828125
0 0.38046875 0.7587890625 0.0390625 0.048828125
0 0.49140625 0.4736328125 0.0390625 0.048828125
0 0.44921875 0.2783203125 0.0390625 0.048828125
0 0.23828125 0.4423828125 0.0390625 0.048828125
0 0.37890625 0.6474609375 0.0390625 0.048828125
0 0.42109375 0.8525390625 0.0390625 0.048828125
