0 0.534375 0.263671875 0.059375 0.06640625
0 0.52734375 0.8359375 0.0546875 0.06640625
0 0.46875 0.6240234375 0.05625 0.068359375
0 0.2875 0.5537109375 0.05625 0.068359375
0 0.2875 0.6953125 0.05625 0.06640625
0 0.3453125 0.908203125 0.05625 0.0703125
0 0.47421875 0.333984375 0.0546875 0.06640625
0 0.5859375 0.9072265625 0.05625 0.068359375
0 0.284375 0.8359375 0.05625 0.06640625
0 0.409375 0.4052734375 0.05625 0.068359375
0 0.225 0.765625 0.05625 0.06640625
0 0.228125 0.6240234375 0.05625 0.068359375
0 0.471875 0.4794921875 0.05625 0.068359375
0 0.40703125 0.6953125 0.0546875 0.06640625
0 0.409375 0.5498046875 0.05625 0.068359375
0 0.465625 0.765625 0.05625 0.06640625
0 0.28984375 0.259765625 0.0546875 0.06640625
0 0.5296875 0.6953125 0.05625 0.06640625
0 0.28984375 0.408203125 0.0546875 0.06640625
0 0.3484375 0.6240234375 0.05625 0.068359375
0 0.3453125 0.767578125 0.05625 0.0703125
0 0.40703125 0.765625 0.0546875 0.06640625
0 0.5328125 0.4052734375 0.05625 0.068359375
0 0.5296875 0.4794921875 0.05625 0.068359375
0 0.2875 0.91015625 0.05625 0.06640625
0 0.1671875 0.7685546875 0.05625 0.068359375
0 0.228125 0.6953125 0.05625 0.06640625
0 0.52734375 0.763671875 0.0546875 0.0703125
0 0.3515625 0.4794921875 0.05625 0.068359375
0 0.3484375 0.6953125 0.05625 0.06640625
0 0.225 0.91015625 0.05625 0.06640625
0 0.2875 0.765625 0.05625 0.06640625
0 0.16953125 0.333984375 0.0546875 0.06640625
0 0.23125 0.259765625 0.05625 0.06640625
0 0.228125 0.4052734375 0.05625 0.068359375
0 0.5296875 0.5498046875 0.05625 0.068359375
0 0.5296875 0.6240234375 0.05625 0.068359375
0 0.40703125 0.837890625 0.0546875 0.0703125
0 0.2296875 0.4794921875 0.059375 0.068359375
0 0.4140625 0.26171875 0.053125 0.0703125
0 0.40859375 0.62109375 0.0578125 0.06640625
0 0.1671875 0.4794921875 0.05625 0.068359375
0 0.5875 0.765625 0.059375 0.06640625
0 0.5328125 0.333984375 0.05625 0.06640625
0 0.465625 0.91015625 0.05625 0.06640625
0 0.35 0.5498046875 0.059375 0.068359375
0 0.59140625 0.333984375 0.0546875 0.06640625
0 0.1671875 0.6240234375 0.05625 0.068359375
0 0.409375 0.4794921875 0.05625 0.068359375
0 0.3515625 0.408203125 0.05625 0.06640625
0 0.59140625 0.4775390625 0.0546875 0.072265625
0 0.5890625 0.62109375 0.05625 0.06640625
0 0.28984375 0.6240234375 0.0546875 0.068359375
0 0.40546875 0.9072265625 0.0578125 0.068359375
0 0.225 0.83984375 0.05625 0.06640625
0 0.3515625 0.333984375 0.05625 0.06640625
0 0.16953125 0.408203125 0.0546875 0.06640625
0 0.1671875 0.6953125 0.05625 0.06640625
0 0.1640625 0.91015625 0.05625 0.06640625
0 0.4109375 0.333984375 0.059375 0.06640625
0 0.525 0.9072265625 0.05625 0.068359375
0 0.3453125 0.8359375 0.05625 0.06640625
0 0.28984375 0.4794921875 0.0546875 0.068359375
0 0.465625 0.6953125 0.05625 0.06640625
0 0.35390625 0.259765625 0.0546875 0.06640625
0 0.228125 0.5537109375 0.05625 0.068359375
0 0.16953125 0.5517578125 0.0546875 0.072265625
0 0.471875 0.4052734375 0.05625 0.068359375
0 0.4125 0.1865234375 0.05625 0.068359375
0 0.23125 0.333984375 0.05625 0.06640625
0 0.465625 0.8359375 0.05625 0.06640625
0 0.46875 0.5517578125 0.05625 0.072265625
0 0.5359375 0.1875 0.05625 0.0703125
0 0.47421875 0.259765625 0.0546875 0.06640625
0 0.2921875 0.333984375 0.05625 0.06640625
0 0.5890625 0.6953125 0.05625 0.06640625
0 0.1671875 0.83984375 0.05625 0.06640625
0 0.23125 0.1875 0.05625 0.0703125
0 0.59140625 0.4052734375 0.0546875 0.068359375
0 0.47421875 0.1865234375 0.0546875 0.068359375
0 0.5859375 0.8359375 0.05625 0.06640625
0 0.35390625 0.1865234375 0.0546875 0.068359375
0 0.2921875 0.1865234375 0.05625 0.068359375
0 0.16953125 0.259765625 0.0546875 0.06640625
0 0.59375 0.259765625 0.05625 0.06640625
0 0.59140625 0.5498046875 0.0546875 0.068359375
0 0.59375 0.1865234375 0.05625 0.068359375
0 0.16953125 0.1865234375 0.0546875 0.068359375
