0 0.34921875 0.4541015625 0.0421875 0.048828125
0 0.4765625 0.4541015625 0.040625 0.048828125
0 0.3921875 0.4541015625 0.040625 0.048828125
0 0.56328125 0.4560546875 0.0421875 0.052734375
0 0.6484375 0.4541015625 0.040625 0.048828125
0 0.26171875 0.4541015625 0.0390625 0.048828125
0 0.35078125 0.609375 0.0421875 0.05078125
0 0.30546875 0.4541015625 0.0421875 0.048828125
0 0.434375 0.4541015625 0.040625 0.048828125
0 0.60078125 0.3017578125 0.0421875 0.048828125
0 0.43828125 0.609375 0.0390625 0.05078125
0 0.2640625 0.6103515625 0.040625 0.052734375
0 0.69453125 0.609375 0.0390625 0.05078125
0 0.34921875 0.5068359375 0.0421875 0.048828125
0 0.52265625 0.609375 0.0421875 0.05078125
0 0.434375 0.5068359375 0.040625 0.048828125
0 0.4796875 0.556640625 0.040625 0.05078125
0 0.68515625 0.2998046875 0.0421875 0.052734375
0 0.60390625 0.4013671875 0.0421875 0.048828125
0 0.61015625 0.6083984375 0.0421875 0.052734375
0 0.38984375 0.404296875 0.0390625 0.05078125
0 0.521875 0.5576171875 0.040625 0.052734375
0 0.55859375 0.3017578125 0.0390625 0.048828125
0 0.4796875 0.609375 0.040625 0.05078125
0 0.5203125 0.4521484375 0.040625 0.052734375
0 0.47421875 0.3525390625 0.0390625 0.052734375
0 0.47421875 0.2998046875 0.0390625 0.052734375
0 0.51640625 0.298828125 0.0390625 0.05078125
0 0.35078125 0.556640625 0.0421875 0.05078125
0 0.56484375 0.5576171875 0.0421875 0.052734375
0 0.56796875 0.6083984375 0.0421875 0.052734375
0 0.346875 0.2998046875 0.040625 0.052734375
0 0.65234375 0.609375 0.0390625 0.05078125
0 0.4359375 0.556640625 0.040625 0.05078125
0 0.56171875 0.4033203125 0.0421875 0.052734375
0 0.64765625 0.4013671875 0.0421875 0.048828125
0 0.690625 0.4541015625 0.040625 0.048828125
0 0.39296875 0.556640625 0.0421875 0.05078125
0 0.6109375 0.6611328125 0.040625 0.052734375
0 0.2640625 0.5048828125 0.040625 0.052734375
0 0.30546875 0.404296875 0.0421875 0.05078125
0 0.65078125 0.556640625 0.0390625 0.05078125
0 0.56015625 0.3515625 0.0390625 0.05078125
0 0.34765625 0.404296875 0.0390625 0.05078125
0 0.4765625 0.4033203125 0.040625 0.052734375
0 0.265625 0.662109375 0.040625 0.05078125
0 0.52421875 0.6611328125 0.0390625 0.052734375
0 0.478125 0.5048828125 0.040625 0.052734375
0 0.52109375 0.5048828125 0.0421875 0.052734375
0 0.4296875 0.2998046875 0.040625 0.052734375
0 0.30234375 0.3017578125 0.0421875 0.048828125
0 0.26015625 0.3017578125 0.0421875 0.048828125
0 0.696875 0.662109375 0.040625 0.05078125
0 0.35078125 0.662109375 0.0421875 0.05078125
0 0.38984375 0.3515625 0.0390625 0.05078125
0 0.2640625 0.5576171875 0.040625 0.052734375
0 0.68984375 0.4013671875 0.0421875 0.048828125
0 0.69453125 0.556640625 0.0390625 0.05078125
0 0.60390625 0.3515625 0.0421875 0.05078125
0 0.60703125 0.5576171875 0.0421875 0.052734375
0 0.3875 0.2998046875 0.040625 0.052734375
0 0.26171875 0.404296875 0.0390625 0.05078125
0 0.30703125 0.609375 0.0421875 0.05078125
0 0.346875 0.3515625 0.040625 0.05078125
0 0.26015625 0.3515625 0.0421875 0.05078125
0 0.43828125 0.662109375 0.0390625 0.05078125
0 0.64921875 0.5048828125 0.0421875 0.052734375
0 0.68828125 0.3515625 0.0421875 0.05078125
0 0.51875 0.4033203125 0.040625 0.052734375
0 0.56328125 0.5048828125 0.0421875 0.052734375
0 0.65234375 0.6611328125 0.0390625 0.052734375
0 0.3921875 0.5068359375 0.040625 0.048828125
0 0.434375 0.4033203125 0.040625 0.052734375
0 0.30234375 0.3515625 0.0421875 0.05078125
0 0.60546875 0.4541015625 0.0421875 0.048828125
0 0.39375 0.609375 0.040625 0.05078125
0 0.43203125 0.3525390625 0.0390625 0.052734375
0 0.64609375 0.3515625 0.0421875 0.05078125
0 0.30859375 0.662109375 0.0421875 0.05078125
0 0.39375 0.662109375 0.040625 0.05078125
0 0.60703125 0.5048828125 0.0421875 0.052734375
0 0.56796875 0.6611328125 0.0421875 0.052734375
0 0.30703125 0.556640625 0.0421875 0.05078125
0 0.64296875 0.3017578125 0.0421875 0.048828125
0 0.48203125 0.662109375 0.0390625 0.05078125
0 0.30703125 0.5068359375 0.0421875 0.048828125
0 0.6921875 0.50390625 0.040625 0.05078125
0 0.51875 0.3515625 0.040625 0.05078125
