0 0.52421875 0.6904296875 0.0390625 0.048828125
0 0.42734375 0.4404296875 0.0390625 0.048828125
0 0.58359375 0.6005859375 0.0390625 0.048828125
0 0.64140625 0.3935546875 0.0390625 0.048828125
0 0.48359375 0.7099609375 0.0390625 0.048828125
0 0.52421875 0.4501953125 0.0390625 0.048828125
0 0.52578125 0.3330078125 0.0390625 0.048828125
0 0.41015625 0.2724609375 0.0390625 0.048828125
0 0.52265625 0.8115234375 0.0390625 0.048828125
0 0.54296875 0.7412109375 0.0390625 0.048828125
0 0.62265625 0.4619140625 0.0390625 0.048828125
0 0.62265625 0.3447265625 0.0390625 0.048828125
0 0.33203125 0.3095703125 0.0390625 0.048828125
0 0.54609375 0.2646484375 0.0390625 0.048828125
0 0.35078125 0.3603515625 0.0390625 0.048828125
0 0.68046875 0.7314453125 0.0390625 0.048828125
0 0.50546875 0.4013671875 0.0390625 0.048828125
0 0.40703125 0.5087890625 0.0390625 0.048828125
0 0.69921875 0.6630859375 0.0390625 0.048828125
0 0.46796875 0.3017578125 0.0390625 0.048828125
0 0.50390625 0.6396484375 0.0390625 0.048828125
0 0.62109375 0.7001953125 0.0390625 0.048828125
0 0.52421875 0.5693359375 0.0390625 0.048828125
0 0.66015625 0.5615234375 0.0390625 0.048828125
0 0.60078125 0.7705078125 0.0390625 0.048828125
0 0.60390625 0.2958984375 0.0390625 0.048828125
0 0.42578125 0.5595703125 0.0390625 0.048828125
0 0.63984375 0.6298828125 0.0390625 0.048828125
0 0.36953125 0.4091796875 0.0390625 0.048828125
0 0.60234375 0.5322265625 0.0390625 0.048828125
0 0.48671875 0.2333984375 0.0390625 0.048828125
0 0.44765625 0.3701171875 0.0390625 0.048828125
0 0.58359375 0.3642578125 0.0390625 0.048828125
0 0.44921875 0.2529296875 0.0390625 0.048828125
0 0.48671875 0.4697265625 0.0390625 0.048828125
0 0.44609375 0.6083984375 0.0390625 0.048828125
0 0.48515625 0.5888671875 0.0390625 0.048828125
0 0.62109375 0.5810546875 0.0390625 0.048828125
0 0.60234375 0.6513671875 0.0390625 0.048828125
0 0.69921875 0.5419921875 0.0390625 0.048828125
0 0.75859375 0.6923828125 0.0390625 0.048828125
0 0.46640625 0.5400390625 0.0390625 0.048828125
0 0.34921875 0.4794921875 0.0390625 0.048828125
0 0.50390625 0.7607421875 0.0390625 0.048828125
0 0.52578125 0.2158203125 0.0390625 0.048828125
0 0.73828125 0.6416015625 0.0390625 0.048828125
0 0.38671875 0.5791015625 0.0390625 0.048828125
0 0.54453125 0.5009765625 0.0390625 0.048828125
0 0.56328125 0.5498046875 0.0390625 0.048828125
0 0.66015625 0.6806640625 0.0390625 0.048828125
0 0.71953125 0.5927734375 0.0390625 0.048828125
0 0.56328125 0.4326171875 0.0390625 0.048828125
0 0.56171875 0.7919921875 0.0390625 0.048828125
0 0.36796875 0.5283203125 0.0390625 0.048828125
0 0.44609375 0.4892578125 0.0390625 0.048828125
0 0.48203125 0.8330078125 0.0390625 0.048828125
0 0.68046875 0.4931640625 0.0390625 0.048828125
0 0.56484375 0.3154296875 0.0390625 0.048828125
0 0.42421875 0.6787109375 0.0390625 0.048828125
0 0.56328125 0.6708984375 0.0390625 0.048828125
0 0.64140625 0.7509765625 0.0390625 0.048828125
0 0.64140625 0.5126953125 0.0390625 0.048828125
0 0.58359375 0.2451171875 0.0390625 0.048828125
0 0.46484375 0.6591796875 0.0390625 0.048828125
0 0.46328125 0.7822265625 0.0390625 0.048828125
0 0.38984375 0.3408203125 0.0390625 0.048828125
0 0.48671875 0.3525390625 0.0390625 0.048828125
0 0.60390625 0.4130859375 0.0390625 0.048828125
0 0.31015625 0.3779296875 0.0390625 0.048828125
0 0.42890625 0.3212890625 0.0390625 0.048828125
0 0.56640625 0.1982421875 0.0390625 0.048828125
0 0.40859375 0.3896484375 0.0390625 0.048828125
0 0.54296875 0.6201171875 0.0390625 0.048828125
0 0.36953125 0.2900390625 0.0390625 0.048828125
0 0.46796875 0.4208984375 0.0390625 0.048828125
0 0.38828125 0.4599609375 0.0390625 0.048828125
0 0.33046875 0.4287109375 0.0390625 0.048828125
0 0.58359375 0.4814453125 0.0390625 0.048828125
0 0.29140625 0.3291015625 0.0390625 0.048828125
0 0.58203125 0.7216796875 0.0390625 0.048828125
0 0.50703125 0.2841796875 0.0390625 0.048828125
0 0.67890625 0.6103515625 0.0390625 0.048828125
0 0.50546875 0.5205078125 0.0390625 0.048828125
0 0.71953125 0.7119140625 0.0390625 0.048828125
0 0.44453125 0.7294921875 0.0390625 0.048828125
0 0.54609375 0.3818359375 0.0390625 0.048828125
0 0.40546875 0.6298828125 0.0390625 0.048828125
0 0.66171875 0.4423828125 0.0390625 0.048828125
