0 0.75859375 0.3720703125 0.0328125 0.048828125
0 0.44765625 0.638671875 0.0328125 0.05078125
0 0.415625 0.5087890625 0.03125 0.048828125
0 0.7421875 0.5654296875 0.03125 0.048828125
0 0.60859375 0.6962890625 0.0328125 0.048828125
0 0.52109375 0.765625 0.0328125 0.05078125
0 0.625 0.50390625 0.03125 0.05078125
0 0.40546875 0.6396484375 0.0328125 0.048828125
0 0.7828125 0.5654296875 0.03125 0.048828125
0 0.48984375 0.6376953125 0.0328125 0.048828125
0 0.64921875 0.6962890625 0.0328125 0.048828125
0 0.68359375 0.759765625 0.0328125 0.046875
0 0.69609375 0.630859375 0.0296875 0.05078125
0 0.47890625 0.7666015625 0.0328125 0.048828125
0 0.725 0.755859375 0.03125 0.046875
0 0.45859375 0.5068359375 0.0328125 0.052734375
0 0.6359375 0.3740234375 0.03125 0.048828125
0 0.5671875 0.69921875 0.03125 0.05078125
0 0.659375 0.5673828125 0.03125 0.048828125
0 0.3515625 0.7734375 0.034375 0.05078125
0 0.7703125 0.693359375 0.028125 0.05078125
0 0.7984375 0.373046875 0.03125 0.05078125
0 0.59453125 0.3740234375 0.0328125 0.048828125
0 0.43671875 0.7685546875 0.0328125 0.052734375
0 0.73046875 0.693359375 0.0328125 0.046875
0 0.753125 0.4375 0.03125 0.046875
0 0.67734375 0.3720703125 0.0296875 0.048828125
0 0.53046875 0.6376953125 0.0296875 0.048828125
0 0.3609375 0.642578125 0.034375 0.05078125
0 0.46484375 0.44140625 0.0328125 0.05078125
0 0.71171875 0.4384765625 0.0328125 0.048828125
0 0.58359375 0.5048828125 0.0328125 0.052734375
0 0.50078125 0.505859375 0.0328125 0.05078125
0 0.38203125 0.3779296875 0.0328125 0.052734375
0 0.5984375 0.826171875 0.03125 0.05078125
0 0.7640625 0.7578125 0.03125 0.04296875
0 0.66640625 0.50390625 0.0296875 0.05078125
0 0.4328125 0.8349609375 0.03125 0.048828125
0 0.671875 0.4384765625 0.03125 0.048828125
0 0.42578125 0.3759765625 0.0328125 0.052734375
0 0.61875 0.568359375 0.03125 0.05078125
0 0.39296875 0.7705078125 0.0328125 0.052734375
0 0.7921875 0.4384765625 0.034375 0.048828125
0 0.5109375 0.3759765625 0.03125 0.052734375
0 0.515625 0.8310546875 0.028125 0.048828125
0 0.46875 0.3759765625 0.034375 0.052734375
0 0.53828125 0.5703125 0.0328125 0.05078125
0 0.63828125 0.8232421875 0.0328125 0.048828125
0 0.40078125 0.7060546875 0.0328125 0.048828125
0 0.5484375 0.4404296875 0.03125 0.048828125
0 0.690625 0.6943359375 0.03125 0.048828125
0 0.54296875 0.505859375 0.0328125 0.05078125
0 0.37265625 0.509765625 0.0328125 0.05078125
0 0.7015625 0.56640625 0.03125 0.046875
0 0.55234375 0.3759765625 0.0328125 0.052734375
0 0.759375 0.822265625 0.028125 0.05078125
0 0.5875 0.4404296875 0.03125 0.048828125
0 0.78671875 0.5009765625 0.0328125 0.048828125
0 0.5578125 0.8291015625 0.034375 0.048828125
0 0.45390625 0.5732421875 0.0328125 0.052734375
0 0.49609375 0.5712890625 0.0328125 0.048828125
0 0.6546875 0.630859375 0.03125 0.05078125
0 0.57890625 0.5693359375 0.0296875 0.048828125
0 0.48515625 0.701171875 0.0328125 0.05078125
0 0.42109375 0.443359375 0.0328125 0.05078125
0 0.5734375 0.634765625 0.03125 0.046875
0 0.50703125 0.44140625 0.0328125 0.05078125
0 0.52734375 0.701171875 0.0328125 0.05078125
0 0.746875 0.5009765625 0.03125 0.048828125
0 0.7359375 0.62890625 0.03125 0.046875
0 0.61484375 0.6337890625 0.0328125 0.048828125
0 0.62890625 0.4384765625 0.0328125 0.048828125
0 0.7078125 0.5009765625 0.03125 0.048828125
0 0.60390625 0.7626953125 0.0328125 0.048828125
0 0.34765625 0.8388671875 0.0328125 0.052734375
0 0.37734375 0.4453125 0.0359375 0.0546875
0 0.390625 0.8369140625 0.034375 0.052734375
0 0.6796875 0.822265625 0.03125 0.046875
0 0.71875 0.373046875 0.03125 0.05078125
0 0.44296875 0.7041015625 0.0328125 0.048828125
0 0.41171875 0.57421875 0.0328125 0.05078125
0 0.36875 0.5751953125 0.034375 0.052734375
0 0.5625 0.763671875 0.03125 0.046875
0 0.6453125 0.7607421875 0.03125 0.048828125
0 0.475 0.83203125 0.03125 0.05078125
0 0.7203125 0.8212890625 0.03125 0.048828125
0 0.775 0.6298828125 0.03125 0.052734375
0 0.35546875 0.7080078125 0.0359375 0.048828125
