0 0.66484375 0.7451171875 0.0390625 0.048828125
0 0.57734375 0.6982421875 0.0390625 0.048828125
0 0.53515625 0.7021484375 0.0390625 0.048828125
0 0.65390625 0.6396484375 0.0390625 0.048828125
0 0.40078125 0.6044921875 0.0390625 0.048828125
0 0.35234375 0.5556640625 0.0390625 0.048828125
0 0.72421875 0.5283203125 0.0390625 0.048828125
0 0.36796875 0.7158203125 0.0390625 0.048828125
0 0.46328125 0.3876953125 0.0390625 0.048828125
0 0.47890625 0.5458984375 0.0390625 0.048828125
0 0.4890625 0.6513671875 0.0375 0.048828125
0 0.63828125 0.4814453125 0.0390625 0.048828125
0 0.58671875 0.3779296875 0.0390625 0.048828125
0 0.73671875 0.6337890625 0.0390625 0.048828125
0 0.61796875 0.6943359375 0.0390625 0.048828125
0 0.55078125 0.4345703125 0.0390625 0.048828125
0 0.43203125 0.4951171875 0.0390625 0.048828125
0 0.54140625 0.7548828125 0.0390625 0.048828125
0 0.34296875 0.4482421875 0.0390625 0.048828125
0 0.60703125 0.5888671875 0.0390625 0.048828125
0 0.53046875 0.6494140625 0.0390625 0.048828125
0 0.77578125 0.6298828125 0.0390625 0.048828125
0 0.75390625 0.4189453125 0.0390625 0.048828125
0 0.38515625 0.4443359375 0.0390625 0.048828125
0 0.56015625 0.5400390625 0.0390625 0.048828125
0 0.56640625 0.5927734375 0.0390625 0.048828125
0 0.71328125 0.4228515625 0.0390625 0.048828125
0 0.74140625 0.6845703125 0.0390625 0.048828125
0 0.60234375 0.5361328125 0.0390625 0.048828125
0 0.59140625 0.4306640625 0.0390625 0.048828125
0 0.38984375 0.4990234375 0.0390625 0.048828125
0 0.78203125 0.6826171875 0.0390625 0.048828125
0 0.67890625 0.4775390625 0.0390625 0.048828125
0 0.78828125 0.7353515625 0.0390625 0.048828125
0 0.70078125 0.6884765625 0.0390625 0.048828125
0 0.61328125 0.6416015625 0.0390625 0.048828125
0 0.52578125 0.5947265625 0.0390625 0.048828125
0 0.42734375 0.4423828125 0.0390625 0.048828125
0 0.70546875 0.7412109375 0.0390625 0.048828125
0 0.41015625 0.7119140625 0.0390625 0.048828125
0 0.49921875 0.7587890625 0.0390625 0.048828125
0 0.62734375 0.3759765625 0.0390625 0.048828125
0 0.41484375 0.7666015625 0.0390625 0.048828125
0 0.74921875 0.3681640625 0.0390625 0.048828125
0 0.76484375 0.5244140625 0.0390625 0.048828125
0 0.69453125 0.6357421875 0.0390625 0.048828125
0 0.44140625 0.6005859375 0.0390625 0.048828125
0 0.38046875 0.3916015625 0.0390625 0.048828125
0 0.45234375 0.7080078125 0.0390625 0.048828125
0 0.64921875 0.5869140625 0.0390625 0.048828125
0 0.62421875 0.7490234375 0.0390625 0.048828125
0 0.33828125 0.3955078125 0.0390625 0.048828125
0 0.57265625 0.6455078125 0.0390625 0.048828125
0 0.73046875 0.5810546875 0.0390625 0.048828125
0 0.66796875 0.3740234375 0.0390625 0.048828125
0 0.70859375 0.3701171875 0.0390625 0.048828125
0 0.47265625 0.4931640625 0.0390625 0.048828125
0 0.43671875 0.5478515625 0.0390625 0.048828125
0 0.44765625 0.6552734375 0.0390625 0.048828125
0 0.68984375 0.5830078125 0.0390625 0.048828125
0 0.51953125 0.5419921875 0.0390625 0.048828125
0 0.59765625 0.4833984375 0.0390625 0.048828125
0 0.36328125 0.6611328125 0.0390625 0.048828125
0 0.71953125 0.4755859375 0.0390625 0.048828125
0 0.50390625 0.3837890625 0.0390625 0.048828125
0 0.63203125 0.4287109375 0.0390625 0.048828125
0 0.51484375 0.4892578125 0.0390625 0.048828125
0 0.76015625 0.4716796875 0.0390625 0.048828125
0 0.51015625 0.4365234375 0.0390625 0.048828125
0 0.68359375 0.5302734375 0.0390625 0.048828125
0 0.55546875 0.4873046875 0.0390625 0.048828125
0 0.45703125 0.7626953125 0.0390625 0.048828125
0 0.74765625 0.7392578125 0.0390625 0.048828125
0 0.37265625 0.7685546875 0.0390625 0.048828125
0 0.34765625 0.5009765625 0.0390625 0.048828125
0 0.42109375 0.3896484375 0.0390625 0.048828125
0 0.48359375 0.5986328125 0.0390625 0.048828125
0 0.67265625 0.4248046875 0.0390625 0.048828125
0 0.46796875 0.4404296875 0.0390625 0.048828125
0 0.64296875 0.5341796875 0.0390625 0.048828125
0 0.66015625 0.6923828125 0.0390625 0.048828125
0 0.40546875 0.6591796875 0.0390625 0.048828125
0 0.49453125 0.7041015625 0.0390625 0.048828125
0 0.54453125 0.3818359375 0.0390625 0.048828125
0 0.77109375 0.5771484375 0.0390625 0.048828125
0 0.58203125 0.7509765625 0.0390625 0.048828125
0 0.39453125 0.5517578125 0.0390625 0.048828125
0 0.35703125 0.6083984375 0.0390625 0.048828125
