0 0.37578125 0.4736328125 0.0390625 0.048828125
0 0.51328125 0.5947265625 0.0390625 0.048828125
0 0.32734375 0.3857421875 0.0390625 0.048828125
0 0.42421875 0.5615234375 0.0390625 0.048828125
0 0.59765625 0.5791015625 0.0390625 0.048828125
0 0.45078125 0.3154296875 0.0390625 0.048828125
0 0.50234375 0.4501953125 0.0390625 0.048828125
0 0.62578125 0.3779296875 0.0390625 0.048828125
0 0.40546875 0.2763671875 0.0390625 0.048828125
0 0.46015625 0.4580078125 0.0390625 0.048828125
0 0.45390625 0.3623046875 0.0390625 0.048828125
0 0.68046875 0.5146484375 0.0390625 0.048828125
0 0.67578125 0.4658203125 0.0390625 0.048828125
0 0.53671875 0.3466796875 0.0390625 0.048828125
0 0.42734375 0.6103515625 0.0390625 0.048828125
0 0.61328125 0.2353515625 0.0390625 0.048828125
0 0.62890625 0.4267578125 0.0390625 0.048828125
0 0.63671875 0.5224609375 0.0390625 0.048828125
0 0.72734375 0.5556640625 0.0390625 0.048828125
0 0.37265625 0.4248046875 0.0390625 0.048828125
0 0.38515625 0.6181640625 0.0390625 0.048828125
0 0.36328125 0.2841796875 0.0390625 0.048828125
0 0.28671875 0.3935546875 0.0390625 0.048828125
0 0.33671875 0.5302734375 0.0390625 0.048828125
0 0.71484375 0.4091796875 0.0390625 0.048828125
0 0.66328125 0.3212890625 0.0390625 0.048828125
0 0.44609375 0.2666015625 0.0390625 0.048828125
0 0.69765625 0.2177734375 0.0390625 0.048828125
0 0.58671875 0.4326171875 0.0390625 0.048828125
0 0.30078125 0.6337890625 0.0390625 0.048828125
0 0.63984375 0.5712890625 0.0390625 0.048828125
0 0.57890625 0.3388671875 0.0390625 0.048828125
0 0.41796875 0.4658203125 0.0390625 0.048828125
0 0.28984375 0.4423828125 0.0390625 0.048828125
0 0.55234375 0.5380859375 0.0390625 0.048828125
0 0.71015625 0.3623046875 0.0390625 0.048828125
0 0.48828125 0.2587890625 0.0390625 0.048828125
0 0.50859375 0.5458984375 0.0390625 0.048828125
0 0.68359375 0.5634765625 0.0390625 0.048828125
0 0.41171875 0.3701171875 0.0390625 0.048828125
0 0.28046875 0.2998046875 0.0390625 0.048828125
0 0.32421875 0.3388671875 0.0390625 0.048828125
0 0.58984375 0.4814453125 0.0390625 0.048828125
0 0.50546875 0.4970703125 0.0390625 0.048828125
0 0.54765625 0.4892578125 0.0390625 0.048828125
0 0.46328125 0.5068359375 0.0390625 0.048828125
0 0.33359375 0.4814453125 0.0390625 0.048828125
0 0.34140625 0.5771484375 0.0390625 0.048828125
0 0.49921875 0.4013671875 0.0390625 0.048828125
0 0.42109375 0.5146484375 0.0390625 0.048828125
0 0.53046875 0.2509765625 0.0390625 0.048828125
0 0.41484375 0.4169921875 0.0390625 0.048828125
0 0.62109375 0.3310546875 0.0390625 0.048828125
0 0.36953125 0.3779296875 0.0390625 0.048828125
0 0.59453125 0.5302734375 0.0390625 0.048828125
0 0.49140625 0.3076171875 0.0390625 0.048828125
0 0.28359375 0.3466796875 0.0390625 0.048828125
0 0.57578125 0.2900390625 0.0390625 0.048828125
0 0.66015625 0.2744140625 0.0390625 0.048828125
0 0.55546875 0.5869140625 0.0390625 0.048828125
0 0.65703125 0.2275390625 0.0390625 0.048828125
0 0.70546875 0.3134765625 0.0390625 0.048828125
0 0.54453125 0.4423828125 0.0390625 0.048828125
0 0.34296875 0.6259765625 0.0390625 0.048828125
0 0.47109375 0.6025390625 0.0390625 0.048828125
0 0.29296875 0.4892578125 0.0390625 0.048828125
0 0.66796875 0.3701171875 0.0390625 0.048828125
0 0.67109375 0.4189453125 0.0390625 0.048828125
0 0.37890625 0.5205078125 0.0390625 0.048828125
0 0.36640625 0.3310546875 0.0390625 0.048828125
0 0.70234375 0.2666015625 0.0390625 0.048828125
0 0.46640625 0.5537109375 0.0390625 0.048828125
0 0.29453125 0.5380859375 0.0390625 0.048828125
0 0.29765625 0.5869140625 0.0390625 0.048828125
0 0.32109375 0.2919921875 0.0390625 0.048828125
0 0.63359375 0.4736328125 0.0390625 0.048828125
0 0.40859375 0.3232421875 0.0390625 0.048828125
0 0.54140625 0.3935546875 0.0390625 0.048828125
0 0.33046875 0.4345703125 0.0390625 0.048828125
0 0.71796875 0.4580078125 0.0390625 0.048828125
0 0.38203125 0.5693359375 0.0390625 0.048828125
0 0.49453125 0.3544921875 0.0390625 0.048828125
0 0.53359375 0.2998046875 0.0390625 0.048828125
0 0.58359375 0.3857421875 0.0390625 0.048828125
0 0.72265625 0.5068359375 0.0390625 0.048828125
0 0.61796875 0.2822265625 0.0390625 0.048828125
0 0.45703125 0.4091796875 0.0390625 0.048828125
0 0.57265625 0.2431640625 0.0390625 0.048828125
