0 0.703125 0.2998046875 0.05 0.056640625
0 0.478125 0.548828125 0.05 0.0546875
0 0.6828125 0.162109375 0.05 0.0546875
0 0.4859375 0.29296875 0.05 0.0546875
0 0.4296875 0.080078125 0.05 0.0546875
0 0.6015625 0.72265625 0.05 0.0546875
0 0.44375 0.4736328125 0.05 0.056640625
0 0.615625 0.205078125 0.05 0.0546875
0 0.5 0.6865234375 0.05 0.056640625
0 0.4796875 0.09765625 0.05 0.0546875
0 0.4296875 0.533203125 0.05 0.0546875
0 0.67421875 0.419921875 0.0515625 0.0546875
0 0.615625 0.662109375 0.05 0.0546875
0 0.696875 0.5576171875 0.05 0.056640625
0 0.725 0.4375 0.05 0.0546875
0 0.35 0.6357421875 0.05 0.056640625
0 0.57890625 0.12890625 0.0515625 0.0546875
0 0.57109375 0.38671875 0.0515625 0.0546875
0 0.621875 0.404296875 0.05 0.0546875
0 0.40078125 0.6513671875 0.0515625 0.056640625
0 0.5140625 0.173828125 0.05 0.0546875
0 0.68046875 0.6181640625 0.0515625 0.056640625
0 0.63203125 0.14453125 0.0515625 0.0546875
0 0.6296875 0.6025390625 0.05 0.056640625
0 0.59375 0.5244140625 0.05 0.056640625
0 0.52265625 0.369140625 0.0515625 0.0546875
0 0.528125 0.56640625 0.05 0.0546875
0 0.65234375 0.2822265625 0.0515625 0.056640625
0 0.53671875 0.7646484375 0.0515625 0.056640625
0 0.45 0.2177734375 0.05 0.056640625
0 0.75546875 0.3154296875 0.0515625 0.056640625
0 0.465625 0.158203125 0.05 0.0546875
0 0.78359375 0.193359375 0.0515625 0.0546875
0 0.55703125 0.447265625 0.0515625 0.0546875
0 0.384375 0.7109375 0.05 0.0546875
0 0.49375 0.4892578125 0.05 0.056640625
0 0.5 0.2333984375 0.05 0.056640625
0 0.37890625 0.515625 0.0515625 0.0546875
0 0.4859375 0.7470703125 0.05 0.056640625
0 0.56484375 0.64453125 0.0515625 0.0546875
0 0.68828125 0.3603515625 0.0515625 0.056640625
0 0.6078125 0.462890625 0.05 0.0546875
0 0.36484375 0.576171875 0.0515625 0.0546875
0 0.42109375 0.337890625 0.0515625 0.0546875
0 0.3015625 0.6181640625 0.05 0.056640625
0 0.4640625 0.609375 0.05 0.0546875
0 0.55078125 0.705078125 0.0515625 0.0546875
0 0.528125 0.11328125 0.05 0.0546875
0 0.57890625 0.5849609375 0.0515625 0.056640625
0 0.2859375 0.677734375 0.05 0.0546875
0 0.55078125 0.2490234375 0.0515625 0.056640625
0 0.5140625 0.626953125 0.05 0.0546875
0 0.39296875 0.4560546875 0.0515625 0.056640625
0 0.37265625 0.3203125 0.0515625 0.0546875
0 0.415625 0.140625 0.05 0.0546875
0 0.6015625 0.2666015625 0.05 0.056640625
0 0.471875 0.353515625 0.05 0.0546875
0 0.40078125 0.2001953125 0.0515625 0.056640625
0 0.7390625 0.3759765625 0.05 0.056640625
0 0.33046875 0.498046875 0.0515625 0.0546875
0 0.64375 0.5400390625 0.05 0.056640625
0 0.6578125 0.48046875 0.05 0.0546875
0 0.5875 0.7822265625 0.05 0.056640625
0 0.66640625 0.677734375 0.0515625 0.0546875
0 0.7328125 0.177734375 0.05 0.0546875
0 0.409375 0.3984375 0.05 0.0546875
0 0.56484375 0.189453125 0.0515625 0.0546875
0 0.5875 0.3271484375 0.05 0.056640625
0 0.71875 0.23828125 0.05 0.0546875
0 0.43515625 0.728515625 0.0515625 0.0546875
0 0.415625 0.59375 0.05 0.0546875
0 0.7109375 0.498046875 0.05 0.0546875
0 0.6375 0.7998046875 0.05 0.056640625
0 0.54296875 0.5068359375 0.0515625 0.056640625
0 0.4578125 0.4130859375 0.05 0.056640625
0 0.43515625 0.2783203125 0.0515625 0.056640625
0 0.3359375 0.6953125 0.05 0.0546875
0 0.35859375 0.3798828125 0.0515625 0.056640625
0 0.45 0.6689453125 0.05 0.056640625
0 0.38671875 0.259765625 0.0515625 0.0546875
0 0.53671875 0.30859375 0.0515625 0.0546875
0 0.315625 0.5576171875 0.05 0.056640625
0 0.66640625 0.22265625 0.0515625 0.0546875
0 0.76953125 0.255859375 0.0515625 0.0546875
0 0.6375 0.3427734375 0.05 0.056640625
0 0.50859375 0.4287109375 0.0515625 0.056640625
0 0.34453125 0.4404296875 0.0515625 0.056640625
0 0.65234375 0.740234375 0.0515625 0.0546875
