0 0.51796875 0.2001953125 0.0390625 0.048828125
0 0.68046875 0.2666015625 0.0390625 0.048828125
0 0.53359375 0.3232421875 0.0390625 0.048828125
0 0.39453125 0.1513671875 0.0390625 0.048828125
0 0.36953125 0.2587890625 0.0390625 0.048828125
0 0.32265625 0.6513671875 0.0390625 0.048828125
0 0.34921875 0.5439453125 0.0390625 0.048828125
0 0.50859375 0.4287109375 0.0390625 0.048828125
0 0.52734375 0.7275390625 0.0390625 0.048828125
0 0.63984375 0.2509765625 0.0390625 0.048828125
0 0.56484375 0.5693359375 0.0390625 0.048828125
0 0.37421875 0.4365234375 0.0390625 0.048828125
0 0.51171875 0.6064453125 0.0390625 0.048828125
0 0.49296875 0.3076171875 0.0390625 0.048828125
0 0.55859375 0.2177734375 0.0390625 0.048828125
0 0.38984375 0.5595703125 0.0390625 0.048828125
0 0.34453125 0.3662109375 0.0390625 0.048828125
0 0.41015625 0.2763671875 0.0390625 0.048828125
0 0.47109375 0.5908203125 0.0390625 0.048828125
0 0.63046875 0.4794921875 0.0390625 0.048828125
0 0.36484375 0.6669921875 0.0390625 0.048828125
0 0.49609375 0.4853515625 0.0390625 0.048828125
0 0.43046875 0.5751953125 0.0390625 0.048828125
0 0.47734375 0.1845703125 0.0390625 0.048828125
0 0.33359375 0.4208984375 0.0390625 0.048828125
0 0.65546875 0.3720703125 0.0390625 0.048828125
0 0.40234375 0.5068359375 0.0390625 0.048828125
0 0.54921875 0.4462890625 0.0390625 0.048828125
0 0.48046875 0.3623046875 0.0390625 0.048828125
0 0.45546875 0.4677734375 0.0390625 0.048828125
0 0.57421875 0.3388671875 0.0390625 0.048828125
0 0.53984375 0.6748046875 0.0390625 0.048828125
0 0.53671875 0.5009765625 0.0390625 0.048828125
0 0.55234375 0.6201171875 0.0390625 0.048828125
0 0.52578125 0.5537109375 0.0390625 0.048828125
0 0.62734375 0.3037109375 0.0390625 0.048828125
0 0.39296875 0.7353515625 0.0390625 0.048828125
0 0.40546875 0.6826171875 0.0390625 0.048828125
0 0.54609375 0.2705078125 0.0390625 0.048828125
0 0.59921875 0.2333984375 0.0390625 0.048828125
0 0.45234375 0.2919921875 0.0390625 0.048828125
0 0.43359375 0.7509765625 0.0390625 0.048828125
0 0.38515625 0.3818359375 0.0390625 0.048828125
0 0.50703125 0.2548828125 0.0390625 0.048828125
0 0.41484375 0.4521484375 0.0390625 0.048828125
0 0.46796875 0.4150390625 0.0390625 0.048828125
0 0.61796875 0.5322265625 0.0390625 0.048828125
0 0.43671875 0.1669921875 0.0390625 0.048828125
0 0.39921875 0.3291015625 0.0390625 0.048828125
0 0.60546875 0.5849609375 0.0390625 0.048828125
0 0.44609375 0.6982421875 0.0390625 0.048828125
0 0.60234375 0.4091796875 0.0390625 0.048828125
0 0.42734375 0.3974609375 0.0390625 0.048828125
0 0.35703125 0.3115234375 0.0390625 0.048828125
0 0.52109375 0.3759765625 0.0390625 0.048828125
0 0.44296875 0.5224609375 0.0390625 0.048828125
0 0.58984375 0.4619140625 0.0390625 0.048828125
0 0.30703125 0.5283203125 0.0390625 0.048828125
0 0.55546875 0.7978515625 0.0390625 0.048828125
0 0.33671875 0.5966796875 0.0390625 0.048828125
0 0.28203125 0.6357421875 0.0390625 0.048828125
0 0.59296875 0.6357421875 0.0390625 0.048828125
0 0.58046875 0.6904296875 0.0390625 0.048828125
0 0.31015625 0.7041015625 0.0390625 0.048828125
0 0.46484375 0.2373046875 0.0390625 0.048828125
0 0.57890625 0.5166015625 0.0390625 0.048828125
0 0.48671875 0.7138671875 0.0390625 0.048828125
0 0.41796875 0.6279296875 0.0390625 0.048828125
0 0.58671875 0.2861328125 0.0390625 0.048828125
0 0.37734375 0.6123046875 0.0390625 0.048828125
0 0.36171875 0.4892578125 0.0390625 0.048828125
0 0.48515625 0.5380859375 0.0390625 0.048828125
0 0.38203125 0.2060546875 0.0390625 0.048828125
0 0.56171875 0.3935546875 0.0390625 0.048828125
0 0.47421875 0.7666015625 0.0390625 0.048828125
0 0.42421875 0.2216796875 0.0390625 0.048828125
0 0.35078125 0.7197265625 0.0390625 0.048828125
0 0.61484375 0.3564453125 0.0390625 0.048828125
0 0.43984375 0.3447265625 0.0390625 0.048828125
0 0.49921875 0.6591796875 0.0390625 0.048828125
0 0.51484375 0.7822265625 0.0390625 0.048828125
0 0.26796875 0.6884765625 0.0390625 0.048828125
0 0.64453125 0.4248046875 0.0390625 0.048828125
0 0.32109375 0.4736328125 0.0390625 0.048828125
0 0.45859375 0.6435546875 0.0390625 0.048828125
0 0.56796875 0.7451171875 0.0390625 0.048828125
0 0.29453125 0.5810546875 0.0390625 0.048828125
0 0.66796875 0.3193359375 0.0390625 0.048828125
