0 0.8828125 0.54296875 0.05625 0.05859375
0 0.75546875 0.54296875 0.0578125 0.05859375
0 0.6984375 0.35546875 0.05625 0.05859375
0 0.8875 0.35546875 0.05625 0.05859375
0 0.8828125 0.669921875 0.05625 0.05859375
0 0.82578125 0.35546875 0.0578125 0.05859375
0 0.76015625 0.35546875 0.0578125 0.05859375
0 0.62890625 0.54296875 0.0578125 0.05859375
0 0.571875 0.35546875 0.05625 0.05859375
0 0.31640625 0.482421875 0.0578125 0.05859375
0 0.69453125 0.482421875 0.0578125 0.05859375
0 0.75390625 0.669921875 0.0578125 0.05859375
0 0.75859375 0.482421875 0.0578125 0.05859375
0 0.37109375 0.736328125 0.0578125 0.05859375
0 0.81640625 0.732421875 0.0578125 0.05859375
0 0.44296875 0.482421875 0.0578125 0.05859375
0 0.88515625 0.48046875 0.0578125 0.05859375
0 0.69453125 0.54296875 0.0578125 0.05859375
0 0.95234375 0.35546875 0.0578125 0.05859375
0 0.76015625 0.419921875 0.0578125 0.05859375
0 0.50546875 0.544921875 0.0578125 0.05859375
0 0.88046875 0.798828125 0.0578125 0.05859375
0 0.8875 0.419921875 0.05625 0.05859375
0 0.43828125 0.609375 0.0578125 0.05859375
0 0.62734375 0.669921875 0.0578125 0.05859375
0 0.31328125 0.609375 0.0578125 0.05859375
0 0.44765625 0.35546875 0.0578125 0.05859375
0 0.56953125 0.482421875 0.0578125 0.05859375
0 0.94453125 0.736328125 0.0578125 0.05859375
0 0.5671875 0.544921875 0.05625 0.05859375
0 0.50078125 0.669921875 0.0578125 0.05859375
0 0.68984375 0.736328125 0.0578125 0.05859375
0 0.43984375 0.544921875 0.0578125 0.05859375
0 0.56484375 0.607421875 0.0578125 0.05859375
0 0.37421875 0.671875 0.0578125 0.05859375
0 0.81796875 0.669921875 0.0578125 0.05859375
0 0.49765625 0.736328125 0.0578125 0.05859375
0 0.43828125 0.671875 0.0578125 0.05859375
0 0.75546875 0.607421875 0.0578125 0.05859375
0 0.94453125 0.669921875 0.0578125 0.05859375
0 0.63203125 0.482421875 0.0578125 0.05859375
0 0.62421875 0.732421875 0.0578125 0.05859375
0 0.62890625 0.607421875 0.0578125 0.05859375
0 0.31171875 0.671875 0.0578125 0.05859375
0 0.69609375 0.419921875 0.0578125 0.05859375
0 0.88046875 0.736328125 0.0578125 0.05859375
0 0.69140625 0.669921875 0.0578125 0.05859375
0 0.31640625 0.544921875 0.0578125 0.05859375
0 0.7515625 0.798828125 0.05625 0.05859375
0 0.82109375 0.482421875 0.0578125 0.05859375
0 0.75390625 0.732421875 0.0578125 0.05859375
0 0.44453125 0.419921875 0.0578125 0.05859375
0 0.30859375 0.736328125 0.0578125 0.05859375
0 0.62421875 0.798828125 0.0578125 0.05859375
0 0.3828125 0.35546875 0.05625 0.05859375
0 0.94453125 0.798828125 0.0578125 0.05859375
0 0.8828125 0.607421875 0.05625 0.05859375
0 0.36953125 0.798828125 0.0578125 0.05859375
0 0.37890625 0.544921875 0.0578125 0.05859375
0 0.63671875 0.35546875 0.0578125 0.05859375
0 0.31796875 0.419921875 0.0578125 0.05859375
0 0.50703125 0.482421875 0.0578125 0.05859375
0 0.51015625 0.35546875 0.0578125 0.05859375
0 0.56484375 0.669921875 0.0578125 0.05859375
0 0.4359375 0.736328125 0.05625 0.05859375
0 0.49609375 0.798828125 0.0578125 0.05859375
0 0.32109375 0.35546875 0.0578125 0.05859375
0 0.571875 0.419921875 0.05625 0.05859375
0 0.81640625 0.798828125 0.0578125 0.05859375
0 0.94765625 0.54296875 0.0578125 0.05859375
0 0.38046875 0.482421875 0.0578125 0.05859375
0 0.50234375 0.607421875 0.0578125 0.05859375
0 0.63359375 0.419921875 0.0578125 0.05859375
0 0.43359375 0.798828125 0.0578125 0.05859375
0 0.5625 0.732421875 0.05625 0.05859375
0 0.82265625 0.419921875 0.0578125 0.05859375
0 0.3828125 0.419921875 0.05625 0.05859375
0 0.69140625 0.607421875 0.0578125 0.05859375
0 0.30703125 0.798828125 0.0578125 0.05859375
0 0.82109375 0.54296875 0.0578125 0.05859375
0 0.68671875 0.798828125 0.0578125 0.05859375
0 0.37578125 0.607421875 0.0578125 0.05859375
0 0.81796875 0.607421875 0.0578125 0.05859375
0 0.94765625 0.607421875 0.0578125 0.05859375
0 0.94921875 0.419921875 0.0578125 0.05859375
0 0.94921875 0.48046875 0.0578125 0.05859375
0 0.56015625 0.798828125 0.0578125 0.05859375
0 0.50703125 0.419921875 0.0578125 0.05859375
