0 0.73984375 0.525390625 0.0546875 0.05859375
0 0.52265625 0.7373046875 0.0546875 0.060546875
0 0.6015625 0.4013671875 0.053125 0.060546875
0 0.34140625 0.42578125 0.0546875 0.0625
0 0.5421875 0.6552734375 0.053125 0.060546875
0 0.27421875 0.1875 0.0546875 0.0625
0 0.66015625 0.5048828125 0.0515625 0.060546875
0 0.38203125 0.2578125 0.0546875 0.0625
0 0.61796875 0.3193359375 0.0546875 0.060546875
0 0.42109375 0.0966796875 0.0515625 0.060546875
0 0.48203125 0.5498046875 0.0546875 0.056640625
0 0.58125 0.4833984375 0.05 0.060546875
0 0.771875 0.5771484375 0.053125 0.056640625
0 0.57890625 0.1328125 0.0515625 0.0625
0 0.40234375 0.5283203125 0.0515625 0.056640625
0 0.5609375 0.568359375 0.053125 0.05859375
0 0.67890625 0.4228515625 0.0515625 0.060546875
0 0.37109375 0.125 0.0546875 0.05859375
0 0.46953125 0.064453125 0.0515625 0.05859375
0 0.64140625 0.58984375 0.0515625 0.05859375
0 0.53046875 0.1650390625 0.0515625 0.056640625
0 0.55859375 0.216796875 0.0546875 0.05859375
0 0.69765625 0.3388671875 0.0515625 0.056640625
0 0.5 0.1142578125 0.05 0.060546875
0 0.62109375 0.6728515625 0.0515625 0.060546875
0 0.571875 0.3515625 0.053125 0.05859375
0 0.63671875 0.236328125 0.0546875 0.0625
0 0.78828125 0.4931640625 0.0546875 0.060546875
0 0.28203125 0.322265625 0.0546875 0.0625
0 0.5203125 0.3837890625 0.053125 0.060546875
0 0.51171875 0.6015625 0.0546875 0.05859375
0 0.46171875 0.279296875 0.0515625 0.0625
0 0.75859375 0.44140625 0.0546875 0.0625
0 0.30390625 0.2392578125 0.0546875 0.060546875
0 0.66953125 0.2880859375 0.0546875 0.060546875
0 0.32265625 0.15625 0.0546875 0.05859375
0 0.590625 0.2666015625 0.053125 0.060546875
0 0.44140625 0.3623046875 0.0546875 0.060546875
0 0.41328125 0.3115234375 0.0515625 0.056640625
0 0.32265625 0.5087890625 0.0546875 0.060546875
0 0.38359375 0.6123046875 0.0515625 0.060546875
0 0.45078125 0.146484375 0.0515625 0.05859375
0 0.40078125 0.1767578125 0.0546875 0.056640625
0 0.63046875 0.453125 0.0515625 0.0625
0 0.42109375 0.4443359375 0.0515625 0.060546875
0 0.53125 0.515625 0.053125 0.05859375
0 0.37265625 0.4765625 0.0515625 0.05859375
0 0.82109375 0.544921875 0.0546875 0.0625
0 0.5015625 0.4658203125 0.053125 0.060546875
0 0.33359375 0.2900390625 0.0546875 0.056640625
0 0.48046875 0.1962890625 0.0515625 0.060546875
0 0.43203125 0.2275390625 0.0515625 0.060546875
0 0.5390625 0.298828125 0.053125 0.05859375
0 0.72734375 0.3896484375 0.0515625 0.060546875
0 0.4609375 0.6337890625 0.053125 0.060546875
0 0.44296875 0.7197265625 0.0515625 0.060546875
0 0.55 0.4326171875 0.053125 0.060546875
0 0.54921875 0.083984375 0.0515625 0.0625
0 0.49296875 0.685546875 0.0546875 0.0625
0 0.22421875 0.2216796875 0.0515625 0.060546875
0 0.26328125 0.404296875 0.0546875 0.0625
0 0.36171875 0.341796875 0.0515625 0.05859375
0 0.39453125 0.3916015625 0.0515625 0.060546875
0 0.59140625 0.62109375 0.0515625 0.0625
0 0.57265625 0.70703125 0.0515625 0.0625
0 0.6109375 0.537109375 0.05 0.05859375
0 0.690625 0.5556640625 0.053125 0.056640625
0 0.29296875 0.4580078125 0.0546875 0.056640625
0 0.64921875 0.369140625 0.0515625 0.05859375
0 0.671875 0.640625 0.053125 0.05859375
0 0.47109375 0.4130859375 0.0546875 0.060546875
0 0.60703125 0.185546875 0.0546875 0.05859375
0 0.17578125 0.25 0.0515625 0.05859375
0 0.51015625 0.2490234375 0.0515625 0.060546875
0 0.490625 0.330078125 0.053125 0.05859375
0 0.35234375 0.5595703125 0.0546875 0.060546875
0 0.20390625 0.302734375 0.0546875 0.05859375
0 0.43203125 0.5810546875 0.0515625 0.060546875
0 0.23359375 0.35546875 0.0546875 0.0625
0 0.45234375 0.498046875 0.0546875 0.05859375
0 0.72109375 0.6083984375 0.0546875 0.060546875
0 0.31484375 0.3740234375 0.0546875 0.060546875
0 0.25546875 0.271484375 0.0546875 0.05859375
0 0.51953125 0.033203125 0.0515625 0.05859375
0 0.47109375 0.7705078125 0.0546875 0.060546875
0 0.41328125 0.6640625 0.0515625 0.0625
0 0.70859375 0.474609375 0.0515625 0.0625
0 0.35234375 0.208984375 0.0546875 0.0625
