0 0.58125 0.236328125 0.053125 0.05859375
0 0.47578125 0.2861328125 0.0515625 0.056640625
0 0.803125 0.7138671875 0.053125 0.056640625
0 0.36171875 0.5107421875 0.0515625 0.056640625
0 0.50703125 0.3310546875 0.0515625 0.056640625
0 0.64921875 0.2314453125 0.0515625 0.060546875
0 0.43125 0.5068359375 0.05 0.060546875
0 0.43984375 0.33203125 0.0515625 0.05859375
0 0.54765625 0.1953125 0.0515625 0.05859375
0 0.4359375 0.419921875 0.053125 0.05859375
0 0.64609375 0.322265625 0.0515625 0.05859375
0 0.4703125 0.3740234375 0.05 0.056640625
0 0.59375 0.6298828125 0.053125 0.060546875
0 0.72578125 0.8046875 0.0515625 0.05859375
0 0.73515625 0.625 0.0515625 0.05859375
0 0.4609375 0.55078125 0.053125 0.05859375
0 0.39921875 0.4658203125 0.0515625 0.060546875
0 0.66015625 0.7197265625 0.0515625 0.056640625
0 0.67265625 0.453125 0.0515625 0.05859375
0 0.50234375 0.4169921875 0.0515625 0.060546875
0 0.5765625 0.32421875 0.05 0.05859375
0 0.5984375 0.54296875 0.05 0.05859375
0 0.56640625 0.501953125 0.0515625 0.05859375
0 0.6703125 0.5400390625 0.053125 0.060546875
0 0.534375 0.4609375 0.05 0.05859375
0 0.33125 0.46875 0.05 0.05859375
0 0.87734375 0.619140625 0.0515625 0.05859375
0 0.73828125 0.537109375 0.0515625 0.05859375
0 0.49296875 0.5927734375 0.0484375 0.056640625
0 0.36484375 0.4228515625 0.0515625 0.056640625
0 0.7078125 0.494140625 0.053125 0.05859375
0 0.58515625 0.1513671875 0.0515625 0.056640625
0 0.63046875 0.5849609375 0.0515625 0.056640625
0 0.65546875 0.8076171875 0.0515625 0.060546875
0 0.52890625 0.5478515625 0.0515625 0.060546875
0 0.809375 0.53515625 0.053125 0.05859375
0 0.42578125 0.59375 0.0515625 0.05859375
0 0.53984375 0.37109375 0.0515625 0.05859375
0 0.665625 0.6298828125 0.05 0.060546875
0 0.61171875 0.2783203125 0.0515625 0.056640625
0 0.74296875 0.4482421875 0.0515625 0.056640625
0 0.64140625 0.412109375 0.0515625 0.05859375
0 0.80703125 0.6240234375 0.0515625 0.056640625
0 0.51171875 0.2421875 0.0484375 0.05859375
0 0.60390625 0.4560546875 0.0515625 0.056640625
0 0.52578125 0.634765625 0.0515625 0.05859375
0 0.58515625 0.810546875 0.0515625 0.05859375
0 0.57109375 0.412109375 0.0515625 0.05859375
0 0.39453125 0.552734375 0.0515625 0.05859375
0 0.74921875 0.3583984375 0.0515625 0.056640625
0 0.8421875 0.6689453125 0.05 0.060546875
0 0.69296875 0.76171875 0.0515625 0.05859375
0 0.9171875 0.5751953125 0.053125 0.056640625
0 0.40234375 0.37890625 0.0515625 0.05859375
0 0.71171875 0.404296875 0.0515625 0.05859375
0 0.73125 0.71484375 0.05 0.05859375
0 0.63515625 0.4970703125 0.0515625 0.056640625
0 0.77421875 0.5791015625 0.0515625 0.056640625
0 0.6515625 0.8974609375 0.053125 0.060546875
0 0.69765625 0.671875 0.0515625 0.05859375
0 0.67890625 0.36328125 0.0515625 0.05859375
0 0.60859375 0.3662109375 0.0515625 0.056640625
0 0.6234375 0.76171875 0.05 0.05859375
0 0.58984375 0.720703125 0.0515625 0.05859375
0 0.46484375 0.4619140625 0.0515625 0.056640625
0 0.45859375 0.6376953125 0.0515625 0.060546875
0 0.5578125 0.67578125 0.05 0.05859375
0 0.5625 0.5888671875 0.053125 0.060546875
0 0.62890625 0.6748046875 0.0515625 0.056640625
0 0.84453125 0.578125 0.0515625 0.05859375
0 0.76796875 0.6689453125 0.0515625 0.060546875
0 0.52109375 0.72265625 0.0515625 0.05859375
0 0.49765625 0.50390625 0.0515625 0.05859375
0 0.48828125 0.6806640625 0.0515625 0.056640625
0 0.778125 0.4912109375 0.053125 0.060546875
0 0.84921875 0.48828125 0.0515625 0.05859375
0 0.6828125 0.275390625 0.053125 0.05859375
0 0.7015625 0.583984375 0.053125 0.05859375
0 0.78203125 0.4013671875 0.0515625 0.060546875
0 0.54375 0.283203125 0.053125 0.05859375
0 0.61796875 0.853515625 0.0515625 0.05859375
0 0.815625 0.4453125 0.053125 0.05859375
0 0.690625 0.8525390625 0.05 0.056640625
0 0.55234375 0.7666015625 0.0515625 0.060546875
0 0.71640625 0.3173828125 0.0515625 0.056640625
0 0.61796875 0.193359375 0.0515625 0.05859375
0 0.8828125 0.529296875 0.05 0.05859375
0 0.76328125 0.7587890625 0.0515625 0.060546875
