0 0.6296875 0.60546875 0.034375 0.05859375
0 0.52265625 0.4599609375 0.0359375 0.056640625
0 0.740625 0.3935546875 0.034375 0.056640625
0 0.546875 0.677734375 0.0375 0.05859375
0 0.77734375 0.3271484375 0.0390625 0.056640625
0 0.50703125 0.3193359375 0.0390625 0.056640625
0 0.4203125 0.390625 0.0375 0.05859375
0 0.7359375 0.7451171875 0.034375 0.056640625
0 0.634375 0.2529296875 0.034375 0.056640625
0 0.553125 0.3203125 0.0375 0.05859375
0 0.86015625 0.67578125 0.0359375 0.0546875
0 0.50078125 0.67578125 0.0390625 0.0546875
0 0.65703125 0.46484375 0.0421875 0.05859375
0 0.75625 0.537109375 0.0375 0.05859375
0 0.68125 0.67578125 0.034375 0.0546875
0 0.8 0.537109375 0.034375 0.05859375
0 0.50859375 0.7490234375 0.0390625 0.056640625
0 0.4453125 0.60546875 0.0375 0.05859375
0 0.39296875 0.53515625 0.0390625 0.0546875
0 0.37265625 0.390625 0.0390625 0.05859375
0 0.58515625 0.6044921875 0.0390625 0.060546875
0 0.825 0.7470703125 0.0375 0.052734375
0 0.4390625 0.5341796875 0.040625 0.052734375
0 0.45390625 0.677734375 0.0359375 0.05859375
0 0.40546875 0.24609375 0.0390625 0.05859375
0 0.6140625 0.462890625 0.0375 0.0546875
0 0.49140625 0.6044921875 0.0390625 0.056640625
0 0.5671875 0.4609375 0.0375 0.05859375
0 0.55546875 0.7490234375 0.0359375 0.056640625
0 0.58984375 0.251953125 0.0359375 0.05859375
0 0.7109375 0.533203125 0.0375 0.05859375
0 0.815625 0.67578125 0.034375 0.0546875
0 0.46015625 0.318359375 0.0359375 0.05859375
0 0.82578125 0.39453125 0.0390625 0.05859375
0 0.81953125 0.3271484375 0.0390625 0.056640625
0 0.86953125 0.74609375 0.0390625 0.05859375
0 0.69609375 0.3935546875 0.0359375 0.056640625
0 0.64609375 0.748046875 0.0359375 0.0546875
0 0.790625 0.4658203125 0.03125 0.056640625
0 0.73203125 0.3251953125 0.0390625 0.056640625
0 0.53828125 0.60546875 0.0359375 0.05859375
0 0.4625 0.75 0.0375 0.0546875
0 0.76328125 0.60546875 0.0390625 0.05859375
0 0.60078125 0.7470703125 0.0421875 0.060546875
0 0.4765625 0.4609375 0.0375 0.05859375
0 0.60546875 0.392578125 0.0390625 0.05859375
0 0.6375 0.67578125 0.03125 0.0546875
0 0.84375 0.5361328125 0.034375 0.052734375
0 0.728125 0.67578125 0.0375 0.0546875
0 0.43125 0.462890625 0.0375 0.0546875
0 0.40703125 0.6787109375 0.0390625 0.056640625
0 0.46875 0.3916015625 0.0375 0.056640625
0 0.69140625 0.74609375 0.0359375 0.05859375
0 0.359375 0.2451171875 0.040625 0.060546875
0 0.71875 0.6044921875 0.034375 0.056640625
0 0.725 0.255859375 0.034375 0.0546875
0 0.65 0.3935546875 0.034375 0.056640625
0 0.39921875 0.6044921875 0.0390625 0.056640625
0 0.771875 0.673828125 0.034375 0.05859375
0 0.4515625 0.248046875 0.0375 0.0546875
0 0.53046875 0.5322265625 0.0359375 0.056640625
0 0.67578125 0.6044921875 0.0390625 0.056640625
0 0.365625 0.3173828125 0.0375 0.060546875
0 0.6421875 0.3251953125 0.034375 0.056640625
0 0.6671875 0.53515625 0.034375 0.0546875
0 0.8109375 0.2578125 0.034375 0.05859375
0 0.746875 0.46484375 0.034375 0.05859375
0 0.703125 0.4638671875 0.034375 0.052734375
0 0.7828125 0.396484375 0.034375 0.0546875
0 0.4125 0.3193359375 0.040625 0.056640625
0 0.5609375 0.392578125 0.034375 0.05859375
0 0.62265625 0.53515625 0.0359375 0.0546875
0 0.57578125 0.533203125 0.0390625 0.05859375
0 0.6875 0.3251953125 0.0375 0.056640625
0 0.596875 0.322265625 0.034375 0.0546875
0 0.484375 0.5322265625 0.0375 0.056640625
0 0.4140625 0.7509765625 0.04375 0.060546875
0 0.67890625 0.25390625 0.0390625 0.05859375
0 0.7796875 0.74609375 0.0375 0.05859375
0 0.59296875 0.677734375 0.0390625 0.05859375
0 0.51484375 0.390625 0.0390625 0.05859375
0 0.49765625 0.2490234375 0.0390625 0.056640625
0 0.54453125 0.25 0.0359375 0.0546875
0 0.76953125 0.2578125 0.0359375 0.05859375
0 0.8078125 0.60546875 0.0375 0.0546875
0 0.38046875 0.458984375 0.0421875 0.05859375
0 0.8359375 0.4658203125 0.040625 0.056640625
0 0.85234375 0.60546875 0.0390625 0.05859375
