0 0.41015625 0.623046875 0.0390625 0.05078125
0 0.6296875 0.3759765625 0.040625 0.048828125
0 0.4390625 0.4765625 0.040625 0.05078125
0 0.5234375 0.3154296875 0.0375 0.048828125
0 0.5109375 0.51953125 0.040625 0.046875
0 0.553125 0.439453125 0.040625 0.05078125
0 0.5140625 0.796875 0.040625 0.046875
0 0.646875 0.439453125 0.040625 0.05078125
0 0.65234375 0.337890625 0.0390625 0.046875
0 0.7609375 0.3994140625 0.0375 0.048828125
0 0.6625 0.50390625 0.040625 0.05078125
0 0.5171875 0.41796875 0.040625 0.046875
0 0.678125 0.56640625 0.040625 0.05078125
0 0.5265625 0.583984375 0.040625 0.05078125
0 0.4171875 0.5185546875 0.040625 0.048828125
0 0.453125 0.5390625 0.040625 0.05078125
0 0.5375 0.376953125 0.0375 0.05078125
0 0.3890625 0.666015625 0.040625 0.05078125
0 0.475 0.4990234375 0.0375 0.048828125
0 0.3390625 0.580078125 0.0375 0.046875
0 0.484375 0.6669921875 0.040625 0.048828125
0 0.4625 0.7080078125 0.0375 0.048828125
0 0.6203125 0.5849609375 0.040625 0.048828125
0 0.615625 0.3173828125 0.040625 0.048828125
0 0.4890625 0.5615234375 0.0375 0.048828125
0 0.5015625 0.35546875 0.040625 0.046875
0 0.540625 0.6484375 0.040625 0.05078125
0 0.50703125 0.2548828125 0.0390625 0.048828125
0 0.5828125 0.5625 0.040625 0.046875
0 0.5765625 0.66796875 0.040625 0.05078125
0 0.6828125 0.4619140625 0.040625 0.048828125
0 0.4984375 0.73046875 0.040625 0.05078125
0 0.38125 0.49609375 0.040625 0.05078125
0 0.446875 0.64453125 0.040625 0.046875
0 0.42578125 0.6884765625 0.0390625 0.048828125
0 0.353125 0.6435546875 0.0375 0.048828125
0 0.48125 0.396484375 0.040625 0.046875
0 0.66796875 0.3994140625 0.0390625 0.048828125
0 0.6875 0.3583984375 0.040625 0.048828125
0 0.546875 0.54296875 0.040625 0.046875
0 0.65703125 0.607421875 0.0390625 0.046875
0 0.4234375 0.416015625 0.040625 0.046875
0 0.5734375 0.3974609375 0.040625 0.048828125
0 0.3609375 0.5390625 0.040625 0.05078125
0 0.53203125 0.48046875 0.0390625 0.046875
0 0.44453125 0.3759765625 0.0390625 0.048828125
0 0.365625 0.70703125 0.040625 0.046875
0 0.5890625 0.4609375 0.040625 0.046875
0 0.70390625 0.419921875 0.0390625 0.046875
0 0.56796875 0.5 0.0390625 0.046875
0 0.603125 0.5234375 0.040625 0.046875
0 0.64140625 0.5439453125 0.0390625 0.048828125
0 0.51953125 0.689453125 0.0390625 0.046875
0 0.50546875 0.6259765625 0.0390625 0.048828125
0 0.71875 0.482421875 0.040625 0.046875
0 0.4875 0.294921875 0.040625 0.05078125
0 0.56171875 0.6064453125 0.0390625 0.048828125
0 0.45859375 0.4365234375 0.0390625 0.048828125
0 0.55703125 0.7109375 0.0390625 0.046875
0 0.55703125 0.3369140625 0.0390625 0.048828125
0 0.5359375 0.7529296875 0.0375 0.048828125
0 0.625 0.4814453125 0.0375 0.048828125
0 0.40234375 0.45703125 0.0390625 0.05078125
0 0.61484375 0.69140625 0.0390625 0.046875
0 0.440625 0.751953125 0.0375 0.046875
0 0.609375 0.4169921875 0.040625 0.048828125
0 0.39609375 0.55859375 0.0390625 0.05078125
0 0.725 0.3798828125 0.040625 0.048828125
0 0.403125 0.728515625 0.040625 0.046875
0 0.578125 0.2978515625 0.0375 0.048828125
0 0.69765625 0.5244140625 0.0390625 0.048828125
0 0.4765625 0.7734375 0.040625 0.046875
0 0.31640625 0.62109375 0.0390625 0.05078125
0 0.375 0.6015625 0.040625 0.046875
0 0.33046875 0.685546875 0.0390625 0.05078125
0 0.43203125 0.5810546875 0.0390625 0.048828125
0 0.29375 0.6640625 0.040625 0.046875
0 0.57265625 0.77734375 0.0390625 0.05078125
0 0.59375 0.359375 0.040625 0.05078125
0 0.465625 0.333984375 0.040625 0.046875
0 0.4671875 0.603515625 0.040625 0.05078125
0 0.6359375 0.6484375 0.040625 0.05078125
0 0.59375 0.734375 0.040625 0.046875
0 0.496875 0.4580078125 0.040625 0.048828125
0 0.5421875 0.275390625 0.040625 0.05078125
0 0.7421875 0.4404296875 0.040625 0.048828125
0 0.5984375 0.6279296875 0.0375 0.048828125
0 0.5515625 0.8203125 0.040625 0.05078125
