0 0.39453125 0.4912109375 0.0390625 0.048828125
0 0.39296875 0.4365234375 0.0390625 0.048828125
0 0.44296875 0.7177734375 0.0390625 0.048828125
0 0.43828125 0.4912109375 0.0390625 0.048828125
0 0.61640625 0.4287109375 0.0390625 0.048828125
0 0.66328125 0.5400390625 0.0390625 0.048828125
0 0.48828125 0.7744140625 0.0390625 0.048828125
0 0.30859375 0.7216796875 0.0390625 0.048828125
0 0.57109375 0.4306640625 0.0390625 0.048828125
0 0.21796875 0.5537109375 0.0390625 0.048828125
0 0.30390625 0.4384765625 0.0390625 0.048828125
0 0.44140625 0.6611328125 0.0390625 0.048828125
0 0.43984375 0.6044921875 0.0390625 0.048828125
0 0.66484375 0.6552734375 0.0390625 0.048828125
0 0.39765625 0.7177734375 0.0390625 0.048828125
0 0.30703125 0.5517578125 0.0390625 0.048828125
0 0.35234375 0.6064453125 0.0390625 0.048828125
0 0.48203125 0.4326171875 0.0390625 0.048828125
0 0.35078125 0.5498046875 0.0390625 0.048828125
0 0.62265625 0.7705078125 0.0390625 0.048828125
0 0.26328125 0.6083984375 0.0390625 0.048828125
0 0.34921875 0.4931640625 0.0390625 0.048828125
0 0.61796875 0.4853515625 0.0390625 0.048828125
0 0.57734375 0.7724609375 0.0390625 0.048828125
0 0.53359375 0.7724609375 0.0390625 0.048828125
0 0.57265625 0.4873046875 0.0390625 0.048828125
0 0.44296875 0.7744140625 0.0390625 0.048828125
0 0.61953125 0.5986328125 0.0390625 0.048828125
0 0.52734375 0.4306640625 0.0390625 0.048828125
0 0.30859375 0.6650390625 0.0390625 0.048828125
0 0.52734375 0.4873046875 0.0390625 0.048828125
0 0.39453125 0.5498046875 0.0390625 0.048828125
0 0.39609375 0.6630859375 0.0390625 0.048828125
0 0.35234375 0.6630859375 0.0390625 0.048828125
0 0.66171875 0.4267578125 0.0390625 0.048828125
0 0.39921875 0.7763671875 0.0390625 0.048828125
0 0.26484375 0.7802734375 0.0390625 0.048828125
0 0.66328125 0.4833984375 0.0390625 0.048828125
0 0.53046875 0.6591796875 0.0390625 0.048828125
0 0.30703125 0.6083984375 0.0390625 0.048828125
0 0.26015625 0.4970703125 0.0390625 0.048828125
0 0.48515625 0.6025390625 0.0390625 0.048828125
0 0.53203125 0.7158203125 0.0390625 0.048828125
0 0.52890625 0.6005859375 0.0390625 0.048828125
0 0.66796875 0.7705078125 0.0390625 0.048828125
0 0.39609375 0.6044921875 0.0390625 0.048828125
0 0.48359375 0.5458984375 0.0390625 0.048828125
0 0.43984375 0.5478515625 0.0390625 0.048828125
0 0.26640625 0.8369140625 0.0390625 0.048828125
0 0.35390625 0.7197265625 0.0390625 0.048828125
0 0.30546875 0.4951171875 0.0390625 0.048828125
0 0.62109375 0.6552734375 0.0390625 0.048828125
0 0.61796875 0.5419921875 0.0390625 0.048828125
0 0.21953125 0.7236328125 0.0390625 0.048828125
0 0.66484375 0.5986328125 0.0390625 0.048828125
0 0.48671875 0.6591796875 0.0390625 0.048828125
0 0.48359375 0.4892578125 0.0390625 0.048828125
0 0.57421875 0.6005859375 0.0390625 0.048828125
0 0.21796875 0.6103515625 0.0390625 0.048828125
0 0.48671875 0.7158203125 0.0390625 0.048828125
0 0.22109375 0.7802734375 0.0390625 0.048828125
0 0.44453125 0.8310546875 0.0390625 0.048828125
0 0.62109375 0.7138671875 0.0390625 0.048828125
0 0.21640625 0.4990234375 0.0390625 0.048828125
0 0.26484375 0.7216796875 0.0390625 0.048828125
0 0.35390625 0.7763671875 0.0390625 0.048828125
0 0.34921875 0.4384765625 0.0390625 0.048828125
0 0.26171875 0.5537109375 0.0390625 0.048828125
0 0.57421875 0.5439453125 0.0390625 0.048828125
0 0.26328125 0.6650390625 0.0390625 0.048828125
0 0.31015625 0.7783203125 0.0390625 0.048828125
0 0.31015625 0.8349609375 0.0390625 0.048828125
0 0.66640625 0.7119140625 0.0390625 0.048828125
0 0.26015625 0.4404296875 0.0390625 0.048828125
0 0.48828125 0.8310546875 0.0390625 0.048828125
0 0.21953125 0.6669921875 0.0390625 0.048828125
0 0.57578125 0.7138671875 0.0390625 0.048828125
0 0.57578125 0.6572265625 0.0390625 0.048828125
0 0.43671875 0.4345703125 0.0390625 0.048828125
0 0.39921875 0.8330078125 0.0390625 0.048828125
0 0.52890625 0.5458984375 0.0390625 0.048828125
0 0.35390625 0.8330078125 0.0390625 0.048828125
0 0.53359375 0.8291015625 0.0390625 0.048828125
0 0.22109375 0.8369140625 0.0390625 0.048828125
0 0.21484375 0.4404296875 0.0390625 0.048828125
0 0.62421875 0.8271484375 0.0390625 0.048828125
0 0.57890625 0.8291015625 0.0390625 0.048828125
0 0.66953125 0.8271484375 0.0390625 0.048828125
