0 0.32578125 0.4970703125 0.0390625 0.048828125
0 0.35390625 0.7158203125 0.0390625 0.048828125
0 0.46484375 0.2919921875 0.0390625 0.048828125
0 0.49296875 0.5087890625 0.0390625 0.048828125
0 0.57734375 0.5146484375 0.0390625 0.048828125
0 0.29140625 0.6611328125 0.0390625 0.048828125
0 0.37890625 0.4775390625 0.0390625 0.048828125
0 0.30078125 0.7353515625 0.0390625 0.048828125
0 0.58828125 0.5888671875 0.0390625 0.048828125
0 0.50546875 0.3896484375 0.0390625 0.048828125
0 0.26171875 0.6357421875 0.0390625 0.048828125
0 0.50078125 0.7763671875 0.0390625 0.048828125
0 0.36171875 0.7880859375 0.0390625 0.048828125
0 0.44921875 0.6025390625 0.0390625 0.048828125
0 0.37578125 0.6689453125 0.0390625 0.048828125
0 0.47421875 0.3642578125 0.0390625 0.048828125
0 0.50234375 0.5830078125 0.0390625 0.048828125
0 0.42734375 0.6474609375 0.0390625 0.048828125
0 0.30390625 0.5419921875 0.0390625 0.048828125
0 0.51484375 0.4638671875 0.0390625 0.048828125
0 0.23984375 0.6806640625 0.0390625 0.048828125
0 0.67578125 0.4013671875 0.0390625 0.048828125
0 0.53671875 0.4169921875 0.0390625 0.048828125
0 0.39921875 0.4306640625 0.0390625 0.048828125
0 0.34765625 0.4501953125 0.0390625 0.048828125
0 0.42421875 0.8427734375 0.0390625 0.048828125
0 0.36640625 0.5966796875 0.0390625 0.048828125
0 0.38671875 0.5498046875 0.0390625 0.048828125
0 0.33515625 0.5693359375 0.0390625 0.048828125
0 0.48984375 0.7021484375 0.0390625 0.048828125
0 0.45234375 0.4111328125 0.0390625 0.048828125
0 0.56484375 0.6357421875 0.0390625 0.048828125
0 0.56796875 0.4423828125 0.0390625 0.048828125
0 0.40546875 0.6943359375 0.0390625 0.048828125
0 0.31328125 0.6162109375 0.0390625 0.048828125
0 0.54921875 0.2978515625 0.0390625 0.048828125
0 0.44296875 0.3388671875 0.0390625 0.048828125
0 0.41484375 0.7685546875 0.0390625 0.048828125
0 0.65390625 0.4482421875 0.0390625 0.048828125
0 0.51796875 0.2705078125 0.0390625 0.048828125
0 0.43046875 0.4560546875 0.0390625 0.048828125
0 0.43984375 0.5302734375 0.0390625 0.048828125
0 0.41796875 0.5751953125 0.0390625 0.048828125
0 0.48046875 0.6298828125 0.0390625 0.048828125
0 0.55859375 0.3701171875 0.0390625 0.048828125
0 0.48671875 0.2451171875 0.0390625 0.048828125
0 0.51171875 0.6552734375 0.0390625 0.048828125
0 0.41171875 0.3115234375 0.0390625 0.048828125
0 0.58984375 0.3955078125 0.0390625 0.048828125
0 0.52421875 0.5361328125 0.0390625 0.048828125
0 0.33203125 0.7607421875 0.0390625 0.048828125
0 0.39296875 0.8154296875 0.0390625 0.048828125
0 0.47109375 0.5556640625 0.0390625 0.048828125
0 0.38984375 0.3583984375 0.0390625 0.048828125
0 0.42109375 0.3857421875 0.0390625 0.048828125
0 0.58046875 0.3232421875 0.0390625 0.048828125
0 0.54609375 0.4892578125 0.0390625 0.048828125
0 0.35703125 0.5224609375 0.0390625 0.048828125
0 0.59921875 0.4677734375 0.0390625 0.048828125
0 0.46171875 0.4833984375 0.0390625 0.048828125
0 0.45859375 0.6748046875 0.0390625 0.048828125
0 0.64453125 0.3740234375 0.0390625 0.048828125
0 0.52734375 0.3427734375 0.0390625 0.048828125
0 0.63203125 0.4951171875 0.0390625 0.048828125
0 0.39609375 0.6220703125 0.0390625 0.048828125
0 0.47734375 0.8251953125 0.0390625 0.048828125
0 0.38515625 0.7431640625 0.0390625 0.048828125
0 0.62265625 0.4208984375 0.0390625 0.048828125
0 0.43671875 0.7216796875 0.0390625 0.048828125
0 0.34453125 0.6416015625 0.0390625 0.048828125
0 0.43359375 0.2666015625 0.0390625 0.048828125
0 0.49453125 0.3173828125 0.0390625 0.048828125
0 0.32265625 0.6884765625 0.0390625 0.048828125
0 0.54453125 0.6826171875 0.0390625 0.048828125
0 0.61171875 0.3486328125 0.0390625 0.048828125
0 0.45546875 0.2197265625 0.0390625 0.048828125
0 0.53359375 0.6083984375 0.0390625 0.048828125
0 0.52265625 0.7294921875 0.0390625 0.048828125
0 0.48359375 0.4365234375 0.0390625 0.048828125
0 0.55546875 0.5615234375 0.0390625 0.048828125
0 0.44609375 0.7958984375 0.0390625 0.048828125
0 0.46796875 0.7490234375 0.0390625 0.048828125
0 0.28203125 0.5888671875 0.0390625 0.048828125
0 0.40859375 0.5029296875 0.0390625 0.048828125
0 0.61015625 0.5419921875 0.0390625 0.048828125
0 0.26953125 0.7080078125 0.0390625 0.048828125
0 0.36953125 0.4052734375 0.0390625 0.048828125
0 0.45546875 0.8701171875 0.0390625 0.048828125
