0 0.70546875 0.45703125 0.0515625 0.0859375
0 0.52734375 0.255859375 0.0515625 0.0859375
0 0.77109375 0.603515625 0.0515625 0.0859375
0 0.63984375 0.30859375 0.0515625 0.0859375
0 0.41953125 0.2861328125 0.0515625 0.083984375
0 0.61640625 0.728515625 0.0515625 0.0859375
0 0.54453125 0.5 0.0515625 0.0859375
0 0.39140625 0.630859375 0.0515625 0.0859375
0 0.67578125 0.794921875 0.0515625 0.0859375
0 0.5984375 0.486328125 0.053125 0.0859375
0 0.61015625 0.650390625 0.0515625 0.0859375
0 0.31640625 0.400390625 0.0515625 0.0859375
0 0.32421875 0.482421875 0.0515625 0.0859375
0 0.50546875 0.6796875 0.0515625 0.0859375
0 0.63359375 0.2265625 0.0515625 0.0859375
0 0.41328125 0.873046875 0.0515625 0.0859375
0 0.38671875 0.546875 0.0515625 0.0859375
0 0.37265625 0.384765625 0.0515625 0.0859375
0 0.25546875 0.33203125 0.0515625 0.0859375
0 0.71171875 0.5390625 0.0515625 0.0859375
0 0.68828125 0.2099609375 0.0515625 0.083984375
0 0.72890625 0.77734375 0.0515625 0.0859375
0 0.82265625 0.587890625 0.0515625 0.0859375
0 0.75390625 0.357421875 0.0515625 0.0859375
0 0.27734375 0.58203125 0.0515625 0.0859375
0 0.34609375 0.728515625 0.0515625 0.0859375
0 0.62421875 0.8115234375 0.0515625 0.083984375
0 0.30703125 0.90625 0.0515625 0.0859375
0 0.43984375 0.53515625 0.0515625 0.0859375
0 0.79453125 0.1796875 0.0515625 0.0859375
0 0.36640625 0.3017578125 0.0515625 0.083984375
0 0.45390625 0.693359375 0.0515625 0.0859375
0 0.65234375 0.470703125 0.0515625 0.0859375
0 0.81640625 0.505859375 0.0515625 0.0859375
0 0.47890625 0.353515625 0.0515625 0.0859375
0 0.28515625 0.66015625 0.0515625 0.0859375
0 0.57109375 0.826171875 0.0515625 0.0859375
0 0.53515625 0.337890625 0.0515625 0.0859375
0 0.31015625 0.31640625 0.0515625 0.0859375
0 0.66328125 0.634765625 0.0515625 0.0859375
0 0.83203125 0.748046875 0.0515625 0.0859375
0 0.77734375 0.68359375 0.0515625 0.0859375
0 0.43359375 0.451171875 0.0515625 0.0859375
0 0.53828125 0.421875 0.0515625 0.0859375
0 0.48671875 0.4365234375 0.0515625 0.083984375
0 0.59296875 0.40234375 0.0515625 0.0859375
0 0.75859375 0.44140625 0.0515625 0.0859375
0 0.74453125 0.27734375 0.0515625 0.0859375
0 0.55078125 0.583984375 0.0515625 0.0859375
0 0.64609375 0.38671875 0.0515625 0.0859375
0 0.51640625 0.84375 0.0515625 0.0859375
0 0.65859375 0.5546875 0.0515625 0.0859375
0 0.40078125 0.708984375 0.0515625 0.0859375
0 0.71796875 0.6171875 0.0515625 0.0859375
0 0.42578125 0.3671875 0.0515625 0.0859375
0 0.56484375 0.7421875 0.0515625 0.0859375
0 0.82890625 0.66796875 0.0515625 0.08203125
0 0.45703125 0.77734375 0.0515625 0.0859375
0 0.35234375 0.80859375 0.0515625 0.0859375
0 0.4734375 0.26953125 0.053125 0.0859375
0 0.35859375 0.88671875 0.0515625 0.0859375
0 0.29296875 0.7421875 0.0515625 0.0859375
0 0.49296875 0.517578125 0.0515625 0.0859375
0 0.74140625 0.193359375 0.0515625 0.0859375
0 0.57890625 0.240234375 0.0515625 0.0859375
0 0.81015625 0.42578125 0.0515625 0.08203125
0 0.33828125 0.64453125 0.0515625 0.0859375
0 0.33203125 0.5615234375 0.0515625 0.083984375
0 0.69921875 0.375 0.0515625 0.0859375
0 0.7234375 0.69921875 0.053125 0.0859375
0 0.29921875 0.82421875 0.0515625 0.0859375
0 0.58671875 0.32421875 0.0515625 0.0859375
0 0.80703125 0.34375 0.0515625 0.0859375
0 0.80078125 0.259765625 0.0515625 0.0859375
0 0.78359375 0.76171875 0.0515625 0.0859375
0 0.37890625 0.4677734375 0.0515625 0.083984375
0 0.66953125 0.712890625 0.0515625 0.0859375
0 0.49765625 0.6015625 0.0515625 0.0859375
0 0.76484375 0.51953125 0.0515625 0.0859375
0 0.27109375 0.498046875 0.0515625 0.0859375
0 0.69296875 0.2919921875 0.0515625 0.083984375
0 0.55859375 0.6640625 0.0515625 0.0859375
0 0.51171875 0.759765625 0.0515625 0.0859375
0 0.44609375 0.615234375 0.0515625 0.0859375
0 0.26328125 0.4140625 0.0515625 0.0859375
0 0.40546875 0.7919921875 0.0515625 0.083984375
0 0.60390625 0.568359375 0.0515625 0.0859375
0 0.46328125 0.857421875 0.0515625 0.0859375
