0 0.39921875 0.5185546875 0.0390625 0.048828125
0 0.65546875 0.3603515625 0.0390625 0.048828125
0 0.61328125 0.6142578125 0.0390625 0.048828125
0 0.44140625 0.5166015625 0.0390625 0.048828125
0 0.70078125 0.6123046875 0.0390625 0.048828125
0 0.61328125 0.5634765625 0.0390625 0.048828125
0 0.65703125 0.5634765625 0.0390625 0.048828125
0 0.52578125 0.3154296875 0.0390625 0.048828125
0 0.44140625 0.3173828125 0.0390625 0.048828125
0 0.74140625 0.3583984375 0.0390625 0.048828125
0 0.69765625 0.3095703125 0.0390625 0.048828125
0 0.70078125 0.5615234375 0.0390625 0.048828125
0 0.39921875 0.5693359375 0.0390625 0.048828125
0 0.61171875 0.4130859375 0.0390625 0.048828125
0 0.74296875 0.5615234375 0.0390625 0.048828125
0 0.78828125 0.6103515625 0.0390625 0.048828125
0 0.61328125 0.5126953125 0.0390625 0.048828125
0 0.69765625 0.4091796875 0.0390625 0.048828125
0 0.52734375 0.6689453125 0.0390625 0.048828125
0 0.61171875 0.3623046875 0.0390625 0.048828125
0 0.52734375 0.5654296875 0.0390625 0.048828125
0 0.57109375 0.5654296875 0.0390625 0.048828125
0 0.52734375 0.4658203125 0.0390625 0.048828125
0 0.52734375 0.5146484375 0.0390625 0.048828125
0 0.44140625 0.4658203125 0.0390625 0.048828125
0 0.39921875 0.4677734375 0.0390625 0.048828125
0 0.39765625 0.6201171875 0.0390625 0.048828125
0 0.69765625 0.3603515625 0.0390625 0.048828125
0 0.52734375 0.6162109375 0.0390625 0.048828125
0 0.73984375 0.3095703125 0.0390625 0.048828125
0 0.65546875 0.3115234375 0.0390625 0.048828125
0 0.52578125 0.4150390625 0.0390625 0.048828125
0 0.39921875 0.3681640625 0.0390625 0.048828125
0 0.39921875 0.3173828125 0.0390625 0.048828125
0 0.78515625 0.4072265625 0.0390625 0.048828125
0 0.39921875 0.4169921875 0.0390625 0.048828125
0 0.78671875 0.5595703125 0.0390625 0.048828125
0 0.44140625 0.6708984375 0.0390625 0.048828125
0 0.48359375 0.3154296875 0.0390625 0.048828125
0 0.48515625 0.5673828125 0.0390625 0.048828125
0 0.44140625 0.4169921875 0.0390625 0.048828125
0 0.48359375 0.5166015625 0.0390625 0.048828125
0 0.69921875 0.5107421875 0.0390625 0.048828125
0 0.61171875 0.3115234375 0.0390625 0.048828125
0 0.44140625 0.6181640625 0.0390625 0.048828125
0 0.61484375 0.6669921875 0.0390625 0.048828125
0 0.70078125 0.6650390625 0.0390625 0.048828125
0 0.65546875 0.4111328125 0.0390625 0.048828125
0 0.56953125 0.3642578125 0.0390625 0.048828125
0 0.39921875 0.6708984375 0.0390625 0.048828125
0 0.65546875 0.5126953125 0.0390625 0.048828125
0 0.74296875 0.5107421875 0.0390625 0.048828125
0 0.57109375 0.6162109375 0.0390625 0.048828125
0 0.48359375 0.3662109375 0.0390625 0.048828125
0 0.78828125 0.6630859375 0.0390625 0.048828125
0 0.48515625 0.6181640625 0.0390625 0.048828125
0 0.78515625 0.4580078125 0.0390625 0.048828125
0 0.65546875 0.4619140625 0.0390625 0.048828125
0 0.52734375 0.3642578125 0.0390625 0.048828125
0 0.35546875 0.5185546875 0.0390625 0.048828125
0 0.48359375 0.4658203125 0.0390625 0.048828125
0 0.56953125 0.5146484375 0.0390625 0.048828125
0 0.44140625 0.3662109375 0.0390625 0.048828125
0 0.78515625 0.5087890625 0.0390625 0.048828125
0 0.78359375 0.3564453125 0.0390625 0.048828125
0 0.74140625 0.4091796875 0.0390625 0.048828125
0 0.44140625 0.5673828125 0.0390625 0.048828125
0 0.74296875 0.4599609375 0.0390625 0.048828125
0 0.48515625 0.6689453125 0.0390625 0.048828125
0 0.61328125 0.4619140625 0.0390625 0.048828125
0 0.35546875 0.6728515625 0.0390625 0.048828125
0 0.35703125 0.4189453125 0.0390625 0.048828125
0 0.35546875 0.4697265625 0.0390625 0.048828125
0 0.35703125 0.3701171875 0.0390625 0.048828125
0 0.69921875 0.4599609375 0.0390625 0.048828125
0 0.74453125 0.6123046875 0.0390625 0.048828125
0 0.65703125 0.6142578125 0.0390625 0.048828125
0 0.78359375 0.3076171875 0.0390625 0.048828125
0 0.35703125 0.3193359375 0.0390625 0.048828125
0 0.48359375 0.4150390625 0.0390625 0.048828125
0 0.57109375 0.6669921875 0.0390625 0.048828125
0 0.56953125 0.4638671875 0.0390625 0.048828125
0 0.35546875 0.6220703125 0.0390625 0.048828125
0 0.65859375 0.6650390625 0.0390625 0.048828125
0 0.35546875 0.5693359375 0.0390625 0.048828125
0 0.56953125 0.3134765625 0.0390625 0.048828125
0 0.56953125 0.4130859375 0.0390625 0.048828125
0 0.74453125 0.6630859375 0.0390625 0.048828125
