0 0.73984375 0.57421875 0.0453125 0.06640625
0 0.74140625 0.638671875 0.0453125 0.06640625
0 0.64296875 0.5771484375 0.0453125 0.064453125
0 0.546875 0.5810546875 0.046875 0.068359375
0 0.7875 0.5732421875 0.046875 0.068359375
0 0.5484375 0.6474609375 0.046875 0.064453125
0 0.7328125 0.3115234375 0.046875 0.068359375
0 0.6359375 0.3134765625 0.046875 0.064453125
0 0.3953125 0.3896484375 0.046875 0.068359375
0 0.4921875 0.3857421875 0.04375 0.064453125
0 0.43828125 0.2548828125 0.0453125 0.064453125
0 0.6453125 0.642578125 0.04375 0.06640625
0 0.5359375 0.2509765625 0.046875 0.068359375
0 0.54296875 0.4501953125 0.0453125 0.068359375
0 0.44296875 0.388671875 0.0453125 0.06640625
0 0.30859375 0.6572265625 0.0453125 0.064453125
0 0.54140625 0.3837890625 0.0453125 0.064453125
0 0.63984375 0.4462890625 0.0453125 0.064453125
0 0.353125 0.5888671875 0.04375 0.068359375
0 0.340625 0.2607421875 0.04375 0.064453125
0 0.734375 0.3779296875 0.046875 0.064453125
0 0.45 0.5849609375 0.046875 0.064453125
0 0.63671875 0.3798828125 0.0453125 0.068359375
0 0.44140625 0.3212890625 0.0453125 0.068359375
0 0.53671875 0.318359375 0.0453125 0.06640625
0 0.634375 0.248046875 0.046875 0.06640625
0 0.34375 0.3251953125 0.046875 0.064453125
0 0.5015625 0.6484375 0.046875 0.06640625
0 0.6828125 0.3115234375 0.046875 0.068359375
0 0.30546875 0.5908203125 0.0453125 0.068359375
0 0.4484375 0.5185546875 0.046875 0.068359375
0 0.534375 0.1845703125 0.046875 0.064453125
0 0.3453125 0.3916015625 0.046875 0.068359375
0 0.40390625 0.65234375 0.0453125 0.06640625
0 0.77890625 0.1748046875 0.0453125 0.064453125
0 0.3984375 0.5205078125 0.046875 0.068359375
0 0.7359375 0.4423828125 0.046875 0.068359375
0 0.38984375 0.2578125 0.0453125 0.06640625
0 0.33828125 0.1943359375 0.0453125 0.068359375
0 0.2984375 0.390625 0.046875 0.06640625
0 0.48828125 0.2529296875 0.0453125 0.064453125
0 0.396875 0.4560546875 0.046875 0.064453125
0 0.596875 0.64453125 0.046875 0.06640625
0 0.68125 0.248046875 0.046875 0.06640625
0 0.2953125 0.328125 0.046875 0.06640625
0 0.58515625 0.2490234375 0.0484375 0.068359375
0 0.64140625 0.5126953125 0.0453125 0.068359375
0 0.6296875 0.1806640625 0.046875 0.068359375
0 0.69296875 0.6416015625 0.0453125 0.068359375
0 0.5453125 0.5166015625 0.04375 0.064453125
0 0.49921875 0.58203125 0.0484375 0.06640625
0 0.4359375 0.1884765625 0.046875 0.068359375
0 0.78125 0.3076171875 0.046875 0.064453125
0 0.72890625 0.177734375 0.0453125 0.06640625
0 0.44609375 0.4541015625 0.0484375 0.064453125
0 0.2921875 0.2587890625 0.046875 0.068359375
0 0.48984375 0.3193359375 0.0453125 0.068359375
0 0.40234375 0.5869140625 0.0453125 0.064453125
0 0.7796875 0.2412109375 0.046875 0.068359375
0 0.30078125 0.4580078125 0.0484375 0.068359375
0 0.58671875 0.3154296875 0.0453125 0.064453125
0 0.68984375 0.5771484375 0.0453125 0.064453125
0 0.38828125 0.19140625 0.0453125 0.06640625
0 0.78828125 0.6376953125 0.0453125 0.064453125
0 0.453125 0.6513671875 0.04375 0.068359375
0 0.39140625 0.3232421875 0.0453125 0.064453125
0 0.496875 0.51953125 0.046875 0.06640625
0 0.6796875 0.1787109375 0.046875 0.068359375
0 0.7296875 0.2431640625 0.046875 0.064453125
0 0.49453125 0.4521484375 0.0453125 0.068359375
0 0.58828125 0.3818359375 0.0453125 0.068359375
0 0.68828125 0.5107421875 0.0453125 0.068359375
0 0.6859375 0.3779296875 0.046875 0.064453125
0 0.30234375 0.5244140625 0.0453125 0.064453125
0 0.7859375 0.5068359375 0.046875 0.064453125
0 0.7828125 0.4404296875 0.046875 0.068359375
0 0.7390625 0.5087890625 0.046875 0.064453125
0 0.59453125 0.578125 0.0453125 0.06640625
0 0.5828125 0.1826171875 0.046875 0.064453125
0 0.5921875 0.513671875 0.04375 0.06640625
0 0.6875 0.443359375 0.046875 0.06640625
0 0.35078125 0.521484375 0.0453125 0.06640625
0 0.35 0.458984375 0.046875 0.06640625
0 0.35703125 0.6552734375 0.0453125 0.064453125
0 0.28984375 0.1923828125 0.0453125 0.064453125
0 0.484375 0.1875 0.046875 0.06640625
0 0.78125 0.3759765625 0.046875 0.064453125
0 0.58984375 0.4482421875 0.0453125 0.064453125
