0 0.62109375 0.5712890625 0.0390625 0.048828125
0 0.69921875 0.5029296875 0.0390625 0.048828125
0 0.73671875 0.4423828125 0.0390625 0.048828125
0 0.53671875 0.2373046875 0.0390625 0.048828125
0 0.57734375 0.5830078125 0.0390625 0.048828125
0 0.38671875 0.4248046875 0.0390625 0.048828125
0 0.36171875 0.5830078125 0.0390625 0.048828125
0 0.66328125 0.5615234375 0.0390625 0.048828125
0 0.39765625 0.5224609375 0.0390625 0.048828125
0 0.37109375 0.2783203125 0.0390625 0.048828125
0 0.41171875 0.2685546875 0.0390625 0.048828125
0 0.60234375 0.4228515625 0.0390625 0.048828125
0 0.72421875 0.3447265625 0.0390625 0.048828125
0 0.62578125 0.2666015625 0.0390625 0.048828125
0 0.33515625 0.3369140625 0.0390625 0.048828125
0 0.43359375 0.4638671875 0.0390625 0.048828125
0 0.56015625 0.4326171875 0.0390625 0.048828125
0 0.60859375 0.4716796875 0.0390625 0.048828125
0 0.66328125 0.2080078125 0.0390625 0.048828125
0 0.52421875 0.4931640625 0.0390625 0.048828125
0 0.32421875 0.6416015625 0.0390625 0.048828125
0 0.45390625 0.2587890625 0.0390625 0.048828125
0 0.29765625 0.3955078125 0.0390625 0.048828125
0 0.65078125 0.4619140625 0.0390625 0.048828125
0 0.46015625 0.3076171875 0.0390625 0.048828125
0 0.63828125 0.3642578125 0.0390625 0.048828125
0 0.62109375 0.2177734375 0.0390625 0.048828125
0 0.61484375 0.5224609375 0.0390625 0.048828125
0 0.30859375 0.4931640625 0.0390625 0.048828125
0 0.63203125 0.3154296875 0.0390625 0.048828125
0 0.58515625 0.2763671875 0.0390625 0.048828125
0 0.64453125 0.4130859375 0.0390625 0.048828125
0 0.42265625 0.3662109375 0.0390625 0.048828125
0 0.34609375 0.4345703125 0.0390625 0.048828125
0 0.51171875 0.3935546875 0.0390625 0.048828125
0 0.65703125 0.5126953125 0.0390625 0.048828125
0 0.48828125 0.5517578125 0.0390625 0.048828125
0 0.41015625 0.6201171875 0.0390625 0.048828125
0 0.54921875 0.3349609375 0.0390625 0.048828125
0 0.57265625 0.5322265625 0.0390625 0.048828125
0 0.40390625 0.5712890625 0.0390625 0.048828125
0 0.71171875 0.2470703125 0.0390625 0.048828125
0 0.68671875 0.4033203125 0.0390625 0.048828125
0 0.49296875 0.6025390625 0.0390625 0.048828125
0 0.66796875 0.2568359375 0.0390625 0.048828125
0 0.67578125 0.3056640625 0.0390625 0.048828125
0 0.31484375 0.5419921875 0.0390625 0.048828125
0 0.37578125 0.3271484375 0.0390625 0.048828125
0 0.35078125 0.4833984375 0.0390625 0.048828125
0 0.70703125 0.5517578125 0.0390625 0.048828125
0 0.42890625 0.4150390625 0.0390625 0.048828125
0 0.74296875 0.4931640625 0.0390625 0.048828125
0 0.68046875 0.3544921875 0.0390625 0.048828125
0 0.51796875 0.4423828125 0.0390625 0.048828125
0 0.53515625 0.5927734375 0.0390625 0.048828125
0 0.36796875 0.6318359375 0.0390625 0.048828125
0 0.70546875 0.1982421875 0.0390625 0.048828125
0 0.29296875 0.3466796875 0.0390625 0.048828125
0 0.41796875 0.3173828125 0.0390625 0.048828125
0 0.58984375 0.3251953125 0.0390625 0.048828125
0 0.59609375 0.3740234375 0.0390625 0.048828125
0 0.74921875 0.5439453125 0.0390625 0.048828125
0 0.56640625 0.4814453125 0.0390625 0.048828125
0 0.39296875 0.4736328125 0.0390625 0.048828125
0 0.48203125 0.5029296875 0.0390625 0.048828125
0 0.50703125 0.3447265625 0.0390625 0.048828125
0 0.47578125 0.4541015625 0.0390625 0.048828125
0 0.43984375 0.5126953125 0.0390625 0.048828125
0 0.32890625 0.2880859375 0.0390625 0.048828125
0 0.31953125 0.5908203125 0.0390625 0.048828125
0 0.33984375 0.3857421875 0.0390625 0.048828125
0 0.50078125 0.2978515625 0.0390625 0.048828125
0 0.54296875 0.2861328125 0.0390625 0.048828125
0 0.38203125 0.3759765625 0.0390625 0.048828125
0 0.45078125 0.6123046875 0.0390625 0.048828125
0 0.44609375 0.5615234375 0.0390625 0.048828125
0 0.46484375 0.3544921875 0.0390625 0.048828125
0 0.73046875 0.3935546875 0.0390625 0.048828125
0 0.35546875 0.5322265625 0.0390625 0.048828125
0 0.57890625 0.2275390625 0.0390625 0.048828125
0 0.55390625 0.3837890625 0.0390625 0.048828125
0 0.47109375 0.4033203125 0.0390625 0.048828125
0 0.30390625 0.4443359375 0.0390625 0.048828125
0 0.52890625 0.5419921875 0.0390625 0.048828125
0 0.49453125 0.2490234375 0.0390625 0.048828125
0 0.69296875 0.4541015625 0.0390625 0.048828125
0 0.28828125 0.2978515625 0.0390625 0.048828125
0 0.71796875 0.2958984375 0.0390625 0.048828125
