0 0.43203125 0.8369140625 0.0390625 0.048828125
0 0.43671875 0.7607421875 0.0390625 0.048828125
0 0.56015625 0.5263671875 0.0390625 0.048828125
0 0.23515625 0.3798828125 0.0390625 0.048828125
0 0.49609375 0.6806640625 0.0390625 0.048828125
0 0.36484375 0.5712890625 0.0390625 0.048828125
0 0.26171875 0.4169921875 0.0390625 0.048828125
0 0.54140625 0.4130859375 0.0390625 0.048828125
0 0.38359375 0.2607421875 0.0390625 0.048828125
0 0.23203125 0.4580078125 0.0390625 0.048828125
0 0.49140625 0.7568359375 0.0390625 0.048828125
0 0.61015625 0.6025390625 0.0390625 0.048828125
0 0.46171875 0.7958984375 0.0390625 0.048828125
0 0.58515625 0.5654296875 0.0390625 0.048828125
0 0.52109375 0.7177734375 0.0390625 0.048828125
0 0.55078125 0.6787109375 0.0390625 0.048828125
0 0.31015625 0.5732421875 0.0390625 0.048828125
0 0.43046875 0.4150390625 0.0390625 0.048828125
0 0.41640625 0.6455078125 0.0390625 0.048828125
0 0.61484375 0.5263671875 0.0390625 0.048828125
0 0.38671875 0.6845703125 0.0390625 0.048828125
0 0.50078125 0.6044921875 0.0390625 0.048828125
0 0.48046875 0.4912109375 0.0390625 0.048828125
0 0.55546875 0.6025390625 0.0390625 0.048828125
0 0.48515625 0.4150390625 0.0390625 0.048828125
0 0.53515625 0.4892578125 0.0390625 0.048828125
0 0.42578125 0.4931640625 0.0390625 0.048828125
0 0.47578125 0.5673828125 0.0390625 0.048828125
0 0.28359375 0.5341796875 0.0390625 0.048828125
0 0.37109375 0.4931640625 0.0390625 0.048828125
0 0.31953125 0.4169921875 0.0390625 0.048828125
0 0.32421875 0.3388671875 0.0390625 0.048828125
0 0.17421875 0.4599609375 0.0390625 0.048828125
0 0.29296875 0.3798828125 0.0390625 0.048828125
0 0.47109375 0.6435546875 0.0390625 0.048828125
0 0.43984375 0.2607421875 0.0390625 0.048828125
0 0.46640625 0.7197265625 0.0390625 0.048828125
0 0.53046875 0.5654296875 0.0390625 0.048828125
0 0.40546875 0.3779296875 0.0390625 0.048828125
0 0.58046875 0.6396484375 0.0390625 0.048828125
0 0.45078125 0.5302734375 0.0390625 0.048828125
0 0.28828125 0.4560546875 0.0390625 0.048828125
0 0.52578125 0.6416015625 0.0390625 0.048828125
0 0.34921875 0.3779296875 0.0390625 0.048828125
0 0.46015625 0.3759765625 0.0390625 0.048828125
0 0.25859375 0.4970703125 0.0390625 0.048828125
0 0.40078125 0.4541015625 0.0390625 0.048828125
0 0.35390625 0.2998046875 0.0390625 0.048828125
0 0.38203125 0.7626953125 0.0390625 0.048828125
0 0.51015625 0.4521484375 0.0390625 0.048828125
0 0.26640625 0.3388671875 0.0390625 0.048828125
0 0.43515625 0.3388671875 0.0390625 0.048828125
0 0.49140625 0.3369140625 0.0390625 0.048828125
0 0.33984375 0.5322265625 0.0390625 0.048828125
0 0.22734375 0.5361328125 0.0390625 0.048828125
0 0.35546875 0.7255859375 0.0390625 0.048828125
0 0.41015625 0.2998046875 0.0390625 0.048828125
0 0.37421875 0.4169921875 0.0390625 0.048828125
0 0.29765625 0.2998046875 0.0390625 0.048828125
0 0.35859375 0.2216796875 0.0390625 0.048828125
0 0.42109375 0.5693359375 0.0390625 0.048828125
0 0.44609375 0.6064453125 0.0390625 0.048828125
0 0.32890625 0.2607421875 0.0390625 0.048828125
0 0.41484375 0.2216796875 0.0390625 0.048828125
0 0.63828125 0.5634765625 0.0390625 0.048828125
0 0.36015625 0.6474609375 0.0390625 0.048828125
0 0.58984375 0.4892578125 0.0390625 0.048828125
0 0.38984375 0.1826171875 0.0390625 0.048828125
0 0.38046875 0.3388671875 0.0390625 0.048828125
0 0.39609375 0.5322265625 0.0390625 0.048828125
0 0.33515625 0.6103515625 0.0390625 0.048828125
0 0.31484375 0.4951171875 0.0390625 0.048828125
0 0.30546875 0.6494140625 0.0390625 0.048828125
0 0.34453125 0.4560546875 0.0390625 0.048828125
0 0.41171875 0.7216796875 0.0390625 0.048828125
0 0.50546875 0.5283203125 0.0390625 0.048828125
0 0.44140625 0.6826171875 0.0390625 0.048828125
0 0.40703125 0.7998046875 0.0390625 0.048828125
0 0.46484375 0.2998046875 0.0390625 0.048828125
0 0.20546875 0.4189453125 0.0390625 0.048828125
0 0.51640625 0.3759765625 0.0390625 0.048828125
0 0.45546875 0.4541015625 0.0390625 0.048828125
0 0.39140625 0.6083984375 0.0390625 0.048828125
0 0.56484375 0.4501953125 0.0390625 0.048828125
0 0.20078125 0.4970703125 0.0390625 0.048828125
0 0.27890625 0.6123046875 0.0390625 0.048828125
0 0.33046875 0.6865234375 0.0390625 0.048828125
0 0.25234375 0.5751953125 0.0390625 0.048828125
