0 0.390625 0.6123046875 0.040625 0.048828125
0 0.496875 0.4990234375 0.040625 0.048828125
0 0.525 0.392578125 0.040625 0.05078125
0 0.3640625 0.3505859375 0.040625 0.048828125
0 0.403125 0.3486328125 0.040625 0.048828125
0 0.3578125 0.2978515625 0.040625 0.048828125
0 0.46875 0.607421875 0.040625 0.05078125
0 0.3734375 0.455078125 0.040625 0.05078125
0 0.59375 0.650390625 0.040625 0.05078125
0 0.58046875 0.546875 0.0390625 0.05078125
0 0.4296875 0.609375 0.040625 0.05078125
0 0.45859375 0.501953125 0.0390625 0.05078125
0 0.48125 0.3447265625 0.040625 0.048828125
0 0.603125 0.390625 0.040625 0.05078125
0 0.3234375 0.3515625 0.040625 0.05078125
0 0.5640625 0.390625 0.040625 0.05078125
0 0.34453125 0.564453125 0.0421875 0.05078125
0 0.696875 0.5390625 0.040625 0.046875
0 0.30625 0.56640625 0.040625 0.05078125
0 0.4421875 0.3447265625 0.040625 0.048828125
0 0.6578125 0.54296875 0.040625 0.05078125
0 0.61875 0.544921875 0.040625 0.05078125
0 0.64765625 0.439453125 0.0390625 0.05078125
0 0.5703125 0.443359375 0.040625 0.05078125
0 0.44765625 0.3994140625 0.0421875 0.048828125
0 0.68359375 0.435546875 0.0390625 0.05078125
0 0.334375 0.45703125 0.040625 0.046875
0 0.5140625 0.658203125 0.040625 0.05078125
0 0.553125 0.6533203125 0.040625 0.048828125
0 0.453125 0.451171875 0.040625 0.05078125
0 0.6421875 0.388671875 0.040625 0.05078125
0 0.50859375 0.6044921875 0.0390625 0.048828125
0 0.4859375 0.39453125 0.040625 0.05078125
0 0.35625 0.66796875 0.040625 0.05078125
0 0.42578125 0.5576171875 0.0390625 0.048828125
0 0.609375 0.44140625 0.040625 0.05078125
0 0.6796875 0.384765625 0.040625 0.046875
0 0.6671875 0.283203125 0.040625 0.046875
0 0.66484375 0.59375 0.0390625 0.05078125
0 0.5765625 0.4951171875 0.040625 0.048828125
0 0.29375 0.458984375 0.040625 0.046875
0 0.33984375 0.509765625 0.0390625 0.046875
0 0.3859375 0.55859375 0.040625 0.05078125
0 0.546875 0.599609375 0.040625 0.05078125
0 0.6140625 0.4931640625 0.0375 0.048828125
0 0.5375 0.49609375 0.040625 0.05078125
0 0.315625 0.669921875 0.040625 0.05078125
0 0.5203125 0.341796875 0.040625 0.05078125
0 0.32890625 0.404296875 0.0421875 0.05078125
0 0.396875 0.296875 0.040625 0.05078125
0 0.4359375 0.662109375 0.040625 0.05078125
0 0.66953125 0.6435546875 0.0421875 0.048828125
0 0.6515625 0.490234375 0.040625 0.05078125
0 0.63203125 0.6484375 0.0390625 0.05078125
0 0.35 0.615234375 0.040625 0.05078125
0 0.62890625 0.28515625 0.0390625 0.05078125
0 0.4078125 0.400390625 0.0375 0.05078125
0 0.43671875 0.294921875 0.0390625 0.05078125
0 0.4140625 0.453125 0.040625 0.05078125
0 0.59296875 0.287109375 0.0390625 0.05078125
0 0.5859375 0.59765625 0.040625 0.05078125
0 0.46328125 0.5546875 0.0421875 0.05078125
0 0.625 0.595703125 0.040625 0.05078125
0 0.54296875 0.548828125 0.0421875 0.05078125
0 0.56015625 0.33984375 0.0390625 0.05078125
0 0.5046875 0.552734375 0.040625 0.05078125
0 0.475 0.294921875 0.040625 0.05078125
0 0.553125 0.287109375 0.040625 0.05078125
0 0.47578125 0.66015625 0.0390625 0.05078125
0 0.3796875 0.5068359375 0.040625 0.048828125
0 0.49140625 0.44921875 0.0390625 0.05078125
0 0.3 0.513671875 0.040625 0.05078125
0 0.2890625 0.408203125 0.0375 0.05078125
0 0.596875 0.337890625 0.040625 0.05078125
0 0.6734375 0.33203125 0.040625 0.05078125
0 0.4203125 0.50390625 0.040625 0.05078125
0 0.703125 0.58984375 0.040625 0.05078125
0 0.284375 0.3544921875 0.040625 0.048828125
0 0.3953125 0.666015625 0.040625 0.05078125
0 0.53125 0.4443359375 0.040625 0.048828125
0 0.634375 0.3359375 0.040625 0.05078125
0 0.7078125 0.6435546875 0.040625 0.048828125
0 0.5140625 0.2900390625 0.040625 0.048828125
0 0.278125 0.3046875 0.040625 0.05078125
0 0.31796875 0.2998046875 0.0390625 0.048828125
0 0.3703125 0.40234375 0.040625 0.05078125
0 0.690625 0.486328125 0.040625 0.05078125
0 0.31015625 0.619140625 0.0390625 0.05078125
