0 0.3953125 0.23828125 0.059375 0.06640625
0 0.32578125 0.1494140625 0.0578125 0.068359375
0 0.24453125 0.2275390625 0.0578125 0.068359375
0 0.16015625 0.306640625 0.0578125 0.06640625
0 0.45390625 0.4951171875 0.0578125 0.064453125
0 0.63046875 0.1689453125 0.0578125 0.068359375
0 0.76484375 0.5185546875 0.0578125 0.064453125
0 0.4796875 0.1591796875 0.059375 0.068359375
0 0.13671875 0.64453125 0.0578125 0.06640625
0 0.44765625 0.5791015625 0.0578125 0.064453125
0 0.55546875 0.1630859375 0.0578125 0.064453125
0 0.371875 0.5751953125 0.059375 0.068359375
0 0.68671875 0.51171875 0.0578125 0.06640625
0 0.31953125 0.2333984375 0.0578125 0.068359375
0 0.21953125 0.5654296875 0.0609375 0.068359375
0 0.53828125 0.4169921875 0.0578125 0.064453125
0 0.85546875 0.2685546875 0.0578125 0.068359375
0 0.6921875 0.4267578125 0.059375 0.064453125
0 0.290625 0.654296875 0.059375 0.06640625
0 0.86640625 0.1005859375 0.0578125 0.068359375
0 0.84609375 0.4384765625 0.0578125 0.068359375
0 0.52578125 0.5869140625 0.0578125 0.064453125
0 0.83984375 0.5224609375 0.0578125 0.068359375
0 0.56015625 0.0791015625 0.0609375 0.064453125
0 0.78515625 0.1787109375 0.0578125 0.068359375
0 0.30234375 0.4853515625 0.0578125 0.064453125
0 0.46796875 0.3271484375 0.0578125 0.068359375
0 0.7125 0.0888671875 0.059375 0.064453125
0 0.17421875 0.1376953125 0.0578125 0.064453125
0 0.61953125 0.3369140625 0.0578125 0.068359375
0 0.44296875 0.6640625 0.0609375 0.06640625
0 0.77890625 0.2646484375 0.0578125 0.064453125
0 0.59921875 0.6748046875 0.0578125 0.068359375
0 0.31328125 0.3173828125 0.0578125 0.068359375
0 0.22890625 0.3955078125 0.0578125 0.068359375
0 0.6078125 0.5068359375 0.059375 0.068359375
0 0.38359375 0.4052734375 0.0578125 0.068359375
0 0.75859375 0.6025390625 0.0578125 0.064453125
0 0.70234375 0.2578125 0.0609375 0.06640625
0 0.54921875 0.248046875 0.0578125 0.06640625
0 0.7734375 0.3486328125 0.059375 0.064453125
0 0.93359375 0.2744140625 0.0578125 0.064453125
0 0.54375 0.3330078125 0.059375 0.064453125
0 0.93046875 0.3583984375 0.0578125 0.064453125
0 0.37734375 0.4912109375 0.0578125 0.068359375
0 0.79140625 0.0947265625 0.0578125 0.064453125
0 0.3078125 0.4013671875 0.059375 0.064453125
0 0.61640625 0.4228515625 0.0578125 0.068359375
0 0.6265625 0.2529296875 0.0625 0.068359375
0 0.14921875 0.4755859375 0.0609375 0.064453125
0 0.93984375 0.189453125 0.0578125 0.06640625
0 0.83671875 0.607421875 0.0609375 0.06640625
0 0.85234375 0.3544921875 0.0578125 0.068359375
0 0.15390625 0.3916015625 0.0578125 0.064453125
0 0.40859375 0.0693359375 0.0609375 0.064453125
0 0.38984375 0.3212890625 0.0578125 0.068359375
0 0.69765625 0.3427734375 0.0578125 0.064453125
0 0.753125 0.6865234375 0.059375 0.064453125
0 0.90703125 0.6982421875 0.0578125 0.068359375
0 0.91328125 0.6123046875 0.0578125 0.064453125
0 0.24921875 0.1435546875 0.0578125 0.064453125
0 0.5203125 0.6708984375 0.059375 0.064453125
0 0.91953125 0.5283203125 0.0578125 0.064453125
0 0.18046875 0.052734375 0.0578125 0.06640625
0 0.47421875 0.2431640625 0.0578125 0.068359375
0 0.70703125 0.1728515625 0.0578125 0.064453125
0 0.1421875 0.560546875 0.059375 0.06640625
0 0.68046875 0.5966796875 0.0578125 0.064453125
0 0.76953125 0.43359375 0.0609375 0.06640625
0 0.8609375 0.1845703125 0.059375 0.068359375
0 0.21171875 0.6494140625 0.0578125 0.068359375
0 0.48359375 0.0751953125 0.0609375 0.064453125
0 0.53203125 0.501953125 0.0578125 0.06640625
0 0.23828125 0.3115234375 0.0578125 0.068359375
0 0.25546875 0.0595703125 0.0578125 0.064453125
0 0.225 0.4814453125 0.0625 0.068359375
0 0.36796875 0.6611328125 0.0609375 0.064453125
0 0.6046875 0.5908203125 0.059375 0.068359375
0 0.29609375 0.5703125 0.0578125 0.06640625
0 0.46171875 0.4130859375 0.0578125 0.068359375
0 0.83203125 0.6923828125 0.0578125 0.068359375
0 0.40234375 0.1533203125 0.0609375 0.064453125
0 0.92421875 0.443359375 0.0578125 0.06640625
0 0.67421875 0.6806640625 0.0578125 0.064453125
0 0.63671875 0.0849609375 0.0578125 0.064453125
0 0.33125 0.0654296875 0.059375 0.064453125
0 0.16484375 0.2216796875 0.0578125 0.064453125
0 0.9453125 0.1044921875 0.059375 0.064453125
