0 0.5703125 0.70703125 0.053125 0.05859375
0 0.49921875 0.470703125 0.0546875 0.05859375
0 0.7796875 0.7841796875 0.053125 0.060546875
0 0.428125 0.552734375 0.053125 0.05859375
0 0.3578125 0.314453125 0.053125 0.05859375
0 0.21875 0.7890625 0.053125 0.05859375
0 0.63828125 0.62890625 0.0515625 0.05859375
0 0.36015625 0.787109375 0.0515625 0.05859375
0 0.07890625 0.6337890625 0.0515625 0.060546875
0 0.28984375 0.552734375 0.0515625 0.05859375
0 0.7796875 0.310546875 0.053125 0.05859375
0 0.14765625 0.396484375 0.0515625 0.05859375
0 0.56796875 0.3916015625 0.0515625 0.060546875
0 0.14921875 0.6318359375 0.0515625 0.056640625
0 0.36015625 0.552734375 0.0515625 0.05859375
0 0.21875 0.630859375 0.053125 0.05859375
0 0.56796875 0.6298828125 0.0515625 0.056640625
0 0.70859375 0.3916015625 0.0515625 0.060546875
0 0.14765625 0.8681640625 0.0515625 0.060546875
0 0.36015625 0.70703125 0.0515625 0.05859375
0 0.63828125 0.470703125 0.0515625 0.05859375
0 0.5703125 0.865234375 0.053125 0.05859375
0 0.49921875 0.787109375 0.0546875 0.05859375
0 0.21875 0.3173828125 0.053125 0.060546875
0 0.70859375 0.865234375 0.0515625 0.05859375
0 0.63828125 0.3916015625 0.0515625 0.060546875
0 0.28984375 0.70703125 0.0515625 0.05859375
0 0.28984375 0.396484375 0.0515625 0.05859375
0 0.56796875 0.470703125 0.0515625 0.05859375
0 0.428125 0.70703125 0.053125 0.05859375
0 0.14921875 0.552734375 0.0515625 0.05859375
0 0.56796875 0.5498046875 0.0515625 0.060546875
0 0.63828125 0.5498046875 0.0515625 0.060546875
0 0.7796875 0.5498046875 0.053125 0.060546875
0 0.7796875 0.62890625 0.053125 0.05859375
0 0.63828125 0.865234375 0.0515625 0.05859375
0 0.70859375 0.62890625 0.0515625 0.05859375
0 0.70859375 0.705078125 0.0515625 0.05859375
0 0.14765625 0.712890625 0.0515625 0.05859375
0 0.36015625 0.47265625 0.0515625 0.05859375
0 0.428125 0.39453125 0.053125 0.05859375
0 0.63828125 0.3125 0.0515625 0.05859375
0 0.49921875 0.630859375 0.0546875 0.05859375
0 0.49921875 0.314453125 0.0546875 0.05859375
0 0.49921875 0.3916015625 0.0546875 0.060546875
0 0.21875 0.47265625 0.053125 0.05859375
0 0.21875 0.396484375 0.053125 0.05859375
0 0.70859375 0.5498046875 0.0515625 0.060546875
0 0.63828125 0.787109375 0.0515625 0.05859375
0 0.28984375 0.47265625 0.0515625 0.05859375
0 0.7796875 0.470703125 0.053125 0.05859375
0 0.14765625 0.3173828125 0.0515625 0.060546875
0 0.70859375 0.7841796875 0.0515625 0.060546875
0 0.14765625 0.791015625 0.0515625 0.05859375
0 0.3578125 0.630859375 0.053125 0.05859375
0 0.07890625 0.791015625 0.0515625 0.05859375
0 0.28984375 0.8681640625 0.0515625 0.060546875
0 0.07734375 0.3173828125 0.0515625 0.060546875
0 0.07890625 0.47265625 0.0515625 0.05859375
0 0.49921875 0.70703125 0.0546875 0.05859375
0 0.428125 0.787109375 0.053125 0.05859375
0 0.14765625 0.47265625 0.0515625 0.05859375
0 0.70859375 0.3125 0.0515625 0.05859375
0 0.7796875 0.70703125 0.053125 0.05859375
0 0.63828125 0.7060546875 0.0515625 0.056640625
0 0.3578125 0.3955078125 0.053125 0.056640625
0 0.428125 0.314453125 0.053125 0.05859375
0 0.21875 0.7119140625 0.053125 0.056640625
0 0.36015625 0.865234375 0.0515625 0.05859375
0 0.28984375 0.7880859375 0.0515625 0.056640625
0 0.428125 0.47265625 0.053125 0.05859375
0 0.07890625 0.5546875 0.0515625 0.05859375
0 0.70859375 0.470703125 0.0515625 0.05859375
0 0.21875 0.552734375 0.053125 0.05859375
0 0.49921875 0.5517578125 0.0546875 0.056640625
0 0.428125 0.865234375 0.053125 0.05859375
0 0.428125 0.630859375 0.053125 0.05859375
0 0.49921875 0.865234375 0.0546875 0.05859375
0 0.5703125 0.787109375 0.053125 0.05859375
0 0.21875 0.8681640625 0.053125 0.060546875
0 0.7796875 0.86328125 0.053125 0.05859375
0 0.28984375 0.3154296875 0.0515625 0.056640625
0 0.28984375 0.630859375 0.0515625 0.05859375
0 0.07890625 0.712890625 0.0515625 0.05859375
0 0.7796875 0.3896484375 0.053125 0.056640625
0 0.07734375 0.396484375 0.0515625 0.05859375
0 0.56796875 0.314453125 0.0515625 0.05859375
0 0.07734375 0.87109375 0.0515625 0.05859375
