0 0.38828125 0.8544921875 0.0390625 0.048828125
0 0.18671875 0.4794921875 0.0390625 0.048828125
0 0.44765625 0.7744140625 0.0390625 0.048828125
0 0.27578125 0.4384765625 0.0390625 0.048828125
0 0.36171875 0.3974609375 0.0390625 0.048828125
0 0.24921875 0.3994140625 0.0390625 0.048828125
0 0.30703125 0.3994140625 0.0390625 0.048828125
0 0.53671875 0.6572265625 0.0390625 0.048828125
0 0.19140625 0.4013671875 0.0390625 0.048828125
0 0.18359375 0.5576171875 0.0390625 0.048828125
0 0.51796875 0.5458984375 0.0390625 0.048828125
0 0.21796875 0.4404296875 0.0390625 0.048828125
0 0.45234375 0.6982421875 0.0390625 0.048828125
0 0.34140625 0.2822265625 0.0390625 0.048828125
0 0.31015625 0.3212890625 0.0390625 0.048828125
0 0.31640625 0.2412109375 0.0390625 0.048828125
0 0.23984375 0.5556640625 0.0390625 0.048828125
0 0.38828125 0.4345703125 0.0390625 0.048828125
0 0.43203125 0.5869140625 0.0390625 0.048828125
0 0.49296875 0.5087890625 0.0390625 0.048828125
0 0.39296875 0.7783203125 0.0390625 0.048828125
0 0.26484375 0.5927734375 0.0390625 0.048828125
0 0.21328125 0.5166015625 0.0390625 0.048828125
0 0.39765625 0.2802734375 0.0390625 0.048828125
0 0.42265625 0.7392578125 0.0390625 0.048828125
0 0.36796875 0.3193359375 0.0390625 0.048828125
0 0.24453125 0.4775390625 0.0390625 0.048828125
0 0.34609375 0.2041015625 0.0390625 0.048828125
0 0.23515625 0.6318359375 0.0390625 0.048828125
0 0.37265625 0.2412109375 0.0390625 0.048828125
0 0.30078125 0.4755859375 0.0390625 0.048828125
0 0.32265625 0.5908203125 0.0390625 0.048828125
0 0.51171875 0.6220703125 0.0390625 0.048828125
0 0.33671875 0.3583984375 0.0390625 0.048828125
0 0.36796875 0.7412109375 0.0390625 0.048828125
0 0.34296875 0.7041015625 0.0390625 0.048828125
0 0.32734375 0.5146484375 0.0390625 0.048828125
0 0.37265625 0.6650390625 0.0390625 0.048828125
0 0.56640625 0.6201171875 0.0390625 0.048828125
0 0.44921875 0.3583984375 0.0390625 0.048828125
0 0.49765625 0.4326171875 0.0390625 0.048828125
0 0.41796875 0.3955078125 0.0390625 0.048828125
0 0.54296875 0.5830078125 0.0390625 0.048828125
0 0.42734375 0.6630859375 0.0390625 0.048828125
0 0.29609375 0.5537109375 0.0390625 0.048828125
0 0.28046875 0.3603515625 0.0390625 0.048828125
0 0.47734375 0.7353515625 0.0390625 0.048828125
0 0.46328125 0.5478515625 0.0390625 0.048828125
0 0.39765625 0.7021484375 0.0390625 0.048828125
0 0.40234375 0.6259765625 0.0390625 0.048828125
0 0.25390625 0.3212890625 0.0390625 0.048828125
0 0.42265625 0.3193359375 0.0390625 0.048828125
0 0.48671875 0.5849609375 0.0390625 0.048828125
0 0.44296875 0.4345703125 0.0390625 0.048828125
0 0.38203125 0.5126953125 0.0390625 0.048828125
0 0.48203125 0.6611328125 0.0390625 0.048828125
0 0.22265625 0.3623046875 0.0390625 0.048828125
0 0.35703125 0.4736328125 0.0390625 0.048828125
0 0.28671875 0.7060546875 0.0390625 0.048828125
0 0.35234375 0.5517578125 0.0390625 0.048828125
0 0.46796875 0.4716796875 0.0390625 0.048828125
0 0.37734375 0.5888671875 0.0390625 0.048828125
0 0.29140625 0.6298828125 0.0390625 0.048828125
0 0.54765625 0.5068359375 0.0390625 0.048828125
0 0.43828125 0.5107421875 0.0390625 0.048828125
0 0.33671875 0.7802734375 0.0390625 0.048828125
0 0.50703125 0.6962890625 0.0390625 0.048828125
0 0.57109375 0.5439453125 0.0390625 0.048828125
0 0.31640625 0.6669921875 0.0390625 0.048828125
0 0.41328125 0.4736328125 0.0390625 0.048828125
0 0.16015625 0.4404296875 0.0390625 0.048828125
0 0.41796875 0.8154296875 0.0390625 0.048828125
0 0.39296875 0.3583984375 0.0390625 0.048828125
0 0.40703125 0.5498046875 0.0390625 0.048828125
0 0.28515625 0.2822265625 0.0390625 0.048828125
0 0.27109375 0.5146484375 0.0390625 0.048828125
0 0.12890625 0.4794921875 0.0390625 0.048828125
0 0.15703125 0.5185546875 0.0390625 0.048828125
0 0.45703125 0.6240234375 0.0390625 0.048828125
0 0.36328125 0.8173828125 0.0390625 0.048828125
0 0.31171875 0.7431640625 0.0390625 0.048828125
0 0.34765625 0.6279296875 0.0390625 0.048828125
0 0.33203125 0.4365234375 0.0390625 0.048828125
0 0.47265625 0.3955078125 0.0390625 0.048828125
0 0.26171875 0.6708984375 0.0390625 0.048828125
0 0.20859375 0.5947265625 0.0390625 0.048828125
0 0.59609375 0.5810546875 0.0390625 0.048828125
0 0.52265625 0.4697265625 0.0390625 0.048828125
