0 0.690625 0.6435546875 0.05 0.060546875
0 0.38984375 0.58984375 0.0484375 0.05859375
0 0.68515625 0.31640625 0.0484375 0.05859375
0 0.359375 0.4951171875 0.05 0.064453125
0 0.41953125 0.6845703125 0.0484375 0.064453125
0 0.4703125 0.544921875 0.05 0.05859375
0 0.27265625 0.3759765625 0.0484375 0.060546875
0 0.4921875 0.3125 0.05 0.0625
0 0.34765625 0.1630859375 0.0515625 0.060546875
0 0.43984375 0.4521484375 0.0515625 0.060546875
0 0.71328125 0.4111328125 0.0515625 0.064453125
0 0.65390625 0.22265625 0.0515625 0.0625
0 0.44453125 0.6142578125 0.0515625 0.060546875
0 0.79296875 0.3662109375 0.0515625 0.064453125
0 0.46171875 0.2138671875 0.0515625 0.060546875
0 0.68671875 0.4814453125 0.0484375 0.060546875
0 0.32734375 0.400390625 0.0515625 0.05859375
0 0.525 0.5693359375 0.05 0.060546875
0 0.49921875 0.6376953125 0.0484375 0.060546875
0 0.55703125 0.6650390625 0.0515625 0.060546875
0 0.24765625 0.447265625 0.0515625 0.0625
0 0.55078125 0.5009765625 0.0484375 0.064453125
0 0.66015625 0.548828125 0.0484375 0.0625
0 0.30390625 0.470703125 0.0484375 0.0625
0 0.38515625 0.427734375 0.0484375 0.05859375
0 0.21484375 0.349609375 0.0484375 0.05859375
0 0.52109375 0.4072265625 0.0484375 0.060546875
0 0.51640625 0.2412109375 0.0484375 0.060546875
0 0.29765625 0.306640625 0.0484375 0.0625
0 0.76796875 0.4365234375 0.0484375 0.060546875
0 0.58046875 0.5927734375 0.0484375 0.060546875
0 0.48671875 0.1455078125 0.0484375 0.060546875
0 0.740625 0.505859375 0.05 0.05859375
0 0.63203125 0.4580078125 0.0515625 0.060546875
0 0.25234375 0.609375 0.0515625 0.0625
0 0.71640625 0.5732421875 0.0484375 0.064453125
0 0.23984375 0.2802734375 0.0515625 0.060546875
0 0.57265625 0.265625 0.0484375 0.05859375
0 0.38046875 0.2587890625 0.0484375 0.060546875
0 0.409375 0.35546875 0.05 0.05859375
0 0.4140625 0.5205078125 0.05 0.060546875
0 0.27734375 0.5419921875 0.0484375 0.060546875
0 0.73828125 0.341796875 0.0484375 0.0625
0 0.165625 0.4912109375 0.05 0.060546875
0 0.53046875 0.732421875 0.0515625 0.0625
0 0.1328125 0.3974609375 0.05 0.060546875
0 0.546875 0.3359375 0.05 0.0625
0 0.265625 0.2080078125 0.05 0.060546875
0 0.62734375 0.2919921875 0.0515625 0.060546875
0 0.35390625 0.330078125 0.0515625 0.0625
0 0.43515625 0.2861328125 0.0515625 0.060546875
0 0.6359375 0.6162109375 0.05 0.060546875
0 0.61015625 0.6884765625 0.0515625 0.060546875
0 0.59921875 0.19921875 0.0484375 0.05859375
0 0.315625 0.06640625 0.05 0.0625
0 0.32265625 0.2353515625 0.0515625 0.060546875
0 0.40390625 0.189453125 0.0484375 0.0625
0 0.57734375 0.4306640625 0.0484375 0.060546875
0 0.49765625 0.4755859375 0.0484375 0.060546875
0 0.19765625 0.5859375 0.0484375 0.0625
0 0.60546875 0.525390625 0.0515625 0.0625
0 0.5421875 0.1708984375 0.05 0.064453125
0 0.6578125 0.38671875 0.05 0.0625
0 0.43046875 0.1181640625 0.0515625 0.060546875
0 0.15859375 0.32421875 0.0484375 0.0625
0 0.18984375 0.421875 0.0484375 0.05859375
0 0.37265625 0.0908203125 0.0484375 0.060546875
0 0.81953125 0.2978515625 0.0515625 0.060546875
0 0.64140625 0.7802734375 0.0484375 0.064453125
0 0.33359375 0.5654296875 0.0484375 0.060546875
0 0.60234375 0.36328125 0.0484375 0.0625
0 0.18203125 0.2529296875 0.0484375 0.060546875
0 0.46640625 0.3828125 0.0515625 0.05859375
0 0.25859375 0.037109375 0.0484375 0.05859375
0 0.76484375 0.271484375 0.0484375 0.05859375
0 0.47578125 0.708984375 0.0515625 0.0625
0 0.28984375 0.1357421875 0.0484375 0.060546875
0 0.23359375 0.109375 0.0484375 0.05859375
0 0.10703125 0.46484375 0.0484375 0.0625
0 0.66484375 0.712890625 0.0484375 0.05859375
0 0.1375 0.5625 0.05 0.05859375
0 0.08046875 0.5380859375 0.0484375 0.060546875
0 0.22109375 0.5146484375 0.0484375 0.060546875
0 0.70859375 0.2470703125 0.0484375 0.060546875
0 0.309375 0.63671875 0.05 0.0625
0 0.58515625 0.755859375 0.0484375 0.0625
0 0.20859375 0.18359375 0.0515625 0.0625
0 0.3640625 0.66015625 0.05 0.0625
