0 0.30234375 0.4384765625 0.0390625 0.048828125
0 0.43671875 0.5986328125 0.0390625 0.048828125
0 0.30078125 0.3310546875 0.0390625 0.048828125
0 0.30546875 0.5478515625 0.0390625 0.048828125
0 0.60546875 0.3779296875 0.0390625 0.048828125
0 0.39296875 0.5458984375 0.0390625 0.048828125
0 0.65078125 0.4853515625 0.0390625 0.048828125
0 0.60703125 0.4853515625 0.0390625 0.048828125
0 0.38828125 0.3291015625 0.0390625 0.048828125
0 0.34921875 0.6005859375 0.0390625 0.048828125
0 0.52421875 0.5966796875 0.0390625 0.048828125
0 0.64921875 0.4306640625 0.0390625 0.048828125
0 0.60234375 0.2705078125 0.0390625 0.048828125
0 0.56171875 0.3798828125 0.0390625 0.048828125
0 0.34921875 0.5458984375 0.0390625 0.048828125
0 0.64765625 0.3779296875 0.0390625 0.048828125
0 0.65390625 0.5927734375 0.0390625 0.048828125
0 0.35078125 0.6552734375 0.0390625 0.048828125
0 0.69453125 0.4833984375 0.0390625 0.048828125
0 0.38984375 0.4365234375 0.0390625 0.048828125
0 0.43359375 0.4892578125 0.0390625 0.048828125
0 0.26171875 0.5478515625 0.0390625 0.048828125
0 0.56328125 0.4326171875 0.0390625 0.048828125
0 0.69140625 0.3759765625 0.0390625 0.048828125
0 0.56640625 0.5947265625 0.0390625 0.048828125
0 0.48046875 0.5966796875 0.0390625 0.048828125
0 0.34765625 0.4912109375 0.0390625 0.048828125
0 0.43828125 0.6533203125 0.0390625 0.048828125
0 0.39140625 0.4912109375 0.0390625 0.048828125
0 0.61171875 0.6494140625 0.0390625 0.048828125
0 0.61015625 0.5947265625 0.0390625 0.048828125
0 0.56484375 0.4873046875 0.0390625 0.048828125
0 0.60390625 0.3251953125 0.0390625 0.048828125
0 0.47421875 0.3271484375 0.0390625 0.048828125
0 0.47578125 0.4345703125 0.0390625 0.048828125
0 0.43046875 0.3291015625 0.0390625 0.048828125
0 0.26015625 0.4404296875 0.0390625 0.048828125
0 0.65234375 0.5400390625 0.0390625 0.048828125
0 0.26328125 0.6572265625 0.0390625 0.048828125
0 0.68828125 0.2685546875 0.0390625 0.048828125
0 0.34609375 0.4384765625 0.0390625 0.048828125
0 0.47578125 0.3818359375 0.0390625 0.048828125
0 0.51796875 0.3271484375 0.0390625 0.048828125
0 0.43515625 0.5439453125 0.0390625 0.048828125
0 0.38828125 0.3837890625 0.0390625 0.048828125
0 0.69765625 0.6474609375 0.0390625 0.048828125
0 0.52109375 0.4873046875 0.0390625 0.048828125
0 0.29921875 0.2763671875 0.0390625 0.048828125
0 0.47734375 0.4892578125 0.0390625 0.048828125
0 0.30703125 0.6552734375 0.0390625 0.048828125
0 0.30390625 0.4931640625 0.0390625 0.048828125
0 0.69765625 0.5927734375 0.0390625 0.048828125
0 0.26328125 0.6025390625 0.0390625 0.048828125
0 0.52421875 0.6513671875 0.0390625 0.048828125
0 0.65546875 0.6474609375 0.0390625 0.048828125
0 0.47890625 0.5439453125 0.0390625 0.048828125
0 0.30234375 0.3857421875 0.0390625 0.048828125
0 0.26015625 0.4931640625 0.0390625 0.048828125
0 0.56015625 0.3251953125 0.0390625 0.048828125
0 0.38671875 0.2744140625 0.0390625 0.048828125
0 0.39296875 0.5986328125 0.0390625 0.048828125
0 0.68984375 0.3232421875 0.0390625 0.048828125
0 0.56484375 0.5400390625 0.0390625 0.048828125
0 0.43359375 0.4365234375 0.0390625 0.048828125
0 0.34453125 0.3310546875 0.0390625 0.048828125
0 0.51640625 0.2724609375 0.0390625 0.048828125
0 0.48203125 0.6513671875 0.0390625 0.048828125
0 0.52265625 0.5419921875 0.0390625 0.048828125
0 0.69296875 0.4306640625 0.0390625 0.048828125
0 0.60546875 0.4326171875 0.0390625 0.048828125
0 0.47265625 0.2744140625 0.0390625 0.048828125
0 0.60859375 0.5400390625 0.0390625 0.048828125
0 0.39453125 0.6533203125 0.0390625 0.048828125
0 0.51796875 0.3798828125 0.0390625 0.048828125
0 0.64609375 0.3232421875 0.0390625 0.048828125
0 0.56796875 0.6494140625 0.0390625 0.048828125
0 0.55859375 0.2724609375 0.0390625 0.048828125
0 0.25703125 0.3330078125 0.0390625 0.048828125
0 0.30703125 0.6005859375 0.0390625 0.048828125
0 0.34609375 0.3837890625 0.0390625 0.048828125
0 0.34296875 0.2763671875 0.0390625 0.048828125
0 0.43046875 0.2744140625 0.0390625 0.048828125
0 0.43203125 0.3818359375 0.0390625 0.048828125
0 0.25859375 0.3857421875 0.0390625 0.048828125
0 0.51953125 0.4345703125 0.0390625 0.048828125
0 0.64609375 0.2705078125 0.0390625 0.048828125
0 0.69609375 0.5380859375 0.0390625 0.048828125
0 0.25546875 0.2783203125 0.0390625 0.048828125
