0 0.60546875 0.4912109375 0.0390625 0.048828125
0 0.60703125 0.4365234375 0.0390625 0.048828125
0 0.55703125 0.7177734375 0.0390625 0.048828125
0 0.56171875 0.4912109375 0.0390625 0.048828125
0 0.38359375 0.4287109375 0.0390625 0.048828125
0 0.33671875 0.5400390625 0.0390625 0.048828125
0 0.51171875 0.7744140625 0.0390625 0.048828125
0 0.69140625 0.7216796875 0.0390625 0.048828125
0 0.42890625 0.4306640625 0.0390625 0.048828125
0 0.78203125 0.5537109375 0.0390625 0.048828125
0 0.69609375 0.4384765625 0.0390625 0.048828125
0 0.55859375 0.6611328125 0.0390625 0.048828125
0 0.56015625 0.6044921875 0.0390625 0.048828125
0 0.33515625 0.6552734375 0.0390625 0.048828125
0 0.60234375 0.7177734375 0.0390625 0.048828125
0 0.69296875 0.5517578125 0.0390625 0.048828125
0 0.64765625 0.6064453125 0.0390625 0.048828125
0 0.51796875 0.4326171875 0.0390625 0.048828125
0 0.64921875 0.5498046875 0.0390625 0.048828125
0 0.37734375 0.7705078125 0.0390625 0.048828125
0 0.73671875 0.6083984375 0.0390625 0.048828125
0 0.65078125 0.4931640625 0.0390625 0.048828125
0 0.38203125 0.4853515625 0.0390625 0.048828125
0 0.42265625 0.7724609375 0.0390625 0.048828125
0 0.46640625 0.7724609375 0.0390625 0.048828125
0 0.42734375 0.4873046875 0.0390625 0.048828125
0 0.55703125 0.7744140625 0.0390625 0.048828125
0 0.38046875 0.5986328125 0.0390625 0.048828125
0 0.47265625 0.4306640625 0.0390625 0.048828125
0 0.69140625 0.6650390625 0.0390625 0.048828125
0 0.47265625 0.4873046875 0.0390625 0.048828125
0 0.60546875 0.5498046875 0.0390625 0.048828125
0 0.60390625 0.6630859375 0.0390625 0.048828125
0 0.64765625 0.6630859375 0.0390625 0.048828125
0 0.33828125 0.4267578125 0.0390625 0.048828125
0 0.60078125 0.7763671875 0.0390625 0.048828125
0 0.73515625 0.7802734375 0.0390625 0.048828125
0 0.33671875 0.4833984375 0.0390625 0.048828125
0 0.46953125 0.6591796875 0.0390625 0.048828125
0 0.69296875 0.6083984375 0.0390625 0.048828125
0 0.73984375 0.4970703125 0.0390625 0.048828125
0 0.51484375 0.6025390625 0.0390625 0.048828125
0 0.46796875 0.7158203125 0.0390625 0.048828125
0 0.47109375 0.6005859375 0.0390625 0.048828125
0 0.33203125 0.7705078125 0.0390625 0.048828125
0 0.60390625 0.6044921875 0.0390625 0.048828125
0 0.51640625 0.5458984375 0.0390625 0.048828125
0 0.56015625 0.5478515625 0.0390625 0.048828125
0 0.73359375 0.8369140625 0.0390625 0.048828125
0 0.64609375 0.7197265625 0.0390625 0.048828125
0 0.69453125 0.4951171875 0.0390625 0.048828125
0 0.37890625 0.6552734375 0.0390625 0.048828125
0 0.38203125 0.5419921875 0.0390625 0.048828125
0 0.78046875 0.7236328125 0.0390625 0.048828125
0 0.33515625 0.5986328125 0.0390625 0.048828125
0 0.51328125 0.6591796875 0.0390625 0.048828125
0 0.51640625 0.4892578125 0.0390625 0.048828125
0 0.42578125 0.6005859375 0.0390625 0.048828125
0 0.78203125 0.6103515625 0.0390625 0.048828125
0 0.51328125 0.7158203125 0.0390625 0.048828125
0 0.77890625 0.7802734375 0.0390625 0.048828125
0 0.55546875 0.8310546875 0.0390625 0.048828125
0 0.37890625 0.7138671875 0.0390625 0.048828125
0 0.78359375 0.4990234375 0.0390625 0.048828125
0 0.73515625 0.7216796875 0.0390625 0.048828125
0 0.64609375 0.7763671875 0.0390625 0.048828125
0 0.65078125 0.4384765625 0.0390625 0.048828125
0 0.73828125 0.5537109375 0.0390625 0.048828125
0 0.42578125 0.5439453125 0.0390625 0.048828125
0 0.73671875 0.6650390625 0.0390625 0.048828125
0 0.68984375 0.7783203125 0.0390625 0.048828125
0 0.68984375 0.8349609375 0.0390625 0.048828125
0 0.33359375 0.7119140625 0.0390625 0.048828125
0 0.73984375 0.4404296875 0.0390625 0.048828125
0 0.51171875 0.8310546875 0.0390625 0.048828125
0 0.78046875 0.6669921875 0.0390625 0.048828125
0 0.42421875 0.7138671875 0.0390625 0.048828125
0 0.42421875 0.6572265625 0.0390625 0.048828125
0 0.56328125 0.4345703125 0.0390625 0.048828125
0 0.60078125 0.8330078125 0.0390625 0.048828125
0 0.47109375 0.5458984375 0.0390625 0.048828125
0 0.64609375 0.8330078125 0.0390625 0.048828125
0 0.46640625 0.8291015625 0.0390625 0.048828125
0 0.77890625 0.8369140625 0.0390625 0.048828125
0 0.78515625 0.4404296875 0.0390625 0.048828125
0 0.37578125 0.8271484375 0.0390625 0.048828125
0 0.42109375 0.8291015625 0.0390625 0.048828125
0 0.33046875 0.8271484375 0.0390625 0.048828125
