0 0.4703125 0.6064453125 0.05625 0.068359375
0 0.59609375 0.6728515625 0.0546875 0.068359375
0 0.7640625 0.5849609375 0.05625 0.068359375
0 0.5578125 0.2978515625 0.05625 0.068359375
0 0.7796875 0.736328125 0.05625 0.0703125
0 0.74140625 0.3623046875 0.0546875 0.068359375
0 0.8875 0.6513671875 0.05625 0.068359375
0 0.403125 0.53515625 0.05625 0.0703125
0 0.8484375 0.279296875 0.05625 0.0703125
0 0.515625 0.4521484375 0.05625 0.068359375
0 0.6546875 0.6669921875 0.05625 0.068359375
0 0.58046875 0.521484375 0.0546875 0.0703125
0 0.3875 0.3837890625 0.05625 0.068359375
0 0.90703125 0.2763671875 0.0546875 0.068359375
0 0.9359375 0.5732421875 0.05625 0.068359375
0 0.8796875 0.5771484375 0.05625 0.068359375
0 0.6671875 0.2158203125 0.05625 0.068359375
0 0.4328125 0.2294921875 0.05625 0.068359375
0 0.6828125 0.3642578125 0.05625 0.068359375
0 0.49375 0.2265625 0.05625 0.0703125
0 0.6390625 0.5185546875 0.05625 0.068359375
0 0.4546875 0.4560546875 0.05625 0.068359375
0 0.359375 0.6923828125 0.05625 0.068359375
0 0.696875 0.5126953125 0.05625 0.068359375
0 0.70625 0.5908203125 0.05625 0.068359375
0 0.821875 0.58203125 0.05625 0.0703125
0 0.9453125 0.6484375 0.05625 0.0703125
0 0.67421875 0.2900390625 0.0546875 0.068359375
0 0.34375 0.5380859375 0.05625 0.068359375
0 0.38125 0.3095703125 0.05625 0.068359375
0 0.87109375 0.5029296875 0.0546875 0.068359375
0 0.4484375 0.380859375 0.05625 0.0703125
0 0.8640625 0.427734375 0.05625 0.0703125
0 0.4171875 0.6865234375 0.05625 0.068359375
0 0.64765625 0.5927734375 0.0546875 0.068359375
0 0.95390625 0.72265625 0.0546875 0.0703125
0 0.784375 0.2099609375 0.05625 0.068359375
0 0.3296875 0.38671875 0.05625 0.0703125
0 0.828125 0.65625 0.05625 0.0703125
0 0.396875 0.4580078125 0.05625 0.068359375
0 0.71875 0.7392578125 0.05625 0.068359375
0 0.52890625 0.6015625 0.0546875 0.0703125
0 0.690625 0.4384765625 0.05625 0.068359375
0 0.8375 0.7314453125 0.05625 0.068359375
0 0.72578125 0.212890625 0.0546875 0.0703125
0 0.80625 0.4306640625 0.05625 0.068359375
0 0.4421875 0.3037109375 0.05625 0.068359375
0 0.63203125 0.4443359375 0.0546875 0.068359375
0 0.7125 0.6650390625 0.05625 0.068359375
0 0.4265625 0.7646484375 0.05625 0.068359375
0 0.615625 0.2958984375 0.05625 0.068359375
0 0.484375 0.7587890625 0.05625 0.068359375
0 0.35 0.615234375 0.05625 0.0703125
0 0.8984375 0.2021484375 0.05625 0.068359375
0 0.7546875 0.5107421875 0.05625 0.068359375
0 0.5734375 0.447265625 0.05625 0.0703125
0 0.8125 0.5048828125 0.05625 0.068359375
0 0.6609375 0.7451171875 0.05625 0.068359375
0 0.790625 0.2822265625 0.05625 0.068359375
0 0.8 0.3583984375 0.05625 0.068359375
0 0.4109375 0.6103515625 0.05625 0.068359375
0 0.92265625 0.4248046875 0.0546875 0.068359375
0 0.50625 0.3759765625 0.05625 0.068359375
0 0.3140625 0.2373046875 0.05625 0.068359375
0 0.521875 0.5263671875 0.05625 0.068359375
0 0.54453125 0.7529296875 0.0546875 0.068359375
0 0.8421875 0.2041015625 0.05625 0.068359375
0 0.9140625 0.3505859375 0.05625 0.068359375
0 0.85546875 0.353515625 0.0546875 0.0703125
0 0.5 0.3017578125 0.05625 0.068359375
0 0.478125 0.6806640625 0.05625 0.068359375
0 0.375 0.232421875 0.05625 0.0703125
0 0.46171875 0.5302734375 0.0546875 0.068359375
0 0.5890625 0.5986328125 0.05625 0.068359375
0 0.5359375 0.6787109375 0.05625 0.068359375
0 0.603125 0.75 0.05625 0.0703125
0 0.3234375 0.3115234375 0.05625 0.068359375
0 0.625 0.3701171875 0.05625 0.068359375
0 0.8953125 0.7275390625 0.05625 0.068359375
0 0.7703125 0.6591796875 0.05625 0.068359375
0 0.33671875 0.4638671875 0.0546875 0.068359375
0 0.7328125 0.287109375 0.05625 0.0703125
0 0.7484375 0.4365234375 0.05625 0.068359375
0 0.5671875 0.3720703125 0.05625 0.068359375
0 0.5515625 0.2236328125 0.05625 0.068359375
0 0.9296875 0.4990234375 0.05625 0.068359375
0 0.609375 0.2177734375 0.05625 0.068359375
0 0.365625 0.76953125 0.05625 0.0703125
