0 0.615625 0.732421875 0.0625 0.0625
0 0.32265625 0.1796875 0.0640625 0.0625
0 0.59296875 0.392578125 0.0640625 0.06640625
0 0.24375 0.41015625 0.065625 0.0625
0 0.66640625 0.650390625 0.0640625 0.0625
0 0.5828125 0.6015625 0.0625 0.0625
0 0.2890625 0.330078125 0.0625 0.06640625
0 0.60546875 0.177734375 0.0640625 0.0625
0 0.315625 0.673828125 0.0625 0.0625
0 0.51953125 0.130859375 0.0640625 0.0625
0 0.271875 0.26171875 0.0625 0.0625
0 0.20546875 0.2802734375 0.0640625 0.064453125
0 0.67578125 0.439453125 0.0640625 0.0625
0 0.459375 0.427734375 0.0625 0.0625
0 0.55546875 0.26171875 0.0640625 0.0625
0 0.50546875 0.34375 0.0640625 0.0625
0 0.42890625 0.5732421875 0.0640625 0.064453125
0 0.64921875 0.583984375 0.0640625 0.0625
0 0.5390625 0.197265625 0.0625 0.0625
0 0.79921875 0.615234375 0.0640625 0.0625
0 0.659375 0.37109375 0.0625 0.0625
0 0.52578125 0.40625 0.0640625 0.0625
0 0.41875 0.78515625 0.0625 0.0625
0 0.62265625 0.2421875 0.0640625 0.0625
0 0.440625 0.361328125 0.065625 0.0625
0 0.29921875 0.607421875 0.0640625 0.0625
0 0.6875 0.2265625 0.065625 0.0625
0 0.45546875 0.1484375 0.0640625 0.06640625
0 0.30859375 0.39453125 0.0640625 0.0625
0 0.6109375 0.45703125 0.065625 0.0625
0 0.6828125 0.71484375 0.0625 0.06640625
0 0.54453125 0.47265625 0.0671875 0.0625
0 0.78125 0.548828125 0.065625 0.0625
0 0.534375 0.6875 0.065625 0.0625
0 0.40546875 0.228515625 0.0640625 0.06640625
0 0.33203125 0.740234375 0.0640625 0.0625
0 0.18828125 0.216796875 0.0640625 0.0625
0 0.3921875 0.443359375 0.0625 0.0625
0 0.25546875 0.197265625 0.0640625 0.0625
0 0.5859375 0.115234375 0.0625 0.0625
0 0.4859375 0.767578125 0.0625 0.06640625
0 0.55234375 0.75 0.0640625 0.0625
0 0.57265625 0.326171875 0.0640625 0.06640625
0 0.515625 0.62109375 0.0625 0.0625
0 0.81953125 0.6796875 0.0640625 0.0625
0 0.44921875 0.63671875 0.0640625 0.0625
0 0.46796875 0.703125 0.0671875 0.0625
0 0.559375 0.5390625 0.0625 0.0625
0 0.6375 0.798828125 0.065625 0.0625
0 0.4359375 0.85546875 0.0625 0.0625
0 0.62890625 0.51953125 0.0640625 0.0625
0 0.3390625 0.24609375 0.0625 0.0625
0 0.26171875 0.4765625 0.0640625 0.0625
0 0.69609375 0.501953125 0.0640625 0.0625
0 0.47265625 0.212890625 0.0640625 0.0625
0 0.59921875 0.66796875 0.0640625 0.0625
0 0.32578125 0.458984375 0.0640625 0.0625
0 0.3453125 0.525390625 0.0625 0.0625
0 0.47890625 0.4921875 0.0640625 0.0625
0 0.4890625 0.279296875 0.0625 0.0625
0 0.35234375 0.8046875 0.0640625 0.0625
0 0.65234375 0.09375 0.0640625 0.0625
0 0.38203125 0.654296875 0.0640625 0.0625
0 0.7625 0.486328125 0.0625 0.0625
0 0.76953125 0.763671875 0.0640625 0.06640625
0 0.74921875 0.697265625 0.0640625 0.0625
0 0.67265625 0.16015625 0.0640625 0.0625
0 0.74296875 0.4189453125 0.0640625 0.064453125
0 0.40234375 0.71875 0.0640625 0.0625
0 0.73125 0.630859375 0.065625 0.0625
0 0.49609375 0.55859375 0.0640625 0.0625
0 0.35546875 0.3125 0.0640625 0.0625
0 0.3625 0.587890625 0.0625 0.0625
0 0.4125 0.509765625 0.0625 0.0625
0 0.6390625 0.30859375 0.0625 0.0625
0 0.56953125 0.81640625 0.0640625 0.06640625
0 0.71484375 0.568359375 0.0671875 0.0625
0 0.42578125 0.294921875 0.0640625 0.0625
0 0.36875 0.87109375 0.0625 0.0625
0 0.50234375 0.83203125 0.0640625 0.0625
0 0.22578125 0.34375 0.0640625 0.0625
0 0.834375 0.74609375 0.065625 0.0625
0 0.37578125 0.37890625 0.0640625 0.06640625
0 0.72578125 0.35546875 0.0640625 0.0625
0 0.70234375 0.78125 0.0640625 0.0625
0 0.3890625 0.1640625 0.0625 0.0625
0 0.70625 0.2890625 0.0625 0.0625
0 0.27890625 0.54296875 0.0640625 0.0625
