0 0.309375 0.5771484375 0.053125 0.083984375
0 0.48828125 0.3291015625 0.0515625 0.083984375
0 0.30078125 0.7548828125 0.0515625 0.083984375
0 0.3171875 0.3955078125 0.053125 0.083984375
0 0.69375 0.7080078125 0.053125 0.083984375
0 0.43046875 0.4091796875 0.0515625 0.083984375
0 0.7578125 0.53515625 0.053125 0.0859375
0 0.70234375 0.53125 0.0515625 0.0859375
0 0.41171875 0.7626953125 0.0515625 0.083984375
0 0.375 0.3154296875 0.053125 0.083984375
0 0.6015625 0.3408203125 0.053125 0.083984375
0 0.75234375 0.6240234375 0.0515625 0.083984375
0 0.684375 0.8818359375 0.053125 0.083984375
0 0.6390625 0.7001953125 0.053125 0.083984375
0 0.371875 0.404296875 0.053125 0.0859375
0 0.746875 0.7119140625 0.053125 0.083984375
0 0.76875 0.3583984375 0.053125 0.083984375
0 0.3796875 0.2275390625 0.053125 0.083984375
0 0.81328125 0.5439453125 0.0515625 0.083984375
0 0.4203125 0.5908203125 0.053125 0.083984375
0 0.478125 0.505859375 0.053125 0.0859375
0 0.2609375 0.3916015625 0.053125 0.083984375
0 0.64140625 0.611328125 0.0515625 0.0859375
0 0.8046875 0.716796875 0.053125 0.0859375
0 0.6546875 0.3447265625 0.053125 0.083984375
0 0.54375 0.3369140625 0.053125 0.083984375
0 0.36953125 0.4931640625 0.0515625 0.083984375
0 0.49375 0.2353515625 0.053125 0.083984375
0 0.425 0.4970703125 0.053125 0.083984375
0 0.715625 0.2607421875 0.053125 0.083984375
0 0.71015625 0.349609375 0.0515625 0.0859375
0 0.646875 0.5224609375 0.053125 0.083984375
0 0.6890625 0.79296875 0.053125 0.0859375
0 0.52265625 0.7763671875 0.0515625 0.083984375
0 0.53125 0.6025390625 0.053125 0.083984375
0 0.4671875 0.767578125 0.053125 0.0859375
0 0.253125 0.5693359375 0.053125 0.083984375
0 0.7625 0.4462890625 0.053125 0.083984375
0 0.26875 0.2138671875 0.053125 0.083984375
0 0.7953125 0.8935546875 0.053125 0.083984375
0 0.3640625 0.5810546875 0.053125 0.083984375
0 0.528125 0.6865234375 0.053125 0.083984375
0 0.578125 0.7802734375 0.053125 0.083984375
0 0.4828125 0.4169921875 0.053125 0.083984375
0 0.4140625 0.6748046875 0.053125 0.083984375
0 0.8265625 0.2734375 0.053125 0.0859375
0 0.59140625 0.5185546875 0.0515625 0.083984375
0 0.2953125 0.8427734375 0.053125 0.083984375
0 0.5359375 0.509765625 0.053125 0.0859375
0 0.325 0.2236328125 0.053125 0.083984375
0 0.3109375 0.4892578125 0.053125 0.083984375
0 0.8234375 0.3623046875 0.053125 0.083984375
0 0.2671875 0.3037109375 0.053125 0.083984375
0 0.6046875 0.2490234375 0.053125 0.083984375
0 0.77109375 0.26953125 0.0515625 0.0859375
0 0.5390625 0.4208984375 0.053125 0.083984375
0 0.30625 0.662109375 0.053125 0.0859375
0 0.25625 0.4853515625 0.053125 0.083984375
0 0.63359375 0.7880859375 0.0515625 0.083984375
0 0.40625 0.8564453125 0.053125 0.083984375
0 0.4328125 0.32421875 0.053125 0.0859375
0 0.8 0.8056640625 0.053125 0.083984375
0 0.65 0.4384765625 0.053125 0.083984375
0 0.475 0.5947265625 0.053125 0.083984375
0 0.35625 0.7587890625 0.053125 0.083984375
0 0.5734375 0.873046875 0.053125 0.0859375
0 0.54921875 0.244140625 0.0515625 0.0859375
0 0.596875 0.4296875 0.053125 0.0859375
0 0.8078125 0.6279296875 0.053125 0.083984375
0 0.696875 0.6162109375 0.053125 0.083984375
0 0.5171875 0.8642578125 0.053125 0.083984375
0 0.7046875 0.4423828125 0.053125 0.083984375
0 0.43828125 0.2314453125 0.0515625 0.083984375
0 0.58125 0.6962890625 0.053125 0.083984375
0 0.74453125 0.8017578125 0.0515625 0.083984375
0 0.66015625 0.2568359375 0.0515625 0.083984375
0 0.628125 0.8779296875 0.053125 0.083984375
0 0.24296875 0.7470703125 0.0515625 0.083984375
0 0.321875 0.3115234375 0.053125 0.083984375
0 0.36171875 0.6708984375 0.0515625 0.083984375
0 0.3515625 0.84765625 0.053125 0.0859375
0 0.4640625 0.8603515625 0.053125 0.083984375
0 0.47265625 0.6826171875 0.0515625 0.083984375
0 0.2484375 0.6572265625 0.053125 0.083984375
0 0.5859375 0.6064453125 0.053125 0.083984375
0 0.7421875 0.8857421875 0.053125 0.083984375
0 0.81875 0.455078125 0.053125 0.0859375
0 0.240625 0.8349609375 0.053125 0.083984375
