0 0.834375 0.71875 0.078125 0.0546875
0 0.109375 0.37890625 0.078125 0.0546875
0 0.6859375 0.4423828125 0.078125 0.056640625
0 0.7171875 0.783203125 0.078125 0.0546875
0 0.615625 0.7666015625 0.078125 0.056640625
0 0.2578125 0.4482421875 0.078125 0.056640625
0 0.4625 0.4873046875 0.078125 0.056640625
0 0.3796875 0.38671875 0.078125 0.0546875
0 0.7328125 0.7021484375 0.078125 0.056640625
0 0.278125 0.3681640625 0.078125 0.056640625
0 0.234375 0.314453125 0.078125 0.0546875
0 0.6421875 0.392578125 0.078125 0.0546875
0 0.153125 0.4287109375 0.078125 0.056640625
0 0.58359375 0.423828125 0.0796875 0.0546875
0 0.34453125 0.548828125 0.0796875 0.0546875
0 0.4578125 0.275390625 0.078125 0.0546875
0 0.171875 0.3486328125 0.078125 0.056640625
0 0.78359375 0.4619140625 0.0796875 0.056640625
0 0.1953125 0.4794921875 0.078125 0.056640625
0 0.60703125 0.5546875 0.0796875 0.0546875
0 0.3171875 0.4150390625 0.078125 0.056640625
0 0.6890625 0.6513671875 0.078125 0.056640625
0 0.79140625 0.6708984375 0.0796875 0.056640625
0 0.6734375 0.7353515625 0.078125 0.056640625
0 0.725 0.490234375 0.078125 0.0546875
0 0.3015625 0.4990234375 0.078125 0.056640625
0 0.909375 0.6103515625 0.078125 0.056640625
0 0.5421875 0.373046875 0.075 0.0546875
0 0.56796875 0.50390625 0.0796875 0.0546875
0 0.384375 0.5986328125 0.078125 0.056640625
0 0.571875 0.7158203125 0.078125 0.056640625
0 0.4890625 0.615234375 0.078125 0.0546875
0 0.215625 0.3984375 0.078125 0.0546875
0 0.403125 0.515625 0.078125 0.0546875
0 0.525 0.4541015625 0.078125 0.056640625
0 0.4234375 0.4375 0.078125 0.0546875
0 0.4703125 0.69921875 0.078125 0.0546875
0 0.29375 0.287109375 0.078125 0.0546875
0 0.5015625 0.326171875 0.078125 0.0546875
0 0.6578125 0.3115234375 0.078125 0.056640625
0 0.5046875 0.53515625 0.078125 0.0546875
0 0.2390625 0.529296875 0.078125 0.0546875
0 0.36796875 0.6796875 0.0796875 0.0546875
0 0.45 0.7802734375 0.078125 0.056640625
0 0.36015625 0.46484375 0.0796875 0.0546875
0 0.446875 0.5654296875 0.078125 0.056640625
0 0.528125 0.666015625 0.078125 0.0546875
0 0.7671875 0.5400390625 0.078125 0.056640625
0 0.4390625 0.353515625 0.078125 0.0546875
0 0.6265625 0.4736328125 0.078125 0.056640625
0 0.5484375 0.5849609375 0.078125 0.056640625
0 0.33671875 0.3369140625 0.0796875 0.056640625
0 0.7484375 0.62109375 0.078125 0.0546875
0 0.41875 0.2255859375 0.078125 0.056640625
0 0.59921875 0.3427734375 0.0796875 0.056640625
0 0.53671875 0.1611328125 0.0796875 0.056640625
0 0.74375 0.412109375 0.078125 0.0546875
0 0.6578125 0.81640625 0.078125 0.0546875
0 0.55234375 0.7998046875 0.0796875 0.056640625
0 0.665625 0.5234375 0.078125 0.0546875
0 0.65 0.6015625 0.078125 0.0546875
0 0.5125 0.7490234375 0.078125 0.056640625
0 0.4265625 0.6494140625 0.078125 0.056640625
0 0.63125 0.685546875 0.078125 0.0546875
0 0.709375 0.5712890625 0.078125 0.056640625
0 0.59921875 0.8466796875 0.0796875 0.056640625
0 0.57578125 0.2119140625 0.0796875 0.056640625
0 0.53671875 0.8798828125 0.0796875 0.056640625
0 0.48359375 0.404296875 0.0734375 0.0546875
0 0.89140625 0.6884765625 0.0734375 0.056640625
0 0.28125 0.5791015625 0.078125 0.056640625
0 0.59140625 0.634765625 0.0796875 0.0546875
0 0.325 0.6298828125 0.078125 0.056640625
0 0.85 0.6376953125 0.078125 0.056640625
0 0.5171875 0.2451171875 0.078125 0.056640625
0 0.35625 0.2529296875 0.078125 0.056640625
0 0.8265625 0.509765625 0.078125 0.0546875
0 0.7046875 0.3623046875 0.078125 0.056640625
0 0.4 0.3037109375 0.078125 0.056640625
0 0.49375 0.830078125 0.078125 0.0546875
0 0.77578125 0.751953125 0.0796875 0.0546875
0 0.56015625 0.2919921875 0.0796875 0.056640625
0 0.80703125 0.5908203125 0.0796875 0.056640625
0 0.95 0.6572265625 0.075 0.056640625
0 0.478125 0.1923828125 0.078125 0.056640625
0 0.865625 0.5595703125 0.078125 0.056640625
0 0.61875 0.26171875 0.078125 0.0546875
0 0.4078125 0.7294921875 0.078125 0.056640625
