0 0.4484375 0.734375 0.03125 0.0625
0 0.23203125 0.4189453125 0.0359375 0.064453125
0 0.28828125 0.4970703125 0.0359375 0.064453125
0 0.41875 0.8115234375 0.034375 0.060546875
0 0.42734375 0.5810546875 0.0359375 0.060546875
0 0.51484375 0.583984375 0.0328125 0.0625
0 0.253125 0.576171875 0.034375 0.0625
0 0.4828125 0.6591796875 0.034375 0.060546875
0 0.5453125 0.51171875 0.034375 0.0625
0 0.26796875 0.34375 0.0359375 0.05859375
0 0.37421875 0.8095703125 0.0359375 0.064453125
0 0.578125 0.4384765625 0.034375 0.060546875
0 0.61796875 0.439453125 0.0359375 0.0625
0 0.4734375 0.8896484375 0.034375 0.060546875
0 0.2078125 0.5703125 0.04375 0.0625
0 0.3234375 0.421875 0.034375 0.0625
0 0.3875 0.5791015625 0.034375 0.064453125
0 0.61015625 0.666015625 0.0359375 0.0625
0 0.2875 0.8095703125 0.0375 0.064453125
0 0.6625 0.7412109375 0.040625 0.064453125
0 0.5484375 0.814453125 0.034375 0.0625
0 0.46171875 0.5078125 0.0328125 0.05859375
0 0.53671875 0.7373046875 0.0328125 0.060546875
0 0.5265625 0.66015625 0.0375 0.0625
0 0.23046875 0.7294921875 0.0390625 0.072265625
0 0.52578125 0.3603515625 0.0296875 0.056640625
0 0.50390625 0.814453125 0.0359375 0.0625
0 0.64140625 0.8935546875 0.0296875 0.060546875
0 0.18671875 0.4150390625 0.0390625 0.064453125
0 0.5671875 0.3642578125 0.0375 0.064453125
0 0.67265625 0.81640625 0.0390625 0.0625
0 0.35390625 0.6552734375 0.0359375 0.068359375
0 0.353125 0.3486328125 0.034375 0.060546875
0 0.3640625 0.4248046875 0.0375 0.068359375
0 0.53515625 0.4365234375 0.0359375 0.064453125
0 0.3859375 0.888671875 0.034375 0.05859375
0 0.51484375 0.890625 0.0359375 0.0625
0 0.5671875 0.6611328125 0.03125 0.060546875
0 0.26640625 0.6513671875 0.0390625 0.064453125
0 0.5984375 0.5888671875 0.03125 0.056640625
0 0.40859375 0.734375 0.0359375 0.06640625
0 0.55546875 0.5859375 0.0359375 0.06640625
0 0.61953125 0.740234375 0.0328125 0.0625
0 0.24296875 0.4951171875 0.0359375 0.064453125
0 0.396875 0.3505859375 0.0375 0.064453125
0 0.30859375 0.6533203125 0.0359375 0.064453125
0 0.65078125 0.6669921875 0.0328125 0.060546875
0 0.4921875 0.4326171875 0.03125 0.056640625
0 0.33203125 0.8115234375 0.0328125 0.060546875
0 0.63125 0.8154296875 0.034375 0.064453125
0 0.2203125 0.33984375 0.040625 0.0625
0 0.19765625 0.494140625 0.0453125 0.06640625
0 0.55703125 0.8896484375 0.0328125 0.060546875
0 0.50234375 0.5107421875 0.0359375 0.064453125
0 0.5875 0.814453125 0.03125 0.0625
0 0.2765625 0.7314453125 0.034375 0.060546875
0 0.5984375 0.8916015625 0.034375 0.064453125
0 0.2203125 0.6513671875 0.0375 0.064453125
0 0.2515625 0.88671875 0.04375 0.06640625
0 0.27734375 0.4208984375 0.0359375 0.064453125
0 0.44140625 0.353515625 0.0328125 0.05859375
0 0.29765625 0.888671875 0.0359375 0.05859375
0 0.396875 0.6552734375 0.0375 0.060546875
0 0.34140625 0.8876953125 0.0390625 0.064453125
0 0.2984375 0.5771484375 0.0375 0.064453125
0 0.46015625 0.8115234375 0.0359375 0.060546875
0 0.41953125 0.5048828125 0.0359375 0.064453125
0 0.48203125 0.3564453125 0.0359375 0.064453125
0 0.63046875 0.5166015625 0.0359375 0.056640625
0 0.471875 0.5830078125 0.0375 0.064453125
0 0.42890625 0.888671875 0.0359375 0.06640625
0 0.17578125 0.337890625 0.0359375 0.05859375
0 0.40859375 0.427734375 0.0328125 0.0625
0 0.6390625 0.5908203125 0.0375 0.068359375
0 0.43984375 0.6572265625 0.0359375 0.064453125
0 0.33203125 0.501953125 0.0359375 0.0625
0 0.2421875 0.80859375 0.034375 0.0625
0 0.4515625 0.4306640625 0.0375 0.060546875
0 0.4921875 0.7353515625 0.0375 0.064453125
0 0.34375 0.578125 0.034375 0.0625
0 0.37578125 0.5029296875 0.0296875 0.060546875
0 0.609375 0.365234375 0.034375 0.0625
0 0.31171875 0.34765625 0.0359375 0.06640625
0 0.31953125 0.732421875 0.0359375 0.0625
0 0.36328125 0.7333984375 0.0359375 0.060546875
0 0.5875 0.5126953125 0.0375 0.064453125
0 0.68359375 0.8955078125 0.0421875 0.064453125
0 0.57734375 0.7392578125 0.0359375 0.064453125
