0 0.72421875 0.3486328125 0.0484375 0.052734375
0 0.31484375 0.453125 0.0484375 0.05078125
0 0.49453125 0.173828125 0.0484375 0.05078125
0 0.47734375 0.3525390625 0.0484375 0.052734375
0 0.52890625 0.376953125 0.0484375 0.05078125
0 0.68359375 0.57421875 0.0484375 0.05078125
0 0.77578125 0.373046875 0.0484375 0.05078125
0 0.45078125 0.27734375 0.0484375 0.05078125
0 0.68046875 0.44921875 0.0484375 0.05078125
0 0.421875 0.201171875 0.046875 0.05078125
0 0.2703125 0.552734375 0.046875 0.05078125
0 0.64609375 0.248046875 0.0484375 0.05078125
0 0.3984375 0.673828125 0.046875 0.05078125
0 0.73046875 0.4736328125 0.0484375 0.052734375
0 0.41953125 0.625 0.0484375 0.05078125
0 0.6515625 0.375 0.046875 0.05078125
0 0.57265625 0.275390625 0.0484375 0.05078125
0 0.796875 0.322265625 0.046875 0.05078125
0 0.278125 0.67578125 0.046875 0.05078125
0 0.47578125 0.7705078125 0.0484375 0.052734375
0 0.40625 0.376953125 0.046875 0.05078125
0 0.59609375 0.7705078125 0.0484375 0.052734375
0 0.52109375 0.25 0.0484375 0.05078125
0 0.37734375 0.7236328125 0.0484375 0.052734375
0 0.53515625 0.5 0.0484375 0.05078125
0 0.440625 0.576171875 0.046875 0.05078125
0 0.47109375 0.2255859375 0.0484375 0.052734375
0 0.69765625 0.2724609375 0.0484375 0.052734375
0 0.44296875 0.150390625 0.0484375 0.05078125
0 0.634375 0.548828125 0.046875 0.05078125
0 0.48515625 0.4775390625 0.0484375 0.052734375
0 0.46328125 0.52734375 0.0484375 0.05078125
0 0.46953125 0.650390625 0.0484375 0.05078125
0 0.42734375 0.328125 0.0484375 0.05078125
0 0.49609375 0.7236328125 0.0484375 0.052734375
0 0.4484375 0.69921875 0.046875 0.05078125
0 0.59453125 0.2236328125 0.0484375 0.052734375
0 0.57890625 0.400390625 0.0484375 0.05078125
0 0.39140625 0.55078125 0.0484375 0.05078125
0 0.66328125 0.623046875 0.0484375 0.05078125
0 0.43515625 0.453125 0.0484375 0.05078125
0 0.34921875 0.650390625 0.0484375 0.05078125
0 0.62265625 0.298828125 0.0484375 0.05078125
0 0.62890625 0.423828125 0.0484375 0.05078125
0 0.70703125 0.5224609375 0.0484375 0.052734375
0 0.61875 0.720703125 0.046875 0.05078125
0 0.54609375 0.74609375 0.0484375 0.05078125
0 0.490625 0.6005859375 0.046875 0.052734375
0 0.38515625 0.427734375 0.0484375 0.05078125
0 0.60546875 0.4755859375 0.0484375 0.052734375
0 0.575 0.8203125 0.046875 0.05078125
0 0.50546875 0.42578125 0.0484375 0.05078125
0 0.56328125 0.57421875 0.0484375 0.05078125
0 0.51171875 0.55078125 0.0484375 0.05078125
0 0.58984375 0.6474609375 0.0484375 0.052734375
0 0.7015625 0.3974609375 0.046875 0.052734375
0 0.75078125 0.421875 0.0484375 0.05078125
0 0.63984375 0.671875 0.0484375 0.05078125
0 0.51953125 0.673828125 0.0484375 0.05078125
0 0.3203125 0.576171875 0.046875 0.05078125
0 0.24921875 0.6025390625 0.0484375 0.052734375
0 0.3625 0.4775390625 0.046875 0.052734375
0 0.584375 0.525390625 0.046875 0.05078125
0 0.29921875 0.626953125 0.0484375 0.05078125
0 0.74765625 0.296875 0.0484375 0.05078125
0 0.42578125 0.748046875 0.0484375 0.05078125
0 0.55 0.326171875 0.046875 0.05078125
0 0.4140625 0.501953125 0.046875 0.05078125
0 0.37734375 0.302734375 0.0484375 0.05078125
0 0.54453125 0.19921875 0.0484375 0.05078125
0 0.45625 0.40234375 0.046875 0.05078125
0 0.67421875 0.32421875 0.0484375 0.05078125
0 0.33515625 0.404296875 0.0484375 0.05078125
0 0.29140625 0.50390625 0.0484375 0.05078125
0 0.3984375 0.251953125 0.046875 0.05078125
0 0.5 0.30078125 0.046875 0.05078125
0 0.32734375 0.69921875 0.0484375 0.05078125
0 0.6015625 0.3505859375 0.046875 0.052734375
0 0.525 0.794921875 0.046875 0.05078125
0 0.65703125 0.5 0.0484375 0.05078125
0 0.540625 0.625 0.046875 0.05078125
0 0.36953125 0.6005859375 0.0484375 0.052734375
0 0.55546875 0.451171875 0.0484375 0.05078125
0 0.61328125 0.5986328125 0.0484375 0.052734375
0 0.228125 0.65234375 0.046875 0.05078125
0 0.34140625 0.529296875 0.0484375 0.05078125
0 0.56953125 0.697265625 0.0484375 0.05078125
0 0.35625 0.3544921875 0.046875 0.052734375
