0 0.66171875 0.625 0.0734375 0.078125
0 0.825 0.62890625 0.071875 0.078125
0 0.35703125 0.3046875 0.0734375 0.078125
0 0.41015625 0.7001953125 0.0734375 0.076171875
0 0.49140625 0.703125 0.0734375 0.078125
0 0.6671875 0.546875 0.071875 0.078125
0 0.19609375 0.30078125 0.0734375 0.078125
0 0.84609375 0.314453125 0.0734375 0.078125
0 0.50390625 0.544921875 0.0734375 0.078125
0 0.44453125 0.23046875 0.0734375 0.078125
0 0.7578125 0.3916015625 0.071875 0.076171875
0 0.32265625 0.77734375 0.0734375 0.078125
0 0.15546875 0.775390625 0.0734375 0.078125
0 0.83046875 0.55078125 0.0734375 0.078125
0 0.76953125 0.236328125 0.0734375 0.078125
0 0.28359375 0.2265625 0.0734375 0.078125
0 0.60546875 0.232421875 0.0734375 0.078125
0 0.24609375 0.697265625 0.0734375 0.078125
0 0.49765625 0.623046875 0.0734375 0.078125
0 0.57421875 0.703125 0.0734375 0.078125
0 0.59140625 0.466796875 0.0734375 0.078125
0 0.91328125 0.55078125 0.0734375 0.078125
0 0.33359375 0.619140625 0.0734375 0.078125
0 0.73203125 0.787109375 0.0734375 0.078125
0 0.328125 0.7001953125 0.071875 0.076171875
0 0.58515625 0.544921875 0.0734375 0.078125
0 0.74921875 0.55078125 0.0734375 0.078125
0 0.42109375 0.541015625 0.0734375 0.078125
0 0.89765625 0.791015625 0.0734375 0.078125
0 0.16953125 0.615234375 0.0734375 0.078125
0 0.75234375 0.46875 0.0734375 0.078125
0 0.91875 0.47265625 0.071875 0.078125
0 0.83359375 0.47265625 0.0734375 0.078125
0 0.67265625 0.46875 0.0734375 0.078125
0 0.52109375 0.3076171875 0.0734375 0.076171875
0 0.11484375 0.30078125 0.0734375 0.078125
0 0.16484375 0.697265625 0.0734375 0.078125
0 0.4859375 0.78125 0.071875 0.078125
0 0.68203125 0.310546875 0.0734375 0.078125
0 0.2578125 0.5380859375 0.071875 0.076171875
0 0.57890625 0.625 0.0734375 0.078125
0 0.596875 0.388671875 0.071875 0.078125
0 0.07421875 0.775390625 0.0734375 0.078125
0 0.65546875 0.70703125 0.0734375 0.078125
0 0.56796875 0.7841796875 0.0734375 0.076171875
0 0.415625 0.623046875 0.071875 0.078125
0 0.10859375 0.37890625 0.0734375 0.078125
0 0.90078125 0.712890625 0.0734375 0.078125
0 0.36328125 0.23046875 0.0734375 0.078125
0 0.92109375 0.39453125 0.0734375 0.078125
0 0.74296875 0.62890625 0.0734375 0.078125
0 0.7375 0.70703125 0.071875 0.078125
0 0.81953125 0.708984375 0.0734375 0.078125
0 0.93046875 0.23828125 0.0734375 0.078125
0 0.52734375 0.232421875 0.0734375 0.078125
0 0.68828125 0.236328125 0.0734375 0.078125
0 0.190625 0.37890625 0.071875 0.078125
0 0.509375 0.466796875 0.071875 0.078125
0 0.20234375 0.2265625 0.0734375 0.078125
0 0.33984375 0.541015625 0.0734375 0.078125
0 0.25234375 0.619140625 0.0734375 0.078125
0 0.83984375 0.39453125 0.0734375 0.078125
0 0.40390625 0.78125 0.0734375 0.078125
0 0.09453125 0.53515625 0.0734375 0.078125
0 0.26328125 0.4609375 0.0734375 0.078125
0 0.23984375 0.77734375 0.0734375 0.078125
0 0.26953125 0.3828125 0.0734375 0.078125
0 0.8515625 0.236328125 0.071875 0.078125
0 0.64921875 0.787109375 0.0734375 0.078125
0 0.18203125 0.4609375 0.0734375 0.078125
0 0.27890625 0.3046875 0.0734375 0.078125
0 0.3515625 0.3828125 0.071875 0.078125
0 0.42734375 0.462890625 0.0734375 0.078125
0 0.07890625 0.693359375 0.0734375 0.078125
0 0.92734375 0.31640625 0.0734375 0.078125
0 0.67890625 0.3916015625 0.0734375 0.076171875
0 0.51484375 0.384765625 0.0734375 0.078125
0 0.90703125 0.630859375 0.0734375 0.078125
0 0.43359375 0.384765625 0.0734375 0.078125
0 0.17578125 0.5380859375 0.0734375 0.076171875
0 0.4390625 0.3076171875 0.071875 0.076171875
0 0.08828125 0.615234375 0.0734375 0.078125
0 0.10234375 0.45703125 0.0734375 0.078125
0 0.76328125 0.314453125 0.0734375 0.078125
0 0.34609375 0.462890625 0.0734375 0.078125
0 0.1203125 0.22265625 0.071875 0.078125
0 0.81640625 0.791015625 0.0734375 0.078125
0 0.60234375 0.310546875 0.0734375 0.078125
