0 0.2421875 0.205078125 0.0625 0.0546875
0 0.56484375 0.4287109375 0.0640625 0.052734375
0 0.678125 0.712890625 0.0625 0.0546875
0 0.44375 0.392578125 0.0625 0.0546875
0 0.6859375 0.4658203125 0.0625 0.052734375
0 0.2625 0.58203125 0.0625 0.0546875
0 0.3203125 0.6015625 0.0625 0.0546875
0 0.3578125 0.2421875 0.0625 0.0546875
0 0.3 0.22265625 0.0625 0.0546875
0 0.7640625 0.4248046875 0.0625 0.052734375
0 0.625 0.4462890625 0.0625 0.052734375
0 0.28515625 0.28125 0.0640625 0.0546875
0 0.40078125 0.3173828125 0.0640625 0.052734375
0 0.41875 0.259765625 0.0625 0.0546875
0 0.353125 0.4873046875 0.0625 0.052734375
0 0.5046875 0.41015625 0.0625 0.0546875
0 0.70078125 0.4072265625 0.0640625 0.052734375
0 0.53671875 0.2958984375 0.0640625 0.052734375
0 0.640625 0.388671875 0.0625 0.0546875
0 0.74609375 0.4853515625 0.0640625 0.052734375
0 0.6578125 0.33203125 0.0625 0.0546875
0 0.209375 0.3193359375 0.0625 0.052734375
0 0.1796875 0.43359375 0.0625 0.0546875
0 0.471875 0.5234375 0.0625 0.0546875
0 0.4390625 0.6376953125 0.0625 0.052734375
0 0.75625 0.6767578125 0.0625 0.052734375
0 0.77890625 0.3671875 0.0640625 0.0546875
0 0.82421875 0.4443359375 0.0640625 0.052734375
0 0.2375 0.453125 0.0625 0.0546875
0 0.328125 0.3564453125 0.0625 0.052734375
0 0.53203125 0.54296875 0.0640625 0.0546875
0 0.5140625 0.5986328125 0.0625 0.052734375
0 0.7734375 0.6181640625 0.0625 0.052734375
0 0.63515625 0.6376953125 0.0640625 0.052734375
0 0.521875 0.353515625 0.0625 0.0546875
0 0.3375 0.544921875 0.0625 0.0546875
0 0.39609375 0.5625 0.0640625 0.0546875
0 0.859375 0.328125 0.0625 0.0546875
0 0.3859375 0.375 0.0625 0.0546875
0 0.16171875 0.4892578125 0.0640625 0.052734375
0 0.41328125 0.5068359375 0.0640625 0.052734375
0 0.66796875 0.5234375 0.0484375 0.046875
0 0.2796875 0.5263671875 0.0625 0.052734375
0 0.38125 0.6201171875 0.0625 0.052734375
0 0.5796875 0.37109375 0.0625 0.0546875
0 0.4609375 0.3349609375 0.0625 0.052734375
0 0.559375 0.6767578125 0.0625 0.052734375
0 0.2046875 0.564453125 0.0625 0.0546875
0 0.21953125 0.5068359375 0.0640625 0.052734375
0 0.19453125 0.3779296875 0.0640625 0.052734375
0 0.34296875 0.2998046875 0.0640625 0.052734375
0 0.315625 0.1669921875 0.0625 0.052734375
0 0.80625 0.501953125 0.0625 0.0546875
0 0.54765625 0.486328125 0.0453125 0.046875
0 0.225 0.263671875 0.0625 0.0546875
0 0.2671875 0.3388671875 0.0625 0.052734375
0 0.6078125 0.5048828125 0.0625 0.052734375
0 0.728125 0.541015625 0.0625 0.0546875
0 0.5921875 0.5625 0.0625 0.0546875
0 0.4890625 0.4677734375 0.0625 0.052734375
0 0.8421875 0.3857421875 0.0625 0.052734375
0 0.65 0.580078125 0.0625 0.0546875
0 0.47890625 0.2763671875 0.0640625 0.052734375
0 0.45625 0.58203125 0.0625 0.0546875
0 0.575 0.6181640625 0.0625 0.052734375
0 0.71875 0.349609375 0.0625 0.0546875
0 0.2578125 0.1494140625 0.0625 0.052734375
0 0.43359375 0.201171875 0.0640625 0.0546875
0 0.31015625 0.412109375 0.0640625 0.0546875
0 0.428125 0.4482421875 0.0625 0.052734375
0 0.49375 0.2158203125 0.0625 0.052734375
0 0.79140625 0.560546875 0.0640625 0.0546875
0 0.7359375 0.291015625 0.0625 0.0546875
0 0.37578125 0.18359375 0.0640625 0.0546875
0 0.5546875 0.2373046875 0.0625 0.052734375
0 0.71328125 0.5986328125 0.0640625 0.052734375
0 0.25234375 0.39453125 0.0640625 0.0546875
0 0.61484375 0.2548828125 0.0640625 0.052734375
0 0.796875 0.30859375 0.0625 0.0546875
0 0.675 0.2744140625 0.0625 0.052734375
0 0.73828125 0.734375 0.0640625 0.0546875
0 0.596875 0.3134765625 0.0625 0.052734375
0 0.146875 0.5478515625 0.0625 0.052734375
0 0.6171875 0.6962890625 0.0625 0.052734375
0 0.49921875 0.6572265625 0.0640625 0.052734375
0 0.2953125 0.4697265625 0.0625 0.052734375
0 0.3703125 0.431640625 0.0625 0.0546875
0 0.6953125 0.6572265625 0.0625 0.052734375
