0 0.77890625 0.57421875 0.0484375 0.0625
0 0.53046875 0.5947265625 0.0484375 0.060546875
0 0.58203125 0.62109375 0.0484375 0.0625
0 0.61484375 0.2041015625 0.0484375 0.060546875
0 0.82265625 0.4521484375 0.0484375 0.060546875
0 0.5765625 0.4716796875 0.046875 0.060546875
0 0.63203125 0.6455078125 0.0484375 0.060546875
0 0.53671875 0.7431640625 0.0484375 0.060546875
0 0.64453125 0.2900390625 0.0484375 0.060546875
0 0.73203125 0.697265625 0.0484375 0.0625
0 0.81484375 0.3046875 0.0484375 0.0625
0 0.59765625 0.4130859375 0.0484375 0.060546875
0 0.67109375 0.3759765625 0.0484375 0.060546875
0 0.50703125 0.6552734375 0.0484375 0.060546875
0 0.71484375 0.255859375 0.0484375 0.0625
0 0.56328125 0.83203125 0.0484375 0.0625
0 0.6265625 0.4990234375 0.046875 0.060546875
0 0.51328125 0.8046875 0.0484375 0.0625
0 0.4109375 0.7529296875 0.046875 0.060546875
0 0.74453125 0.341796875 0.0484375 0.0625
0 0.84453125 0.3935546875 0.0484375 0.060546875
0 0.57109375 0.32421875 0.0484375 0.0625
0 0.58671875 0.7685546875 0.0484375 0.060546875
0 0.49375 0.2138671875 0.046875 0.060546875
0 0.46328125 0.7802734375 0.0484375 0.060546875
0 0.6421875 0.947265625 0.046875 0.0625
0 0.59140625 0.919921875 0.0484375 0.0625
0 0.65390625 0.583984375 0.0484375 0.0625
0 0.28515625 0.7626953125 0.0484375 0.060546875
0 0.40703125 0.6044921875 0.0484375 0.060546875
0 0.55390625 0.533203125 0.0484375 0.0625
0 0.38828125 0.814453125 0.0484375 0.0625
0 0.69765625 0.4619140625 0.0484375 0.060546875
0 0.56484375 0.1796875 0.0484375 0.0625
0 0.6921875 0.3173828125 0.046875 0.060546875
0 0.38359375 0.6650390625 0.0484375 0.060546875
0 0.63828125 0.794921875 0.0484375 0.0625
0 0.49765625 0.361328125 0.0484375 0.0625
0 0.66484375 0.2314453125 0.0484375 0.060546875
0 0.62109375 0.3515625 0.0484375 0.0625
0 0.403125 0.45703125 0.046875 0.0625
0 0.59140625 0.265625 0.0484375 0.0625
0 0.48359375 0.716796875 0.0484375 0.0625
0 0.42421875 0.3955078125 0.0484375 0.060546875
0 0.44765625 0.3369140625 0.0484375 0.060546875
0 0.38046875 0.5185546875 0.0484375 0.060546875
0 0.53984375 0.8955078125 0.0484375 0.060546875
0 0.64921875 0.4375 0.0484375 0.0625
0 0.45078125 0.4814453125 0.0484375 0.060546875
0 0.77109375 0.427734375 0.0484375 0.0625
0 0.609375 0.70703125 0.046875 0.0625
0 0.68828125 0.822265625 0.0484375 0.0625
0 0.55859375 0.6796875 0.0484375 0.0625
0 0.33359375 0.640625 0.0484375 0.0625
0 0.48984375 0.8681640625 0.0484375 0.060546875
0 0.52421875 0.447265625 0.0484375 0.0625
0 0.43359375 0.689453125 0.0484375 0.0625
0 0.8 0.5126953125 0.046875 0.060546875
0 0.51640625 0.1552734375 0.0484375 0.060546875
0 0.50390625 0.5087890625 0.0484375 0.060546875
0 0.48046875 0.5693359375 0.0484375 0.060546875
0 0.43828125 0.841796875 0.0484375 0.0625
0 0.61484375 0.8583984375 0.0484375 0.060546875
0 0.54140625 0.2412109375 0.0484375 0.060546875
0 0.3375 0.7900390625 0.046875 0.060546875
0 0.76484375 0.2802734375 0.0484375 0.060546875
0 0.75 0.4892578125 0.046875 0.060546875
0 0.68203125 0.6728515625 0.0484375 0.060546875
0 0.66484375 0.8857421875 0.0484375 0.060546875
0 0.30859375 0.7021484375 0.0484375 0.060546875
0 0.70546875 0.611328125 0.0484375 0.0625
0 0.36015625 0.7265625 0.0484375 0.0625
0 0.45703125 0.630859375 0.0484375 0.0625
0 0.75546875 0.6357421875 0.0484375 0.060546875
0 0.60390625 0.5595703125 0.0484375 0.060546875
0 0.47109375 0.275390625 0.0484375 0.0625
0 0.35546875 0.5791015625 0.0484375 0.060546875
0 0.72890625 0.5498046875 0.0484375 0.060546875
0 0.71171875 0.7587890625 0.0484375 0.060546875
0 0.79453125 0.3662109375 0.0484375 0.060546875
0 0.67734375 0.5224609375 0.0484375 0.060546875
0 0.86796875 0.3291015625 0.0484375 0.060546875
0 0.659375 0.7333984375 0.046875 0.060546875
0 0.54921875 0.3857421875 0.0484375 0.060546875
0 0.52109375 0.2998046875 0.0484375 0.060546875
0 0.43046875 0.54296875 0.0484375 0.0625
0 0.72109375 0.4033203125 0.0484375 0.060546875
0 0.47578125 0.4228515625 0.0484375 0.060546875
