0 0.25078125 0.69140625 0.0703125 0.0546875
0 0.72109375 0.126953125 0.0703125 0.0546875
0 0.59296875 0.6845703125 0.0515625 0.044921875
0 0.45859375 0.6875 0.0703125 0.05078125
0 0.69609375 0.3515625 0.0671875 0.05078125
0 0.37265625 0.1826171875 0.0703125 0.052734375
0 0.28828125 0.35546875 0.0703125 0.0546875
0 0.5984375 0.62890625 0.06875 0.0546875
0 0.36953125 0.2392578125 0.0703125 0.052734375
0 0.6484375 0.1826171875 0.065625 0.052734375
0 0.2640625 0.5810546875 0.065625 0.052734375
0 0.29921875 0.2421875 0.0703125 0.0546875
0 0.65390625 0.126953125 0.0703125 0.0546875
0 0.27734375 0.4677734375 0.0703125 0.052734375
0 0.62421875 0.40625 0.0703125 0.0546875
0 0.36484375 0.2958984375 0.0703125 0.052734375
0 0.53203125 0.6318359375 0.0703125 0.052734375
0 0.63515625 0.2958984375 0.0703125 0.052734375
0 0.6296875 0.3525390625 0.065625 0.052734375
0 0.43203125 0.296875 0.0703125 0.05078125
0 0.38046875 0.125 0.0703125 0.05078125
0 0.35859375 0.3525390625 0.0703125 0.052734375
0 0.52421875 0.685546875 0.0703125 0.0546875
0 0.33984375 0.521484375 0.0703125 0.0546875
0 0.76796875 0.2958984375 0.0703125 0.052734375
0 0.34765625 0.4658203125 0.0703125 0.052734375
0 0.678125 0.5166015625 0.065625 0.052734375
0 0.61171875 0.5185546875 0.0671875 0.052734375
0 0.42109375 0.41015625 0.0703125 0.05078125
0 0.41015625 0.521484375 0.0703125 0.0546875
0 0.78125 0.1826171875 0.065625 0.052734375
0 0.70859375 0.2392578125 0.0703125 0.052734375
0 0.32890625 0.634765625 0.0703125 0.0546875
0 0.56171875 0.3525390625 0.0703125 0.052734375
0 0.66328125 0.6259765625 0.0671875 0.052734375
0 0.26953125 0.5244140625 0.0703125 0.052734375
0 0.44296875 0.1826171875 0.0703125 0.052734375
0 0.53515625 0.5751953125 0.0703125 0.052734375
0 0.68359375 0.462890625 0.0703125 0.0546875
0 0.57265625 0.2392578125 0.0703125 0.052734375
0 0.25859375 0.6376953125 0.0703125 0.052734375
0 0.54296875 0.5185546875 0.0703125 0.052734375
0 0.67265625 0.572265625 0.0703125 0.0546875
0 0.55078125 0.462890625 0.0703125 0.0546875
0 0.35078125 0.4091796875 0.0703125 0.052734375
0 0.46953125 0.5751953125 0.0703125 0.052734375
0 0.60546875 0.5751953125 0.0703125 0.052734375
0 0.49921875 0.298828125 0.0703125 0.0546875
0 0.70234375 0.2958984375 0.0703125 0.052734375
0 0.28203125 0.412109375 0.0671875 0.0546875
0 0.75390625 0.40625 0.0703125 0.0546875
0 0.64296875 0.2392578125 0.0703125 0.052734375
0 0.45078125 0.126953125 0.0703125 0.0546875
0 0.69140625 0.408203125 0.0703125 0.05078125
0 0.61640625 0.46484375 0.0703125 0.05078125
0 0.29453125 0.298828125 0.0703125 0.0546875
0 0.39140625 0.6884765625 0.0703125 0.052734375
0 0.47578125 0.521484375 0.0703125 0.0546875
0 0.71484375 0.1826171875 0.0671875 0.052734375
0 0.33203125 0.580078125 0.0703125 0.05078125
0 0.58515625 0.126953125 0.0671875 0.0546875
0 0.65703125 0.6826171875 0.0703125 0.052734375
0 0.55703125 0.4091796875 0.0703125 0.052734375
0 0.32109375 0.69140625 0.0703125 0.0546875
0 0.73515625 0.5693359375 0.0703125 0.052734375
0 0.56484375 0.2958984375 0.0703125 0.052734375
0 0.46171875 0.6318359375 0.0703125 0.052734375
0 0.39453125 0.634765625 0.0703125 0.0546875
0 0.77578125 0.2392578125 0.0703125 0.052734375
0 0.42890625 0.353515625 0.0703125 0.05078125
0 0.40234375 0.578125 0.0703125 0.0546875
0 0.43515625 0.240234375 0.0703125 0.05078125
0 0.30703125 0.1826171875 0.0703125 0.052734375
0 0.51328125 0.185546875 0.0703125 0.0546875
0 0.49453125 0.35546875 0.0703125 0.0546875
0 0.4875 0.4091796875 0.06875 0.052734375
0 0.48046875 0.4658203125 0.0703125 0.052734375
0 0.50546875 0.2421875 0.0703125 0.0546875
0 0.7484375 0.462890625 0.065625 0.0546875
0 0.72421875 0.6796875 0.0703125 0.0546875
0 0.76171875 0.3515625 0.0703125 0.05078125
0 0.7296875 0.6259765625 0.065625 0.052734375
0 0.41328125 0.466796875 0.0703125 0.05078125
0 0.31015625 0.126953125 0.0703125 0.0546875
0 0.74296875 0.5166015625 0.0703125 0.052734375
0 0.58046875 0.1826171875 0.0703125 0.052734375
0 0.51875 0.126953125 0.065625 0.0546875
0 0.78671875 0.126953125 0.0703125 0.0546875
