0 0.66171875 0.6591796875 0.0390625 0.048828125
0 0.57421875 0.6103515625 0.0390625 0.048828125
0 0.61796875 0.6103515625 0.0390625 0.048828125
0 0.49140625 0.3642578125 0.0390625 0.048828125
0 0.61796875 0.4091796875 0.0390625 0.048828125
0 0.48828125 0.5634765625 0.0390625 0.048828125
0 0.36171875 0.5185546875 0.0390625 0.048828125
0 0.36328125 0.4677734375 0.0390625 0.048828125
0 0.57578125 0.4599609375 0.0390625 0.048828125
0 0.66015625 0.4580078125 0.0390625 0.048828125
0 0.40390625 0.5673828125 0.0390625 0.048828125
0 0.70390625 0.3544921875 0.0390625 0.048828125
0 0.57421875 0.6630859375 0.0390625 0.048828125
0 0.70390625 0.6064453125 0.0390625 0.048828125
0 0.44921875 0.3154296875 0.0390625 0.048828125
0 0.66015625 0.4072265625 0.0390625 0.048828125
0 0.53203125 0.6123046875 0.0390625 0.048828125
0 0.70390625 0.4052734375 0.0390625 0.048828125
0 0.61796875 0.5595703125 0.0390625 0.048828125
0 0.78984375 0.5029296875 0.0390625 0.048828125
0 0.57578125 0.4111328125 0.0390625 0.048828125
0 0.53359375 0.3134765625 0.0390625 0.048828125
0 0.44609375 0.5654296875 0.0390625 0.048828125
0 0.57421875 0.5595703125 0.0390625 0.048828125
0 0.57578125 0.3603515625 0.0390625 0.048828125
0 0.40546875 0.4677734375 0.0390625 0.048828125
0 0.36328125 0.4189453125 0.0390625 0.048828125
0 0.70390625 0.5068359375 0.0390625 0.048828125
0 0.66015625 0.6083984375 0.0390625 0.048828125
0 0.36328125 0.3701171875 0.0390625 0.048828125
0 0.74765625 0.4541015625 0.0390625 0.048828125
0 0.44765625 0.4658203125 0.0390625 0.048828125
0 0.78984375 0.3017578125 0.0390625 0.048828125
0 0.66015625 0.3564453125 0.0390625 0.048828125
0 0.48984375 0.4638671875 0.0390625 0.048828125
0 0.40390625 0.6669921875 0.0390625 0.048828125
0 0.48984375 0.5126953125 0.0390625 0.048828125
0 0.40546875 0.4169921875 0.0390625 0.048828125
0 0.57578125 0.3115234375 0.0390625 0.048828125
0 0.53203125 0.5615234375 0.0390625 0.048828125
0 0.74765625 0.6572265625 0.0390625 0.048828125
0 0.44609375 0.5146484375 0.0390625 0.048828125
0 0.61796875 0.5087890625 0.0390625 0.048828125
0 0.74765625 0.5048828125 0.0390625 0.048828125
0 0.44609375 0.6162109375 0.0390625 0.048828125
0 0.57421875 0.5107421875 0.0390625 0.048828125
0 0.79140625 0.6044921875 0.0390625 0.048828125
0 0.70390625 0.4560546875 0.0390625 0.048828125
0 0.48828125 0.6650390625 0.0390625 0.048828125
0 0.36015625 0.6689453125 0.0390625 0.048828125
0 0.36171875 0.5693359375 0.0390625 0.048828125
0 0.48828125 0.6142578125 0.0390625 0.048828125
0 0.70390625 0.6572265625 0.0390625 0.048828125
0 0.66015625 0.5576171875 0.0390625 0.048828125
0 0.36015625 0.6201171875 0.0390625 0.048828125
0 0.44765625 0.4150390625 0.0390625 0.048828125
0 0.70390625 0.5556640625 0.0390625 0.048828125
0 0.66015625 0.3076171875 0.0390625 0.048828125
0 0.79140625 0.6552734375 0.0390625 0.048828125
0 0.78984375 0.4013671875 0.0390625 0.048828125
0 0.70390625 0.3056640625 0.0390625 0.048828125
0 0.61796875 0.4580078125 0.0390625 0.048828125
0 0.79140625 0.5537109375 0.0390625 0.048828125
0 0.61796875 0.6611328125 0.0390625 0.048828125
0 0.40390625 0.5166015625 0.0390625 0.048828125
0 0.40546875 0.3681640625 0.0390625 0.048828125
0 0.74765625 0.5537109375 0.0390625 0.048828125
0 0.53203125 0.5126953125 0.0390625 0.048828125
0 0.74765625 0.6064453125 0.0390625 0.048828125
0 0.40390625 0.6181640625 0.0390625 0.048828125
0 0.78984375 0.4521484375 0.0390625 0.048828125
0 0.78984375 0.3525390625 0.0390625 0.048828125
0 0.44765625 0.3662109375 0.0390625 0.048828125
0 0.74609375 0.4033203125 0.0390625 0.048828125
0 0.66015625 0.5068359375 0.0390625 0.048828125
0 0.61796875 0.3095703125 0.0390625 0.048828125
0 0.44609375 0.6669921875 0.0390625 0.048828125
0 0.36484375 0.3193359375 0.0390625 0.048828125
0 0.53203125 0.4130859375 0.0390625 0.048828125
0 0.61796875 0.3583984375 0.0390625 0.048828125
0 0.48984375 0.4130859375 0.0390625 0.048828125
0 0.53359375 0.3623046875 0.0390625 0.048828125
0 0.49140625 0.3154296875 0.0390625 0.048828125
0 0.74609375 0.3544921875 0.0390625 0.048828125
0 0.53203125 0.6630859375 0.0390625 0.048828125
0 0.40703125 0.3173828125 0.0390625 0.048828125
0 0.53203125 0.4619140625 0.0390625 0.048828125
0 0.74609375 0.3037109375 0.0390625 0.048828125
