0 0.17734375 0.41796875 0.0546875 0.07421875
0 0.69609375 0.357421875 0.0515625 0.0703125
0 0.37421875 0.4853515625 0.0515625 0.068359375
0 0.56484375 0.734375 0.0546875 0.07421875
0 0.17578125 0.6015625 0.0515625 0.0703125
0 0.56953125 0.37109375 0.0515625 0.07421875
0 0.24375 0.5029296875 0.053125 0.072265625
0 0.75859375 0.4404296875 0.0546875 0.072265625
0 0.11015625 0.328125 0.0515625 0.07421875
0 0.43671875 0.75 0.0546875 0.07421875
0 0.24296875 0.6845703125 0.0515625 0.072265625
0 0.31171875 0.40234375 0.0515625 0.07421875
0 0.75546875 0.62109375 0.0546875 0.0703125
0 0.37265625 0.6708984375 0.0546875 0.068359375
0 0.17421875 0.787109375 0.0546875 0.0703125
0 0.50078125 0.654296875 0.0515625 0.07421875
0 0.37109375 0.8515625 0.0515625 0.07421875
0 0.63203125 0.546875 0.0546875 0.0703125
0 0.10859375 0.7021484375 0.0546875 0.068359375
0 0.69140625 0.630859375 0.0546875 0.07421875
0 0.63203125 0.4580078125 0.0546875 0.068359375
0 0.31015625 0.4951171875 0.0546875 0.072265625
0 0.30859375 0.6767578125 0.0515625 0.072265625
0 0.37421875 0.392578125 0.0515625 0.0703125
0 0.50546875 0.4716796875 0.0546875 0.072265625
0 0.24453125 0.314453125 0.0515625 0.0703125
0 0.24296875 0.595703125 0.0515625 0.07421875
0 0.37109375 0.759765625 0.0515625 0.0703125
0 0.30859375 0.76953125 0.0515625 0.07421875
0 0.68984375 0.7216796875 0.0546875 0.068359375
0 0.44140625 0.388671875 0.0546875 0.0703125
0 0.69296875 0.541015625 0.0515625 0.07421875
0 0.62890625 0.638671875 0.0546875 0.07421875
0 0.50703125 0.2890625 0.0515625 0.07421875
0 0.10859375 0.794921875 0.0546875 0.0703125
0 0.75078125 0.80078125 0.0515625 0.07421875
0 0.63515625 0.2724609375 0.0546875 0.068359375
0 0.50546875 0.3828125 0.0546875 0.07421875
0 0.11171875 0.421875 0.0546875 0.07421875
0 0.31171875 0.306640625 0.0515625 0.0703125
0 0.43828125 0.5703125 0.0515625 0.0703125
0 0.17890625 0.3203125 0.0515625 0.07421875
0 0.10859375 0.8857421875 0.0546875 0.072265625
0 0.69609375 0.4482421875 0.0515625 0.072265625
0 0.31015625 0.5859375 0.0546875 0.0703125
0 0.56484375 0.64453125 0.0546875 0.0703125
0 0.17734375 0.5078125 0.0546875 0.0703125
0 0.49921875 0.833984375 0.0546875 0.0703125
0 0.11015625 0.2333984375 0.0515625 0.068359375
0 0.44140625 0.201171875 0.0546875 0.07421875
0 0.37265625 0.578125 0.0546875 0.0703125
0 0.37734375 0.302734375 0.0515625 0.0703125
0 0.56640625 0.5546875 0.0515625 0.0703125
0 0.24140625 0.87109375 0.0546875 0.07421875
0 0.56953125 0.4638671875 0.0515625 0.072265625
0 0.68984375 0.80859375 0.0546875 0.07421875
0 0.50078125 0.744140625 0.0515625 0.0703125
0 0.62734375 0.7275390625 0.0515625 0.072265625
0 0.11015625 0.515625 0.0515625 0.0703125
0 0.57421875 0.189453125 0.0546875 0.07421875
0 0.7609375 0.3515625 0.053125 0.07421875
0 0.76171875 0.2587890625 0.0515625 0.072265625
0 0.24375 0.41015625 0.053125 0.07421875
0 0.62578125 0.818359375 0.0546875 0.0703125
0 0.24140625 0.77734375 0.0546875 0.07421875
0 0.37890625 0.2080078125 0.0546875 0.072265625
0 0.17578125 0.6943359375 0.0515625 0.068359375
0 0.31328125 0.2138671875 0.0546875 0.068359375
0 0.51015625 0.193359375 0.0515625 0.07421875
0 0.17890625 0.2294921875 0.0515625 0.068359375
0 0.43671875 0.84375 0.0546875 0.07421875
0 0.50390625 0.560546875 0.0515625 0.07421875
0 0.63515625 0.365234375 0.0546875 0.0703125
0 0.75390625 0.7119140625 0.0515625 0.072265625
0 0.56328125 0.82421875 0.0546875 0.07421875
0 0.440625 0.4794921875 0.053125 0.072265625
0 0.44140625 0.294921875 0.0546875 0.0703125
0 0.43828125 0.6611328125 0.0515625 0.072265625
0 0.24453125 0.2216796875 0.0515625 0.068359375
0 0.70234375 0.17578125 0.0515625 0.0703125
0 0.69921875 0.2666015625 0.0515625 0.072265625
0 0.17421875 0.876953125 0.0546875 0.0703125
0 0.76484375 0.169921875 0.0515625 0.07421875
0 0.30546875 0.861328125 0.0515625 0.0703125
0 0.63671875 0.18359375 0.0546875 0.0703125
0 0.57265625 0.28125 0.0515625 0.07421875
0 0.75859375 0.53125 0.0546875 0.0703125
0 0.11015625 0.609375 0.0515625 0.0703125
