0 0.28125 0.28125 0.05625 0.05078125
0 0.05 0.33984375 0.05625 0.0546875
0 0.253125 0.40625 0.059375 0.0546875
0 0.45625 0.23828125 0.059375 0.0546875
0 0.4859375 0.349609375 0.059375 0.0546875
0 0.53125 0.755859375 0.059375 0.0546875
0 0.5 0.64453125 0.05625 0.05078125
0 0.28203125 0.5166015625 0.0578125 0.052734375
0 0.2390625 0.822265625 0.05625 0.0546875
0 0.1078125 0.326171875 0.059375 0.0546875
0 0.19609375 0.658203125 0.0578125 0.05078125
0 0.4703125 0.533203125 0.05625 0.05078125
0 0.26875 0.6982421875 0.05625 0.052734375
0 0.3109375 0.3935546875 0.05625 0.052734375
0 0.2234375 0.296875 0.059375 0.05078125
0 0.4421875 0.658203125 0.059375 0.05078125
0 0.5140625 0.462890625 0.05625 0.05078125
0 0.4265625 0.3662109375 0.059375 0.052734375
0 0.3265625 0.6845703125 0.059375 0.052734375
0 0.109375 0.5615234375 0.05625 0.052734375
0 0.471875 0.76953125 0.059375 0.0546875
0 0.296875 0.5751953125 0.059375 0.052734375
0 0.384375 0.6708984375 0.05625 0.052734375
0 0.3390625 0.267578125 0.059375 0.05078125
0 0.528125 0.517578125 0.059375 0.0546875
0 0.0796875 0.44921875 0.05625 0.05078125
0 0.4265625 0.603515625 0.059375 0.05078125
0 0.225 0.53125 0.05625 0.0546875
0 0.325 0.4501953125 0.05625 0.052734375
0 0.3546875 0.560546875 0.05625 0.05078125
0 0.1953125 0.419921875 0.05625 0.0546875
0 0.225 0.767578125 0.05625 0.0546875
0 0.2390625 0.587890625 0.05625 0.0546875
0 0.2109375 0.7109375 0.059375 0.0546875
0 0.2515625 0.64453125 0.05625 0.05078125
0 0.121875 0.380859375 0.059375 0.05078125
0 0.4265625 0.837890625 0.059375 0.0546875
0 0.4125 0.783203125 0.059375 0.0546875
0 0.2375 0.3515625 0.059375 0.05078125
0 0.165625 0.310546875 0.05625 0.05078125
0 0.36796875 0.3798828125 0.0578125 0.052734375
0 0.36875 0.8515625 0.05625 0.0546875
0 0.45625 0.4765625 0.059375 0.05078125
0 0.2921875 0.337890625 0.05625 0.05078125
0 0.4125 0.546875 0.059375 0.05078125
0 0.33984375 0.50390625 0.0578125 0.0546875
0 0.121875 0.615234375 0.059375 0.0546875
0 0.396875 0.251953125 0.05625 0.0546875
0 0.440625 0.419921875 0.05625 0.0546875
0 0.1375 0.6708984375 0.059375 0.052734375
0 0.3546875 0.796875 0.05625 0.0546875
0 0.1515625 0.4912109375 0.059375 0.052734375
0 0.39765625 0.490234375 0.0578125 0.05078125
0 0.5015625 0.4052734375 0.059375 0.052734375
0 0.2671875 0.4609375 0.059375 0.0546875
0 0.36875 0.6171875 0.05625 0.05078125
0 0.1671875 0.544921875 0.059375 0.0546875
0 0.559375 0.630859375 0.05625 0.05078125
0 0.19609375 0.892578125 0.0578125 0.0546875
0 0.5140625 0.69921875 0.05625 0.0546875
0 0.5890625 0.7431640625 0.05625 0.052734375
0 0.153125 0.724609375 0.05625 0.0546875
0 0.1671875 0.78125 0.059375 0.0546875
0 0.5453125 0.810546875 0.059375 0.0546875
0 0.353125 0.322265625 0.059375 0.0546875
0 0.178125 0.6015625 0.059375 0.0546875
0 0.296875 0.810546875 0.059375 0.0546875
0 0.3984375 0.7265625 0.05625 0.0546875
0 0.1796875 0.365234375 0.05625 0.05078125
0 0.45625 0.712890625 0.059375 0.0546875
0 0.484375 0.5869140625 0.05625 0.052734375
0 0.309375 0.630859375 0.059375 0.05078125
0 0.471875 0.2958984375 0.059375 0.052734375
0 0.209375 0.4775390625 0.05625 0.052734375
0 0.31171875 0.865234375 0.0578125 0.0546875
0 0.4109375 0.3095703125 0.05625 0.052734375
0 0.4875 0.82421875 0.05625 0.0546875
0 0.1375 0.435546875 0.059375 0.05078125
0 0.3828125 0.43359375 0.059375 0.0546875
0 0.2828125 0.75390625 0.05625 0.0546875
0 0.25390625 0.87890625 0.0578125 0.0546875
0 0.60625 0.796875 0.05625 0.0546875
0 0.090625 0.50390625 0.05625 0.0546875
0 0.5421875 0.57421875 0.059375 0.05078125
0 0.340625 0.740234375 0.059375 0.0546875
0 0.18125 0.837890625 0.059375 0.0546875
0 0.5734375 0.685546875 0.05625 0.0546875
0 0.0640625 0.39453125 0.05625 0.05078125
