0 0.7328125 0.462890625 0.065625 0.0625
0 0.51875 0.3271484375 0.065625 0.060546875
0 0.5984375 0.1298828125 0.065625 0.060546875
0 0.6640625 0.330078125 0.065625 0.0625
0 0.584375 0.52734375 0.065625 0.0625
0 0.6578125 0.462890625 0.065625 0.0625
0 0.80625 0.46484375 0.065625 0.0625
0 0.8109375 0.265625 0.065625 0.0625
0 0.4375 0.5244140625 0.065625 0.060546875
0 0.7296875 0.595703125 0.065625 0.0625
0 0.21875 0.521484375 0.065625 0.0625
0 0.740625 0.265625 0.065625 0.0625
0 0.7296875 0.529296875 0.065625 0.0625
0 0.2265625 0.388671875 0.065625 0.0625
0 0.453125 0.1279296875 0.065625 0.060546875
0 0.16640625 0.123046875 0.0671875 0.0625
0 0.66640625 0.263671875 0.0671875 0.0625
0 0.81640625 0.1328125 0.0671875 0.0625
0 0.37421875 0.3251953125 0.0671875 0.060546875
0 0.2921875 0.521484375 0.065625 0.0625
0 0.5828125 0.59375 0.065625 0.0625
0 0.3109375 0.125 0.065625 0.0625
0 0.5875 0.4599609375 0.065625 0.060546875
0 0.153125 0.38671875 0.065625 0.0625
0 0.22421875 0.455078125 0.0671875 0.0625
0 0.66875 0.197265625 0.065625 0.0625
0 0.5140625 0.4599609375 0.065625 0.060546875
0 0.290625 0.5888671875 0.065625 0.060546875
0 0.8140625 0.19921875 0.065625 0.0625
0 0.8796875 0.4677734375 0.065625 0.060546875
0 0.1421875 0.5859375 0.065625 0.0625
0 0.1640625 0.189453125 0.065625 0.0625
0 0.5953125 0.263671875 0.065625 0.0625
0 0.8078125 0.3984375 0.065625 0.0625
0 0.7375 0.330078125 0.065625 0.0625
0 0.521875 0.2607421875 0.065625 0.060546875
0 0.2296875 0.322265625 0.065625 0.0625
0 0.1484375 0.51953125 0.065625 0.0625
0 0.5109375 0.52734375 0.065625 0.0625
0 0.303125 0.322265625 0.065625 0.0625
0 0.234375 0.189453125 0.065625 0.0625
0 0.36640625 0.5244140625 0.0671875 0.060546875
0 0.3078125 0.19140625 0.065625 0.0625
0 0.434375 0.5908203125 0.065625 0.060546875
0 0.8 0.5986328125 0.065625 0.060546875
0 0.671875 0.1298828125 0.065625 0.060546875
0 0.45 0.2587890625 0.065625 0.060546875
0 0.6609375 0.396484375 0.065625 0.0625
0 0.36875 0.4580078125 0.065625 0.060546875
0 0.371875 0.3916015625 0.065625 0.060546875
0 0.4421875 0.4580078125 0.065625 0.060546875
0 0.884375 0.2685546875 0.065625 0.060546875
0 0.21640625 0.5888671875 0.0671875 0.060546875
0 0.30625 0.2587890625 0.065625 0.060546875
0 0.8828125 0.33203125 0.065625 0.0625
0 0.734375 0.396484375 0.065625 0.0625
0 0.15625 0.3203125 0.065625 0.0625
0 0.1609375 0.255859375 0.065625 0.0625
0 0.51640625 0.3935546875 0.0671875 0.060546875
0 0.7453125 0.1328125 0.065625 0.0625
0 0.3796875 0.19140625 0.065625 0.0625
0 0.52421875 0.1943359375 0.0671875 0.060546875
0 0.87421875 0.6005859375 0.0671875 0.060546875
0 0.8109375 0.33203125 0.065625 0.0625
0 0.5265625 0.1298828125 0.065625 0.060546875
0 0.453125 0.1943359375 0.065625 0.060546875
0 0.5984375 0.197265625 0.065625 0.0625
0 0.8796875 0.4013671875 0.065625 0.060546875
0 0.2375 0.125 0.065625 0.0625
0 0.3765625 0.2587890625 0.065625 0.060546875
0 0.8765625 0.5341796875 0.065625 0.060546875
0 0.590625 0.3935546875 0.065625 0.060546875
0 0.4453125 0.3251953125 0.065625 0.060546875
0 0.8875 0.2021484375 0.065625 0.060546875
0 0.5921875 0.3271484375 0.065625 0.060546875
0 0.6578125 0.529296875 0.065625 0.0625
0 0.5078125 0.59375 0.065625 0.0625
0 0.3 0.388671875 0.065625 0.0625
0 0.65625 0.595703125 0.065625 0.0625
0 0.4453125 0.3916015625 0.065625 0.060546875
0 0.3640625 0.5908203125 0.065625 0.060546875
0 0.7421875 0.19921875 0.065625 0.0625
0 0.3828125 0.125 0.065625 0.0625
0 0.2328125 0.255859375 0.065625 0.0625
0 0.2953125 0.455078125 0.065625 0.0625
0 0.15 0.453125 0.065625 0.0625
0 0.803125 0.5322265625 0.065625 0.060546875
0 0.890625 0.134765625 0.065625 0.0625
