0 0.52109375 0.6875 0.0609375 0.0625
0 0.371875 0.3623046875 0.059375 0.064453125
0 0.6125 0.5703125 0.059375 0.0625
0 0.7015625 0.30078125 0.059375 0.0625
0 0.45859375 0.712890625 0.0609375 0.0625
0 0.52109375 0.3740234375 0.0609375 0.064453125
0 0.5234375 0.2216796875 0.059375 0.064453125
0 0.3453125 0.142578125 0.059375 0.0625
0 0.51875 0.8447265625 0.059375 0.064453125
0 0.55 0.75390625 0.059375 0.0625
0 0.67265625 0.3896484375 0.0609375 0.064453125
0 0.67265625 0.2373046875 0.0609375 0.064453125
0 0.225 0.19140625 0.059375 0.0625
0 0.5546875 0.1328125 0.059375 0.0625
0 0.25390625 0.2578125 0.0609375 0.0625
0 0.76171875 0.7412109375 0.0609375 0.064453125
0 0.4921875 0.310546875 0.059375 0.0625
0 0.340625 0.451171875 0.059375 0.0625
0 0.790625 0.6513671875 0.059375 0.064453125
0 0.434375 0.1806640625 0.059375 0.064453125
0 0.48984375 0.62109375 0.0609375 0.0625
0 0.6703125 0.7001953125 0.059375 0.064453125
0 0.52109375 0.5302734375 0.0609375 0.064453125
0 0.73046875 0.51953125 0.0609375 0.0625
0 0.6390625 0.7919921875 0.059375 0.064453125
0 0.64375 0.173828125 0.059375 0.0625
0 0.36953125 0.5166015625 0.0609375 0.064453125
0 0.69921875 0.6083984375 0.0609375 0.064453125
0 0.2828125 0.3212890625 0.059375 0.064453125
0 0.64140625 0.4814453125 0.0609375 0.064453125
0 0.46328125 0.091796875 0.0609375 0.0625
0 0.403125 0.2705078125 0.059375 0.064453125
0 0.6125 0.2626953125 0.059375 0.064453125
0 0.40546875 0.1171875 0.0609375 0.0625
0 0.46328125 0.3994140625 0.0609375 0.064453125
0 0.40078125 0.5810546875 0.0609375 0.064453125
0 0.4609375 0.5556640625 0.059375 0.064453125
0 0.6703125 0.544921875 0.059375 0.0625
0 0.64140625 0.63671875 0.0609375 0.0625
0 0.790625 0.494140625 0.059375 0.0625
0 0.88125 0.6904296875 0.059375 0.064453125
0 0.43203125 0.4912109375 0.0609375 0.064453125
0 0.2515625 0.4130859375 0.059375 0.064453125
0 0.48984375 0.779296875 0.0609375 0.0625
0 0.5234375 0.0693359375 0.059375 0.064453125
0 0.85 0.6240234375 0.059375 0.064453125
0 0.309375 0.5419921875 0.059375 0.064453125
0 0.55234375 0.4404296875 0.0609375 0.064453125
0 0.58125 0.50390625 0.059375 0.0625
0 0.73046875 0.6748046875 0.0609375 0.064453125
0 0.821875 0.560546875 0.059375 0.0625
0 0.58125 0.3515625 0.059375 0.0625
0 0.57890625 0.8193359375 0.0609375 0.064453125
0 0.28046875 0.4765625 0.0609375 0.0625
0 0.40078125 0.42578125 0.0609375 0.0625
0 0.45625 0.873046875 0.059375 0.0625
0 0.76171875 0.4306640625 0.0609375 0.064453125
0 0.58359375 0.19921875 0.0609375 0.0625
0 0.3671875 0.671875 0.059375 0.0625
0 0.58125 0.662109375 0.059375 0.0625
0 0.7015625 0.7666015625 0.059375 0.064453125
0 0.7015625 0.4560546875 0.059375 0.064453125
0 0.6125 0.107421875 0.059375 0.0625
0 0.4296875 0.646484375 0.059375 0.0625
0 0.42734375 0.8076171875 0.0609375 0.064453125
0 0.3140625 0.232421875 0.059375 0.0625
0 0.46328125 0.2470703125 0.0609375 0.064453125
0 0.64375 0.326171875 0.059375 0.0625
0 0.19140625 0.2802734375 0.0609375 0.064453125
0 0.37421875 0.2060546875 0.0609375 0.064453125
0 0.5859375 0.0458984375 0.059375 0.064453125
0 0.34296875 0.2958984375 0.0609375 0.064453125
0 0.55 0.595703125 0.059375 0.0625
0 0.2828125 0.166015625 0.059375 0.0625
0 0.434375 0.3359375 0.059375 0.0625
0 0.31171875 0.3876953125 0.0609375 0.064453125
0 0.22265625 0.3466796875 0.0609375 0.064453125
0 0.6125 0.4150390625 0.059375 0.064453125
0 0.1625 0.216796875 0.059375 0.0625
0 0.61015625 0.728515625 0.0609375 0.0625
0 0.49453125 0.158203125 0.0609375 0.0625
0 0.759375 0.5830078125 0.059375 0.064453125
0 0.4921875 0.4658203125 0.059375 0.064453125
0 0.821875 0.7158203125 0.059375 0.064453125
0 0.3984375 0.73828125 0.059375 0.0625
0 0.5546875 0.28515625 0.059375 0.0625
0 0.33828125 0.6083984375 0.0609375 0.064453125
0 0.7328125 0.3642578125 0.059375 0.064453125
