0 0.42578125 0.6279296875 0.0453125 0.056640625
0 0.57890625 0.5732421875 0.0453125 0.056640625
0 0.5265625 0.7470703125 0.046875 0.056640625
0 0.32421875 0.6220703125 0.0453125 0.056640625
0 0.57890625 0.5146484375 0.0453125 0.056640625
0 0.42734375 0.3916015625 0.0453125 0.056640625
0 0.32578125 0.3896484375 0.0453125 0.056640625
0 0.37578125 0.3330078125 0.0453125 0.056640625
0 0.678125 0.6923828125 0.046875 0.056640625
0 0.57890625 0.3408203125 0.0453125 0.056640625
0 0.628125 0.5166015625 0.046875 0.056640625
0 0.5265625 0.4541015625 0.046875 0.056640625
0 0.16875 0.6787109375 0.046875 0.056640625
0 0.5265625 0.5126953125 0.046875 0.056640625
0 0.22265625 0.5029296875 0.0453125 0.056640625
0 0.22265625 0.4443359375 0.0453125 0.056640625
0 0.32578125 0.5048828125 0.0453125 0.056640625
0 0.47734375 0.6279296875 0.0453125 0.056640625
0 0.678125 0.5185546875 0.046875 0.056640625
0 0.628125 0.7509765625 0.046875 0.056640625
0 0.17265625 0.4423828125 0.0453125 0.056640625
0 0.42734375 0.3359375 0.0453125 0.0546875
0 0.2203125 0.6787109375 0.046875 0.056640625
0 0.2203125 0.6201171875 0.046875 0.056640625
0 0.57890625 0.6904296875 0.0453125 0.056640625
0 0.678125 0.4013671875 0.046875 0.056640625
0 0.5765625 0.4560546875 0.046875 0.056640625
0 0.47734375 0.568359375 0.0453125 0.0546875
0 0.22421875 0.3857421875 0.0453125 0.056640625
0 0.42578125 0.568359375 0.0453125 0.0546875
0 0.47734375 0.3388671875 0.0453125 0.056640625
0 0.27421875 0.5634765625 0.0453125 0.056640625
0 0.32421875 0.5634765625 0.0453125 0.056640625
0 0.37578125 0.5654296875 0.0453125 0.056640625
0 0.678125 0.4599609375 0.046875 0.056640625
0 0.5265625 0.3974609375 0.046875 0.056640625
0 0.5265625 0.6884765625 0.046875 0.056640625
0 0.27421875 0.4462890625 0.0453125 0.056640625
0 0.17265625 0.3857421875 0.0453125 0.056640625
0 0.42734375 0.509765625 0.0453125 0.0546875
0 0.32578125 0.3310546875 0.0453125 0.056640625
0 0.42578125 0.7451171875 0.0453125 0.056640625
0 0.5265625 0.5712890625 0.046875 0.056640625
0 0.678125 0.5751953125 0.046875 0.056640625
0 0.678125 0.7509765625 0.046875 0.056640625
0 0.57890625 0.3994140625 0.0453125 0.056640625
0 0.678125 0.6337890625 0.046875 0.056640625
0 0.47734375 0.509765625 0.0453125 0.0546875
0 0.5265625 0.3388671875 0.046875 0.056640625
0 0.628125 0.6923828125 0.046875 0.056640625
0 0.5765625 0.7490234375 0.046875 0.056640625
0 0.22265625 0.5615234375 0.0453125 0.056640625
0 0.32421875 0.6806640625 0.0453125 0.056640625
0 0.21875 0.7392578125 0.046875 0.056640625
0 0.27421875 0.3876953125 0.0453125 0.056640625
0 0.16875 0.6181640625 0.046875 0.056640625
0 0.32578125 0.4462890625 0.0453125 0.056640625
0 0.628125 0.4013671875 0.046875 0.056640625
0 0.42578125 0.6865234375 0.0453125 0.056640625
0 0.42734375 0.4501953125 0.0453125 0.056640625
0 0.5265625 0.6298828125 0.046875 0.056640625
0 0.321875 0.7421875 0.046875 0.0546875
0 0.475 0.7470703125 0.046875 0.056640625
0 0.27578125 0.3291015625 0.0453125 0.056640625
0 0.628125 0.4580078125 0.046875 0.056640625
0 0.57890625 0.6318359375 0.0453125 0.056640625
0 0.3734375 0.68359375 0.046875 0.0546875
0 0.17421875 0.3271484375 0.0453125 0.056640625
0 0.17109375 0.5009765625 0.0453125 0.056640625
0 0.27265625 0.6220703125 0.0453125 0.056640625
0 0.47734375 0.6865234375 0.0453125 0.056640625
0 0.27265625 0.6806640625 0.0453125 0.056640625
0 0.628125 0.6318359375 0.046875 0.056640625
0 0.37578125 0.6240234375 0.0453125 0.056640625
0 0.47734375 0.4541015625 0.0453125 0.056640625
0 0.628125 0.5732421875 0.046875 0.056640625
0 0.47734375 0.39453125 0.0453125 0.0546875
0 0.628125 0.3427734375 0.046875 0.056640625
0 0.17109375 0.5595703125 0.0453125 0.056640625
0 0.27421875 0.5048828125 0.0453125 0.056640625
0 0.37578125 0.3916015625 0.0453125 0.056640625
0 0.22421875 0.3271484375 0.0453125 0.056640625
0 0.27265625 0.7392578125 0.0453125 0.056640625
0 0.3734375 0.7421875 0.046875 0.0546875
0 0.37578125 0.5068359375 0.0453125 0.056640625
0 0.37578125 0.4482421875 0.0453125 0.056640625
0 0.1671875 0.7373046875 0.046875 0.056640625
0 0.678125 0.3447265625 0.046875 0.056640625
