0 0.4484375 0.3857421875 0.053125 0.052734375
0 0.565625 0.65625 0.053125 0.0546875
0 0.36640625 0.4765625 0.0546875 0.0546875
0 0.28359375 0.6904296875 0.0546875 0.056640625
0 0.503125 0.3681640625 0.053125 0.056640625
0 0.43984375 0.6376953125 0.0546875 0.052734375
0 0.4328125 0.76171875 0.053125 0.0546875
0 0.58203125 0.833984375 0.0546875 0.0546875
0 0.45546875 0.2587890625 0.0546875 0.052734375
0 0.42578125 0.3310546875 0.0546875 0.052734375
0 0.31015625 0.6201171875 0.0546875 0.052734375
0 0.30546875 0.7431640625 0.0515625 0.056640625
0 0.6875 0.80078125 0.053125 0.0546875
0 0.403125 0.8330078125 0.053125 0.052734375
0 0.6640625 0.7470703125 0.053125 0.052734375
0 0.2453125 0.3310546875 0.053125 0.052734375
0 0.4625 0.69140625 0.053125 0.0546875
0 0.5953125 0.5849609375 0.053125 0.052734375
0 0.2171875 0.40234375 0.053125 0.0546875
0 0.50703125 0.7998046875 0.0515625 0.052734375
0 0.4734375 0.4404296875 0.053125 0.056640625
0 0.32109375 0.3681640625 0.0515625 0.056640625
0 0.44453125 0.5126953125 0.0515625 0.052734375
0 0.2640625 0.5107421875 0.053125 0.052734375
0 0.35 0.2958984375 0.053125 0.056640625
0 0.32890625 0.7958984375 0.0515625 0.056640625
0 0.5734375 0.5302734375 0.053125 0.052734375
0 0.29375 0.44140625 0.053125 0.0546875
0 0.64140625 0.6943359375 0.0546875 0.052734375
0 0.33984375 0.5478515625 0.0546875 0.052734375
0 0.4796875 0.87109375 0.053125 0.0546875
0 0.5359375 0.728515625 0.053125 0.0546875
0 0.3578125 0.7255859375 0.053125 0.052734375
0 0.53046875 0.8525390625 0.0515625 0.052734375
0 0.4890625 0.62109375 0.053125 0.0546875
0 0.5484375 0.4775390625 0.053125 0.052734375
0 0.4953125 0.49609375 0.053125 0.0546875
0 0.3171875 0.4951171875 0.053125 0.052734375
0 0.34453125 0.4208984375 0.0515625 0.056640625
0 0.2125 0.529296875 0.05625 0.0546875
0 0.13984375 0.3662109375 0.0546875 0.052734375
0 0.51875 0.548828125 0.053125 0.0546875
0 0.67109375 0.62109375 0.0546875 0.0546875
0 0.478125 0.3125 0.053125 0.0546875
0 0.42890625 0.8857421875 0.0515625 0.052734375
0 0.1640625 0.4228515625 0.053125 0.052734375
0 0.625 0.5126953125 0.053125 0.052734375
0 0.415625 0.5830078125 0.053125 0.052734375
0 0.3921875 0.5302734375 0.053125 0.052734375
0 0.26953125 0.3857421875 0.0546875 0.052734375
0 0.1875 0.4755859375 0.053125 0.052734375
0 0.3875 0.654296875 0.053125 0.0546875
0 0.403125 0.2763671875 0.053125 0.052734375
0 0.6484375 0.5673828125 0.053125 0.056640625
0 0.54375 0.603515625 0.053125 0.0546875
0 0.509375 0.23828125 0.053125 0.0546875
0 0.23515625 0.58203125 0.0515625 0.0546875
0 0.38046875 0.7783203125 0.0546875 0.052734375
0 0.5796875 0.4052734375 0.053125 0.052734375
0 0.39609375 0.4033203125 0.0546875 0.052734375
0 0.29609375 0.3134765625 0.0546875 0.052734375
0 0.2875 0.5634765625 0.053125 0.052734375
0 0.35390625 0.8515625 0.0546875 0.0546875
0 0.525 0.4228515625 0.053125 0.052734375
0 0.5328125 0.29296875 0.053125 0.0546875
0 0.61171875 0.7626953125 0.0546875 0.052734375
0 0.4859375 0.7451171875 0.053125 0.052734375
0 0.3328125 0.6728515625 0.053125 0.052734375
0 0.71875 0.7294921875 0.053125 0.052734375
0 0.559375 0.78125 0.053125 0.0546875
0 0.3734375 0.90234375 0.053125 0.0546875
0 0.5890625 0.7099609375 0.053125 0.052734375
0 0.4203125 0.4580078125 0.053125 0.052734375
0 0.6359375 0.8193359375 0.053125 0.052734375
0 0.51171875 0.673828125 0.0546875 0.0546875
0 0.61875 0.6376953125 0.053125 0.052734375
0 0.69296875 0.67578125 0.0515625 0.0546875
0 0.3625 0.6015625 0.053125 0.0546875
0 0.74140625 0.7822265625 0.0546875 0.052734375
0 0.3734375 0.3486328125 0.053125 0.056640625
0 0.45625 0.8154296875 0.053125 0.056640625
0 0.24140625 0.4580078125 0.0546875 0.052734375
0 0.465625 0.56640625 0.053125 0.0546875
0 0.1921875 0.3486328125 0.053125 0.056640625
0 0.55546875 0.3505859375 0.0546875 0.052734375
0 0.4078125 0.708984375 0.053125 0.0546875
0 0.603125 0.4580078125 0.053125 0.052734375
0 0.25859375 0.63671875 0.0515625 0.0546875
