0 0.7140625 0.326171875 0.046875 0.05078125
0 0.31796875 0.427734375 0.0453125 0.05078125
0 0.4921875 0.154296875 0.046875 0.05078125
0 0.47578125 0.330078125 0.0453125 0.05078125
0 0.52578125 0.353515625 0.0453125 0.05078125
0 0.67578125 0.546875 0.0453125 0.05078125
0 0.7640625 0.349609375 0.046875 0.05078125
0 0.45 0.255859375 0.046875 0.05078125
0 0.671875 0.423828125 0.046875 0.05078125
0 0.421875 0.1806640625 0.046875 0.048828125
0 0.27578125 0.52734375 0.0453125 0.05078125
0 0.63828125 0.2265625 0.0453125 0.05078125
0 0.4 0.6455078125 0.046875 0.048828125
0 0.7203125 0.44921875 0.046875 0.05078125
0 0.4203125 0.59765625 0.046875 0.05078125
0 0.64375 0.3515625 0.046875 0.05078125
0 0.56796875 0.25390625 0.0453125 0.05078125
0 0.784375 0.2998046875 0.046875 0.048828125
0 0.2828125 0.6484375 0.046875 0.05078125
0 0.4734375 0.740234375 0.046875 0.05078125
0 0.40703125 0.353515625 0.0453125 0.05078125
0 0.590625 0.740234375 0.046875 0.05078125
0 0.51796875 0.228515625 0.0453125 0.05078125
0 0.3796875 0.693359375 0.046875 0.05078125
0 0.53125 0.474609375 0.046875 0.05078125
0 0.440625 0.548828125 0.046875 0.05078125
0 0.4703125 0.205078125 0.046875 0.05078125
0 0.68828125 0.251953125 0.0453125 0.05078125
0 0.4421875 0.130859375 0.046875 0.05078125
0 0.62734375 0.5234375 0.0453125 0.05078125
0 0.4828125 0.453125 0.046875 0.05078125
0 0.4625 0.5009765625 0.046875 0.048828125
0 0.46796875 0.62109375 0.0453125 0.05078125
0 0.42734375 0.3056640625 0.0453125 0.048828125
0 0.49375 0.693359375 0.046875 0.05078125
0 0.44765625 0.669921875 0.0453125 0.05078125
0 0.58828125 0.203125 0.0453125 0.05078125
0 0.5734375 0.3759765625 0.046875 0.048828125
0 0.3921875 0.525390625 0.046875 0.05078125
0 0.65546875 0.595703125 0.0453125 0.05078125
0 0.434375 0.427734375 0.046875 0.05078125
0 0.3515625 0.62109375 0.046875 0.05078125
0 0.61640625 0.27734375 0.0453125 0.05078125
0 0.621875 0.400390625 0.046875 0.05078125
0 0.69765625 0.49609375 0.0453125 0.05078125
0 0.6125 0.69140625 0.046875 0.05078125
0 0.5421875 0.716796875 0.046875 0.05078125
0 0.48828125 0.5732421875 0.0453125 0.048828125
0 0.38671875 0.404296875 0.0453125 0.05078125
0 0.6 0.451171875 0.046875 0.05078125
0 0.5703125 0.7890625 0.046875 0.05078125
0 0.503125 0.40234375 0.046875 0.05078125
0 0.559375 0.546875 0.046875 0.05078125
0 0.509375 0.525390625 0.046875 0.05078125
0 0.584375 0.619140625 0.046875 0.05078125
0 0.6921875 0.3740234375 0.046875 0.048828125
0 0.740625 0.3984375 0.046875 0.05078125
0 0.6328125 0.6435546875 0.046875 0.048828125
0 0.51640625 0.6455078125 0.0453125 0.048828125
0 0.3234375 0.548828125 0.046875 0.05078125
0 0.25546875 0.5751953125 0.0453125 0.048828125
0 0.3640625 0.453125 0.046875 0.05078125
0 0.5796875 0.4990234375 0.046875 0.048828125
0 0.303125 0.599609375 0.046875 0.05078125
0 0.73671875 0.275390625 0.0453125 0.05078125
0 0.42578125 0.71875 0.0453125 0.05078125
0 0.54609375 0.3037109375 0.0453125 0.048828125
0 0.4140625 0.4765625 0.046875 0.05078125
0 0.3796875 0.28125 0.046875 0.05078125
0 0.540625 0.1787109375 0.046875 0.048828125
0 0.45546875 0.3779296875 0.0453125 0.048828125
0 0.66640625 0.3017578125 0.0453125 0.048828125
0 0.33828125 0.3798828125 0.0453125 0.048828125
0 0.29609375 0.478515625 0.0453125 0.05078125
0 0.4 0.23046875 0.046875 0.05078125
0 0.49765625 0.279296875 0.0453125 0.05078125
0 0.33125 0.669921875 0.046875 0.05078125
0 0.59609375 0.328125 0.0453125 0.05078125
0 0.521875 0.763671875 0.046875 0.05078125
0 0.65 0.474609375 0.046875 0.05078125
0 0.53671875 0.59765625 0.0453125 0.05078125
0 0.371875 0.5732421875 0.046875 0.048828125
0 0.5515625 0.42578125 0.046875 0.05078125
0 0.60703125 0.5712890625 0.0453125 0.048828125
0 0.234375 0.623046875 0.046875 0.05078125
0 0.34375 0.5029296875 0.046875 0.048828125
0 0.5640625 0.66796875 0.046875 0.05078125
0 0.359375 0.33203125 0.046875 0.05078125
