0 0.403125 0.7509765625 0.040625 0.048828125
0 0.3609375 0.603515625 0.040625 0.05078125
0 0.65859375 0.6357421875 0.0390625 0.048828125
0 0.31015625 0.5244140625 0.0390625 0.048828125
0 0.4515625 0.826171875 0.040625 0.05078125
0 0.3015625 0.341796875 0.040625 0.05078125
0 0.35234375 0.6728515625 0.0390625 0.048828125
0 0.51953125 0.763671875 0.0390625 0.05078125
0 0.4390625 0.466796875 0.040625 0.05078125
0 0.4703125 0.685546875 0.040625 0.05078125
0 0.32734375 0.3837890625 0.0390625 0.048828125
0 0.36953125 0.275390625 0.0390625 0.05078125
0 0.45625 0.3232421875 0.040625 0.048828125
0 0.46640625 0.2509765625 0.0390625 0.048828125
0 0.48125 0.3623046875 0.040625 0.048828125
0 0.6078125 0.5576171875 0.040625 0.048828125
0 0.24921875 0.5185546875 0.0390625 0.048828125
0 0.26640625 0.3759765625 0.0421875 0.048828125
0 0.50625 0.4013671875 0.040625 0.048828125
0 0.31796875 0.4541015625 0.0421875 0.048828125
0 0.4140625 0.427734375 0.040625 0.05078125
0 0.37890625 0.458984375 0.0421875 0.05078125
0 0.57421875 0.591796875 0.0390625 0.05078125
0 0.25703125 0.4462890625 0.0421875 0.048828125
0 0.50546875 0.654296875 0.0421875 0.05078125
0 0.61875 0.4873046875 0.040625 0.048828125
0 0.53203125 0.4404296875 0.0390625 0.048828125
0 0.23203125 0.4072265625 0.0421875 0.048828125
0 0.4203125 0.6103515625 0.040625 0.048828125
0 0.5640625 0.6611328125 0.040625 0.052734375
0 0.4625 0.755859375 0.040625 0.05078125
0 0.6328125 0.5966796875 0.040625 0.048828125
0 0.421875 0.357421875 0.040625 0.05078125
0 0.540625 0.623046875 0.040625 0.05078125
0 0.42890625 0.5400390625 0.0421875 0.048828125
0 0.5890625 0.6982421875 0.040625 0.048828125
0 0.36953125 0.5322265625 0.0390625 0.048828125
0 0.5546875 0.7294921875 0.040625 0.048828125
0 0.5234375 0.513671875 0.040625 0.05078125
0 0.38828125 0.388671875 0.0390625 0.05078125
0 0.3609375 0.349609375 0.040625 0.05078125
0 0.4640625 0.505859375 0.040625 0.05078125
0 0.396875 0.3154296875 0.040625 0.048828125
0 0.44765625 0.3955078125 0.0390625 0.052734375
0 0.4859375 0.794921875 0.040625 0.05078125
0 0.5296875 0.693359375 0.040625 0.05078125
0 0.3 0.5966796875 0.040625 0.048828125
0 0.5484375 0.552734375 0.040625 0.05078125
0 0.59921875 0.6279296875 0.0390625 0.048828125
0 0.41171875 0.6806640625 0.0390625 0.048828125
0 0.39453125 0.5712890625 0.0390625 0.048828125
0 0.29296875 0.4150390625 0.0421875 0.048828125
0 0.45546875 0.5791015625 0.0421875 0.048828125
0 0.3359375 0.3076171875 0.040625 0.048828125
0 0.43671875 0.716796875 0.0390625 0.05078125
0 0.4984375 0.474609375 0.040625 0.05078125
0 0.55703125 0.4794921875 0.0390625 0.048828125
0 0.35390625 0.419921875 0.0421875 0.05078125
0 0.2828125 0.4853515625 0.040625 0.048828125
0 0.48984375 0.544921875 0.0390625 0.05078125
0 0.48046875 0.6162109375 0.0421875 0.052734375
0 0.34375 0.4931640625 0.040625 0.048828125
0 0.19609375 0.4404296875 0.0421875 0.048828125
0 0.62265625 0.6669921875 0.0390625 0.048828125
0 0.51484375 0.583984375 0.0390625 0.05078125
0 0.428125 0.7900390625 0.040625 0.048828125
0 0.56796875 0.4091796875 0.0390625 0.048828125
0 0.40390625 0.5009765625 0.0421875 0.048828125
0 0.59296875 0.4482421875 0.0390625 0.048828125
0 0.47265625 0.435546875 0.0390625 0.05078125
0 0.4921875 0.2900390625 0.040625 0.048828125
0 0.275 0.5576171875 0.040625 0.048828125
0 0.4453125 0.6474609375 0.040625 0.052734375
0 0.49609375 0.724609375 0.0390625 0.05078125
0 0.64375 0.5263671875 0.040625 0.048828125
0 0.32734375 0.6357421875 0.0390625 0.048828125
0 0.3859375 0.6416015625 0.040625 0.048828125
0 0.44140625 0.2119140625 0.0390625 0.048828125
0 0.5828125 0.521484375 0.040625 0.05078125
0 0.378125 0.7119140625 0.040625 0.048828125
0 0.43046875 0.2822265625 0.0390625 0.048828125
0 0.5421875 0.3701171875 0.040625 0.048828125
0 0.3359375 0.5654296875 0.040625 0.048828125
0 0.66875 0.5654296875 0.040625 0.048828125
0 0.221875 0.4794921875 0.040625 0.048828125
0 0.40546875 0.2431640625 0.0390625 0.048828125
0 0.6921875 0.603515625 0.040625 0.05078125
0 0.5171875 0.3310546875 0.040625 0.048828125
