0 0.30234375 0.4560546875 0.0390625 0.048828125
0 0.38828125 0.4560546875 0.0390625 0.048828125
0 0.42734375 0.2998046875 0.0390625 0.048828125
0 0.29921875 0.2998046875 0.0390625 0.048828125
0 0.30234375 0.5615234375 0.0390625 0.048828125
0 0.34140625 0.2998046875 0.0390625 0.048828125
0 0.38515625 0.2998046875 0.0390625 0.048828125
0 0.47421875 0.4560546875 0.0390625 0.048828125
0 0.51328125 0.2998046875 0.0390625 0.048828125
0 0.68671875 0.4052734375 0.0390625 0.048828125
0 0.43046875 0.4052734375 0.0390625 0.048828125
0 0.38984375 0.5615234375 0.0390625 0.048828125
0 0.38671875 0.4052734375 0.0390625 0.048828125
0 0.64921875 0.6162109375 0.0390625 0.048828125
0 0.34765625 0.6142578125 0.0390625 0.048828125
0 0.60078125 0.4052734375 0.0390625 0.048828125
0 0.30078125 0.4033203125 0.0390625 0.048828125
0 0.43046875 0.4560546875 0.0390625 0.048828125
0 0.25546875 0.2998046875 0.0390625 0.048828125
0 0.38515625 0.3525390625 0.0390625 0.048828125
0 0.55859375 0.4580078125 0.0390625 0.048828125
0 0.30390625 0.6689453125 0.0390625 0.048828125
0 0.29921875 0.3525390625 0.0390625 0.048828125
0 0.60390625 0.5107421875 0.0390625 0.048828125
0 0.47578125 0.5615234375 0.0390625 0.048828125
0 0.68828125 0.5107421875 0.0390625 0.048828125
0 0.59765625 0.2998046875 0.0390625 0.048828125
0 0.51484375 0.4052734375 0.0390625 0.048828125
0 0.26015625 0.6162109375 0.0390625 0.048828125
0 0.51640625 0.4580078125 0.0390625 0.048828125
0 0.56171875 0.5615234375 0.0390625 0.048828125
0 0.43359375 0.6162109375 0.0390625 0.048828125
0 0.60234375 0.4580078125 0.0390625 0.048828125
0 0.51796875 0.5087890625 0.0390625 0.048828125
0 0.64765625 0.5634765625 0.0390625 0.048828125
0 0.34609375 0.5615234375 0.0390625 0.048828125
0 0.56328125 0.6162109375 0.0390625 0.048828125
0 0.60390625 0.5634765625 0.0390625 0.048828125
0 0.38828125 0.5087890625 0.0390625 0.048828125
0 0.26015625 0.5615234375 0.0390625 0.048828125
0 0.47265625 0.4052734375 0.0390625 0.048828125
0 0.47734375 0.6142578125 0.0390625 0.048828125
0 0.47421875 0.5087890625 0.0390625 0.048828125
0 0.68984375 0.5634765625 0.0390625 0.048828125
0 0.42890625 0.3525390625 0.0390625 0.048828125
0 0.30390625 0.6162109375 0.0390625 0.048828125
0 0.43203125 0.5615234375 0.0390625 0.048828125
0 0.68671875 0.4580078125 0.0390625 0.048828125
0 0.39140625 0.6689453125 0.0390625 0.048828125
0 0.34453125 0.4052734375 0.0390625 0.048828125
0 0.38984375 0.6142578125 0.0390625 0.048828125
0 0.59921875 0.3525390625 0.0390625 0.048828125
0 0.69140625 0.6162109375 0.0390625 0.048828125
0 0.47734375 0.6689453125 0.0390625 0.048828125
0 0.64140625 0.2998046875 0.0390625 0.048828125
0 0.26015625 0.6689453125 0.0390625 0.048828125
0 0.30234375 0.5087890625 0.0390625 0.048828125
0 0.65078125 0.6689453125 0.0390625 0.048828125
0 0.64453125 0.4580078125 0.0390625 0.048828125
0 0.46953125 0.2998046875 0.0390625 0.048828125
0 0.68515625 0.3525390625 0.0390625 0.048828125
0 0.55703125 0.4052734375 0.0390625 0.048828125
0 0.55546875 0.2998046875 0.0390625 0.048828125
0 0.51796875 0.5615234375 0.0390625 0.048828125
0 0.60546875 0.6162109375 0.0390625 0.048828125
0 0.56484375 0.6689453125 0.0390625 0.048828125
0 0.68359375 0.2998046875 0.0390625 0.048828125
0 0.51328125 0.3525390625 0.0390625 0.048828125
0 0.34765625 0.6689453125 0.0390625 0.048828125
0 0.25859375 0.4560546875 0.0390625 0.048828125
0 0.64296875 0.4052734375 0.0390625 0.048828125
0 0.56015625 0.5087890625 0.0390625 0.048828125
0 0.47109375 0.3525390625 0.0390625 0.048828125
0 0.60703125 0.6689453125 0.0390625 0.048828125
0 0.51953125 0.6142578125 0.0390625 0.048828125
0 0.34296875 0.3525390625 0.0390625 0.048828125
0 0.64140625 0.3525390625 0.0390625 0.048828125
0 0.43203125 0.5087890625 0.0390625 0.048828125
0 0.69296875 0.6689453125 0.0390625 0.048828125
0 0.34453125 0.4560546875 0.0390625 0.048828125
0 0.43515625 0.6689453125 0.0390625 0.048828125
0 0.64609375 0.5087890625 0.0390625 0.048828125
0 0.34609375 0.5087890625 0.0390625 0.048828125
0 0.25859375 0.5087890625 0.0390625 0.048828125
0 0.25703125 0.3525390625 0.0390625 0.048828125
0 0.25703125 0.4033203125 0.0390625 0.048828125
0 0.52109375 0.6689453125 0.0390625 0.048828125
0 0.55703125 0.3525390625 0.0390625 0.048828125
