0 0.63671875 0.4580078125 0.0390625 0.048828125
0 0.60859375 0.6767578125 0.0390625 0.048828125
0 0.49765625 0.2529296875 0.0390625 0.048828125
0 0.46953125 0.4697265625 0.0390625 0.048828125
0 0.38515625 0.4755859375 0.0390625 0.048828125
0 0.67109375 0.6220703125 0.0390625 0.048828125
0 0.58359375 0.4384765625 0.0390625 0.048828125
0 0.66171875 0.6962890625 0.0390625 0.048828125
0 0.37421875 0.5498046875 0.0390625 0.048828125
0 0.45703125 0.3505859375 0.0390625 0.048828125
0 0.70078125 0.5966796875 0.0390625 0.048828125
0 0.46171875 0.7373046875 0.0390625 0.048828125
0 0.60078125 0.7490234375 0.0390625 0.048828125
0 0.51328125 0.5634765625 0.0390625 0.048828125
0 0.58671875 0.6298828125 0.0390625 0.048828125
0 0.48828125 0.3251953125 0.0390625 0.048828125
0 0.46015625 0.5439453125 0.0390625 0.048828125
0 0.53515625 0.6083984375 0.0390625 0.048828125
0 0.65859375 0.5029296875 0.0390625 0.048828125
0 0.44765625 0.4248046875 0.0390625 0.048828125
0 0.72265625 0.6416015625 0.0390625 0.048828125
0 0.28671875 0.3623046875 0.0390625 0.048828125
0 0.42578125 0.3779296875 0.0390625 0.048828125
0 0.56328125 0.3916015625 0.0390625 0.048828125
0 0.61484375 0.4111328125 0.0390625 0.048828125
0 0.53828125 0.8037109375 0.0390625 0.048828125
0 0.59609375 0.5576171875 0.0390625 0.048828125
0 0.57578125 0.5107421875 0.0390625 0.048828125
0 0.62734375 0.5302734375 0.0390625 0.048828125
0 0.47265625 0.6630859375 0.0390625 0.048828125
0 0.51015625 0.3720703125 0.0390625 0.048828125
0 0.39765625 0.5966796875 0.0390625 0.048828125
0 0.39453125 0.4033203125 0.0390625 0.048828125
0 0.55703125 0.6552734375 0.0390625 0.048828125
0 0.64921875 0.5771484375 0.0390625 0.048828125
0 0.41328125 0.2587890625 0.0390625 0.048828125
0 0.51953125 0.2998046875 0.0390625 0.048828125
0 0.54765625 0.7294921875 0.0390625 0.048828125
0 0.30859375 0.4091796875 0.0390625 0.048828125
0 0.44453125 0.2314453125 0.0390625 0.048828125
0 0.53203125 0.4169921875 0.0390625 0.048828125
0 0.52265625 0.4912109375 0.0390625 0.048828125
0 0.54453125 0.5361328125 0.0390625 0.048828125
0 0.48203125 0.5908203125 0.0390625 0.048828125
0 0.40390625 0.3310546875 0.0390625 0.048828125
0 0.47578125 0.2060546875 0.0390625 0.048828125
0 0.45078125 0.6162109375 0.0390625 0.048828125
0 0.55078125 0.2724609375 0.0390625 0.048828125
0 0.37265625 0.3564453125 0.0390625 0.048828125
0 0.43828125 0.4970703125 0.0390625 0.048828125
0 0.63046875 0.7216796875 0.0390625 0.048828125
0 0.56953125 0.7763671875 0.0390625 0.048828125
0 0.49140625 0.5166015625 0.0390625 0.048828125
0 0.57265625 0.3193359375 0.0390625 0.048828125
0 0.54140625 0.3466796875 0.0390625 0.048828125
0 0.38203125 0.2841796875 0.0390625 0.048828125
0 0.41640625 0.4501953125 0.0390625 0.048828125
0 0.60546875 0.4833984375 0.0390625 0.048828125
0 0.36328125 0.4287109375 0.0390625 0.048828125
0 0.50078125 0.4443359375 0.0390625 0.048828125
0 0.50390625 0.6357421875 0.0390625 0.048828125
0 0.31796875 0.3349609375 0.0390625 0.048828125
0 0.43515625 0.3037109375 0.0390625 0.048828125
0 0.33046875 0.4560546875 0.0390625 0.048828125
0 0.56640625 0.5830078125 0.0390625 0.048828125
0 0.48515625 0.7861328125 0.0390625 0.048828125
0 0.57734375 0.7041015625 0.0390625 0.048828125
0 0.33984375 0.3818359375 0.0390625 0.048828125
0 0.52578125 0.6826171875 0.0390625 0.048828125
0 0.61796875 0.6025390625 0.0390625 0.048828125
0 0.52890625 0.2275390625 0.0390625 0.048828125
0 0.46796875 0.2783203125 0.0390625 0.048828125
0 0.63984375 0.6494140625 0.0390625 0.048828125
0 0.41796875 0.6435546875 0.0390625 0.048828125
0 0.35078125 0.3095703125 0.0390625 0.048828125
0 0.50703125 0.1806640625 0.0390625 0.048828125
0 0.42890625 0.5693359375 0.0390625 0.048828125
0 0.43984375 0.6904296875 0.0390625 0.048828125
0 0.47890625 0.3974609375 0.0390625 0.048828125
0 0.40703125 0.5224609375 0.0390625 0.048828125
0 0.51640625 0.7568359375 0.0390625 0.048828125
0 0.49453125 0.7099609375 0.0390625 0.048828125
0 0.68046875 0.5498046875 0.0390625 0.048828125
0 0.55390625 0.4638671875 0.0390625 0.048828125
0 0.35234375 0.5029296875 0.0390625 0.048828125
0 0.69296875 0.6689453125 0.0390625 0.048828125
0 0.59296875 0.3662109375 0.0390625 0.048828125
0 0.50703125 0.8310546875 0.0390625 0.048828125
