0 0.621875 0.322265625 0.053125 0.08203125
0 0.33671875 0.7822265625 0.0484375 0.080078125
0 0.57578125 0.220703125 0.0515625 0.078125
0 0.56875 0.7587890625 0.05 0.076171875
0 0.321875 0.416015625 0.053125 0.08203125
0 0.73046875 0.35546875 0.0515625 0.08203125
0 0.6125 0.86328125 0.05 0.08203125
0 0.29140625 0.6796875 0.0515625 0.08203125
0 0.43515625 0.4482421875 0.0484375 0.076171875
0 0.38984375 0.34375 0.0515625 0.08203125
0 0.34375 0.240234375 0.053125 0.08203125
0 0.27734375 0.3125 0.0484375 0.08203125
0 0.45546875 0.2734375 0.0515625 0.08203125
0 0.67734375 0.791015625 0.0484375 0.08203125
0 0.665625 0.4248046875 0.053125 0.080078125
0 0.68515625 0.251953125 0.0515625 0.08203125
0 0.26796875 0.396484375 0.0515625 0.078125
0 0.72421875 0.89453125 0.0484375 0.08203125
0 0.36796875 0.51953125 0.0515625 0.08203125
0 0.50078125 0.376953125 0.0484375 0.08203125
0 0.74296875 0.72265625 0.0484375 0.08203125
0 0.2359375 0.662109375 0.05 0.08203125
0 0.28984375 0.22265625 0.0515625 0.08203125
0 0.525 0.6552734375 0.05 0.076171875
0 0.44765625 0.814453125 0.0515625 0.078125
0 0.29765625 0.13671875 0.0515625 0.08203125
0 0.70859375 0.52734375 0.0515625 0.08203125
0 0.634375 0.6875 0.05 0.08203125
0 0.77421875 0.458984375 0.0515625 0.08203125
0 0.35859375 0.60546875 0.0484375 0.08203125
0 0.84921875 0.302734375 0.0484375 0.078125
0 0.51953125 0.205078125 0.0484375 0.08203125
0 0.40859375 0.169921875 0.0515625 0.08203125
0 0.69921875 0.6162109375 0.0484375 0.076171875
0 0.40234375 0.708984375 0.0484375 0.08203125
0 0.83984375 0.390625 0.0515625 0.08203125
0 0.56640625 0.30859375 0.0484375 0.08203125
0 0.24609375 0.576171875 0.0515625 0.08203125
0 0.79921875 0.7373046875 0.0515625 0.076171875
0 0.62421875 0.775390625 0.0515625 0.078125
0 0.76328125 0.546875 0.0515625 0.078125
0 0.334375 0.328125 0.05 0.078125
0 0.63125 0.2353515625 0.05 0.080078125
0 0.51328125 0.744140625 0.0515625 0.08203125
0 0.55859375 0.849609375 0.0515625 0.078125
0 0.82890625 0.474609375 0.0515625 0.078125
0 0.46953125 0.640625 0.0515625 0.08203125
0 0.3546875 0.154296875 0.053125 0.08203125
0 0.25703125 0.4873046875 0.0515625 0.076171875
0 0.503125 0.830078125 0.05 0.08203125
0 0.675 0.3408203125 0.05 0.076171875
0 0.30234375 0.5908203125 0.0515625 0.076171875
0 0.42265625 0.537109375 0.0515625 0.08203125
0 0.82109375 0.5625 0.0515625 0.08203125
0 0.590625 0.5859375 0.05 0.078125
0 0.46640625 0.185546875 0.0515625 0.078125
0 0.39296875 0.798828125 0.0515625 0.08203125
0 0.34609375 0.693359375 0.0515625 0.078125
0 0.79609375 0.287109375 0.0515625 0.08203125
0 0.78515625 0.373046875 0.0515625 0.08203125
0 0.6546875 0.513671875 0.053125 0.078125
0 0.78828125 0.8251953125 0.0515625 0.080078125
0 0.3125 0.501953125 0.05 0.08203125
0 0.51015625 0.2890625 0.0515625 0.078125
0 0.73359375 0.80859375 0.0515625 0.08203125
0 0.71953125 0.4443359375 0.0515625 0.076171875
0 0.45859375 0.7265625 0.0515625 0.08203125
0 0.55703125 0.39453125 0.0515625 0.08203125
0 0.75546875 0.6357421875 0.0515625 0.080078125
0 0.68984375 0.705078125 0.0515625 0.08203125
0 0.48046875 0.5517578125 0.0515625 0.076171875
0 0.39921875 0.2568359375 0.0484375 0.080078125
0 0.37890625 0.431640625 0.0515625 0.078125
0 0.54453125 0.48046875 0.0484375 0.08203125
0 0.22421875 0.75 0.0515625 0.078125
0 0.28046875 0.765625 0.0515625 0.08203125
0 0.609375 0.41015625 0.05 0.078125
0 0.57890625 0.669921875 0.0515625 0.08203125
0 0.740625 0.26953125 0.05 0.08203125
0 0.80859375 0.6484375 0.0484375 0.08203125
0 0.64375 0.6015625 0.053125 0.08203125
0 0.41484375 0.62109375 0.0515625 0.078125
0 0.53515625 0.56640625 0.0515625 0.08203125
0 0.66796875 0.87890625 0.0515625 0.078125
0 0.49140625 0.462890625 0.0515625 0.08203125
0 0.6 0.498046875 0.053125 0.08203125
0 0.44453125 0.359375 0.0515625 0.08203125
0 0.78046875 0.9140625 0.0515625 0.078125
