0 0.43203125 0.294921875 0.0515625 0.06640625
0 0.6828125 0.16015625 0.053125 0.06640625
0 0.36875 0.5234375 0.053125 0.06640625
0 0.65078125 0.275390625 0.0515625 0.06640625
0 0.4296875 0.6875 0.053125 0.06640625
0 0.621875 0.390625 0.053125 0.06640625
0 0.653125 0.666015625 0.053125 0.06640625
0 0.840625 0.37109375 0.053125 0.06640625
0 0.4 0.408203125 0.053125 0.06640625
0 0.653125 0.46875 0.053125 0.06640625
0 0.903125 0.53125 0.053125 0.06640625
0 0.33515625 0.640625 0.0515625 0.06640625
0 0.4953125 0.65234375 0.053125 0.06640625
0 0.5578125 0.2275390625 0.053125 0.068359375
0 0.46328125 0.5703125 0.0515625 0.06640625
0 0.4953125 0.45703125 0.053125 0.06640625
0 0.7453125 0.12890625 0.053125 0.06640625
0 0.715625 0.4375 0.053125 0.06640625
0 0.621875 0.1953125 0.053125 0.06640625
0 0.684375 0.552734375 0.053125 0.06640625
0 0.77734375 0.40234375 0.0515625 0.06640625
0 0.46328125 0.1796875 0.0515625 0.06640625
0 0.3015625 0.755859375 0.053125 0.06640625
0 0.30546875 0.361328125 0.0515625 0.06640625
0 0.58984375 0.11328125 0.0515625 0.06640625
0 0.4 0.2109375 0.053125 0.06640625
0 0.2359375 0.794921875 0.053125 0.06640625
0 0.3984375 0.60546875 0.053125 0.06640625
0 0.68671875 0.748046875 0.0515625 0.06640625
0 0.303125 0.556640625 0.053125 0.06640625
0 0.20625 0.509765625 0.053125 0.06640625
0 0.65078125 0.08203125 0.0515625 0.06640625
0 0.46328125 0.373046875 0.0515625 0.06640625
0 0.43203125 0.48828125 0.0515625 0.06640625
0 0.58984375 0.50390625 0.0515625 0.06640625
0 0.5265625 0.5390625 0.053125 0.06640625
0 0.77734375 0.208984375 0.0515625 0.06640625
0 0.3984375 0.806640625 0.053125 0.06640625
0 0.80859375 0.486328125 0.0515625 0.06640625
0 0.3640625 0.923828125 0.053125 0.06640625
0 0.14140625 0.544921875 0.0515625 0.06640625
0 0.5265625 0.736328125 0.053125 0.06640625
0 0.36875 0.326171875 0.053125 0.06640625
0 0.36640625 0.72265625 0.0515625 0.06640625
0 0.14375 0.34375 0.053125 0.06640625
0 0.7140625 0.048828125 0.053125 0.06640625
0 0.621875 0.583984375 0.053125 0.06640625
0 0.20859375 0.3125 0.0515625 0.06640625
0 0.23828125 0.591796875 0.0515625 0.06640625
0 0.621875 0.783203125 0.053125 0.06640625
0 0.87421875 0.6484375 0.0515625 0.06640625
0 0.684375 0.35546875 0.053125 0.06640625
0 0.4296875 0.890625 0.053125 0.06640625
0 0.4953125 0.259765625 0.053125 0.06640625
0 0.3375 0.443359375 0.053125 0.06640625
0 0.75 0.71484375 0.053125 0.06640625
0 0.74765625 0.517578125 0.0515625 0.06640625
0 0.175 0.427734375 0.053125 0.06640625
0 0.9375 0.61328125 0.053125 0.06640625
0 0.58984375 0.306640625 0.0515625 0.06640625
0 0.7140625 0.244140625 0.053125 0.06640625
0 0.2671875 0.876953125 0.053125 0.06640625
0 0.3375 0.24609375 0.053125 0.06640625
0 0.715625 0.634765625 0.053125 0.06640625
0 0.871875 0.451171875 0.053125 0.06640625
0 0.2046875 0.7109375 0.053125 0.06640625
0 0.1734375 0.626953125 0.053125 0.06640625
0 0.8421875 0.564453125 0.053125 0.06640625
0 0.271875 0.474609375 0.053125 0.06640625
0 0.58984375 0.701171875 0.0515625 0.06640625
0 0.27421875 0.27734375 0.0515625 0.06640625
0 0.8109375 0.6796875 0.053125 0.06640625
0 0.5265625 0.341796875 0.053125 0.06640625
0 0.078125 0.37890625 0.053125 0.06640625
0 0.2703125 0.673828125 0.053125 0.06640625
0 0.7453125 0.3232421875 0.053125 0.068359375
0 0.4609375 0.76953125 0.053125 0.06640625
0 0.240625 0.392578125 0.053125 0.06640625
0 0.29921875 0.9609375 0.0515625 0.06640625
0 0.4953125 0.85546875 0.053125 0.06640625
0 0.7796875 0.599609375 0.053125 0.06640625
0 0.3328125 0.841796875 0.053125 0.06640625
0 0.80859375 0.2890625 0.0515625 0.06640625
0 0.109375 0.4609375 0.053125 0.06640625
0 0.5578125 0.421875 0.053125 0.06640625
0 0.5578125 0.619140625 0.053125 0.06640625
0 0.5265625 0.1484375 0.053125 0.06640625
0 0.5578125 0.818359375 0.053125 0.06640625
