0 0.659375 0.7724609375 0.053125 0.072265625
0 0.6484375 0.6455078125 0.053125 0.068359375
0 0.76875 0.7763671875 0.053125 0.068359375
0 0.31484375 0.6357421875 0.0515625 0.072265625
0 0.54765625 0.7705078125 0.0515625 0.068359375
0 0.4140625 0.5087890625 0.053125 0.068359375
0 0.5984375 0.7080078125 0.053125 0.068359375
0 0.36484375 0.5712890625 0.0546875 0.068359375
0 0.6265625 0.3798828125 0.053125 0.068359375
0 0.265625 0.701171875 0.05625 0.0703125
0 0.7078125 0.708984375 0.053125 0.0703125
0 0.57578125 0.4443359375 0.0515625 0.072265625
0 0.5234375 0.509765625 0.053125 0.0703125
0 0.4640625 0.4423828125 0.053125 0.068359375
0 0.25234375 0.5712890625 0.0546875 0.068359375
0 0.32578125 0.7646484375 0.0515625 0.068359375
0 0.1703125 0.3056640625 0.053125 0.068359375
0 0.696875 0.578125 0.053125 0.0703125
0 0.43671875 0.7685546875 0.0546875 0.068359375
0 0.5125 0.3798828125 0.053125 0.068359375
0 0.3015625 0.5078125 0.053125 0.0703125
0 0.4859375 0.7041015625 0.053125 0.072265625
0 0.76015625 0.6455078125 0.0515625 0.068359375
0 0.28203125 0.3076171875 0.0515625 0.072265625
0 0.35078125 0.44140625 0.0546875 0.0703125
0 0.475 0.5751953125 0.053125 0.072265625
0 0.425 0.6396484375 0.053125 0.068359375
0 0.53515625 0.6396484375 0.0546875 0.068359375
0 0.6875 0.4482421875 0.053125 0.068359375
0 0.63671875 0.5107421875 0.0546875 0.068359375
0 0.58984375 0.640625 0.0546875 0.0703125
0 0.4203125 0.572265625 0.053125 0.0703125
0 0.31953125 0.7001953125 0.0515625 0.068359375
0 0.46875 0.5087890625 0.053125 0.068359375
0 0.40078125 0.3740234375 0.0515625 0.068359375
0 0.3703125 0.6357421875 0.053125 0.072265625
0 0.39453125 0.3095703125 0.0546875 0.068359375
0 0.703125 0.6455078125 0.053125 0.068359375
0 0.203125 0.6337890625 0.053125 0.068359375
0 0.63125 0.447265625 0.053125 0.0703125
0 0.653125 0.7080078125 0.053125 0.068359375
0 0.21640625 0.7626953125 0.0515625 0.068359375
0 0.3765625 0.7021484375 0.053125 0.068359375
0 0.73984375 0.3818359375 0.0546875 0.072265625
0 0.74765625 0.515625 0.0546875 0.0703125
0 0.58671875 0.5771484375 0.0515625 0.068359375
0 0.6421875 0.578125 0.053125 0.0703125
0 0.6765625 0.3154296875 0.053125 0.068359375
0 0.7640625 0.7119140625 0.053125 0.072265625
0 0.5296875 0.5771484375 0.053125 0.068359375
0 0.68125 0.3818359375 0.053125 0.072265625
0 0.27109375 0.7646484375 0.0515625 0.068359375
0 0.753125 0.5830078125 0.053125 0.068359375
0 0.7453125 0.4482421875 0.053125 0.068359375
0 0.49140625 0.7705078125 0.0546875 0.068359375
0 0.58203125 0.5107421875 0.0546875 0.068359375
0 0.50703125 0.310546875 0.0546875 0.0703125
0 0.56484375 0.3134765625 0.0515625 0.072265625
0 0.540625 0.7080078125 0.053125 0.068359375
0 0.69296875 0.5107421875 0.0546875 0.068359375
0 0.52109375 0.4423828125 0.0515625 0.068359375
0 0.60234375 0.7724609375 0.0515625 0.072265625
0 0.45234375 0.3095703125 0.0546875 0.068359375
0 0.234375 0.373046875 0.053125 0.0703125
0 0.2890625 0.3740234375 0.053125 0.068359375
0 0.18359375 0.4404296875 0.0515625 0.068359375
0 0.43125 0.7021484375 0.053125 0.068359375
0 0.29609375 0.4404296875 0.0546875 0.068359375
0 0.3453125 0.3740234375 0.053125 0.068359375
0 0.4578125 0.37890625 0.053125 0.0703125
0 0.48046875 0.6396484375 0.0546875 0.068359375
0 0.23828125 0.4404296875 0.0515625 0.068359375
0 0.3390625 0.310546875 0.053125 0.0703125
0 0.621875 0.3115234375 0.053125 0.068359375
0 0.38125 0.7666015625 0.053125 0.072265625
0 0.246875 0.50390625 0.053125 0.0703125
0 0.22734375 0.3056640625 0.0515625 0.068359375
0 0.56953125 0.3798828125 0.0515625 0.068359375
0 0.2578125 0.6337890625 0.053125 0.068359375
0 0.734375 0.3115234375 0.053125 0.068359375
0 0.17890625 0.373046875 0.0515625 0.0703125
0 0.18984375 0.5029296875 0.0515625 0.068359375
0 0.35625 0.5087890625 0.053125 0.068359375
0 0.30703125 0.5712890625 0.0546875 0.068359375
0 0.7140625 0.7763671875 0.053125 0.068359375
0 0.21015625 0.6982421875 0.0546875 0.072265625
0 0.40859375 0.44140625 0.0546875 0.0703125
0 0.196875 0.5703125 0.053125 0.0703125
