0 0.55703125 0.7724609375 0.0390625 0.048828125
0 0.55859375 0.3369140625 0.0390625 0.048828125
0 0.51328125 0.4970703125 0.0390625 0.048828125
0 0.38046875 0.5478515625 0.0390625 0.048828125
0 0.38203125 0.4384765625 0.0390625 0.048828125
0 0.42734375 0.2783203125 0.0390625 0.048828125
0 0.51328125 0.7177734375 0.0390625 0.048828125
0 0.60234375 0.2841796875 0.0390625 0.048828125
0 0.38203125 0.3310546875 0.0390625 0.048828125
0 0.46796875 0.6611328125 0.0390625 0.048828125
0 0.33828125 0.3837890625 0.0390625 0.048828125
0 0.33828125 0.4931640625 0.0390625 0.048828125
0 0.51328125 0.6064453125 0.0390625 0.048828125
0 0.46953125 0.4423828125 0.0390625 0.048828125
0 0.46953125 0.5517578125 0.0390625 0.048828125
0 0.51328125 0.3896484375 0.0390625 0.048828125
0 0.37890625 0.7685546875 0.0390625 0.048828125
0 0.55859375 0.4443359375 0.0390625 0.048828125
0 0.38046875 0.6572265625 0.0390625 0.048828125
0 0.42578125 0.4951171875 0.0390625 0.048828125
0 0.42578125 0.3857421875 0.0390625 0.048828125
0 0.47109375 0.3876953125 0.0390625 0.048828125
0 0.55703125 0.6630859375 0.0390625 0.048828125
0 0.55703125 0.6083984375 0.0390625 0.048828125
0 0.38359375 0.2763671875 0.0390625 0.048828125
0 0.29453125 0.3818359375 0.0390625 0.048828125
0 0.33828125 0.4384765625 0.0390625 0.048828125
0 0.55859375 0.3916015625 0.0390625 0.048828125
0 0.42578125 0.6044921875 0.0390625 0.048828125
0 0.42578125 0.4404296875 0.0390625 0.048828125
0 0.33984375 0.2744140625 0.0390625 0.048828125
0 0.38203125 0.3857421875 0.0390625 0.048828125
0 0.29140625 0.7119140625 0.0390625 0.048828125
0 0.33515625 0.7685546875 0.0390625 0.048828125
0 0.33515625 0.6572265625 0.0390625 0.048828125
0 0.55703125 0.5537109375 0.0390625 0.048828125
0 0.55859375 0.4990234375 0.0390625 0.048828125
0 0.47109375 0.3330078125 0.0390625 0.048828125
0 0.33671875 0.6025390625 0.0390625 0.048828125
0 0.46875 0.7705078125 0.0375 0.048828125
0 0.46953125 0.4970703125 0.0390625 0.048828125
0 0.29140625 0.6005859375 0.0390625 0.048828125
0 0.60234375 0.3916015625 0.0390625 0.048828125
0 0.55703125 0.7177734375 0.0390625 0.048828125
0 0.51484375 0.2802734375 0.0390625 0.048828125
0 0.42578125 0.5498046875 0.0390625 0.048828125
0 0.60078125 0.7197265625 0.0390625 0.048828125
0 0.29296875 0.4912109375 0.0390625 0.048828125
0 0.46953125 0.6064453125 0.0390625 0.048828125
0 0.42421875 0.6591796875 0.0390625 0.048828125
0 0.60234375 0.6103515625 0.0390625 0.048828125
0 0.60234375 0.5009765625 0.0390625 0.048828125
0 0.38203125 0.4931640625 0.0390625 0.048828125
0 0.47109375 0.2802734375 0.0390625 0.048828125
0 0.33828125 0.3291015625 0.0390625 0.048828125
0 0.42421875 0.7138671875 0.0390625 0.048828125
0 0.29140625 0.6552734375 0.0390625 0.048828125
0 0.29296875 0.4365234375 0.0390625 0.048828125
0 0.29453125 0.2724609375 0.0390625 0.048828125
0 0.46796875 0.7158203125 0.0390625 0.048828125
0 0.55859375 0.2822265625 0.0390625 0.048828125
0 0.42578125 0.3330078125 0.0390625 0.048828125
0 0.38046875 0.6025390625 0.0390625 0.048828125
0 0.51328125 0.4423828125 0.0390625 0.048828125
0 0.42421875 0.7705078125 0.0390625 0.048828125
0 0.33671875 0.5458984375 0.0390625 0.048828125
0 0.29296875 0.5458984375 0.0390625 0.048828125
0 0.51328125 0.6630859375 0.0390625 0.048828125
0 0.46796875 0.8271484375 0.0390625 0.048828125
0 0.33515625 0.7119140625 0.0390625 0.048828125
0 0.51484375 0.3349609375 0.0390625 0.048828125
0 0.51328125 0.5517578125 0.0390625 0.048828125
0 0.55703125 0.8291015625 0.0390625 0.048828125
0 0.51328125 0.7724609375 0.0390625 0.048828125
0 0.38046875 0.7138671875 0.0390625 0.048828125
0 0.60234375 0.4462890625 0.0390625 0.048828125
0 0.29453125 0.3271484375 0.0390625 0.048828125
0 0.33359375 0.8232421875 0.0390625 0.048828125
0 0.60078125 0.6650390625 0.0390625 0.048828125
0 0.51171875 0.8291015625 0.0390625 0.048828125
0 0.60234375 0.3388671875 0.0390625 0.048828125
0 0.42421875 0.8271484375 0.0390625 0.048828125
0 0.37890625 0.8251953125 0.0390625 0.048828125
0 0.28984375 0.7666015625 0.0390625 0.048828125
0 0.60078125 0.7744140625 0.0390625 0.048828125
0 0.60234375 0.5556640625 0.0390625 0.048828125
0 0.60078125 0.8310546875 0.0390625 0.048828125
0 0.28984375 0.8232421875 0.0390625 0.048828125
