0 0.82734375 0.5517578125 0.0640625 0.068359375
0 0.40703125 0.333984375 0.0640625 0.06640625
0 0.47578125 0.68359375 0.0640625 0.06640625
0 0.75703125 0.548828125 0.0640625 0.06640625
0 0.33203125 0.6796875 0.0640625 0.06640625
0 0.47578125 0.61328125 0.0640625 0.06640625
0 0.40390625 0.61328125 0.0640625 0.06640625
0 0.61953125 0.2734375 0.0640625 0.06640625
0 0.75703125 0.275390625 0.0640625 0.06640625
0 0.26484375 0.33203125 0.0640625 0.06640625
0 0.33671875 0.2646484375 0.0640625 0.068359375
0 0.33203125 0.6103515625 0.0640625 0.068359375
0 0.82734375 0.62109375 0.0640625 0.06640625
0 0.478125 0.40625 0.065625 0.06640625
0 0.26328125 0.6103515625 0.0640625 0.068359375
0 0.18828125 0.677734375 0.0640625 0.06640625
0 0.47578125 0.54296875 0.0640625 0.06640625
0 0.33671875 0.4013671875 0.0640625 0.068359375
0 0.61640625 0.7578125 0.0640625 0.06640625
0 0.478125 0.3369140625 0.065625 0.068359375
0 0.61640625 0.6162109375 0.0640625 0.068359375
0 0.54453125 0.6162109375 0.0640625 0.068359375
0 0.61640625 0.4794921875 0.0640625 0.068359375
0 0.61640625 0.546875 0.0640625 0.06640625
0 0.75703125 0.4794921875 0.0640625 0.068359375
0 0.82734375 0.482421875 0.0640625 0.06640625
0 0.82890625 0.69140625 0.0640625 0.06640625
0 0.33671875 0.333984375 0.0640625 0.06640625
0 0.61640625 0.685546875 0.0640625 0.06640625
0 0.26796875 0.2646484375 0.0640625 0.068359375
0 0.40703125 0.267578125 0.0640625 0.06640625
0 0.61953125 0.41015625 0.0640625 0.06640625
0 0.82734375 0.345703125 0.0640625 0.06640625
0 0.82734375 0.275390625 0.0640625 0.06640625
0 0.19296875 0.3984375 0.0640625 0.06640625
0 0.82734375 0.412109375 0.0640625 0.06640625
0 0.19140625 0.607421875 0.0640625 0.06640625
0 0.75703125 0.7607421875 0.0640625 0.068359375
0 0.68828125 0.2734375 0.0640625 0.06640625
0 0.68515625 0.619140625 0.0640625 0.06640625
0 0.75703125 0.412109375 0.0640625 0.06640625
0 0.68828125 0.548828125 0.0640625 0.06640625
0 0.33515625 0.541015625 0.0640625 0.06640625
0 0.478125 0.267578125 0.065625 0.06640625
0 0.75703125 0.6884765625 0.0640625 0.068359375
0 0.47265625 0.755859375 0.0640625 0.06640625
0 0.33203125 0.7529296875 0.0640625 0.068359375
0 0.40703125 0.404296875 0.0640625 0.06640625
0 0.54765625 0.33984375 0.0640625 0.06640625
0 0.82734375 0.7607421875 0.0640625 0.068359375
0 0.40703125 0.54296875 0.0640625 0.06640625
0 0.26328125 0.541015625 0.0640625 0.06640625
0 0.54453125 0.685546875 0.0640625 0.06640625
0 0.68828125 0.3427734375 0.0640625 0.068359375
0 0.18828125 0.75 0.0640625 0.06640625
0 0.68515625 0.6884765625 0.0640625 0.068359375
0 0.19296875 0.46875 0.0640625 0.06640625
0 0.40703125 0.4736328125 0.0640625 0.068359375
0 0.61640625 0.33984375 0.0640625 0.06640625
0 0.89921875 0.5517578125 0.0640625 0.068359375
0 0.68828125 0.4794921875 0.0640625 0.068359375
0 0.54765625 0.546875 0.0640625 0.06640625
0 0.75703125 0.3427734375 0.0640625 0.068359375
0 0.19296875 0.5380859375 0.0640625 0.068359375
0 0.19609375 0.3291015625 0.0640625 0.068359375
0 0.26484375 0.4013671875 0.0640625 0.068359375
0 0.75703125 0.619140625 0.0640625 0.06640625
0 0.26328125 0.470703125 0.0640625 0.06640625
0 0.68515625 0.7578125 0.0640625 0.06640625
0 0.47578125 0.4736328125 0.0640625 0.068359375
0 0.89921875 0.763671875 0.0640625 0.06640625
0 0.89609375 0.4150390625 0.0640625 0.068359375
0 0.89921875 0.484375 0.0640625 0.06640625
0 0.89609375 0.34765625 0.0640625 0.06640625
0 0.33515625 0.470703125 0.0640625 0.06640625
0 0.26015625 0.6796875 0.0640625 0.06640625
0 0.40390625 0.68359375 0.0640625 0.06640625
0 0.19609375 0.26171875 0.0640625 0.06640625
0 0.89609375 0.2783203125 0.0640625 0.068359375
0 0.68828125 0.41015625 0.0640625 0.06640625
0 0.54453125 0.755859375 0.0640625 0.06640625
0 0.54765625 0.4765625 0.0640625 0.06640625
0 0.89921875 0.693359375 0.0640625 0.06640625
0 0.40078125 0.7529296875 0.0640625 0.068359375
0 0.89921875 0.62109375 0.0640625 0.06640625
0 0.54765625 0.26953125 0.0640625 0.06640625
0 0.54765625 0.40625 0.0640625 0.06640625
0 0.26015625 0.75 0.0640625 0.06640625
