0 0.78515625 0.359375 0.0453125 0.07421875
0 0.746875 0.22265625 0.04375 0.07421875
0 0.5390625 0.43359375 0.04375 0.07421875
0 0.821875 0.498046875 0.046875 0.07421875
0 0.8140625 0.666015625 0.04375 0.07421875
0 0.71953125 0.3173828125 0.0453125 0.072265625
0 0.64140625 0.611328125 0.0453125 0.0703125
0 0.6578125 0.279296875 0.04375 0.07421875
0 0.859375 0.63671875 0.04375 0.0703125
0 0.7578125 0.458984375 0.04375 0.07421875
0 0.63203125 0.779296875 0.0453125 0.07421875
0 0.6125 0.708984375 0.046875 0.07421875
0 0.45 0.4921875 0.04375 0.0703125
0 0.6765625 0.7509765625 0.04375 0.072265625
0 0.60390625 0.47265625 0.0453125 0.07421875
0 0.56640625 0.337890625 0.0453125 0.07421875
0 0.72265625 0.720703125 0.0421875 0.0703125
0 0.73203125 0.5537109375 0.0453125 0.072265625
0 0.69296875 0.416015625 0.0453125 0.07421875
0 0.44921875 0.8984375 0.0453125 0.07421875
0 0.7390625 0.388671875 0.046875 0.07421875
0 0.70234375 0.251953125 0.0453125 0.0703125
0 0.5953125 0.642578125 0.046875 0.07421875
0 0.77578125 0.525390625 0.0453125 0.07421875
0 0.4046875 0.517578125 0.04375 0.07421875
0 0.39453125 0.6875 0.0453125 0.07421875
0 0.4125 0.3544921875 0.04375 0.072265625
0 0.5765625 0.5703125 0.04375 0.0703125
0 0.63125 0.376953125 0.04375 0.07421875
0 0.54921875 0.666015625 0.0453125 0.07421875
0 0.64765625 0.4443359375 0.0453125 0.072265625
0 0.47734375 0.392578125 0.0453125 0.0703125
0 0.51171875 0.53125 0.0453125 0.0703125
0 0.52109375 0.36328125 0.0453125 0.07421875
0 0.68671875 0.58203125 0.0453125 0.07421875
0 0.484375 0.626953125 0.04375 0.07421875
0 0.4953125 0.4619140625 0.04375 0.072265625
0 0.840625 0.568359375 0.04375 0.07421875
0 0.43203125 0.419921875 0.0453125 0.07421875
0 0.52109375 0.76953125 0.0453125 0.07421875
0 0.540625 0.83984375 0.046875 0.07421875
0 0.76484375 0.2890625 0.0453125 0.07421875
0 0.3578125 0.546875 0.04375 0.07421875
0 0.50390625 0.296875 0.0453125 0.07421875
0 0.803125 0.427734375 0.04375 0.0703125
0 0.33125 0.64453125 0.046875 0.07421875
0 0.36640625 0.78515625 0.0453125 0.0703125
0 0.6109375 0.30859375 0.04375 0.0703125
0 0.42265625 0.587890625 0.0453125 0.0703125
0 0.7953125 0.59375 0.04375 0.0703125
0 0.50390625 0.697265625 0.0453125 0.0703125
0 0.49453125 0.8671875 0.0453125 0.07421875
0 0.38828125 0.44921875 0.0453125 0.0703125
0 0.53125 0.599609375 0.04375 0.07421875
0 0.5578125 0.5 0.046875 0.07421875
0 0.42890625 0.826171875 0.0453125 0.0703125
0 0.3234375 0.41015625 0.04375 0.0703125
0 0.6203125 0.54296875 0.04375 0.07421875
0 0.46875 0.560546875 0.046875 0.07421875
0 0.70390625 0.650390625 0.0453125 0.0703125
0 0.56640625 0.73828125 0.0453125 0.0703125
0 0.3421875 0.48046875 0.046875 0.07421875
0 0.76875 0.69140625 0.04375 0.07421875
0 0.36796875 0.380859375 0.0453125 0.07421875
0 0.4578125 0.7265625 0.046875 0.07421875
0 0.5859375 0.404296875 0.04375 0.0703125
0 0.66875 0.513671875 0.04375 0.0703125
0 0.3125 0.576171875 0.04375 0.0703125
0 0.35 0.71484375 0.04375 0.0703125
0 0.459375 0.32421875 0.04375 0.07421875
0 0.728125 0.15234375 0.046875 0.07421875
0 0.43984375 0.658203125 0.0453125 0.0703125
0 0.475 0.796875 0.046875 0.07421875
0 0.41171875 0.75390625 0.0453125 0.07421875
0 0.68203125 0.18359375 0.0453125 0.07421875
0 0.75 0.625 0.046875 0.07421875
0 0.384375 0.853515625 0.04375 0.07421875
0 0.71171875 0.486328125 0.0421875 0.07421875
0 0.37734375 0.6171875 0.0453125 0.07421875
0 0.67578125 0.34765625 0.0453125 0.0703125
0 0.5953125 0.240234375 0.046875 0.07421875
0 0.54921875 0.265625 0.0453125 0.0703125
0 0.65859375 0.6796875 0.0453125 0.07421875
0 0.29453125 0.5078125 0.0453125 0.07421875
0 0.58671875 0.806640625 0.0453125 0.07421875
0 0.63828125 0.212890625 0.0453125 0.0703125
0 0.278125 0.4375 0.04375 0.07421875
0 0.403125 0.927734375 0.046875 0.07421875
