0 0.5046875 0.7685546875 0.0625 0.087890625
0 0.65390625 0.7041015625 0.0640625 0.087890625
0 0.484375 0.2568359375 0.0625 0.087890625
0 0.68671875 0.8837890625 0.0640625 0.087890625
0 0.75234375 0.8955078125 0.0640625 0.087890625
0 0.159375 0.7958984375 0.0625 0.087890625
0 0.2453125 0.7216796875 0.0625 0.087890625
0 0.66171875 0.3701171875 0.0640625 0.087890625
0 0.54296875 0.6025390625 0.0640625 0.087890625
0 0.59609375 0.3603515625 0.0640625 0.087890625
0 0.42890625 0.5009765625 0.0640625 0.087890625
0 0.70703125 0.4619140625 0.0640625 0.087890625
0 0.54765625 0.2685546875 0.0640625 0.087890625
0 0.29296875 0.2294921875 0.0640625 0.087890625
0 0.7703125 0.8095703125 0.0625 0.087890625
0 0.31796875 0.3974609375 0.0640625 0.087890625
0 0.4015625 0.3271484375 0.0625 0.087890625
0 0.27265625 0.3095703125 0.0640625 0.087890625
0 0.8765625 0.3173828125 0.0625 0.087890625
0 0.41875 0.8388671875 0.0625 0.087890625
0 0.6359375 0.7890625 0.0625 0.08984375
0 0.446875 0.4189453125 0.0625 0.087890625
0 0.58828125 0.6943359375 0.0640625 0.087890625
0 0.7875 0.7255859375 0.0625 0.087890625
0 0.721875 0.7158203125 0.0625 0.087890625
0 0.328125 0.6513671875 0.0625 0.087890625
0 0.5125 0.4306640625 0.0625 0.087890625
0 0.3078125 0.7353515625 0.0625 0.087890625
0 0.39140625 0.6630859375 0.0640625 0.087890625
0 0.7578125 0.5498046875 0.0625 0.087890625
0 0.2171875 0.5498046875 0.0625 0.087890625
0 0.41875 0.2509765625 0.0625 0.087890625
0 0.19921875 0.6298828125 0.0640625 0.087890625
0 0.671875 0.6240234375 0.0625 0.087890625
0 0.61328125 0.2783203125 0.0640625 0.087890625
0 0.7046875 0.7998046875 0.0625 0.087890625
0 0.79296875 0.3876953125 0.0640625 0.087890625
0 0.4921875 0.5107421875 0.0625 0.087890625
0 0.475 0.591796875 0.0625 0.08984375
0 0.5703125 0.7783203125 0.0625 0.087890625
0 0.36328125 0.4892578125 0.0640625 0.087890625
0 0.7453125 0.2958984375 0.0625 0.087890625
0 0.775 0.4677734375 0.0625 0.087890625
0 0.73984375 0.6337890625 0.0640625 0.087890625
0 0.52265625 0.6826171875 0.0640625 0.087890625
0 0.41171875 0.5810546875 0.0640625 0.087890625
0 0.1921875 0.3798828125 0.0625 0.087890625
0 0.33828125 0.3212890625 0.0640625 0.087890625
0 0.171875 0.4619140625 0.0625 0.087890625
0 0.60625 0.6123046875 0.0625 0.087890625
0 0.2296875 0.2177734375 0.0625 0.087890625
0 0.17890625 0.7158203125 0.0640625 0.087890625
0 0.2625 0.6416015625 0.0625 0.087890625
0 0.225 0.806640625 0.0625 0.08984375
0 0.840625 0.4794921875 0.0625 0.087890625
0 0.8109375 0.3095703125 0.0625 0.087890625
0 0.6234375 0.5322265625 0.0625 0.087890625
0 0.6890625 0.5419921875 0.0625 0.087890625
0 0.28046875 0.5595703125 0.0640625 0.087890625
0 0.209375 0.2998046875 0.0625 0.087890625
0 0.09375 0.7861328125 0.0625 0.087890625
0 0.72734375 0.3798828125 0.0640625 0.087890625
0 0.34609375 0.5712890625 0.0640625 0.087890625
0 0.5578125 0.521484375 0.0625 0.08984375
0 0.38359375 0.4091796875 0.0640625 0.087890625
0 0.4390625 0.7568359375 0.0625 0.087890625
0 0.1515625 0.5390625 0.0625 0.08984375
0 0.290625 0.8173828125 0.0625 0.087890625
0 0.80546875 0.6455078125 0.0640625 0.087890625
0 0.2546875 0.3876953125 0.0625 0.087890625
0 0.61875 0.8740234375 0.0625 0.087890625
0 0.578125 0.4404296875 0.0625 0.087890625
0 0.35625 0.2392578125 0.0625 0.087890625
0 0.67890625 0.2890625 0.0640625 0.08984375
0 0.53046875 0.3486328125 0.0640625 0.087890625
0 0.234375 0.4677734375 0.0625 0.087890625
0 0.4875 0.8486328125 0.0625 0.087890625
0 0.35625 0.8271484375 0.0625 0.087890625
0 0.46484375 0.3388671875 0.0640625 0.087890625
0 0.3 0.4794921875 0.0625 0.087890625
0 0.85859375 0.3974609375 0.0640625 0.087890625
0 0.3734375 0.7431640625 0.0625 0.087890625
0 0.11328125 0.7041015625 0.0640625 0.087890625
0 0.8234375 0.5634765625 0.0625 0.087890625
0 0.45703125 0.6728515625 0.0640625 0.087890625
0 0.64375 0.4501953125 0.0625 0.087890625
0 0.13359375 0.6240234375 0.0640625 0.087890625
0 0.553125 0.8603515625 0.0625 0.087890625
