0 0.40390625 0.2890625 0.0453125 0.0546875
0 0.4375 0.1005859375 0.046875 0.052734375
0 0.26640625 0.6826171875 0.0453125 0.052734375
0 0.52265625 0.51171875 0.0453125 0.0546875
0 0.3015625 0.4970703125 0.046875 0.052734375
0 0.625 0.3037109375 0.046875 0.052734375
0 0.55625 0.3251953125 0.046875 0.052734375
0 0.45546875 0.533203125 0.0453125 0.0546875
0 0.43515625 0.798828125 0.0453125 0.0546875
0 0.25 0.6015625 0.046875 0.0546875
0 0.4203125 0.7197265625 0.046875 0.052734375
0 0.50625 0.4306640625 0.046875 0.052734375
0 0.38515625 0.205078125 0.0453125 0.0546875
0 0.3703125 0.4755859375 0.046875 0.052734375
0 0.64140625 0.384765625 0.0453125 0.0546875
0 0.3515625 0.740234375 0.046875 0.0546875
0 0.309375 0.7109375 0.046875 0.0546875
0 0.353125 0.3935546875 0.046875 0.052734375
0 0.31875 0.578125 0.046875 0.0546875
0 0.2328125 0.517578125 0.046875 0.0546875
0 0.5390625 0.244140625 0.046875 0.0546875
0 0.33515625 0.310546875 0.0453125 0.0546875
0 0.60625 0.2197265625 0.046875 0.052734375
0 0.34453125 0.5263671875 0.0453125 0.052734375
0 0.4890625 0.3486328125 0.046875 0.052734375
0 0.471875 0.6142578125 0.046875 0.052734375
0 0.28515625 0.4150390625 0.0453125 0.052734375
0 0.45390625 0.18359375 0.0453125 0.0546875
0 0.57265625 0.40625 0.0453125 0.0546875
0 0.4203125 0.3701171875 0.046875 0.052734375
0 0.39453125 0.7705078125 0.0453125 0.052734375
0 0.4609375 0.7470703125 0.046875 0.052734375
0 0.3875 0.556640625 0.046875 0.0546875
0 0.4390625 0.451171875 0.046875 0.0546875
0 0.60625 0.5712890625 0.046875 0.052734375
0 0.4875 0.6953125 0.046875 0.0546875
0 0.7078125 0.3642578125 0.046875 0.052734375
0 0.471875 0.265625 0.046875 0.0546875
0 0.40390625 0.6376953125 0.0453125 0.052734375
0 0.5984375 0.35546875 0.046875 0.0546875
0 0.4296875 0.583984375 0.046875 0.0546875
0 0.4796875 0.1298828125 0.046875 0.052734375
0 0.5390625 0.5927734375 0.046875 0.052734375
0 0.446875 0.3193359375 0.046875 0.052734375
0 0.2234375 0.6533203125 0.046875 0.052734375
0 0.50390625 0.77734375 0.0453125 0.0546875
0 0.58203125 0.2734375 0.0453125 0.0546875
0 0.5484375 0.4599609375 0.046875 0.052734375
0 0.665625 0.333984375 0.046875 0.0546875
0 0.478125 0.828125 0.046875 0.0546875
0 0.55625 0.6748046875 0.046875 0.052734375
0 0.53125 0.37890625 0.046875 0.0546875
0 0.27578125 0.5478515625 0.0453125 0.052734375
0 0.378125 0.33984375 0.046875 0.0546875
0 0.51328125 0.64453125 0.0453125 0.0546875
0 0.4125 0.5029296875 0.046875 0.052734375
0 0.565625 0.5419921875 0.046875 0.052734375
0 0.4296875 0.2353515625 0.046875 0.052734375
0 0.4796875 0.4814453125 0.046875 0.052734375
0 0.3609375 0.6083984375 0.046875 0.052734375
0 0.6484375 0.2529296875 0.046875 0.052734375
0 0.52265625 0.162109375 0.0453125 0.0546875
0 0.18125 0.623046875 0.046875 0.0546875
0 0.20703125 0.5712890625 0.0453125 0.052734375
0 0.496875 0.2138671875 0.046875 0.052734375
0 0.5890625 0.490234375 0.046875 0.0546875
0 0.3609375 0.2587890625 0.046875 0.052734375
0 0.6578125 0.466796875 0.046875 0.0546875
0 0.39609375 0.423828125 0.0453125 0.0546875
0 0.33515625 0.6591796875 0.0453125 0.052734375
0 0.328125 0.4453125 0.046875 0.0546875
0 0.68203125 0.4150390625 0.0453125 0.052734375
0 0.446875 0.666015625 0.046875 0.0546875
0 0.565625 0.1904296875 0.046875 0.052734375
0 0.46328125 0.400390625 0.0453125 0.0546875
0 0.4109375 0.1533203125 0.046875 0.052734375
0 0.2921875 0.62890625 0.046875 0.0546875
0 0.69140625 0.2822265625 0.0453125 0.052734375
0 0.496875 0.5625 0.046875 0.0546875
0 0.51484375 0.294921875 0.0453125 0.0546875
0 0.615625 0.4365234375 0.046875 0.052734375
0 0.309375 0.3642578125 0.046875 0.052734375
0 0.378125 0.689453125 0.046875 0.0546875
0 0.63203125 0.517578125 0.0453125 0.0546875
0 0.259375 0.466796875 0.046875 0.0546875
0 0.5296875 0.7255859375 0.046875 0.052734375
0 0.58203125 0.623046875 0.0453125 0.0546875
0 0.73203125 0.310546875 0.0453125 0.0546875
