0 0.67421875 0.2294921875 0.0578125 0.064453125
0 0.5796875 0.671875 0.059375 0.06640625
0 0.2609375 0.5869140625 0.059375 0.064453125
0 0.3390625 0.6083984375 0.059375 0.064453125
0 0.49921875 0.650390625 0.0578125 0.06640625
0 0.28125 0.80078125 0.059375 0.06640625
0 0.6390625 0.4794921875 0.059375 0.064453125
0 0.39765625 0.4189453125 0.0578125 0.064453125
0 0.41640625 0.78515625 0.0578125 0.06640625
0 0.4453125 0.689453125 0.059375 0.06640625
0 0.1796875 0.56640625 0.059375 0.06640625
0 0.428125 0.32421875 0.059375 0.06640625
0 0.5578125 0.4580078125 0.059375 0.064453125
0 0.8046875 0.5234375 0.059375 0.06640625
0 0.225 0.8369140625 0.059375 0.064453125
0 0.3171875 0.3974609375 0.059375 0.064453125
0 0.4515625 0.37890625 0.059375 0.06640625
0 0.2015625 0.779296875 0.059375 0.06640625
0 0.496875 0.80859375 0.059375 0.06640625
0 0.33125 0.921875 0.059375 0.06640625
0 0.71875 0.658203125 0.059375 0.06640625
0 0.584375 0.515625 0.059375 0.06640625
0 0.64375 0.326171875 0.059375 0.06640625
0 0.12578125 0.603515625 0.0578125 0.06640625
0 0.6953125 0.4423828125 0.059375 0.064453125
0 0.478125 0.4375 0.059375 0.06640625
0 0.2765625 0.9580078125 0.059375 0.064453125
0 0.75 0.560546875 0.059375 0.06640625
0 0.359375 0.8212890625 0.059375 0.064453125
0 0.39296875 0.5712890625 0.0578125 0.064453125
0 0.36875 0.513671875 0.059375 0.06640625
0 0.446875 0.53515625 0.059375 0.06640625
0 0.3859375 0.8818359375 0.059375 0.064453125
0 0.284375 0.64453125 0.059375 0.06640625
0 0.7515625 0.40625 0.059375 0.06640625
0 0.2109375 0.4716796875 0.059375 0.064453125
0 0.6171875 0.2685546875 0.059375 0.064453125
0 0.2625 0.4345703125 0.059375 0.064453125
0 0.66953125 0.384765625 0.0578125 0.06640625
0 0.6671875 0.537109375 0.059375 0.06640625
0 0.371875 0.361328125 0.059375 0.06640625
0 0.2296875 0.681640625 0.059375 0.06640625
0 0.390625 0.7265625 0.059375 0.06640625
0 0.175 0.71875 0.059375 0.06640625
0 0.58671875 0.36328125 0.0578125 0.06640625
0 0.8328125 0.58203125 0.059375 0.06640625
0 0.69296875 0.59765625 0.0578125 0.06640625
0 0.41875 0.62890625 0.059375 0.06640625
0 0.5625 0.3056640625 0.059375 0.064453125
0 0.6359375 0.634765625 0.059375 0.06640625
0 0.5015625 0.4951171875 0.059375 0.064453125
0 0.525 0.7109375 0.059375 0.06640625
0 0.528125 0.5556640625 0.059375 0.064453125
0 0.334375 0.763671875 0.059375 0.06640625
0 0.4703125 0.748046875 0.059375 0.06640625
0 0.4734375 0.591796875 0.059375 0.06640625
0 0.25625 0.7421875 0.059375 0.06640625
0 0.6125 0.421875 0.059375 0.06640625
0 0.4234375 0.4765625 0.059375 0.06640625
0 0.2890625 0.4921875 0.059375 0.06640625
0 0.1515625 0.6611328125 0.059375 0.064453125
0 0.7234375 0.34765625 0.059375 0.06640625
0 0.6078125 0.732421875 0.059375 0.06640625
0 0.30546875 0.8583984375 0.0578125 0.064453125
0 0.5375 0.248046875 0.059375 0.06640625
0 0.3125 0.55078125 0.059375 0.06640625
0 0.3640625 0.666015625 0.059375 0.06640625
0 0.77578125 0.619140625 0.0578125 0.06640625
0 0.31015625 0.705078125 0.0578125 0.06640625
0 0.20625 0.6240234375 0.059375 0.064453125
0 0.34375 0.455078125 0.059375 0.06640625
0 0.553125 0.61328125 0.059375 0.06640625
0 0.2515625 0.8974609375 0.059375 0.064453125
0 0.15625 0.5078125 0.059375 0.06640625
0 0.4828125 0.28515625 0.059375 0.06640625
0 0.234375 0.529296875 0.059375 0.06640625
0 0.6109375 0.576171875 0.059375 0.06640625
0 0.50625 0.341796875 0.059375 0.06640625
0 0.4421875 0.845703125 0.059375 0.06640625
0 0.7 0.287109375 0.059375 0.06640625
0 0.721875 0.5 0.059375 0.06640625
0 0.78046875 0.462890625 0.0578125 0.06640625
0 0.553125 0.7685546875 0.059375 0.064453125
0 0.59140625 0.2109375 0.0578125 0.06640625
0 0.5328125 0.400390625 0.059375 0.06640625
0 0.6640625 0.6953125 0.059375 0.06640625
0 0.6484375 0.171875 0.059375 0.06640625
0 0.1015625 0.544921875 0.059375 0.06640625
