0 0.70078125 0.4990234375 0.0578125 0.056640625
0 0.39609375 0.73828125 0.0578125 0.0546875
0 0.65859375 0.6796875 0.0578125 0.0546875
0 0.50234375 0.45703125 0.0578125 0.0546875
0 0.63203125 0.2587890625 0.0609375 0.056640625
0 0.5703125 0.697265625 0.059375 0.0546875
0 0.72109375 0.5771484375 0.0578125 0.056640625
0 0.5265625 0.5390625 0.059375 0.0546875
0 0.78828125 0.478515625 0.0609375 0.0546875
0 0.653125 0.337890625 0.059375 0.0546875
0 0.371875 0.658203125 0.059375 0.0546875
0 0.828125 0.2978515625 0.059375 0.056640625
0 0.58984375 0.4375 0.0609375 0.0546875
0 0.8515625 0.37890625 0.059375 0.0546875
0 0.46015625 0.638671875 0.0578125 0.0546875
0 0.61640625 0.861328125 0.0578125 0.0546875
0 0.5921875 0.78125 0.059375 0.0546875
0 0.43828125 0.556640625 0.0578125 0.0546875
0 0.76484375 0.400390625 0.0578125 0.0546875
0 0.2640625 0.59765625 0.059375 0.0546875
0 0.35078125 0.5771484375 0.0609375 0.056640625
0 0.45625 0.30078125 0.059375 0.0546875
0 0.77421875 0.26953125 0.0578125 0.0546875
0 0.6828125 0.759765625 0.059375 0.0546875
0 0.740625 0.318359375 0.059375 0.0546875
0 0.6125 0.517578125 0.059375 0.0546875
0 0.54453125 0.279296875 0.0578125 0.0546875
0 0.5203125 0.2001953125 0.059375 0.056640625
0 0.90859375 0.408203125 0.0578125 0.0546875
0 0.546875 0.6171875 0.059375 0.0546875
0 0.328125 0.4970703125 0.059375 0.056640625
0 0.71875 0.23828125 0.059375 0.0546875
0 0.40546875 0.6083984375 0.0578125 0.056640625
0 0.9390625 0.357421875 0.059375 0.0546875
0 0.484375 0.71875 0.059375 0.0546875
0 0.6625 0.2080078125 0.059375 0.056640625
0 0.7453125 0.6591796875 0.059375 0.056640625
0 0.4140625 0.478515625 0.059375 0.0546875
0 0.48046875 0.37890625 0.0578125 0.0546875
0 0.5359375 0.408203125 0.059375 0.0546875
0 0.75546875 0.529296875 0.0609375 0.0546875
0 0.5796875 0.56640625 0.059375 0.0546875
0 0.51171875 0.328125 0.0578125 0.0546875
0 0.39375 0.400390625 0.059375 0.0546875
0 0.6859375 0.2900390625 0.059375 0.056640625
0 0.7984375 0.34765625 0.059375 0.0546875
0 0.6765625 0.41796875 0.059375 0.05859375
0 0.56640625 0.357421875 0.0578125 0.0546875
0 0.6 0.310546875 0.059375 0.0546875
0 0.5046875 0.80078125 0.059375 0.0546875
0 0.60390625 0.6484375 0.0578125 0.0546875
0 0.5375 0.75 0.059375 0.0546875
0 0.55703125 0.48828125 0.0609375 0.0546875
0 0.4296875 0.6875 0.059375 0.0546875
0 0.63671875 0.59765625 0.0578125 0.0546875
0 0.71015625 0.369140625 0.0578125 0.0546875
0 0.81875 0.4296875 0.059375 0.0546875
0 0.60859375 0.1796875 0.0578125 0.0546875
0 0.4890625 0.25 0.059375 0.0546875
0 0.56171875 0.83203125 0.0578125 0.0546875
0 0.62578125 0.728515625 0.0578125 0.0546875
0 0.2859375 0.6796875 0.059375 0.0546875
0 0.875 0.45703125 0.059375 0.0546875
0 0.3609375 0.447265625 0.059375 0.0546875
0 0.31796875 0.626953125 0.0609375 0.0546875
0 0.884375 0.328125 0.059375 0.0546875
0 0.6921875 0.6279296875 0.059375 0.056640625
0 0.66796875 0.5478515625 0.0578125 0.056640625
0 0.3390625 0.70703125 0.059375 0.0546875
0 0.778125 0.609375 0.059375 0.0546875
0 0.62265625 0.388671875 0.0609375 0.0546875
0 0.46953125 0.5078125 0.0578125 0.0546875
0 0.49375 0.587890625 0.059375 0.0546875
0 0.73203125 0.4501953125 0.0578125 0.056640625
0 0.8109375 0.560546875 0.059375 0.0546875
0 0.38359375 0.529296875 0.0609375 0.0546875
0 0.44765625 0.4296875 0.0578125 0.0546875
0 0.64375 0.466796875 0.059375 0.0546875
0 0.578125 0.228515625 0.059375 0.0546875
0 0.5140625 0.669921875 0.059375 0.0546875
0 0.55390625 0.150390625 0.0578125 0.0546875
0 0.4515625 0.7685546875 0.059375 0.056640625
0 0.8421875 0.509765625 0.059375 0.0546875
0 0.23125 0.6484375 0.059375 0.0546875
0 0.65 0.810546875 0.059375 0.0546875
0 0.7125 0.708984375 0.059375 0.0546875
0 0.2953125 0.544921875 0.059375 0.0546875
0 0.4265625 0.349609375 0.059375 0.0546875
