0 0.2765625 0.6201171875 0.021875 0.041015625
0 0.4515625 0.4345703125 0.021875 0.041015625
0 0.2515625 0.2578125 0.021875 0.03515625
0 0.50234375 0.494140625 0.0234375 0.04296875
0 0.3234375 0.2646484375 0.021875 0.037109375
0 0.375 0.6357421875 0.021875 0.037109375
0 0.503125 0.333984375 0.025 0.0390625
0 0.325 0.6259765625 0.021875 0.037109375
0 0.3265625 0.5751953125 0.01875 0.041015625
0 0.27734375 0.2607421875 0.0203125 0.041015625
0 0.325 0.369140625 0.021875 0.0390625
0 0.35 0.474609375 0.021875 0.0390625
0 0.425 0.328125 0.021875 0.04296875
0 0.375 0.58203125 0.021875 0.0390625
0 0.503125 0.388671875 0.025 0.04296875
0 0.375 0.322265625 0.021875 0.0390625
0 0.30078125 0.3671875 0.0203125 0.04296875
0 0.4 0.32421875 0.021875 0.0390625
0 0.34921875 0.37109375 0.0203125 0.0390625
0 0.4 0.5341796875 0.021875 0.041015625
0 0.4515625 0.59375 0.021875 0.0390625
0 0.4765625 0.33203125 0.025 0.04296875
0 0.44921875 0.4873046875 0.0203125 0.037109375
0 0.3734375 0.2685546875 0.01875 0.037109375
0 0.27734375 0.36328125 0.0203125 0.04296875
0 0.45078125 0.3291015625 0.0234375 0.041015625
0 0.4765625 0.4921875 0.025 0.04296875
0 0.4765625 0.279296875 0.025 0.0390625
0 0.4 0.3779296875 0.021875 0.041015625
0 0.47734375 0.59765625 0.0234375 0.04296875
0 0.3015625 0.5205078125 0.021875 0.037109375
0 0.503125 0.6005859375 0.025 0.044921875
0 0.35 0.423828125 0.021875 0.04296875
0 0.4765625 0.439453125 0.021875 0.0390625
0 0.425 0.484375 0.021875 0.04296875
0 0.45078125 0.541015625 0.0234375 0.04296875
0 0.2546875 0.3603515625 0.021875 0.041015625
0 0.2546875 0.462890625 0.021875 0.0390625
0 0.503125 0.546875 0.025 0.0390625
0 0.30078125 0.2646484375 0.0203125 0.037109375
0 0.425 0.431640625 0.021875 0.0390625
0 0.4765625 0.384765625 0.021875 0.0390625
0 0.4 0.271484375 0.021875 0.0390625
0 0.44921875 0.275390625 0.0203125 0.0390625
0 0.35078125 0.5263671875 0.0234375 0.041015625
0 0.35 0.3193359375 0.021875 0.041015625
0 0.4 0.6376953125 0.021875 0.041015625
0 0.35 0.5791015625 0.021875 0.037109375
0 0.4 0.4296875 0.021875 0.0390625
0 0.425 0.537109375 0.021875 0.04296875
0 0.4 0.482421875 0.021875 0.0390625
0 0.375 0.373046875 0.021875 0.0390625
0 0.325 0.4716796875 0.021875 0.041015625
0 0.2546875 0.564453125 0.021875 0.03515625
0 0.47734375 0.544921875 0.0234375 0.0390625
0 0.3015625 0.6220703125 0.01875 0.041015625
0 0.35 0.2666015625 0.021875 0.037109375
0 0.325 0.5234375 0.021875 0.0390625
0 0.45 0.3828125 0.025 0.0390625
0 0.325 0.3173828125 0.021875 0.041015625
0 0.4 0.5859375 0.021875 0.0390625
0 0.30078125 0.4697265625 0.0203125 0.041015625
0 0.42578125 0.6435546875 0.0234375 0.041015625
0 0.4515625 0.6474609375 0.021875 0.037109375
0 0.27890625 0.5673828125 0.0234375 0.037109375
0 0.30078125 0.5732421875 0.0203125 0.041015625
0 0.27734375 0.416015625 0.0171875 0.0390625
0 0.37421875 0.42578125 0.0234375 0.04296875
0 0.27734375 0.4658203125 0.0203125 0.041015625
0 0.375 0.4794921875 0.021875 0.041015625
0 0.25390625 0.412109375 0.0234375 0.0390625
0 0.503125 0.44140625 0.025 0.04296875
0 0.3015625 0.314453125 0.01875 0.0390625
0 0.375 0.5302734375 0.021875 0.037109375
0 0.3015625 0.4169921875 0.01875 0.041015625
0 0.42578125 0.3798828125 0.0234375 0.044921875
0 0.2765625 0.5166015625 0.01875 0.041015625
0 0.42578125 0.5908203125 0.0234375 0.041015625
0 0.47734375 0.650390625 0.0203125 0.0390625
0 0.425 0.275390625 0.021875 0.0390625
0 0.2765625 0.3125 0.01875 0.0390625
0 0.325 0.4208984375 0.021875 0.037109375
0 0.35 0.6298828125 0.021875 0.037109375
0 0.253125 0.310546875 0.01875 0.0390625
0 0.503125 0.6552734375 0.025 0.044921875
0 0.253125 0.5146484375 0.01875 0.044921875
0 0.50234375 0.279296875 0.0234375 0.0390625
0 0.2546875 0.6142578125 0.021875 0.037109375
