0 0.5765625 0.1923828125 0.025 0.076171875
0 0.38984375 0.361328125 0.0265625 0.08203125
0 0.496875 0.47265625 0.025 0.078125
0 0.37890625 0.1591796875 0.0265625 0.076171875
0 0.48515625 0.275390625 0.0234375 0.078125
0 0.5609375 0.4833984375 0.025 0.076171875
0 0.46875 0.5712890625 0.025 0.076171875
0 0.3390625 0.6611328125 0.028125 0.080078125
0 0.4734375 0.0771484375 0.025 0.072265625
0 0.58828125 0.388671875 0.0234375 0.078125
0 0.6015625 0.0966796875 0.025 0.076171875
0 0.45703125 0.3701171875 0.0234375 0.076171875
0 0.55 0.2822265625 0.025 0.076171875
0 0.31484375 0.251953125 0.0265625 0.08203125
0 0.40234375 0.5634765625 0.0234375 0.076171875
0 0.35625 0.3583984375 0.028125 0.080078125
0 0.51171875 0.1806640625 0.0234375 0.076171875
0 0.44765625 0.7705078125 0.0265625 0.080078125
0 0.60625 0.6865234375 0.025 0.080078125
0 0.51484375 0.775390625 0.0265625 0.078125
0 0.5375 0.087890625 0.025 0.07421875
0 0.34375 0.1552734375 0.028125 0.083984375
0 0.41796875 0.2646484375 0.0265625 0.076171875
0 0.4453125 0.169921875 0.025 0.078125
0 0.5234375 0.3798828125 0.025 0.080078125
0 0.40625 0.0634765625 0.025 0.076171875
0 0.3046875 0.6591796875 0.028125 0.076171875
0 0.48046875 0.7734375 0.0234375 0.07421875
0 0.45078125 0.2705078125 0.0265625 0.080078125
0 0.309375 0.1494140625 0.025 0.080078125
0 0.2796875 0.2490234375 0.028125 0.080078125
0 0.528125 0.4775390625 0.025 0.080078125
0 0.57421875 0.6806640625 0.0234375 0.076171875
0 0.534375 0.5791015625 0.025 0.076171875
0 0.3375 0.052734375 0.025 0.078125
0 0.4625 0.4716796875 0.025 0.080078125
0 0.54765625 0.779296875 0.0234375 0.078125
0 0.54140625 0.6787109375 0.0234375 0.080078125
0 0.55546875 0.3837890625 0.0265625 0.080078125
0 0.5078125 0.6748046875 0.025 0.080078125
0 0.3953125 0.4638671875 0.028125 0.080078125
0 0.4140625 0.7685546875 0.025 0.076171875
0 0.36796875 0.5615234375 0.0265625 0.080078125
0 0.3796875 0.7646484375 0.028125 0.083984375
0 0.275 0.1455078125 0.028125 0.080078125
0 0.43515625 0.5693359375 0.0265625 0.080078125
0 0.47421875 0.6708984375 0.0265625 0.080078125
0 0.34453125 0.7626953125 0.0265625 0.072265625
0 0.54375 0.1865234375 0.025 0.080078125
0 0.384375 0.2607421875 0.028125 0.076171875
0 0.42890625 0.4677734375 0.0234375 0.080078125
0 0.56953125 0.0927734375 0.0234375 0.076171875
0 0.30390625 0.0478515625 0.0265625 0.080078125
0 0.42265625 0.3662109375 0.0265625 0.076171875
0 0.5828125 0.2900390625 0.025 0.076171875
0 0.328125 0.4560546875 0.028125 0.080078125
0 0.61875 0.392578125 0.025 0.078125
0 0.56796875 0.58203125 0.0234375 0.078125
0 0.35078125 0.2568359375 0.0265625 0.076171875
0 0.40859375 0.666015625 0.0265625 0.078125
0 0.26953125 0.0419921875 0.0265625 0.076171875
0 0.60078125 0.5859375 0.0234375 0.078125
0 0.61484375 0.2939453125 0.0265625 0.076171875
0 0.371875 0.0595703125 0.028125 0.076171875
0 0.59375 0.4873046875 0.025 0.076171875
0 0.36171875 0.4599609375 0.0265625 0.080078125
0 0.43984375 0.0712890625 0.0265625 0.076171875
0 0.60859375 0.197265625 0.0265625 0.07421875
0 0.29296875 0.4501953125 0.0296875 0.076171875
0 0.4421875 0.669921875 0.025 0.078125
0 0.5171875 0.279296875 0.025 0.078125
0 0.6265625 0.4912109375 0.025 0.076171875
0 0.33359375 0.556640625 0.0265625 0.078125
0 0.41171875 0.166015625 0.0265625 0.078125
0 0.321875 0.3525390625 0.025 0.076171875
0 0.63828125 0.6884765625 0.0265625 0.076171875
0 0.490625 0.3740234375 0.025 0.076171875
0 0.5015625 0.5751953125 0.025 0.076171875
0 0.3734375 0.6630859375 0.025 0.076171875
0 0.478125 0.1748046875 0.025 0.080078125
0 0.5796875 0.7822265625 0.025 0.076171875
0 0.29921875 0.5546875 0.0296875 0.0859375
0 0.64375 0.7880859375 0.028125 0.080078125
0 0.31015625 0.7607421875 0.0296875 0.083984375
0 0.6328125 0.5888671875 0.028125 0.076171875
0 0.2859375 0.3486328125 0.028125 0.083984375
0 0.6125 0.7861328125 0.025 0.076171875
0 0.50546875 0.08203125 0.0265625 0.078125
