0 0.67265625 0.5947265625 0.0390625 0.048828125
0 0.41328125 0.6728515625 0.0390625 0.048828125
0 0.67421875 0.6455078125 0.0390625 0.048828125
0 0.28828125 0.3916015625 0.0390625 0.048828125
0 0.37265625 0.3349609375 0.0390625 0.048828125
0 0.71328125 0.2939453125 0.0390625 0.048828125
0 0.33046875 0.4365234375 0.0390625 0.048828125
0 0.41484375 0.3779296875 0.0390625 0.048828125
0 0.58671875 0.5537109375 0.0390625 0.048828125
0 0.71640625 0.5908203125 0.0390625 0.048828125
0 0.49921875 0.5634765625 0.0390625 0.048828125
0 0.54296875 0.5595703125 0.0390625 0.048828125
0 0.32890625 0.5830078125 0.0390625 0.048828125
0 0.62890625 0.5009765625 0.0390625 0.048828125
0 0.62734375 0.3037109375 0.0390625 0.048828125
0 0.41484375 0.4755859375 0.0390625 0.048828125
0 0.28828125 0.4404296875 0.0390625 0.048828125
0 0.54296875 0.6083984375 0.0390625 0.048828125
0 0.71328125 0.3427734375 0.0390625 0.048828125
0 0.62890625 0.4501953125 0.0390625 0.048828125
0 0.50078125 0.6142578125 0.0390625 0.048828125
0 0.58515625 0.4560546875 0.0390625 0.048828125
0 0.58515625 0.5048828125 0.0390625 0.048828125
0 0.58671875 0.6044921875 0.0390625 0.048828125
0 0.58515625 0.4072265625 0.0390625 0.048828125
0 0.37109375 0.6767578125 0.0390625 0.048828125
0 0.41484375 0.6220703125 0.0390625 0.048828125
0 0.63046875 0.6494140625 0.0390625 0.048828125
0 0.49921875 0.4658203125 0.0390625 0.048828125
0 0.33046875 0.4833984375 0.0390625 0.048828125
0 0.50078125 0.6630859375 0.0390625 0.048828125
0 0.58515625 0.3583984375 0.0390625 0.048828125
0 0.37109375 0.6279296875 0.0390625 0.048828125
0 0.58671875 0.6552734375 0.0390625 0.048828125
0 0.62734375 0.3525390625 0.0390625 0.048828125
0 0.49921875 0.4169921875 0.0390625 0.048828125
0 0.67265625 0.5458984375 0.0390625 0.048828125
0 0.28671875 0.5380859375 0.0390625 0.048828125
0 0.28515625 0.6865234375 0.0390625 0.048828125
0 0.71484375 0.3916015625 0.0390625 0.048828125
0 0.62890625 0.5498046875 0.0390625 0.048828125
0 0.49921875 0.3681640625 0.0390625 0.048828125
0 0.54140625 0.3154296875 0.0390625 0.048828125
0 0.71640625 0.5400390625 0.0390625 0.048828125
0 0.67109375 0.3486328125 0.0390625 0.048828125
0 0.54296875 0.4111328125 0.0390625 0.048828125
0 0.32890625 0.6826171875 0.0390625 0.048828125
0 0.63046875 0.5986328125 0.0390625 0.048828125
0 0.49921875 0.5146484375 0.0390625 0.048828125
0 0.37265625 0.5771484375 0.0390625 0.048828125
0 0.33046875 0.3388671875 0.0390625 0.048828125
0 0.41484375 0.5732421875 0.0390625 0.048828125
0 0.45703125 0.3232421875 0.0390625 0.048828125
0 0.58359375 0.3095703125 0.0390625 0.048828125
0 0.45703125 0.3720703125 0.0390625 0.048828125
0 0.45703125 0.5185546875 0.0390625 0.048828125
0 0.45703125 0.4208984375 0.0390625 0.048828125
0 0.62734375 0.4013671875 0.0390625 0.048828125
0 0.28828125 0.4892578125 0.0390625 0.048828125
0 0.33046875 0.5322265625 0.0390625 0.048828125
0 0.37265625 0.4794921875 0.0390625 0.048828125
0 0.37265625 0.4306640625 0.0390625 0.048828125
0 0.54296875 0.5087890625 0.0390625 0.048828125
0 0.32890625 0.6318359375 0.0390625 0.048828125
0 0.41484375 0.4267578125 0.0390625 0.048828125
0 0.45703125 0.4697265625 0.0390625 0.048828125
0 0.41484375 0.3291015625 0.0390625 0.048828125
0 0.45703125 0.6669921875 0.0390625 0.048828125
0 0.67265625 0.4951171875 0.0390625 0.048828125
0 0.71484375 0.4912109375 0.0390625 0.048828125
0 0.49921875 0.3193359375 0.0390625 0.048828125
0 0.37265625 0.5283203125 0.0390625 0.048828125
0 0.28671875 0.6376953125 0.0390625 0.048828125
0 0.54140625 0.3623046875 0.0390625 0.048828125
0 0.54296875 0.4599609375 0.0390625 0.048828125
0 0.71796875 0.6416015625 0.0390625 0.048828125
0 0.33046875 0.3876953125 0.0390625 0.048828125
0 0.54296875 0.6591796875 0.0390625 0.048828125
0 0.28984375 0.3447265625 0.0390625 0.048828125
0 0.41484375 0.5244140625 0.0390625 0.048828125
0 0.67109375 0.4462890625 0.0390625 0.048828125
0 0.37265625 0.3818359375 0.0390625 0.048828125
0 0.71484375 0.4404296875 0.0390625 0.048828125
0 0.28671875 0.5869140625 0.0390625 0.048828125
0 0.45703125 0.6181640625 0.0390625 0.048828125
0 0.67109375 0.3974609375 0.0390625 0.048828125
0 0.45703125 0.5693359375 0.0390625 0.048828125
0 0.66953125 0.2998046875 0.0390625 0.048828125
