0 0.625 0.4130859375 0.03125 0.033203125
0 0.6265625 0.244140625 0.03125 0.03515625
0 0.71484375 0.4482421875 0.0328125 0.033203125
0 0.5390625 0.509765625 0.03125 0.03515625
0 0.6265625 0.3701171875 0.03125 0.033203125
0 0.4125 0.3076171875 0.03125 0.033203125
0 0.540625 0.3369140625 0.03125 0.033203125
0 0.365625 0.5712890625 0.03125 0.033203125
0 0.5390625 0.4658203125 0.03125 0.033203125
0 0.6265625 0.5439453125 0.03125 0.033203125
0 0.41171875 0.478515625 0.0328125 0.03515625
0 0.7125 0.234375 0.034375 0.03515625
0 0.49765625 0.3837890625 0.0328125 0.033203125
0 0.6265625 0.5 0.03125 0.03515625
0 0.3265625 0.40234375 0.03125 0.03515625
0 0.45546875 0.388671875 0.0296875 0.03125
0 0.6265625 0.2861328125 0.03125 0.033203125
0 0.284375 0.40625 0.03125 0.03125
0 0.32578125 0.4443359375 0.0296875 0.033203125
0 0.6265625 0.328125 0.03125 0.03515625
0 0.365625 0.5263671875 0.03125 0.033203125
0 0.41328125 0.3505859375 0.0296875 0.033203125
0 0.540625 0.3798828125 0.03125 0.033203125
0 0.4953125 0.5126953125 0.03125 0.033203125
0 0.4515625 0.5615234375 0.03125 0.033203125
0 0.45390625 0.474609375 0.0296875 0.03125
0 0.453125 0.517578125 0.03125 0.03515625
0 0.409375 0.5654296875 0.03125 0.033203125
0 0.2859375 0.3212890625 0.03125 0.033203125
0 0.3234375 0.5302734375 0.03125 0.033203125
0 0.3234375 0.4873046875 0.03125 0.033203125
0 0.7140625 0.404296875 0.034375 0.03515625
0 0.4546875 0.4306640625 0.03125 0.033203125
0 0.5828125 0.5478515625 0.03125 0.033203125
0 0.6265625 0.45703125 0.03125 0.03515625
0 0.67109375 0.4521484375 0.0328125 0.033203125
0 0.321875 0.5751953125 0.03125 0.033203125
0 0.540625 0.4228515625 0.03125 0.033203125
0 0.3671875 0.4833984375 0.03125 0.033203125
0 0.58359375 0.4619140625 0.0328125 0.033203125
0 0.7125 0.2763671875 0.03125 0.033203125
0 0.7140625 0.4921875 0.034375 0.03515625
0 0.371875 0.2705078125 0.03125 0.033203125
0 0.540625 0.294921875 0.03125 0.03125
0 0.496875 0.4267578125 0.03125 0.033203125
0 0.4125 0.3935546875 0.03125 0.033203125
0 0.7140625 0.5361328125 0.03125 0.033203125
0 0.5390625 0.5537109375 0.03125 0.033203125
0 0.584375 0.2900390625 0.03125 0.033203125
0 0.3296875 0.2744140625 0.03125 0.033203125
0 0.7125 0.3623046875 0.03125 0.033203125
0 0.584375 0.248046875 0.03125 0.03125
0 0.4953125 0.5576171875 0.03125 0.033203125
0 0.49765625 0.341796875 0.0296875 0.03125
0 0.37109375 0.3134765625 0.0296875 0.033203125
0 0.45625 0.2626953125 0.03125 0.033203125
0 0.5828125 0.4189453125 0.03125 0.033203125
0 0.5828125 0.3330078125 0.03125 0.033203125
0 0.58359375 0.375 0.0328125 0.03515625
0 0.6703125 0.28125 0.03125 0.03515625
0 0.409375 0.5224609375 0.03125 0.033203125
0 0.2796875 0.5361328125 0.03125 0.033203125
0 0.5828125 0.5048828125 0.03125 0.033203125
0 0.278125 0.5791015625 0.03125 0.033203125
0 0.4984375 0.2998046875 0.03125 0.033203125
0 0.4984375 0.2568359375 0.03125 0.033203125
0 0.28203125 0.4931640625 0.0296875 0.033203125
0 0.32734375 0.359375 0.0296875 0.03125
0 0.6703125 0.5400390625 0.03125 0.033203125
0 0.6703125 0.4951171875 0.03125 0.033203125
0 0.41171875 0.435546875 0.0296875 0.03125
0 0.6703125 0.3662109375 0.03125 0.033203125
0 0.6703125 0.3232421875 0.03125 0.033203125
0 0.2859375 0.3642578125 0.03125 0.033203125
0 0.4546875 0.3466796875 0.03125 0.033203125
0 0.496875 0.4697265625 0.03125 0.033203125
0 0.2828125 0.44921875 0.034375 0.03515625
0 0.3703125 0.3544921875 0.03125 0.033203125
0 0.540625 0.2529296875 0.03125 0.033203125
0 0.6703125 0.4091796875 0.03125 0.033203125
0 0.7125 0.3193359375 0.03125 0.033203125
0 0.4140625 0.2666015625 0.03125 0.033203125
0 0.45625 0.3037109375 0.03125 0.033203125
0 0.36875 0.4404296875 0.03125 0.033203125
0 0.328125 0.3173828125 0.03125 0.033203125
0 0.2875 0.2802734375 0.03125 0.033203125
0 0.36875 0.3974609375 0.03125 0.033203125
0 0.66953125 0.2392578125 0.0296875 0.033203125
