0 0.68984375 0.2822265625 0.0390625 0.048828125
0 0.49140625 0.4501953125 0.0390625 0.048828125
0 0.41171875 0.7060546875 0.0390625 0.048828125
0 0.52734375 0.5146484375 0.0390625 0.048828125
0 0.63984375 0.3251953125 0.0390625 0.048828125
0 0.59765625 0.3134765625 0.0390625 0.048828125
0 0.76015625 0.4072265625 0.0390625 0.048828125
0 0.72578125 0.3447265625 0.0390625 0.048828125
0 0.59765625 0.6396484375 0.0390625 0.048828125
0 0.48359375 0.5029296875 0.0390625 0.048828125
0 0.61171875 0.5341796875 0.0390625 0.048828125
0 0.63359375 0.7041015625 0.0390625 0.048828125
0 0.54140625 0.4091796875 0.0390625 0.048828125
0 0.56171875 0.5771484375 0.0390625 0.048828125
0 0.50546875 0.6728515625 0.0390625 0.048828125
0 0.57578125 0.4716796875 0.0390625 0.048828125
0 0.56328125 0.2509765625 0.0390625 0.048828125
0 0.63359375 0.3759765625 0.0390625 0.048828125
0 0.71171875 0.4501953125 0.0390625 0.048828125
0 0.64765625 0.5986328125 0.0390625 0.048828125
0 0.46171875 0.6630859375 0.0390625 0.048828125
0 0.66953125 0.7685546875 0.0390625 0.048828125
0 0.67578125 0.3876953125 0.0390625 0.048828125
0 0.66796875 0.4384765625 0.0390625 0.048828125
0 0.70390625 0.5029296875 0.0390625 0.048828125
0 0.66171875 0.4912109375 0.0390625 0.048828125
0 0.50546875 0.3466796875 0.0390625 0.048828125
0 0.62578125 0.4287109375 0.0390625 0.048828125
0 0.44921875 0.4404296875 0.0390625 0.048828125
0 0.45390625 0.7158203125 0.0390625 0.048828125
0 0.48984375 0.7802734375 0.0390625 0.048828125
0 0.51328125 0.2939453125 0.0390625 0.048828125
0 0.68984375 0.6083984375 0.0390625 0.048828125
0 0.47890625 0.2314453125 0.0390625 0.048828125
0 0.65390625 0.5439453125 0.0390625 0.048828125
0 0.67578125 0.7138671875 0.0390625 0.048828125
0 0.63984375 0.6513671875 0.0390625 0.048828125
0 0.71171875 0.7783203125 0.0390625 0.048828125
0 0.42734375 0.5986328125 0.0390625 0.048828125
0 0.51171875 0.6201171875 0.0390625 0.048828125
0 0.54765625 0.3564453125 0.0390625 0.048828125
0 0.47109375 0.2841796875 0.0390625 0.048828125
0 0.53984375 0.7373046875 0.0390625 0.048828125
0 0.47734375 0.5556640625 0.0390625 0.048828125
0 0.72578125 0.6708984375 0.0390625 0.048828125
0 0.43515625 0.5458984375 0.0390625 0.048828125
0 0.60546875 0.5869140625 0.0390625 0.048828125
0 0.41953125 0.6533203125 0.0390625 0.048828125
0 0.40390625 0.7607421875 0.0390625 0.048828125
0 0.54765625 0.6826171875 0.0390625 0.048828125
0 0.49765625 0.7255859375 0.0390625 0.048828125
0 0.44765625 0.7705078125 0.0390625 0.048828125
0 0.44140625 0.4931640625 0.0390625 0.048828125
0 0.59140625 0.3662109375 0.0390625 0.048828125
0 0.70546875 0.8330078125 0.0390625 0.048828125
0 0.51953125 0.5673828125 0.0390625 0.048828125
0 0.71953125 0.7255859375 0.0390625 0.048828125
0 0.61953125 0.8115234375 0.0390625 0.048828125
0 0.55546875 0.3037109375 0.0390625 0.048828125
0 0.58359375 0.7470703125 0.0390625 0.048828125
0 0.58984375 0.6943359375 0.0390625 0.048828125
0 0.57578125 0.8017578125 0.0390625 0.048828125
0 0.60546875 0.2607421875 0.0390625 0.048828125
0 0.73984375 0.5654296875 0.0390625 0.048828125
0 0.69765625 0.5556640625 0.0390625 0.048828125
0 0.45703125 0.3876953125 0.0390625 0.048828125
0 0.66171875 0.8212890625 0.0390625 0.048828125
0 0.61953125 0.4814453125 0.0390625 0.048828125
0 0.74765625 0.5126953125 0.0390625 0.048828125
0 0.46328125 0.3349609375 0.0390625 0.048828125
0 0.55546875 0.6298828125 0.0390625 0.048828125
0 0.46953125 0.6103515625 0.0390625 0.048828125
0 0.62578125 0.7568359375 0.0390625 0.048828125
0 0.68359375 0.6611328125 0.0390625 0.048828125
0 0.58359375 0.4189453125 0.0390625 0.048828125
0 0.64765625 0.2724609375 0.0390625 0.048828125
0 0.71796875 0.3974609375 0.0390625 0.048828125
0 0.76796875 0.3544921875 0.0390625 0.048828125
0 0.56953125 0.5244140625 0.0390625 0.048828125
0 0.75390625 0.4599609375 0.0390625 0.048828125
0 0.52109375 0.2412109375 0.0390625 0.048828125
0 0.49921875 0.3974609375 0.0390625 0.048828125
0 0.68359375 0.3349609375 0.0390625 0.048828125
0 0.53359375 0.4619140625 0.0390625 0.048828125
0 0.73359375 0.2919921875 0.0390625 0.048828125
0 0.53359375 0.7900390625 0.0390625 0.048828125
0 0.73359375 0.6181640625 0.0390625 0.048828125
0 0.77421875 0.3037109375 0.0390625 0.048828125
