0 0.40390625 0.6298828125 0.0390625 0.048828125
0 0.45390625 0.6728515625 0.0390625 0.048828125
0 0.56015625 0.4873046875 0.0390625 0.048828125
0 0.41953125 0.7353515625 0.0390625 0.048828125
0 0.36015625 0.3134765625 0.0390625 0.048828125
0 0.39453125 0.2509765625 0.0390625 0.048828125
0 0.32421875 0.3759765625 0.0390625 0.048828125
0 0.66796875 0.6259765625 0.0390625 0.048828125
0 0.37421875 0.4189453125 0.0390625 0.048828125
0 0.59609375 0.4248046875 0.0390625 0.048828125
0 0.61171875 0.5302734375 0.0390625 0.048828125
0 0.54609375 0.7060546875 0.0390625 0.048828125
0 0.57578125 0.5927734375 0.0390625 0.048828125
0 0.41015625 0.3564453125 0.0390625 0.048828125
0 0.57578125 0.2646484375 0.0390625 0.048828125
0 0.46796875 0.4521484375 0.0390625 0.048828125
0 0.64765625 0.4677734375 0.0390625 0.048828125
0 0.48984375 0.6123046875 0.0390625 0.048828125
0 0.52578125 0.5498046875 0.0390625 0.048828125
0 0.39765625 0.5771484375 0.0390625 0.048828125
0 0.34765625 0.5341796875 0.0390625 0.048828125
0 0.63203125 0.3623046875 0.0390625 0.048828125
0 0.43984375 0.5673828125 0.0390625 0.048828125
0 0.65390625 0.5205078125 0.0390625 0.048828125
0 0.36796875 0.3662109375 0.0390625 0.048828125
0 0.40234375 0.3037109375 0.0390625 0.048828125
0 0.52421875 0.2216796875 0.0390625 0.048828125
0 0.43046875 0.1865234375 0.0390625 0.048828125
0 0.47578125 0.5068359375 0.0390625 0.048828125
0 0.33984375 0.4814453125 0.0390625 0.048828125
0 0.50390625 0.3916015625 0.0390625 0.048828125
0 0.50390625 0.7158203125 0.0390625 0.048828125
0 0.42578125 0.4619140625 0.0390625 0.048828125
0 0.34453125 0.2060546875 0.0390625 0.048828125
0 0.45234375 0.3466796875 0.0390625 0.048828125
0 0.43828125 0.2412109375 0.0390625 0.048828125
0 0.61171875 0.2021484375 0.0390625 0.048828125
0 0.48828125 0.2841796875 0.0390625 0.048828125
0 0.30859375 0.2685546875 0.0390625 0.048828125
0 0.60390625 0.4775390625 0.0390625 0.048828125
0 0.63984375 0.4150390625 0.0390625 0.048828125
0 0.61796875 0.2548828125 0.0390625 0.048828125
0 0.62578125 0.6357421875 0.0390625 0.048828125
0 0.36171875 0.6396484375 0.0390625 0.048828125
0 0.56796875 0.2119140625 0.0390625 0.048828125
0 0.51015625 0.4443359375 0.0390625 0.048828125
0 0.46171875 0.7255859375 0.0390625 0.048828125
0 0.38203125 0.4716796875 0.0390625 0.048828125
0 0.48203125 0.2314453125 0.0390625 0.048828125
0 0.66171875 0.5732421875 0.0390625 0.048828125
0 0.53828125 0.3291015625 0.0390625 0.048828125
0 0.47421875 0.1767578125 0.0390625 0.048828125
0 0.43203125 0.5146484375 0.0390625 0.048828125
0 0.37578125 0.7451171875 0.0390625 0.048828125
0 0.41796875 0.4091796875 0.0390625 0.048828125
0 0.61796875 0.5830078125 0.0390625 0.048828125
0 0.53984375 0.6533203125 0.0390625 0.048828125
0 0.58984375 0.3720703125 0.0390625 0.048828125
0 0.62578125 0.3095703125 0.0390625 0.048828125
0 0.46015625 0.3994140625 0.0390625 0.048828125
0 0.38984375 0.5244140625 0.0390625 0.048828125
0 0.30078125 0.2158203125 0.0390625 0.048828125
0 0.60390625 0.1474609375 0.0390625 0.048828125
0 0.33203125 0.4287109375 0.0390625 0.048828125
0 0.35390625 0.5869140625 0.0390625 0.048828125
0 0.35234375 0.2587890625 0.0390625 0.048828125
0 0.31640625 0.3232421875 0.0390625 0.048828125
0 0.58984375 0.6982421875 0.0390625 0.048828125
0 0.55390625 0.4345703125 0.0390625 0.048828125
0 0.58203125 0.6455078125 0.0390625 0.048828125
0 0.56796875 0.5400390625 0.0390625 0.048828125
0 0.36953125 0.6923828125 0.0390625 0.048828125
0 0.51640625 0.1669921875 0.0390625 0.048828125
0 0.38671875 0.1962890625 0.0390625 0.048828125
0 0.44609375 0.2939453125 0.0390625 0.048828125
0 0.63203125 0.6884765625 0.0390625 0.048828125
0 0.54609375 0.3818359375 0.0390625 0.048828125
0 0.41171875 0.6826171875 0.0390625 0.048828125
0 0.51796875 0.4970703125 0.0390625 0.048828125
0 0.44765625 0.6201171875 0.0390625 0.048828125
0 0.48203125 0.5576171875 0.0390625 0.048828125
0 0.49765625 0.6630859375 0.0390625 0.048828125
0 0.58203125 0.3193359375 0.0390625 0.048828125
0 0.56015625 0.1572265625 0.0390625 0.048828125
0 0.53203125 0.2744140625 0.0390625 0.048828125
0 0.53203125 0.6025390625 0.0390625 0.048828125
0 0.49609375 0.3388671875 0.0390625 0.048828125
0 0.67578125 0.6806640625 0.0390625 0.048828125
