0 0.52890625 0.755859375 0.0515625 0.07421875
0 0.51640625 0.3798828125 0.0515625 0.072265625
0 0.834375 0.15234375 0.05625 0.078125
0 0.70625 0.2626953125 0.05625 0.068359375
0 0.2625 0.794921875 0.05625 0.078125
0 0.77421875 0.4423828125 0.0546875 0.068359375
0 0.259375 0.6044921875 0.05625 0.072265625
0 0.7203125 0.634765625 0.053125 0.078125
0 0.72421875 0.728515625 0.0515625 0.07421875
0 0.31328125 0.30859375 0.0515625 0.078125
0 0.71171875 0.44921875 0.0515625 0.07421875
0 0.24921875 0.4150390625 0.0515625 0.068359375
0 0.1953125 0.806640625 0.05625 0.07421875
0 0.5765625 0.279296875 0.053125 0.07421875
0 0.78203125 0.6279296875 0.0546875 0.072265625
0 0.58046875 0.37109375 0.0515625 0.07421875
0 0.46015625 0.671875 0.0515625 0.078125
0 0.71640625 0.54296875 0.0515625 0.0703125
0 0.50859375 0.19140625 0.0515625 0.08203125
0 0.7703125 0.251953125 0.05625 0.07421875
0 0.76796875 0.16015625 0.0609375 0.07421875
0 0.70859375 0.357421875 0.0515625 0.07421875
0 0.51875 0.4765625 0.046875 0.07421875
0 0.44921875 0.38671875 0.0515625 0.0703125
0 0.8359375 0.3408203125 0.053125 0.068359375
0 0.5125 0.2861328125 0.053125 0.068359375
0 0.5828125 0.466796875 0.05625 0.07421875
0 0.52265625 0.568359375 0.0546875 0.07421875
0 0.1828125 0.4208984375 0.046875 0.072265625
0 0.834375 0.2470703125 0.05625 0.072265625
0 0.19140625 0.6142578125 0.0484375 0.072265625
0 0.4625 0.765625 0.05625 0.07421875
0 0.45703125 0.5771484375 0.0515625 0.072265625
0 0.446875 0.29296875 0.05625 0.07421875
0 0.18671875 0.5146484375 0.0484375 0.068359375
0 0.8421875 0.52734375 0.05625 0.07421875
0 0.32109375 0.4990234375 0.0515625 0.072265625
0 0.3328125 0.7841796875 0.053125 0.072265625
0 0.2546875 0.5087890625 0.05625 0.072265625
0 0.45234375 0.482421875 0.0515625 0.078125
0 0.4671875 0.861328125 0.05625 0.07421875
0 0.778125 0.533203125 0.05625 0.078125
0 0.38671875 0.490234375 0.0484375 0.07421875
0 0.39296875 0.6806640625 0.0515625 0.068359375
0 0.38046875 0.2998046875 0.0515625 0.068359375
0 0.70390625 0.1689453125 0.0515625 0.072265625
0 0.8375 0.43359375 0.05625 0.078125
0 0.77421875 0.34765625 0.0546875 0.07421875
0 0.66015625 0.83203125 0.0515625 0.0703125
0 0.78359375 0.7177734375 0.0515625 0.068359375
0 0.58828125 0.6533203125 0.0515625 0.068359375
0 0.63984375 0.26953125 0.0515625 0.07421875
0 0.57265625 0.1826171875 0.0515625 0.072265625
0 0.6484375 0.4580078125 0.053125 0.072265625
0 0.84375 0.619140625 0.059375 0.07421875
0 0.52421875 0.6640625 0.0515625 0.07421875
0 0.32421875 0.595703125 0.0515625 0.07421875
0 0.203125 0.900390625 0.046875 0.078125
0 0.32890625 0.6904296875 0.0515625 0.068359375
0 0.17890625 0.3232421875 0.0484375 0.068359375
0 0.440625 0.1962890625 0.053125 0.072265625
0 0.240625 0.216796875 0.059375 0.078125
0 0.7265625 0.8203125 0.05625 0.07421875
0 0.246875 0.3154296875 0.05625 0.072265625
0 0.19296875 0.7109375 0.0609375 0.08203125
0 0.403125 0.8681640625 0.05625 0.068359375
0 0.375 0.203125 0.05625 0.078125
0 0.58671875 0.55859375 0.0484375 0.07421875
0 0.8484375 0.7080078125 0.059375 0.068359375
0 0.38515625 0.396484375 0.0515625 0.078125
0 0.31640625 0.40234375 0.0515625 0.07421875
0 0.64453125 0.3642578125 0.0515625 0.068359375
0 0.65078125 0.5498046875 0.0484375 0.072265625
0 0.59296875 0.7470703125 0.0515625 0.072265625
0 0.39296875 0.5859375 0.0515625 0.07421875
0 0.3109375 0.21484375 0.05625 0.07421875
0 0.63828125 0.17578125 0.0546875 0.078125
0 0.65234375 0.6435546875 0.0515625 0.068359375
0 0.175 0.228515625 0.05625 0.07421875
0 0.3984375 0.7744140625 0.05625 0.072265625
0 0.53046875 0.849609375 0.0546875 0.078125
0 0.65625 0.73828125 0.053125 0.07421875
0 0.2625 0.69921875 0.05625 0.078125
0 0.2671875 0.8916015625 0.05625 0.076171875
0 0.78828125 0.8115234375 0.0515625 0.072265625
0 0.334375 0.8798828125 0.05625 0.072265625
0 0.85 0.80078125 0.05625 0.078125
0 0.59609375 0.841796875 0.0515625 0.078125
