0 0.46015625 0.5478515625 0.0390625 0.048828125
0 0.63515625 0.5478515625 0.0390625 0.048828125
0 0.46015625 0.4423828125 0.0390625 0.048828125
0 0.54765625 0.5478515625 0.0390625 0.048828125
0 0.72265625 0.6552734375 0.0390625 0.048828125
0 0.50546875 0.8115234375 0.0390625 0.048828125
0 0.72421875 0.5498046875 0.0390625 0.048828125
0 0.54765625 0.4423828125 0.0390625 0.048828125
0 0.63515625 0.6552734375 0.0390625 0.048828125
0 0.67890625 0.8134765625 0.0390625 0.048828125
0 0.41796875 0.8115234375 0.0390625 0.048828125
0 0.81171875 0.6552734375 0.0390625 0.048828125
0 0.37265625 0.4951171875 0.0390625 0.048828125
0 0.72421875 0.4423828125 0.0390625 0.048828125
0 0.37265625 0.4404296875 0.0390625 0.048828125
0 0.63671875 0.4423828125 0.0390625 0.048828125
0 0.59140625 0.8115234375 0.0390625 0.048828125
0 0.72265625 0.7607421875 0.0390625 0.048828125
0 0.72421875 0.4951171875 0.0390625 0.048828125
0 0.54765625 0.4951171875 0.0390625 0.048828125
0 0.54765625 0.6533203125 0.0390625 0.048828125
0 0.46171875 0.6533203125 0.0390625 0.048828125
0 0.37265625 0.5478515625 0.0390625 0.048828125
0 0.46015625 0.4951171875 0.0390625 0.048828125
0 0.63671875 0.4951171875 0.0390625 0.048828125
0 0.46171875 0.7587890625 0.0390625 0.048828125
0 0.63515625 0.7587890625 0.0390625 0.048828125
0 0.54921875 0.7587890625 0.0390625 0.048828125
0 0.81171875 0.7607421875 0.0390625 0.048828125
0 0.37421875 0.6533203125 0.0390625 0.048828125
0 0.81171875 0.5498046875 0.0390625 0.048828125
0 0.72421875 0.6025390625 0.0390625 0.048828125
0 0.81328125 0.4951171875 0.0390625 0.048828125
0 0.81015625 0.7080078125 0.0390625 0.048828125
0 0.41796875 0.7060546875 0.0390625 0.048828125
0 0.63515625 0.6025390625 0.0390625 0.048828125
0 0.81171875 0.6025390625 0.0390625 0.048828125
0 0.76640625 0.8134765625 0.0390625 0.048828125
0 0.46015625 0.6005859375 0.0390625 0.048828125
0 0.54765625 0.6005859375 0.0390625 0.048828125
0 0.68046875 0.4951171875 0.0390625 0.048828125
0 0.59140625 0.4951171875 0.0390625 0.048828125
0 0.63515625 0.7080078125 0.0390625 0.048828125
0 0.54921875 0.7060546875 0.0390625 0.048828125
0 0.46171875 0.7060546875 0.0390625 0.048828125
0 0.72265625 0.7080078125 0.0390625 0.048828125
0 0.50390625 0.4951171875 0.0390625 0.048828125
0 0.37421875 0.8115234375 0.0390625 0.048828125
0 0.41640625 0.4951171875 0.0390625 0.048828125
0 0.81171875 0.8134765625 0.0390625 0.048828125
0 0.76796875 0.4951171875 0.0390625 0.048828125
0 0.41796875 0.6533203125 0.0390625 0.048828125
0 0.46171875 0.8115234375 0.0390625 0.048828125
0 0.76796875 0.5478515625 0.0390625 0.048828125
0 0.72265625 0.8134765625 0.0390625 0.048828125
0 0.37265625 0.6005859375 0.0390625 0.048828125
0 0.68046875 0.4423828125 0.0390625 0.048828125
0 0.54921875 0.8115234375 0.0390625 0.048828125
0 0.81328125 0.4423828125 0.0390625 0.048828125
0 0.67890625 0.6533203125 0.0390625 0.048828125
0 0.59140625 0.4423828125 0.0390625 0.048828125
0 0.63515625 0.8115234375 0.0390625 0.048828125
0 0.59140625 0.7060546875 0.0390625 0.048828125
0 0.37421875 0.7060546875 0.0390625 0.048828125
0 0.50390625 0.4423828125 0.0390625 0.048828125
0 0.37421875 0.7587890625 0.0390625 0.048828125
0 0.41640625 0.5478515625 0.0390625 0.048828125
0 0.50390625 0.6533203125 0.0390625 0.048828125
0 0.50390625 0.7060546875 0.0390625 0.048828125
0 0.59140625 0.6533203125 0.0390625 0.048828125
0 0.41640625 0.4404296875 0.0390625 0.048828125
0 0.67890625 0.5478515625 0.0390625 0.048828125
0 0.76796875 0.6552734375 0.0390625 0.048828125
0 0.76796875 0.4423828125 0.0390625 0.048828125
0 0.59140625 0.5478515625 0.0390625 0.048828125
0 0.50390625 0.5478515625 0.0390625 0.048828125
0 0.67890625 0.7080078125 0.0390625 0.048828125
0 0.50546875 0.7587890625 0.0390625 0.048828125
0 0.67890625 0.7607421875 0.0390625 0.048828125
0 0.41796875 0.7587890625 0.0390625 0.048828125
0 0.76796875 0.7607421875 0.0390625 0.048828125
0 0.50390625 0.6005859375 0.0390625 0.048828125
0 0.68046875 0.6025390625 0.0390625 0.048828125
0 0.76640625 0.7080078125 0.0390625 0.048828125
0 0.59140625 0.7587890625 0.0390625 0.048828125
0 0.76796875 0.6025390625 0.0390625 0.048828125
0 0.41796875 0.6005859375 0.0390625 0.048828125
0 0.59296875 0.6005859375 0.0390625 0.048828125
