0 0.55 0.5927734375 0.05 0.064453125
0 0.78359375 0.431640625 0.0515625 0.06640625
0 0.5953125 0.6748046875 0.053125 0.064453125
0 0.68515625 0.3447265625 0.0515625 0.064453125
0 0.64140625 0.2646484375 0.0515625 0.068359375
0 0.6046875 0.115234375 0.05 0.06640625
0 0.70234375 0.2080078125 0.0515625 0.068359375
0 0.50703125 0.5146484375 0.0484375 0.064453125
0 0.71484375 0.55859375 0.0515625 0.06640625
0 0.61171875 0.5361328125 0.0515625 0.064453125
0 0.53359375 0.732421875 0.0484375 0.06640625
0 0.53046875 0.310546875 0.0515625 0.06640625
0 0.65546875 0.6162109375 0.0515625 0.068359375
0 0.79296875 0.3662109375 0.0484375 0.064453125
0 0.69296875 0.7646484375 0.0515625 0.068359375
0 0.76328125 0.1494140625 0.0484375 0.064453125
0 0.80703125 0.71875 0.0484375 0.06640625
0 0.58046875 0.814453125 0.0484375 0.06640625
0 0.628125 0.3994140625 0.053125 0.068359375
0 0.73984375 0.353515625 0.0515625 0.06640625
0 0.73828125 0.8466796875 0.0484375 0.068359375
0 0.6484375 0.68359375 0.05 0.06640625
0 0.76953125 0.5693359375 0.0515625 0.068359375
0 0.746875 0.2861328125 0.05 0.068359375
0 0.67109375 0.48046875 0.0515625 0.06640625
0 0.47421875 0.7900390625 0.0484375 0.068359375
0 0.75625 0.216796875 0.053125 0.0625
0 0.53671875 0.2412109375 0.0484375 0.064453125
0 0.56640625 0.4560546875 0.0484375 0.068359375
0 0.75390625 0.7080078125 0.0515625 0.068359375
0 0.43671875 0.640625 0.0515625 0.06640625
0 0.49296875 0.162109375 0.0484375 0.06640625
0 0.490625 0.6513671875 0.05 0.068359375
0 0.58984375 0.25390625 0.0515625 0.06640625
0 0.46953125 0.3662109375 0.0515625 0.064453125
0 0.48671875 0.232421875 0.0515625 0.06640625
0 0.46015625 0.4345703125 0.0484375 0.068359375
0 0.76171875 0.638671875 0.0515625 0.0625
0 0.59765625 0.1826171875 0.0515625 0.068359375
0 0.71015625 0.13671875 0.0515625 0.06640625
0 0.73203125 0.4228515625 0.0515625 0.064453125
0 0.63203125 0.8232421875 0.0484375 0.064453125
0 0.79140625 0.8583984375 0.0515625 0.064453125
0 0.5734375 0.388671875 0.053125 0.06640625
0 0.553125 0.1044921875 0.05 0.068359375
0 0.70234375 0.6953125 0.0515625 0.0625
0 0.83046875 0.5126953125 0.0515625 0.068359375
0 0.61875 0.46875 0.05 0.0625
0 0.58671875 0.7431640625 0.0515625 0.068359375
0 0.65859375 0.1279296875 0.0515625 0.064453125
0 0.8 0.296875 0.053125 0.06640625
0 0.8 0.7861328125 0.053125 0.068359375
0 0.70859375 0.6259765625 0.0484375 0.068359375
0 0.48046875 0.7197265625 0.0515625 0.064453125
0 0.45390625 0.501953125 0.0515625 0.06640625
0 0.60390625 0.60546875 0.0515625 0.06640625
0 0.49921875 0.0947265625 0.0515625 0.068359375
0 0.80859375 0.2294921875 0.0515625 0.068359375
0 0.82265625 0.580078125 0.0484375 0.06640625
0 0.66171875 0.5458984375 0.0484375 0.064453125
0 0.67890625 0.41015625 0.0484375 0.06640625
0 0.4453125 0.5712890625 0.053125 0.064453125
0 0.54296875 0.173828125 0.0515625 0.0625
0 0.7234375 0.4892578125 0.053125 0.064453125
0 0.52734375 0.8017578125 0.0515625 0.064453125
0 0.58203125 0.3193359375 0.0515625 0.064453125
0 0.49765625 0.583984375 0.0515625 0.06640625
0 0.54296875 0.662109375 0.0515625 0.06640625
0 0.84453125 0.3740234375 0.0484375 0.068359375
0 0.65 0.1953125 0.053125 0.0625
0 0.86171875 0.2392578125 0.0484375 0.068359375
0 0.81484375 0.162109375 0.0484375 0.06640625
0 0.5203125 0.3779296875 0.05 0.068359375
0 0.51328125 0.4453125 0.0515625 0.06640625
0 0.640625 0.75390625 0.05 0.06640625
0 0.42890625 0.7119140625 0.0515625 0.068359375
0 0.63515625 0.33203125 0.0484375 0.06640625
0 0.85234375 0.306640625 0.0515625 0.06640625
0 0.42109375 0.77734375 0.0515625 0.0625
0 0.7453125 0.77734375 0.053125 0.0625
0 0.83671875 0.4443359375 0.0484375 0.064453125
0 0.81328125 0.6494140625 0.0515625 0.064453125
0 0.69453125 0.275390625 0.0484375 0.06640625
0 0.7765625 0.501953125 0.05 0.06640625
0 0.68515625 0.8359375 0.0515625 0.06640625
0 0.55703125 0.525390625 0.0515625 0.0625
0 0.86640625 0.1689453125 0.0484375 0.068359375
0 0.4765625 0.2978515625 0.05 0.064453125
