0 0.46875 0.3701171875 0.040625 0.048828125
0 0.7453125 0.4921875 0.040625 0.046875
0 0.4734375 0.4716796875 0.040625 0.048828125
0 0.703125 0.4443359375 0.040625 0.048828125
0 0.62421875 0.4541015625 0.0390625 0.048828125
0 0.628125 0.55859375 0.040625 0.05078125
0 0.740625 0.3896484375 0.040625 0.048828125
0 0.73828125 0.2841796875 0.0390625 0.048828125
0 0.696875 0.23828125 0.040625 0.046875
0 0.7078125 0.548828125 0.0375 0.05078125
0 0.621875 0.3505859375 0.040625 0.048828125
0 0.70078125 0.3408203125 0.0390625 0.048828125
0 0.5921875 0.61328125 0.040625 0.046875
0 0.58203125 0.3046875 0.0390625 0.046875
0 0.58515625 0.4072265625 0.0390625 0.048828125
0 0.61953125 0.2470703125 0.0390625 0.048828125
0 0.43671875 0.5810546875 0.0390625 0.048828125
0 0.78671875 0.541015625 0.0390625 0.05078125
0 0.39765625 0.4794921875 0.0390625 0.048828125
0 0.58984375 0.5625 0.0390625 0.046875
0 0.4671875 0.2685546875 0.040625 0.048828125
0 0.475 0.5732421875 0.040625 0.048828125
0 0.5125 0.5712890625 0.0375 0.048828125
0 0.54375 0.30859375 0.040625 0.05078125
0 0.3921875 0.328125 0.040625 0.05078125
0 0.66171875 0.345703125 0.0390625 0.05078125
0 0.74921875 0.5986328125 0.0390625 0.048828125
0 0.784375 0.4892578125 0.0375 0.048828125
0 0.5421875 0.2568359375 0.040625 0.048828125
0 0.77734375 0.279296875 0.0390625 0.046875
0 0.4328125 0.4765625 0.040625 0.05078125
0 0.5078125 0.365234375 0.040625 0.05078125
0 0.746875 0.544921875 0.040625 0.046875
0 0.54375 0.3603515625 0.040625 0.048828125
0 0.39453125 0.3779296875 0.0390625 0.048828125
0 0.62421875 0.40234375 0.0390625 0.05078125
0 0.55 0.513671875 0.040625 0.05078125
0 0.5453125 0.412109375 0.040625 0.05078125
0 0.66796875 0.5546875 0.0390625 0.046875
0 0.39921875 0.5830078125 0.0390625 0.048828125
0 0.6640625 0.451171875 0.040625 0.046875
0 0.628125 0.5068359375 0.040625 0.048828125
0 0.4671875 0.318359375 0.040625 0.05078125
0 0.434375 0.5283203125 0.040625 0.048828125
0 0.5890625 0.51171875 0.0375 0.05078125
0 0.7890625 0.59375 0.040625 0.046875
0 0.51015625 0.46875 0.0390625 0.046875
0 0.584375 0.35546875 0.040625 0.05078125
0 0.78125 0.3828125 0.040625 0.05078125
0 0.66953125 0.607421875 0.0390625 0.046875
0 0.4328125 0.42578125 0.040625 0.046875
0 0.74375 0.44140625 0.040625 0.046875
0 0.58671875 0.4599609375 0.0390625 0.048828125
0 0.5109375 0.5185546875 0.040625 0.048828125
0 0.4734375 0.5244140625 0.040625 0.048828125
0 0.4390625 0.6298828125 0.040625 0.048828125
0 0.78359375 0.4365234375 0.0390625 0.048828125
0 0.73984375 0.337890625 0.0390625 0.05078125
0 0.7796875 0.3310546875 0.040625 0.048828125
0 0.43125 0.3740234375 0.040625 0.048828125
0 0.42734375 0.2734375 0.0390625 0.046875
0 0.50390625 0.2626953125 0.0390625 0.048828125
0 0.775 0.228515625 0.040625 0.046875
0 0.6203125 0.298828125 0.040625 0.05078125
0 0.47109375 0.419921875 0.0390625 0.05078125
0 0.65859375 0.244140625 0.0390625 0.05078125
0 0.553125 0.6181640625 0.040625 0.048828125
0 0.5515625 0.5654296875 0.040625 0.048828125
0 0.5796875 0.251953125 0.040625 0.046875
0 0.3953125 0.4296875 0.0375 0.05078125
0 0.4296875 0.322265625 0.0375 0.046875
0 0.54765625 0.4619140625 0.0390625 0.048828125
0 0.6296875 0.6103515625 0.040625 0.048828125
0 0.665625 0.5009765625 0.0375 0.048828125
0 0.39765625 0.53125 0.0390625 0.05078125
0 0.4 0.634765625 0.040625 0.046875
0 0.5140625 0.623046875 0.0375 0.05078125
0 0.6625 0.3974609375 0.040625 0.048828125
0 0.71015625 0.6025390625 0.0390625 0.048828125
0 0.6609375 0.2939453125 0.040625 0.048828125
0 0.50859375 0.416015625 0.0390625 0.046875
0 0.7359375 0.2314453125 0.0375 0.048828125
0 0.7046875 0.4970703125 0.040625 0.048828125
0 0.4765625 0.625 0.040625 0.05078125
0 0.70078125 0.392578125 0.0390625 0.05078125
0 0.6984375 0.2880859375 0.040625 0.048828125
0 0.5046875 0.314453125 0.040625 0.046875
0 0.390625 0.2783203125 0.040625 0.048828125
