0 0.56171875 0.6201171875 0.0390625 0.048828125
0 0.596875 0.2119140625 0.040625 0.048828125
0 0.48125 0.673828125 0.040625 0.046875
0 0.5578125 0.4150390625 0.040625 0.048828125
0 0.5203125 0.62109375 0.0375 0.046875
0 0.434375 0.2724609375 0.0375 0.048828125
0 0.603125 0.5654296875 0.0375 0.048828125
0 0.640625 0.359375 0.040625 0.05078125
0 0.47421875 0.2177734375 0.0390625 0.044921875
0 0.515625 0.267578125 0.040625 0.046875
0 0.51640625 0.3671875 0.0390625 0.046875
0 0.478125 0.4716796875 0.0375 0.048828125
0 0.6421875 0.51171875 0.040625 0.05078125
0 0.559375 0.517578125 0.040625 0.046875
0 0.56484375 0.720703125 0.0390625 0.046875
0 0.47734375 0.4208984375 0.0390625 0.048828125
0 0.43828125 0.5234375 0.0390625 0.05078125
0 0.51875 0.46875 0.0375 0.046875
0 0.68125 0.306640625 0.040625 0.046875
0 0.5984375 0.3623046875 0.040625 0.048828125
0 0.6421875 0.4609375 0.040625 0.046875
0 0.63984375 0.30859375 0.0390625 0.046875
0 0.475 0.318359375 0.040625 0.046875
0 0.5203125 0.568359375 0.0375 0.046875
0 0.55703125 0.3154296875 0.0390625 0.048828125
0 0.6046875 0.6689453125 0.040625 0.048828125
0 0.4765625 0.369140625 0.0375 0.046875
0 0.39765625 0.62890625 0.0390625 0.05078125
0 0.48046875 0.6240234375 0.0390625 0.048828125
0 0.4375 0.4736328125 0.040625 0.048828125
0 0.60078125 0.4619140625 0.0390625 0.048828125
0 0.6453125 0.666015625 0.0375 0.046875
0 0.4390625 0.5751953125 0.040625 0.048828125
0 0.67890625 0.2060546875 0.0390625 0.044921875
0 0.51484375 0.2158203125 0.0390625 0.048828125
0 0.6390625 0.2587890625 0.040625 0.048828125
0 0.55625 0.2626953125 0.040625 0.048828125
0 0.3953125 0.375 0.040625 0.046875
0 0.396875 0.5771484375 0.040625 0.048828125
0 0.4796875 0.5732421875 0.040625 0.048828125
0 0.515625 0.318359375 0.040625 0.046875
0 0.5625 0.669921875 0.0375 0.046875
0 0.43515625 0.3212890625 0.0390625 0.048828125
0 0.684375 0.611328125 0.040625 0.046875
0 0.6015625 0.5146484375 0.040625 0.048828125
0 0.4390625 0.6787109375 0.040625 0.048828125
0 0.51953125 0.51953125 0.0390625 0.046875
0 0.52265625 0.7236328125 0.0390625 0.044921875
0 0.55703125 0.2138671875 0.0390625 0.048828125
0 0.60546875 0.7197265625 0.0390625 0.048828125
0 0.6 0.4130859375 0.040625 0.048828125
0 0.39375 0.32421875 0.0375 0.05078125
0 0.396875 0.4765625 0.040625 0.05078125
0 0.64453125 0.6142578125 0.0390625 0.048828125
0 0.55859375 0.466796875 0.0390625 0.046875
0 0.39609375 0.4248046875 0.0390625 0.048828125
0 0.4359375 0.3740234375 0.0375 0.048828125
0 0.521875 0.671875 0.040625 0.046875
0 0.646875 0.716796875 0.040625 0.046875
0 0.68203125 0.408203125 0.0390625 0.046875
0 0.43984375 0.7294921875 0.0390625 0.048828125
0 0.6046875 0.6171875 0.040625 0.05078125
0 0.5609375 0.5673828125 0.0375 0.048828125
0 0.39375 0.2744140625 0.0375 0.048828125
0 0.6875 0.71484375 0.0375 0.046875
0 0.43828125 0.6259765625 0.0390625 0.048828125
0 0.5171875 0.419921875 0.040625 0.046875
0 0.64375 0.5634765625 0.0375 0.048828125
0 0.6875 0.662109375 0.0375 0.046875
0 0.478125 0.5205078125 0.0375 0.048828125
0 0.3984375 0.6796875 0.040625 0.046875
0 0.596875 0.2607421875 0.040625 0.048828125
0 0.47421875 0.26953125 0.0390625 0.046875
0 0.6796875 0.255859375 0.0375 0.046875
0 0.6828125 0.458984375 0.040625 0.046875
0 0.68359375 0.5078125 0.0390625 0.046875
0 0.684375 0.560546875 0.040625 0.046875
0 0.4328125 0.2216796875 0.040625 0.048828125
0 0.4359375 0.4228515625 0.0375 0.048828125
0 0.59765625 0.3125 0.0390625 0.05078125
0 0.39765625 0.52734375 0.0390625 0.046875
0 0.68125 0.357421875 0.040625 0.046875
0 0.5578125 0.365234375 0.040625 0.046875
0 0.64140625 0.4111328125 0.0390625 0.048828125
0 0.6390625 0.208984375 0.040625 0.046875
0 0.3984375 0.7294921875 0.040625 0.048828125
0 0.39375 0.22265625 0.0375 0.046875
0 0.48203125 0.7265625 0.0390625 0.046875
