0 0.74921875 0.5458984375 0.0484375 0.076171875
0 0.48984375 0.3681640625 0.0515625 0.076171875
0 0.51484375 0.6142578125 0.0515625 0.076171875
0 0.61953125 0.7744140625 0.0515625 0.076171875
0 0.43515625 0.6044921875 0.0515625 0.076171875
0 0.48203125 0.4658203125 0.0515625 0.076171875
0 0.65703125 0.8271484375 0.0515625 0.076171875
0 0.53671875 0.2353515625 0.0515625 0.076171875
0 0.67890625 0.4404296875 0.0515625 0.076171875
0 0.60078125 0.43359375 0.0515625 0.07421875
0 0.59140625 0.6220703125 0.0515625 0.076171875
0 0.59609375 0.5283203125 0.0515625 0.076171875
0 0.75234375 0.4521484375 0.0515625 0.076171875
0 0.740625 0.7412109375 0.053125 0.076171875
0 0.37265625 0.4013671875 0.0515625 0.076171875
0 0.68203125 0.3466796875 0.0515625 0.076171875
0 0.62734375 0.6767578125 0.0515625 0.076171875
0 0.82109375 0.654296875 0.0515625 0.07421875
0 0.54140625 0.7666015625 0.0515625 0.076171875
0 0.85859375 0.7080078125 0.0515625 0.076171875
0 0.65234375 0.2021484375 0.0515625 0.076171875
0 0.66640625 0.6357421875 0.0515625 0.076171875
0 0.64765625 0.2958984375 0.0515625 0.076171875
0 0.56640625 0.3798828125 0.0515625 0.076171875
0 0.70859375 0.5888671875 0.0515625 0.076171875
0 0.33046875 0.4482421875 0.0515625 0.076171875
0 0.57890625 0.8212890625 0.0515625 0.076171875
0 0.70390625 0.6865234375 0.0515625 0.076171875
0 0.67109375 0.5380859375 0.0515625 0.076171875
0 0.56796875 0.2861328125 0.0515625 0.076171875
0 0.40703125 0.4560546875 0.0515625 0.076171875
0 0.45234375 0.3173828125 0.0515625 0.076171875
0 0.51953125 0.5205078125 0.0515625 0.076171875
0 0.7578125 0.3544921875 0.053125 0.076171875
0 0.61484375 0.1513671875 0.0515625 0.076171875
0 0.54921875 0.6689453125 0.0515625 0.076171875
0 0.86328125 0.6083984375 0.0515625 0.072265625
0 0.83203125 0.458984375 0.0515625 0.07421875
0 0.68671875 0.2529296875 0.0515625 0.076171875
0 0.63671875 0.484375 0.0515625 0.07421875
0 0.50703125 0.7080078125 0.0515625 0.076171875
0 0.63046875 0.58203125 0.0515625 0.07421875
0 0.37890625 0.3115234375 0.0515625 0.076171875
0 0.45859375 0.2275390625 0.0515625 0.076171875
0 0.54140625 0.1435546875 0.0515625 0.076171875
0 0.73359375 0.8427734375 0.0515625 0.076171875
0 0.40078125 0.5537109375 0.0515625 0.076171875
0 0.64296875 0.38671875 0.0515625 0.07421875
0 0.69921875 0.7841796875 0.0515625 0.076171875
0 0.69453125 0.8857421875 0.0515625 0.076171875
0 0.33828125 0.3505859375 0.0515625 0.076171875
0 0.41328125 0.361328125 0.0515625 0.07421875
0 0.71328125 0.4951171875 0.0515625 0.076171875
0 0.78515625 0.6005859375 0.0515625 0.076171875
0 0.90078125 0.6611328125 0.0515625 0.076171875
0 0.78203125 0.6982421875 0.0515625 0.076171875
0 0.60546875 0.3359375 0.0515625 0.07421875
0 0.55390625 0.5712890625 0.0515625 0.076171875
0 0.71796875 0.4013671875 0.0515625 0.076171875
0 0.72265625 0.3037109375 0.0515625 0.076171875
0 0.86796875 0.5126953125 0.0515625 0.076171875
0 0.65234375 0.9287109375 0.0515625 0.076171875
0 0.58359375 0.7236328125 0.0515625 0.076171875
0 0.90546875 0.5634765625 0.0515625 0.076171875
0 0.44296875 0.5087890625 0.0515625 0.076171875
0 0.52890625 0.3291015625 0.0515625 0.076171875
0 0.61484375 0.8720703125 0.0515625 0.076171875
0 0.56015625 0.4736328125 0.0484375 0.076171875
0 0.57578125 0.1943359375 0.0515625 0.076171875
0 0.93984375 0.6181640625 0.0515625 0.076171875
0 0.78984375 0.5068359375 0.0515625 0.076171875
0 0.79453125 0.4091796875 0.0515625 0.076171875
0 0.36640625 0.4990234375 0.0515625 0.076171875
0 0.49453125 0.2783203125 0.0515625 0.076171875
0 0.47265625 0.654296875 0.0515625 0.07421875
0 0.81640625 0.751953125 0.0515625 0.07421875
0 0.775 0.7958984375 0.053125 0.076171875
0 0.52734375 0.4228515625 0.0515625 0.076171875
0 0.82734375 0.556640625 0.0515625 0.07421875
0 0.49921875 0.1845703125 0.0515625 0.076171875
0 0.66171875 0.7294921875 0.0515625 0.076171875
0 0.61015625 0.2451171875 0.0515625 0.076171875
0 0.47734375 0.5595703125 0.0515625 0.076171875
0 0.44765625 0.4150390625 0.0515625 0.076171875
0 0.41796875 0.2666015625 0.0515625 0.076171875
0 0.74296875 0.6435546875 0.0515625 0.076171875
0 0.29609375 0.3935546875 0.0515625 0.076171875
0 0.58046875 0.1005859375 0.0515625 0.076171875
