0 0.37109375 0.8515625 0.0453125 0.05859375
0 0.36875 0.65234375 0.04375 0.05859375
0 0.58046875 0.4873046875 0.0453125 0.056640625
0 0.428125 0.4892578125 0.046875 0.060546875
0 0.58125 0.2919921875 0.04375 0.060546875
0 0.2765625 0.494140625 0.046875 0.05859375
0 0.734375 0.6826171875 0.04375 0.060546875
0 0.5203125 0.6474609375 0.04375 0.060546875
0 0.30703125 0.4130859375 0.0453125 0.056640625
0 0.44453125 0.748046875 0.0453125 0.05859375
0 0.6421875 0.3310546875 0.046875 0.060546875
0 0.62578125 0.4658203125 0.0453125 0.060546875
0 0.4609375 0.6083984375 0.046875 0.060546875
0 0.67265625 0.6455078125 0.0453125 0.056640625
0 0.3078125 0.61328125 0.046875 0.05859375
0 0.596875 0.7451171875 0.04375 0.056640625
0 0.596875 0.546875 0.04375 0.0625
0 0.2921875 0.7529296875 0.04375 0.060546875
0 0.246875 0.5732421875 0.046875 0.060546875
0 0.7640625 0.603515625 0.046875 0.05859375
0 0.21640625 0.4560546875 0.0453125 0.060546875
0 0.55234375 0.7666015625 0.0453125 0.060546875
0 0.61015625 0.6044921875 0.0453125 0.060546875
0 0.73125 0.484375 0.04375 0.05859375
0 0.4140625 0.431640625 0.046875 0.05859375
0 0.4578125 0.41015625 0.046875 0.05859375
0 0.78046875 0.6611328125 0.0453125 0.056640625
0 0.671875 0.251953125 0.046875 0.05859375
0 0.428125 0.6884765625 0.046875 0.060546875
0 0.65546875 0.388671875 0.0453125 0.0625
0 0.4734375 0.4677734375 0.04375 0.056640625
0 0.2625 0.6337890625 0.04375 0.060546875
0 0.39921875 0.5712890625 0.0453125 0.056640625
0 0.2765625 0.693359375 0.046875 0.05859375
0 0.48984375 0.333984375 0.0453125 0.0625
0 0.56484375 0.4296875 0.0453125 0.05859375
0 0.61015625 0.408203125 0.0453125 0.0625
0 0.58046875 0.6875 0.0453125 0.05859375
0 0.321875 0.47265625 0.04375 0.0625
0 0.2921875 0.5517578125 0.04375 0.056640625
0 0.44453125 0.5498046875 0.0453125 0.060546875
0 0.2625 0.43359375 0.04375 0.0625
0 0.50625 0.3916015625 0.04375 0.060546875
0 0.353125 0.791015625 0.046875 0.05859375
0 0.36875 0.451171875 0.04375 0.05859375
0 0.62578125 0.666015625 0.0453125 0.0625
0 0.71796875 0.4296875 0.0453125 0.05859375
0 0.415625 0.8310546875 0.04375 0.060546875
0 0.7015625 0.5634765625 0.04375 0.060546875
0 0.5203125 0.451171875 0.04375 0.05859375
0 0.3984375 0.37109375 0.04375 0.05859375
0 0.3078125 0.814453125 0.046875 0.0625
0 0.3828125 0.509765625 0.04375 0.05859375
0 0.56484375 0.6259765625 0.0453125 0.056640625
0 0.33671875 0.5302734375 0.0453125 0.060546875
0 0.6859375 0.5048828125 0.046875 0.060546875
0 0.3390625 0.732421875 0.04375 0.05859375
0 0.7484375 0.5419921875 0.04375 0.056640625
0 0.671875 0.4501953125 0.046875 0.060546875
0 0.5046875 0.7890625 0.046875 0.0625
0 0.39921875 0.76953125 0.0453125 0.0625
0 0.48984375 0.529296875 0.0453125 0.05859375
0 0.55 0.3671875 0.04375 0.05859375
0 0.6421875 0.724609375 0.046875 0.0625
0 0.71796875 0.6240234375 0.0453125 0.060546875
0 0.55 0.56640625 0.04375 0.0625
0 0.3234375 0.6728515625 0.046875 0.060546875
0 0.32421875 0.875 0.0453125 0.05859375
0 0.534375 0.5078125 0.046875 0.0625
0 0.475 0.66796875 0.046875 0.05859375
0 0.703125 0.3671875 0.046875 0.05859375
0 0.353125 0.591796875 0.046875 0.0625
0 0.490625 0.728515625 0.04375 0.05859375
0 0.6875 0.3095703125 0.04375 0.056640625
0 0.65625 0.583984375 0.046875 0.05859375
0 0.534375 0.3095703125 0.046875 0.056640625
0 0.353125 0.3916015625 0.046875 0.060546875
0 0.6890625 0.703125 0.046875 0.05859375
0 0.5046875 0.587890625 0.046875 0.05859375
0 0.640625 0.525390625 0.04375 0.05859375
0 0.415625 0.62890625 0.04375 0.05859375
0 0.62578125 0.271484375 0.0453125 0.05859375
0 0.2328125 0.517578125 0.046875 0.0625
0 0.44453125 0.3505859375 0.0453125 0.060546875
0 0.5953125 0.3515625 0.046875 0.05859375
0 0.53515625 0.705078125 0.0453125 0.0625
0 0.384375 0.712890625 0.046875 0.05859375
0 0.4609375 0.8095703125 0.046875 0.056640625
