0 0.56953125 0.3701171875 0.0484375 0.052734375
0 0.27109375 0.587890625 0.0484375 0.05078125
0 0.375 0.27734375 0.05 0.05078125
0 0.41640625 0.33984375 0.0484375 0.05078125
0 0.4671875 0.3515625 0.046875 0.05078125
0 0.375 0.6064453125 0.05 0.052734375
0 0.31484375 0.650390625 0.0484375 0.05078125
0 0.528125 0.3046875 0.05 0.05078125
0 0.5515625 0.8037109375 0.05 0.048828125
0 0.6109375 0.4326171875 0.05 0.052734375
0 0.4921875 0.51953125 0.05 0.05078125
0 0.45 0.45703125 0.05 0.05078125
0 0.553125 0.4775390625 0.046875 0.048828125
0 0.40078125 0.775390625 0.0484375 0.05078125
0 0.51015625 0.7392578125 0.0484375 0.052734375
0 0.25546875 0.6923828125 0.0484375 0.048828125
0 0.41640625 0.6689453125 0.0484375 0.052734375
0 0.35703125 0.712890625 0.0484375 0.05078125
0 0.3046875 0.3759765625 0.05 0.052734375
0 0.6296875 0.3271484375 0.05 0.052734375
0 0.6375 0.2724609375 0.05 0.052734375
0 0.51015625 0.4140625 0.0484375 0.05078125
0 0.434375 0.5634765625 0.05 0.052734375
0 0.33359375 0.5439453125 0.0484375 0.052734375
0 0.390625 0.5009765625 0.05 0.052734375
0 0.2984375 0.427734375 0.046875 0.05078125
0 0.3 0.755859375 0.05 0.05078125
0 0.58671875 0.2626953125 0.0453125 0.048828125
0 0.42421875 0.2880859375 0.0484375 0.048828125
0 0.5359375 0.5849609375 0.05 0.052734375
0 0.4421875 0.51171875 0.05 0.05078125
0 0.40859375 0.39453125 0.0484375 0.05078125
0 0.4578125 0.40234375 0.05 0.05078125
0 0.221875 0.576171875 0.05 0.05078125
0 0.4 0.44921875 0.046875 0.05078125
0 0.59296875 0.5390625 0.0484375 0.05078125
0 0.3640625 0.33203125 0.05 0.05078125
0 0.32265625 0.267578125 0.0484375 0.05078125
0 0.28125 0.533203125 0.05 0.05078125
0 0.52578125 0.63671875 0.0484375 0.05078125
0 0.5 0.7939453125 0.05 0.052734375
0 0.45 0.7861328125 0.05 0.052734375
0 0.25546875 0.365234375 0.0484375 0.05078125
0 0.465625 0.6796875 0.05 0.05078125
0 0.4765625 0.296875 0.05 0.05078125
0 0.484375 0.5732421875 0.05 0.048828125
0 0.24765625 0.7451171875 0.0484375 0.052734375
0 0.58515625 0.5927734375 0.0484375 0.052734375
0 0.2140625 0.630859375 0.05 0.05078125
0 0.34921875 0.435546875 0.0484375 0.05078125
0 0.6203125 0.380859375 0.046875 0.05078125
0 0.26328125 0.3115234375 0.0484375 0.048828125
0 0.484375 0.2421875 0.05 0.05078125
0 0.31484375 0.3212890625 0.0484375 0.052734375
0 0.4328125 0.234375 0.046875 0.05078125
0 0.57734375 0.31640625 0.0484375 0.05078125
0 0.54375 0.5302734375 0.05 0.052734375
0 0.34140625 0.490234375 0.0484375 0.05078125
0 0.42421875 0.615234375 0.0484375 0.05078125
0 0.4078125 0.720703125 0.046875 0.05078125
0 0.4578125 0.7314453125 0.05 0.052734375
0 0.23125 0.525390625 0.046875 0.05078125
0 0.5671875 0.6962890625 0.05 0.052734375
0 0.27109375 0.2568359375 0.0484375 0.048828125
0 0.2375 0.470703125 0.05 0.05078125
0 0.603125 0.4873046875 0.05 0.052734375
0 0.475 0.6259765625 0.046875 0.052734375
0 0.3828125 0.5546875 0.05 0.05078125
0 0.35703125 0.3837890625 0.0484375 0.052734375
0 0.51875 0.359375 0.046875 0.05078125
0 0.33046875 0.212890625 0.0484375 0.05078125
0 0.265625 0.638671875 0.05 0.05078125
0 0.534375 0.25390625 0.046875 0.05078125
0 0.32265625 0.5966796875 0.0484375 0.048828125
0 0.57734375 0.64453125 0.0484375 0.05078125
0 0.34921875 0.763671875 0.0484375 0.05078125
0 0.24765625 0.4189453125 0.0484375 0.052734375
0 0.2890625 0.4814453125 0.05 0.052734375
0 0.3671875 0.658203125 0.05 0.05078125
0 0.559375 0.4228515625 0.05 0.048828125
0 0.2796875 0.205078125 0.046875 0.05078125
0 0.50234375 0.46484375 0.0484375 0.05078125
0 0.203125 0.6826171875 0.05 0.052734375
0 0.3828125 0.2236328125 0.05 0.052734375
0 0.51796875 0.6875 0.0484375 0.05078125
0 0.3046875 0.701171875 0.05 0.05078125
0 0.5609375 0.75 0.046875 0.05078125
0 0.1984375 0.7392578125 0.05 0.052734375
