0 0.5453125 0.5986328125 0.034375 0.033203125
0 0.55390625 0.408203125 0.0296875 0.03125
0 0.634375 0.443359375 0.03125 0.03515625
0 0.5828125 0.6767578125 0.03125 0.033203125
0 0.29140625 0.64453125 0.0265625 0.03125
0 0.378125 0.6025390625 0.034375 0.033203125
0 0.54765625 0.521484375 0.0328125 0.03515625
0 0.25625 0.5673828125 0.03125 0.033203125
0 0.6703125 0.6357421875 0.034375 0.033203125
0 0.6734375 0.5185546875 0.03125 0.033203125
0 0.67734375 0.443359375 0.0328125 0.03125
0 0.5 0.6396484375 0.03125 0.033203125
0 0.63046875 0.55859375 0.0328125 0.03125
0 0.5515625 0.484375 0.03125 0.03125
0 0.46640625 0.5244140625 0.0328125 0.033203125
0 0.4703125 0.4501953125 0.03125 0.033203125
0 0.37265625 0.6826171875 0.0328125 0.033203125
0 0.5875 0.5595703125 0.03125 0.033203125
0 0.67109375 0.59765625 0.0328125 0.03125
0 0.4625 0.5615234375 0.03125 0.033203125
0 0.59140625 0.482421875 0.0328125 0.03125
0 0.53984375 0.677734375 0.0328125 0.03515625
0 0.625 0.67578125 0.034375 0.03515625
0 0.6328125 0.482421875 0.03125 0.03125
0 0.4140625 0.6787109375 0.03125 0.033203125
0 0.63203125 0.5185546875 0.0328125 0.033203125
0 0.49921875 0.6767578125 0.0328125 0.033203125
0 0.5953125 0.408203125 0.03125 0.03515625
0 0.45859375 0.640625 0.0328125 0.03125
0 0.6265625 0.6357421875 0.03125 0.033203125
0 0.4546875 0.6787109375 0.03125 0.033203125
0 0.38125 0.5654296875 0.03125 0.033203125
0 0.28828125 0.6826171875 0.0328125 0.033203125
0 0.26484375 0.453125 0.0296875 0.03125
0 0.42109375 0.5634765625 0.0328125 0.029296875
0 0.42734375 0.4873046875 0.0328125 0.033203125
0 0.46015625 0.6005859375 0.0328125 0.033203125
0 0.54375 0.6396484375 0.03125 0.033203125
0 0.51328125 0.4091796875 0.0328125 0.033203125
0 0.253125 0.607421875 0.034375 0.03125
0 0.66875 0.6748046875 0.03125 0.033203125
0 0.58671875 0.5986328125 0.0328125 0.033203125
0 0.46796875 0.486328125 0.0296875 0.03125
0 0.6375 0.40625 0.03125 0.03125
0 0.29453125 0.60546875 0.0328125 0.03515625
0 0.384375 0.48828125 0.03125 0.02734375
0 0.67265625 0.5576171875 0.0328125 0.033203125
0 0.6734375 0.48046875 0.03125 0.03125
0 0.678125 0.4052734375 0.034375 0.037109375
0 0.628125 0.595703125 0.034375 0.03515625
0 0.584375 0.6357421875 0.03125 0.033203125
0 0.5015625 0.599609375 0.03125 0.03125
0 0.590625 0.51953125 0.03125 0.03125
0 0.4171875 0.6396484375 0.034375 0.033203125
0 0.54609375 0.5595703125 0.0328125 0.033203125
0 0.33125 0.6826171875 0.028125 0.033203125
0 0.55234375 0.4482421875 0.0328125 0.033203125
0 0.509375 0.4853515625 0.03125 0.033203125
0 0.3359375 0.603515625 0.03125 0.03125
0 0.50703125 0.5244140625 0.0328125 0.033203125
0 0.34140625 0.52734375 0.0296875 0.03125
0 0.4234375 0.525390625 0.03125 0.03125
0 0.30546875 0.453125 0.0328125 0.03125
0 0.59375 0.4453125 0.03125 0.02734375
0 0.375 0.642578125 0.03125 0.03125
0 0.34375 0.4912109375 0.03125 0.033203125
0 0.2609375 0.4931640625 0.034375 0.033203125
0 0.43125 0.4111328125 0.03125 0.033203125
0 0.33359375 0.6416015625 0.0328125 0.033203125
0 0.29765625 0.56640625 0.0296875 0.03125
0 0.4203125 0.6015625 0.03125 0.03125
0 0.3828125 0.5263671875 0.03125 0.033203125
0 0.5109375 0.4462890625 0.034375 0.029296875
0 0.3015625 0.5283203125 0.03125 0.033203125
0 0.3390625 0.56640625 0.034375 0.03125
0 0.3078125 0.416015625 0.028125 0.03125
0 0.42890625 0.44921875 0.0296875 0.03125
0 0.346875 0.4521484375 0.034375 0.033203125
0 0.5046875 0.5615234375 0.03125 0.033203125
0 0.259375 0.529296875 0.03125 0.03125
0 0.246875 0.6845703125 0.03125 0.033203125
0 0.35 0.4140625 0.03125 0.03515625
0 0.25 0.6435546875 0.03125 0.033203125
0 0.30390625 0.490234375 0.0296875 0.02734375
0 0.3890625 0.451171875 0.03125 0.03125
0 0.471875 0.41015625 0.028125 0.03125
0 0.3890625 0.4140625 0.03125 0.03515625
0 0.26640625 0.4169921875 0.0328125 0.033203125
