0 0.44765625 0.2353515625 0.0453125 0.064453125
0 0.35078125 0.5205078125 0.0453125 0.064453125
0 0.44921875 0.3759765625 0.0453125 0.064453125
0 0.35078125 0.3798828125 0.0453125 0.064453125
0 0.75234375 0.5830078125 0.0453125 0.064453125
0 0.34921875 0.1669921875 0.0453125 0.064453125
0 0.34921875 0.2373046875 0.0453125 0.064453125
0 0.4515625 0.5185546875 0.04375 0.064453125
0 0.40078125 0.5205078125 0.0453125 0.064453125
0 0.44765625 0.1650390625 0.0453125 0.064453125
0 0.75 0.4404296875 0.04375 0.064453125
0 0.40078125 0.5908203125 0.0453125 0.064453125
0 0.50234375 0.5888671875 0.0453125 0.064453125
0 0.54921875 0.2314453125 0.0453125 0.064453125
0 0.40078125 0.3798828125 0.0453125 0.064453125
0 0.30078125 0.3818359375 0.0453125 0.064453125
0 0.7484375 0.2998046875 0.04375 0.064453125
0 0.80078125 0.4404296875 0.0453125 0.064453125
0 0.79921875 0.2958984375 0.0453125 0.064453125
0 0.69921875 0.4404296875 0.0453125 0.064453125
0 0.80234375 0.5830078125 0.0453125 0.064453125
0 0.7015625 0.5849609375 0.04375 0.064453125
0 0.60078125 0.5888671875 0.0453125 0.064453125
0 0.4515625 0.6630859375 0.04375 0.064453125
0 0.35234375 0.6650390625 0.0453125 0.064453125
0 0.64921875 0.3720703125 0.0453125 0.064453125
0 0.7484375 0.3681640625 0.04375 0.064453125
0 0.35078125 0.3095703125 0.0453125 0.064453125
0 0.65078125 0.5849609375 0.0453125 0.064453125
0 0.69765625 0.2294921875 0.0453125 0.064453125
0 0.30234375 0.6650390625 0.0453125 0.064453125
0 0.546875 0.1630859375 0.04375 0.064453125
0 0.5 0.4462890625 0.04375 0.064453125
0 0.75234375 0.6552734375 0.0453125 0.064453125
0 0.64921875 0.4443359375 0.0453125 0.064453125
0 0.64765625 0.3017578125 0.0453125 0.064453125
0 0.54921875 0.3740234375 0.0453125 0.064453125
0 0.403125 0.6630859375 0.04375 0.064453125
0 0.64765625 0.2294921875 0.0453125 0.064453125
0 0.4515625 0.5908203125 0.04375 0.064453125
0 0.75 0.5126953125 0.04375 0.064453125
0 0.40078125 0.4482421875 0.0453125 0.064453125
0 0.55078125 0.5888671875 0.0453125 0.064453125
0 0.39921875 0.2373046875 0.0453125 0.064453125
0 0.44921875 0.3076171875 0.0453125 0.064453125
0 0.5 0.5185546875 0.04375 0.064453125
0 0.30234375 0.5244140625 0.0453125 0.064453125
0 0.35078125 0.4521484375 0.0453125 0.064453125
0 0.44921875 0.4482421875 0.0453125 0.064453125
0 0.29921875 0.2392578125 0.0453125 0.064453125
0 0.30078125 0.4521484375 0.0453125 0.064453125
0 0.55078125 0.5185546875 0.0453125 0.064453125
0 0.59921875 0.4443359375 0.0453125 0.064453125
0 0.54921875 0.3037109375 0.0453125 0.064453125
0 0.5 0.3759765625 0.04375 0.064453125
0 0.7484375 0.2275390625 0.04375 0.064453125
0 0.55078125 0.4462890625 0.0453125 0.064453125
0 0.39765625 0.1650390625 0.0453125 0.064453125
0 0.64921875 0.5126953125 0.0453125 0.064453125
0 0.64765625 0.1572265625 0.0453125 0.064453125
0 0.55234375 0.6591796875 0.0453125 0.064453125
0 0.30234375 0.5947265625 0.0453125 0.064453125
0 0.69765625 0.2998046875 0.0453125 0.064453125
0 0.4984375 0.2314453125 0.04375 0.064453125
0 0.7015625 0.6552734375 0.04375 0.064453125
0 0.59765625 0.2314453125 0.0453125 0.064453125
0 0.796875 0.1552734375 0.04375 0.064453125
0 0.50234375 0.6591796875 0.0453125 0.064453125
0 0.74609375 0.1552734375 0.0453125 0.064453125
0 0.30078125 0.3095703125 0.0453125 0.064453125
0 0.65078125 0.6572265625 0.0453125 0.064453125
0 0.69609375 0.1572265625 0.0453125 0.064453125
0 0.35234375 0.5927734375 0.0453125 0.064453125
0 0.29921875 0.1669921875 0.0453125 0.064453125
0 0.79921875 0.2236328125 0.0453125 0.064453125
0 0.60234375 0.6572265625 0.0453125 0.064453125
0 0.39921875 0.3076171875 0.0453125 0.064453125
0 0.80234375 0.6552734375 0.0453125 0.064453125
0 0.60078125 0.5166015625 0.0453125 0.064453125
0 0.4984375 0.3037109375 0.04375 0.064453125
0 0.69921875 0.3720703125 0.0453125 0.064453125
0 0.59921875 0.3740234375 0.0453125 0.064453125
0 0.59921875 0.3017578125 0.0453125 0.064453125
0 0.4984375 0.1630859375 0.04375 0.064453125
0 0.59765625 0.1591796875 0.0453125 0.064453125
0 0.69921875 0.5126953125 0.0453125 0.064453125
0 0.79921875 0.3681640625 0.0453125 0.064453125
0 0.80078125 0.5107421875 0.0453125 0.064453125
