0 0.37578125 0.6103515625 0.0390625 0.048828125
0 0.31484375 0.3427734375 0.0390625 0.048828125
0 0.66328125 0.3798828125 0.0390625 0.048828125
0 0.53671875 0.4384765625 0.0390625 0.048828125
0 0.40546875 0.3916015625 0.0390625 0.048828125
0 0.57265625 0.3310546875 0.0390625 0.048828125
0 0.52734375 0.2783203125 0.0390625 0.048828125
0 0.72578125 0.6455078125 0.0390625 0.048828125
0 0.54921875 0.6005859375 0.0390625 0.048828125
0 0.50234375 0.5498046875 0.0390625 0.048828125
0 0.76015625 0.5361328125 0.0390625 0.048828125
0 0.66953125 0.4853515625 0.0390625 0.048828125
0 0.61640625 0.3271484375 0.0390625 0.048828125
0 0.36171875 0.3955078125 0.0390625 0.048828125
0 0.46640625 0.6591796875 0.0390625 0.048828125
0 0.58359375 0.4912109375 0.0390625 0.048828125
0 0.59140625 0.5986328125 0.0390625 0.048828125
0 0.58828125 0.5439453125 0.0390625 0.048828125
0 0.63515625 0.5966796875 0.0390625 0.048828125
0 0.71328125 0.4833984375 0.0390625 0.048828125
0 0.48359375 0.2822265625 0.0390625 0.048828125
0 0.45859375 0.5517578125 0.0390625 0.048828125
0 0.40078125 0.3388671875 0.0390625 0.048828125
0 0.45234375 0.4443359375 0.0390625 0.048828125
0 0.62734375 0.4873046875 0.0390625 0.048828125
0 0.74921875 0.3740234375 0.0390625 0.048828125
0 0.41171875 0.4990234375 0.0390625 0.048828125
0 0.54453125 0.5458984375 0.0390625 0.048828125
0 0.42265625 0.6611328125 0.0390625 0.048828125
0 0.67734375 0.5927734375 0.0390625 0.048828125
0 0.41953125 0.6083984375 0.0390625 0.048828125
0 0.67421875 0.5400390625 0.0390625 0.048828125
0 0.46171875 0.6044921875 0.0390625 0.048828125
0 0.48828125 0.3349609375 0.0390625 0.048828125
0 0.55234375 0.6552734375 0.0390625 0.048828125
0 0.32421875 0.5048828125 0.0390625 0.048828125
0 0.36796875 0.5029296875 0.0390625 0.048828125
0 0.33203125 0.6123046875 0.0390625 0.048828125
0 0.39765625 0.2861328125 0.0390625 0.048828125
0 0.41484375 0.5537109375 0.0390625 0.048828125
0 0.44765625 0.3896484375 0.0390625 0.048828125
0 0.49765625 0.4951171875 0.0390625 0.048828125
0 0.74140625 0.2685546875 0.0390625 0.048828125
0 0.61171875 0.2744140625 0.0390625 0.048828125
0 0.31171875 0.2900390625 0.0390625 0.048828125
0 0.71015625 0.4306640625 0.0390625 0.048828125
0 0.70546875 0.3759765625 0.0390625 0.048828125
0 0.37109375 0.5556640625 0.0390625 0.048828125
0 0.58046875 0.4365234375 0.0390625 0.048828125
0 0.75234375 0.4267578125 0.0390625 0.048828125
0 0.35390625 0.2880859375 0.0390625 0.048828125
0 0.33515625 0.6669921875 0.0390625 0.048828125
0 0.62265625 0.4345703125 0.0390625 0.048828125
0 0.75703125 0.4814453125 0.0390625 0.048828125
0 0.53046875 0.3330078125 0.0390625 0.048828125
0 0.45546875 0.4970703125 0.0390625 0.048828125
0 0.49140625 0.3876953125 0.0390625 0.048828125
0 0.57734375 0.3837890625 0.0390625 0.048828125
0 0.69921875 0.2705078125 0.0390625 0.048828125
0 0.63828125 0.6494140625 0.0390625 0.048828125
0 0.50859375 0.6572265625 0.0390625 0.048828125
0 0.54140625 0.4931640625 0.0390625 0.048828125
0 0.35859375 0.3408203125 0.0390625 0.048828125
0 0.66640625 0.4326171875 0.0390625 0.048828125
0 0.44140625 0.2841796875 0.0390625 0.048828125
0 0.65859375 0.3251953125 0.0390625 0.048828125
0 0.71796875 0.5380859375 0.0390625 0.048828125
0 0.68203125 0.6474609375 0.0390625 0.048828125
0 0.36484375 0.4482421875 0.0390625 0.048828125
0 0.32890625 0.5595703125 0.0390625 0.048828125
0 0.76484375 0.5888671875 0.0390625 0.048828125
0 0.56953125 0.2763671875 0.0390625 0.048828125
0 0.76796875 0.6435546875 0.0390625 0.048828125
0 0.37890625 0.6650390625 0.0390625 0.048828125
0 0.72109375 0.5908203125 0.0390625 0.048828125
0 0.61953125 0.3818359375 0.0390625 0.048828125
0 0.70234375 0.3232421875 0.0390625 0.048828125
0 0.63046875 0.5419921875 0.0390625 0.048828125
0 0.49453125 0.4423828125 0.0390625 0.048828125
0 0.50546875 0.6025390625 0.0390625 0.048828125
0 0.40859375 0.4462890625 0.0390625 0.048828125
0 0.53359375 0.3857421875 0.0390625 0.048828125
0 0.44453125 0.3369140625 0.0390625 0.048828125
0 0.59609375 0.6513671875 0.0390625 0.048828125
0 0.31796875 0.3974609375 0.0390625 0.048828125
0 0.32109375 0.4501953125 0.0390625 0.048828125
0 0.65546875 0.2724609375 0.0390625 0.048828125
0 0.74453125 0.3212890625 0.0390625 0.048828125
