0 0.44921875 0.5009765625 0.0390625 0.048828125
0 0.41015625 0.6142578125 0.0390625 0.048828125
0 0.53984375 0.5478515625 0.0390625 0.048828125
0 0.71015625 0.4267578125 0.0390625 0.048828125
0 0.39921875 0.3955078125 0.0390625 0.048828125
0 0.35390625 0.3447265625 0.0390625 0.048828125
0 0.58671875 0.6005859375 0.0390625 0.048828125
0 0.71640625 0.5361328125 0.0390625 0.048828125
0 0.41328125 0.6689453125 0.0390625 0.048828125
0 0.52890625 0.3310546875 0.0390625 0.048828125
0 0.40234375 0.4501953125 0.0390625 0.048828125
0 0.66796875 0.4833984375 0.0390625 0.048828125
0 0.62421875 0.4873046875 0.0390625 0.048828125
0 0.52578125 0.2783203125 0.0390625 0.048828125
0 0.70078125 0.2646484375 0.0390625 0.048828125
0 0.58828125 0.6552734375 0.0390625 0.048828125
0 0.76015625 0.5322265625 0.0390625 0.048828125
0 0.57734375 0.4365234375 0.0390625 0.048828125
0 0.57421875 0.3818359375 0.0390625 0.048828125
0 0.53671875 0.4951171875 0.0390625 0.048828125
0 0.71328125 0.4814453125 0.0390625 0.048828125
0 0.66328125 0.3759765625 0.0390625 0.048828125
0 0.74921875 0.3134765625 0.0390625 0.048828125
0 0.35078125 0.2900390625 0.0390625 0.048828125
0 0.36953125 0.6708984375 0.0390625 0.048828125
0 0.35859375 0.4541015625 0.0390625 0.048828125
0 0.36171875 0.5087890625 0.0390625 0.048828125
0 0.44296875 0.3935546875 0.0390625 0.048828125
0 0.45078125 0.5556640625 0.0390625 0.048828125
0 0.63046875 0.5966796875 0.0390625 0.048828125
0 0.45390625 0.6103515625 0.0390625 0.048828125
0 0.36328125 0.5615234375 0.0390625 0.048828125
0 0.53359375 0.4404296875 0.0390625 0.048828125
0 0.67421875 0.5927734375 0.0390625 0.048828125
0 0.76328125 0.5869140625 0.0390625 0.048828125
0 0.50078125 0.6611328125 0.0390625 0.048828125
0 0.48203125 0.2802734375 0.0390625 0.048828125
0 0.48671875 0.3896484375 0.0390625 0.048828125
0 0.72265625 0.6455078125 0.0390625 0.048828125
0 0.65703125 0.2666015625 0.0390625 0.048828125
0 0.40546875 0.5048828125 0.0390625 0.048828125
0 0.66640625 0.4287109375 0.0390625 0.048828125
0 0.32421875 0.6748046875 0.0390625 0.048828125
0 0.54453125 0.6591796875 0.0390625 0.048828125
0 0.49296875 0.4970703125 0.0390625 0.048828125
0 0.43828125 0.2841796875 0.0390625 0.048828125
0 0.49765625 0.6064453125 0.0390625 0.048828125
0 0.61953125 0.3779296875 0.0390625 0.048828125
0 0.48984375 0.4443359375 0.0390625 0.048828125
0 0.75390625 0.4228515625 0.0390625 0.048828125
0 0.36640625 0.6162109375 0.0390625 0.048828125
0 0.61328125 0.2705078125 0.0390625 0.048828125
0 0.70390625 0.3173828125 0.0390625 0.048828125
0 0.31484375 0.4580078125 0.0390625 0.048828125
0 0.67734375 0.6474609375 0.0390625 0.048828125
0 0.67109375 0.5380859375 0.0390625 0.048828125
0 0.48515625 0.3349609375 0.0390625 0.048828125
0 0.58046875 0.4912109375 0.0390625 0.048828125
0 0.57265625 0.3291015625 0.0390625 0.048828125
0 0.32265625 0.6201171875 0.0390625 0.048828125
0 0.61640625 0.3251953125 0.0390625 0.048828125
0 0.75078125 0.3681640625 0.0390625 0.048828125
0 0.62109375 0.4326171875 0.0390625 0.048828125
0 0.31171875 0.4033203125 0.0390625 0.048828125
0 0.66015625 0.3212890625 0.0390625 0.048828125
0 0.44609375 0.4462890625 0.0390625 0.048828125
0 0.76640625 0.6416015625 0.0390625 0.048828125
0 0.31953125 0.5654296875 0.0390625 0.048828125
0 0.31015625 0.3486328125 0.0390625 0.048828125
0 0.30703125 0.2958984375 0.0390625 0.048828125
0 0.49609375 0.5517578125 0.0390625 0.048828125
0 0.39765625 0.3427734375 0.0390625 0.048828125
0 0.62734375 0.5419921875 0.0390625 0.048828125
0 0.40703125 0.5595703125 0.0390625 0.048828125
0 0.63359375 0.6513671875 0.0390625 0.048828125
0 0.58359375 0.5458984375 0.0390625 0.048828125
0 0.54140625 0.6025390625 0.0390625 0.048828125
0 0.35546875 0.3994140625 0.0390625 0.048828125
0 0.71953125 0.5908203125 0.0390625 0.048828125
0 0.53046875 0.3857421875 0.0390625 0.048828125
0 0.44140625 0.3388671875 0.0390625 0.048828125
0 0.74609375 0.2607421875 0.0390625 0.048828125
0 0.70703125 0.3720703125 0.0390625 0.048828125
0 0.45703125 0.6650390625 0.0390625 0.048828125
0 0.31640625 0.5107421875 0.0390625 0.048828125
0 0.56953125 0.2744140625 0.0390625 0.048828125
0 0.39453125 0.2880859375 0.0390625 0.048828125
0 0.75703125 0.4775390625 0.0390625 0.048828125
