0 0.42578125 0.1552734375 0.0578125 0.072265625
0 0.68515625 0.1552734375 0.0578125 0.072265625
0 0.29609375 0.1552734375 0.0578125 0.072265625
0 0.55390625 0.1552734375 0.0578125 0.072265625
0 0.16640625 0.1552734375 0.0578125 0.072265625
0 0.23203125 0.3134765625 0.0578125 0.072265625
0 0.55390625 0.3134765625 0.0578125 0.072265625
0 0.23203125 0.1552734375 0.0578125 0.072265625
0 0.81328125 0.1552734375 0.0578125 0.072265625
0 0.68359375 0.3134765625 0.0578125 0.072265625
0 0.48828125 0.3134765625 0.0578125 0.072265625
0 0.42421875 0.3134765625 0.0578125 0.072265625
0 0.81328125 0.3134765625 0.0578125 0.072265625
0 0.29609375 0.3134765625 0.0578125 0.072265625
0 0.16484375 0.5478515625 0.0578125 0.072265625
0 0.35859375 0.3134765625 0.0578125 0.072265625
0 0.48828125 0.1552734375 0.0578125 0.072265625
0 0.36171875 0.1552734375 0.0578125 0.072265625
0 0.42421875 0.55078125 0.0578125 0.0703125
0 0.48828125 0.470703125 0.0578125 0.0703125
0 0.36171875 0.470703125 0.0578125 0.0703125
0 0.68359375 0.470703125 0.0578125 0.0703125
0 0.29453125 0.5478515625 0.0578125 0.072265625
0 0.55390625 0.470703125 0.0578125 0.0703125
0 0.23203125 0.470703125 0.0578125 0.0703125
0 0.74765625 0.3134765625 0.0578125 0.072265625
0 0.61796875 0.3134765625 0.0578125 0.072265625
0 0.68359375 0.55078125 0.0578125 0.0703125
0 0.55390625 0.55078125 0.0578125 0.0703125
0 0.42421875 0.470703125 0.0578125 0.0703125
0 0.74765625 0.470703125 0.0578125 0.0703125
0 0.74765625 0.1552734375 0.0578125 0.072265625
0 0.55390625 0.3935546875 0.0578125 0.072265625
0 0.61796875 0.470703125 0.0578125 0.0703125
0 0.68359375 0.2353515625 0.0578125 0.072265625
0 0.23203125 0.2333984375 0.0578125 0.072265625
0 0.48828125 0.55078125 0.0578125 0.0703125
0 0.42421875 0.3935546875 0.0578125 0.072265625
0 0.61796875 0.1552734375 0.0578125 0.072265625
0 0.23203125 0.390625 0.0578125 0.0703125
0 0.29609375 0.3935546875 0.0578125 0.072265625
0 0.29609375 0.470703125 0.0578125 0.0703125
0 0.35859375 0.5478515625 0.0578125 0.072265625
0 0.29609375 0.2353515625 0.0578125 0.072265625
0 0.42578125 0.078125 0.0578125 0.0703125
0 0.68359375 0.078125 0.0578125 0.0703125
0 0.81484375 0.078125 0.0578125 0.0703125
0 0.35859375 0.390625 0.0578125 0.0703125
0 0.68359375 0.3935546875 0.0578125 0.072265625
0 0.55390625 0.2353515625 0.0578125 0.072265625
0 0.74765625 0.55078125 0.0578125 0.0703125
0 0.42578125 0.2353515625 0.0578125 0.072265625
0 0.23203125 0.5478515625 0.0578125 0.072265625
0 0.61796875 0.55078125 0.0578125 0.0703125
0 0.68359375 0.6318359375 0.0578125 0.072265625
0 0.16640625 0.0751953125 0.0578125 0.072265625
0 0.81484375 0.3935546875 0.0578125 0.072265625
0 0.55390625 0.078125 0.0578125 0.0703125
0 0.16640625 0.470703125 0.0578125 0.0703125
0 0.81328125 0.470703125 0.0578125 0.0703125
0 0.29609375 0.0751953125 0.0578125 0.072265625
0 0.81484375 0.6318359375 0.0578125 0.072265625
0 0.22890625 0.6279296875 0.0578125 0.072265625
0 0.16640625 0.3935546875 0.0578125 0.072265625
0 0.81328125 0.55078125 0.0578125 0.0703125
0 0.36171875 0.078125 0.0578125 0.0703125
0 0.49140625 0.2353515625 0.0578125 0.072265625
0 0.36171875 0.2353515625 0.0578125 0.072265625
0 0.48828125 0.6279296875 0.0578125 0.072265625
0 0.61796875 0.3935546875 0.0578125 0.072265625
0 0.81328125 0.2353515625 0.0578125 0.072265625
0 0.42421875 0.6279296875 0.0578125 0.072265625
0 0.74765625 0.3935546875 0.0578125 0.072265625
0 0.48828125 0.3935546875 0.0578125 0.072265625
0 0.23203125 0.0751953125 0.0578125 0.072265625
0 0.29453125 0.6279296875 0.0578125 0.072265625
0 0.61796875 0.078125 0.0578125 0.0703125
0 0.61796875 0.6279296875 0.0578125 0.072265625
0 0.55390625 0.6279296875 0.0578125 0.072265625
0 0.16640625 0.3134765625 0.0578125 0.072265625
0 0.35859375 0.6279296875 0.0578125 0.072265625
0 0.61796875 0.2353515625 0.0578125 0.072265625
0 0.49140625 0.078125 0.0578125 0.0703125
0 0.75078125 0.6318359375 0.0578125 0.072265625
0 0.74765625 0.2353515625 0.0578125 0.072265625
0 0.75078125 0.0751953125 0.0578125 0.072265625
0 0.16640625 0.2333984375 0.0578125 0.072265625
0 0.16640625 0.6279296875 0.0578125 0.072265625
