0 0.5421875 0.1572265625 0.040625 0.048828125
0 0.6046875 0.2236328125 0.040625 0.048828125
0 0.6671875 0.2919921875 0.0375 0.048828125
0 0.73046875 0.3583984375 0.0390625 0.048828125
0 0.54609375 0.2265625 0.0390625 0.046875
0 0.29375 0.56640625 0.040625 0.046875
0 0.4171875 0.703125 0.040625 0.046875
0 0.70234375 0.3974609375 0.0390625 0.048828125
0 0.609375 0.294921875 0.040625 0.046875
0 0.69921875 0.32421875 0.0390625 0.05078125
0 0.5046875 0.6611328125 0.040625 0.048828125
0 0.4453125 0.666015625 0.040625 0.046875
0 0.64296875 0.40234375 0.0390625 0.046875
0 0.40390625 0.345703125 0.0390625 0.046875
0 0.3859375 0.66796875 0.0375 0.046875
0 0.35078125 0.4912109375 0.0390625 0.048828125
0 0.6453125 0.47265625 0.040625 0.046875
0 0.48671875 0.232421875 0.0390625 0.046875
0 0.76171875 0.3935546875 0.0390625 0.048828125
0 0.5859375 0.4775390625 0.0375 0.048828125
0 0.34765625 0.4208984375 0.0390625 0.048828125
0 0.29140625 0.49609375 0.0390625 0.046875
0 0.640625 0.3291015625 0.0375 0.048828125
0 0.35546875 0.6357421875 0.0390625 0.044921875
0 0.57421875 0.1904296875 0.0390625 0.048828125
0 0.53515625 0.6962890625 0.0390625 0.048828125
0 0.41640625 0.630859375 0.0390625 0.046875
0 0.534375 0.6240234375 0.040625 0.048828125
0 0.58125 0.33203125 0.040625 0.046875
0 0.4765625 0.69921875 0.040625 0.046875
0 0.6359375 0.2578125 0.040625 0.05078125
0 0.50234375 0.5908203125 0.0390625 0.048828125
0 0.5484375 0.30078125 0.040625 0.046875
0 0.45 0.736328125 0.040625 0.046875
0 0.53046875 0.552734375 0.0390625 0.046875
0 0.321875 0.529296875 0.040625 0.046875
0 0.5765625 0.26171875 0.040625 0.046875
0 0.45859375 0.2705078125 0.0390625 0.048828125
0 0.49140625 0.3037109375 0.0390625 0.048828125
0 0.4734375 0.626953125 0.040625 0.05078125
0 0.584375 0.4052734375 0.0375 0.048828125
0 0.4125 0.5576171875 0.0375 0.048828125
0 0.40625 0.416015625 0.0375 0.046875
0 0.5609375 0.5859375 0.040625 0.046875
0 0.49921875 0.517578125 0.0390625 0.046875
0 0.615625 0.439453125 0.040625 0.046875
0 0.73359375 0.4326171875 0.0390625 0.048828125
0 0.47890625 0.7724609375 0.0390625 0.048828125
0 0.50703125 0.734375 0.0390625 0.046875
0 0.70546875 0.46875 0.0390625 0.046875
0 0.52734375 0.48046875 0.0390625 0.046875
0 0.6203125 0.5830078125 0.0375 0.048828125
0 0.559375 0.515625 0.040625 0.046875
0 0.409375 0.4873046875 0.040625 0.048828125
0 0.44296875 0.5927734375 0.0390625 0.048828125
0 0.353125 0.5625 0.040625 0.046875
0 0.47265625 0.5556640625 0.0390625 0.048828125
0 0.6734375 0.435546875 0.040625 0.046875
0 0.325 0.6015625 0.040625 0.046875
0 0.6484375 0.5458984375 0.0375 0.048828125
0 0.5890625 0.5478515625 0.040625 0.048828125
0 0.6171875 0.5107421875 0.040625 0.048828125
0 0.3828125 0.525390625 0.040625 0.046875
0 0.384375 0.595703125 0.0375 0.046875
0 0.440625 0.5205078125 0.0375 0.048828125
0 0.5140625 0.1953125 0.040625 0.046875
0 0.46328125 0.3408203125 0.0390625 0.048828125
0 0.5171875 0.265625 0.0375 0.046875
0 0.5640625 0.658203125 0.0375 0.046875
0 0.67734375 0.5078125 0.0390625 0.046875
0 0.26328125 0.533203125 0.0390625 0.046875
0 0.5921875 0.62109375 0.0375 0.046875
0 0.67109375 0.3642578125 0.0390625 0.048828125
0 0.525 0.4072265625 0.040625 0.048828125
0 0.521875 0.3369140625 0.040625 0.048828125
0 0.46875 0.484375 0.0375 0.05078125
0 0.43046875 0.3076171875 0.0390625 0.048828125
0 0.6125 0.3671875 0.0375 0.046875
0 0.465625 0.412109375 0.040625 0.046875
0 0.31953125 0.45703125 0.0390625 0.05078125
0 0.55546875 0.4423828125 0.0390625 0.048828125
0 0.553125 0.37109375 0.040625 0.05078125
0 0.4375 0.451171875 0.040625 0.046875
0 0.434375 0.37890625 0.0375 0.046875
0 0.496875 0.4453125 0.0375 0.046875
0 0.49375 0.3759765625 0.040625 0.048828125
0 0.3796875 0.4521484375 0.040625 0.048828125
0 0.37578125 0.3828125 0.0390625 0.046875
