0 0.81953125 0.6162109375 0.0609375 0.060546875
0 0.553125 0.517578125 0.059375 0.0625
0 0.7625 0.4951171875 0.059375 0.060546875
0 0.609375 0.638671875 0.059375 0.0625
0 0.4984375 0.396484375 0.059375 0.0625
0 0.7265625 0.7314453125 0.059375 0.060546875
0 0.7046875 0.375 0.059375 0.0625
0 0.3453125 0.5400390625 0.059375 0.060546875
0 0.590625 0.283203125 0.059375 0.0625
0 0.290625 0.4189453125 0.059375 0.060546875
0 0.44375 0.2763671875 0.059375 0.060546875
0 0.3890625 0.158203125 0.059375 0.0625
0 0.2390625 0.2978515625 0.059375 0.060546875
0 0.434375 0.5712890625 0.059375 0.060546875
0 0.4171875 0.216796875 0.059375 0.0625
0 0.703125 0.5224609375 0.059375 0.060546875
0 0.49375 0.544921875 0.059375 0.0625
0 0.521875 0.603515625 0.059375 0.0625
0 0.4578125 0.78125 0.059375 0.0625
0 0.6046875 0.7880859375 0.059375 0.060546875
0 0.471875 0.337890625 0.059375 0.0625
0 0.5765625 0.7265625 0.059375 0.0625
0 0.3796875 0.451171875 0.059375 0.0625
0 0.4625 0.6328125 0.059375 0.0625
0 0.55 0.6650390625 0.059375 0.060546875
0 0.2125 0.2412109375 0.059375 0.060546875
0 0.7296875 0.58203125 0.059375 0.0625
0 0.5171875 0.75390625 0.059375 0.0625
0 0.4390625 0.423828125 0.059375 0.0625
0 0.7578125 0.6435546875 0.059375 0.060546875
0 0.5953125 0.1357421875 0.059375 0.060546875
0 0.4890625 0.6923828125 0.059375 0.060546875
0 0.67421875 0.4609375 0.0609375 0.0625
0 0.7859375 0.705078125 0.059375 0.0625
0 0.32421875 0.3330078125 0.0609375 0.060546875
0 0.66953125 0.611328125 0.0609375 0.0625
0 0.403125 0.66015625 0.059375 0.0625
0 0.6453125 0.4013671875 0.059375 0.060546875
0 0.5359375 0.1650390625 0.059375 0.060546875
0 0.4671875 0.4833984375 0.059375 0.060546875
0 0.65 0.25390625 0.059375 0.0625
0 0.6390625 0.7001953125 0.059375 0.060546875
0 0.4078125 0.5126953125 0.059375 0.060546875
0 0.5859375 0.4287109375 0.059375 0.060546875
0 0.26953125 0.21484375 0.0609375 0.0625
0 0.5078125 0.103515625 0.059375 0.0625
0 0.4296875 0.7197265625 0.059375 0.060546875
0 0.4765625 0.189453125 0.059375 0.0625
0 0.684375 0.16796875 0.059375 0.0625
0 0.6984375 0.669921875 0.059375 0.0625
0 0.6671875 0.7587890625 0.059375 0.060546875
0 0.5671875 0.076171875 0.059375 0.0625
0 0.384375 0.3056640625 0.059375 0.060546875
0 0.5578125 0.3701171875 0.059375 0.060546875
0 0.6546875 0.1083984375 0.059375 0.060546875
0 0.64375 0.5498046875 0.059375 0.060546875
0 0.31953125 0.478515625 0.0609375 0.0625
0 0.3578125 0.244140625 0.059375 0.0625
0 0.5453125 0.8154296875 0.059375 0.060546875
0 0.353125 0.3916015625 0.059375 0.060546875
0 0.6171875 0.3427734375 0.059375 0.060546875
0 0.7390625 0.2880859375 0.059375 0.060546875
0 0.79375 0.40625 0.059375 0.0625
0 0.2640625 0.359375 0.059375 0.0625
0 0.709375 0.2265625 0.059375 0.0625
0 0.5265625 0.4560546875 0.059375 0.060546875
0 0.53125 0.310546875 0.059375 0.0625
0 0.503125 0.2490234375 0.059375 0.060546875
0 0.4125 0.365234375 0.059375 0.0625
0 0.33125 0.1845703125 0.059375 0.060546875
0 0.37421875 0.5986328125 0.0609375 0.060546875
0 0.821875 0.46875 0.059375 0.0625
0 0.85 0.52734375 0.059375 0.0625
0 0.6140625 0.48828125 0.059375 0.0625
0 0.58125 0.576171875 0.059375 0.0625
0 0.62421875 0.1953125 0.0609375 0.0625
0 0.734375 0.43359375 0.059375 0.0625
0 0.7671875 0.34765625 0.059375 0.0625
0 0.8484375 0.677734375 0.059375 0.0625
0 0.6796875 0.3154296875 0.059375 0.060546875
0 0.4859375 0.8427734375 0.059375 0.060546875
0 0.6265625 0.0498046875 0.059375 0.060546875
0 0.4484375 0.130859375 0.059375 0.0625
0 0.5625 0.2216796875 0.059375 0.060546875
0 0.790625 0.5546875 0.059375 0.0625
0 0.9078125 0.650390625 0.059375 0.0625
0 0.2984375 0.271484375 0.059375 0.0625
0 0.8796875 0.5869140625 0.059375 0.060546875
