0 0.496875 0.5771484375 0.040625 0.048828125
0 0.32578125 0.4453125 0.0421875 0.05078125
0 0.496875 0.529296875 0.040625 0.05078125
0 0.4140625 0.5810546875 0.040625 0.048828125
0 0.4109375 0.48828125 0.040625 0.046875
0 0.4109375 0.4423828125 0.040625 0.048828125
0 0.32578125 0.4921875 0.0421875 0.05078125
0 0.4546875 0.5322265625 0.040625 0.048828125
0 0.4140625 0.53515625 0.040625 0.05078125
0 0.49375 0.2412109375 0.0375 0.048828125
0 0.58125 0.28515625 0.040625 0.046875
0 0.278125 0.3046875 0.040625 0.05078125
0 0.665625 0.3759765625 0.040625 0.048828125
0 0.665625 0.3271484375 0.040625 0.048828125
0 0.3671875 0.39453125 0.040625 0.05078125
0 0.36875 0.4423828125 0.040625 0.048828125
0 0.665625 0.28125 0.040625 0.05078125
0 0.665625 0.23046875 0.040625 0.05078125
0 0.45078125 0.24609375 0.0390625 0.05078125
0 0.709375 0.560546875 0.040625 0.05078125
0 0.5375 0.478515625 0.040625 0.05078125
0 0.58203125 0.572265625 0.0390625 0.05078125
0 0.5359375 0.23828125 0.040625 0.05078125
0 0.6234375 0.474609375 0.040625 0.05078125
0 0.625 0.521484375 0.040625 0.05078125
0 0.4921875 0.291015625 0.040625 0.05078125
0 0.5390625 0.431640625 0.0375 0.05078125
0 0.709375 0.5146484375 0.040625 0.048828125
0 0.3671875 0.34765625 0.040625 0.046875
0 0.4078125 0.2978515625 0.040625 0.048828125
0 0.540625 0.52734375 0.040625 0.05078125
0 0.4546875 0.4384765625 0.040625 0.048828125
0 0.409375 0.392578125 0.040625 0.05078125
0 0.62421875 0.42578125 0.0390625 0.05078125
0 0.6234375 0.3310546875 0.040625 0.048828125
0 0.328125 0.587890625 0.040625 0.05078125
0 0.3234375 0.3984375 0.040625 0.046875
0 0.3234375 0.3515625 0.040625 0.05078125
0 0.58125 0.23828125 0.040625 0.05078125
0 0.4546875 0.484375 0.040625 0.05078125
0 0.4515625 0.392578125 0.040625 0.05078125
0 0.58125 0.380859375 0.040625 0.05078125
0 0.4078125 0.2490234375 0.040625 0.048828125
0 0.28125 0.3515625 0.040625 0.05078125
0 0.496875 0.482421875 0.040625 0.05078125
0 0.5828125 0.5244140625 0.040625 0.048828125
0 0.496875 0.43359375 0.040625 0.05078125
0 0.4546875 0.580078125 0.040625 0.05078125
0 0.3640625 0.2490234375 0.040625 0.048828125
0 0.4515625 0.341796875 0.040625 0.05078125
0 0.58125 0.4765625 0.040625 0.05078125
0 0.6234375 0.2333984375 0.040625 0.048828125
0 0.328125 0.5400390625 0.040625 0.048828125
0 0.709375 0.326171875 0.040625 0.05078125
0 0.409375 0.34375 0.040625 0.05078125
0 0.62421875 0.5693359375 0.0390625 0.048828125
0 0.284375 0.58984375 0.040625 0.05078125
0 0.4953125 0.38671875 0.040625 0.05078125
0 0.3703125 0.537109375 0.040625 0.05078125
0 0.321875 0.3017578125 0.040625 0.048828125
0 0.58203125 0.4296875 0.0390625 0.046875
0 0.7109375 0.228515625 0.040625 0.05078125
0 0.58125 0.333984375 0.040625 0.05078125
0 0.36875 0.490234375 0.040625 0.05078125
0 0.2828125 0.4501953125 0.040625 0.048828125
0 0.31875 0.25390625 0.040625 0.05078125
0 0.71015625 0.4208984375 0.0390625 0.048828125
0 0.45 0.2939453125 0.040625 0.048828125
0 0.6234375 0.283203125 0.040625 0.05078125
0 0.665625 0.51953125 0.040625 0.05078125
0 0.28125 0.400390625 0.040625 0.05078125
0 0.540625 0.5732421875 0.040625 0.048828125
0 0.6234375 0.37890625 0.040625 0.05078125
0 0.709375 0.373046875 0.040625 0.05078125
0 0.4953125 0.3388671875 0.040625 0.048828125
0 0.3703125 0.5849609375 0.040625 0.048828125
0 0.3640625 0.298828125 0.040625 0.05078125
0 0.6671875 0.5654296875 0.0375 0.048828125
0 0.665625 0.470703125 0.040625 0.05078125
0 0.71015625 0.27734375 0.0390625 0.046875
0 0.5375 0.3359375 0.040625 0.05078125
0 0.6671875 0.423828125 0.0375 0.05078125
0 0.709375 0.46875 0.040625 0.05078125
0 0.5375 0.2890625 0.040625 0.05078125
0 0.5375 0.3837890625 0.040625 0.048828125
0 0.2828125 0.49609375 0.040625 0.046875
0 0.2765625 0.2568359375 0.040625 0.048828125
0 0.284375 0.54296875 0.040625 0.05078125
