0 0.73046875 0.3447265625 0.0390625 0.048828125
0 0.56328125 0.2607421875 0.0390625 0.048828125
0 0.69453125 0.3115234375 0.0390625 0.048828125
0 0.55078125 0.6513671875 0.0390625 0.048828125
0 0.76640625 0.3759765625 0.0390625 0.048828125
0 0.61171875 0.6396484375 0.0390625 0.048828125
0 0.55390625 0.1845703125 0.0390625 0.048828125
0 0.66015625 0.2802734375 0.0390625 0.048828125
0 0.40078125 0.4482421875 0.0390625 0.048828125
0 0.54140625 0.5751953125 0.0390625 0.048828125
0 0.35859375 0.6103515625 0.0390625 0.048828125
0 0.39296875 0.6435546875 0.0390625 0.048828125
0 0.53203125 0.4990234375 0.0390625 0.048828125
0 0.46171875 0.4365234375 0.0390625 0.048828125
0 0.70546875 0.3876953125 0.0390625 0.048828125
0 0.32265625 0.5791015625 0.0390625 0.048828125
0 0.43671875 0.7509765625 0.0390625 0.048828125
0 0.63359375 0.3232421875 0.0390625 0.048828125
0 0.29765625 0.6220703125 0.0390625 0.048828125
0 0.55703125 0.4560546875 0.0390625 0.048828125
0 0.59296875 0.4873046875 0.0390625 0.048828125
0 0.47265625 0.7822265625 0.0390625 0.048828125
0 0.48671875 0.3916015625 0.0390625 0.048828125
0 0.46328125 0.7060546875 0.0390625 0.048828125
0 0.71484375 0.4638671875 0.0390625 0.048828125
0 0.31328125 0.5029296875 0.0390625 0.048828125
0 0.57265625 0.3369140625 0.0390625 0.048828125
0 0.58359375 0.4111328125 0.0390625 0.048828125
0 0.41015625 0.5224609375 0.0390625 0.048828125
0 0.36796875 0.6865234375 0.0390625 0.048828125
0 0.58828125 0.2177734375 0.0390625 0.048828125
0 0.40234375 0.7177734375 0.0390625 0.048828125
0 0.42890625 0.6748046875 0.0390625 0.048828125
0 0.41640625 0.3291015625 0.0390625 0.048828125
0 0.28828125 0.5478515625 0.0390625 0.048828125
0 0.38359375 0.5673828125 0.0390625 0.048828125
0 0.33984375 0.4599609375 0.0390625 0.048828125
0 0.56640625 0.5302734375 0.0390625 0.048828125
0 0.52265625 0.4248046875 0.0390625 0.048828125
0 0.65390625 0.4755859375 0.0390625 0.048828125
0 0.56015625 0.7275390625 0.0390625 0.048828125
0 0.63828125 0.5947265625 0.0390625 0.048828125
0 0.45234375 0.3603515625 0.0390625 0.048828125
0 0.62734375 0.5185546875 0.0390625 0.048828125
0 0.49921875 0.7392578125 0.0390625 0.048828125
0 0.60234375 0.5634765625 0.0390625 0.048828125
0 0.54765625 0.3798828125 0.0390625 0.048828125
0 0.39140625 0.3720703125 0.0390625 0.048828125
0 0.41953125 0.5986328125 0.0390625 0.048828125
0 0.47109375 0.5107421875 0.0390625 0.048828125
0 0.49296875 0.1982421875 0.0390625 0.048828125
0 0.44140625 0.2861328125 0.0390625 0.048828125
0 0.62421875 0.2490234375 0.0390625 0.048828125
0 0.73984375 0.4189453125 0.0390625 0.048828125
0 0.53359375 0.7705078125 0.0390625 0.048828125
0 0.42578125 0.4033203125 0.0390625 0.048828125
0 0.48046875 0.5869140625 0.0390625 0.048828125
0 0.50859375 0.8154296875 0.0390625 0.048828125
0 0.59921875 0.2919921875 0.0390625 0.048828125
0 0.49609375 0.4677734375 0.0390625 0.048828125
0 0.50234375 0.2724609375 0.0390625 0.048828125
0 0.36484375 0.4169921875 0.0390625 0.048828125
0 0.47734375 0.3173828125 0.0390625 0.048828125
0 0.34921875 0.5341796875 0.0390625 0.048828125
0 0.48984375 0.6630859375 0.0390625 0.048828125
0 0.57734375 0.6064453125 0.0390625 0.048828125
0 0.51328125 0.3486328125 0.0390625 0.048828125
0 0.51796875 0.1552734375 0.0390625 0.048828125
0 0.45390625 0.6298828125 0.0390625 0.048828125
0 0.50546875 0.5419921875 0.0390625 0.048828125
0 0.64453125 0.3994140625 0.0390625 0.048828125
0 0.58671875 0.6826171875 0.0390625 0.048828125
0 0.37578125 0.4912109375 0.0390625 0.048828125
0 0.33203125 0.6552734375 0.0390625 0.048828125
0 0.61796875 0.4443359375 0.0390625 0.048828125
0 0.52890625 0.2294921875 0.0390625 0.048828125
0 0.66328125 0.5517578125 0.0390625 0.048828125
0 0.52421875 0.6943359375 0.0390625 0.048828125
0 0.43515625 0.4794921875 0.0390625 0.048828125
0 0.66953125 0.3564453125 0.0390625 0.048828125
0 0.67890625 0.4326171875 0.0390625 0.048828125
0 0.53828125 0.3037109375 0.0390625 0.048828125
0 0.60859375 0.3681640625 0.0390625 0.048828125
0 0.51484375 0.6181640625 0.0390625 0.048828125
0 0.68984375 0.5068359375 0.0390625 0.048828125
0 0.44453125 0.5556640625 0.0390625 0.048828125
0 0.46796875 0.2412109375 0.0390625 0.048828125
0 0.26171875 0.5908203125 0.0390625 0.048828125
