0 0.3671875 0.111328125 0.040625 0.0625
0 0.56796875 0.759765625 0.0421875 0.0625
0 0.38671875 0.6640625 0.0421875 0.0625
0 0.3453125 0.587890625 0.040625 0.0625
0 0.52421875 0.68359375 0.0421875 0.0625
0 0.39921875 0.3896484375 0.0421875 0.060546875
0 0.31171875 0.30859375 0.0421875 0.0625
0 0.57734375 0.486328125 0.0421875 0.0625
0 0.321875 0.103515625 0.040625 0.0625
0 0.44296875 0.4638671875 0.0421875 0.060546875
0 0.58515625 0.3505859375 0.0421875 0.060546875
0 0.33515625 0.794921875 0.0421875 0.0625
0 0.52890625 0.5478515625 0.0421875 0.060546875
0 0.48046875 0.609375 0.0421875 0.0625
0 0.47265625 0.814453125 0.0421875 0.0625
0 0.47578125 0.74609375 0.0421875 0.0625
0 0.34765625 0.5185546875 0.0421875 0.060546875
0 0.39453125 0.525390625 0.0421875 0.0625
0 0.36015625 0.2470703125 0.0421875 0.060546875
0 0.40234375 0.3203125 0.0421875 0.0625
0 0.5359375 0.412109375 0.040625 0.0625
0 0.49609375 0.26953125 0.0421875 0.0625
0 0.61953125 0.560546875 0.0421875 0.0625
0 0.40859375 0.1875 0.0421875 0.0625
0 0.57265625 0.6220703125 0.0421875 0.060546875
0 0.59296875 0.1484375 0.0421875 0.0625
0 0.35390625 0.3828125 0.0421875 0.0625
0 0.33828125 0.7255859375 0.0421875 0.060546875
0 0.52578125 0.615234375 0.0421875 0.0625
0 0.58984375 0.21484375 0.0421875 0.0625
0 0.30546875 0.4443359375 0.0421875 0.060546875
0 0.63125 0.2890625 0.040625 0.0625
0 0.44765625 0.328125 0.0421875 0.0625
0 0.54453125 0.20703125 0.0421875 0.0625
0 0.484375 0.541015625 0.040625 0.0625
0 0.390625 0.5947265625 0.040625 0.060546875
0 0.6265625 0.4248046875 0.040625 0.060546875
0 0.4125 0.1181640625 0.040625 0.060546875
0 0.35703125 0.31640625 0.0421875 0.0625
0 0.45703125 0.1259765625 0.0421875 0.060546875
0 0.30078125 0.580078125 0.0421875 0.0625
0 0.58125 0.4169921875 0.040625 0.060546875
0 0.53828125 0.3427734375 0.0421875 0.060546875
0 0.40546875 0.25390625 0.0421875 0.0625
0 0.61484375 0.6982421875 0.0421875 0.060546875
0 0.61328125 0.767578125 0.0421875 0.0625
0 0.49296875 0.3359375 0.0421875 0.0625
0 0.45390625 0.1923828125 0.0421875 0.060546875
0 0.4875 0.4716796875 0.040625 0.060546875
0 0.49921875 0.2001953125 0.0421875 0.060546875
0 0.43046875 0.740234375 0.0421875 0.0625
0 0.44609375 0.3974609375 0.0421875 0.060546875
0 0.43203125 0.6689453125 0.0421875 0.060546875
0 0.296875 0.6494140625 0.040625 0.060546875
0 0.4390625 0.533203125 0.040625 0.0625
0 0.31875 0.169921875 0.040625 0.0625
0 0.54765625 0.140625 0.0421875 0.0625
0 0.30859375 0.375 0.0421875 0.0625
0 0.35078125 0.451171875 0.0421875 0.0625
0 0.63515625 0.22265625 0.0421875 0.0625
0 0.51796875 0.822265625 0.0421875 0.0625
0 0.6296875 0.357421875 0.040625 0.0625
0 0.42734375 0.8076171875 0.0421875 0.060546875
0 0.29375 0.71875 0.040625 0.0625
0 0.30234375 0.513671875 0.0421875 0.0625
0 0.36328125 0.1796875 0.0421875 0.0625
0 0.61796875 0.62890625 0.0421875 0.0625
0 0.52109375 0.7529296875 0.0421875 0.060546875
0 0.50234375 0.1328125 0.0421875 0.0625
0 0.28984375 0.787109375 0.0421875 0.0625
0 0.58671875 0.28125 0.0421875 0.0625
0 0.38359375 0.7333984375 0.0421875 0.060546875
0 0.57421875 0.552734375 0.0421875 0.0625
0 0.38203125 0.802734375 0.0421875 0.0625
0 0.56953125 0.69140625 0.0421875 0.0625
0 0.49140625 0.404296875 0.0421875 0.0625
0 0.54140625 0.2763671875 0.0421875 0.060546875
0 0.5328125 0.478515625 0.040625 0.0625
0 0.4359375 0.6025390625 0.040625 0.060546875
0 0.47890625 0.6767578125 0.0421875 0.060546875
0 0.56484375 0.8291015625 0.0421875 0.060546875
0 0.45078125 0.26171875 0.0421875 0.0625
0 0.62265625 0.494140625 0.0421875 0.0625
0 0.31484375 0.2392578125 0.0421875 0.060546875
0 0.3421875 0.65625 0.040625 0.0625
0 0.39765625 0.458984375 0.0421875 0.0625
0 0.61015625 0.8369140625 0.0421875 0.060546875
0 0.63671875 0.1533203125 0.0421875 0.060546875
