0 0.50390625 0.4443359375 0.0421875 0.060546875
0 0.703125 0.5908203125 0.04375 0.060546875
0 0.5390625 0.3681640625 0.040625 0.060546875
0 0.62265625 0.673828125 0.0421875 0.05859375
0 0.5859375 0.7451171875 0.04375 0.060546875
0 0.55625 0.8818359375 0.04375 0.060546875
0 0.63828125 0.7998046875 0.0453125 0.060546875
0 0.4671875 0.5166015625 0.04375 0.056640625
0 0.64296875 0.4755859375 0.0421875 0.060546875
0 0.55546875 0.4970703125 0.0421875 0.060546875
0 0.48671875 0.31640625 0.0421875 0.05859375
0 0.48984375 0.7041015625 0.0453125 0.056640625
0 0.59140625 0.421875 0.0421875 0.0625
0 0.7125 0.6533203125 0.040625 0.056640625
0 0.62265625 0.28515625 0.0421875 0.0625
0 0.690625 0.8525390625 0.04375 0.060546875
0 0.7171875 0.328125 0.04375 0.0625
0 0.52421875 0.2412109375 0.0421875 0.060546875
0 0.571875 0.623046875 0.04375 0.05859375
0 0.6671875 0.6650390625 0.04375 0.060546875
0 0.65859375 0.2109375 0.0421875 0.05859375
0 0.58515625 0.3603515625 0.0421875 0.060546875
0 0.68984375 0.4677734375 0.0421875 0.060546875
0 0.675 0.7265625 0.040625 0.05859375
0 0.60859375 0.5478515625 0.0421875 0.060546875
0 0.434375 0.263671875 0.040625 0.05859375
0 0.68359375 0.7900390625 0.0421875 0.056640625
0 0.49765625 0.7685546875 0.0421875 0.060546875
0 0.51875 0.5703125 0.04375 0.05859375
0 0.67265625 0.3388671875 0.0421875 0.060546875
0 0.40546875 0.400390625 0.0421875 0.05859375
0 0.46171875 0.8408203125 0.0421875 0.056640625
0 0.45078125 0.3916015625 0.0421875 0.060546875
0 0.5421875 0.7578125 0.04375 0.05859375
0 0.4375 0.6533203125 0.04375 0.056640625
0 0.4546875 0.7763671875 0.04375 0.060546875
0 0.4296875 0.58984375 0.04375 0.05859375
0 0.68125 0.40234375 0.040625 0.05859375
0 0.54921875 0.8212890625 0.0421875 0.060546875
0 0.64609375 0.86328125 0.0421875 0.05859375
0 0.66015625 0.6015625 0.0421875 0.0625
0 0.56796875 0.232421875 0.0421875 0.05859375
0 0.703125 0.1982421875 0.04375 0.060546875
0 0.5265625 0.6318359375 0.040625 0.060546875
0 0.51328125 0.89453125 0.0421875 0.05859375
0 0.62890625 0.349609375 0.0421875 0.05859375
0 0.740625 0.5185546875 0.04375 0.060546875
0 0.56171875 0.55859375 0.0421875 0.0625
0 0.53125 0.3056640625 0.04375 0.060546875
0 0.6015625 0.8720703125 0.040625 0.060546875
0 0.7203125 0.7177734375 0.04375 0.060546875
0 0.71015625 0.265625 0.0421875 0.05859375
0 0.63671875 0.4150390625 0.0421875 0.060546875
0 0.4421875 0.328125 0.04375 0.0625
0 0.421875 0.5283203125 0.040625 0.060546875
0 0.5484375 0.43359375 0.04375 0.05859375
0 0.46796875 0.9033203125 0.0421875 0.060546875
0 0.72734375 0.7783203125 0.0421875 0.060546875
0 0.73359375 0.4541015625 0.0421875 0.060546875
0 0.5984375 0.486328125 0.04375 0.05859375
0 0.615625 0.6123046875 0.04375 0.060546875
0 0.4140625 0.46484375 0.04375 0.0625
0 0.5046875 0.8291015625 0.04375 0.060546875
0 0.6515625 0.5390625 0.04375 0.05859375
0 0.4796875 0.2529296875 0.04375 0.060546875
0 0.534375 0.6953125 0.04375 0.0625
0 0.45703125 0.453125 0.0421875 0.05859375
0 0.49609375 0.3798828125 0.0453125 0.056640625
0 0.75546875 0.64453125 0.0453125 0.0625
0 0.59296875 0.810546875 0.0421875 0.05859375
0 0.77109375 0.7685546875 0.0421875 0.060546875
0 0.73359375 0.8408203125 0.0421875 0.056640625
0 0.48125 0.6416015625 0.04375 0.060546875
0 0.47421875 0.5810546875 0.0421875 0.060546875
0 0.5765625 0.296875 0.040625 0.05859375
0 0.39921875 0.3349609375 0.0421875 0.060546875
0 0.57890625 0.6845703125 0.0421875 0.060546875
0 0.76328125 0.70703125 0.0421875 0.05859375
0 0.3890625 0.2744140625 0.04375 0.060546875
0 0.665625 0.2744140625 0.04375 0.060546875
0 0.74765625 0.5810546875 0.0421875 0.060546875
0 0.725 0.3916015625 0.040625 0.060546875
0 0.63046875 0.73828125 0.0421875 0.0625
0 0.69609375 0.5283203125 0.0421875 0.060546875
0 0.61328125 0.2216796875 0.0453125 0.060546875
0 0.51015625 0.5048828125 0.0421875 0.060546875
0 0.77734375 0.8349609375 0.0421875 0.060546875
0 0.44453125 0.7158203125 0.0421875 0.060546875
