0 0.29453125 0.73828125 0.0453125 0.05859375
0 0.50859375 0.45703125 0.0484375 0.0625
0 0.6375 0.3974609375 0.046875 0.056640625
0 0.425 0.677734375 0.046875 0.05859375
0 0.37734375 0.5146484375 0.0484375 0.060546875
0 0.41484375 0.13671875 0.0453125 0.05859375
0 0.67734375 0.2900390625 0.0484375 0.060546875
0 0.36015625 0.7060546875 0.0453125 0.060546875
0 0.24765625 0.5751953125 0.0453125 0.060546875
0 0.55625 0.6162109375 0.046875 0.056640625
0 0.35546875 0.4345703125 0.0453125 0.056640625
0 0.490625 0.6455078125 0.04375 0.060546875
0 0.61484375 0.318359375 0.0453125 0.05859375
0 0.48046875 0.2421875 0.0453125 0.05859375
0 0.44765625 0.7578125 0.0453125 0.0625
0 0.48515625 0.375 0.0453125 0.0625
0 0.66015625 0.4765625 0.0453125 0.05859375
0 0.57890625 0.6962890625 0.0453125 0.060546875
0 0.2703125 0.6552734375 0.046875 0.060546875
0 0.48671875 0.509765625 0.0484375 0.05859375
0 0.35234375 0.298828125 0.0453125 0.0625
0 0.50546875 0.322265625 0.0453125 0.05859375
0 0.575 0.5615234375 0.046875 0.056640625
0 0.37578125 0.3798828125 0.0453125 0.056640625
0 0.446875 0.62109375 0.046875 0.0625
0 0.43671875 0.21484375 0.0484375 0.05859375
0 0.58828125 0.2373046875 0.0453125 0.060546875
0 0.53046875 0.5341796875 0.0453125 0.056640625
0 0.61640625 0.4521484375 0.0453125 0.056640625
0 0.55703125 0.7529296875 0.0453125 0.056640625
0 0.68203125 0.421875 0.0453125 0.05859375
0 0.51640625 0.865234375 0.0453125 0.05859375
0 0.315625 0.6806640625 0.046875 0.056640625
0 0.46171875 0.296875 0.0453125 0.05859375
0 0.35625 0.5712890625 0.046875 0.056640625
0 0.63359375 0.2626953125 0.0453125 0.060546875
0 0.33671875 0.6259765625 0.0484375 0.056640625
0 0.33046875 0.35546875 0.0453125 0.05859375
0 0.40234375 0.595703125 0.0453125 0.05859375
0 0.42109375 0.541015625 0.0453125 0.05859375
0 0.55234375 0.4814453125 0.0453125 0.060546875
0 0.41640625 0.26953125 0.0453125 0.05859375
0 0.70078125 0.3681640625 0.0453125 0.060546875
0 0.39921875 0.4619140625 0.0484375 0.056640625
0 0.51484375 0.7255859375 0.0453125 0.056640625
0 0.29296875 0.6005859375 0.0453125 0.060546875
0 0.57421875 0.427734375 0.0453125 0.05859375
0 0.596875 0.5048828125 0.046875 0.060546875
0 0.38359375 0.787109375 0.0453125 0.05859375
0 0.54921875 0.345703125 0.0484375 0.05859375
0 0.41953125 0.404296875 0.0453125 0.05859375
0 0.22578125 0.62890625 0.0453125 0.05859375
0 0.49453125 0.783203125 0.0484375 0.05859375
0 0.396875 0.326171875 0.046875 0.0625
0 0.43984375 0.3505859375 0.0453125 0.060546875
0 0.45859375 0.16015625 0.0484375 0.05859375
0 0.37421875 0.24609375 0.0453125 0.05859375
0 0.46796875 0.56640625 0.0484375 0.0625
0 0.65703125 0.3447265625 0.0453125 0.060546875
0 0.61953125 0.5859375 0.0453125 0.05859375
0 0.525 0.2666015625 0.046875 0.056640625
0 0.47265625 0.837890625 0.0484375 0.05859375
0 0.33828125 0.7626953125 0.0453125 0.056640625
0 0.59296875 0.3701171875 0.0453125 0.056640625
0 0.38046875 0.6533203125 0.0453125 0.056640625
0 0.46953125 0.701171875 0.0453125 0.05859375
0 0.52734375 0.400390625 0.0484375 0.05859375
0 0.53828125 0.8095703125 0.0453125 0.060546875
0 0.51015625 0.591796875 0.0453125 0.05859375
0 0.39296875 0.19140625 0.0453125 0.05859375
0 0.44296875 0.486328125 0.0453125 0.05859375
0 0.46484375 0.4296875 0.0453125 0.0625
0 0.31171875 0.5439453125 0.0453125 0.056640625
0 0.50234375 0.1865234375 0.0453125 0.060546875
0 0.26796875 0.51953125 0.0484375 0.05859375
0 0.534375 0.6728515625 0.046875 0.060546875
0 0.2484375 0.7119140625 0.046875 0.060546875
0 0.60078125 0.6435546875 0.0453125 0.056640625
0 0.546875 0.2138671875 0.046875 0.060546875
0 0.2890625 0.4638671875 0.046875 0.060546875
0 0.72109375 0.3134765625 0.0453125 0.060546875
0 0.33359375 0.4912109375 0.0453125 0.060546875
0 0.42734375 0.814453125 0.0484375 0.05859375
0 0.64140625 0.5322265625 0.0453125 0.060546875
0 0.56953125 0.291015625 0.0453125 0.05859375
0 0.3109375 0.41015625 0.046875 0.05859375
0 0.20390625 0.6865234375 0.0453125 0.056640625
0 0.40546875 0.7333984375 0.0453125 0.060546875
