0 0.49296875 0.650390625 0.0390625 0.046875
0 0.553125 0.3505859375 0.040625 0.048828125
0 0.5609375 0.513671875 0.040625 0.046875
0 0.6734375 0.3876953125 0.040625 0.048828125
0 0.5125 0.55078125 0.0375 0.046875
0 0.3546875 0.7158203125 0.0375 0.048828125
0 0.5421875 0.6123046875 0.0375 0.048828125
0 0.51328125 0.763671875 0.0390625 0.046875
0 0.40546875 0.4638671875 0.0390625 0.048828125
0 0.48203125 0.4912109375 0.0390625 0.048828125
0 0.4734375 0.7509765625 0.040625 0.044921875
0 0.46328125 0.5888671875 0.0390625 0.048828125
0 0.6421875 0.5380859375 0.0375 0.044921875
0 0.53125 0.4521484375 0.040625 0.048828125
0 0.3828125 0.5634765625 0.040625 0.048828125
0 0.603125 0.3125 0.040625 0.046875
0 0.525 0.291015625 0.040625 0.046875
0 0.51328125 0.3388671875 0.0390625 0.048828125
0 0.5640625 0.3017578125 0.0375 0.048828125
0 0.603125 0.7373046875 0.040625 0.048828125
0 0.6234375 0.638671875 0.040625 0.046875
0 0.553125 0.775390625 0.040625 0.046875
0 0.4453125 0.2646484375 0.040625 0.048828125
0 0.5734375 0.4638671875 0.040625 0.048828125
0 0.315625 0.7001953125 0.040625 0.048828125
0 0.64296875 0.326171875 0.0390625 0.046875
0 0.503125 0.3896484375 0.040625 0.048828125
0 0.521875 0.5009765625 0.0375 0.048828125
0 0.6125 0.4755859375 0.0375 0.048828125
0 0.6328125 0.3759765625 0.040625 0.048828125
0 0.39375 0.7275390625 0.0375 0.048828125
0 0.415625 0.416015625 0.040625 0.046875
0 0.3359375 0.6025390625 0.0375 0.048828125
0 0.39609375 0.302734375 0.0390625 0.046875
0 0.521875 0.7138671875 0.0375 0.048828125
0 0.65234375 0.4873046875 0.0390625 0.048828125
0 0.37421875 0.6142578125 0.0390625 0.048828125
0 0.6609375 0.4375 0.040625 0.046875
0 0.59296875 0.7880859375 0.0390625 0.048828125
0 0.50234375 0.6005859375 0.0390625 0.048828125
0 0.3453125 0.5517578125 0.040625 0.048828125
0 0.42421875 0.3662109375 0.0390625 0.048828125
0 0.365625 0.6640625 0.040625 0.05078125
0 0.4328125 0.73828125 0.040625 0.046875
0 0.58125 0.6240234375 0.040625 0.048828125
0 0.375 0.404296875 0.040625 0.046875
0 0.5828125 0.8388671875 0.040625 0.044921875
0 0.35546875 0.5029296875 0.0390625 0.048828125
0 0.453125 0.638671875 0.040625 0.046875
0 0.4234375 0.5751953125 0.040625 0.048828125
0 0.40625 0.25390625 0.0375 0.046875
0 0.475 0.3271484375 0.040625 0.048828125
0 0.5734375 0.673828125 0.040625 0.05078125
0 0.5921875 0.3642578125 0.0375 0.048828125
0 0.5828125 0.4140625 0.040625 0.046875
0 0.44296875 0.6884765625 0.0390625 0.048828125
0 0.365625 0.4521484375 0.040625 0.048828125
0 0.61328125 0.6865234375 0.0390625 0.048828125
0 0.63203125 0.5888671875 0.0390625 0.048828125
0 0.4734375 0.5380859375 0.040625 0.044921875
0 0.4546875 0.4267578125 0.0375 0.048828125
0 0.434375 0.314453125 0.0375 0.05078125
0 0.59140625 0.5732421875 0.0390625 0.048828125
0 0.3453125 0.7646484375 0.040625 0.048828125
0 0.41328125 0.6279296875 0.0390625 0.048828125
0 0.4328125 0.525390625 0.040625 0.046875
0 0.49296875 0.4384765625 0.0390625 0.048828125
0 0.48515625 0.279296875 0.0390625 0.046875
0 0.5328125 0.662109375 0.040625 0.046875
0 0.3953125 0.513671875 0.040625 0.046875
0 0.3265625 0.6513671875 0.0375 0.048828125
0 0.5515625 0.5625 0.040625 0.046875
0 0.4828125 0.7001953125 0.040625 0.048828125
0 0.44375 0.4755859375 0.0375 0.048828125
0 0.603125 0.525390625 0.040625 0.046875
0 0.54296875 0.4013671875 0.0390625 0.044921875
0 0.56328125 0.7255859375 0.0390625 0.048828125
0 0.4234375 0.7880859375 0.040625 0.048828125
0 0.4640625 0.3779296875 0.0375 0.048828125
0 0.621875 0.42578125 0.0375 0.046875
0 0.30703125 0.7509765625 0.0390625 0.044921875
0 0.403125 0.6767578125 0.040625 0.048828125
0 0.38515625 0.353515625 0.0390625 0.05078125
0 0.5046875 0.8134765625 0.0375 0.048828125
0 0.46328125 0.8017578125 0.0390625 0.048828125
0 0.384375 0.7763671875 0.0375 0.048828125
0 0.68125 0.3388671875 0.040625 0.048828125
0 0.54375 0.826171875 0.0375 0.046875
