0 0.490625 0.5537109375 0.040625 0.044921875
0 0.43203125 0.3740234375 0.0390625 0.044921875
0 0.64375 0.484375 0.040625 0.046875
0 0.584375 0.3017578125 0.0375 0.048828125
0 0.728125 0.6025390625 0.0375 0.048828125
0 0.4546875 0.3095703125 0.040625 0.044921875
0 0.65 0.63671875 0.0375 0.046875
0 0.3875 0.2373046875 0.0375 0.048828125
0 0.590625 0.4541015625 0.040625 0.048828125
0 0.48125 0.6611328125 0.040625 0.044921875
0 0.53125 0.2763671875 0.0375 0.048828125
0 0.42265625 0.48046875 0.0390625 0.046875
0 0.5203125 0.6435546875 0.0375 0.048828125
0 0.4015625 0.2822265625 0.0375 0.044921875
0 0.3640625 0.2998046875 0.040625 0.044921875
0 0.62109375 0.546875 0.0390625 0.046875
0 0.5828125 0.5634765625 0.0375 0.044921875
0 0.5390625 0.16796875 0.0375 0.046875
0 0.57421875 0.6728515625 0.0390625 0.044921875
0 0.484375 0.3994140625 0.0375 0.048828125
0 0.50546875 0.5986328125 0.0390625 0.048828125
0 0.51328125 0.4912109375 0.0390625 0.048828125
0 0.4421875 0.6796875 0.0375 0.046875
0 0.34921875 0.255859375 0.0390625 0.046875
0 0.4671875 0.6162109375 0.0375 0.048828125
0 0.54453125 0.5810546875 0.0390625 0.044921875
0 0.425 0.2197265625 0.0375 0.048828125
0 0.5765625 0.41015625 0.0375 0.046875
0 0.67421875 0.57421875 0.0390625 0.046875
0 0.52265625 0.3828125 0.0390625 0.046875
0 0.446875 0.41796875 0.0375 0.046875
0 0.55390625 0.2138671875 0.0390625 0.044921875
0 0.5015625 0.18359375 0.0375 0.046875
0 0.42890625 0.634765625 0.0390625 0.046875
0 0.659375 0.5283203125 0.0375 0.044921875
0 0.515625 0.23046875 0.0375 0.046875
0 0.5453125 0.3193359375 0.040625 0.048828125
0 0.3265625 0.318359375 0.040625 0.046875
0 0.56015625 0.3642578125 0.0390625 0.044921875
0 0.4609375 0.4638671875 0.0375 0.048828125
0 0.59921875 0.3486328125 0.0390625 0.044921875
0 0.35625 0.40625 0.0375 0.046875
0 0.61328125 0.3916015625 0.0390625 0.044921875
0 0.3125 0.2724609375 0.0375 0.044921875
0 0.4078125 0.4365234375 0.040625 0.048828125
0 0.50859375 0.3369140625 0.0390625 0.044921875
0 0.4515625 0.5712890625 0.0375 0.048828125
0 0.38515625 0.4970703125 0.0390625 0.044921875
0 0.4625 0.203125 0.040625 0.046875
0 0.6890625 0.62109375 0.040625 0.046875
0 0.6375 0.330078125 0.0375 0.046875
0 0.5671875 0.517578125 0.0375 0.046875
0 0.39375 0.390625 0.0375 0.046875
0 0.63515625 0.591796875 0.0390625 0.046875
0 0.60546875 0.5 0.0390625 0.046875
0 0.49609375 0.708984375 0.0390625 0.046875
0 0.3703125 0.4521484375 0.0375 0.048828125
0 0.621875 0.28515625 0.0375 0.046875
0 0.6828125 0.4658203125 0.0375 0.048828125
0 0.69609375 0.5107421875 0.0390625 0.044921875
0 0.43984375 0.2646484375 0.0390625 0.048828125
0 0.49921875 0.4453125 0.0390625 0.046875
0 0.41484375 0.5888671875 0.0390625 0.048828125
0 0.53515625 0.6904296875 0.0390625 0.044921875
0 0.59609375 0.609375 0.0390625 0.046875
0 0.4796875 0.2490234375 0.040625 0.048828125
0 0.6125 0.654296875 0.0375 0.046875
0 0.4171875 0.328125 0.040625 0.046875
0 0.49375 0.2919921875 0.0375 0.048828125
0 0.4765625 0.5078125 0.0375 0.046875
0 0.559375 0.6279296875 0.0375 0.048828125
0 0.46875 0.35546875 0.0375 0.046875
0 0.57734375 0.1494140625 0.0390625 0.044921875
0 0.6671875 0.419921875 0.0375 0.046875
0 0.53828125 0.4267578125 0.0390625 0.048828125
0 0.378125 0.345703125 0.0375 0.046875
0 0.52890625 0.5361328125 0.0390625 0.044921875
0 0.56953125 0.2578125 0.0390625 0.046875
0 0.4578125 0.7265625 0.0375 0.046875
0 0.5515625 0.47265625 0.0375 0.046875
0 0.3984375 0.5419921875 0.040625 0.044921875
0 0.43828125 0.5263671875 0.0390625 0.044921875
0 0.62890625 0.4375 0.0390625 0.046875
0 0.34140625 0.3623046875 0.0390625 0.044921875
0 0.60625 0.240234375 0.0375 0.046875
0 0.71328125 0.5556640625 0.0390625 0.044921875
0 0.653125 0.3759765625 0.040625 0.044921875
0 0.59296875 0.1953125 0.0390625 0.046875
