0 0.67421875 0.5341796875 0.0390625 0.048828125
0 0.45078125 0.4423828125 0.0390625 0.048828125
0 0.45390625 0.5498046875 0.0390625 0.048828125
0 0.57890625 0.3779296875 0.0390625 0.048828125
0 0.31484375 0.3427734375 0.0390625 0.048828125
0 0.62578125 0.4287109375 0.0390625 0.048828125
0 0.58828125 0.5947265625 0.0390625 0.048828125
0 0.40390625 0.3916015625 0.0390625 0.048828125
0 0.36484375 0.5029296875 0.0390625 0.048828125
0 0.49921875 0.6005859375 0.0390625 0.048828125
0 0.32421875 0.6142578125 0.0390625 0.048828125
0 0.40078125 0.2822265625 0.0390625 0.048828125
0 0.63515625 0.6474609375 0.0390625 0.048828125
0 0.57578125 0.2705078125 0.0390625 0.048828125
0 0.71796875 0.5322265625 0.0390625 0.048828125
0 0.62734375 0.4833984375 0.0390625 0.048828125
0 0.36015625 0.3935546875 0.0390625 0.048828125
0 0.32578125 0.6689453125 0.0390625 0.048828125
0 0.71484375 0.4228515625 0.0390625 0.048828125
0 0.49765625 0.5478515625 0.0390625 0.048828125
0 0.76328125 0.5283203125 0.0390625 0.048828125
0 0.36328125 0.4482421875 0.0390625 0.048828125
0 0.45234375 0.4951171875 0.0390625 0.048828125
0 0.41015625 0.5537109375 0.0390625 0.048828125
0 0.76015625 0.4736328125 0.0390625 0.048828125
0 0.66328125 0.2626953125 0.0390625 0.048828125
0 0.48828125 0.2763671875 0.0390625 0.048828125
0 0.57734375 0.3232421875 0.0390625 0.048828125
0 0.62421875 0.3740234375 0.0390625 0.048828125
0 0.41171875 0.6083984375 0.0390625 0.048828125
0 0.72265625 0.6416015625 0.0390625 0.048828125
0 0.58359375 0.4853515625 0.0390625 0.048828125
0 0.54140625 0.5439453125 0.0390625 0.048828125
0 0.40859375 0.4990234375 0.0390625 0.048828125
0 0.53984375 0.4892578125 0.0390625 0.048828125
0 0.53515625 0.3818359375 0.0390625 0.048828125
0 0.53359375 0.3271484375 0.0390625 0.048828125
0 0.44609375 0.3330078125 0.0390625 0.048828125
0 0.76484375 0.5830078125 0.0390625 0.048828125
0 0.50234375 0.6552734375 0.0390625 0.048828125
0 0.45703125 0.6591796875 0.0390625 0.048828125
0 0.67890625 0.6435546875 0.0390625 0.048828125
0 0.71171875 0.3681640625 0.0390625 0.048828125
0 0.70859375 0.3134765625 0.0390625 0.048828125
0 0.58515625 0.5400390625 0.0390625 0.048828125
0 0.53671875 0.4345703125 0.0390625 0.048828125
0 0.66484375 0.3173828125 0.0390625 0.048828125
0 0.48984375 0.3310546875 0.0390625 0.048828125
0 0.36796875 0.6103515625 0.0390625 0.048828125
0 0.75234375 0.2548828125 0.0390625 0.048828125
0 0.44765625 0.3876953125 0.0390625 0.048828125
0 0.35859375 0.3408203125 0.0390625 0.048828125
0 0.67578125 0.5888671875 0.0390625 0.048828125
0 0.67109375 0.4794921875 0.0390625 0.048828125
0 0.54453125 0.5986328125 0.0390625 0.048828125
0 0.66796875 0.3701171875 0.0390625 0.048828125
0 0.49453125 0.4384765625 0.0390625 0.048828125
0 0.63046875 0.5380859375 0.0390625 0.048828125
0 0.71640625 0.4755859375 0.0390625 0.048828125
0 0.41328125 0.6630859375 0.0390625 0.048828125
0 0.31328125 0.2900390625 0.0390625 0.048828125
0 0.58984375 0.6494140625 0.0390625 0.048828125
0 0.62109375 0.3193359375 0.0390625 0.048828125
0 0.75390625 0.3095703125 0.0390625 0.048828125
0 0.40234375 0.3369140625 0.0390625 0.048828125
0 0.49609375 0.4931640625 0.0390625 0.048828125
0 0.31640625 0.3974609375 0.0390625 0.048828125
0 0.54609375 0.6533203125 0.0390625 0.048828125
0 0.44453125 0.2802734375 0.0390625 0.048828125
0 0.66953125 0.4248046875 0.0390625 0.048828125
0 0.75546875 0.3642578125 0.0390625 0.048828125
0 0.35703125 0.2861328125 0.0390625 0.048828125
0 0.63203125 0.5927734375 0.0390625 0.048828125
0 0.72109375 0.5849609375 0.0390625 0.048828125
0 0.31953125 0.4521484375 0.0390625 0.048828125
0 0.32109375 0.5048828125 0.0390625 0.048828125
0 0.32265625 0.5595703125 0.0390625 0.048828125
0 0.36640625 0.5556640625 0.0390625 0.048828125
0 0.49140625 0.3837890625 0.0390625 0.048828125
0 0.40546875 0.4443359375 0.0390625 0.048828125
0 0.61953125 0.2666015625 0.0390625 0.048828125
0 0.76796875 0.6376953125 0.0390625 0.048828125
0 0.36953125 0.6650390625 0.0390625 0.048828125
0 0.75859375 0.4189453125 0.0390625 0.048828125
0 0.45546875 0.6044921875 0.0390625 0.048828125
0 0.58203125 0.4326171875 0.0390625 0.048828125
0 0.53203125 0.2724609375 0.0390625 0.048828125
0 0.70703125 0.2587890625 0.0390625 0.048828125
