0 0.309375 0.5927734375 0.05 0.037109375
0 0.63984375 0.7568359375 0.0484375 0.037109375
0 0.5078125 0.701171875 0.046875 0.03515625
0 0.5078125 0.607421875 0.046875 0.03515625
0 0.63984375 0.6640625 0.0484375 0.0390625
0 0.3109375 0.685546875 0.046875 0.0390625
0 0.3734375 0.5029296875 0.046875 0.037109375
0 0.5734375 0.61328125 0.05 0.03515625
0 0.44296875 0.7421875 0.0484375 0.03515625
0 0.44296875 0.6494140625 0.0484375 0.037109375
0 0.63984375 0.5224609375 0.0484375 0.037109375
0 0.50546875 0.466796875 0.0484375 0.03515625
0 0.63984375 0.5703125 0.0484375 0.0390625
0 0.30625 0.498046875 0.046875 0.0390625
0 0.7078125 0.48046875 0.05 0.0390625
0 0.4390625 0.5556640625 0.05 0.037109375
0 0.5078125 0.7939453125 0.046875 0.037109375
0 0.7078125 0.576171875 0.05 0.0390625
0 0.57421875 0.798828125 0.0484375 0.0390625
0 0.50546875 0.560546875 0.0484375 0.03515625
0 0.10859375 0.4833984375 0.0453125 0.037109375
0 0.70546875 0.7158203125 0.0515625 0.037109375
0 0.5734375 0.5185546875 0.05 0.037109375
0 0.171875 0.48828125 0.053125 0.0390625
0 0.04296875 0.525390625 0.0453125 0.03515625
0 0.50546875 0.5126953125 0.0484375 0.037109375
0 0.17578125 0.5361328125 0.0453125 0.037109375
0 0.63984375 0.6181640625 0.0484375 0.037109375
0 0.63984375 0.4755859375 0.0484375 0.041015625
0 0.5734375 0.70703125 0.05 0.03515625
0 0.23984375 0.4951171875 0.0453125 0.037109375
0 0.63984375 0.7119140625 0.0484375 0.037109375
0 0.37578125 0.6435546875 0.0484375 0.033203125
0 0.43828125 0.4599609375 0.0484375 0.037109375
0 0.2375 0.4443359375 0.05 0.041015625
0 0.37109375 0.4560546875 0.0484375 0.037109375
0 0.04609375 0.5732421875 0.0515625 0.037109375
0 0.3734375 0.5517578125 0.046875 0.037109375
0 0.18046875 0.62890625 0.0453125 0.03515625
0 0.37421875 0.5986328125 0.0453125 0.033203125
0 0.44296875 0.6953125 0.0484375 0.03515625
0 0.5734375 0.66015625 0.05 0.03515625
0 0.4390625 0.5087890625 0.05 0.037109375
0 0.30625 0.44921875 0.046875 0.0390625
0 0.11796875 0.7158203125 0.0453125 0.037109375
0 0.378125 0.736328125 0.046875 0.03515625
0 0.24140625 0.5400390625 0.0484375 0.037109375
0 0.44375 0.787109375 0.05 0.0390625
0 0.5078125 0.748046875 0.046875 0.03515625
0 0.5078125 0.654296875 0.046875 0.03515625
0 0.171875 0.439453125 0.046875 0.03515625
0 0.57421875 0.7529296875 0.0484375 0.037109375
0 0.18125 0.67578125 0.046875 0.0390625
0 0.57265625 0.5654296875 0.0484375 0.037109375
0 0.3078125 0.5458984375 0.05 0.033203125
0 0.0375 0.4306640625 0.046875 0.037109375
0 0.03984375 0.4765625 0.0515625 0.0390625
0 0.70625 0.6220703125 0.053125 0.037109375
0 0.24296875 0.5869140625 0.0453125 0.033203125
0 0.57265625 0.4716796875 0.0484375 0.037109375
0 0.70546875 0.80859375 0.0515625 0.0390625
0 0.04921875 0.6650390625 0.0484375 0.037109375
0 0.63984375 0.802734375 0.0484375 0.03515625
0 0.0515625 0.7119140625 0.04375 0.037109375
0 0.11484375 0.6240234375 0.0484375 0.037109375
0 0.70703125 0.6708984375 0.0484375 0.037109375
0 0.4421875 0.603515625 0.05 0.0390625
0 0.1765625 0.58203125 0.046875 0.0390625
0 0.115625 0.671875 0.046875 0.03515625
0 0.31015625 0.6396484375 0.0453125 0.033203125
0 0.1046875 0.4375 0.046875 0.03515625
0 0.05390625 0.7587890625 0.0484375 0.037109375
0 0.70703125 0.7626953125 0.0484375 0.033203125
0 0.11953125 0.763671875 0.0484375 0.03515625
0 0.7078125 0.52734375 0.05 0.0390625
0 0.37734375 0.6904296875 0.0453125 0.037109375
0 0.31171875 0.73046875 0.0453125 0.03515625
0 0.11171875 0.5771484375 0.0484375 0.037109375
0 0.109375 0.529296875 0.046875 0.0390625
0 0.18203125 0.7216796875 0.0453125 0.033203125
0 0.24765625 0.7275390625 0.0453125 0.037109375
0 0.18359375 0.7685546875 0.0484375 0.037109375
0 0.31328125 0.7783203125 0.0484375 0.041015625
0 0.24609375 0.6806640625 0.0421875 0.033203125
0 0.37890625 0.783203125 0.0453125 0.03515625
0 0.0484375 0.619140625 0.046875 0.03515625
0 0.24453125 0.6337890625 0.0453125 0.037109375
0 0.24921875 0.7724609375 0.0453125 0.037109375
