0 0.5734375 0.537109375 0.040625 0.046875
0 0.465625 0.71484375 0.0375 0.046875
0 0.65390625 0.5537109375 0.0390625 0.044921875
0 0.6203125 0.4951171875 0.040625 0.048828125
0 0.60703125 0.59375 0.0390625 0.046875
0 0.49921875 0.7744140625 0.0390625 0.048828125
0 0.5125 0.673828125 0.0375 0.046875
0 0.46640625 0.41015625 0.0390625 0.046875
0 0.43125 0.65625 0.0375 0.046875
0 0.5796875 0.7939453125 0.0375 0.044921875
0 0.53984375 0.4775390625 0.0390625 0.048828125
0 0.58671875 0.4365234375 0.0390625 0.048828125
0 0.66796875 0.4560546875 0.0390625 0.044921875
0 0.43203125 0.3515625 0.0390625 0.046875
0 0.56015625 0.3310546875 0.0390625 0.048828125
0 0.6875 0.30859375 0.0375 0.046875
0 0.546875 0.7333984375 0.0375 0.048828125
0 0.56015625 0.634765625 0.0390625 0.046875
0 0.60625 0.291015625 0.0375 0.046875
0 0.5546875 0.37890625 0.040625 0.046875
0 0.37578125 0.7470703125 0.0390625 0.048828125
0 0.3984375 0.5986328125 0.0375 0.048828125
0 0.59453125 0.6943359375 0.0390625 0.048828125
0 0.478125 0.615234375 0.0375 0.046875
0 0.5203125 0.322265625 0.0375 0.046875
0 0.6625 0.810546875 0.0375 0.046875
0 0.51953125 0.623046875 0.0390625 0.046875
0 0.55234375 0.6845703125 0.0390625 0.048828125
0 0.64140625 0.3486328125 0.0390625 0.044921875
0 0.675 0.40625 0.040625 0.046875
0 0.446875 0.25390625 0.0375 0.046875
0 0.721875 0.365234375 0.040625 0.046875
0 0.634375 0.3984375 0.0375 0.046875
0 0.48515625 0.5654296875 0.0390625 0.044921875
0 0.4734375 0.3623046875 0.0375 0.044921875
0 0.5265625 0.5751953125 0.040625 0.048828125
0 0.5 0.4677734375 0.040625 0.048828125
0 0.453125 0.5078125 0.040625 0.046875
0 0.71484375 0.416015625 0.0390625 0.046875
0 0.68125 0.357421875 0.0375 0.046875
0 0.68828125 0.6123046875 0.0390625 0.048828125
0 0.528125 0.271484375 0.0375 0.046875
0 0.44609375 0.5576171875 0.0390625 0.048828125
0 0.68203125 0.6611328125 0.0390625 0.044921875
0 0.634375 0.7021484375 0.0375 0.044921875
0 0.41953125 0.4501953125 0.0390625 0.048828125
0 0.70859375 0.4638671875 0.0390625 0.048828125
0 0.41796875 0.7568359375 0.0390625 0.044921875
0 0.53359375 0.525390625 0.0390625 0.046875
0 0.70078125 0.513671875 0.0390625 0.046875
0 0.38359375 0.6962890625 0.0390625 0.048828125
0 0.646875 0.6044921875 0.040625 0.044921875
0 0.69609375 0.5634765625 0.0390625 0.044921875
0 0.628125 0.7529296875 0.040625 0.044921875
0 0.5078125 0.4189453125 0.040625 0.044921875
0 0.59921875 0.6435546875 0.0390625 0.048828125
0 0.471875 0.666015625 0.040625 0.046875
0 0.56640625 0.5849609375 0.0390625 0.048828125
0 0.621875 0.802734375 0.0375 0.046875
0 0.64140625 0.65234375 0.0390625 0.046875
0 0.4859375 0.2626953125 0.0375 0.048828125
0 0.66875 0.7607421875 0.0375 0.048828125
0 0.40390625 0.5478515625 0.0390625 0.048828125
0 0.48046875 0.3115234375 0.0390625 0.044921875
0 0.59453125 0.388671875 0.0390625 0.046875
0 0.5875 0.7431640625 0.0375 0.044921875
0 0.43828125 0.607421875 0.0390625 0.046875
0 0.61484375 0.5458984375 0.0390625 0.048828125
0 0.51328125 0.3701171875 0.0390625 0.048828125
0 0.49296875 0.517578125 0.0390625 0.046875
0 0.4390625 0.302734375 0.0375 0.046875
0 0.390625 0.6484375 0.0375 0.046875
0 0.54765625 0.4267578125 0.0390625 0.048828125
0 0.45859375 0.458984375 0.0390625 0.046875
0 0.5671875 0.28125 0.0375 0.046875
0 0.42734375 0.40234375 0.0390625 0.046875
0 0.66171875 0.50390625 0.0390625 0.046875
0 0.628125 0.4462890625 0.040625 0.044921875
0 0.6484375 0.2998046875 0.0375 0.044921875
0 0.6 0.3408203125 0.0375 0.048828125
0 0.675 0.7119140625 0.040625 0.044921875
0 0.5046875 0.7236328125 0.0375 0.048828125
0 0.58046875 0.486328125 0.0390625 0.046875
0 0.540625 0.783203125 0.0375 0.046875
0 0.4234375 0.7060546875 0.0375 0.048828125
0 0.45859375 0.7646484375 0.0390625 0.048828125
0 0.41171875 0.5 0.0390625 0.046875
0 0.72734375 0.3173828125 0.0390625 0.048828125
