0 0.44296875 0.3984375 0.0390625 0.046875
0 0.39140625 0.271484375 0.0390625 0.046875
0 0.4125 0.49609375 0.0375 0.046875
0 0.5609375 0.33203125 0.0375 0.046875
0 0.50703125 0.205078125 0.0390625 0.046875
0 0.44921875 0.20703125 0.0390625 0.046875
0 0.47421875 0.302734375 0.0390625 0.046875
0 0.55859375 0.396484375 0.0390625 0.046875
0 0.35859375 0.3671875 0.0390625 0.046875
0 0.5046875 0.2705078125 0.040625 0.048828125
0 0.6203125 0.26953125 0.040625 0.046875
0 0.503125 0.3330078125 0.0375 0.048828125
0 0.38671875 0.400390625 0.0390625 0.046875
0 0.4140625 0.431640625 0.0375 0.046875
0 0.55859375 0.4609375 0.0390625 0.046875
0 0.6765625 0.39453125 0.040625 0.05078125
0 0.61484375 0.591796875 0.0390625 0.05078125
0 0.70390625 0.42578125 0.0390625 0.046875
0 0.4703125 0.5615234375 0.0375 0.048828125
0 0.2734375 0.337890625 0.0375 0.046875
0 0.38671875 0.333984375 0.0390625 0.046875
0 0.35625 0.4326171875 0.0375 0.048828125
0 0.4421875 0.462890625 0.040625 0.046875
0 0.61484375 0.5263671875 0.0390625 0.048828125
0 0.64453125 0.55859375 0.0390625 0.046875
0 0.70546875 0.36328125 0.0390625 0.046875
0 0.49921875 0.52734375 0.0390625 0.046875
0 0.67734375 0.3310546875 0.0390625 0.048828125
0 0.53125 0.365234375 0.040625 0.046875
0 0.3609375 0.3046875 0.040625 0.046875
0 0.44140625 0.529296875 0.0390625 0.046875
0 0.4765625 0.23828125 0.040625 0.046875
0 0.30234375 0.3056640625 0.0390625 0.048828125
0 0.58515625 0.6240234375 0.0390625 0.048828125
0 0.4140625 0.3671875 0.0375 0.046875
0 0.53046875 0.427734375 0.0390625 0.046875
0 0.5859375 0.560546875 0.0375 0.046875
0 0.41796875 0.302734375 0.0390625 0.046875
0 0.59140625 0.236328125 0.0390625 0.046875
0 0.421875 0.17578125 0.0375 0.046875
0 0.32890625 0.3359375 0.0390625 0.05078125
0 0.53203125 0.30078125 0.0390625 0.05078125
0 0.6734375 0.525390625 0.040625 0.046875
0 0.73515625 0.458984375 0.0390625 0.046875
0 0.36171875 0.23828125 0.0390625 0.046875
0 0.58828125 0.427734375 0.0390625 0.046875
0 0.47265625 0.431640625 0.0390625 0.046875
0 0.64609375 0.4267578125 0.0390625 0.048828125
0 0.33359375 0.2724609375 0.0390625 0.048828125
0 0.5875 0.494140625 0.040625 0.046875
0 0.55703125 0.52734375 0.0390625 0.046875
0 0.478125 0.173828125 0.0375 0.05078125
0 0.61875 0.33203125 0.0375 0.046875
0 0.53359375 0.236328125 0.0390625 0.046875
0 0.50078125 0.3974609375 0.0390625 0.048828125
0 0.446875 0.271484375 0.0375 0.046875
0 0.55703125 0.59375 0.0390625 0.046875
0 0.675 0.458984375 0.0375 0.046875
0 0.30234375 0.369140625 0.0390625 0.046875
0 0.6171875 0.4609375 0.0375 0.046875
0 0.384375 0.462890625 0.040625 0.046875
0 0.58984375 0.365234375 0.0390625 0.046875
0 0.56328125 0.205078125 0.0390625 0.046875
0 0.52578125 0.625 0.0390625 0.046875
0 0.49765625 0.59375 0.0390625 0.046875
0 0.4734375 0.3671875 0.040625 0.046875
0 0.528125 0.560546875 0.0375 0.046875
0 0.7046875 0.4921875 0.040625 0.046875
0 0.44609375 0.333984375 0.0390625 0.046875
0 0.41796875 0.23828125 0.0390625 0.046875
0 0.4703125 0.4951171875 0.0375 0.048828125
0 0.64609375 0.4931640625 0.0390625 0.048828125
0 0.58984375 0.298828125 0.0390625 0.046875
0 0.32890625 0.4013671875 0.0390625 0.048828125
0 0.5296875 0.494140625 0.040625 0.046875
0 0.45078125 0.1435546875 0.0390625 0.048828125
0 0.734375 0.392578125 0.040625 0.046875
0 0.64765625 0.298828125 0.0390625 0.046875
0 0.55546875 0.658203125 0.0390625 0.046875
0 0.61796875 0.396484375 0.0390625 0.046875
0 0.5359375 0.171875 0.0375 0.046875
0 0.76171875 0.42578125 0.0390625 0.046875
0 0.39140625 0.20703125 0.0390625 0.046875
0 0.64765625 0.3642578125 0.0390625 0.048828125
0 0.50078125 0.4619140625 0.0390625 0.048828125
0 0.5625 0.26953125 0.040625 0.046875
0 0.50703125 0.142578125 0.0390625 0.046875
0 0.48125 0.111328125 0.040625 0.046875
