0 0.53046875 0.6728515625 0.0390625 0.048828125
0 0.31796875 0.2587890625 0.0390625 0.048828125
0 0.34453125 0.1943359375 0.0390625 0.048828125
0 0.39296875 0.6708984375 0.0390625 0.048828125
0 0.30546875 0.3720703125 0.0390625 0.048828125
0 0.40390625 0.5537109375 0.0390625 0.048828125
0 0.44140625 0.3740234375 0.0390625 0.048828125
0 0.59609375 0.5888671875 0.0390625 0.048828125
0 0.29296875 0.4873046875 0.0390625 0.048828125
0 0.45859375 0.5888671875 0.0390625 0.048828125
0 0.34609375 0.3564453125 0.0390625 0.048828125
0 0.50859375 0.2919921875 0.0390625 0.048828125
0 0.47890625 0.1943359375 0.0390625 0.048828125
0 0.53359375 0.2275390625 0.0390625 0.048828125
0 0.41640625 0.4384765625 0.0390625 0.048828125
0 0.43359375 0.6552734375 0.0390625 0.048828125
0 0.26484375 0.3896484375 0.0390625 0.048828125
0 0.45390625 0.2587890625 0.0390625 0.048828125
0 0.31953125 0.4228515625 0.0390625 0.048828125
0 0.34921875 0.5205078125 0.0390625 0.048828125
0 0.27890625 0.4384765625 0.0390625 0.048828125
0 0.54140625 0.5556640625 0.0390625 0.048828125
0 0.45703125 0.4228515625 0.0390625 0.048828125
0 0.37265625 0.2919921875 0.0390625 0.048828125
0 0.29140625 0.3232421875 0.0390625 0.048828125
0 0.25078125 0.3388671875 0.0390625 0.048828125
0 0.23671875 0.2900390625 0.0390625 0.048828125
0 0.48515625 0.5224609375 0.0390625 0.048828125
0 0.43046875 0.4892578125 0.0390625 0.048828125
0 0.39921875 0.2275390625 0.0390625 0.048828125
0 0.56640625 0.4892578125 0.0390625 0.048828125
0 0.52421875 0.3408203125 0.0390625 0.048828125
0 0.51171875 0.4560546875 0.0390625 0.048828125
0 0.48203125 0.3583984375 0.0390625 0.048828125
0 0.33671875 0.6376953125 0.0390625 0.048828125
0 0.32265625 0.5869140625 0.0390625 0.048828125
0 0.62265625 0.5224609375 0.0390625 0.048828125
0 0.47421875 0.6376953125 0.0390625 0.048828125
0 0.38671875 0.3408203125 0.0390625 0.048828125
0 0.27734375 0.2744140625 0.0390625 0.048828125
0 0.43984375 0.2099609375 0.0390625 0.048828125
0 0.49765625 0.4072265625 0.0390625 0.048828125
0 0.41328125 0.2763671875 0.0390625 0.048828125
0 0.37734375 0.6201171875 0.0390625 0.048828125
0 0.55234375 0.4404296875 0.0390625 0.048828125
0 0.36328125 0.5712890625 0.0390625 0.048828125
0 0.50546875 0.1298828125 0.0390625 0.048828125
0 0.26328125 0.2255859375 0.0390625 0.048828125
0 0.37578125 0.4560546875 0.0390625 0.048828125
0 0.57890625 0.3740234375 0.0390625 0.048828125
0 0.61171875 0.6396484375 0.0390625 0.048828125
0 0.35078125 0.6884765625 0.0390625 0.048828125
0 0.49921875 0.5712890625 0.0390625 0.048828125
0 0.42421875 0.1611328125 0.0390625 0.048828125
0 0.57109375 0.6552734375 0.0390625 0.048828125
0 0.63671875 0.5732421875 0.0390625 0.048828125
0 0.40078125 0.3896484375 0.0390625 0.048828125
0 0.54921875 0.2763671875 0.0390625 0.048828125
0 0.35859375 0.2431640625 0.0390625 0.048828125
0 0.41796875 0.6044921875 0.0390625 0.048828125
0 0.36015625 0.4072265625 0.0390625 0.048828125
0 0.30390625 0.2099609375 0.0390625 0.048828125
0 0.42734375 0.3251953125 0.0390625 0.048828125
0 0.36484375 0.7373046875 0.0390625 0.048828125
0 0.46796875 0.3095703125 0.0390625 0.048828125
0 0.44765625 0.7041015625 0.0390625 0.048828125
0 0.55546875 0.6064453125 0.0390625 0.048828125
0 0.49453125 0.2431640625 0.0390625 0.048828125
0 0.59296875 0.4248046875 0.0390625 0.048828125
0 0.51484375 0.6220703125 0.0390625 0.048828125
0 0.65234375 0.6240234375 0.0390625 0.048828125
0 0.53671875 0.3916015625 0.0390625 0.048828125
0 0.47109375 0.4716796875 0.0390625 0.048828125
0 0.33359375 0.4716796875 0.0390625 0.048828125
0 0.44453125 0.5380859375 0.0390625 0.048828125
0 0.33203125 0.3076171875 0.0390625 0.048828125
0 0.38984375 0.5048828125 0.0390625 0.048828125
0 0.52578125 0.5068359375 0.0390625 0.048828125
0 0.56328125 0.3251953125 0.0390625 0.048828125
0 0.40703125 0.7216796875 0.0390625 0.048828125
0 0.58203125 0.5400390625 0.0390625 0.048828125
0 0.46484375 0.1455078125 0.0390625 0.048828125
0 0.22265625 0.2412109375 0.0390625 0.048828125
0 0.48828125 0.6884765625 0.0390625 0.048828125
0 0.60703125 0.4736328125 0.0390625 0.048828125
0 0.30859375 0.5380859375 0.0390625 0.048828125
0 0.51953125 0.1787109375 0.0390625 0.048828125
0 0.38515625 0.1787109375 0.0390625 0.048828125
