0 0.64921875 0.2294921875 0.0390625 0.048828125
0 0.58671875 0.5576171875 0.0390625 0.048828125
0 0.37578125 0.4951171875 0.0390625 0.048828125
0 0.42734375 0.5107421875 0.0390625 0.048828125
0 0.53359375 0.5419921875 0.0390625 0.048828125
0 0.38984375 0.6533203125 0.0390625 0.048828125
0 0.62578125 0.4150390625 0.0390625 0.048828125
0 0.46640625 0.3701171875 0.0390625 0.048828125
0 0.47890625 0.6416015625 0.0390625 0.048828125
0 0.49765625 0.5712890625 0.0390625 0.048828125
0 0.32265625 0.4794921875 0.0390625 0.048828125
0 0.48671875 0.2998046875 0.0390625 0.048828125
0 0.57265625 0.3994140625 0.0390625 0.048828125
0 0.73515625 0.4482421875 0.0390625 0.048828125
0 0.35234375 0.6806640625 0.0390625 0.048828125
0 0.41328125 0.3544921875 0.0390625 0.048828125
0 0.50234375 0.3408203125 0.0390625 0.048828125
0 0.33671875 0.6376953125 0.0390625 0.048828125
0 0.53203125 0.6591796875 0.0390625 0.048828125
0 0.42265625 0.7431640625 0.0390625 0.048828125
0 0.67890625 0.5478515625 0.0390625 0.048828125
0 0.58984375 0.4423828125 0.0390625 0.048828125
0 0.62890625 0.3017578125 0.0390625 0.048828125
0 0.28671875 0.5068359375 0.0390625 0.048828125
0 0.66328125 0.3876953125 0.0390625 0.048828125
0 0.51953125 0.3837890625 0.0390625 0.048828125
0 0.38671875 0.7705078125 0.0390625 0.048828125
0 0.69921875 0.4755859375 0.0390625 0.048828125
0 0.44140625 0.6689453125 0.0390625 0.048828125
0 0.46328125 0.4833984375 0.0390625 0.048828125
0 0.44765625 0.4404296875 0.0390625 0.048828125
0 0.49921875 0.4560546875 0.0390625 0.048828125
0 0.45859375 0.7138671875 0.0390625 0.048828125
0 0.39140625 0.5380859375 0.0390625 0.048828125
0 0.70078125 0.3603515625 0.0390625 0.048828125
0 0.34296875 0.4091796875 0.0390625 0.048828125
0 0.61171875 0.2587890625 0.0390625 0.048828125
0 0.37734375 0.3818359375 0.0390625 0.048828125
0 0.64609375 0.3447265625 0.0390625 0.048828125
0 0.64453125 0.4580078125 0.0390625 0.048828125
0 0.44921875 0.3271484375 0.0390625 0.048828125
0 0.35546875 0.5654296875 0.0390625 0.048828125
0 0.46171875 0.5986328125 0.0390625 0.048828125
0 0.31953125 0.5927734375 0.0390625 0.048828125
0 0.59140625 0.3291015625 0.0390625 0.048828125
0 0.75390625 0.4912109375 0.0390625 0.048828125
0 0.66171875 0.5029296875 0.0390625 0.048828125
0 0.48046875 0.5263671875 0.0390625 0.048828125
0 0.57578125 0.2861328125 0.0390625 0.048828125
0 0.62421875 0.5302734375 0.0390625 0.048828125
0 0.53515625 0.4267578125 0.0390625 0.048828125
0 0.55078125 0.5869140625 0.0390625 0.048828125
0 0.55234375 0.4716796875 0.0390625 0.048828125
0 0.42421875 0.6259765625 0.0390625 0.048828125
0 0.51484375 0.6142578125 0.0390625 0.048828125
0 0.51640625 0.4990234375 0.0390625 0.048828125
0 0.37265625 0.6103515625 0.0390625 0.048828125
0 0.60859375 0.3720703125 0.0390625 0.048828125
0 0.48359375 0.4130859375 0.0390625 0.048828125
0 0.39453125 0.4248046875 0.0390625 0.048828125
0 0.30390625 0.5498046875 0.0390625 0.048828125
0 0.68203125 0.3173828125 0.0390625 0.048828125
0 0.60546875 0.6025390625 0.0390625 0.048828125
0 0.40546875 0.6962890625 0.0390625 0.048828125
0 0.55859375 0.2431640625 0.0390625 0.048828125
0 0.41015625 0.4677734375 0.0390625 0.048828125
0 0.44453125 0.5537109375 0.0390625 0.048828125
0 0.71640625 0.5185546875 0.0390625 0.048828125
0 0.40859375 0.5830078125 0.0390625 0.048828125
0 0.33984375 0.5224609375 0.0390625 0.048828125
0 0.43046875 0.3974609375 0.0390625 0.048828125
0 0.56953125 0.5146484375 0.0390625 0.048828125
0 0.36953125 0.7255859375 0.0390625 0.048828125
0 0.30703125 0.4365234375 0.0390625 0.048828125
0 0.52265625 0.2705078125 0.0390625 0.048828125
0 0.35859375 0.4521484375 0.0390625 0.048828125
0 0.60703125 0.4873046875 0.0390625 0.048828125
0 0.53828125 0.3134765625 0.0390625 0.048828125
0 0.49609375 0.6865234375 0.0390625 0.048828125
0 0.66640625 0.2724609375 0.0390625 0.048828125
0 0.68046875 0.4306640625 0.0390625 0.048828125
0 0.71953125 0.4033203125 0.0390625 0.048828125
0 0.56953125 0.6298828125 0.0390625 0.048828125
0 0.59453125 0.2158203125 0.0390625 0.048828125
0 0.55546875 0.3564453125 0.0390625 0.048828125
0 0.64296875 0.5751953125 0.0390625 0.048828125
0 0.63203125 0.1865234375 0.0390625 0.048828125
0 0.27109375 0.4638671875 0.0390625 0.048828125
