0 0.46953125 0.7568359375 0.0390625 0.048828125
0 0.48203125 0.5693359375 0.0390625 0.048828125
0 0.60546875 0.7275390625 0.0390625 0.048828125
0 0.58359375 0.6806640625 0.0390625 0.048828125
0 0.38203125 0.4599609375 0.0390625 0.048828125
0 0.28359375 0.3505859375 0.0390625 0.048828125
0 0.68046875 0.6767578125 0.0390625 0.048828125
0 0.26640625 0.4208984375 0.0390625 0.048828125
0 0.61796875 0.5400390625 0.0390625 0.048828125
0 0.49296875 0.2724609375 0.0390625 0.048828125
0 0.59609375 0.4951171875 0.0390625 0.048828125
0 0.36015625 0.3017578125 0.0390625 0.048828125
0 0.49609375 0.3857421875 0.0390625 0.048828125
0 0.47265625 0.2275390625 0.0390625 0.048828125
0 0.30703125 0.5087890625 0.0390625 0.048828125
0 0.32421875 0.4404296875 0.0390625 0.048828125
0 0.46484375 0.6416015625 0.0390625 0.048828125
0 0.49921875 0.5009765625 0.0390625 0.048828125
0 0.41640625 0.3212890625 0.0390625 0.048828125
0 0.57265625 0.3369140625 0.0390625 0.048828125
0 0.34765625 0.6005859375 0.0390625 0.048828125
0 0.51640625 0.4306640625 0.0390625 0.048828125
0 0.52890625 0.7783203125 0.0390625 0.048828125
0 0.65546875 0.5166015625 0.0390625 0.048828125
0 0.60078125 0.6103515625 0.0390625 0.048828125
0 0.42421875 0.5498046875 0.0390625 0.048828125
0 0.43046875 0.7822265625 0.0390625 0.048828125
0 0.66015625 0.6318359375 0.0390625 0.048828125
0 0.55390625 0.4052734375 0.0390625 0.048828125
0 0.42109375 0.4365234375 0.0390625 0.048828125
0 0.50390625 0.6162109375 0.0390625 0.048828125
0 0.48984375 0.8037109375 0.0390625 0.048828125
0 0.36484375 0.5302734375 0.0390625 0.048828125
0 0.51953125 0.5458984375 0.0390625 0.048828125
0 0.40703125 0.6201171875 0.0390625 0.048828125
0 0.34140625 0.3701171875 0.0390625 0.048828125
0 0.36171875 0.4150390625 0.0390625 0.048828125
0 0.39921875 0.3916015625 0.0390625 0.048828125
0 0.39609375 0.2763671875 0.0390625 0.048828125
0 0.44453125 0.5947265625 0.0390625 0.048828125
0 0.67734375 0.5615234375 0.0390625 0.048828125
0 0.40390625 0.5048828125 0.0390625 0.048828125
0 0.47578125 0.3408203125 0.0390625 0.048828125
0 0.36796875 0.6455078125 0.0390625 0.048828125
0 0.44765625 0.7119140625 0.0390625 0.048828125
0 0.51015625 0.2021484375 0.0390625 0.048828125
0 0.53046875 0.2470703125 0.0390625 0.048828125
0 0.54453125 0.7060546875 0.0390625 0.048828125
0 0.34453125 0.4853515625 0.0390625 0.048828125
0 0.44140625 0.4794921875 0.0390625 0.048828125
0 0.61328125 0.42578125 0.0390625 0.046875
0 0.43515625 0.2529296875 0.0390625 0.048828125
0 0.45546875 0.2978515625 0.0390625 0.048828125
0 0.63359375 0.4716796875 0.0390625 0.048828125
0 0.59296875 0.3818359375 0.0390625 0.048828125
0 0.45859375 0.4111328125 0.0390625 0.048828125
0 0.52421875 0.6611328125 0.0390625 0.048828125
0 0.55859375 0.5205078125 0.0390625 0.048828125
0 0.30390625 0.3955078125 0.0390625 0.048828125
0 0.51328125 0.3173828125 0.0390625 0.048828125
0 0.48515625 0.6865234375 0.0390625 0.048828125
0 0.53359375 0.3603515625 0.0390625 0.048828125
0 0.50703125 0.7314453125 0.0390625 0.048828125
0 0.54140625 0.5908203125 0.0390625 0.048828125
0 0.71953125 0.6513671875 0.0390625 0.048828125
0 0.38671875 0.5751953125 0.0390625 0.048828125
0 0.24609375 0.3759765625 0.0390625 0.048828125
0 0.37890625 0.3466796875 0.0390625 0.048828125
0 0.62109375 0.6572265625 0.0390625 0.048828125
0 0.42734375 0.6650390625 0.0390625 0.048828125
0 0.57578125 0.4501953125 0.0390625 0.048828125
0 0.32734375 0.5537109375 0.0390625 0.048828125
0 0.32109375 0.3251953125 0.0390625 0.048828125
0 0.46171875 0.5244140625 0.0390625 0.048828125
0 0.64296875 0.7021484375 0.0390625 0.048828125
0 0.57890625 0.5654296875 0.0390625 0.048828125
0 0.56640625 0.7529296875 0.0390625 0.048828125
0 0.43828125 0.3662109375 0.0390625 0.048828125
0 0.56171875 0.6357421875 0.0390625 0.048828125
0 0.63828125 0.5869140625 0.0390625 0.048828125
0 0.41015625 0.7373046875 0.0390625 0.048828125
0 0.53671875 0.4755859375 0.0390625 0.048828125
0 0.38984375 0.6904296875 0.0390625 0.048828125
0 0.47890625 0.4560546875 0.0390625 0.048828125
0 0.28671875 0.4638671875 0.0390625 0.048828125
0 0.45234375 0.8291015625 0.0390625 0.048828125
0 0.69765625 0.6064453125 0.0390625 0.048828125
0 0.55078125 0.2919921875 0.0390625 0.048828125
