0 0.41328125 0.51953125 0.0421875 0.046875
0 0.41796875 0.751953125 0.0421875 0.05078125
0 0.30234375 0.478515625 0.0421875 0.046875
0 0.51484375 0.3837890625 0.0421875 0.052734375
0 0.41328125 0.580078125 0.0421875 0.05078125
0 0.67734375 0.650390625 0.0421875 0.046875
0 0.51953125 0.619140625 0.0421875 0.046875
0 0.7234375 0.2861328125 0.040625 0.048828125
0 0.51640625 0.4443359375 0.0390625 0.048828125
0 0.40546875 0.3427734375 0.0421875 0.052734375
0 0.671875 0.4150390625 0.04375 0.052734375
0 0.31328125 0.7705078125 0.0453125 0.048828125
0 0.5703125 0.55078125 0.04375 0.046875
0 0.40703125 0.40234375 0.0390625 0.046875
0 0.77890625 0.5146484375 0.0421875 0.052734375
0 0.62265625 0.5419921875 0.0390625 0.044921875
0 0.4171875 0.6953125 0.040625 0.046875
0 0.8296875 0.505859375 0.040625 0.046875
0 0.77734375 0.4580078125 0.0390625 0.048828125
0 0.41484375 0.638671875 0.0390625 0.05078125
0 0.72578125 0.34765625 0.0390625 0.046875
0 0.675 0.591796875 0.0375 0.046875
0 0.51796875 0.560546875 0.0390625 0.046875
0 0.56796875 0.375 0.0390625 0.046875
0 0.61953125 0.3056640625 0.0390625 0.048828125
0 0.61953125 0.4248046875 0.0390625 0.044921875
0 0.61953125 0.3662109375 0.0390625 0.052734375
0 0.6703125 0.2978515625 0.040625 0.052734375
0 0.83203125 0.62109375 0.0390625 0.05078125
0 0.77734375 0.3388671875 0.0390625 0.052734375
0 0.77890625 0.3974609375 0.0421875 0.052734375
0 0.3046875 0.5390625 0.046875 0.05078125
0 0.62109375 0.4853515625 0.0421875 0.048828125
0 0.45859375 0.333984375 0.0390625 0.046875
0 0.41015625 0.4609375 0.0390625 0.046875
0 0.35546875 0.4716796875 0.0453125 0.048828125
0 0.77734375 0.2783203125 0.0390625 0.048828125
0 0.51640625 0.5029296875 0.0390625 0.048828125
0 0.72578125 0.40625 0.0390625 0.046875
0 0.46328125 0.4501953125 0.0421875 0.048828125
0 0.31171875 0.7119140625 0.0421875 0.048828125
0 0.30078125 0.41796875 0.0453125 0.05078125
0 0.728125 0.697265625 0.040625 0.05078125
0 0.52109375 0.6767578125 0.0390625 0.044921875
0 0.56953125 0.4921875 0.0421875 0.046875
0 0.67421875 0.533203125 0.0390625 0.046875
0 0.2984375 0.359375 0.040625 0.05078125
0 0.51171875 0.3232421875 0.0421875 0.048828125
0 0.46796875 0.6845703125 0.0421875 0.048828125
0 0.78046875 0.6884765625 0.0390625 0.048828125
0 0.30859375 0.5947265625 0.0390625 0.048828125
0 0.46953125 0.7431640625 0.0421875 0.048828125
0 0.56484375 0.3134765625 0.0390625 0.048828125
0 0.57265625 0.6083984375 0.0390625 0.048828125
0 0.728125 0.638671875 0.040625 0.05078125
0 0.62578125 0.7119140625 0.0421875 0.048828125
0 0.4640625 0.5087890625 0.040625 0.048828125
0 0.46796875 0.6259765625 0.0421875 0.048828125
0 0.46484375 0.5693359375 0.0421875 0.052734375
0 0.3625 0.703125 0.040625 0.05078125
0 0.67265625 0.3564453125 0.0421875 0.052734375
0 0.83046875 0.3271484375 0.0421875 0.048828125
0 0.46171875 0.392578125 0.0390625 0.046875
0 0.83046875 0.2685546875 0.0421875 0.048828125
0 0.57265625 0.666015625 0.0390625 0.05078125
0 0.575 0.7255859375 0.040625 0.048828125
0 0.8296875 0.3857421875 0.040625 0.048828125
0 0.78046875 0.5732421875 0.0390625 0.044921875
0 0.35234375 0.3505859375 0.0390625 0.048828125
0 0.35390625 0.4130859375 0.0421875 0.048828125
0 0.67421875 0.474609375 0.0390625 0.046875
0 0.36015625 0.5888671875 0.0390625 0.048828125
0 0.36171875 0.6474609375 0.0421875 0.048828125
0 0.8296875 0.5625 0.040625 0.05078125
0 0.62421875 0.5986328125 0.0390625 0.048828125
0 0.56796875 0.43359375 0.0390625 0.046875
0 0.8296875 0.4453125 0.04375 0.05078125
0 0.72734375 0.5810546875 0.0421875 0.048828125
0 0.5234375 0.7333984375 0.040625 0.048828125
0 0.3578125 0.5302734375 0.040625 0.048828125
0 0.31015625 0.6533203125 0.0421875 0.048828125
0 0.67734375 0.705078125 0.0421875 0.046875
0 0.62421875 0.6572265625 0.0390625 0.048828125
0 0.72578125 0.46484375 0.0390625 0.046875
0 0.78046875 0.6298828125 0.0390625 0.048828125
0 0.83203125 0.677734375 0.0390625 0.046875
0 0.72734375 0.5224609375 0.0421875 0.048828125
0 0.36484375 0.7607421875 0.0390625 0.048828125
