0 0.43828125 0.5693359375 0.0578125 0.064453125
0 0.69921875 0.5693359375 0.0578125 0.064453125
0 0.43828125 0.4326171875 0.0578125 0.064453125
0 0.56796875 0.5693359375 0.0578125 0.064453125
0 0.82890625 0.708984375 0.0578125 0.0625
0 0.50546875 0.912109375 0.0578125 0.0625
0 0.83203125 0.572265625 0.0578125 0.0625
0 0.56796875 0.4326171875 0.0578125 0.064453125
0 0.69921875 0.708984375 0.0578125 0.0625
0 0.7640625 0.9150390625 0.059375 0.064453125
0 0.375 0.912109375 0.059375 0.0625
0 0.9625 0.708984375 0.059375 0.0625
0 0.30703125 0.5009765625 0.0578125 0.064453125
0 0.83203125 0.4326171875 0.0578125 0.064453125
0 0.30703125 0.4296875 0.0578125 0.0625
0 0.70078125 0.4326171875 0.0578125 0.064453125
0 0.63359375 0.912109375 0.0578125 0.0625
0 0.82890625 0.8466796875 0.0578125 0.064453125
0 0.83203125 0.5009765625 0.0578125 0.064453125
0 0.56796875 0.5009765625 0.0578125 0.064453125
0 0.56796875 0.70703125 0.0578125 0.0625
0 0.43984375 0.70703125 0.0578125 0.0625
0 0.30703125 0.5693359375 0.0578125 0.064453125
0 0.43828125 0.5009765625 0.0578125 0.064453125
0 0.70078125 0.5009765625 0.0578125 0.064453125
0 0.43984375 0.84375 0.0578125 0.0625
0 0.69921875 0.84375 0.0578125 0.0625
0 0.57109375 0.84375 0.0578125 0.0625
0 0.9625 0.8466796875 0.059375 0.064453125
0 0.309375 0.70703125 0.059375 0.0625
0 0.9625 0.572265625 0.059375 0.0625
0 0.83203125 0.640625 0.0578125 0.0625
0 0.96484375 0.5009765625 0.0578125 0.064453125
0 0.96015625 0.77734375 0.0578125 0.0625
0 0.375 0.775390625 0.059375 0.0625
0 0.69921875 0.640625 0.0578125 0.0625
0 0.9625 0.640625 0.059375 0.0625
0 0.89453125 0.9150390625 0.0578125 0.064453125
0 0.43828125 0.6376953125 0.0578125 0.064453125
0 0.56796875 0.6376953125 0.0578125 0.064453125
0 0.76640625 0.5009765625 0.0578125 0.064453125
0 0.63359375 0.5009765625 0.0578125 0.064453125
0 0.69921875 0.77734375 0.0578125 0.0625
0 0.57109375 0.775390625 0.0578125 0.0625
0 0.43984375 0.775390625 0.0578125 0.0625
0 0.82890625 0.77734375 0.0578125 0.0625
0 0.503125 0.5009765625 0.059375 0.064453125
0 0.309375 0.912109375 0.059375 0.0625
0 0.37265625 0.5009765625 0.0578125 0.064453125
0 0.9625 0.9150390625 0.059375 0.064453125
0 0.896875 0.5009765625 0.059375 0.064453125
0 0.375 0.70703125 0.059375 0.0625
0 0.43984375 0.912109375 0.0578125 0.0625
0 0.896875 0.5693359375 0.059375 0.064453125
0 0.82890625 0.9150390625 0.0578125 0.064453125
0 0.30703125 0.6376953125 0.0578125 0.064453125
0 0.76640625 0.4326171875 0.0578125 0.064453125
0 0.57109375 0.912109375 0.0578125 0.0625
0 0.96484375 0.4326171875 0.0578125 0.064453125
0 0.7640625 0.70703125 0.059375 0.0625
0 0.63359375 0.4326171875 0.0578125 0.064453125
0 0.69921875 0.912109375 0.0578125 0.0625
0 0.63359375 0.775390625 0.0578125 0.0625
0 0.309375 0.775390625 0.059375 0.0625
0 0.503125 0.4326171875 0.059375 0.064453125
0 0.309375 0.84375 0.059375 0.0625
0 0.37265625 0.5693359375 0.0578125 0.064453125
0 0.503125 0.70703125 0.059375 0.0625
0 0.503125 0.775390625 0.059375 0.0625
0 0.63359375 0.70703125 0.0578125 0.0625
0 0.37265625 0.4296875 0.0578125 0.0625
0 0.7640625 0.5693359375 0.059375 0.064453125
0 0.896875 0.708984375 0.059375 0.0625
0 0.896875 0.4326171875 0.059375 0.064453125
0 0.63359375 0.5693359375 0.0578125 0.064453125
0 0.503125 0.5693359375 0.059375 0.064453125
0 0.7640625 0.77734375 0.059375 0.0625
0 0.50546875 0.84375 0.0578125 0.0625
0 0.7640625 0.8466796875 0.059375 0.064453125
0 0.375 0.84375 0.059375 0.0625
0 0.896875 0.8466796875 0.059375 0.064453125
0 0.503125 0.6376953125 0.059375 0.064453125
0 0.76640625 0.640625 0.0578125 0.0625
0 0.89453125 0.77734375 0.0578125 0.0625
0 0.63359375 0.84375 0.0578125 0.0625
0 0.896875 0.640625 0.059375 0.0625
0 0.375 0.6376953125 0.059375 0.064453125
0 0.6359375 0.6376953125 0.059375 0.064453125
