0 0.54296875 0.595703125 0.0390625 0.046875
0 0.52109375 0.30859375 0.0390625 0.046875
0 0.6171875 0.48828125 0.0375 0.046875
0 0.565625 0.3515625 0.0375 0.046875
0 0.36015625 0.33203125 0.0359375 0.046875
0 0.5359375 0.5 0.0375 0.046875
0 0.33671875 0.576171875 0.0390625 0.046875
0 0.62421875 0.5859375 0.0390625 0.046875
0 0.60078125 0.296875 0.0390625 0.04296875
0 0.32734375 0.431640625 0.0359375 0.046875
0 0.61015625 0.3935546875 0.0390625 0.044921875
0 0.36796875 0.4267578125 0.0390625 0.044921875
0 0.4625 0.609375 0.0375 0.046875
0 0.34453125 0.671875 0.0390625 0.046875
0 0.45859375 0.55859375 0.0390625 0.046875
0 0.64453125 0.33984375 0.0390625 0.046875
0 0.49140625 0.4580078125 0.0390625 0.044921875
0 0.60390625 0.34765625 0.0390625 0.046875
0 0.52734375 0.404296875 0.0390625 0.046875
0 0.43984375 0.3203125 0.0390625 0.046875
0 0.28359375 0.388671875 0.0390625 0.046875
0 0.4109375 0.46875 0.0375 0.046875
0 0.3296875 0.478515625 0.0375 0.046875
0 0.53203125 0.451171875 0.0390625 0.046875
0 0.56015625 0.302734375 0.0390625 0.046875
0 0.690625 0.3828125 0.0375 0.046875
0 0.46640625 0.65625 0.0390625 0.046875
0 0.52421875 0.35546875 0.0359375 0.046875
0 0.70234375 0.52734375 0.0390625 0.046875
0 0.50234375 0.6015625 0.0390625 0.046875
0 0.421875 0.611328125 0.0375 0.046875
0 0.53828125 0.548828125 0.0390625 0.046875
0 0.70703125 0.576171875 0.0390625 0.046875
0 0.45078125 0.462890625 0.0390625 0.046875
0 0.41796875 0.564453125 0.0390625 0.046875
0 0.69765625 0.48046875 0.0390625 0.046875
0 0.68671875 0.3349609375 0.0390625 0.044921875
0 0.2875 0.435546875 0.0375 0.046875
0 0.57109375 0.447265625 0.0390625 0.046875
0 0.4796875 0.3134765625 0.0375 0.044921875
0 0.65078125 0.388671875 0.0390625 0.046875
0 0.37421875 0.5224609375 0.0390625 0.044921875
0 0.29453125 0.53125 0.0390625 0.046875
0 0.6125 0.4423828125 0.0375 0.044921875
0 0.30390625 0.677734375 0.0390625 0.046875
0 0.65390625 0.435546875 0.0390625 0.046875
0 0.62109375 0.537109375 0.0390625 0.046875
0 0.37734375 0.5703125 0.0390625 0.04296875
0 0.33359375 0.52734375 0.0390625 0.046875
0 0.37265625 0.474609375 0.0390625 0.04296875
0 0.44765625 0.416015625 0.0390625 0.046875
0 0.69453125 0.4296875 0.0390625 0.046875
0 0.38515625 0.6650390625 0.0390625 0.044921875
0 0.49921875 0.552734375 0.0390625 0.046875
0 0.36328125 0.380859375 0.0390625 0.046875
0 0.45546875 0.51171875 0.0390625 0.046875
0 0.7109375 0.625 0.0375 0.046875
0 0.54765625 0.64453125 0.0390625 0.046875
0 0.44453125 0.3671875 0.0390625 0.046875
0 0.3421875 0.6240234375 0.0375 0.044921875
0 0.38125 0.6171875 0.0375 0.046875
0 0.628125 0.6328125 0.0375 0.046875
0 0.40703125 0.4208984375 0.0390625 0.044921875
0 0.5875 0.640625 0.0375 0.046875
0 0.58359375 0.591796875 0.0390625 0.046875
0 0.65625 0.484375 0.0375 0.046875
0 0.49375 0.50390625 0.0375 0.046875
0 0.29609375 0.580078125 0.0390625 0.046875
0 0.32421875 0.3828125 0.0390625 0.046875
0 0.68359375 0.287109375 0.0390625 0.046875
0 0.32109375 0.3359375 0.0390625 0.046875
0 0.42578125 0.662109375 0.0390625 0.046875
0 0.64296875 0.29296875 0.0390625 0.046875
0 0.66953125 0.62890625 0.0359375 0.046875
0 0.56796875 0.400390625 0.0359375 0.046875
0 0.4015625 0.3251953125 0.0375 0.044921875
0 0.40390625 0.373046875 0.0390625 0.046875
0 0.66484375 0.580078125 0.0390625 0.046875
0 0.41484375 0.515625 0.0390625 0.046875
0 0.5765625 0.49609375 0.0375 0.046875
0 0.50703125 0.6484375 0.0390625 0.046875
0 0.484375 0.3623046875 0.0375 0.044921875
0 0.29140625 0.484375 0.0390625 0.046875
0 0.66171875 0.53125 0.0390625 0.046875
0 0.58046875 0.54296875 0.0390625 0.046875
0 0.30078125 0.626953125 0.0390625 0.046875
0 0.48828125 0.408203125 0.0390625 0.046875
0 0.28125 0.3408203125 0.0375 0.044921875
