0 0.49375 0.400390625 0.04375 0.0625
0 0.2171875 0.828125 0.04375 0.0625
0 0.275 0.7392578125 0.04375 0.064453125
0 0.653125 0.7822265625 0.04375 0.060546875
0 0.33046875 0.6552734375 0.0421875 0.064453125
0 0.5453125 0.6337890625 0.04375 0.056640625
0 0.5984375 0.62890625 0.04375 0.0625
0 0.3859375 0.408203125 0.04375 0.05859375
0 0.653125 0.30859375 0.046875 0.0625
0 0.6015625 0.7109375 0.04375 0.0625
0 0.16171875 0.8310546875 0.0421875 0.064453125
0 0.43984375 0.4033203125 0.0421875 0.064453125
0 0.384375 0.8896484375 0.046875 0.060546875
0 0.328125 0.734375 0.04375 0.0625
0 0.1640625 0.341796875 0.046875 0.06640625
0 0.3859375 0.5693359375 0.046875 0.060546875
0 0.275 0.5791015625 0.046875 0.064453125
0 0.221875 0.3359375 0.046875 0.06640625
0 0.21875 0.58203125 0.046875 0.0625
0 0.703125 0.7763671875 0.04375 0.060546875
0 0.2203125 0.5009765625 0.04375 0.060546875
0 0.440625 0.484375 0.04375 0.0625
0 0.275 0.658203125 0.04375 0.0625
0 0.490625 0.87890625 0.04375 0.0625
0 0.16171875 0.505859375 0.0421875 0.0625
0 0.7046875 0.3837890625 0.046875 0.060546875
0 0.49375 0.560546875 0.04375 0.0625
0 0.27578125 0.3349609375 0.0453125 0.064453125
0 0.6015625 0.5517578125 0.046875 0.060546875
0 0.49296875 0.4794921875 0.0421875 0.056640625
0 0.49296875 0.71875 0.0421875 0.0625
0 0.54921875 0.3154296875 0.0453125 0.060546875
0 0.38359375 0.7294921875 0.0421875 0.060546875
0 0.59921875 0.4697265625 0.0421875 0.060546875
0 0.6515625 0.546875 0.040625 0.0546875
0 0.32890625 0.57421875 0.0453125 0.0625
0 0.159375 0.9130859375 0.04375 0.060546875
0 0.2171875 0.744140625 0.04375 0.0625
0 0.49140625 0.6376953125 0.0453125 0.060546875
0 0.21953125 0.4189453125 0.0421875 0.064453125
0 0.38515625 0.490234375 0.0453125 0.0625
0 0.16328125 0.66796875 0.0421875 0.0625
0 0.328125 0.8154296875 0.04375 0.064453125
0 0.43828125 0.5634765625 0.0453125 0.064453125
0 0.54765625 0.7138671875 0.0453125 0.060546875
0 0.70390625 0.541015625 0.0421875 0.05859375
0 0.328125 0.89453125 0.04375 0.05859375
0 0.6015625 0.392578125 0.04375 0.0625
0 0.5453125 0.791015625 0.04375 0.0625
0 0.653125 0.3896484375 0.04375 0.060546875
0 0.6015625 0.3115234375 0.04375 0.064453125
0 0.653125 0.466796875 0.04375 0.0625
0 0.440625 0.32421875 0.04375 0.0625
0 0.16328125 0.423828125 0.0421875 0.0625
0 0.27421875 0.8212890625 0.0453125 0.060546875
0 0.271875 0.90234375 0.04375 0.0625
0 0.3328125 0.4140625 0.046875 0.0625
0 0.70390625 0.462890625 0.0421875 0.0625
0 0.49453125 0.3193359375 0.0421875 0.056640625
0 0.49296875 0.7978515625 0.0421875 0.060546875
0 0.2203125 0.6650390625 0.04375 0.060546875
0 0.27734375 0.416015625 0.0421875 0.0625
0 0.70390625 0.8544921875 0.0421875 0.064453125
0 0.3859375 0.650390625 0.04375 0.0625
0 0.43984375 0.7236328125 0.0421875 0.064453125
0 0.653125 0.625 0.046875 0.05859375
0 0.7046875 0.697265625 0.046875 0.0625
0 0.33203125 0.3310546875 0.0453125 0.064453125
0 0.43828125 0.8046875 0.0453125 0.0625
0 0.65078125 0.8623046875 0.0421875 0.056640625
0 0.4375 0.8828125 0.04375 0.0625
0 0.43984375 0.64453125 0.0421875 0.0625
0 0.1625 0.5869140625 0.04375 0.064453125
0 0.54609375 0.4755859375 0.0421875 0.060546875
0 0.5984375 0.7880859375 0.04375 0.060546875
0 0.70234375 0.62109375 0.0421875 0.0625
0 0.70859375 0.306640625 0.0421875 0.0625
0 0.1625 0.75 0.04375 0.0625
0 0.54765625 0.3974609375 0.0453125 0.060546875
0 0.38671875 0.3271484375 0.0453125 0.064453125
0 0.27578125 0.4951171875 0.0453125 0.064453125
0 0.33203125 0.4921875 0.0453125 0.0625
0 0.65078125 0.705078125 0.0421875 0.05859375
0 0.2171875 0.9072265625 0.04375 0.064453125
0 0.54765625 0.5556640625 0.0453125 0.056640625
0 0.38359375 0.810546875 0.0421875 0.0625
0 0.59765625 0.8671875 0.0421875 0.0625
0 0.5453125 0.873046875 0.04375 0.0625
