0 0.38828125 0.3701171875 0.0421875 0.048828125
0 0.634375 0.486328125 0.040625 0.05078125
0 0.5109375 0.427734375 0.040625 0.05078125
0 0.6375 0.5908203125 0.040625 0.052734375
0 0.63359375 0.37890625 0.0421875 0.05078125
0 0.51484375 0.5322265625 0.0421875 0.048828125
0 0.353125 0.5224609375 0.040625 0.048828125
0 0.35546875 0.6259765625 0.0421875 0.048828125
0 0.3921875 0.4716796875 0.040625 0.052734375
0 0.515625 0.5849609375 0.040625 0.048828125
0 0.47734375 0.685546875 0.0390625 0.05078125
0 0.5078125 0.3203125 0.040625 0.05078125
0 0.59140625 0.3779296875 0.0421875 0.048828125
0 0.4703125 0.3740234375 0.040625 0.052734375
0 0.559375 0.689453125 0.040625 0.05078125
0 0.678125 0.5400390625 0.040625 0.048828125
0 0.71640625 0.3291015625 0.0390625 0.052734375
0 0.59609375 0.537109375 0.0421875 0.05078125
0 0.59296875 0.4326171875 0.0390625 0.048828125
0 0.46796875 0.3203125 0.0421875 0.05078125
0 0.7171875 0.3828125 0.040625 0.05078125
0 0.31640625 0.6748046875 0.0390625 0.048828125
0 0.35703125 0.6796875 0.0421875 0.05078125
0 0.71796875 0.4365234375 0.0390625 0.048828125
0 0.43203125 0.5263671875 0.0390625 0.052734375
0 0.34921875 0.4189453125 0.0421875 0.048828125
0 0.54921875 0.3212890625 0.0421875 0.052734375
0 0.59453125 0.4833984375 0.0390625 0.048828125
0 0.47109375 0.478515625 0.0390625 0.05078125
0 0.4296875 0.4248046875 0.040625 0.048828125
0 0.6765625 0.435546875 0.040625 0.05078125
0 0.55390625 0.5322265625 0.0421875 0.048828125
0 0.59921875 0.6416015625 0.0390625 0.048828125
0 0.47109375 0.4248046875 0.0390625 0.048828125
0 0.68046875 0.6474609375 0.0390625 0.048828125
0 0.31171875 0.4677734375 0.0421875 0.048828125
0 0.63828125 0.6435546875 0.0390625 0.048828125
0 0.634375 0.4326171875 0.040625 0.048828125
0 0.7203125 0.490234375 0.040625 0.05078125
0 0.47421875 0.5810546875 0.0421875 0.052734375
0 0.38828125 0.419921875 0.0421875 0.05078125
0 0.39765625 0.6806640625 0.0421875 0.048828125
0 0.553125 0.482421875 0.040625 0.05078125
0 0.51328125 0.478515625 0.0390625 0.05078125
0 0.553125 0.4287109375 0.040625 0.048828125
0 0.39453125 0.62890625 0.0421875 0.05078125
0 0.42890625 0.3701171875 0.0421875 0.048828125
0 0.31484375 0.5732421875 0.0390625 0.052734375
0 0.43515625 0.5791015625 0.0421875 0.048828125
0 0.43203125 0.474609375 0.0390625 0.05078125
0 0.596875 0.5869140625 0.040625 0.048828125
0 0.35390625 0.57421875 0.0390625 0.05078125
0 0.640625 0.6962890625 0.040625 0.048828125
0 0.7203125 0.5439453125 0.040625 0.048828125
0 0.4734375 0.529296875 0.040625 0.05078125
0 0.309375 0.4169921875 0.040625 0.048828125
0 0.72265625 0.6484375 0.0390625 0.05078125
0 0.30625 0.3115234375 0.040625 0.052734375
0 0.67890625 0.59375 0.0421875 0.05078125
0 0.30859375 0.3642578125 0.0390625 0.048828125
0 0.55703125 0.6396484375 0.0390625 0.048828125
0 0.59921875 0.693359375 0.0390625 0.05078125
0 0.59140625 0.32421875 0.0421875 0.05078125
0 0.34609375 0.3125 0.0390625 0.05078125
0 0.346875 0.3662109375 0.040625 0.052734375
0 0.3921875 0.5244140625 0.040625 0.048828125
0 0.55625 0.5869140625 0.040625 0.048828125
0 0.38515625 0.3154296875 0.0390625 0.048828125
0 0.31328125 0.521484375 0.0421875 0.05078125
0 0.6375 0.5390625 0.040625 0.05078125
0 0.43828125 0.6826171875 0.0390625 0.048828125
0 0.6765625 0.4892578125 0.040625 0.048828125
0 0.43671875 0.6318359375 0.0421875 0.048828125
0 0.51015625 0.375 0.0421875 0.05078125
0 0.35078125 0.470703125 0.0421875 0.05078125
0 0.47578125 0.6337890625 0.0390625 0.048828125
0 0.31484375 0.625 0.0390625 0.05078125
0 0.72109375 0.5966796875 0.0421875 0.052734375
0 0.67578125 0.3828125 0.0421875 0.05078125
0 0.6828125 0.6982421875 0.040625 0.048828125
0 0.5171875 0.6884765625 0.040625 0.048828125
0 0.63203125 0.3251953125 0.0390625 0.048828125
0 0.42578125 0.31640625 0.0421875 0.05078125
0 0.39375 0.5771484375 0.040625 0.048828125
0 0.5171875 0.634765625 0.040625 0.05078125
0 0.55078125 0.375 0.0390625 0.05078125
0 0.72421875 0.701171875 0.0390625 0.05078125
0 0.67421875 0.3271484375 0.0390625 0.052734375
