0 0.503125 0.4892578125 0.040625 0.048828125
0 0.41796875 0.5908203125 0.0421875 0.048828125
0 0.71640625 0.619140625 0.0390625 0.05078125
0 0.63359375 0.7216796875 0.0390625 0.052734375
0 0.50703125 0.6845703125 0.0390625 0.048828125
0 0.58984375 0.5791015625 0.0390625 0.048828125
0 0.71484375 0.6669921875 0.0421875 0.048828125
0 0.67109375 0.376953125 0.0421875 0.05078125
0 0.63046875 0.5751953125 0.0390625 0.048828125
0 0.75703125 0.4677734375 0.0390625 0.048828125
0 0.71640625 0.7158203125 0.0390625 0.048828125
0 0.4171875 0.4951171875 0.040625 0.052734375
0 0.42265625 0.7392578125 0.0421875 0.052734375
0 0.67421875 0.7177734375 0.0390625 0.048828125
0 0.6296875 0.5283203125 0.040625 0.052734375
0 0.6734375 0.669921875 0.040625 0.05078125
0 0.79921875 0.3671875 0.0390625 0.05078125
0 0.67265625 0.4755859375 0.0390625 0.048828125
0 0.4203125 0.6884765625 0.040625 0.048828125
0 0.41953125 0.6416015625 0.0390625 0.052734375
0 0.79765625 0.416015625 0.0421875 0.05078125
0 0.37890625 0.6943359375 0.0421875 0.048828125
0 0.58828125 0.4814453125 0.0421875 0.048828125
0 0.50703125 0.7314453125 0.0390625 0.052734375
0 0.4640625 0.734375 0.040625 0.05078125
0 0.7140625 0.375 0.040625 0.05078125
0 0.54765625 0.728515625 0.0390625 0.05078125
0 0.79921875 0.5146484375 0.0390625 0.048828125
0 0.67109375 0.42578125 0.0421875 0.05078125
0 0.79921875 0.4658203125 0.0390625 0.048828125
0 0.37421875 0.4482421875 0.0390625 0.048828125
0 0.58671875 0.3818359375 0.0421875 0.052734375
0 0.41484375 0.4443359375 0.0390625 0.048828125
0 0.71484375 0.423828125 0.0421875 0.05078125
0 0.590625 0.62890625 0.040625 0.05078125
0 0.37734375 0.64453125 0.0390625 0.05078125
0 0.4140625 0.39453125 0.040625 0.05078125
0 0.54609375 0.533203125 0.0390625 0.05078125
0 0.50390625 0.5869140625 0.0390625 0.048828125
0 0.4609375 0.5400390625 0.040625 0.048828125
0 0.3703125 0.3994140625 0.040625 0.048828125
0 0.58984375 0.6767578125 0.0390625 0.048828125
0 0.5875 0.4326171875 0.040625 0.048828125
0 0.4578125 0.4423828125 0.040625 0.048828125
0 0.54453125 0.484375 0.0421875 0.05078125
0 0.71484375 0.521484375 0.0421875 0.05078125
0 0.50234375 0.5361328125 0.0390625 0.052734375
0 0.6734375 0.62109375 0.040625 0.05078125
0 0.41796875 0.5439453125 0.0421875 0.052734375
0 0.79921875 0.611328125 0.0390625 0.05078125
0 0.7140625 0.4716796875 0.040625 0.048828125
0 0.75625 0.5185546875 0.040625 0.052734375
0 0.5015625 0.4404296875 0.040625 0.048828125
0 0.63203125 0.623046875 0.0421875 0.05078125
0 0.6734375 0.5732421875 0.040625 0.048828125
0 0.6296875 0.37890625 0.040625 0.05078125
0 0.79921875 0.7080078125 0.0390625 0.048828125
0 0.4578125 0.392578125 0.040625 0.05078125
0 0.63203125 0.6728515625 0.0421875 0.052734375
0 0.58828125 0.53125 0.0421875 0.05078125
0 0.8 0.5625 0.040625 0.05078125
0 0.75625 0.41796875 0.040625 0.05078125
0 0.75625 0.5654296875 0.040625 0.048828125
0 0.546875 0.630859375 0.040625 0.05078125
0 0.6296875 0.4775390625 0.040625 0.048828125
0 0.58984375 0.724609375 0.0390625 0.05078125
0 0.54609375 0.5830078125 0.0390625 0.048828125
0 0.54375 0.435546875 0.040625 0.05078125
0 0.62890625 0.427734375 0.0390625 0.05078125
0 0.46015625 0.4921875 0.0421875 0.05078125
0 0.8 0.66015625 0.040625 0.05078125
0 0.75859375 0.662109375 0.0421875 0.05078125
0 0.54375 0.384765625 0.040625 0.05078125
0 0.75703125 0.3701171875 0.0390625 0.048828125
0 0.37578125 0.5966796875 0.0390625 0.048828125
0 0.71484375 0.5703125 0.0421875 0.05078125
0 0.37890625 0.7421875 0.0421875 0.05078125
0 0.6734375 0.5234375 0.040625 0.05078125
0 0.50078125 0.3896484375 0.0390625 0.052734375
0 0.46171875 0.638671875 0.0421875 0.05078125
0 0.503125 0.6337890625 0.040625 0.052734375
0 0.37421875 0.498046875 0.0390625 0.05078125
0 0.75859375 0.7109375 0.0421875 0.05078125
0 0.46328125 0.6865234375 0.0390625 0.048828125
0 0.375 0.546875 0.040625 0.05078125
0 0.54765625 0.6787109375 0.0390625 0.048828125
0 0.46171875 0.5888671875 0.0421875 0.048828125
0 0.75703125 0.6142578125 0.0390625 0.048828125
