0 0.5078125 0.6044921875 0.059375 0.056640625
0 0.68046875 0.4951171875 0.0609375 0.056640625
0 0.7 0.6005859375 0.059375 0.056640625
0 0.4578125 0.6767578125 0.059375 0.056640625
0 0.33515625 0.7138671875 0.0609375 0.056640625
0 0.6296875 0.5654296875 0.059375 0.056640625
0 0.5296875 0.7080078125 0.059375 0.056640625
0 0.75 0.5283203125 0.059375 0.056640625
0 0.5890625 0.6904296875 0.059375 0.056640625
0 0.140625 0.4345703125 0.059375 0.056640625
0 0.3953125 0.6943359375 0.059375 0.056640625
0 0.709375 0.6513671875 0.059375 0.056640625
0 0.740625 0.4755859375 0.059375 0.056640625
0 0.284375 0.7861328125 0.059375 0.056640625
0 0.16484375 0.5419921875 0.0609375 0.056640625
0 0.6609375 0.3896484375 0.059375 0.056640625
0 0.56796875 0.5849609375 0.0609375 0.056640625
0 0.76875 0.6318359375 0.059375 0.056640625
0 0.5796875 0.6357421875 0.059375 0.056640625
0 0.5890625 0.3564453125 0.059375 0.056640625
0 0.68984375 0.5478515625 0.0609375 0.056640625
0 0.37578125 0.5908203125 0.0609375 0.056640625
0 0.5265625 0.3740234375 0.059375 0.056640625
0 0.759375 0.5791015625 0.059375 0.056640625
0 0.153125 0.4892578125 0.059375 0.056640625
0 0.22734375 0.5224609375 0.0609375 0.056640625
0 0.60859375 0.4619140625 0.0609375 0.056640625
0 0.4671875 0.7275390625 0.059375 0.056640625
0 0.63984375 0.6181640625 0.0609375 0.056640625
0 0.5171875 0.3193359375 0.059375 0.056640625
0 0.4046875 0.4130859375 0.059375 0.056640625
0 0.5484375 0.4794921875 0.059375 0.056640625
0 0.34453125 0.7646484375 0.0609375 0.056640625
0 0.4359375 0.5712890625 0.059375 0.056640625
0 0.72109375 0.3720703125 0.0609375 0.056640625
0 0.67109375 0.4423828125 0.0609375 0.056640625
0 0.21015625 0.7509765625 0.0609375 0.056640625
0 0.3015625 0.5576171875 0.059375 0.056640625
0 0.78125 0.3505859375 0.059375 0.056640625
0 0.2515625 0.6298828125 0.059375 0.056640625
0 0.3421875 0.4306640625 0.059375 0.056640625
0 0.73125 0.4228515625 0.059375 0.056640625
0 0.8 0.4580078125 0.059375 0.056640625
0 0.5171875 0.6572265625 0.059375 0.056640625
0 0.76171875 0.2451171875 0.0609375 0.056640625
0 0.4765625 0.4462890625 0.059375 0.056640625
0 0.71171875 0.3173828125 0.0609375 0.056640625
0 0.27734375 0.4501953125 0.0609375 0.056640625
0 0.4140625 0.4658203125 0.059375 0.056640625
0 0.3234375 0.6611328125 0.059375 0.056640625
0 0.4546875 0.3408203125 0.059375 0.056640625
0 0.64921875 0.3349609375 0.0609375 0.056640625
0 0.5390625 0.4287109375 0.059375 0.056640625
0 0.4859375 0.4990234375 0.059375 0.056640625
0 0.3640625 0.5380859375 0.059375 0.056640625
0 0.7015625 0.2626953125 0.059375 0.056640625
0 0.81953125 0.5615234375 0.0609375 0.056640625
0 0.4984375 0.5517578125 0.059375 0.056640625
0 0.20546875 0.4169921875 0.0609375 0.056640625
0 0.26328125 0.6806640625 0.0609375 0.056640625
0 0.20078125 0.7001953125 0.0609375 0.056640625
0 0.3515625 0.4853515625 0.059375 0.056640625
0 0.6203125 0.5146484375 0.059375 0.056640625
0 0.57734375 0.3017578125 0.0609375 0.056640625
0 0.64921875 0.6708984375 0.0609375 0.056640625
0 0.5578125 0.5322265625 0.059375 0.056640625
0 0.3859375 0.6435546875 0.059375 0.056640625
0 0.40703125 0.7470703125 0.0609375 0.056640625
0 0.4265625 0.5185546875 0.059375 0.056640625
0 0.1890625 0.6474609375 0.059375 0.056640625
0 0.22265625 0.8037109375 0.0609375 0.056640625
0 0.26796875 0.396484375 0.0609375 0.0546875
0 0.215625 0.4697265625 0.059375 0.056640625
0 0.81015625 0.5087890625 0.0609375 0.056640625
0 0.790625 0.4052734375 0.059375 0.056640625
0 0.2390625 0.5751953125 0.059375 0.056640625
0 0.1765625 0.5947265625 0.059375 0.056640625
0 0.63984375 0.2841796875 0.0609375 0.056640625
0 0.3921875 0.3583984375 0.059375 0.056640625
0 0.44765625 0.6220703125 0.0609375 0.056640625
0 0.82890625 0.6142578125 0.0609375 0.056640625
0 0.2890625 0.5029296875 0.059375 0.056640625
0 0.5984375 0.4072265625 0.059375 0.056640625
0 0.31328125 0.6083984375 0.0609375 0.056640625
0 0.46484375 0.3916015625 0.0609375 0.056640625
0 0.27265625 0.7333984375 0.0609375 0.056640625
0 0.771875 0.2998046875 0.059375 0.056640625
0 0.33046875 0.3779296875 0.0609375 0.056640625
