0 0.46015625 0.4482421875 0.0390625 0.044921875
0 0.66171875 0.470703125 0.0390625 0.046875
0 0.59765625 0.576171875 0.0390625 0.046875
0 0.64765625 0.3740234375 0.0390625 0.044921875
0 0.396875 0.552734375 0.0375 0.046875
0 0.48203125 0.591796875 0.0390625 0.046875
0 0.53515625 0.681640625 0.0390625 0.046875
0 0.34375 0.46484375 0.0375 0.046875
0 0.49609375 0.443359375 0.0390625 0.046875
0 0.31328125 0.5146484375 0.0390625 0.048828125
0 0.42109375 0.6953125 0.0390625 0.046875
0 0.3828125 0.701171875 0.0375 0.046875
0 0.63671875 0.572265625 0.0390625 0.046875
0 0.49609375 0.685546875 0.0390625 0.046875
0 0.35859375 0.55859375 0.0390625 0.046875
0 0.61484375 0.427734375 0.0359375 0.046875
0 0.68359375 0.61328125 0.0390625 0.046875
0 0.55234375 0.533203125 0.0390625 0.04296875
0 0.58359375 0.48046875 0.0390625 0.046875
0 0.5203125 0.5859375 0.0375 0.046875
0 0.60859375 0.37890625 0.0390625 0.046875
0 0.65859375 0.7138671875 0.0390625 0.044921875
0 0.50390625 0.732421875 0.0359375 0.046875
0 0.54453125 0.4853515625 0.0390625 0.044921875
0 0.45 0.64453125 0.0375 0.046875
0 0.45859375 0.6923828125 0.0359375 0.044921875
0 0.38203125 0.45703125 0.0390625 0.046875
0 0.51328125 0.5390625 0.0390625 0.046875
0 0.73671875 0.705078125 0.0390625 0.046875
0 0.44296875 0.5966796875 0.0390625 0.048828125
0 0.68984375 0.6640625 0.0390625 0.046875
0 0.57578125 0.43359375 0.0359375 0.046875
0 0.32109375 0.564453125 0.0390625 0.046875
0 0.41328125 0.40625 0.0359375 0.046875
0 0.42109375 0.453125 0.0390625 0.046875
0 0.64453125 0.619140625 0.0390625 0.046875
0 0.61953125 0.720703125 0.0390625 0.046875
0 0.35078125 0.51171875 0.0390625 0.046875
0 0.5671875 0.3837890625 0.0375 0.044921875
0 0.715625 0.5625 0.0375 0.046875
0 0.65078125 0.6669921875 0.0390625 0.044921875
0 0.5734375 0.67578125 0.0375 0.046875
0 0.46640625 0.73828125 0.0390625 0.046875
0 0.50546875 0.490234375 0.0390625 0.046875
0 0.30546875 0.466796875 0.0390625 0.046875
0 0.66953125 0.51953125 0.0390625 0.046875
0 0.36640625 0.6064453125 0.0390625 0.048828125
0 0.69765625 0.7109375 0.0390625 0.046875
0 0.43671875 0.548828125 0.0390625 0.046875
0 0.72265625 0.6103515625 0.0390625 0.044921875
0 0.4671875 0.49609375 0.0375 0.04296875
0 0.35078125 0.7529296875 0.0390625 0.048828125
0 0.48984375 0.638671875 0.0390625 0.046875
0 0.73046875 0.6572265625 0.0359375 0.044921875
0 0.37265625 0.41015625 0.0390625 0.046875
0 0.68671875 0.3681640625 0.0390625 0.048828125
0 0.56015625 0.58203125 0.0390625 0.046875
0 0.62265625 0.4775390625 0.0390625 0.048828125
0 0.60546875 0.623046875 0.0390625 0.046875
0 0.33671875 0.658203125 0.0390625 0.046875
0 0.58046875 0.72265625 0.0390625 0.046875
0 0.42890625 0.7421875 0.0390625 0.046875
0 0.4046875 0.6015625 0.0375 0.046875
0 0.56640625 0.62890625 0.0390625 0.046875
0 0.6296875 0.525390625 0.0375 0.046875
0 0.38984375 0.748046875 0.0390625 0.046875
0 0.38984375 0.5048828125 0.0390625 0.048828125
0 0.528125 0.390625 0.0375 0.046875
0 0.34453125 0.705078125 0.0390625 0.046875
0 0.42890625 0.501953125 0.0390625 0.046875
0 0.29765625 0.419921875 0.0390625 0.046875
0 0.54453125 0.728515625 0.0390625 0.046875
0 0.53515625 0.4375 0.0390625 0.046875
0 0.70078125 0.46484375 0.0390625 0.046875
0 0.32890625 0.611328125 0.0359375 0.046875
0 0.33671875 0.416015625 0.0390625 0.046875
0 0.48828125 0.3955078125 0.0390625 0.048828125
0 0.52734375 0.6337890625 0.0390625 0.048828125
0 0.41171875 0.6484375 0.0390625 0.046875
0 0.69453125 0.416015625 0.0390625 0.046875
0 0.67578125 0.56640625 0.0390625 0.046875
0 0.37578125 0.654296875 0.0390625 0.046875
0 0.70859375 0.5146484375 0.0390625 0.048828125
0 0.61328125 0.673828125 0.0390625 0.046875
0 0.58984375 0.529296875 0.0390625 0.046875
0 0.45078125 0.400390625 0.0390625 0.046875
0 0.47421875 0.5439453125 0.0390625 0.044921875
0 0.65546875 0.4208984375 0.0390625 0.044921875
