0 0.55703125 0.3642578125 0.0515625 0.083984375
0 0.41015625 0.5224609375 0.0515625 0.087890625
0 0.3953125 0.369140625 0.053125 0.0859375
0 0.6015625 0.2587890625 0.053125 0.087890625
0 0.70390625 0.20703125 0.0515625 0.0859375
0 0.45390625 0.419921875 0.0515625 0.0859375
0 0.540625 0.2119140625 0.053125 0.087890625
0 0.353125 0.4755859375 0.053125 0.087890625
0 0.48984375 0.23828125 0.0515625 0.0859375
0 0.8640625 0.619140625 0.053125 0.0859375
0 0.65390625 0.232421875 0.0515625 0.0859375
0 0.3890625 0.29296875 0.053125 0.0859375
0 0.359375 0.55078125 0.053125 0.0859375
0 0.7484375 0.1015625 0.053125 0.0859375
0 0.84453125 0.462890625 0.0515625 0.0859375
0 0.425 0.6796875 0.053125 0.0859375
0 0.50625 0.39453125 0.053125 0.0859375
0 0.33828125 0.322265625 0.0515625 0.0859375
0 0.4984375 0.3173828125 0.053125 0.083984375
0 0.4859375 0.728515625 0.053125 0.0859375
0 0.40390625 0.4453125 0.0515625 0.08203125
0 0.66875 0.38671875 0.053125 0.0859375
0 0.53828125 0.703125 0.0515625 0.0859375
0 0.34453125 0.396484375 0.0515625 0.0859375
0 0.85546875 0.5380859375 0.0515625 0.087890625
0 0.7921875 0.48828125 0.053125 0.0859375
0 0.47109375 0.572265625 0.0515625 0.0859375
0 0.59296875 0.185546875 0.0515625 0.0859375
0 0.44765625 0.341796875 0.0515625 0.0859375
0 0.54453125 0.783203125 0.0515625 0.0859375
0 0.640625 0.6484375 0.053125 0.0859375
0 0.52109375 0.546875 0.0515625 0.0859375
0 0.69765625 0.130859375 0.0515625 0.0859375
0 0.61796875 0.416015625 0.0515625 0.0859375
0 0.37421875 0.7041015625 0.0515625 0.083984375
0 0.41875 0.6015625 0.053125 0.0859375
0 0.809375 0.15234375 0.053125 0.0859375
0 0.73125 0.435546875 0.053125 0.0859375
0 0.3234375 0.734375 0.053125 0.0859375
0 0.7734375 0.33203125 0.053125 0.0859375
0 0.69375 0.62109375 0.053125 0.0859375
0 0.36796875 0.626953125 0.0515625 0.0859375
0 0.309375 0.578125 0.053125 0.0859375
0 0.55078125 0.287109375 0.0515625 0.0859375
0 0.33828125 0.890625 0.0515625 0.0859375
0 0.58203125 0.59765625 0.0515625 0.0859375
0 0.3828125 0.783203125 0.053125 0.0859375
0 0.7484375 0.59375 0.053125 0.0859375
0 0.634375 0.5703125 0.053125 0.0859375
0 0.71484375 0.28515625 0.0515625 0.0859375
0 0.59921875 0.7548828125 0.0515625 0.087890625
0 0.43515625 0.7578125 0.0515625 0.0859375
0 0.5296875 0.625 0.053125 0.0859375
0 0.5734375 0.5205078125 0.053125 0.083984375
0 0.6765625 0.462890625 0.053125 0.0859375
0 0.3890625 0.865234375 0.053125 0.0859375
0 0.29453125 0.423828125 0.0515625 0.0859375
0 0.565625 0.44140625 0.053125 0.0859375
0 0.809375 0.64453125 0.053125 0.0859375
0 0.76484375 0.2548828125 0.0515625 0.083984375
0 0.8171875 0.23046875 0.053125 0.0859375
0 0.6875 0.54296875 0.053125 0.0859375
0 0.46015625 0.49609375 0.0515625 0.0859375
0 0.49375 0.810546875 0.053125 0.0859375
0 0.4390625 0.2666015625 0.053125 0.087890625
0 0.51484375 0.470703125 0.0515625 0.0859375
0 0.6625 0.3095703125 0.053125 0.083984375
0 0.6453125 0.15625 0.053125 0.0859375
0 0.62421875 0.4912109375 0.0515625 0.087890625
0 0.82578125 0.306640625 0.0515625 0.0859375
0 0.80078125 0.076171875 0.0515625 0.0859375
0 0.75625 0.673828125 0.053125 0.0859375
0 0.803125 0.56640625 0.053125 0.0859375
0 0.303125 0.5009765625 0.053125 0.083984375
0 0.31640625 0.65234375 0.0546875 0.0859375
0 0.78359375 0.4111328125 0.0515625 0.083984375
0 0.8359375 0.380859375 0.053125 0.0859375
0 0.44140625 0.8349609375 0.0515625 0.083984375
0 0.6515625 0.728515625 0.053125 0.0859375
0 0.6078125 0.33984375 0.053125 0.0859375
0 0.28828125 0.34765625 0.0515625 0.0859375
0 0.73984375 0.517578125 0.0515625 0.0859375
0 0.47734375 0.65234375 0.0515625 0.0859375
0 0.72109375 0.361328125 0.0515625 0.0859375
0 0.590625 0.67578125 0.053125 0.0859375
0 0.75625 0.177734375 0.053125 0.0859375
0 0.3296875 0.810546875 0.053125 0.0859375
0 0.70390625 0.69921875 0.0515625 0.0859375
