0 0.54921875 0.7138671875 0.0390625 0.048828125
0 0.56171875 0.5263671875 0.0390625 0.048828125
0 0.68515625 0.6845703125 0.0390625 0.048828125
0 0.66328125 0.6376953125 0.0390625 0.048828125
0 0.46171875 0.4169921875 0.0390625 0.048828125
0 0.36328125 0.3076171875 0.0390625 0.048828125
0 0.76015625 0.6337890625 0.0390625 0.048828125
0 0.34609375 0.3779296875 0.0390625 0.048828125
0 0.69765625 0.4970703125 0.0390625 0.048828125
0 0.57265625 0.2294921875 0.0390625 0.048828125
0 0.67578125 0.4521484375 0.0390625 0.048828125
0 0.43984375 0.2587890625 0.0390625 0.048828125
0 0.57578125 0.3427734375 0.0390625 0.048828125
0 0.55234375 0.1845703125 0.0390625 0.048828125
0 0.38671875 0.4658203125 0.0390625 0.048828125
0 0.40390625 0.3974609375 0.0390625 0.048828125
0 0.54453125 0.5986328125 0.0390625 0.048828125
0 0.57890625 0.4580078125 0.0390625 0.048828125
0 0.49609375 0.2783203125 0.0390625 0.048828125
0 0.65234375 0.2939453125 0.0390625 0.048828125
0 0.42734375 0.5576171875 0.0390625 0.048828125
0 0.59609375 0.3876953125 0.0390625 0.048828125
0 0.60859375 0.7353515625 0.0390625 0.048828125
0 0.73515625 0.4736328125 0.0390625 0.048828125
0 0.68046875 0.5673828125 0.0390625 0.048828125
0 0.50390625 0.5068359375 0.0390625 0.048828125
0 0.51015625 0.7392578125 0.0390625 0.048828125
0 0.73984375 0.5888671875 0.0390625 0.048828125
0 0.63359375 0.3623046875 0.0390625 0.048828125
0 0.50078125 0.3935546875 0.0390625 0.048828125
0 0.58359375 0.5732421875 0.0390625 0.048828125
0 0.56953125 0.7607421875 0.0390625 0.048828125
0 0.44453125 0.4873046875 0.0390625 0.048828125
0 0.59921875 0.5029296875 0.0390625 0.048828125
0 0.48671875 0.5771484375 0.0390625 0.048828125
0 0.42109375 0.3271484375 0.0390625 0.048828125
0 0.44140625 0.3720703125 0.0390625 0.048828125
0 0.47890625 0.3486328125 0.0390625 0.048828125
0 0.47578125 0.2333984375 0.0390625 0.048828125
0 0.52421875 0.5517578125 0.0390625 0.048828125
0 0.75703125 0.5185546875 0.0390625 0.048828125
0 0.48359375 0.4619140625 0.0390625 0.048828125
0 0.55546875 0.2978515625 0.0390625 0.048828125
0 0.44765625 0.6025390625 0.0390625 0.048828125
0 0.52734375 0.6689453125 0.0390625 0.048828125
0 0.58984375 0.1591796875 0.0390625 0.048828125
0 0.61015625 0.2041015625 0.0390625 0.048828125
0 0.62421875 0.6630859375 0.0390625 0.048828125
0 0.42421875 0.4423828125 0.0390625 0.048828125
0 0.52109375 0.4365234375 0.0390625 0.048828125
0 0.69296875 0.3828125 0.0390625 0.046875
0 0.51484375 0.2099609375 0.0390625 0.048828125
0 0.53515625 0.2548828125 0.0390625 0.048828125
0 0.71328125 0.4287109375 0.0390625 0.048828125
0 0.67265625 0.3388671875 0.0390625 0.048828125
0 0.53828125 0.3681640625 0.0390625 0.048828125
0 0.60390625 0.6181640625 0.0390625 0.048828125
0 0.63828125 0.4775390625 0.0390625 0.048828125
0 0.38359375 0.3525390625 0.0390625 0.048828125
0 0.59296875 0.2744140625 0.0390625 0.048828125
0 0.56484375 0.6435546875 0.0390625 0.048828125
0 0.61328125 0.3173828125 0.0390625 0.048828125
0 0.58671875 0.6884765625 0.0390625 0.048828125
0 0.62109375 0.5478515625 0.0390625 0.048828125
0 0.79921875 0.6083984375 0.0390625 0.048828125
0 0.46640625 0.5322265625 0.0390625 0.048828125
0 0.32578125 0.3330078125 0.0390625 0.048828125
0 0.45859375 0.3037109375 0.0390625 0.048828125
0 0.70078125 0.6142578125 0.0390625 0.048828125
0 0.50703125 0.6220703125 0.0390625 0.048828125
0 0.65546875 0.4072265625 0.0390625 0.048828125
0 0.40703125 0.5107421875 0.0390625 0.048828125
0 0.40078125 0.2822265625 0.0390625 0.048828125
0 0.54140625 0.4814453125 0.0390625 0.048828125
0 0.72265625 0.6591796875 0.0390625 0.048828125
0 0.65859375 0.5224609375 0.0390625 0.048828125
0 0.64609375 0.7099609375 0.0390625 0.048828125
0 0.51796875 0.3232421875 0.0390625 0.048828125
0 0.64140625 0.5927734375 0.0390625 0.048828125
0 0.71796875 0.5439453125 0.0390625 0.048828125
0 0.48984375 0.6943359375 0.0390625 0.048828125
0 0.61640625 0.4326171875 0.0390625 0.048828125
0 0.46953125 0.6474609375 0.0390625 0.048828125
0 0.55859375 0.4130859375 0.0390625 0.048828125
0 0.36640625 0.4208984375 0.0390625 0.048828125
0 0.53203125 0.7861328125 0.0390625 0.048828125
0 0.77734375 0.5634765625 0.0390625 0.048828125
0 0.63046875 0.2490234375 0.0390625 0.048828125
