0 0.65859375 0.4873046875 0.0390625 0.048828125
0 0.56796875 0.1923828125 0.0390625 0.048828125
0 0.60234375 0.2568359375 0.0390625 0.048828125
0 0.60078125 0.5830078125 0.0390625 0.048828125
0 0.49296875 0.7216796875 0.0390625 0.048828125
0 0.71484375 0.7216796875 0.0390625 0.048828125
0 0.69296875 0.5517578125 0.0390625 0.048828125
0 0.64296875 0.5927734375 0.0390625 0.048828125
0 0.60703125 0.5302734375 0.0390625 0.048828125
0 0.50703125 0.6142578125 0.0390625 0.048828125
0 0.62109375 0.7548828125 0.0390625 0.048828125
0 0.73671875 0.2353515625 0.0390625 0.048828125
0 0.72890625 0.6142578125 0.0390625 0.048828125
0 0.58828125 0.3603515625 0.0390625 0.048828125
0 0.75078125 0.4560546875 0.0390625 0.048828125
0 0.67890625 0.6572265625 0.0390625 0.048828125
0 0.75703125 0.7333984375 0.0390625 0.048828125
0 0.75703125 0.4033203125 0.0390625 0.048828125
0 0.65234375 0.2138671875 0.0390625 0.048828125
0 0.77265625 0.2978515625 0.0390625 0.048828125
0 0.62265625 0.4248046875 0.0390625 0.048828125
0 0.56484375 0.5185546875 0.0390625 0.048828125
0 0.45703125 0.6572265625 0.0390625 0.048828125
0 0.63671875 0.3193359375 0.0390625 0.048828125
0 0.76328125 0.6787109375 0.0390625 0.048828125
0 0.51796875 0.2333984375 0.0390625 0.048828125
0 0.71484375 0.3916015625 0.0390625 0.048828125
0 0.64453125 0.2666015625 0.0390625 0.048828125
0 0.49609375 0.3916015625 0.0390625 0.048828125
0 0.79296875 0.4677734375 0.0390625 0.048828125
0 0.80703125 0.3603515625 0.0390625 0.048828125
0 0.51484375 0.5615234375 0.0390625 0.048828125
0 0.47265625 0.5498046875 0.0390625 0.048828125
0 0.48828125 0.4443359375 0.0390625 0.048828125
0 0.74296875 0.5087890625 0.0390625 0.048828125
0 0.55234375 0.2978515625 0.0390625 0.048828125
0 0.70703125 0.4462890625 0.0390625 0.048828125
0 0.54296875 0.6787109375 0.0390625 0.048828125
0 0.77890625 0.2451171875 0.0390625 0.048828125
0 0.53046875 0.4560546875 0.0390625 0.048828125
0 0.72109375 0.6689453125 0.0390625 0.048828125
0 0.48046875 0.4970703125 0.0390625 0.048828125
0 0.63515625 0.6474609375 0.0390625 0.048828125
0 0.62890625 0.7001953125 0.0390625 0.048828125
0 0.55703125 0.5732421875 0.0390625 0.048828125
0 0.77109375 0.6259765625 0.0390625 0.048828125
0 0.55078125 0.6259765625 0.0390625 0.048828125
0 0.77890625 0.5732421875 0.0390625 0.048828125
0 0.66484375 0.4345703125 0.0390625 0.048828125
0 0.66328125 0.7646484375 0.0390625 0.048828125
0 0.46484375 0.6044921875 0.0390625 0.048828125
0 0.68046875 0.3291015625 0.0390625 0.048828125
0 0.63046875 0.3720703125 0.0390625 0.048828125
0 0.59296875 0.6357421875 0.0390625 0.048828125
0 0.52578125 0.1826171875 0.0390625 0.048828125
0 0.69453125 0.2255859375 0.0390625 0.048828125
0 0.50234375 0.3388671875 0.0390625 0.048828125
0 0.73046875 0.2880859375 0.0390625 0.048828125
0 0.70703125 0.7763671875 0.0390625 0.048828125
0 0.67265625 0.3818359375 0.0390625 0.048828125
0 0.57734375 0.7431640625 0.0390625 0.048828125
0 0.51015625 0.2861328125 0.0390625 0.048828125
0 0.59453125 0.3076171875 0.0390625 0.048828125
0 0.76484375 0.3505859375 0.0390625 0.048828125
0 0.74921875 0.7861328125 0.0390625 0.048828125
0 0.58046875 0.4130859375 0.0390625 0.048828125
0 0.58515625 0.6884765625 0.0390625 0.048828125
0 0.53828125 0.4033203125 0.0390625 0.048828125
0 0.73515625 0.5615234375 0.0390625 0.048828125
0 0.52265625 0.5087890625 0.0390625 0.048828125
0 0.70078125 0.4990234375 0.0390625 0.048828125
0 0.72265625 0.3408203125 0.0390625 0.048828125
0 0.67109375 0.7119140625 0.0390625 0.048828125
0 0.80078125 0.4130859375 0.0390625 0.048828125
0 0.65078125 0.5400390625 0.0390625 0.048828125
0 0.54609375 0.3505859375 0.0390625 0.048828125
0 0.81484375 0.3095703125 0.0390625 0.048828125
0 0.78515625 0.5205078125 0.0390625 0.048828125
0 0.61484375 0.4775390625 0.0390625 0.048828125
0 0.44921875 0.7119140625 0.0390625 0.048828125
0 0.57265625 0.4658203125 0.0390625 0.048828125
0 0.53515625 0.7333984375 0.0390625 0.048828125
0 0.61015625 0.2041015625 0.0390625 0.048828125
0 0.68671875 0.2763671875 0.0390625 0.048828125
0 0.49921875 0.6689453125 0.0390625 0.048828125
0 0.56015625 0.2451171875 0.0390625 0.048828125
0 0.68515625 0.6044921875 0.0390625 0.048828125
0 0.82109375 0.2587890625 0.0390625 0.048828125
