0 0.64453125 0.3955078125 0.0390625 0.048828125
0 0.43515625 0.2841796875 0.0390625 0.048828125
0 0.45859375 0.4482421875 0.0390625 0.048828125
0 0.54609375 0.5537109375 0.0390625 0.048828125
0 0.39609375 0.4443359375 0.0390625 0.048828125
0 0.43203125 0.3486328125 0.0390625 0.048828125
0 0.57578125 0.5888671875 0.0390625 0.048828125
0 0.47109375 0.1923828125 0.0390625 0.048828125
0 0.58671875 0.3271484375 0.0390625 0.048828125
0 0.52421875 0.3232421875 0.0390625 0.048828125
0 0.51953125 0.4521484375 0.0390625 0.048828125
0 0.52265625 0.3876953125 0.0390625 0.048828125
0 0.64609375 0.3310546875 0.0390625 0.048828125
0 0.63984375 0.5263671875 0.0390625 0.048828125
0 0.34296875 0.3095703125 0.0390625 0.048828125
0 0.58828125 0.2626953125 0.0390625 0.048828125
0 0.54921875 0.4873046875 0.0390625 0.048828125
0 0.70390625 0.4658203125 0.0390625 0.048828125
0 0.48359375 0.5498046875 0.0390625 0.048828125
0 0.73359375 0.5009765625 0.0390625 0.048828125
0 0.56171875 0.1669921875 0.0390625 0.048828125
0 0.58046875 0.4580078125 0.0390625 0.048828125
0 0.55859375 0.2294921875 0.0390625 0.048828125
0 0.49609375 0.2880859375 0.0390625 0.048828125
0 0.61328125 0.4267578125 0.0390625 0.048828125
0 0.31015625 0.3408203125 0.0390625 0.048828125
0 0.51328125 0.5849609375 0.0390625 0.048828125
0 0.61015625 0.4912109375 0.0390625 0.048828125
0 0.58359375 0.3916015625 0.0390625 0.048828125
0 0.49765625 0.2255859375 0.0390625 0.048828125
0 0.37109375 0.3447265625 0.0390625 0.048828125
0 0.40546875 0.2509765625 0.0390625 0.048828125
0 0.46171875 0.3837890625 0.0390625 0.048828125
0 0.64921875 0.2666015625 0.0390625 0.048828125
0 0.53203125 0.1337890625 0.0390625 0.048828125
0 0.48671875 0.4833984375 0.0390625 0.048828125
0 0.73671875 0.4345703125 0.0390625 0.048828125
0 0.70859375 0.3349609375 0.0390625 0.048828125
0 0.58984375 0.2001953125 0.0390625 0.048828125
0 0.55390625 0.3564453125 0.0390625 0.048828125
0 0.45546875 0.5126953125 0.0390625 0.048828125
0 0.55078125 0.4228515625 0.0390625 0.048828125
0 0.34609375 0.2470703125 0.0390625 0.048828125
0 0.40859375 0.1884765625 0.0390625 0.048828125
0 0.47265625 0.1298828125 0.0390625 0.048828125
0 0.63671875 0.5947265625 0.0390625 0.048828125
0 0.36796875 0.4091796875 0.0390625 0.048828125
0 0.55703125 0.2919921875 0.0390625 0.048828125
0 0.60859375 0.5576171875 0.0390625 0.048828125
0 0.60546875 0.6259765625 0.0390625 0.048828125
0 0.31328125 0.2763671875 0.0390625 0.048828125
0 0.37421875 0.2802734375 0.0390625 0.048828125
0 0.61484375 0.3623046875 0.0390625 0.048828125
0 0.67421875 0.4306640625 0.0390625 0.048828125
0 0.76640625 0.4697265625 0.0390625 0.048828125
0 0.67265625 0.4970703125 0.0390625 0.048828125
0 0.52734375 0.2587890625 0.0390625 0.048828125
0 0.48984375 0.4169921875 0.0390625 0.048828125
0 0.61796875 0.2978515625 0.0390625 0.048828125
0 0.61953125 0.2333984375 0.0390625 0.048828125
0 0.73828125 0.3701171875 0.0390625 0.048828125
0 0.57265625 0.6572265625 0.0390625 0.048828125
0 0.51640625 0.5185546875 0.0390625 0.048828125
0 0.76796875 0.4033203125 0.0390625 0.048828125
0 0.40078125 0.3798828125 0.0390625 0.048828125
0 0.46640625 0.2548828125 0.0390625 0.048828125
0 0.54296875 0.6201171875 0.0390625 0.048828125
0 0.49296875 0.3525390625 0.0390625 0.048828125
0 0.50078125 0.1630859375 0.0390625 0.048828125
0 0.79765625 0.4384765625 0.0390625 0.048828125
0 0.67578125 0.3662109375 0.0390625 0.048828125
0 0.67890625 0.3017578125 0.0390625 0.048828125
0 0.33984375 0.3740234375 0.0390625 0.048828125
0 0.43828125 0.2216796875 0.0390625 0.048828125
0 0.42578125 0.4775390625 0.0390625 0.048828125
0 0.70234375 0.5322265625 0.0390625 0.048828125
0 0.66953125 0.5634765625 0.0390625 0.048828125
0 0.46484375 0.3193359375 0.0390625 0.048828125
0 0.70703125 0.3994140625 0.0390625 0.048828125
0 0.43984375 0.1591796875 0.0390625 0.048828125
0 0.57890625 0.5224609375 0.0390625 0.048828125
0 0.52890625 0.1962890625 0.0390625 0.048828125
0 0.42890625 0.4130859375 0.0390625 0.048828125
0 0.40234375 0.3154296875 0.0390625 0.048828125
0 0.37734375 0.2177734375 0.0390625 0.048828125
0 0.64140625 0.4619140625 0.0390625 0.048828125
0 0.28203125 0.3056640625 0.0390625 0.048828125
0 0.50390625 0.1005859375 0.0390625 0.048828125
