0 0.48671875 0.6611328125 0.0390625 0.048828125
0 0.56328125 0.3466796875 0.0390625 0.048828125
0 0.56484375 0.5205078125 0.0390625 0.048828125
0 0.68671875 0.3935546875 0.0390625 0.048828125
0 0.51171875 0.5556640625 0.0390625 0.048828125
0 0.33984375 0.7197265625 0.0390625 0.048828125
0 0.53984375 0.6240234375 0.0390625 0.048828125
0 0.50234375 0.7822265625 0.0390625 0.048828125
0 0.40390625 0.4560546875 0.0390625 0.048828125
0 0.48359375 0.4892578125 0.0390625 0.048828125
0 0.46171875 0.7666015625 0.0390625 0.048828125
0 0.45859375 0.5927734375 0.0390625 0.048828125
0 0.64765625 0.5517578125 0.0390625 0.048828125
0 0.53671875 0.4521484375 0.0390625 0.048828125
0 0.37734375 0.5615234375 0.0390625 0.048828125
0 0.61796875 0.3095703125 0.0390625 0.048828125
0 0.53671875 0.2802734375 0.0390625 0.048828125
0 0.52265625 0.3310546875 0.0390625 0.048828125
0 0.57734375 0.2958984375 0.0390625 0.048828125
0 0.59765625 0.7607421875 0.0390625 0.048828125
0 0.62265625 0.6572265625 0.0390625 0.048828125
0 0.54453125 0.7978515625 0.0390625 0.048828125
0 0.45546875 0.2470703125 0.0390625 0.048828125
0 0.57890625 0.4677734375 0.0390625 0.048828125
0 0.29921875 0.7021484375 0.0390625 0.048828125
0 0.65859375 0.3251953125 0.0390625 0.048828125
0 0.51015625 0.3837890625 0.0390625 0.048828125
0 0.52421875 0.5029296875 0.0390625 0.048828125
0 0.61953125 0.4833984375 0.0390625 0.048828125
0 0.64609375 0.3779296875 0.0390625 0.048828125
0 0.38046875 0.7353515625 0.0390625 0.048828125
0 0.41640625 0.4052734375 0.0390625 0.048828125
0 0.32578125 0.5986328125 0.0390625 0.048828125
0 0.40234375 0.2841796875 0.0390625 0.048828125
0 0.51484375 0.7294921875 0.0390625 0.048828125
0 0.66015625 0.4990234375 0.0390625 0.048828125
0 0.36484375 0.6142578125 0.0390625 0.048828125
0 0.67265625 0.4462890625 0.0390625 0.048828125
0 0.58515625 0.8154296875 0.0390625 0.048828125
0 0.49921875 0.6083984375 0.0390625 0.048828125
0 0.33828125 0.5458984375 0.0390625 0.048828125
0 0.42890625 0.3525390625 0.0390625 0.048828125
0 0.35390625 0.6669921875 0.0390625 0.048828125
0 0.42109375 0.7509765625 0.0390625 0.048828125
0 0.58046875 0.6396484375 0.0390625 0.048828125
0 0.37578125 0.3896484375 0.0390625 0.048828125
0 0.57265625 0.8681640625 0.0390625 0.048828125
0 0.35078125 0.4931640625 0.0390625 0.048828125
0 0.44609375 0.6455078125 0.0390625 0.048828125
0 0.41796875 0.5771484375 0.0390625 0.048828125
0 0.41484375 0.2333984375 0.0390625 0.048828125
0 0.48359375 0.3154296875 0.0390625 0.048828125
0 0.56953125 0.6923828125 0.0390625 0.048828125
0 0.60390625 0.3623046875 0.0390625 0.048828125
0 0.59140625 0.4150390625 0.0390625 0.048828125
0 0.43359375 0.6982421875 0.0390625 0.048828125
0 0.36328125 0.4404296875 0.0390625 0.048828125
0 0.61015625 0.7080078125 0.0390625 0.048828125
0 0.63515625 0.6044921875 0.0390625 0.048828125
0 0.47109375 0.5400390625 0.0390625 0.048828125
0 0.45703125 0.4208984375 0.0390625 0.048828125
0 0.44140625 0.2998046875 0.0390625 0.048828125
0 0.59296875 0.5869140625 0.0390625 0.048828125
0 0.32734375 0.7724609375 0.0390625 0.048828125
0 0.40546875 0.6298828125 0.0390625 0.048828125
0 0.43046875 0.5244140625 0.0390625 0.048828125
0 0.49765625 0.4365234375 0.0390625 0.048828125
0 0.49609375 0.2646484375 0.0390625 0.048828125
0 0.52890625 0.6767578125 0.0390625 0.048828125
0 0.39140625 0.5087890625 0.0390625 0.048828125
0 0.31328125 0.6513671875 0.0390625 0.048828125
0 0.55234375 0.5712890625 0.0390625 0.048828125
0 0.47421875 0.7138671875 0.0390625 0.048828125
0 0.44453125 0.4716796875 0.0390625 0.048828125
0 0.60703125 0.5361328125 0.0390625 0.048828125
0 0.55078125 0.3994140625 0.0390625 0.048828125
0 0.55703125 0.7451171875 0.0390625 0.048828125
0 0.40859375 0.8037109375 0.0390625 0.048828125
0 0.46953125 0.3681640625 0.0390625 0.048828125
0 0.63203125 0.4306640625 0.0390625 0.048828125
0 0.28828125 0.7548828125 0.0390625 0.048828125
0 0.39296875 0.6826171875 0.0390625 0.048828125
0 0.38828125 0.3369140625 0.0390625 0.048828125
0 0.49140625 0.8349609375 0.0390625 0.048828125
0 0.44921875 0.8193359375 0.0390625 0.048828125
0 0.36796875 0.7880859375 0.0390625 0.048828125
0 0.69765625 0.3427734375 0.0390625 0.048828125
0 0.53203125 0.8525390625 0.0390625 0.048828125
