0 0.59453125 0.4697265625 0.0390625 0.048828125
0 0.38984375 0.7001953125 0.0390625 0.048828125
0 0.56796875 0.6376953125 0.0390625 0.048828125
0 0.45859375 0.4365234375 0.0390625 0.048828125
0 0.54453125 0.2490234375 0.0390625 0.048828125
0 0.50859375 0.6572265625 0.0390625 0.048828125
0 0.61015625 0.5419921875 0.0390625 0.048828125
0 0.47578125 0.5107421875 0.0390625 0.048828125
0 0.65390625 0.4482421875 0.0390625 0.048828125
0 0.56015625 0.3232421875 0.0390625 0.048828125
0 0.37265625 0.6259765625 0.0390625 0.048828125
0 0.67890625 0.2802734375 0.0390625 0.048828125
0 0.51796875 0.4169921875 0.0390625 0.048828125
0 0.69609375 0.3544921875 0.0390625 0.048828125
0 0.43203125 0.6044921875 0.0390625 0.048828125
0 0.54140625 0.8076171875 0.0390625 0.048828125
0 0.52421875 0.7333984375 0.0390625 0.048828125
0 0.41640625 0.5302734375 0.0390625 0.048828125
0 0.63671875 0.3759765625 0.0390625 0.048828125
0 0.29765625 0.5732421875 0.0390625 0.048828125
0 0.35703125 0.5517578125 0.0390625 0.048828125
0 0.42578125 0.2919921875 0.0390625 0.048828125
0 0.64140625 0.2548828125 0.0390625 0.048828125
0 0.58515625 0.7119140625 0.0390625 0.048828125
0 0.61953125 0.3017578125 0.0390625 0.048828125
0 0.53515625 0.4892578125 0.0390625 0.048828125
0 0.48515625 0.2705078125 0.0390625 0.048828125
0 0.46796875 0.1982421875 0.0390625 0.048828125
0 0.73515625 0.3798828125 0.0390625 0.048828125
0 0.49140625 0.5830078125 0.0390625 0.048828125
0 0.33984375 0.4775390625 0.0390625 0.048828125
0 0.60390625 0.2275390625 0.0390625 0.048828125
0 0.39453125 0.5791015625 0.0390625 0.048828125
0 0.75546875 0.3330078125 0.0390625 0.048828125
0 0.44921875 0.6787109375 0.0390625 0.048828125
0 0.56484375 0.2021484375 0.0390625 0.048828125
0 0.62734375 0.6162109375 0.0390625 0.048828125
0 0.39921875 0.4580078125 0.0390625 0.048828125
0 0.44296875 0.3642578125 0.0390625 0.048828125
0 0.48046875 0.3896484375 0.0390625 0.048828125
0 0.63203125 0.4951171875 0.0390625 0.048828125
0 0.51328125 0.5361328125 0.0390625 0.048828125
0 0.46328125 0.3173828125 0.0390625 0.048828125
0 0.38359375 0.3857421875 0.0390625 0.048828125
0 0.58203125 0.2763671875 0.0390625 0.048828125
0 0.65859375 0.3271484375 0.0390625 0.048828125
0 0.57734375 0.3955078125 0.0390625 0.048828125
0 0.50078125 0.3427734375 0.0390625 0.048828125
0 0.52265625 0.2978515625 0.0390625 0.048828125
0 0.46484375 0.7529296875 0.0390625 0.048828125
0 0.53046875 0.6103515625 0.0390625 0.048828125
0 0.48671875 0.7060546875 0.0390625 0.048828125
0 0.49609375 0.4638671875 0.0390625 0.048828125
0 0.41171875 0.6513671875 0.0390625 0.048828125
0 0.55234375 0.5634765625 0.0390625 0.048828125
0 0.59921875 0.3486328125 0.0390625 0.048828125
0 0.67421875 0.4013671875 0.0390625 0.048828125
0 0.52734375 0.1767578125 0.0390625 0.048828125
0 0.44765625 0.2451171875 0.0390625 0.048828125
0 0.50390625 0.7802734375 0.0390625 0.048828125
0 0.54609375 0.6845703125 0.0390625 0.048828125
0 0.31328125 0.6474609375 0.0390625 0.048828125
0 0.71328125 0.4267578125 0.0390625 0.048828125
0 0.36171875 0.4306640625 0.0390625 0.048828125
0 0.33515625 0.5986328125 0.0390625 0.048828125
0 0.71796875 0.3076171875 0.0390625 0.048828125
0 0.58984375 0.5888671875 0.0390625 0.048828125
0 0.57265625 0.5166015625 0.0390625 0.048828125
0 0.35078125 0.6728515625 0.0390625 0.048828125
0 0.64921875 0.5693359375 0.0390625 0.048828125
0 0.53984375 0.3701171875 0.0390625 0.048828125
0 0.43671875 0.4833984375 0.0390625 0.048828125
0 0.45390625 0.5576171875 0.0390625 0.048828125
0 0.61484375 0.4228515625 0.0390625 0.048828125
0 0.67109375 0.5224609375 0.0390625 0.048828125
0 0.37890625 0.5048828125 0.0390625 0.048828125
0 0.42109375 0.4111328125 0.0390625 0.048828125
0 0.55546875 0.4423828125 0.0390625 0.048828125
0 0.50703125 0.2236328125 0.0390625 0.048828125
0 0.46953125 0.6318359375 0.0390625 0.048828125
0 0.48984375 0.1513671875 0.0390625 0.048828125
0 0.42734375 0.7255859375 0.0390625 0.048828125
0 0.69140625 0.4755859375 0.0390625 0.048828125
0 0.27578125 0.6201171875 0.0390625 0.048828125
0 0.56328125 0.7587890625 0.0390625 0.048828125
0 0.60546875 0.6650390625 0.0390625 0.048828125
0 0.31796875 0.5244140625 0.0390625 0.048828125
0 0.40546875 0.3388671875 0.0390625 0.048828125
