0 0.6125 0.5224609375 0.040625 0.052734375
0 0.49453125 0.3798828125 0.0390625 0.052734375
0 0.66953125 0.4931640625 0.0390625 0.052734375
0 0.73671875 0.318359375 0.0421875 0.05078125
0 0.68125 0.3486328125 0.040625 0.052734375
0 0.74921875 0.5224609375 0.0421875 0.052734375
0 0.62109375 0.28125 0.0421875 0.05078125
0 0.5484375 0.3515625 0.040625 0.05078125
0 0.41796875 0.3525390625 0.0390625 0.048828125
0 0.57421875 0.5087890625 0.0390625 0.052734375
0 0.38125 0.439453125 0.040625 0.05078125
0 0.4625 0.5673828125 0.040625 0.048828125
0 0.69140625 0.55078125 0.0421875 0.05078125
0 0.70390625 0.40625 0.0421875 0.05078125
0 0.50703125 0.240234375 0.0390625 0.05078125
0 0.65625 0.638671875 0.040625 0.05078125
0 0.61796875 0.6240234375 0.0390625 0.048828125
0 0.58828125 0.3642578125 0.0421875 0.052734375
0 0.6046875 0.32421875 0.040625 0.05078125
0 0.4796875 0.5224609375 0.040625 0.052734375
0 0.55703125 0.5517578125 0.0421875 0.048828125
0 0.54453125 0.251953125 0.0421875 0.05078125
0 0.66015625 0.294921875 0.0421875 0.05078125
0 0.7140625 0.609375 0.040625 0.05078125
0 0.69765625 0.654296875 0.0421875 0.05078125
0 0.4578125 0.46484375 0.040625 0.05078125
0 0.44140625 0.5087890625 0.0421875 0.052734375
0 0.7265625 0.462890625 0.040625 0.05078125
0 0.39921875 0.3955078125 0.0390625 0.052734375
0 0.5796875 0.609375 0.040625 0.05078125
0 0.625 0.3779296875 0.040625 0.048828125
0 0.56953125 0.408203125 0.0421875 0.05078125
0 0.815625 0.3466796875 0.040625 0.052734375
0 0.496875 0.48046875 0.040625 0.05078125
0 0.69765625 0.3076171875 0.0421875 0.052734375
0 0.509375 0.3388671875 0.040625 0.052734375
0 0.675 0.5947265625 0.040625 0.052734375
0 0.46953125 0.2275390625 0.0390625 0.052734375
0 0.5015625 0.5810546875 0.040625 0.052734375
0 0.6875 0.44921875 0.040625 0.05078125
0 0.63125 0.48046875 0.040625 0.05078125
0 0.4515625 0.2685546875 0.040625 0.052734375
0 0.6359375 0.5791015625 0.040625 0.052734375
0 0.6484375 0.435546875 0.040625 0.05078125
0 0.765625 0.478515625 0.040625 0.05078125
0 0.53671875 0.4931640625 0.0421875 0.052734375
0 0.58203125 0.2666015625 0.0421875 0.052734375
0 0.3984375 0.2978515625 0.040625 0.048828125
0 0.4375 0.310546875 0.040625 0.05078125
0 0.3796875 0.3388671875 0.040625 0.052734375
0 0.73203125 0.56640625 0.0390625 0.05078125
0 0.42265625 0.552734375 0.0421875 0.05078125
0 0.38515625 0.537109375 0.0390625 0.05078125
0 0.7078125 0.5068359375 0.040625 0.052734375
0 0.565625 0.3076171875 0.040625 0.052734375
0 0.45625 0.3671875 0.040625 0.05078125
0 0.60859375 0.4208984375 0.0421875 0.052734375
0 0.74296875 0.419921875 0.0421875 0.05078125
0 0.42109375 0.4521484375 0.0421875 0.052734375
0 0.553125 0.44921875 0.040625 0.05078125
0 0.36484375 0.48046875 0.0421875 0.05078125
0 0.4375 0.4091796875 0.040625 0.048828125
0 0.51796875 0.537109375 0.0421875 0.05078125
0 0.53828125 0.591796875 0.0421875 0.05078125
0 0.34765625 0.5244140625 0.0390625 0.052734375
0 0.3234375 0.46484375 0.040625 0.05078125
0 0.5140625 0.4365234375 0.040625 0.052734375
0 0.59609375 0.56640625 0.0421875 0.05078125
0 0.40390625 0.4951171875 0.0421875 0.048828125
0 0.3609375 0.3828125 0.040625 0.05078125
0 0.78203125 0.4345703125 0.0421875 0.052734375
0 0.5921875 0.46484375 0.040625 0.05078125
0 0.7984375 0.390625 0.040625 0.05078125
0 0.34453125 0.423828125 0.0421875 0.05078125
0 0.759375 0.376953125 0.040625 0.05078125
0 0.309375 0.5107421875 0.040625 0.048828125
0 0.4125 0.255859375 0.040625 0.05078125
0 0.64375 0.3388671875 0.040625 0.052734375
0 0.778125 0.3349609375 0.040625 0.048828125
0 0.47265625 0.3232421875 0.0421875 0.052734375
0 0.65234375 0.537109375 0.0421875 0.05078125
0 0.4765625 0.423828125 0.040625 0.05078125
0 0.5265625 0.294921875 0.040625 0.05078125
0 0.4890625 0.2822265625 0.040625 0.048828125
0 0.53125 0.3935546875 0.040625 0.048828125
0 0.72265625 0.3642578125 0.0421875 0.052734375
0 0.66328125 0.390625 0.0390625 0.05078125
0 0.43203125 0.2119140625 0.0390625 0.052734375
