0 0.47109375 0.5029296875 0.0390625 0.048828125
0 0.46171875 0.7197265625 0.0390625 0.048828125
0 0.59140625 0.6279296875 0.0390625 0.048828125
0 0.56015625 0.4072265625 0.0390625 0.048828125
0 0.68046875 0.5302734375 0.0390625 0.048828125
0 0.52109375 0.3466796875 0.0390625 0.048828125
0 0.67265625 0.6923828125 0.0390625 0.048828125
0 0.61015625 0.2529296875 0.0390625 0.048828125
0 0.51015625 0.5615234375 0.0390625 0.048828125
0 0.64140625 0.4716796875 0.0390625 0.048828125
0 0.42109375 0.6591796875 0.0390625 0.048828125
0 0.63046875 0.6865234375 0.0390625 0.048828125
0 0.62578125 0.7958984375 0.0390625 0.048828125
0 0.48046875 0.3408203125 0.0390625 0.048828125
0 0.64921875 0.3115234375 0.0390625 0.048828125
0 0.56328125 0.3525390625 0.0390625 0.048828125
0 0.55234375 0.5673828125 0.0390625 0.048828125
0 0.46328125 0.6650390625 0.0390625 0.048828125
0 0.51328125 0.5087890625 0.0390625 0.048828125
0 0.58671875 0.7353515625 0.0390625 0.048828125
0 0.54765625 0.6767578125 0.0390625 0.048828125
0 0.63671875 0.5791015625 0.0390625 0.048828125
0 0.68515625 0.4228515625 0.0390625 0.048828125
0 0.60546875 0.3583984375 0.0390625 0.048828125
0 0.59609375 0.5185546875 0.0390625 0.048828125
0 0.43984375 0.2822265625 0.0390625 0.048828125
0 0.60234375 0.4130859375 0.0390625 0.048828125
0 0.68984375 0.3173828125 0.0390625 0.048828125
0 0.47421875 0.4482421875 0.0390625 0.048828125
0 0.67578125 0.6376953125 0.0390625 0.048828125
0 0.71328125 0.7529296875 0.0390625 0.048828125
0 0.48515625 0.2333984375 0.0390625 0.048828125
0 0.72890625 0.3759765625 0.0390625 0.048828125
0 0.50078125 0.7802734375 0.0390625 0.048828125
0 0.50234375 0.7255859375 0.0390625 0.048828125
0 0.46640625 0.6103515625 0.0390625 0.048828125
0 0.51640625 0.4541015625 0.0390625 0.048828125
0 0.71640625 0.6435546875 0.0390625 0.048828125
0 0.62890625 0.7412109375 0.0390625 0.048828125
0 0.69296875 0.2646484375 0.0390625 0.048828125
0 0.64609375 0.3642578125 0.0390625 0.048828125
0 0.65078125 0.2587890625 0.0390625 0.048828125
0 0.59921875 0.4658203125 0.0390625 0.048828125
0 0.50546875 0.6708984375 0.0390625 0.048828125
0 0.55546875 0.5146484375 0.0390625 0.048828125
0 0.66796875 0.8017578125 0.0390625 0.048828125
0 0.52421875 0.2939453125 0.0390625 0.048828125
0 0.43515625 0.3896484375 0.0390625 0.048828125
0 0.41640625 0.7705078125 0.0390625 0.048828125
0 0.72421875 0.4833984375 0.0390625 0.048828125
0 0.72109375 0.5361328125 0.0390625 0.048828125
0 0.50859375 0.6162109375 0.0390625 0.048828125
0 0.54296875 0.7861328125 0.0390625 0.048828125
0 0.68671875 0.3701171875 0.0390625 0.048828125
0 0.43203125 0.4423828125 0.0390625 0.048828125
0 0.58984375 0.6826171875 0.0390625 0.048828125
0 0.55078125 0.6220703125 0.0390625 0.048828125
0 0.43828125 0.3369140625 0.0390625 0.048828125
0 0.42734375 0.5517578125 0.0390625 0.048828125
0 0.67734375 0.5849609375 0.0390625 0.048828125
0 0.63359375 0.6337890625 0.0390625 0.048828125
0 0.71484375 0.6982421875 0.0390625 0.048828125
0 0.67109375 0.7470703125 0.0390625 0.048828125
0 0.72578125 0.4287109375 0.0390625 0.048828125
0 0.42421875 0.6044921875 0.0390625 0.048828125
0 0.47734375 0.3955078125 0.0390625 0.048828125
0 0.56484375 0.2998046875 0.0390625 0.048828125
0 0.43046875 0.4970703125 0.0390625 0.048828125
0 0.55859375 0.4599609375 0.0390625 0.048828125
0 0.58359375 0.7900390625 0.0390625 0.048828125
0 0.64296875 0.4189453125 0.0390625 0.048828125
0 0.63828125 0.5244140625 0.0390625 0.048828125
0 0.48203125 0.2880859375 0.0390625 0.048828125
0 0.44296875 0.2275390625 0.0390625 0.048828125
0 0.45859375 0.7744140625 0.0390625 0.048828125
0 0.51953125 0.4013671875 0.0390625 0.048828125
0 0.59453125 0.5732421875 0.0390625 0.048828125
0 0.56796875 0.2470703125 0.0390625 0.048828125
0 0.54453125 0.7314453125 0.0390625 0.048828125
0 0.68203125 0.4775390625 0.0390625 0.048828125
0 0.73046875 0.3232421875 0.0390625 0.048828125
0 0.52734375 0.2412109375 0.0390625 0.048828125
0 0.46953125 0.5576171875 0.0390625 0.048828125
0 0.71015625 0.8076171875 0.0390625 0.048828125
0 0.71953125 0.5908203125 0.0390625 0.048828125
0 0.41796875 0.7158203125 0.0390625 0.048828125
0 0.60703125 0.3056640625 0.0390625 0.048828125
0 0.73359375 0.2666015625 0.0390625 0.048828125
