0 0.71953125 0.66796875 0.0484375 0.07421875
0 0.44609375 0.5634765625 0.0484375 0.076171875
0 0.45859375 0.720703125 0.0484375 0.07421875
0 0.5953125 0.4501953125 0.05 0.076171875
0 0.27890625 0.435546875 0.0484375 0.07421875
0 0.65390625 0.517578125 0.0484375 0.07421875
0 0.61953125 0.765625 0.0484375 0.07421875
0 0.38828125 0.4951171875 0.0484375 0.076171875
0 0.34921875 0.6640625 0.0484375 0.07421875
0 0.51484375 0.7880859375 0.0484375 0.076171875
0 0.3078125 0.830078125 0.05 0.07421875
0 0.37578125 0.333984375 0.0484375 0.07421875
0 0.68046875 0.8369140625 0.0484375 0.076171875
0 0.58359375 0.29296875 0.0484375 0.07421875
0 0.77109375 0.6572265625 0.0484375 0.076171875
0 0.65859375 0.6005859375 0.0484375 0.076171875
0 0.33671875 0.5029296875 0.0484375 0.076171875
0 0.31484375 0.912109375 0.0484375 0.07421875
0 0.75859375 0.4990234375 0.0484375 0.076171875
0 0.51015625 0.7099609375 0.0484375 0.076171875
0 0.82421875 0.6455078125 0.0484375 0.076171875
0 0.34453125 0.58203125 0.0484375 0.07421875
0 0.4515625 0.638671875 0.05 0.07421875
0 0.40703125 0.732421875 0.0515625 0.07421875
0 0.8171875 0.56640625 0.05 0.07421875
0 0.68828125 0.2705078125 0.0484375 0.076171875
0 0.48046875 0.3154296875 0.0484375 0.076171875
0 0.58828125 0.37109375 0.0484375 0.07421875
0 0.64921875 0.439453125 0.0484375 0.07421875
0 0.4125 0.810546875 0.05 0.07421875
0 0.78359375 0.818359375 0.0484375 0.07421875
0 0.60703125 0.6083984375 0.0484375 0.076171875
0 0.56171875 0.6982421875 0.0484375 0.076171875
0 0.40078125 0.6494140625 0.0484375 0.076171875
0 0.55625 0.619140625 0.05 0.07421875
0 0.54453125 0.4619140625 0.0484375 0.076171875
0 0.53671875 0.3828125 0.0484375 0.07421875
0 0.43515625 0.4013671875 0.0484375 0.076171875
0 0.82890625 0.728515625 0.0484375 0.07421875
0 0.52265625 0.8671875 0.0484375 0.07421875
0 0.46875 0.87890625 0.05 0.07421875
0 0.73203125 0.826171875 0.0484375 0.07421875
0 0.75078125 0.419921875 0.0484375 0.07421875
0 0.74453125 0.33984375 0.0484375 0.078125
0 0.6125 0.6875 0.05 0.07421875
0 0.54921875 0.541015625 0.0484375 0.07421875
0 0.69296875 0.3525390625 0.0484375 0.076171875
0 0.48515625 0.39453125 0.0484375 0.07421875
0 0.36171875 0.818359375 0.0484375 0.07421875
0 0.79296875 0.248046875 0.0484375 0.07421875
0 0.43984375 0.484375 0.0484375 0.07421875
0 0.3296875 0.427734375 0.05 0.07421875
0 0.72421875 0.7470703125 0.0484375 0.076171875
0 0.7109375 0.58984375 0.05 0.07421875
0 0.56796875 0.77734375 0.0484375 0.07421875
0 0.7 0.427734375 0.05 0.07421875
0 0.49765625 0.5517578125 0.0484375 0.076171875
0 0.66640625 0.6796875 0.0484375 0.07421875
0 0.76328125 0.57421875 0.0484375 0.07421875
0 0.41796875 0.8896484375 0.0484375 0.076171875
0 0.27421875 0.3564453125 0.0484375 0.076171875
0 0.62734375 0.8486328125 0.0484375 0.076171875
0 0.64140625 0.3603515625 0.0484375 0.076171875
0 0.79765625 0.326171875 0.0484375 0.07421875
0 0.38359375 0.4150390625 0.0484375 0.080078125
0 0.50546875 0.630859375 0.0484375 0.07421875
0 0.28359375 0.5146484375 0.0484375 0.076171875
0 0.57578125 0.859375 0.0484375 0.07421875
0 0.42890625 0.326171875 0.0515625 0.07421875
0 0.70546875 0.5068359375 0.0484375 0.076171875
0 0.80234375 0.4091796875 0.0484375 0.076171875
0 0.325 0.345703125 0.05 0.07421875
0 0.6734375 0.7587890625 0.05 0.076171875
0 0.778125 0.736328125 0.05 0.07421875
0 0.290625 0.5927734375 0.05 0.076171875
0 0.29765625 0.671875 0.0484375 0.07421875
0 0.30234375 0.7509765625 0.0484375 0.076171875
0 0.35390625 0.7392578125 0.0484375 0.076171875
0 0.490625 0.47265625 0.05 0.07421875
0 0.39296875 0.5703125 0.0484375 0.07421875
0 0.634375 0.28125 0.05 0.07421875
0 0.83671875 0.8076171875 0.0484375 0.076171875
0 0.36640625 0.9013671875 0.0484375 0.076171875
0 0.81015625 0.48828125 0.0484375 0.07421875
0 0.46328125 0.7998046875 0.0484375 0.076171875
0 0.60234375 0.529296875 0.0484375 0.07421875
0 0.53203125 0.3037109375 0.0484375 0.076171875
0 0.7390625 0.2587890625 0.05 0.076171875
