0 0.51953125 0.2353515625 0.0390625 0.048828125
0 0.33203125 0.7490234375 0.0390625 0.048828125
0 0.50078125 0.6728515625 0.0390625 0.048828125
0 0.53984375 0.6123046875 0.0390625 0.048828125
0 0.37265625 0.6884765625 0.0390625 0.048828125
0 0.48984375 0.4560546875 0.0390625 0.048828125
0 0.57109375 0.3916015625 0.0390625 0.048828125
0 0.32265625 0.5322265625 0.0390625 0.048828125
0 0.56171875 0.2294921875 0.0390625 0.048828125
0 0.44921875 0.5146484375 0.0390625 0.048828125
0 0.31640625 0.4248046875 0.0390625 0.048828125
0 0.54921875 0.7763671875 0.0390625 0.048828125
0 0.36796875 0.5810546875 0.0390625 0.048828125
0 0.41328125 0.6298828125 0.0390625 0.048828125
0 0.42109375 0.7919921875 0.0390625 0.048828125
0 0.41796875 0.7373046875 0.0390625 0.048828125
0 0.53828125 0.5576171875 0.0390625 0.048828125
0 0.49453125 0.5634765625 0.0390625 0.048828125
0 0.52578125 0.3427734375 0.0390625 0.048828125
0 0.48671875 0.4013671875 0.0390625 0.048828125
0 0.36171875 0.4736328125 0.0390625 0.048828125
0 0.39921875 0.3603515625 0.0390625 0.048828125
0 0.28359375 0.5908203125 0.0390625 0.048828125
0 0.48046875 0.2958984375 0.0390625 0.048828125
0 0.32734375 0.6396484375 0.0390625 0.048828125
0 0.30859375 0.2646484375 0.0390625 0.048828125
0 0.53203125 0.4501953125 0.0390625 0.048828125
0 0.54609375 0.7216796875 0.0390625 0.048828125
0 0.37109375 0.6337890625 0.0390625 0.048828125
0 0.31171875 0.3173828125 0.0390625 0.048828125
0 0.57734375 0.4990234375 0.0390625 0.048828125
0 0.27265625 0.3759765625 0.0390625 0.048828125
0 0.44453125 0.4072265625 0.0390625 0.048828125
0 0.35390625 0.3115234375 0.0390625 0.048828125
0 0.41015625 0.5751953125 0.0390625 0.048828125
0 0.49765625 0.6181640625 0.0390625 0.048828125
0 0.27734375 0.4833984375 0.0390625 0.048828125
0 0.47734375 0.2412109375 0.0390625 0.048828125
0 0.52890625 0.3974609375 0.0390625 0.048828125
0 0.43515625 0.2470703125 0.0390625 0.048828125
0 0.58203125 0.6064453125 0.0390625 0.048828125
0 0.31953125 0.4775390625 0.0390625 0.048828125
0 0.36015625 0.4189453125 0.0390625 0.048828125
0 0.48359375 0.3486328125 0.0390625 0.048828125
0 0.28828125 0.7001953125 0.0390625 0.048828125
0 0.28984375 0.7548828125 0.0390625 0.048828125
0 0.40234375 0.4130859375 0.0390625 0.048828125
0 0.43828125 0.2998046875 0.0390625 0.048828125
0 0.40703125 0.5205078125 0.0390625 0.048828125
0 0.39609375 0.3056640625 0.0390625 0.048828125
0 0.46015625 0.7333984375 0.0390625 0.048828125
0 0.44609375 0.4619140625 0.0390625 0.048828125
0 0.45859375 0.6767578125 0.0390625 0.048828125
0 0.58515625 0.6611328125 0.0390625 0.048828125
0 0.45234375 0.5693359375 0.0390625 0.048828125
0 0.56484375 0.2822265625 0.0390625 0.048828125
0 0.35078125 0.2587890625 0.0390625 0.048828125
0 0.57421875 0.4443359375 0.0390625 0.048828125
0 0.53515625 0.5048828125 0.0390625 0.048828125
0 0.26953125 0.3232421875 0.0390625 0.048828125
0 0.37890625 0.7978515625 0.0390625 0.048828125
0 0.27421875 0.4306640625 0.0390625 0.048828125
0 0.46328125 0.7861328125 0.0390625 0.048828125
0 0.58828125 0.7158203125 0.0390625 0.048828125
0 0.58046875 0.5537109375 0.0390625 0.048828125
0 0.52265625 0.2900390625 0.0390625 0.048828125
0 0.28515625 0.6455078125 0.0390625 0.048828125
0 0.37578125 0.7431640625 0.0390625 0.048828125
0 0.39296875 0.2529296875 0.0390625 0.048828125
0 0.59140625 0.7705078125 0.0390625 0.048828125
0 0.31484375 0.3701171875 0.0390625 0.048828125
0 0.50390625 0.7275390625 0.0390625 0.048828125
0 0.32578125 0.5849609375 0.0390625 0.048828125
0 0.50546875 0.7822265625 0.0390625 0.048828125
0 0.33046875 0.6943359375 0.0390625 0.048828125
0 0.40390625 0.4677734375 0.0390625 0.048828125
0 0.35703125 0.3662109375 0.0390625 0.048828125
0 0.36484375 0.5263671875 0.0390625 0.048828125
0 0.45546875 0.6240234375 0.0390625 0.048828125
0 0.41484375 0.6826171875 0.0390625 0.048828125
0 0.33515625 0.8037109375 0.0390625 0.048828125
0 0.44140625 0.3544921875 0.0390625 0.048828125
0 0.28046875 0.5380859375 0.0390625 0.048828125
0 0.56796875 0.3369140625 0.0390625 0.048828125
0 0.54296875 0.6669921875 0.0390625 0.048828125
0 0.49140625 0.5107421875 0.0390625 0.048828125
0 0.29296875 0.8095703125 0.0390625 0.048828125
0 0.26796875 0.2685546875 0.0390625 0.048828125
