0 0.61640625 0.2333984375 0.0390625 0.048828125
0 0.57734375 0.2939453125 0.0390625 0.048828125
0 0.67421875 0.3896484375 0.0390625 0.048828125
0 0.52890625 0.2470703125 0.0390625 0.048828125
0 0.63671875 0.4501953125 0.0390625 0.048828125
0 0.66171875 0.7197265625 0.0390625 0.048828125
0 0.62578125 0.3427734375 0.0390625 0.048828125
0 0.53984375 0.3544921875 0.0390625 0.048828125
0 0.57578125 0.7314453125 0.0390625 0.048828125
0 0.43046875 0.5908203125 0.0390625 0.048828125
0 0.50078125 0.4150390625 0.0390625 0.048828125
0 0.44609375 0.7509765625 0.0390625 0.048828125
0 0.56796875 0.1845703125 0.0390625 0.048828125
0 0.68515625 0.4970703125 0.0390625 0.048828125
0 0.46796875 0.5302734375 0.0390625 0.048828125
0 0.60234375 0.5654296875 0.0390625 0.048828125
0 0.37109375 0.4345703125 0.0390625 0.048828125
0 0.49140625 0.3076171875 0.0390625 0.048828125
0 0.66484375 0.2822265625 0.0390625 0.048828125
0 0.43671875 0.2041015625 0.0390625 0.048828125
0 0.40234375 0.7568359375 0.0390625 0.048828125
0 0.46328125 0.4755859375 0.0390625 0.048828125
0 0.61328125 0.6728515625 0.0390625 0.048828125
0 0.58828125 0.4033203125 0.0390625 0.048828125
0 0.51640625 0.5771484375 0.0390625 0.048828125
0 0.40859375 0.3740234375 0.0390625 0.048828125
0 0.54921875 0.4638671875 0.0390625 0.048828125
0 0.39921875 0.2666015625 0.0390625 0.048828125
0 0.36015625 0.3271484375 0.0390625 0.048828125
0 0.59765625 0.5107421875 0.0390625 0.048828125
0 0.65234375 0.6123046875 0.0390625 0.048828125
0 0.68984375 0.5517578125 0.0390625 0.048828125
0 0.68046875 0.4443359375 0.0390625 0.048828125
0 0.65546875 0.1708984375 0.0390625 0.048828125
0 0.55390625 0.5166015625 0.0390625 0.048828125
0 0.56484375 0.6240234375 0.0390625 0.048828125
0 0.64140625 0.5048828125 0.0390625 0.048828125
0 0.51171875 0.5244140625 0.0390625 0.048828125
0 0.44765625 0.3134765625 0.0390625 0.048828125
0 0.42421875 0.5361328125 0.0390625 0.048828125
0 0.44296875 0.2587890625 0.0390625 0.048828125
0 0.43515625 0.6435546875 0.0390625 0.048828125
0 0.70078125 0.6591796875 0.0390625 0.048828125
0 0.41484375 0.4287109375 0.0390625 0.048828125
0 0.59296875 0.4560546875 0.0390625 0.048828125
0 0.47890625 0.6376953125 0.0390625 0.048828125
0 0.52578125 0.6845703125 0.0390625 0.048828125
0 0.52421875 0.1923828125 0.0390625 0.048828125
0 0.39140625 0.6513671875 0.0390625 0.048828125
0 0.61796875 0.7255859375 0.0390625 0.048828125
0 0.64609375 0.5576171875 0.0390625 0.048828125
0 0.45234375 0.3681640625 0.0390625 0.048828125
0 0.35078125 0.2177734375 0.0390625 0.048828125
0 0.36640625 0.3818359375 0.0390625 0.048828125
0 0.47265625 0.5830078125 0.0390625 0.048828125
0 0.39765625 0.7041015625 0.0390625 0.048828125
0 0.41953125 0.4833984375 0.0390625 0.048828125
0 0.48515625 0.2529296875 0.0390625 0.048828125
0 0.40390625 0.3212890625 0.0390625 0.048828125
0 0.38671875 0.5966796875 0.0390625 0.048828125
0 0.63203125 0.3955078125 0.0390625 0.048828125
0 0.48828125 0.7451171875 0.0390625 0.048828125
0 0.50546875 0.4697265625 0.0390625 0.048828125
0 0.56015625 0.5712890625 0.0390625 0.048828125
0 0.69453125 0.6064453125 0.0390625 0.048828125
0 0.48046875 0.1982421875 0.0390625 0.048828125
0 0.61171875 0.1787109375 0.0390625 0.048828125
0 0.43984375 0.6982421875 0.0390625 0.048828125
0 0.48359375 0.6904296875 0.0390625 0.048828125
0 0.45859375 0.4228515625 0.0390625 0.048828125
0 0.38203125 0.5439453125 0.0390625 0.048828125
0 0.53203125 0.7392578125 0.0390625 0.048828125
0 0.52109375 0.6318359375 0.0390625 0.048828125
0 0.37578125 0.4892578125 0.0390625 0.048828125
0 0.39453125 0.2119140625 0.0390625 0.048828125
0 0.54453125 0.4091796875 0.0390625 0.048828125
0 0.49609375 0.3623046875 0.0390625 0.048828125
0 0.35546875 0.2724609375 0.0390625 0.048828125
0 0.65703125 0.6650390625 0.0390625 0.048828125
0 0.53515625 0.2998046875 0.0390625 0.048828125
0 0.66015625 0.2255859375 0.0390625 0.048828125
0 0.57265625 0.2392578125 0.0390625 0.048828125
0 0.60859375 0.6181640625 0.0390625 0.048828125
0 0.70546875 0.7177734375 0.0390625 0.048828125
0 0.58203125 0.3486328125 0.0390625 0.048828125
0 0.56953125 0.6787109375 0.0390625 0.048828125
0 0.62109375 0.2880859375 0.0390625 0.048828125
0 0.66953125 0.3349609375 0.0390625 0.048828125
