0 0.54375 0.2265625 0.05625 0.06640625
0 0.51171875 0.5927734375 0.0578125 0.068359375
0 0.39296875 0.501953125 0.0578125 0.06640625
0 0.40390625 0.35546875 0.0578125 0.06640625
0 0.6125 0.16015625 0.05625 0.06640625
0 0.32421875 0.568359375 0.0578125 0.06640625
0 0.26640625 0.486328125 0.0578125 0.06640625
0 0.67734375 0.16796875 0.0578125 0.06640625
0 0.33515625 0.421875 0.0578125 0.06640625
0 0.45 0.5849609375 0.05625 0.068359375
0 0.51875 0.517578125 0.05625 0.06640625
0 0.5875 0.453125 0.05625 0.06640625
0 0.66953125 0.240234375 0.0578125 0.06640625
0 0.31015625 0.7158203125 0.0578125 0.068359375
0 0.57109375 0.673828125 0.0578125 0.06640625
0 0.48671875 0.1435546875 0.0578125 0.068359375
0 0.29609375 0.119140625 0.0578125 0.06640625
0 0.43203125 0.806640625 0.0578125 0.06640625
0 0.46171875 0.4375 0.0578125 0.06640625
0 0.45703125 0.509765625 0.0578125 0.06640625
0 0.2984375 0.865234375 0.05625 0.06640625
0 0.621875 0.8310546875 0.05625 0.068359375
0 0.3671875 0.798828125 0.05625 0.06640625
0 0.42265625 0.1357421875 0.0578125 0.068359375
0 0.646875 0.5341796875 0.05625 0.068359375
0 0.47265625 0.291015625 0.0578125 0.06640625
0 0.259375 0.560546875 0.05625 0.06640625
0 0.27734375 0.341796875 0.0578125 0.06640625
0 0.70390625 0.6171875 0.0578125 0.06640625
0 0.346875 0.275390625 0.05625 0.06640625
0 0.38125 0.6484375 0.05625 0.06640625
0 0.53046875 0.373046875 0.0578125 0.06640625
0 0.6515625 0.4619140625 0.05625 0.068359375
0 0.6859375 0.8388671875 0.05625 0.068359375
0 0.73203125 0.248046875 0.0578125 0.06640625
0 0.69296875 0.763671875 0.0578125 0.06640625
0 0.59453125 0.37890625 0.0578125 0.06640625
0 0.60078125 0.306640625 0.0578125 0.06640625
0 0.62890625 0.755859375 0.0578125 0.06640625
0 0.24140625 0.783203125 0.0578125 0.06640625
0 0.24609375 0.7080078125 0.0578125 0.068359375
0 0.50078125 0.740234375 0.0578125 0.06640625
0 0.66328125 0.314453125 0.0578125 0.06640625
0 0.46796875 0.36328125 0.0578125 0.06640625
0 0.5578125 0.822265625 0.05625 0.06640625
0 0.7203125 0.39453125 0.05625 0.06640625
0 0.4109375 0.283203125 0.05625 0.06640625
0 0.37421875 0.724609375 0.0578125 0.06640625
0 0.44296875 0.6572265625 0.0578125 0.068359375
0 0.42421875 0.8818359375 0.0578125 0.068359375
0 0.25234375 0.6328125 0.0578125 0.06640625
0 0.49296875 0.814453125 0.0578125 0.06640625
0 0.4796875 0.21875 0.05625 0.06640625
0 0.35390625 0.203125 0.0578125 0.06640625
0 0.69765625 0.689453125 0.0578125 0.06640625
0 0.57578125 0.6015625 0.0578125 0.06640625
0 0.30546875 0.791015625 0.0578125 0.06640625
0 0.4890625 0.8896484375 0.05625 0.068359375
0 0.28515625 0.2666015625 0.0578125 0.068359375
0 0.5828125 0.525390625 0.05625 0.06640625
0 0.68203125 0.9140625 0.0578125 0.06640625
0 0.63984375 0.609375 0.0578125 0.06640625
0 0.63359375 0.681640625 0.0578125 0.06640625
0 0.41796875 0.2109375 0.0578125 0.06640625
0 0.52578125 0.4453125 0.0578125 0.06640625
0 0.31640625 0.640625 0.0578125 0.06640625
0 0.38515625 0.576171875 0.0578125 0.06640625
0 0.71640625 0.4697265625 0.0578125 0.068359375
0 0.53671875 0.298828125 0.0578125 0.06640625
0 0.27109375 0.4140625 0.0578125 0.06640625
0 0.5484375 0.15234375 0.05625 0.06640625
0 0.56484375 0.748046875 0.0578125 0.06640625
0 0.60546875 0.234375 0.0578125 0.06640625
0 0.6171875 0.90625 0.05625 0.06640625
0 0.3421875 0.349609375 0.05625 0.06640625
0 0.4359375 0.732421875 0.05625 0.06640625
0 0.553125 0.8984375 0.05625 0.06640625
0 0.65859375 0.38671875 0.0578125 0.06640625
0 0.328125 0.494140625 0.05625 0.06640625
0 0.36015625 0.873046875 0.0578125 0.06640625
0 0.50703125 0.6650390625 0.0578125 0.068359375
0 0.234375 0.857421875 0.05625 0.06640625
0 0.70859375 0.5419921875 0.0578125 0.068359375
0 0.39921875 0.4296875 0.0578125 0.06640625
0 0.29140625 0.1943359375 0.0578125 0.068359375
0 0.72734375 0.322265625 0.0578125 0.06640625
0 0.36015625 0.130859375 0.0578125 0.06640625
0 0.73671875 0.169921875 0.0578125 0.06640625
