0 0.57734375 0.4716796875 0.0234375 0.041015625
0 0.56875 0.2490234375 0.025 0.041015625
0 0.2953125 0.1865234375 0.021875 0.037109375
0 0.54296875 0.4150390625 0.0234375 0.041015625
0 0.48203125 0.412109375 0.0234375 0.0390625
0 0.50546875 0.2470703125 0.0234375 0.041015625
0 0.39296875 0.4609375 0.0234375 0.0390625
0 0.44453125 0.2451171875 0.0234375 0.041015625
0 0.30703125 0.5087890625 0.0234375 0.037109375
0 0.603125 0.3056640625 0.028125 0.044921875
0 0.303125 0.4013671875 0.025 0.041015625
0 0.475 0.24609375 0.025 0.0390625
0 0.35234375 0.1884765625 0.0234375 0.037109375
0 0.5375 0.2470703125 0.025 0.041015625
0 0.6140625 0.5849609375 0.028125 0.044921875
0 0.47734375 0.3017578125 0.0234375 0.041015625
0 0.58046875 0.583984375 0.0234375 0.0390625
0 0.30078125 0.34765625 0.0234375 0.0390625
0 0.5796875 0.5283203125 0.025 0.041015625
0 0.59765625 0.193359375 0.0234375 0.0390625
0 0.45703125 0.5732421875 0.0234375 0.037109375
0 0.53984375 0.3037109375 0.0234375 0.041015625
0 0.35859375 0.3505859375 0.0234375 0.041015625
0 0.33515625 0.45703125 0.0234375 0.0390625
0 0.56640625 0.1923828125 0.0265625 0.041015625
0 0.41484375 0.2451171875 0.0234375 0.041015625
0 0.41875 0.3544921875 0.021875 0.041015625
0 0.5703125 0.3046875 0.025 0.04296875
0 0.45078125 0.4091796875 0.0234375 0.041015625
0 0.42265625 0.4619140625 0.0234375 0.041015625
0 0.57421875 0.416015625 0.0234375 0.04296875
0 0.36328125 0.4580078125 0.0234375 0.041015625
0 0.33828125 0.5634765625 0.0234375 0.037109375
0 0.446875 0.2998046875 0.025 0.041015625
0 0.2984375 0.2939453125 0.025 0.041015625
0 0.38671875 0.2978515625 0.0234375 0.041015625
0 0.48828125 0.5751953125 0.0234375 0.041015625
0 0.35703125 0.296875 0.0234375 0.0390625
0 0.39765625 0.568359375 0.0234375 0.0390625
0 0.33671875 0.509765625 0.0234375 0.0390625
0 0.365625 0.51171875 0.021875 0.0390625
0 0.51171875 0.4130859375 0.0234375 0.041015625
0 0.50390625 0.19140625 0.0234375 0.0390625
0 0.51484375 0.4677734375 0.0234375 0.041015625
0 0.61171875 0.529296875 0.0265625 0.04296875
0 0.3265625 0.2412109375 0.021875 0.041015625
0 0.41640625 0.298828125 0.0234375 0.0390625
0 0.5078125 0.302734375 0.025 0.04296875
0 0.44921875 0.35546875 0.0234375 0.0390625
0 0.53515625 0.1923828125 0.0234375 0.041015625
0 0.3890625 0.3525390625 0.021875 0.041015625
0 0.45546875 0.5185546875 0.0234375 0.041015625
0 0.47890625 0.3564453125 0.0234375 0.041015625
0 0.32421875 0.1865234375 0.0234375 0.041015625
0 0.42734375 0.5712890625 0.0234375 0.041015625
0 0.42109375 0.408203125 0.0234375 0.0390625
0 0.54765625 0.5244140625 0.0234375 0.041015625
0 0.3546875 0.2421875 0.021875 0.0390625
0 0.36171875 0.4052734375 0.0234375 0.041015625
0 0.51015625 0.3583984375 0.0234375 0.041015625
0 0.44296875 0.1904296875 0.0234375 0.041015625
0 0.33046875 0.349609375 0.0234375 0.0390625
0 0.296875 0.240234375 0.025 0.04296875
0 0.6 0.25 0.028125 0.04296875
0 0.51796875 0.578125 0.0234375 0.0390625
0 0.51640625 0.5234375 0.0234375 0.04296875
0 0.328125 0.2958984375 0.021875 0.041015625
0 0.60390625 0.3623046875 0.0265625 0.044921875
0 0.453125 0.4638671875 0.021875 0.041015625
0 0.39140625 0.40625 0.0234375 0.0390625
0 0.33203125 0.4033203125 0.0203125 0.041015625
0 0.30546875 0.455078125 0.0234375 0.04296875
0 0.57265625 0.3603515625 0.0234375 0.041015625
0 0.38359375 0.2431640625 0.0234375 0.041015625
0 0.30859375 0.5615234375 0.0265625 0.041015625
0 0.41171875 0.189453125 0.0234375 0.0390625
0 0.60703125 0.41796875 0.0265625 0.04296875
0 0.47265625 0.19140625 0.0234375 0.0390625
0 0.6078125 0.474609375 0.028125 0.04296875
0 0.48671875 0.5205078125 0.0234375 0.041015625
0 0.42421875 0.5166015625 0.0234375 0.041015625
0 0.5453125 0.470703125 0.025 0.04296875
0 0.36796875 0.56640625 0.0234375 0.0390625
0 0.38203125 0.1884765625 0.0234375 0.041015625
0 0.54140625 0.359375 0.0234375 0.04296875
0 0.3953125 0.5146484375 0.021875 0.041015625
0 0.48359375 0.466796875 0.0234375 0.04296875
0 0.54921875 0.5810546875 0.0234375 0.041015625
