0 0.4921875 0.4599609375 0.04375 0.060546875
0 0.59375 0.4169921875 0.04375 0.060546875
0 0.47890625 0.1162109375 0.0421875 0.060546875
0 0.61640625 0.5380859375 0.0421875 0.060546875
0 0.6609375 0.544921875 0.04375 0.05859375
0 0.25625 0.478515625 0.04375 0.05859375
0 0.31484375 0.4296875 0.0421875 0.05859375
0 0.59921875 0.1923828125 0.0421875 0.060546875
0 0.51796875 0.3486328125 0.0421875 0.060546875
0 0.5546875 0.185546875 0.04375 0.05859375
0 0.440625 0.279296875 0.04375 0.05859375
0 0.6296875 0.25390625 0.04375 0.05859375
0 0.521875 0.123046875 0.04375 0.05859375
0 0.34765625 0.09765625 0.0421875 0.05859375
0 0.6734375 0.48828125 0.04375 0.05859375
0 0.36484375 0.2109375 0.0421875 0.05859375
0 0.421875 0.1640625 0.04375 0.05859375
0 0.334375 0.15234375 0.04375 0.05859375
0 0.7453125 0.15625 0.04375 0.05859375
0 0.43359375 0.5078125 0.0421875 0.05859375
0 0.58203125 0.474609375 0.0421875 0.05859375
0 0.453125 0.2255859375 0.04375 0.060546875
0 0.54921875 0.41015625 0.0421875 0.05859375
0 0.68515625 0.431640625 0.0421875 0.05859375
0 0.640625 0.423828125 0.04375 0.05859375
0 0.371875 0.3818359375 0.04375 0.060546875
0 0.49765625 0.232421875 0.0421875 0.05859375
0 0.3578125 0.4384765625 0.04375 0.060546875
0 0.41484375 0.388671875 0.0421875 0.05859375
0 0.6640625 0.3125 0.04375 0.05859375
0 0.29609375 0.3125 0.0421875 0.05859375
0 0.43359375 0.111328125 0.0421875 0.05859375
0 0.284375 0.3671875 0.04375 0.05859375
0 0.60625 0.36328125 0.04375 0.05859375
0 0.56640625 0.130859375 0.0421875 0.05859375
0 0.628125 0.4814453125 0.04375 0.060546875
0 0.68828125 0.2041015625 0.0421875 0.060546875
0 0.48359375 0.287109375 0.0421875 0.05859375
0 0.471875 0.341796875 0.04375 0.05859375
0 0.5375 0.466796875 0.04375 0.05859375
0 0.39609375 0.2724609375 0.0421875 0.060546875
0 0.65625 0.142578125 0.04375 0.05859375
0 0.6765625 0.2587890625 0.04375 0.060546875
0 0.65234375 0.3701171875 0.0421875 0.060546875
0 0.5046875 0.4033203125 0.04375 0.060546875
0 0.42890625 0.333984375 0.0421875 0.05859375
0 0.27890625 0.19921875 0.0421875 0.05859375
0 0.37890625 0.1591796875 0.0421875 0.060546875
0 0.26484375 0.25390625 0.0421875 0.05859375
0 0.5609375 0.35546875 0.04375 0.05859375
0 0.3046875 0.08984375 0.04375 0.05859375
0 0.2703125 0.423828125 0.04375 0.05859375
0 0.32734375 0.375 0.0421875 0.05859375
0 0.3015625 0.486328125 0.04375 0.05859375
0 0.72109375 0.265625 0.0421875 0.05859375
0 0.70078125 0.15234375 0.0421875 0.05859375
0 0.5734375 0.30078125 0.04375 0.05859375
0 0.61796875 0.30859375 0.0421875 0.05859375
0 0.3390625 0.3203125 0.04375 0.05859375
0 0.290625 0.14453125 0.04375 0.05859375
0 0.21171875 0.4716796875 0.0421875 0.060546875
0 0.64375 0.19921875 0.04375 0.05859375
0 0.38359375 0.3271484375 0.0421875 0.060546875
0 0.528125 0.2939453125 0.04375 0.060546875
0 0.409375 0.21875 0.04375 0.05859375
0 0.44765625 0.453125 0.0421875 0.05859375
0 0.2515625 0.3056640625 0.04375 0.060546875
0 0.34609375 0.4931640625 0.0421875 0.060546875
0 0.696875 0.376953125 0.04375 0.05859375
0 0.321875 0.2041015625 0.04375 0.060546875
0 0.56953125 0.53125 0.0421875 0.05859375
0 0.5421875 0.2392578125 0.04375 0.060546875
0 0.390625 0.1044921875 0.04375 0.060546875
0 0.6109375 0.1376953125 0.04375 0.060546875
0 0.509375 0.177734375 0.04375 0.05859375
0 0.3078125 0.2587890625 0.04375 0.060546875
0 0.48046875 0.5146484375 0.0421875 0.060546875
0 0.390625 0.5 0.04375 0.05859375
0 0.46484375 0.1708984375 0.0421875 0.060546875
0 0.353125 0.265625 0.04375 0.05859375
0 0.73359375 0.2109375 0.0421875 0.05859375
0 0.403125 0.443359375 0.04375 0.05859375
0 0.22578125 0.4169921875 0.0421875 0.060546875
0 0.709375 0.322265625 0.04375 0.05859375
0 0.459375 0.396484375 0.04375 0.05859375
0 0.58671875 0.24609375 0.0421875 0.05859375
0 0.2390625 0.36328125 0.04375 0.05859375
0 0.525 0.521484375 0.04375 0.05859375
