0 0.3796875 0.55859375 0.040625 0.05078125
0 0.340625 0.55859375 0.040625 0.05078125
0 0.50625 0.455078125 0.040625 0.05078125
0 0.46875 0.4521484375 0.040625 0.048828125
0 0.68125 0.560546875 0.040625 0.05078125
0 0.4359375 0.3994140625 0.040625 0.048828125
0 0.45625 0.55859375 0.040625 0.05078125
0 0.65625 0.455078125 0.040625 0.05078125
0 0.4953125 0.55859375 0.040625 0.05078125
0 0.41875 0.55859375 0.040625 0.05078125
0 0.3515625 0.44921875 0.040625 0.05078125
0 0.5796875 0.4521484375 0.040625 0.048828125
0 0.6078125 0.560546875 0.040625 0.05078125
0 0.54375 0.455078125 0.040625 0.05078125
0 0.73125 0.455078125 0.040625 0.05078125
0 0.5515625 0.71484375 0.040625 0.05078125
0 0.61875 0.455078125 0.040625 0.05078125
0 0.5203125 0.662109375 0.040625 0.05078125
0 0.4296875 0.4521484375 0.040625 0.048828125
0 0.390625 0.4521484375 0.040625 0.048828125
0 0.56875 0.55859375 0.040625 0.05078125
0 0.5328125 0.55859375 0.040625 0.05078125
0 0.5109375 0.3994140625 0.040625 0.048828125
0 0.6265625 0.71484375 0.040625 0.05078125
0 0.64375 0.560546875 0.040625 0.05078125
0 0.625 0.40234375 0.040625 0.05078125
0 0.44375 0.662109375 0.040625 0.05078125
0 0.440625 0.345703125 0.040625 0.05078125
0 0.55 0.40234375 0.040625 0.05078125
0 0.6640625 0.71484375 0.040625 0.05078125
0 0.4234375 0.505859375 0.040625 0.05078125
0 0.4734375 0.3994140625 0.040625 0.048828125
0 0.328125 0.662109375 0.0375 0.05078125
0 0.6921875 0.455078125 0.040625 0.05078125
0 0.4046875 0.662109375 0.040625 0.05078125
0 0.6390625 0.611328125 0.040625 0.05078125
0 0.48125 0.6640625 0.040625 0.05078125
0 0.66875 0.662109375 0.040625 0.05078125
0 0.4765625 0.71484375 0.040625 0.05078125
0 0.70625 0.6640625 0.040625 0.05078125
0 0.5875 0.40234375 0.040625 0.05078125
0 0.5953125 0.6640625 0.040625 0.05078125
0 0.4125 0.611328125 0.040625 0.05078125
0 0.3625 0.71484375 0.040625 0.05078125
0 0.7171875 0.560546875 0.040625 0.05078125
0 0.559375 0.662109375 0.040625 0.05078125
0 0.6765625 0.611328125 0.040625 0.05078125
0 0.7015625 0.71484375 0.040625 0.05078125
0 0.7 0.404296875 0.040625 0.05078125
0 0.6640625 0.40234375 0.040625 0.05078125
0 0.6 0.611328125 0.040625 0.05078125
0 0.525 0.611328125 0.040625 0.05078125
0 0.4796875 0.345703125 0.040625 0.05078125
0 0.403125 0.34375 0.040625 0.05078125
0 0.4 0.71484375 0.040625 0.05078125
0 0.5875 0.71484375 0.040625 0.05078125
0 0.4609375 0.505859375 0.040625 0.05078125
0 0.3828125 0.501953125 0.040625 0.05078125
0 0.6328125 0.662109375 0.040625 0.05078125
0 0.3734375 0.6083984375 0.040625 0.048828125
0 0.5625 0.611328125 0.040625 0.05078125
0 0.3234375 0.71484375 0.040625 0.05078125
0 0.365625 0.662109375 0.040625 0.05078125
0 0.7125 0.611328125 0.040625 0.05078125
0 0.63125 0.3515625 0.040625 0.05078125
0 0.55390625 0.349609375 0.0390625 0.05078125
0 0.5375 0.5078125 0.040625 0.05078125
0 0.5125 0.71484375 0.040625 0.05078125
0 0.7375 0.404296875 0.040625 0.05078125
0 0.725 0.5078125 0.040625 0.05078125
0 0.3328125 0.6083984375 0.040625 0.048828125
0 0.4515625 0.611328125 0.040625 0.05078125
0 0.51875 0.345703125 0.040625 0.05078125
0 0.396875 0.3994140625 0.040625 0.048828125
0 0.70625 0.3515625 0.040625 0.05078125
0 0.49921875 0.505859375 0.0390625 0.05078125
0 0.4875 0.6083984375 0.040625 0.048828125
0 0.6140625 0.5078125 0.040625 0.05078125
0 0.3640625 0.34375 0.040625 0.05078125
0 0.6890625 0.5078125 0.040625 0.05078125
0 0.575 0.5078125 0.040625 0.05078125
0 0.6671875 0.3515625 0.040625 0.05078125
0 0.59375 0.349609375 0.040625 0.05078125
0 0.65 0.5068359375 0.040625 0.048828125
0 0.4390625 0.71484375 0.040625 0.05078125
0 0.7453125 0.3515625 0.040625 0.05078125
0 0.34375 0.501953125 0.040625 0.05078125
0 0.3578125 0.396484375 0.040625 0.05078125
