0 0.3921875 0.716796875 0.040625 0.046875
0 0.60703125 0.7333984375 0.0390625 0.048828125
0 0.73671875 0.5146484375 0.0390625 0.048828125
0 0.4859375 0.453125 0.0375 0.046875
0 0.39375 0.6708984375 0.040625 0.048828125
0 0.5203125 0.7255859375 0.0375 0.048828125
0 0.690625 0.7392578125 0.040625 0.048828125
0 0.4796875 0.630859375 0.0375 0.05078125
0 0.7765625 0.74609375 0.040625 0.05078125
0 0.4828125 0.541015625 0.040625 0.05078125
0 0.484375 0.49609375 0.040625 0.05078125
0 0.5703125 0.4140625 0.0375 0.05078125
0 0.5671875 0.5029296875 0.040625 0.048828125
0 0.478125 0.72265625 0.0375 0.05078125
0 0.478125 0.6767578125 0.0375 0.048828125
0 0.48125 0.5859375 0.040625 0.05078125
0 0.4875 0.408203125 0.0375 0.046875
0 0.3609375 0.3974609375 0.0375 0.048828125
0 0.734375 0.60546875 0.040625 0.046875
0 0.7390625 0.427734375 0.040625 0.05078125
0 0.403125 0.3994140625 0.0375 0.048828125
0 0.6515625 0.509765625 0.040625 0.046875
0 0.734375 0.6962890625 0.040625 0.048828125
0 0.39765625 0.580078125 0.0390625 0.046875
0 0.3984375 0.53515625 0.040625 0.046875
0 0.565625 0.591796875 0.040625 0.046875
0 0.56484375 0.6826171875 0.0390625 0.048828125
0 0.65390625 0.4208984375 0.0390625 0.048828125
0 0.6921875 0.693359375 0.040625 0.046875
0 0.4015625 0.4443359375 0.040625 0.048828125
0 0.69375 0.46875 0.040625 0.046875
0 0.56875 0.4580078125 0.040625 0.048828125
0 0.35 0.6689453125 0.040625 0.048828125
0 0.4 0.4892578125 0.040625 0.048828125
0 0.565625 0.63671875 0.040625 0.046875
0 0.7765625 0.654296875 0.040625 0.05078125
0 0.3953125 0.6240234375 0.0375 0.048828125
0 0.64921875 0.736328125 0.0390625 0.046875
0 0.77890625 0.4755859375 0.0390625 0.048828125
0 0.3578125 0.4873046875 0.040625 0.048828125
0 0.61171875 0.4609375 0.0390625 0.05078125
0 0.5671875 0.5478515625 0.040625 0.048828125
0 0.65 0.59765625 0.040625 0.05078125
0 0.78125 0.4306640625 0.040625 0.048828125
0 0.696875 0.423828125 0.040625 0.046875
0 0.4421875 0.4921875 0.040625 0.046875
0 0.44375 0.44921875 0.040625 0.05078125
0 0.5625 0.7294921875 0.0375 0.048828125
0 0.353125 0.62109375 0.0375 0.05078125
0 0.65390625 0.46484375 0.0390625 0.046875
0 0.7765625 0.69921875 0.040625 0.05078125
0 0.440625 0.537109375 0.040625 0.046875
0 0.43984375 0.5810546875 0.0390625 0.048828125
0 0.4453125 0.404296875 0.0375 0.05078125
0 0.73671875 0.470703125 0.0390625 0.05078125
0 0.434375 0.71875 0.040625 0.046875
0 0.4375 0.6279296875 0.0375 0.048828125
0 0.6921875 0.6474609375 0.040625 0.048828125
0 0.3546875 0.576171875 0.0375 0.046875
0 0.6515625 0.5546875 0.040625 0.046875
0 0.6125 0.4189453125 0.0375 0.048828125
0 0.528125 0.455078125 0.0375 0.046875
0 0.35625 0.5322265625 0.040625 0.048828125
0 0.5234375 0.634765625 0.040625 0.046875
0 0.52265625 0.6796875 0.0390625 0.046875
0 0.525 0.5439453125 0.040625 0.048828125
0 0.528125 0.41015625 0.0375 0.046875
0 0.73671875 0.5595703125 0.0390625 0.048828125
0 0.734375 0.650390625 0.040625 0.046875
0 0.5265625 0.4990234375 0.040625 0.048828125
0 0.6078125 0.5966796875 0.040625 0.048828125
0 0.60703125 0.6875 0.0390625 0.05078125
0 0.77890625 0.564453125 0.0390625 0.05078125
0 0.359375 0.4423828125 0.040625 0.048828125
0 0.6921875 0.6025390625 0.040625 0.048828125
0 0.43671875 0.6728515625 0.0390625 0.048828125
0 0.65 0.6455078125 0.040625 0.048828125
0 0.3484375 0.7138671875 0.040625 0.048828125
0 0.77890625 0.6083984375 0.0390625 0.048828125
0 0.5234375 0.5908203125 0.040625 0.048828125
0 0.64921875 0.689453125 0.0390625 0.05078125
0 0.6078125 0.6396484375 0.040625 0.048828125
0 0.609375 0.505859375 0.040625 0.05078125
0 0.69375 0.5126953125 0.040625 0.048828125
0 0.77890625 0.5205078125 0.0390625 0.048828125
0 0.734375 0.744140625 0.040625 0.05078125
0 0.609375 0.55078125 0.040625 0.05078125
0 0.69375 0.5576171875 0.040625 0.048828125
