0 0.471875 0.609375 0.05625 0.05859375
0 0.34453125 0.255859375 0.0546875 0.05859375
0 0.39296875 0.33203125 0.0546875 0.05859375
0 0.390625 0.724609375 0.05625 0.05859375
0 0.23984375 0.890625 0.0546875 0.05859375
0 0.55078125 0.890625 0.0546875 0.05859375
0 0.51953125 0.685546875 0.0546875 0.05859375
0 0.44921875 0.736328125 0.0546875 0.05859375
0 0.39921875 0.66015625 0.0546875 0.05859375
0 0.25859375 0.76171875 0.0546875 0.05859375
0 0.41953125 0.9296875 0.0546875 0.05859375
0 0.58203125 0.306640625 0.0546875 0.05859375
0 0.57109375 0.76171875 0.0546875 0.05859375
0 0.37265625 0.45703125 0.0546875 0.05859375
0 0.60078125 0.572265625 0.0546875 0.05859375
0 0.50078125 0.8125 0.0546875 0.05859375
0 0.61015625 0.904296875 0.0546875 0.05859375
0 0.61015625 0.5078125 0.0546875 0.05859375
0 0.46328125 0.28125 0.0546875 0.05859375
0 0.63203125 0.3828125 0.0546875 0.05859375
0 0.42109375 0.533203125 0.0546875 0.05859375
0 0.33984375 0.646484375 0.0546875 0.05859375
0 0.18828125 0.8125 0.0546875 0.05859375
0 0.44140625 0.408203125 0.0546875 0.05859375
0 0.61875 0.837890625 0.05625 0.05859375
0 0.27421875 0.3046875 0.0546875 0.05859375
0 0.55078125 0.494140625 0.0546875 0.05859375
0 0.45234375 0.34375 0.0546875 0.05859375
0 0.24375 0.494140625 0.05625 0.05859375
0 0.66015625 0.5859375 0.0546875 0.05859375
0 0.68046875 0.45703125 0.0546875 0.05859375
0 0.26953125 0.697265625 0.0546875 0.05859375
0 0.21015625 0.68359375 0.0546875 0.05859375
0 0.2328125 0.556640625 0.05625 0.05859375
0 0.58984375 0.634765625 0.0546875 0.05859375
0 0.32265625 0.3828125 0.0546875 0.05859375
0 0.53984375 0.560546875 0.0546875 0.05859375
0 0.31015625 0.837890625 0.0546875 0.05859375
0 0.640625 0.318359375 0.05625 0.05859375
0 0.29140625 0.572265625 0.0546875 0.05859375
0 0.56015625 0.826171875 0.0546875 0.05859375
0 0.221875 0.62109375 0.05625 0.05859375
0 0.43828125 0.80078125 0.0546875 0.05859375
0 0.43046875 0.865234375 0.0546875 0.05859375
0 0.32890625 0.712890625 0.0546875 0.05859375
0 0.6296875 0.775390625 0.05625 0.05859375
0 0.32109375 0.775390625 0.0546875 0.05859375
0 0.640625 0.712890625 0.05625 0.05859375
0 0.48046875 0.544921875 0.0546875 0.05859375
0 0.47890625 0.94140625 0.0546875 0.05859375
0 0.19921875 0.75 0.0546875 0.05859375
0 0.50234375 0.419921875 0.0546875 0.05859375
0 0.43203125 0.470703125 0.0546875 0.05859375
0 0.3796875 0.787109375 0.05625 0.05859375
0 0.28515625 0.244140625 0.0546875 0.05859375
0 0.52265625 0.294921875 0.0546875 0.05859375
0 0.25234375 0.431640625 0.0546875 0.05859375
0 0.57265625 0.37109375 0.0546875 0.05859375
0 0.53984375 0.955078125 0.0546875 0.05859375
0 0.49140625 0.482421875 0.0546875 0.05859375
0 0.3578125 0.916015625 0.05625 0.05859375
0 0.26328125 0.3671875 0.0546875 0.05859375
0 0.38203125 0.39453125 0.0546875 0.05859375
0 0.62109375 0.4453125 0.0546875 0.05859375
0 0.59921875 0.966796875 0.0546875 0.05859375
0 0.36171875 0.51953125 0.0546875 0.05859375
0 0.36875 0.849609375 0.05625 0.05859375
0 0.30234375 0.5078125 0.0546875 0.05859375
0 0.57890625 0.697265625 0.0546875 0.05859375
0 0.28046875 0.634765625 0.0546875 0.05859375
0 0.53046875 0.623046875 0.0546875 0.05859375
0 0.56171875 0.43359375 0.0546875 0.05859375
0 0.48984375 0.87890625 0.0546875 0.05859375
0 0.67109375 0.51953125 0.0546875 0.05859375
0 0.46015625 0.671875 0.0546875 0.05859375
0 0.31328125 0.4453125 0.0546875 0.05859375
0 0.69140625 0.396484375 0.0546875 0.05859375
0 0.64921875 0.6484375 0.0546875 0.05859375
0 0.41015625 0.59765625 0.0546875 0.05859375
0 0.17734375 0.87890625 0.0546875 0.05859375
0 0.35078125 0.583984375 0.0546875 0.05859375
0 0.29921875 0.904296875 0.0546875 0.05859375
0 0.40390625 0.26953125 0.0546875 0.05859375
0 0.51171875 0.35546875 0.0546875 0.05859375
0 0.24765625 0.826171875 0.0546875 0.05859375
0 0.33359375 0.318359375 0.0546875 0.05859375
0 0.50859375 0.75 0.0546875 0.05859375
0 0.69921875 0.3359375 0.0546875 0.05859375
