0 0.76953125 0.306640625 0.0578125 0.0546875
0 0.48671875 0.4892578125 0.0578125 0.052734375
0 0.37734375 0.7626953125 0.0578125 0.052734375
0 0.53984375 0.5576171875 0.0578125 0.056640625
0 0.69765625 0.3525390625 0.0609375 0.052734375
0 0.63671875 0.341796875 0.0609375 0.0546875
0 0.8734375 0.4365234375 0.059375 0.056640625
0 0.82265625 0.37109375 0.0609375 0.0546875
0 0.64453125 0.6884765625 0.0578125 0.056640625
0 0.47734375 0.544921875 0.0609375 0.0546875
0 0.66171875 0.576171875 0.0578125 0.0546875
0 0.69609375 0.7548828125 0.0578125 0.056640625
0 0.55859375 0.4443359375 0.0609375 0.056640625
0 0.58984375 0.623046875 0.0609375 0.0546875
0 0.51171875 0.724609375 0.0609375 0.0546875
0 0.60859375 0.5107421875 0.0578125 0.052734375
0 0.5859375 0.2763671875 0.059375 0.056640625
0 0.68984375 0.4072265625 0.0578125 0.056640625
0 0.80390625 0.4833984375 0.0578125 0.052734375
0 0.71484375 0.6435546875 0.0609375 0.056640625
0 0.44765625 0.716796875 0.0609375 0.0546875
0 0.75 0.8232421875 0.0625 0.052734375
0 0.7515625 0.41796875 0.059375 0.0546875
0 0.74140625 0.47265625 0.0609375 0.0546875
0 0.79296875 0.5400390625 0.0609375 0.052734375
0 0.73203125 0.529296875 0.0609375 0.0546875
0 0.5046875 0.3798828125 0.059375 0.052734375
0 0.68046875 0.4638671875 0.0609375 0.056640625
0 0.42578125 0.4794921875 0.0578125 0.056640625
0 0.43828125 0.7724609375 0.0578125 0.052734375
0 0.49140625 0.83984375 0.0609375 0.0546875
0 0.51484375 0.3232421875 0.0609375 0.052734375
0 0.77578125 0.65234375 0.0609375 0.0546875
0 0.46328125 0.2568359375 0.0578125 0.056640625
0 0.72265625 0.5849609375 0.0578125 0.052734375
0 0.75703125 0.7646484375 0.0578125 0.052734375
0 0.70546875 0.69921875 0.0578125 0.0546875
0 0.81171875 0.8330078125 0.0609375 0.056640625
0 0.39765625 0.6484375 0.0578125 0.0546875
0 0.51953125 0.669921875 0.0578125 0.0546875
0 0.565625 0.388671875 0.059375 0.0546875
0 0.45390625 0.3134765625 0.0609375 0.056640625
0 0.56328125 0.79296875 0.0578125 0.0546875
0 0.46796875 0.6015625 0.0609375 0.0546875
0 0.82890625 0.7177734375 0.0609375 0.056640625
0 0.40703125 0.5927734375 0.0609375 0.056640625
0 0.65390625 0.6318359375 0.0609375 0.056640625
0 0.38671875 0.7060546875 0.0609375 0.052734375
0 0.36640625 0.8212890625 0.0609375 0.052734375
0 0.57265625 0.7353515625 0.0609375 0.052734375
0 0.5015625 0.78125 0.059375 0.0546875
0 0.43046875 0.8310546875 0.0609375 0.056640625
0 0.41640625 0.5361328125 0.0609375 0.056640625
0 0.62890625 0.3984375 0.0578125 0.0546875
0 0.80390625 0.890625 0.0578125 0.0546875
0 0.52890625 0.6142578125 0.0609375 0.056640625
0 0.82109375 0.7763671875 0.0578125 0.056640625
0 0.67890625 0.8701171875 0.0578125 0.056640625
0 0.57578125 0.3330078125 0.0609375 0.056640625
0 0.62578125 0.802734375 0.0609375 0.0546875
0 0.63359375 0.74609375 0.0609375 0.0546875
0 0.61484375 0.861328125 0.0578125 0.0546875
0 0.646875 0.2861328125 0.059375 0.052734375
0 0.84765625 0.60546875 0.0578125 0.0546875
0 0.78671875 0.5966796875 0.0578125 0.052734375
0 0.43671875 0.4228515625 0.0609375 0.056640625
0 0.73984375 0.8798828125 0.0578125 0.052734375
0 0.67109375 0.5205078125 0.0609375 0.056640625
0 0.85703125 0.5498046875 0.0609375 0.056640625
0 0.44296875 0.3671875 0.0578125 0.0546875
0 0.58359375 0.6787109375 0.0578125 0.052734375
0 0.45859375 0.66015625 0.0578125 0.0546875
0 0.68671875 0.8115234375 0.0609375 0.056640625
0 0.76796875 0.708984375 0.0609375 0.0546875
0 0.61953125 0.4541015625 0.0609375 0.052734375
0 0.7078125 0.2958984375 0.059375 0.052734375
0 0.8125 0.427734375 0.059375 0.0546875
0 0.88359375 0.3818359375 0.0609375 0.052734375
0 0.60078125 0.56640625 0.0578125 0.0546875
0 0.86484375 0.4931640625 0.0578125 0.056640625
0 0.525 0.2666015625 0.059375 0.052734375
0 0.49765625 0.4326171875 0.0609375 0.052734375
0 0.76171875 0.3623046875 0.0609375 0.056640625
0 0.54765625 0.5009765625 0.0578125 0.056640625
0 0.8328125 0.3154296875 0.059375 0.052734375
0 0.55390625 0.8486328125 0.0578125 0.056640625
0 0.83828125 0.6611328125 0.0578125 0.056640625
0 0.89140625 0.3271484375 0.0578125 0.056640625
