0 0.61171875 0.2392578125 0.0640625 0.056640625
0 0.29140625 0.4365234375 0.0640625 0.056640625
0 0.1625 0.73828125 0.0625 0.05859375
0 0.34921875 0.5126953125 0.0640625 0.056640625
0 0.53125 0.2900390625 0.0625 0.056640625
0 0.4625 0.2763671875 0.0625 0.056640625
0 0.72578125 0.3857421875 0.0640625 0.056640625
0 0.6703125 0.3125 0.0625 0.05859375
0 0.4625 0.66015625 0.0625 0.05859375
0 0.278125 0.4990234375 0.0625 0.056640625
0 0.4859375 0.5361328125 0.0625 0.056640625
0 0.52109375 0.7353515625 0.0640625 0.056640625
0 0.371875 0.388671875 0.0625 0.05859375
0 0.4046875 0.5859375 0.0625 0.05859375
0 0.3140625 0.69921875 0.0625 0.05859375
0 0.42734375 0.4619140625 0.0640625 0.056640625
0 0.40703125 0.2021484375 0.0640625 0.056640625
0 0.52109375 0.349609375 0.0640625 0.05859375
0 0.646875 0.4365234375 0.0625 0.056640625
0 0.54375 0.611328125 0.0625 0.05859375
0 0.24296875 0.6875 0.0640625 0.05859375
0 0.57890625 0.8115234375 0.0640625 0.056640625
0 0.5890625 0.36328125 0.0625 0.05859375
0 0.5765625 0.4228515625 0.0625 0.056640625
0 0.634375 0.4990234375 0.0625 0.056640625
0 0.56640625 0.4853515625 0.0640625 0.056640625
0 0.3140625 0.3154296875 0.0625 0.056640625
0 0.50859375 0.4111328125 0.0640625 0.056640625
0 0.22265625 0.4248046875 0.0640625 0.056640625
0 0.23046875 0.7490234375 0.0640625 0.056640625
0 0.2890625 0.8251953125 0.0625 0.056640625
0 0.3265625 0.2529296875 0.0625 0.056640625
0 0.61171875 0.623046875 0.0640625 0.05859375
0 0.27109375 0.1796875 0.0640625 0.05859375
0 0.55390625 0.546875 0.0640625 0.05859375
0 0.5890625 0.7470703125 0.0625 0.056640625
0 0.53125 0.673828125 0.0625 0.05859375
0 0.646875 0.8232421875 0.0625 0.056640625
0 0.1875 0.611328125 0.0625 0.05859375
0 0.32421875 0.63671875 0.0640625 0.05859375
0 0.38203125 0.326171875 0.0640625 0.05859375
0 0.25859375 0.2412109375 0.0640625 0.056640625
0 0.36953125 0.7744140625 0.0640625 0.056640625
0 0.26875 0.5615234375 0.0625 0.056640625
0 0.6703125 0.6962890625 0.0625 0.056640625
0 0.2 0.5498046875 0.0625 0.056640625
0 0.47578125 0.59765625 0.0640625 0.05859375
0 0.175 0.67578125 0.0625 0.05859375
0 0.15 0.802734375 0.0625 0.05859375
0 0.38203125 0.7099609375 0.0640625 0.056640625
0 0.3015625 0.7607421875 0.0625 0.056640625
0 0.2203125 0.8134765625 0.0625 0.056640625
0 0.21015625 0.4873046875 0.0640625 0.056640625
0 0.453125 0.337890625 0.0625 0.05859375
0 0.6375 0.8876953125 0.0625 0.056640625
0 0.33671875 0.5751953125 0.0640625 0.056640625
0 0.659375 0.7607421875 0.0625 0.056640625
0 0.4984375 0.8623046875 0.0625 0.056640625
0 0.39453125 0.2646484375 0.0640625 0.056640625
0 0.43984375 0.7861328125 0.0640625 0.056640625
0 0.45 0.724609375 0.0625 0.05859375
0 0.42734375 0.8505859375 0.0640625 0.056640625
0 0.47578125 0.2138671875 0.0640625 0.056640625
0 0.69296875 0.572265625 0.0640625 0.05859375
0 0.62421875 0.5615234375 0.0640625 0.056640625
0 0.2359375 0.36328125 0.0625 0.05859375
0 0.56640625 0.8740234375 0.0640625 0.056640625
0 0.4984375 0.4736328125 0.0625 0.056640625
0 0.70546875 0.5107421875 0.0640625 0.056640625
0 0.2453125 0.3017578125 0.0625 0.056640625
0 0.39453125 0.6484375 0.0640625 0.05859375
0 0.25625 0.625 0.0625 0.05859375
0 0.50859375 0.7978515625 0.0640625 0.056640625
0 0.6015625 0.6845703125 0.0625 0.056640625
0 0.43984375 0.400390625 0.0640625 0.05859375
0 0.54375 0.2275390625 0.0625 0.056640625
0 0.65703125 0.375 0.0640625 0.05859375
0 0.73828125 0.32421875 0.0640625 0.05859375
0 0.4171875 0.5244140625 0.0625 0.056640625
0 0.715625 0.4482421875 0.0625 0.056640625
0 0.3390625 0.1904296875 0.0625 0.056640625
0 0.30390625 0.375 0.0640625 0.05859375
0 0.6015625 0.3017578125 0.0625 0.056640625
0 0.359375 0.4501953125 0.0625 0.056640625
0 0.6828125 0.2509765625 0.0625 0.056640625
0 0.359375 0.8369140625 0.0625 0.056640625
0 0.6828125 0.634765625 0.0625 0.05859375
0 0.7484375 0.2646484375 0.0625 0.056640625
