0 0.76875 0.5556640625 0.05 0.060546875
0 0.434375 0.6513671875 0.05 0.060546875
0 0.7703125 0.6181640625 0.05 0.060546875
0 0.27265625 0.3056640625 0.0515625 0.060546875
0 0.38125 0.2353515625 0.05 0.060546875
0 0.82109375 0.1845703125 0.0515625 0.060546875
0 0.3265625 0.3603515625 0.05 0.060546875
0 0.4359375 0.2880859375 0.05 0.060546875
0 0.6578125 0.5048828125 0.05 0.060546875
0 0.825 0.5498046875 0.05 0.060546875
0 0.5453125 0.5166015625 0.05 0.060546875
0 0.6015625 0.5126953125 0.05 0.060546875
0 0.325 0.541015625 0.05 0.05859375
0 0.7125 0.4404296875 0.05 0.060546875
0 0.71015625 0.197265625 0.0515625 0.05859375
0 0.4359375 0.4091796875 0.05 0.060546875
0 0.27265625 0.365234375 0.0515625 0.05859375
0 0.6015625 0.572265625 0.05 0.05859375
0 0.82109375 0.2451171875 0.0515625 0.060546875
0 0.7125 0.3779296875 0.05 0.060546875
0 0.546875 0.5791015625 0.05 0.060546875
0 0.65625 0.384765625 0.05 0.05859375
0 0.65625 0.4443359375 0.05 0.060546875
0 0.6578125 0.5673828125 0.05 0.060546875
0 0.65625 0.3251953125 0.05 0.060546875
0 0.3796875 0.65625 0.05 0.05859375
0 0.4359375 0.5888671875 0.05 0.060546875
0 0.7140625 0.6220703125 0.05 0.060546875
0 0.5453125 0.396484375 0.05 0.05859375
0 0.3265625 0.4189453125 0.05 0.060546875
0 0.546875 0.6396484375 0.05 0.060546875
0 0.65625 0.2646484375 0.05 0.060546875
0 0.3796875 0.5966796875 0.05 0.060546875
0 0.6578125 0.6298828125 0.05 0.060546875
0 0.71015625 0.2568359375 0.0515625 0.060546875
0 0.5453125 0.3369140625 0.05 0.060546875
0 0.76875 0.4951171875 0.05 0.060546875
0 0.2703125 0.4853515625 0.05 0.060546875
0 0.26875 0.6689453125 0.05 0.060546875
0 0.8234375 0.3056640625 0.05 0.060546875
0 0.7125 0.5 0.05 0.05859375
0 0.5453125 0.2763671875 0.05 0.060546875
0 0.59921875 0.2119140625 0.0515625 0.060546875
0 0.825 0.4873046875 0.05 0.060546875
0 0.7671875 0.2529296875 0.05 0.060546875
0 0.6015625 0.3291015625 0.05 0.060546875
0 0.325 0.6630859375 0.05 0.060546875
0 0.7140625 0.5595703125 0.05 0.060546875
0 0.5453125 0.4560546875 0.05 0.060546875
0 0.38125 0.5341796875 0.05 0.060546875
0 0.3265625 0.240234375 0.05 0.05859375
0 0.4359375 0.5283203125 0.05 0.060546875
0 0.490625 0.2216796875 0.05 0.060546875
0 0.65390625 0.2041015625 0.0515625 0.060546875
0 0.490625 0.28125 0.05 0.05859375
0 0.490625 0.4619140625 0.05 0.060546875
0 0.490625 0.3408203125 0.05 0.060546875
0 0.71015625 0.3173828125 0.0515625 0.060546875
0 0.27265625 0.4248046875 0.0515625 0.060546875
0 0.3265625 0.478515625 0.05 0.05859375
0 0.38125 0.4130859375 0.05 0.060546875
0 0.38125 0.353515625 0.05 0.05859375
0 0.6015625 0.4501953125 0.05 0.060546875
0 0.325 0.6005859375 0.05 0.060546875
0 0.4359375 0.3486328125 0.05 0.060546875
0 0.490625 0.4013671875 0.05 0.060546875
0 0.4359375 0.228515625 0.05 0.05859375
0 0.490625 0.6435546875 0.05 0.060546875
0 0.76875 0.4326171875 0.05 0.060546875
0 0.8234375 0.427734375 0.05 0.05859375
0 0.5453125 0.2158203125 0.05 0.060546875
0 0.38125 0.4736328125 0.05 0.060546875
0 0.2703125 0.6083984375 0.05 0.060546875
0 0.59921875 0.2685546875 0.0515625 0.060546875
0 0.6015625 0.3896484375 0.05 0.060546875
0 0.8265625 0.6123046875 0.05 0.060546875
0 0.3265625 0.2998046875 0.05 0.060546875
0 0.6015625 0.634765625 0.05 0.05859375
0 0.275 0.2470703125 0.05 0.060546875
0 0.4359375 0.46875 0.05 0.05859375
0 0.7671875 0.3720703125 0.05 0.060546875
0 0.38125 0.2939453125 0.05 0.060546875
0 0.8234375 0.365234375 0.05 0.05859375
0 0.2703125 0.5458984375 0.05 0.060546875
0 0.490625 0.583984375 0.05 0.05859375
0 0.7671875 0.3125 0.05 0.05859375
0 0.490625 0.5244140625 0.05 0.060546875
0 0.7640625 0.1923828125 0.05 0.060546875
