0 0.41328125 0.31640625 0.0390625 0.046875
0 0.3328125 0.3115234375 0.040625 0.044921875
0 0.56171875 0.6640625 0.0390625 0.046875
0 0.49609375 0.3232421875 0.0390625 0.048828125
0 0.653125 0.5244140625 0.040625 0.048828125
0 0.4796875 0.6572265625 0.040625 0.048828125
0 0.60546875 0.6669921875 0.0390625 0.048828125
0 0.31484375 0.5986328125 0.0390625 0.044921875
0 0.57734375 0.3759765625 0.0390625 0.048828125
0 0.659375 0.380859375 0.040625 0.046875
0 0.57109375 0.5166015625 0.0390625 0.048828125
0 0.646875 0.669921875 0.040625 0.046875
0 0.61015625 0.5693359375 0.0390625 0.048828125
0 0.52109375 0.6591796875 0.0390625 0.048828125
0 0.43828125 0.6533203125 0.0390625 0.044921875
0 0.68828125 0.671875 0.0390625 0.046875
0 0.36953125 0.361328125 0.0390625 0.046875
0 0.48828125 0.5126953125 0.0390625 0.044921875
0 0.69296875 0.576171875 0.0390625 0.046875
0 0.409375 0.4130859375 0.040625 0.044921875
0 0.39921875 0.6025390625 0.0390625 0.044921875
0 0.57890625 0.328125 0.0390625 0.046875
0 0.70078125 0.38671875 0.0390625 0.046875
0 0.49453125 0.37109375 0.0390625 0.046875
0 0.57421875 0.423828125 0.0390625 0.046875
0 0.49140625 0.416015625 0.0390625 0.046875
0 0.31171875 0.64453125 0.0390625 0.046875
0 0.32265625 0.4541015625 0.0390625 0.048828125
0 0.396875 0.65234375 0.040625 0.046875
0 0.45234375 0.3662109375 0.0390625 0.048828125
0 0.61796875 0.37890625 0.0390625 0.046875
0 0.40546875 0.5078125 0.0390625 0.046875
0 0.2859375 0.3564453125 0.0375 0.048828125
0 0.40703125 0.458984375 0.0390625 0.046875
0 0.32109375 0.501953125 0.0390625 0.046875
0 0.65703125 0.4287109375 0.0390625 0.048828125
0 0.32421875 0.40625 0.0390625 0.046875
0 0.48203125 0.6083984375 0.0390625 0.044921875
0 0.41328125 0.36328125 0.0390625 0.046875
0 0.35390625 0.6474609375 0.0390625 0.044921875
0 0.52734375 0.5634765625 0.0390625 0.044921875
0 0.44375 0.5576171875 0.0375 0.044921875
0 0.28125 0.451171875 0.040625 0.046875
0 0.65078125 0.5732421875 0.0390625 0.044921875
0 0.32890625 0.3583984375 0.0390625 0.048828125
0 0.66171875 0.3359375 0.0390625 0.046875
0 0.53515625 0.3740234375 0.0390625 0.048828125
0 0.61171875 0.521484375 0.0390625 0.046875
0 0.36640625 0.4560546875 0.0390625 0.048828125
0 0.56796875 0.56640625 0.0390625 0.046875
0 0.48515625 0.5615234375 0.0390625 0.048828125
0 0.565625 0.6142578125 0.0375 0.048828125
0 0.36328125 0.50390625 0.0390625 0.046875
0 0.48828125 0.466796875 0.0390625 0.046875
0 0.40078125 0.5546875 0.0390625 0.046875
0 0.37421875 0.3134765625 0.0390625 0.048828125
0 0.70234375 0.3388671875 0.0390625 0.048828125
0 0.64921875 0.6220703125 0.0390625 0.048828125
0 0.28984375 0.30859375 0.0390625 0.046875
0 0.69140625 0.6240234375 0.0359375 0.048828125
0 0.36015625 0.5517578125 0.0390625 0.048828125
0 0.61953125 0.3310546875 0.0390625 0.048828125
0 0.5375 0.326171875 0.040625 0.046875
0 0.60703125 0.619140625 0.0390625 0.046875
0 0.44609375 0.5087890625 0.0390625 0.048828125
0 0.3171875 0.548828125 0.0375 0.046875
0 0.52265625 0.611328125 0.0390625 0.046875
0 0.44921875 0.4619140625 0.0390625 0.044921875
0 0.52890625 0.5166015625 0.0390625 0.048828125
0 0.27890625 0.4990234375 0.0390625 0.048828125
0 0.26953125 0.6416015625 0.0390625 0.048828125
0 0.57265625 0.4716796875 0.0390625 0.048828125
0 0.35546875 0.599609375 0.0390625 0.046875
0 0.45546875 0.3212890625 0.0390625 0.048828125
0 0.65546875 0.4765625 0.0390625 0.046875
0 0.53125 0.46875 0.040625 0.046875
0 0.43984375 0.6064453125 0.0390625 0.048828125
0 0.27265625 0.59375 0.0390625 0.046875
0 0.69453125 0.5283203125 0.0390625 0.044921875
0 0.61328125 0.4736328125 0.0390625 0.048828125
0 0.36796875 0.408203125 0.0390625 0.046875
0 0.61640625 0.42578125 0.0390625 0.046875
0 0.275 0.546875 0.040625 0.046875
0 0.69921875 0.431640625 0.0390625 0.046875
0 0.28359375 0.4013671875 0.0390625 0.048828125
0 0.53359375 0.421875 0.0390625 0.046875
0 0.45078125 0.416015625 0.0390625 0.046875
0 0.69609375 0.478515625 0.0390625 0.046875
