0 0.46171875 0.5498046875 0.0390625 0.048828125
0 0.57421875 0.7080078125 0.0390625 0.048828125
0 0.46015625 0.6591796875 0.0390625 0.048828125
0 0.57421875 0.5966796875 0.0390625 0.048828125
0 0.61171875 0.5400390625 0.0390625 0.048828125
0 0.57578125 0.3779296875 0.0390625 0.048828125
0 0.46171875 0.4423828125 0.0390625 0.048828125
0 0.68984375 0.5341796875 0.0390625 0.048828125
0 0.57421875 0.4873046875 0.0390625 0.048828125
0 0.49921875 0.4931640625 0.0390625 0.048828125
0 0.49921875 0.6025390625 0.0390625 0.048828125
0 0.38671875 0.6650390625 0.0390625 0.048828125
0 0.61171875 0.6494140625 0.0390625 0.048828125
0 0.61328125 0.4287109375 0.0390625 0.048828125
0 0.34921875 0.7216796875 0.0390625 0.048828125
0 0.31640625 0.4541015625 0.0390625 0.048828125
0 0.49921875 0.5478515625 0.0390625 0.048828125
0 0.49921875 0.4384765625 0.0390625 0.048828125
0 0.49765625 0.7119140625 0.0390625 0.048828125
0 0.35078125 0.6123046875 0.0390625 0.048828125
0 0.68984375 0.7021484375 0.0390625 0.048828125
0 0.49765625 0.6572265625 0.0390625 0.048828125
0 0.61328125 0.3193359375 0.0390625 0.048828125
0 0.49921875 0.3857421875 0.0390625 0.048828125
0 0.38828125 0.5556640625 0.0390625 0.048828125
0 0.61171875 0.5947265625 0.0390625 0.048828125
0 0.53828125 0.3271484375 0.0390625 0.048828125
0 0.53515625 0.6552734375 0.0390625 0.048828125
0 0.53671875 0.5458984375 0.0390625 0.048828125
0 0.65078125 0.7041015625 0.0390625 0.048828125
0 0.38671875 0.6103515625 0.0390625 0.048828125
0 0.68984375 0.6455078125 0.0390625 0.048828125
0 0.53671875 0.6005859375 0.0390625 0.048828125
0 0.35234375 0.5048828125 0.0390625 0.048828125
0 0.61328125 0.4833984375 0.0390625 0.048828125
0 0.53515625 0.7099609375 0.0390625 0.048828125
0 0.65078125 0.5927734375 0.0390625 0.048828125
0 0.46328125 0.3330078125 0.0390625 0.048828125
0 0.65078125 0.4814453125 0.0390625 0.048828125
0 0.57421875 0.5419921875 0.0390625 0.048828125
0 0.65078125 0.5361328125 0.0390625 0.048828125
0 0.61328125 0.3740234375 0.0390625 0.048828125
0 0.42421875 0.6083984375 0.0390625 0.048828125
0 0.46171875 0.6044921875 0.0390625 0.048828125
0 0.68984375 0.5888671875 0.0390625 0.048828125
0 0.68984375 0.4228515625 0.0390625 0.048828125
0 0.38828125 0.5029296875 0.0390625 0.048828125
0 0.46015625 0.7138671875 0.0390625 0.048828125
0 0.53671875 0.4912109375 0.0390625 0.048828125
0 0.57421875 0.6533203125 0.0390625 0.048828125
0 0.46171875 0.4970703125 0.0390625 0.048828125
0 0.42265625 0.6611328125 0.0390625 0.048828125
0 0.38828125 0.4482421875 0.0390625 0.048828125
0 0.42578125 0.3916015625 0.0390625 0.048828125
0 0.68984375 0.4794921875 0.0390625 0.048828125
0 0.53671875 0.4365234375 0.0390625 0.048828125
0 0.61171875 0.7060546875 0.0390625 0.048828125
0 0.65078125 0.3154296875 0.0390625 0.048828125
0 0.35234375 0.3974609375 0.0390625 0.048828125
0 0.38671875 0.7177734375 0.0390625 0.048828125
0 0.68984375 0.3681640625 0.0390625 0.048828125
0 0.42265625 0.7158203125 0.0390625 0.048828125
0 0.42421875 0.5537109375 0.0390625 0.048828125
0 0.65078125 0.6474609375 0.0390625 0.048828125
0 0.31640625 0.4013671875 0.0390625 0.048828125
0 0.31328125 0.6689453125 0.0390625 0.048828125
0 0.65078125 0.3720703125 0.0390625 0.048828125
0 0.38828125 0.3935546875 0.0390625 0.048828125
0 0.65078125 0.4267578125 0.0390625 0.048828125
0 0.34921875 0.6669921875 0.0390625 0.048828125
0 0.35078125 0.5595703125 0.0390625 0.048828125
0 0.53671875 0.3818359375 0.0390625 0.048828125
0 0.35390625 0.3447265625 0.0390625 0.048828125
0 0.46171875 0.3876953125 0.0390625 0.048828125
0 0.42578125 0.4990234375 0.0390625 0.048828125
0 0.68984375 0.3115234375 0.0390625 0.048828125
0 0.38984375 0.3408203125 0.0390625 0.048828125
0 0.50078125 0.3310546875 0.0390625 0.048828125
0 0.57421875 0.4326171875 0.0390625 0.048828125
0 0.42578125 0.3369140625 0.0390625 0.048828125
0 0.42421875 0.4443359375 0.0390625 0.048828125
0 0.31484375 0.5615234375 0.0390625 0.048828125
0 0.35234375 0.4521484375 0.0390625 0.048828125
0 0.31640625 0.3466796875 0.0390625 0.048828125
0 0.57578125 0.3232421875 0.0390625 0.048828125
0 0.31484375 0.5087890625 0.0390625 0.048828125
0 0.31171875 0.7236328125 0.0390625 0.048828125
0 0.31484375 0.6162109375 0.0390625 0.048828125
