0 0.659375 0.42578125 0.040625 0.05078125
0 0.584375 0.67578125 0.040625 0.05078125
0 0.509375 0.384765625 0.040625 0.05078125
0 0.8109375 0.46875 0.040625 0.05078125
0 0.44921875 0.37890625 0.0421875 0.05078125
0 0.621875 0.58203125 0.040625 0.05078125
0 0.6828125 0.587890625 0.040625 0.05078125
0 0.4984375 0.57421875 0.04375 0.05078125
0 0.5015625 0.509765625 0.040625 0.05078125
0 0.5765625 0.265625 0.040625 0.05078125
0 0.575 0.326171875 0.040625 0.05078125
0 0.4140625 0.470703125 0.040625 0.05078125
0 0.634375 0.33203125 0.04375 0.05078125
0 0.565625 0.451171875 0.040625 0.05078125
0 0.746875 0.52734375 0.040625 0.05078125
0 0.5484375 0.2314453125 0.040625 0.052734375
0 0.5625 0.513671875 0.040625 0.05078125
0 0.8078125 0.53515625 0.040625 0.05078125
0 0.5375 0.41796875 0.040625 0.05078125
0 0.47421875 0.4755859375 0.0421875 0.052734375
0 0.5140625 0.322265625 0.040625 0.05078125
0 0.5703125 0.38671875 0.040625 0.05078125
0 0.7234375 0.3681640625 0.040625 0.052734375
0 0.6625 0.365234375 0.040625 0.05078125
0 0.684375 0.5224609375 0.040625 0.052734375
0 0.3859375 0.4375 0.040625 0.05078125
0 0.74921875 0.466796875 0.0421875 0.05078125
0 0.3890625 0.375 0.040625 0.05078125
0 0.35625 0.404296875 0.040625 0.05078125
0 0.55625 0.642578125 0.040625 0.0546875
0 0.44375 0.4423828125 0.040625 0.052734375
0 0.5171875 0.259765625 0.040625 0.05078125
0 0.6015625 0.359375 0.040625 0.05078125
0 0.65625 0.48828125 0.040625 0.05078125
0 0.6234375 0.51953125 0.040625 0.05078125
0 0.5578125 0.578125 0.040625 0.05078125
0 0.421875 0.34765625 0.040625 0.05078125
0 0.6375 0.267578125 0.040625 0.05078125
0 0.484375 0.2890625 0.040625 0.05078125
0 0.425 0.2841796875 0.04375 0.052734375
0 0.5984375 0.421875 0.040625 0.0546875
0 0.5890625 0.611328125 0.040625 0.05078125
0 0.646875 0.681640625 0.040625 0.05078125
0 0.6796875 0.650390625 0.040625 0.05078125
0 0.775 0.5625 0.040625 0.05078125
0 0.328125 0.373046875 0.040625 0.05078125
0 0.590625 0.546875 0.040625 0.05078125
0 0.5953125 0.486328125 0.040625 0.05078125
0 0.63125 0.392578125 0.040625 0.05078125
0 0.5421875 0.353515625 0.040625 0.05078125
0 0.58125 0.205078125 0.040625 0.05078125
0 0.6875 0.458984375 0.040625 0.05078125
0 0.3609375 0.341796875 0.040625 0.05078125
0 0.53125 0.54296875 0.040625 0.05078125
0 0.6046875 0.298828125 0.040625 0.05078125
0 0.69375 0.333984375 0.040625 0.05078125
0 0.6171875 0.646484375 0.040625 0.05078125
0 0.534375 0.48046875 0.040625 0.05078125
0 0.415625 0.408203125 0.040625 0.05078125
0 0.4890625 0.2265625 0.040625 0.05078125
0 0.71875 0.4296875 0.040625 0.05078125
0 0.778125 0.4990234375 0.040625 0.048828125
0 0.528125 0.607421875 0.040625 0.05078125
0 0.453125 0.318359375 0.040625 0.05078125
0 0.609375 0.234375 0.040625 0.05078125
0 0.6140625 0.712890625 0.04375 0.05078125
0 0.7515625 0.4013671875 0.040625 0.052734375
0 0.54375 0.29296875 0.040625 0.05078125
0 0.78125 0.435546875 0.040625 0.05078125
0 0.7140625 0.556640625 0.040625 0.05078125
0 0.690625 0.3984375 0.040625 0.05078125
0 0.39375 0.314453125 0.040625 0.05078125
0 0.653125 0.5546875 0.040625 0.05078125
0 0.840625 0.5029296875 0.040625 0.052734375
0 0.440625 0.505859375 0.040625 0.05078125
0 0.5078125 0.4453125 0.040625 0.05078125
0 0.65 0.619140625 0.040625 0.05078125
0 0.6265625 0.455078125 0.040625 0.05078125
0 0.5203125 0.19921875 0.040625 0.05078125
0 0.4828125 0.3515625 0.040625 0.05078125
0 0.4765625 0.412109375 0.040625 0.05078125
0 0.665625 0.30078125 0.040625 0.05078125
0 0.5515625 0.171875 0.040625 0.05078125
0 0.4578125 0.255859375 0.040625 0.05078125
0 0.7171875 0.494140625 0.040625 0.05078125
0 0.7109375 0.6220703125 0.040625 0.052734375
0 0.46875 0.5390625 0.040625 0.05078125
0 0.74375 0.58984375 0.040625 0.05078125
