0 0.3796875 0.5615234375 0.053125 0.060546875
0 0.615625 0.5615234375 0.053125 0.060546875
0 0.3796875 0.4306640625 0.053125 0.060546875
0 0.4984375 0.5615234375 0.053125 0.060546875
0 0.73359375 0.6962890625 0.0515625 0.060546875
0 0.440625 0.8916015625 0.053125 0.060546875
0 0.7359375 0.564453125 0.053125 0.0625
0 0.4984375 0.4306640625 0.053125 0.060546875
0 0.615625 0.6962890625 0.053125 0.060546875
0 0.675 0.8935546875 0.053125 0.060546875
0 0.3234375 0.8916015625 0.053125 0.060546875
0 0.85390625 0.6962890625 0.0515625 0.060546875
0 0.2625 0.49609375 0.053125 0.0625
0 0.7359375 0.4306640625 0.053125 0.060546875
0 0.2625 0.427734375 0.053125 0.0625
0 0.61796875 0.4306640625 0.0515625 0.060546875
0 0.55703125 0.8916015625 0.0515625 0.060546875
0 0.73359375 0.8271484375 0.0515625 0.060546875
0 0.7359375 0.49609375 0.053125 0.0625
0 0.4984375 0.49609375 0.053125 0.0625
0 0.4984375 0.6943359375 0.053125 0.060546875
0 0.38203125 0.6943359375 0.0515625 0.060546875
0 0.2625 0.5615234375 0.053125 0.060546875
0 0.3796875 0.49609375 0.053125 0.0625
0 0.61796875 0.49609375 0.0515625 0.0625
0 0.38203125 0.8251953125 0.0515625 0.060546875
0 0.615625 0.8251953125 0.053125 0.060546875
0 0.5 0.8251953125 0.053125 0.060546875
0 0.85390625 0.8271484375 0.0515625 0.060546875
0 0.2640625 0.6943359375 0.053125 0.060546875
0 0.85390625 0.564453125 0.0515625 0.0625
0 0.7359375 0.6298828125 0.053125 0.060546875
0 0.85625 0.49609375 0.053125 0.0625
0 0.8515625 0.7626953125 0.053125 0.060546875
0 0.3234375 0.7587890625 0.053125 0.060546875
0 0.615625 0.6298828125 0.053125 0.060546875
0 0.85390625 0.6298828125 0.0515625 0.060546875
0 0.7921875 0.8935546875 0.053125 0.060546875
0 0.3796875 0.6279296875 0.053125 0.060546875
0 0.4984375 0.6279296875 0.053125 0.060546875
0 0.6765625 0.49609375 0.053125 0.0625
0 0.55703125 0.49609375 0.0515625 0.0625
0 0.615625 0.7626953125 0.053125 0.060546875
0 0.5 0.7587890625 0.053125 0.060546875
0 0.38203125 0.7587890625 0.0515625 0.060546875
0 0.73359375 0.7626953125 0.0515625 0.060546875
0 0.4390625 0.49609375 0.053125 0.0625
0 0.2640625 0.8916015625 0.053125 0.060546875
0 0.32109375 0.49609375 0.0515625 0.0625
0 0.85390625 0.8935546875 0.0515625 0.060546875
0 0.79453125 0.49609375 0.0515625 0.0625
0 0.3234375 0.6943359375 0.053125 0.060546875
0 0.38203125 0.8916015625 0.0515625 0.060546875
0 0.79453125 0.5615234375 0.0515625 0.060546875
0 0.73359375 0.8935546875 0.0515625 0.060546875
0 0.2625 0.6279296875 0.053125 0.060546875
0 0.6765625 0.4306640625 0.053125 0.060546875
0 0.5 0.8916015625 0.053125 0.060546875
0 0.85625 0.4306640625 0.053125 0.060546875
0 0.675 0.6943359375 0.053125 0.060546875
0 0.55703125 0.4306640625 0.0515625 0.060546875
0 0.615625 0.8916015625 0.053125 0.060546875
0 0.55703125 0.7587890625 0.0515625 0.060546875
0 0.2640625 0.7587890625 0.053125 0.060546875
0 0.4390625 0.4306640625 0.053125 0.060546875
0 0.2640625 0.8251953125 0.053125 0.060546875
0 0.32109375 0.5615234375 0.0515625 0.060546875
0 0.4390625 0.6943359375 0.053125 0.060546875
0 0.4390625 0.7587890625 0.053125 0.060546875
0 0.55703125 0.6943359375 0.0515625 0.060546875
0 0.32109375 0.427734375 0.0515625 0.0625
0 0.675 0.5615234375 0.053125 0.060546875
0 0.79453125 0.6962890625 0.0515625 0.060546875
0 0.79453125 0.4306640625 0.0515625 0.060546875
0 0.55703125 0.5615234375 0.0515625 0.060546875
0 0.4390625 0.5615234375 0.053125 0.060546875
0 0.675 0.7626953125 0.053125 0.060546875
0 0.440625 0.8251953125 0.053125 0.060546875
0 0.675 0.8271484375 0.053125 0.060546875
0 0.3234375 0.8251953125 0.053125 0.060546875
0 0.79453125 0.8271484375 0.0515625 0.060546875
0 0.4390625 0.6279296875 0.053125 0.060546875
0 0.6765625 0.6298828125 0.053125 0.060546875
0 0.7921875 0.7626953125 0.053125 0.060546875
0 0.55703125 0.8251953125 0.0515625 0.060546875
0 0.79453125 0.6298828125 0.0515625 0.060546875
0 0.3234375 0.6279296875 0.053125 0.060546875
0 0.559375 0.6279296875 0.053125 0.060546875
