0 0.46953125 0.3955078125 0.0390625 0.048828125
0 0.38515625 0.6123046875 0.0390625 0.048828125
0 0.47109375 0.5029296875 0.0390625 0.048828125
0 0.38515625 0.5048828125 0.0390625 0.048828125
0 0.73359375 0.6591796875 0.0390625 0.048828125
0 0.38359375 0.3447265625 0.0390625 0.048828125
0 0.38359375 0.3974609375 0.0390625 0.048828125
0 0.47265625 0.6103515625 0.0390625 0.048828125
0 0.42890625 0.6123046875 0.0390625 0.048828125
0 0.46953125 0.3427734375 0.0390625 0.048828125
0 0.73203125 0.5517578125 0.0390625 0.048828125
0 0.42890625 0.6650390625 0.0390625 0.048828125
0 0.51640625 0.6630859375 0.0390625 0.048828125
0 0.55703125 0.3935546875 0.0390625 0.048828125
0 0.42890625 0.5048828125 0.0390625 0.048828125
0 0.34140625 0.5068359375 0.0390625 0.048828125
0 0.73046875 0.4443359375 0.0390625 0.048828125
0 0.77578125 0.5517578125 0.0390625 0.048828125
0 0.77421875 0.4423828125 0.0390625 0.048828125
0 0.68828125 0.5517578125 0.0390625 0.048828125
0 0.77734375 0.6591796875 0.0390625 0.048828125
0 0.68984375 0.6611328125 0.0390625 0.048828125
0 0.60234375 0.6630859375 0.0390625 0.048828125
0 0.47265625 0.7197265625 0.0390625 0.048828125
0 0.38671875 0.7216796875 0.0390625 0.048828125
0 0.64453125 0.4990234375 0.0390625 0.048828125
0 0.73046875 0.4970703125 0.0390625 0.048828125
0 0.38515625 0.4521484375 0.0390625 0.048828125
0 0.64609375 0.6611328125 0.0390625 0.048828125
0 0.68671875 0.3916015625 0.0390625 0.048828125
0 0.34296875 0.7216796875 0.0390625 0.048828125
0 0.55546875 0.3408203125 0.0390625 0.048828125
0 0.51484375 0.5556640625 0.0390625 0.048828125
0 0.73359375 0.7138671875 0.0390625 0.048828125
0 0.64453125 0.5537109375 0.0390625 0.048828125
0 0.64296875 0.4462890625 0.0390625 0.048828125
0 0.55703125 0.5009765625 0.0390625 0.048828125
0 0.43046875 0.7197265625 0.0390625 0.048828125
0 0.64296875 0.3916015625 0.0390625 0.048828125
0 0.47265625 0.6650390625 0.0390625 0.048828125
0 0.73203125 0.6064453125 0.0390625 0.048828125
0 0.42890625 0.5576171875 0.0390625 0.048828125
0 0.55859375 0.6630859375 0.0390625 0.048828125
0 0.42734375 0.3974609375 0.0390625 0.048828125
0 0.47109375 0.4501953125 0.0390625 0.048828125
0 0.51484375 0.6103515625 0.0390625 0.048828125
0 0.34296875 0.6142578125 0.0390625 0.048828125
0 0.38515625 0.5595703125 0.0390625 0.048828125
0 0.47109375 0.5576171875 0.0390625 0.048828125
0 0.33984375 0.3994140625 0.0390625 0.048828125
0 0.34140625 0.5595703125 0.0390625 0.048828125
0 0.55859375 0.6103515625 0.0390625 0.048828125
0 0.60078125 0.5537109375 0.0390625 0.048828125
0 0.55703125 0.4482421875 0.0390625 0.048828125
0 0.51484375 0.5029296875 0.0390625 0.048828125
0 0.73046875 0.3896484375 0.0390625 0.048828125
0 0.55859375 0.5556640625 0.0390625 0.048828125
0 0.42578125 0.3427734375 0.0390625 0.048828125
0 0.64453125 0.6064453125 0.0390625 0.048828125
0 0.64296875 0.3369140625 0.0390625 0.048828125
0 0.56015625 0.7177734375 0.0390625 0.048828125
0 0.34296875 0.6689453125 0.0390625 0.048828125
0 0.68671875 0.4443359375 0.0390625 0.048828125
0 0.51328125 0.3935546875 0.0390625 0.048828125
0 0.68984375 0.7138671875 0.0390625 0.048828125
0 0.59921875 0.3935546875 0.0390625 0.048828125
0 0.77265625 0.3349609375 0.0390625 0.048828125
0 0.51640625 0.7177734375 0.0390625 0.048828125
0 0.72890625 0.3349609375 0.0390625 0.048828125
0 0.34140625 0.4521484375 0.0390625 0.048828125
0 0.64609375 0.7158203125 0.0390625 0.048828125
0 0.68515625 0.3369140625 0.0390625 0.048828125
0 0.38671875 0.6669921875 0.0390625 0.048828125
0 0.33984375 0.3447265625 0.0390625 0.048828125
0 0.77421875 0.3876953125 0.0390625 0.048828125
0 0.60390625 0.7158203125 0.0390625 0.048828125
0 0.42734375 0.4501953125 0.0390625 0.048828125
0 0.77734375 0.7138671875 0.0390625 0.048828125
0 0.60234375 0.6083984375 0.0390625 0.048828125
0 0.51328125 0.4482421875 0.0390625 0.048828125
0 0.68828125 0.4990234375 0.0390625 0.048828125
0 0.60078125 0.5009765625 0.0390625 0.048828125
0 0.60078125 0.4462890625 0.0390625 0.048828125
0 0.51328125 0.3408203125 0.0390625 0.048828125
0 0.59921875 0.3388671875 0.0390625 0.048828125
0 0.68828125 0.6064453125 0.0390625 0.048828125
0 0.77421875 0.4970703125 0.0390625 0.048828125
0 0.77578125 0.6044921875 0.0390625 0.048828125
