0 0.48046875 0.6728515625 0.0390625 0.044921875
0 0.47109375 0.2734375 0.0390625 0.046875
0 0.40859375 0.7392578125 0.0390625 0.048828125
0 0.45546875 0.478515625 0.0390625 0.046875
0 0.44140625 0.6796875 0.0390625 0.046875
0 0.32109375 0.3583984375 0.0390625 0.048828125
0 0.515625 0.615234375 0.0375 0.046875
0 0.53046875 0.408203125 0.0390625 0.046875
0 0.35390625 0.298828125 0.0390625 0.046875
0 0.39921875 0.337890625 0.0390625 0.046875
0 0.4109375 0.435546875 0.0375 0.046875
0 0.38359375 0.54296875 0.0390625 0.046875
0 0.54921875 0.5546875 0.0390625 0.046875
0 0.46796875 0.57421875 0.0390625 0.046875
0 0.49453125 0.7705078125 0.0390625 0.044921875
0 0.37734375 0.4921875 0.0390625 0.046875
0 0.35078125 0.599609375 0.0390625 0.046875
0 0.42265625 0.5341796875 0.0390625 0.044921875
0 0.56328125 0.3525390625 0.0390625 0.044921875
0 0.48828125 0.41796875 0.0390625 0.046875
0 0.54296875 0.5078125 0.0390625 0.046875
0 0.52421875 0.361328125 0.0390625 0.046875
0 0.36640625 0.396484375 0.0390625 0.046875
0 0.43515625 0.630859375 0.0390625 0.04296875
0 0.44453125 0.380859375 0.0390625 0.046875
0 0.52734375 0.71484375 0.0390625 0.046875
0 0.37265625 0.4453125 0.0390625 0.046875
0 0.32265625 0.7080078125 0.0390625 0.044921875
0 0.40234375 0.689453125 0.0390625 0.046875
0 0.34453125 0.552734375 0.0390625 0.046875
0 0.50390625 0.515625 0.0390625 0.046875
0 0.56640625 0.7041015625 0.0390625 0.048828125
0 0.35703125 0.6494140625 0.0390625 0.048828125
0 0.55078125 0.2548828125 0.0390625 0.044921875
0 0.39296875 0.291015625 0.0390625 0.046875
0 0.51796875 0.310546875 0.0390625 0.046875
0 0.43828125 0.3310546875 0.0390625 0.048828125
0 0.29296875 0.462890625 0.0359375 0.046875
0 0.31640625 0.66015625 0.0390625 0.046875
0 0.39609375 0.6396484375 0.0390625 0.048828125
0 0.40546875 0.388671875 0.0390625 0.046875
0 0.48671875 0.7216796875 0.0390625 0.048828125
0 0.32734375 0.40625 0.0390625 0.046875
0 0.59921875 0.64453125 0.0390625 0.046875
0 0.51015625 0.564453125 0.0390625 0.046875
0 0.36796875 0.7490234375 0.0390625 0.048828125
0 0.42890625 0.58203125 0.0390625 0.046875
0 0.45390625 0.779296875 0.0390625 0.046875
0 0.43359375 0.2822265625 0.0390625 0.044921875
0 0.53359375 0.7626953125 0.0390625 0.044921875
0 0.49765625 0.4677734375 0.0390625 0.048828125
0 0.28828125 0.4150390625 0.0390625 0.044921875
0 0.3046875 0.5615234375 0.0375 0.044921875
0 0.56015625 0.654296875 0.0390625 0.046875
0 0.46171875 0.525390625 0.0390625 0.046875
0 0.29921875 0.5126953125 0.0359375 0.048828125
0 0.33359375 0.455078125 0.0390625 0.046875
0 0.44765625 0.728515625 0.0390625 0.046875
0 0.57265625 0.75390625 0.0390625 0.046875
0 0.57578125 0.44921875 0.0390625 0.04296875
0 0.37421875 0.7978515625 0.0390625 0.044921875
0 0.52109375 0.6640625 0.0390625 0.046875
0 0.47421875 0.6240234375 0.0390625 0.044921875
0 0.28203125 0.365234375 0.0390625 0.046875
0 0.61484375 0.744140625 0.0390625 0.046875
0 0.36171875 0.69921875 0.0390625 0.046875
0 0.41640625 0.4853515625 0.0390625 0.048828125
0 0.55390625 0.60546875 0.0390625 0.046875
0 0.60859375 0.6943359375 0.0390625 0.048828125
0 0.38984375 0.58984375 0.0390625 0.046875
0 0.32890625 0.755859375 0.0390625 0.046875
0 0.47734375 0.3212890625 0.0390625 0.048828125
0 0.36015625 0.3486328125 0.0390625 0.048828125
0 0.55703125 0.3037109375 0.0390625 0.048828125
0 0.58203125 0.4990234375 0.0390625 0.044921875
0 0.5875 0.546875 0.0375 0.046875
0 0.59296875 0.5966796875 0.0390625 0.044921875
0 0.31484375 0.30859375 0.0390625 0.046875
0 0.3390625 0.5029296875 0.0375 0.048828125
0 0.4828125 0.37109375 0.0375 0.046875
0 0.3109375 0.609375 0.0375 0.046875
0 0.56953125 0.400390625 0.0390625 0.046875
0 0.44921875 0.427734375 0.0390625 0.046875
0 0.53671875 0.4580078125 0.0390625 0.048828125
0 0.51171875 0.263671875 0.0390625 0.046875
0 0.33515625 0.8056640625 0.0390625 0.044921875
0 0.27578125 0.31640625 0.0390625 0.046875
0 0.41484375 0.7890625 0.0390625 0.046875
