0 0.20859375 0.7138671875 0.0546875 0.068359375
0 0.509375 0.693359375 0.05625 0.06640625
0 0.66171875 0.3720703125 0.0546875 0.064453125
0 0.30390625 0.3359375 0.0546875 0.06640625
0 0.20390625 0.650390625 0.0546875 0.06640625
0 0.38984375 0.7001953125 0.0546875 0.064453125
0 0.62734375 0.6875 0.0546875 0.06640625
0 0.31953125 0.578125 0.0546875 0.06640625
0 0.74921875 0.6787109375 0.0546875 0.064453125
0 0.31171875 0.45703125 0.0546875 0.06640625
0 0.3078125 0.396484375 0.05625 0.0625
0 0.41796875 0.267578125 0.0546875 0.06640625
0 0.42421875 0.388671875 0.0546875 0.06640625
0 0.328125 0.705078125 0.05625 0.0625
0 0.32421875 0.642578125 0.0546875 0.06640625
0 0.31640625 0.517578125 0.0546875 0.0625
0 0.3015625 0.2744140625 0.05625 0.068359375
0 0.12265625 0.2861328125 0.0546875 0.064453125
0 0.67265625 0.49609375 0.0546875 0.06640625
0 0.65390625 0.2529296875 0.0546875 0.064453125
0 0.18203125 0.2802734375 0.0546875 0.064453125
0 0.54453125 0.380859375 0.0546875 0.06640625
0 0.68515625 0.6201171875 0.0546875 0.068359375
0 0.19609375 0.525390625 0.0546875 0.06640625
0 0.19375 0.46484375 0.05625 0.06640625
0 0.43359375 0.5107421875 0.0546875 0.064453125
0 0.44453125 0.6337890625 0.0546875 0.064453125
0 0.53359375 0.259765625 0.0546875 0.06640625
0 0.6234375 0.623046875 0.05625 0.06640625
0 0.18515625 0.341796875 0.0546875 0.06640625
0 0.596875 0.31640625 0.05625 0.06640625
0 0.421875 0.3271484375 0.05625 0.064453125
0 0.14296875 0.6552734375 0.0546875 0.064453125
0 0.18984375 0.4013671875 0.0546875 0.064453125
0 0.43984375 0.5703125 0.0546875 0.06640625
0 0.7375 0.552734375 0.05625 0.06640625
0 0.19921875 0.5869140625 0.0546875 0.064453125
0 0.56796875 0.689453125 0.0546875 0.06640625
0 0.71484375 0.30859375 0.0546875 0.06640625
0 0.13046875 0.408203125 0.0546875 0.06640625
0 0.48046875 0.3232421875 0.0546875 0.064453125
0 0.43046875 0.44921875 0.0546875 0.06640625
0 0.55234375 0.501953125 0.0546875 0.06640625
0 0.71328125 0.2490234375 0.0546875 0.064453125
0 0.59296875 0.255859375 0.0546875 0.0625
0 0.24921875 0.3994140625 0.0546875 0.064453125
0 0.24453125 0.337890625 0.0546875 0.06640625
0 0.4484375 0.697265625 0.05625 0.06640625
0 0.140625 0.5927734375 0.05625 0.068359375
0 0.53984375 0.318359375 0.0546875 0.06640625
0 0.74375 0.615234375 0.05625 0.06640625
0 0.25234375 0.458984375 0.0546875 0.06640625
0 0.25703125 0.521484375 0.0546875 0.06640625
0 0.240625 0.27734375 0.05625 0.06640625
0 0.65546875 0.310546875 0.0546875 0.06640625
0 0.2671875 0.708984375 0.05625 0.06640625
0 0.2609375 0.5849609375 0.05625 0.064453125
0 0.61953125 0.5595703125 0.0546875 0.064453125
0 0.13671875 0.529296875 0.0546875 0.06640625
0 0.55 0.4404296875 0.05625 0.064453125
0 0.47734375 0.263671875 0.0546875 0.06640625
0 0.36328125 0.3291015625 0.0546875 0.064453125
0 0.13203125 0.4677734375 0.0546875 0.064453125
0 0.38046875 0.576171875 0.0546875 0.06640625
0 0.38515625 0.63671875 0.0546875 0.06640625
0 0.37109375 0.4521484375 0.0546875 0.068359375
0 0.35859375 0.26953125 0.0546875 0.06640625
0 0.66796875 0.431640625 0.0546875 0.06640625
0 0.67890625 0.5576171875 0.0546875 0.064453125
0 0.36640625 0.390625 0.0546875 0.06640625
0 0.49296875 0.505859375 0.0546875 0.06640625
0 0.50390625 0.6318359375 0.0546875 0.064453125
0 0.72734375 0.4296875 0.0546875 0.06640625
0 0.1265625 0.345703125 0.05625 0.06640625
0 0.61328125 0.4990234375 0.0546875 0.068359375
0 0.26328125 0.64453125 0.0546875 0.06640625
0 0.55859375 0.564453125 0.0546875 0.0625
0 0.146875 0.716796875 0.05625 0.06640625
0 0.73359375 0.4912109375 0.0546875 0.064453125
0 0.375 0.5146484375 0.05625 0.064453125
0 0.5625 0.625 0.05625 0.06640625
0 0.49921875 0.568359375 0.0546875 0.06640625
0 0.48515625 0.3828125 0.0546875 0.06640625
0 0.603125 0.3779296875 0.05625 0.068359375
0 0.72109375 0.3701171875 0.0546875 0.064453125
0 0.690625 0.6826171875 0.05625 0.064453125
0 0.4890625 0.443359375 0.05625 0.0625
0 0.60859375 0.4384765625 0.0546875 0.064453125
