0 0.35859375 0.70703125 0.0609375 0.05859375
0 0.70546875 0.25 0.0640625 0.05859375
0 0.6671875 0.171875 0.0625 0.05859375
0 0.57109375 0.7177734375 0.0609375 0.060546875
0 0.71953125 0.3818359375 0.0640625 0.056640625
0 0.55859375 0.58203125 0.0609375 0.05859375
0 0.51015625 0.37109375 0.0609375 0.05859375
0 0.26171875 0.6044921875 0.0609375 0.060546875
0 0.7328125 0.515625 0.0625 0.05859375
0 0.4734375 0.6181640625 0.0625 0.056640625
0 0.65703125 0.3583984375 0.0609375 0.060546875
0 0.41015625 0.2705078125 0.0640625 0.060546875
0 0.46015625 0.16015625 0.0609375 0.05859375
0 0.375 0.1923828125 0.0625 0.060546875
0 0.54453125 0.447265625 0.0609375 0.05859375
0 0.50859375 0.6962890625 0.0640625 0.060546875
0 0.78203125 0.40625 0.0609375 0.05859375
0 0.49609375 0.236328125 0.0609375 0.05859375
0 0.6953125 0.4384765625 0.0625 0.060546875
0 0.64453125 0.5478515625 0.0640625 0.056640625
0 0.75625 0.4599609375 0.0625 0.060546875
0 0.346875 0.5712890625 0.0625 0.060546875
0 0.4828125 0.42578125 0.0625 0.05859375
0 0.61953125 0.283203125 0.0609375 0.05859375
0 0.74296875 0.326171875 0.0640625 0.05859375
0 0.80546875 0.34765625 0.0609375 0.05859375
0 0.8296875 0.29296875 0.0625 0.05859375
0 0.4359375 0.5390625 0.0625 0.05859375
0 0.52109375 0.5048828125 0.0609375 0.056640625
0 0.58125 0.2060546875 0.0625 0.056640625
0 0.31171875 0.4931640625 0.0640625 0.056640625
0 0.38359375 0.32421875 0.0609375 0.05859375
0 0.39765625 0.458984375 0.0609375 0.05859375
0 0.44765625 0.3486328125 0.0640625 0.060546875
0 0.6578125 0.685546875 0.0625 0.05859375
0 0.68359375 0.6279296875 0.0609375 0.056640625
0 0.2234375 0.525390625 0.0625 0.05859375
0 0.44609375 0.6728515625 0.0609375 0.060546875
0 0.5953125 0.3369140625 0.0625 0.060546875
0 0.76796875 0.271484375 0.0609375 0.05859375
0 0.51953125 0.181640625 0.0609375 0.05859375
0 0.421875 0.4033203125 0.0625 0.056640625
0 0.5578125 0.2607421875 0.0625 0.060546875
0 0.596875 0.6611328125 0.0625 0.056640625
0 0.3359375 0.4375 0.0625 0.05859375
0 0.62109375 0.60546875 0.0640625 0.05859375
0 0.421875 0.0830078125 0.0625 0.056640625
0 0.79140625 0.2158203125 0.0609375 0.056640625
0 0.60703125 0.4716796875 0.0640625 0.060546875
0 0.2984375 0.357421875 0.0625 0.05859375
0 0.23515625 0.6611328125 0.0640625 0.056640625
0 0.634375 0.7431640625 0.0625 0.056640625
0 0.41171875 0.59375 0.0609375 0.05859375
0 0.54609375 0.126953125 0.0640625 0.05859375
0 0.29765625 0.68359375 0.0609375 0.05859375
0 0.2 0.5830078125 0.0625 0.060546875
0 0.571875 0.3935546875 0.0625 0.060546875
0 0.34765625 0.2490234375 0.0609375 0.060546875
0 0.64296875 0.2275390625 0.0609375 0.056640625
0 0.53515625 0.6396484375 0.0609375 0.056640625
0 0.63359375 0.4169921875 0.0609375 0.060546875
0 0.7296875 0.1943359375 0.0625 0.056640625
0 0.534375 0.3154296875 0.0625 0.060546875
0 0.6109375 0.7978515625 0.0625 0.060546875
0 0.47109375 0.2939453125 0.0640625 0.060546875
0 0.48515625 0.751953125 0.0640625 0.05859375
0 0.32265625 0.62890625 0.0609375 0.05859375
0 0.434375 0.2138671875 0.0625 0.060546875
0 0.27421875 0.416015625 0.0609375 0.05859375
0 0.384375 0.6513671875 0.0625 0.060546875
0 0.17265625 0.6396484375 0.0609375 0.056640625
0 0.36171875 0.3818359375 0.0609375 0.056640625
0 0.459375 0.48046875 0.0625 0.05859375
0 0.67109375 0.494140625 0.0609375 0.05859375
0 0.496875 0.560546875 0.0625 0.05859375
0 0.68203125 0.3046875 0.0640625 0.05859375
0 0.58359375 0.5263671875 0.0640625 0.056640625
0 0.37421875 0.5166015625 0.0609375 0.056640625
0 0.3234375 0.302734375 0.0625 0.05859375
0 0.54609375 0.7763671875 0.0640625 0.060546875
0 0.28515625 0.5498046875 0.0609375 0.060546875
0 0.48359375 0.1044921875 0.0609375 0.056640625
0 0.853125 0.2373046875 0.0625 0.056640625
0 0.42265625 0.7294921875 0.0609375 0.060546875
0 0.24921875 0.470703125 0.0609375 0.05859375
0 0.70703125 0.572265625 0.0609375 0.05859375
0 0.3984375 0.138671875 0.0625 0.05859375
0 0.6046875 0.150390625 0.0625 0.05859375
