0 0.28984375 0.8056640625 0.0640625 0.060546875
0 0.3015625 0.310546875 0.0625 0.05859375
0 0.403125 0.8876953125 0.0625 0.056640625
0 0.3265625 0.5634765625 0.059375 0.056640625
0 0.3515625 0.8134765625 0.059375 0.060546875
0 0.5390625 0.4140625 0.059375 0.05859375
0 0.234375 0.732421875 0.059375 0.05859375
0 0.2109375 0.4794921875 0.059375 0.056640625
0 0.4859375 0.3408203125 0.059375 0.060546875
0 0.415625 0.390625 0.0625 0.05859375
0 0.396875 0.51171875 0.0625 0.05859375
0 0.440625 0.6435546875 0.059375 0.056640625
0 0.18359375 0.6611328125 0.0609375 0.056640625
0 0.309375 0.68359375 0.059375 0.05859375
0 0.2703125 0.9248046875 0.059375 0.056640625
0 0.45 0.5810546875 0.059375 0.060546875
0 0.49140625 0.7119140625 0.0609375 0.056640625
0 0.378125 0.6318359375 0.059375 0.056640625
0 0.1578125 0.408203125 0.0625 0.05859375
0 0.2734375 0.4892578125 0.059375 0.060546875
0 0.1921875 0.6005859375 0.059375 0.056640625
0 0.21953125 0.419921875 0.0609375 0.05859375
0 0.4671875 0.4619140625 0.059375 0.060546875
0 0.359375 0.7529296875 0.059375 0.056640625
0 0.3453125 0.4423828125 0.059375 0.056640625
0 0.21640625 0.85546875 0.0609375 0.05859375
0 0.45859375 0.5224609375 0.0609375 0.056640625
0 0.5375 0.8466796875 0.0625 0.056640625
0 0.4140625 0.82421875 0.059375 0.05859375
0 0.5015625 0.6552734375 0.0625 0.056640625
0 0.25390625 0.6103515625 0.0640625 0.060546875
0 0.1546875 0.8447265625 0.0625 0.056640625
0 0.4828125 0.775390625 0.059375 0.05859375
0 0.1765625 0.2880859375 0.0625 0.056640625
0 0.42421875 0.33203125 0.0640625 0.05859375
0 0.228125 0.3583984375 0.059375 0.060546875
0 0.35390625 0.3798828125 0.0609375 0.056640625
0 0.58125 0.54296875 0.059375 0.05859375
0 0.5484375 0.7861328125 0.059375 0.060546875
0 0.42265625 0.763671875 0.0609375 0.05859375
0 0.40625 0.4521484375 0.0625 0.060546875
0 0.28125 0.8642578125 0.0625 0.056640625
0 0.5296875 0.4716796875 0.059375 0.056640625
0 0.103125 0.7724609375 0.059375 0.056640625
0 0.24375 0.671875 0.059375 0.05859375
0 0.4671875 0.8974609375 0.059375 0.060546875
0 0.36875 0.6943359375 0.059375 0.060546875
0 0.3328125 0.9365234375 0.059375 0.056640625
0 0.359375 0.3212890625 0.059375 0.060546875
0 0.2078125 0.916015625 0.059375 0.05859375
0 0.2625 0.5517578125 0.0625 0.056640625
0 0.58984375 0.482421875 0.0609375 0.05859375
0 0.5625 0.6650390625 0.059375 0.060546875
0 0.1640625 0.7841796875 0.0625 0.056640625
0 0.31796875 0.6201171875 0.0609375 0.056640625
0 0.571875 0.603515625 0.059375 0.05859375
0 0.5203125 0.5341796875 0.0625 0.056640625
0 0.3421875 0.8759765625 0.059375 0.056640625
0 0.146875 0.9052734375 0.0625 0.060546875
0 0.1390625 0.5283203125 0.059375 0.056640625
0 0.45859375 0.958984375 0.0609375 0.05859375
0 0.225 0.7939453125 0.059375 0.060546875
0 0.2984375 0.744140625 0.0625 0.05859375
0 0.5984375 0.423828125 0.059375 0.05859375
0 0.08203125 0.8955078125 0.0609375 0.056640625
0 0.4765625 0.8359375 0.059375 0.05859375
0 0.38671875 0.5732421875 0.0609375 0.060546875
0 0.175 0.720703125 0.059375 0.05859375
0 0.090625 0.8330078125 0.059375 0.056640625
0 0.43125 0.7021484375 0.059375 0.060546875
0 0.528125 0.9052734375 0.0625 0.060546875
0 0.29140625 0.3701171875 0.0609375 0.060546875
0 0.4765625 0.40234375 0.059375 0.05859375
0 0.1671875 0.34765625 0.0625 0.05859375
0 0.1296875 0.5908203125 0.059375 0.060546875
0 0.12109375 0.6494140625 0.0609375 0.056640625
0 0.1125 0.7109375 0.059375 0.05859375
0 0.5484375 0.3505859375 0.059375 0.056640625
0 0.5109375 0.591796875 0.0625 0.05859375
0 0.2828125 0.4306640625 0.059375 0.056640625
0 0.5546875 0.7236328125 0.059375 0.056640625
0 0.14765625 0.4697265625 0.0609375 0.060546875
0 0.3359375 0.5 0.059375 0.05859375
0 0.2015625 0.5400390625 0.059375 0.056640625
0 0.2375 0.298828125 0.059375 0.05859375
0 0.5203125 0.9677734375 0.0625 0.056640625
0 0.60625 0.359375 0.0625 0.05859375
0 0.39375 0.947265625 0.0625 0.05859375
