0 0.67734375 0.705078125 0.0421875 0.05078125
0 0.76015625 0.6982421875 0.0390625 0.048828125
0 0.49609375 0.369140625 0.0390625 0.05078125
0 0.59375 0.7080078125 0.040625 0.048828125
0 0.41640625 0.5244140625 0.0390625 0.048828125
0 0.58046875 0.365234375 0.0390625 0.046875
0 0.4515625 0.3701171875 0.040625 0.048828125
0 0.753125 0.4033203125 0.040625 0.048828125
0 0.50703125 0.6640625 0.0390625 0.05078125
0 0.42265625 0.669921875 0.0390625 0.046875
0 0.50078125 0.51953125 0.0390625 0.046875
0 0.41015625 0.3759765625 0.0390625 0.048828125
0 0.45703125 0.4716796875 0.0390625 0.048828125
0 0.53828125 0.3671875 0.0421875 0.05078125
0 0.62265625 0.36328125 0.0390625 0.046875
0 0.36640625 0.376953125 0.0390625 0.05078125
0 0.71875 0.65234375 0.040625 0.046875
0 0.58515625 0.513671875 0.0421875 0.046875
0 0.371875 0.474609375 0.040625 0.05078125
0 0.6734375 0.60546875 0.040625 0.05078125
0 0.6671875 0.41015625 0.040625 0.05078125
0 0.50859375 0.71484375 0.0390625 0.05078125
0 0.38046875 0.6728515625 0.0421875 0.048828125
0 0.59140625 0.66015625 0.0421875 0.046875
0 0.50546875 0.6162109375 0.0421875 0.048828125
0 0.58984375 0.6123046875 0.0390625 0.048828125
0 0.7515625 0.353515625 0.040625 0.05078125
0 0.7578125 0.5517578125 0.040625 0.048828125
0 0.665625 0.359375 0.040625 0.05078125
0 0.63359375 0.6572265625 0.0390625 0.048828125
0 0.4640625 0.66796875 0.040625 0.046875
0 0.6703125 0.5078125 0.0375 0.05078125
0 0.80390625 0.6474609375 0.0390625 0.048828125
0 0.671875 0.55859375 0.040625 0.05078125
0 0.75703125 0.50390625 0.0390625 0.046875
0 0.4203125 0.6220703125 0.0375 0.048828125
0 0.759375 0.6025390625 0.040625 0.048828125
0 0.58203125 0.4140625 0.0390625 0.05078125
0 0.67421875 0.65625 0.0390625 0.05078125
0 0.70859375 0.357421875 0.0390625 0.05078125
0 0.54140625 0.466796875 0.0390625 0.05078125
0 0.6265625 0.4609375 0.040625 0.046875
0 0.8 0.5498046875 0.040625 0.048828125
0 0.41484375 0.4736328125 0.0390625 0.048828125
0 0.759375 0.650390625 0.040625 0.046875
0 0.425 0.7177734375 0.040625 0.048828125
0 0.54921875 0.6630859375 0.0390625 0.048828125
0 0.4578125 0.521484375 0.040625 0.046875
0 0.7140625 0.5556640625 0.040625 0.048828125
0 0.49921875 0.46875 0.0421875 0.046875
0 0.58359375 0.4638671875 0.0390625 0.048828125
0 0.496875 0.419921875 0.040625 0.05078125
0 0.7125 0.505859375 0.040625 0.05078125
0 0.58828125 0.5615234375 0.0390625 0.048828125
0 0.66796875 0.458984375 0.0390625 0.046875
0 0.71875 0.703125 0.040625 0.046875
0 0.38359375 0.720703125 0.0390625 0.046875
0 0.41328125 0.423828125 0.0421875 0.046875
0 0.8046875 0.697265625 0.040625 0.05078125
0 0.36953125 0.427734375 0.0390625 0.05078125
0 0.7125 0.45703125 0.040625 0.05078125
0 0.46796875 0.716796875 0.0390625 0.05078125
0 0.55 0.712890625 0.040625 0.046875
0 0.45546875 0.4208984375 0.0390625 0.048828125
0 0.62734375 0.51171875 0.0390625 0.046875
0 0.75390625 0.4541015625 0.0390625 0.048828125
0 0.540625 0.4169921875 0.040625 0.048828125
0 0.62890625 0.5595703125 0.0390625 0.048828125
0 0.54296875 0.515625 0.0390625 0.05078125
0 0.7984375 0.4990234375 0.040625 0.048828125
0 0.7953125 0.3505859375 0.0375 0.048828125
0 0.50390625 0.568359375 0.0390625 0.05078125
0 0.71015625 0.4072265625 0.0421875 0.048828125
0 0.63515625 0.70703125 0.0390625 0.05078125
0 0.41875 0.572265625 0.040625 0.046875
0 0.54375 0.564453125 0.040625 0.046875
0 0.62421875 0.4111328125 0.0421875 0.048828125
0 0.7953125 0.400390625 0.0375 0.046875
0 0.37421875 0.525390625 0.0421875 0.05078125
0 0.46171875 0.5693359375 0.0390625 0.048828125
0 0.71484375 0.603515625 0.0390625 0.05078125
0 0.46328125 0.619140625 0.0390625 0.05078125
0 0.79765625 0.451171875 0.0390625 0.046875
0 0.378125 0.623046875 0.040625 0.05078125
0 0.80078125 0.599609375 0.0390625 0.046875
0 0.54765625 0.61328125 0.0390625 0.05078125
0 0.6328125 0.6083984375 0.040625 0.048828125
0 0.37734375 0.576171875 0.0390625 0.05078125
