0 0.78046875 0.556640625 0.0578125 0.0546875
0 0.38515625 0.396484375 0.0578125 0.0546875
0 0.78203125 0.443359375 0.0578125 0.0546875
0 0.44296875 0.453125 0.0578125 0.0546875
0 0.55859375 0.447265625 0.0578125 0.0546875
0 0.56171875 0.33203125 0.0578125 0.0546875
0 0.38359375 0.5126953125 0.0578125 0.052734375
0 0.38203125 0.630859375 0.0578125 0.0546875
0 0.43984375 0.685546875 0.0578125 0.0546875
0 0.44296875 0.3359375 0.0578125 0.0546875
0 0.55546875 0.564453125 0.0578125 0.0546875
0 0.440625 0.5703125 0.05625 0.0546875
0 0.61640625 0.271484375 0.0578125 0.0546875
0 0.61328125 0.62109375 0.0578125 0.0546875
0 0.6140625 0.505859375 0.05625 0.0546875
0 0.5546875 0.68359375 0.05625 0.0546875
0 0.84140625 0.32421875 0.0546875 0.0546875
0 0.32734375 0.33984375 0.0578125 0.0546875
0 0.89375 0.44140625 0.05625 0.0546875
0 0.615625 0.33203125 0.05625 0.0546875
0 0.778125 0.671875 0.05625 0.0546875
0 0.78671875 0.328125 0.0578125 0.0546875
0 0.73046875 0.328125 0.0578125 0.0546875
0 0.66796875 0.619140625 0.0546875 0.0546875
0 0.89140625 0.611328125 0.0546875 0.0546875
0 0.49765625 0.5703125 0.0578125 0.0546875
0 0.3859375 0.27734375 0.05625 0.0546875
0 0.32734375 0.396484375 0.0578125 0.0546875
0 0.66640625 0.6796875 0.0578125 0.0546875
0 0.325 0.630859375 0.05625 0.0546875
0 0.83984375 0.44140625 0.0578125 0.0546875
0 0.72578125 0.560546875 0.0546875 0.0546875
0 0.38515625 0.3359375 0.0578125 0.0546875
0 0.67109375 0.5625 0.0578125 0.0546875
0 0.89296875 0.5546875 0.0578125 0.0546875
0 0.55625 0.5078125 0.05625 0.0546875
0 0.67265625 0.388671875 0.0578125 0.0546875
0 0.67109375 0.501953125 0.0578125 0.0546875
0 0.50390625 0.333984375 0.0578125 0.0546875
0 0.89609375 0.32421875 0.0578125 0.0546875
0 0.50078125 0.451171875 0.0578125 0.0546875
0 0.55703125 0.390625 0.0578125 0.0546875
0 0.78046875 0.6171875 0.0578125 0.0546875
0 0.83984375 0.3828125 0.0578125 0.0546875
0 0.61484375 0.388671875 0.0578125 0.0546875
0 0.3265625 0.27734375 0.05625 0.0546875
0 0.72734375 0.443359375 0.0578125 0.0546875
0 0.61328125 0.564453125 0.0578125 0.0546875
0 0.32578125 0.515625 0.0578125 0.0546875
0 0.50390625 0.2744140625 0.0578125 0.052734375
0 0.8375 0.498046875 0.05625 0.0546875
0 0.384375 0.453125 0.05625 0.0546875
0 0.61484375 0.447265625 0.0578125 0.0546875
0 0.72890625 0.388671875 0.0578125 0.0546875
0 0.7859375 0.3828125 0.05625 0.0546875
0 0.84296875 0.26953125 0.0578125 0.0546875
0 0.3265625 0.455078125 0.05625 0.0546875
0 0.38359375 0.5712890625 0.0578125 0.056640625
0 0.32578125 0.57421875 0.0578125 0.0546875
0 0.83671875 0.556640625 0.0578125 0.0546875
0 0.83515625 0.671875 0.0578125 0.0546875
0 0.72265625 0.67578125 0.0578125 0.0546875
0 0.32421875 0.69140625 0.0578125 0.0546875
0 0.55546875 0.625 0.0578125 0.0546875
0 0.78203125 0.5 0.0578125 0.0546875
0 0.49609375 0.68359375 0.0546875 0.0546875
0 0.6734375 0.271484375 0.05625 0.0546875
0 0.67265625 0.328125 0.0578125 0.0546875
0 0.61171875 0.6796875 0.0578125 0.0546875
0 0.89296875 0.498046875 0.0578125 0.0546875
0 0.83671875 0.615234375 0.0578125 0.0546875
0 0.671875 0.4462890625 0.05625 0.056640625
0 0.56171875 0.2744140625 0.0578125 0.052734375
0 0.50234375 0.3935546875 0.0546875 0.052734375
0 0.89609375 0.380859375 0.0578125 0.0546875
0 0.896875 0.267578125 0.05625 0.0546875
0 0.73125 0.26953125 0.05625 0.0546875
0 0.50078125 0.509765625 0.0578125 0.0546875
0 0.44296875 0.2744140625 0.0578125 0.052734375
0 0.49765625 0.626953125 0.0578125 0.0546875
0 0.72734375 0.501953125 0.0578125 0.0546875
0 0.38203125 0.689453125 0.0578125 0.0546875
0 0.4453125 0.3935546875 0.059375 0.052734375
0 0.78671875 0.26953125 0.0578125 0.0546875
0 0.44296875 0.5126953125 0.0578125 0.052734375
0 0.43984375 0.62890625 0.0578125 0.0546875
0 0.72421875 0.6171875 0.0578125 0.0546875
0 0.88984375 0.669921875 0.0578125 0.0546875
