0 0.3046875 0.3349609375 0.059375 0.060546875
0 0.696875 0.5302734375 0.05625 0.060546875
0 0.3 0.4638671875 0.05625 0.060546875
0 0.63984375 0.4638671875 0.0578125 0.060546875
0 0.525 0.46484375 0.05625 0.0625
0 0.51875 0.5947265625 0.05625 0.060546875
0 0.70234375 0.400390625 0.0578125 0.05859375
0 0.70703125 0.2666015625 0.0578125 0.060546875
0 0.6515625 0.203125 0.05625 0.05859375
0 0.6375 0.5947265625 0.059375 0.060546875
0 0.53125 0.3330078125 0.059375 0.060546875
0 0.646875 0.3330078125 0.059375 0.060546875
0 0.46171875 0.6611328125 0.0578125 0.060546875
0 0.47578125 0.2705078125 0.0578125 0.060546875
0 0.471875 0.3974609375 0.05625 0.060546875
0 0.5359375 0.203125 0.05625 0.05859375
0 0.2375 0.5927734375 0.05625 0.060546875
0 0.75234375 0.5947265625 0.0578125 0.060546875
0 0.1890625 0.4638671875 0.059375 0.060546875
0 0.4640625 0.59375 0.05625 0.0625
0 0.3109375 0.2080078125 0.05625 0.060546875
0 0.29296875 0.5908203125 0.0578125 0.060546875
0 0.3484375 0.5927734375 0.05625 0.060546875
0 0.4203125 0.26953125 0.05625 0.0625
0 0.1953125 0.2705078125 0.05625 0.060546875
0 0.5890625 0.3330078125 0.05625 0.060546875
0 0.69296875 0.6630859375 0.0578125 0.060546875
0 0.75546875 0.5302734375 0.0578125 0.060546875
0 0.42265625 0.203125 0.0578125 0.05859375
0 0.76484375 0.2685546875 0.0578125 0.060546875
0 0.2421875 0.4638671875 0.059375 0.060546875
0 0.36015625 0.3330078125 0.0578125 0.060546875
0 0.6953125 0.5947265625 0.05625 0.060546875
0 0.41640625 0.3349609375 0.0578125 0.060546875
0 0.19375 0.3330078125 0.05625 0.060546875
0 0.528125 0.3984375 0.05625 0.0625
0 0.40859375 0.5283203125 0.0578125 0.060546875
0 0.41328125 0.400390625 0.0578125 0.05859375
0 0.578125 0.5947265625 0.05625 0.060546875
0 0.1828125 0.5927734375 0.05625 0.060546875
0 0.58125 0.4658203125 0.05625 0.060546875
0 0.5234375 0.5302734375 0.059375 0.060546875
0 0.3078125 0.2705078125 0.05625 0.060546875
0 0.2390625 0.5283203125 0.05625 0.060546875
0 0.465625 0.5283203125 0.05625 0.060546875
0 0.75234375 0.6640625 0.0578125 0.0625
0 0.35546875 0.46484375 0.0578125 0.0625
0 0.4734375 0.3330078125 0.05625 0.060546875
0 0.76015625 0.3974609375 0.0578125 0.060546875
0 0.575 0.6611328125 0.059375 0.060546875
0 0.246875 0.400390625 0.05625 0.05859375
0 0.69921875 0.4658203125 0.0578125 0.060546875
0 0.46875 0.4638671875 0.059375 0.060546875
0 0.353125 0.5283203125 0.05625 0.060546875
0 0.29609375 0.5283203125 0.0578125 0.060546875
0 0.2359375 0.6552734375 0.05625 0.060546875
0 0.75703125 0.4658203125 0.0578125 0.060546875
0 0.7046875 0.3330078125 0.05625 0.060546875
0 0.76171875 0.3330078125 0.0578125 0.060546875
0 0.2484375 0.3349609375 0.05625 0.060546875
0 0.2546875 0.2060546875 0.05625 0.060546875
0 0.36796875 0.2060546875 0.0578125 0.060546875
0 0.7671875 0.201171875 0.05625 0.0625
0 0.534375 0.2685546875 0.05625 0.060546875
0 0.30234375 0.3974609375 0.0578125 0.060546875
0 0.59375 0.203125 0.059375 0.05859375
0 0.40390625 0.6572265625 0.0578125 0.060546875
0 0.40546875 0.5927734375 0.0578125 0.060546875
0 0.478125 0.2060546875 0.059375 0.060546875
0 0.19140625 0.3984375 0.0578125 0.0625
0 0.2515625 0.26953125 0.059375 0.0625
0 0.4109375 0.4638671875 0.05625 0.060546875
0 0.5171875 0.6611328125 0.05625 0.060546875
0 0.5796875 0.5283203125 0.05625 0.060546875
0 0.184375 0.5283203125 0.05625 0.060546875
0 0.1796875 0.6552734375 0.059375 0.060546875
0 0.34609375 0.6572265625 0.0578125 0.060546875
0 0.584375 0.3974609375 0.059375 0.060546875
0 0.634375 0.6630859375 0.05625 0.060546875
0 0.590625 0.2685546875 0.05625 0.060546875
0 0.35859375 0.3974609375 0.0578125 0.060546875
0 0.709375 0.2001953125 0.059375 0.060546875
0 0.6375 0.5283203125 0.059375 0.060546875
0 0.290625 0.65625 0.05625 0.0625
0 0.6421875 0.3974609375 0.05625 0.060546875
0 0.65 0.2685546875 0.05625 0.060546875
0 0.3625 0.2705078125 0.05625 0.060546875
0 0.1984375 0.2080078125 0.059375 0.060546875
