0 0.66484375 0.533203125 0.0421875 0.0703125
0 0.4546875 0.3525390625 0.04375 0.072265625
0 0.465625 0.59375 0.04375 0.07421875
0 0.54921875 0.755859375 0.0421875 0.07421875
0 0.4015625 0.58203125 0.04375 0.07421875
0 0.44609375 0.4462890625 0.0421875 0.072265625
0 0.57734375 0.80859375 0.0421875 0.07421875
0 0.49921875 0.22265625 0.0421875 0.07421875
0 0.61015625 0.427734375 0.0421875 0.07421875
0 0.5453125 0.4169921875 0.040625 0.072265625
0 0.53046875 0.60546875 0.0421875 0.07421875
0 0.5375 0.51171875 0.040625 0.07421875
0 0.671875 0.439453125 0.04375 0.07421875
0 0.6484375 0.7236328125 0.04375 0.072265625
0 0.35703125 0.3818359375 0.0421875 0.072265625
0 0.6171875 0.3359375 0.04375 0.07421875
0 0.5578125 0.658203125 0.04375 0.07421875
0 0.72109375 0.640625 0.0421875 0.07421875
0 0.484375 0.744140625 0.040625 0.07421875
0 0.74921875 0.693359375 0.0421875 0.07421875
0 0.59609375 0.1923828125 0.0421875 0.072265625
0 0.59296875 0.6181640625 0.0421875 0.072265625
0 0.5875 0.2841796875 0.04375 0.072265625
0 0.51875 0.36328125 0.040625 0.07421875
0 0.62890625 0.576171875 0.0421875 0.07421875
0 0.3203125 0.42578125 0.04375 0.07421875
0 0.5125 0.796875 0.04375 0.07421875
0 0.62109375 0.669921875 0.0421875 0.07421875
0 0.6015625 0.5234375 0.04375 0.07421875
0 0.525 0.2734375 0.04375 0.07421875
0 0.38359375 0.435546875 0.0421875 0.07421875
0 0.4265625 0.3017578125 0.04375 0.072265625
0 0.475 0.5 0.040625 0.07421875
0 0.68046875 0.3447265625 0.0421875 0.072265625
0 0.56796875 0.1416015625 0.0421875 0.072265625
0 0.4921875 0.6474609375 0.04375 0.072265625
0 0.7578125 0.59765625 0.04375 0.0703125
0 0.7359375 0.451171875 0.04375 0.07421875
0 0.62265625 0.2431640625 0.0421875 0.072265625
0 0.5734375 0.4677734375 0.04375 0.072265625
0 0.4578125 0.6875 0.040625 0.0703125
0 0.5640625 0.564453125 0.040625 0.07421875
0 0.36484375 0.291015625 0.0421875 0.07421875
0 0.43515625 0.2109375 0.0421875 0.07421875
0 0.50625 0.130859375 0.04375 0.0703125
0 0.63984375 0.822265625 0.0421875 0.07421875
0 0.375 0.529296875 0.04375 0.07421875
0 0.58125 0.375 0.040625 0.07421875
0 0.61328125 0.7666015625 0.0421875 0.072265625
0 0.6046875 0.8662109375 0.04375 0.072265625
0 0.32890625 0.3310546875 0.0421875 0.072265625
0 0.39140625 0.341796875 0.0421875 0.07421875
0 0.63671875 0.482421875 0.0421875 0.0703125
0 0.6921875 0.587890625 0.04375 0.07421875
0 0.7859375 0.65234375 0.04375 0.07421875
0 0.6859375 0.68359375 0.040625 0.07421875
0 0.55234375 0.32421875 0.0421875 0.07421875
0 0.5015625 0.55078125 0.040625 0.07421875
0 0.6453125 0.388671875 0.04375 0.07421875
0 0.6515625 0.2939453125 0.040625 0.072265625
0 0.76328125 0.50390625 0.0421875 0.07421875
0 0.56796875 0.908203125 0.0421875 0.07421875
0 0.52109375 0.7021484375 0.0421875 0.072265625
0 0.79296875 0.5546875 0.0421875 0.07421875
0 0.4109375 0.490234375 0.04375 0.07421875
0 0.48984375 0.3125 0.0421875 0.07421875
0 0.540625 0.8515625 0.04375 0.0703125
0 0.509375 0.4580078125 0.04375 0.072265625
0 0.5328125 0.1826171875 0.04375 0.072265625
0 0.82109375 0.607421875 0.0421875 0.07421875
0 0.69921875 0.4921875 0.0421875 0.07421875
0 0.7078125 0.400390625 0.04375 0.07421875
0 0.3484375 0.4765625 0.04375 0.07421875
0 0.46328125 0.26171875 0.0421875 0.07421875
0 0.42890625 0.6328125 0.0421875 0.07421875
0 0.7140625 0.7373046875 0.04375 0.072265625
0 0.678125 0.7802734375 0.04375 0.072265625
0 0.4828125 0.4072265625 0.04375 0.072265625
0 0.7296875 0.54296875 0.040625 0.07421875
0 0.4703125 0.171875 0.04375 0.07421875
0 0.5859375 0.7119140625 0.04375 0.072265625
0 0.559375 0.2333984375 0.04375 0.072265625
0 0.4375 0.541015625 0.04375 0.07421875
0 0.41796875 0.3955078125 0.0421875 0.072265625
0 0.4 0.2509765625 0.04375 0.072265625
0 0.65546875 0.62890625 0.0421875 0.07421875
0 0.29375 0.37109375 0.04375 0.0703125
0 0.54140625 0.0908203125 0.0421875 0.072265625
