0 0.3375 0.46484375 0.046875 0.06640625
0 0.190625 0.234375 0.046875 0.06640625
0 0.59375 0.5224609375 0.046875 0.064453125
0 0.140625 0.5908203125 0.046875 0.064453125
0 0.30078125 0.6005859375 0.0453125 0.064453125
0 0.1796875 0.4599609375 0.046875 0.064453125
0 0.4046875 0.4228515625 0.046875 0.064453125
0 0.6234375 0.6142578125 0.046875 0.064453125
0 0.4703125 0.380859375 0.046875 0.06640625
0 0.4421875 0.2890625 0.046875 0.06640625
0 0.509375 0.2451171875 0.046875 0.064453125
0 0.43125 0.5146484375 0.046875 0.064453125
0 0.2078125 0.55078125 0.046875 0.06640625
0 0.5375 0.3369140625 0.046875 0.064453125
0 0.31015625 0.373046875 0.0453125 0.06640625
0 0.1140625 0.5009765625 0.046875 0.064453125
0 0.4890625 0.7001953125 0.046875 0.064453125
0 0.4984375 0.47265625 0.046875 0.06640625
0 0.565625 0.427734375 0.046875 0.06640625
0 0.284375 0.28125 0.046875 0.06640625
0 0.4609375 0.6083984375 0.046875 0.064453125
0 0.365625 0.556640625 0.046875 0.06640625
0 0.234375 0.640625 0.046875 0.06640625
0 0.584375 0.75 0.046875 0.06640625
0 0.321875 0.1484375 0.046875 0.06640625
0 0.1515625 0.3681640625 0.046875 0.064453125
0 0.6328125 0.38671875 0.046875 0.06640625
0 0.3765625 0.3310546875 0.046875 0.064453125
0 0.21875 0.326171875 0.046875 0.06640625
0 0.34921875 0.2392578125 0.0453125 0.064453125
0 0.5375 0.7265625 0.046875 0.06640625
0 0.5171875 0.794921875 0.046875 0.06640625
0 0.25625 0.189453125 0.046875 0.06640625
0 0.67890625 0.41015625 0.0453125 0.06640625
0 0.4609375 0.2216796875 0.046875 0.064453125
0 0.265625 0.349609375 0.046875 0.06640625
0 0.55625 0.658203125 0.046875 0.06640625
0 0.421875 0.7451171875 0.046875 0.064453125
0 0.39375 0.650390625 0.046875 0.06640625
0 0.2734375 0.509765625 0.046875 0.06640625
0 0.3859375 0.4912109375 0.046875 0.064453125
0 0.60234375 0.294921875 0.0453125 0.06640625
0 0.4140625 0.1953125 0.046875 0.06640625
0 0.1328125 0.43359375 0.046875 0.06640625
0 0.4234375 0.3544921875 0.046875 0.064453125
0 0.2546875 0.5751953125 0.046875 0.064453125
0 0.61171875 0.4541015625 0.0453125 0.064453125
0 0.1890625 0.619140625 0.046875 0.06640625
0 0.328125 0.6923828125 0.046875 0.064453125
0 0.2453125 0.4150390625 0.046875 0.064453125
0 0.6046875 0.6845703125 0.046875 0.064453125
0 0.2765625 0.1240234375 0.046875 0.064453125
0 0.4515625 0.4462890625 0.046875 0.064453125
0 0.3953125 0.263671875 0.046875 0.06640625
0 0.4125 0.5830078125 0.046875 0.064453125
0 0.33046875 0.3076171875 0.0453125 0.064453125
0 0.31953125 0.533203125 0.0453125 0.06640625
0 0.66015625 0.4775390625 0.0453125 0.064453125
0 0.5171875 0.404296875 0.046875 0.06640625
0 0.29140625 0.44140625 0.0453125 0.06640625
0 0.375 0.71875 0.046875 0.06640625
0 0.546875 0.49609375 0.046875 0.06640625
0 0.171875 0.2998046875 0.046875 0.064453125
0 0.440625 0.6767578125 0.046875 0.064453125
0 0.55625 0.2685546875 0.046875 0.064453125
0 0.303125 0.2158203125 0.046875 0.064453125
0 0.2375 0.2578125 0.046875 0.06640625
0 0.5265625 0.564453125 0.046875 0.06640625
0 0.35859375 0.3994140625 0.0453125 0.064453125
0 0.4796875 0.541015625 0.046875 0.06640625
0 0.1609375 0.52734375 0.046875 0.06640625
0 0.28046875 0.6689453125 0.0453125 0.064453125
0 0.4703125 0.7685546875 0.046875 0.064453125
0 0.584375 0.3623046875 0.046875 0.064453125
0 0.69921875 0.341796875 0.0453125 0.06640625
0 0.4890625 0.3125 0.046875 0.06640625
0 0.228125 0.0986328125 0.046875 0.064453125
0 0.575 0.5908203125 0.046875 0.064453125
0 0.1984375 0.3916015625 0.046875 0.064453125
0 0.209375 0.166015625 0.046875 0.06640625
0 0.2265625 0.4833984375 0.046875 0.064453125
0 0.3703125 0.171875 0.046875 0.06640625
0 0.5078125 0.6328125 0.046875 0.06640625
0 0.565625 0.8212890625 0.046875 0.064453125
0 0.09375 0.5693359375 0.046875 0.064453125
0 0.346875 0.6240234375 0.046875 0.064453125
0 0.65078125 0.318359375 0.0453125 0.06640625
0 0.6421875 0.5458984375 0.046875 0.064453125
