0 0.57265625 0.35546875 0.0640625 0.05859375
0 0.275 0.5126953125 0.065625 0.056640625
0 0.61640625 0.646484375 0.0609375 0.0546875
0 0.4890625 0.689453125 0.065625 0.0546875
0 0.446875 0.3955078125 0.065625 0.056640625
0 0.446875 0.21484375 0.065625 0.05859375
0 0.359375 0.544921875 0.065625 0.05859375
0 0.4015625 0.6533203125 0.065625 0.056640625
0 0.53046875 0.61328125 0.0640625 0.05859375
0 0.21015625 0.5302734375 0.0640625 0.056640625
0 0.48671875 0.5048828125 0.0609375 0.056640625
0 0.42421875 0.7080078125 0.0640625 0.056640625
0 0.4046875 0.4697265625 0.065625 0.056640625
0 0.48671875 0.322265625 0.0609375 0.0546875
0 0.6375 0.515625 0.065625 0.05859375
0 0.29453125 0.75 0.0640625 0.0546875
0 0.57265625 0.5390625 0.0640625 0.05859375
0 0.3140625 0.806640625 0.065625 0.0546875
0 0.61484375 0.2802734375 0.0640625 0.056640625
0 0.66015625 0.572265625 0.0640625 0.0546875
0 0.61484375 0.4638671875 0.0640625 0.056640625
0 0.7265625 0.7373046875 0.0625 0.056640625
0 0.53046875 0.248046875 0.0640625 0.0546875
0 0.271875 0.6943359375 0.065625 0.056640625
0 0.7265625 0.5537109375 0.0625 0.056640625
0 0.5953125 0.2294921875 0.065625 0.056640625
0 0.53046875 0.7998046875 0.0640625 0.056640625
0 0.46953125 0.26953125 0.0640625 0.05859375
0 0.55234375 0.66796875 0.0609375 0.05859375
0 0.14921875 0.3701171875 0.0640625 0.056640625
0 0.359375 0.7314453125 0.065625 0.056640625
0 0.3984375 0.83984375 0.065625 0.05859375
0 0.23125 0.5859375 0.0625 0.0546875
0 0.70546875 0.498046875 0.0640625 0.0546875
0 0.16640625 0.4248046875 0.0609375 0.056640625
0 0.66328125 0.759765625 0.0640625 0.05859375
0 0.53046875 0.4296875 0.0640625 0.05859375
0 0.29453125 0.3828125 0.0640625 0.0546875
0 0.50859375 0.5576171875 0.0640625 0.052734375
0 0.3171875 0.4384765625 0.065625 0.056640625
0 0.275 0.3291015625 0.065625 0.056640625
0 0.1875 0.478515625 0.065625 0.05859375
0 0.55 0.30078125 0.065625 0.05859375
0 0.38203125 0.4150390625 0.0640625 0.056640625
0 0.6796875 0.44140625 0.065625 0.05859375
0 0.3140625 0.619140625 0.065625 0.05859375
0 0.66015625 0.3896484375 0.0640625 0.056640625
0 0.44375 0.763671875 0.065625 0.0546875
0 0.50859375 0.3759765625 0.0640625 0.056640625
0 0.33984375 0.3095703125 0.0640625 0.056640625
0 0.33671875 0.67578125 0.0640625 0.0546875
0 0.79296875 0.716796875 0.0640625 0.05859375
0 0.38203125 0.2353515625 0.0640625 0.056640625
0 0.25234375 0.4560546875 0.0640625 0.056640625
0 0.6375 0.3349609375 0.065625 0.056640625
0 0.359375 0.3642578125 0.065625 0.056640625
0 0.46640625 0.6337890625 0.0640625 0.056640625
0 0.4046875 0.2890625 0.065625 0.05859375
0 0.5953125 0.59375 0.065625 0.05859375
0 0.1265625 0.318359375 0.065625 0.05859375
0 0.19140625 0.294921875 0.0640625 0.05859375
0 0.74765625 0.6044921875 0.0640625 0.056640625
0 0.44375 0.5791015625 0.065625 0.056640625
0 0.25078125 0.6416015625 0.0609375 0.056640625
0 0.70546875 0.6826171875 0.0640625 0.056640625
0 0.46640625 0.4501953125 0.0640625 0.056640625
0 0.7703125 0.662109375 0.065625 0.05859375
0 0.3171875 0.2548828125 0.065625 0.056640625
0 0.29453125 0.564453125 0.0640625 0.05859375
0 0.46640625 0.8203125 0.0640625 0.05859375
0 0.21171875 0.349609375 0.0609375 0.05859375
0 0.55234375 0.484375 0.0609375 0.05859375
0 0.42421875 0.3408203125 0.0640625 0.056640625
0 0.37890625 0.5986328125 0.0640625 0.056640625
0 0.23125 0.404296875 0.0625 0.05859375
0 0.57265625 0.173828125 0.0640625 0.0546875
0 0.5953125 0.77734375 0.065625 0.05859375
0 0.51171875 0.1943359375 0.0640625 0.056640625
0 0.5953125 0.41015625 0.065625 0.05859375
0 0.33515625 0.86328125 0.0609375 0.05859375
0 0.33984375 0.490234375 0.0640625 0.05859375
0 0.640625 0.7021484375 0.065625 0.056640625
0 0.37890625 0.7861328125 0.0640625 0.056640625
0 0.50859375 0.7451171875 0.0640625 0.056640625
0 0.57265625 0.72265625 0.0640625 0.05859375
0 0.6828125 0.6279296875 0.065625 0.056640625
0 0.25546875 0.27734375 0.0640625 0.0546875
0 0.42265625 0.5244140625 0.0609375 0.056640625
