0 0.35859375 0.3935546875 0.0390625 0.048828125
0 0.30234375 0.2978515625 0.0390625 0.048828125
0 0.40234375 0.3876953125 0.0390625 0.048828125
0 0.45234375 0.4326171875 0.0390625 0.048828125
0 0.54921875 0.2080078125 0.0390625 0.048828125
0 0.35234375 0.3427734375 0.0390625 0.048828125
0 0.55859375 0.5771484375 0.0390625 0.048828125
0 0.62265625 0.4072265625 0.0390625 0.048828125
0 0.40859375 0.4404296875 0.0390625 0.048828125
0 0.58671875 0.4658203125 0.0390625 0.048828125
0 0.61640625 0.6748046875 0.0390625 0.048828125
0 0.63828125 0.5107421875 0.0390625 0.048828125
0 0.45859375 0.4853515625 0.0390625 0.048828125
0 0.31640625 0.4013671875 0.0390625 0.048828125
0 0.38671875 0.2841796875 0.0390625 0.048828125
0 0.37421875 0.4990234375 0.0390625 0.048828125
0 0.60234375 0.5693359375 0.0390625 0.048828125
0 0.43671875 0.3291015625 0.0390625 0.048828125
0 0.56640625 0.6298828125 0.0390625 0.048828125
0 0.50234375 0.4775390625 0.0390625 0.048828125
0 0.43046875 0.5966796875 0.0390625 0.048828125
0 0.57265625 0.3623046875 0.0390625 0.048828125
0 0.51640625 0.5830078125 0.0390625 0.048828125
0 0.48671875 0.3740234375 0.0390625 0.048828125
0 0.40078125 0.7080078125 0.0390625 0.048828125
0 0.61015625 0.6220703125 0.0390625 0.048828125
0 0.62421875 0.7294921875 0.0390625 0.048828125
0 0.32265625 0.4521484375 0.0390625 0.048828125
0 0.50859375 0.5302734375 0.0390625 0.048828125
0 0.33671875 0.2392578125 0.0390625 0.048828125
0 0.30859375 0.3486328125 0.0390625 0.048828125
0 0.48046875 0.6416015625 0.0390625 0.048828125
0 0.53046875 0.6884765625 0.0390625 0.048828125
0 0.33671875 0.5576171875 0.0390625 0.048828125
0 0.55234375 0.5244140625 0.0390625 0.048828125
0 0.42421875 0.5439453125 0.0390625 0.048828125
0 0.38046875 0.5498046875 0.0390625 0.048828125
0 0.36484375 0.7685546875 0.0390625 0.048828125
0 0.38671875 0.6025390625 0.0390625 0.048828125
0 0.47265625 0.5888671875 0.0390625 0.048828125
0 0.51484375 0.2646484375 0.0390625 0.048828125
0 0.65234375 0.6162109375 0.0390625 0.048828125
0 0.43828125 0.6494140625 0.0390625 0.048828125
0 0.52421875 0.6357421875 0.0390625 0.048828125
0 0.59921875 0.2529296875 0.0390625 0.048828125
0 0.48828125 0.6943359375 0.0390625 0.048828125
0 0.53671875 0.4208984375 0.0390625 0.048828125
0 0.35078125 0.6630859375 0.0390625 0.048828125
0 0.52265625 0.3173828125 0.0390625 0.048828125
0 0.46484375 0.2197265625 0.0390625 0.048828125
0 0.66015625 0.6689453125 0.0390625 0.048828125
0 0.57421875 0.6826171875 0.0390625 0.048828125
0 0.36640625 0.4462890625 0.0390625 0.048828125
0 0.66796875 0.7216796875 0.0390625 0.048828125
0 0.34453125 0.6103515625 0.0390625 0.048828125
0 0.46640625 0.5380859375 0.0390625 0.048828125
0 0.45234375 0.7548828125 0.0390625 0.048828125
0 0.58203125 0.7353515625 0.0390625 0.048828125
0 0.33046875 0.5048828125 0.0390625 0.048828125
0 0.39453125 0.6552734375 0.0390625 0.048828125
0 0.41640625 0.4912109375 0.0390625 0.048828125
0 0.59453125 0.5185546875 0.0390625 0.048828125
0 0.53828125 0.7412109375 0.0390625 0.048828125
0 0.42265625 0.2275390625 0.0390625 0.048828125
0 0.35859375 0.7158203125 0.0390625 0.048828125
0 0.44453125 0.7021484375 0.0390625 0.048828125
0 0.56484375 0.3095703125 0.0390625 0.048828125
0 0.64453125 0.5634765625 0.0390625 0.048828125
0 0.43046875 0.2783203125 0.0390625 0.048828125
0 0.49453125 0.4267578125 0.0390625 0.048828125
0 0.54453125 0.4716796875 0.0390625 0.048828125
0 0.59140625 0.2021484375 0.0390625 0.048828125
0 0.47265625 0.2724609375 0.0390625 0.048828125
0 0.38046875 0.2333984375 0.0390625 0.048828125
0 0.63046875 0.4599609375 0.0390625 0.048828125
0 0.40859375 0.7626953125 0.0390625 0.048828125
0 0.57890625 0.4130859375 0.0390625 0.048828125
0 0.49453125 0.7490234375 0.0390625 0.048828125
0 0.44453125 0.3818359375 0.0390625 0.048828125
0 0.50703125 0.2138671875 0.0390625 0.048828125
0 0.48046875 0.3232421875 0.0390625 0.048828125
0 0.61484375 0.3564453125 0.0390625 0.048828125
0 0.39453125 0.3369140625 0.0390625 0.048828125
0 0.29453125 0.2451171875 0.0390625 0.048828125
0 0.34453125 0.2919921875 0.0390625 0.048828125
0 0.53046875 0.3681640625 0.0390625 0.048828125
0 0.55703125 0.2587890625 0.0390625 0.048828125
0 0.60703125 0.3037109375 0.0390625 0.048828125
