0 0.8046875 0.4912109375 0.05625 0.052734375
0 0.56875 0.7470703125 0.05625 0.052734375
0 0.62734375 0.6826171875 0.0546875 0.052734375
0 0.503125 0.2197265625 0.05625 0.052734375
0 0.8046875 0.3720703125 0.05625 0.052734375
0 0.5078125 0.6943359375 0.05625 0.052734375
0 0.8046875 0.2548828125 0.05625 0.052734375
0 0.503125 0.3388671875 0.05625 0.052734375
0 0.50625 0.5751953125 0.05625 0.052734375
0 0.50625 0.4580078125 0.05625 0.052734375
0 0.503125 0.2783203125 0.05625 0.052734375
0 0.8046875 0.1337890625 0.05625 0.052734375
0 0.8046875 0.6083984375 0.05625 0.052734375
0 0.62734375 0.5654296875 0.0546875 0.052734375
0 0.625 0.2705078125 0.05625 0.052734375
0 0.625 0.3896484375 0.05625 0.052734375
0 0.5671875 0.6298828125 0.05625 0.052734375
0 0.44375 0.28515625 0.05625 0.0546875
0 0.50625 0.5166015625 0.05625 0.052734375
0 0.5015625 0.1591796875 0.05625 0.052734375
0 0.74375 0.4365234375 0.05625 0.052734375
0 0.74375 0.3193359375 0.05625 0.052734375
0 0.503125 0.3974609375 0.05625 0.052734375
0 0.4453125 0.404296875 0.05625 0.0546875
0 0.625 0.5068359375 0.05625 0.052734375
0 0.625 0.4462890625 0.05625 0.052734375
0 0.746875 0.5556640625 0.05625 0.052734375
0 0.62734375 0.6240234375 0.0546875 0.052734375
0 0.6875 0.6767578125 0.05625 0.052734375
0 0.6859375 0.3837890625 0.05625 0.052734375
0 0.74375 0.2001953125 0.05625 0.052734375
0 0.4453125 0.521484375 0.05625 0.0546875
0 0.5640625 0.21484375 0.05625 0.0546875
0 0.6859375 0.5595703125 0.05625 0.052734375
0 0.865625 0.2490234375 0.05625 0.052734375
0 0.446875 0.5810546875 0.05625 0.052734375
0 0.4453125 0.4619140625 0.05625 0.052734375
0 0.5078125 0.6337890625 0.05625 0.052734375
0 0.625 0.2109375 0.05625 0.0546875
0 0.6859375 0.2646484375 0.05625 0.052734375
0 0.446875 0.6982421875 0.05625 0.052734375
0 0.5671875 0.453125 0.05625 0.0546875
0 0.865625 0.3681640625 0.05625 0.052734375
0 0.5640625 0.333984375 0.05625 0.0546875
0 0.865625 0.6591796875 0.05625 0.052734375
0 0.625 0.330078125 0.05625 0.0546875
0 0.865625 0.4853515625 0.05625 0.052734375
0 0.865625 0.1298828125 0.05625 0.052734375
0 0.865625 0.6025390625 0.05625 0.052734375
0 0.5671875 0.5703125 0.05625 0.0546875
0 0.6859375 0.5029296875 0.05625 0.052734375
0 0.8078125 0.7236328125 0.05625 0.052734375
0 0.865625 0.7197265625 0.05625 0.052734375
0 0.625 0.1494140625 0.05625 0.052734375
0 0.6859375 0.4423828125 0.05625 0.052734375
0 0.8046875 0.548828125 0.05625 0.0546875
0 0.62734375 0.7412109375 0.0546875 0.052734375
0 0.44375 0.3447265625 0.05625 0.052734375
0 0.8046875 0.3154296875 0.05625 0.052734375
0 0.5078125 0.7509765625 0.05625 0.052734375
0 0.5671875 0.6875 0.05625 0.0546875
0 0.865625 0.427734375 0.05625 0.0546875
0 0.6859375 0.2041015625 0.05625 0.052734375
0 0.746875 0.6708984375 0.05625 0.052734375
0 0.8078125 0.666015625 0.05625 0.0546875
0 0.446875 0.7568359375 0.05625 0.052734375
0 0.746875 0.7294921875 0.05625 0.052734375
0 0.6859375 0.619140625 0.05625 0.0546875
0 0.6859375 0.1455078125 0.05625 0.052734375
0 0.5671875 0.5107421875 0.05625 0.052734375
0 0.446875 0.640625 0.05625 0.0546875
0 0.8046875 0.4326171875 0.05625 0.052734375
0 0.440625 0.1640625 0.05625 0.0546875
0 0.865625 0.544921875 0.05625 0.0546875
0 0.6859375 0.3232421875 0.05625 0.052734375
0 0.8046875 0.1962890625 0.05625 0.052734375
0 0.74375 0.37890625 0.05625 0.0546875
0 0.44375 0.2236328125 0.05625 0.052734375
0 0.74375 0.140625 0.05625 0.0546875
0 0.5640625 0.1533203125 0.05625 0.052734375
0 0.5640625 0.2744140625 0.05625 0.052734375
0 0.865625 0.30859375 0.05625 0.0546875
0 0.5640625 0.3935546875 0.05625 0.052734375
0 0.74375 0.259765625 0.05625 0.0546875
0 0.6875 0.7333984375 0.05625 0.052734375
0 0.746875 0.6123046875 0.05625 0.052734375
0 0.865625 0.189453125 0.05625 0.0546875
0 0.746875 0.4951171875 0.05625 0.052734375
