0 0.32421875 0.6376953125 0.0390625 0.048828125
0 0.421875 0.5517578125 0.040625 0.048828125
0 0.3671875 0.2119140625 0.040625 0.048828125
0 0.37265625 0.5966796875 0.0390625 0.048828125
0 0.41328125 0.6025390625 0.0390625 0.048828125
0 0.46171875 0.5615234375 0.0390625 0.048828125
0 0.47421875 0.2744140625 0.0390625 0.048828125
0 0.31953125 0.251953125 0.0390625 0.046875
0 0.41796875 0.3603515625 0.0390625 0.048828125
0 0.48828125 0.4189453125 0.0390625 0.048828125
0 0.2734375 0.4833984375 0.0375 0.048828125
0 0.46875 0.5126953125 0.040625 0.048828125
0 0.43515625 0.7021484375 0.0390625 0.048828125
0 0.5234375 0.2353515625 0.0375 0.048828125
0 0.2828125 0.4375 0.0375 0.046875
0 0.32109375 0.4443359375 0.0390625 0.048828125
0 0.40859375 0.4091796875 0.0390625 0.048828125
0 0.215625 0.572265625 0.040625 0.046875
0 0.37109375 0.4013671875 0.0390625 0.048828125
0 0.43125 0.5087890625 0.040625 0.048828125
0 0.440625 0.4599609375 0.040625 0.048828125
0 0.4671875 0.3212890625 0.040625 0.048828125
0 0.2546875 0.5771484375 0.0375 0.048828125
0 0.40703125 0.2197265625 0.0390625 0.048828125
0 0.33125 0.3974609375 0.040625 0.048828125
0 0.2640625 0.53125 0.0375 0.046875
0 0.56171875 0.240234375 0.0390625 0.046875
0 0.4828125 0.6611328125 0.0375 0.048828125
0 0.478125 0.466796875 0.040625 0.046875
0 0.4578125 0.3681640625 0.040625 0.048828125
0 0.51015625 0.5205078125 0.0390625 0.048828125
0 0.328125 0.20703125 0.0375 0.046875
0 0.26328125 0.3388671875 0.0390625 0.048828125
0 0.5046875 0.328125 0.040625 0.046875
0 0.2796875 0.2470703125 0.040625 0.048828125
0 0.25390625 0.384765625 0.0390625 0.046875
0 0.39140625 0.5009765625 0.0390625 0.048828125
0 0.3609375 0.4482421875 0.040625 0.048828125
0 0.42734375 0.3173828125 0.0390625 0.048828125
0 0.36328125 0.6435546875 0.0390625 0.044921875
0 0.2703125 0.2939453125 0.040625 0.048828125
0 0.55390625 0.2861328125 0.0390625 0.048828125
0 0.53671875 0.37890625 0.0390625 0.046875
0 0.27421875 0.6787109375 0.0390625 0.048828125
0 0.225 0.5244140625 0.040625 0.048828125
0 0.23671875 0.6728515625 0.0390625 0.048828125
0 0.3109375 0.2978515625 0.0375 0.048828125
0 0.5140625 0.28125 0.040625 0.046875
0 0.39375 0.6982421875 0.0375 0.048828125
0 0.34375 0.54296875 0.0375 0.046875
0 0.340625 0.3505859375 0.040625 0.048828125
0 0.234375 0.4775390625 0.040625 0.048828125
0 0.30234375 0.5361328125 0.0390625 0.048828125
0 0.28359375 0.6298828125 0.0390625 0.048828125
0 0.3015625 0.3447265625 0.0375 0.048828125
0 0.52734375 0.4248046875 0.0390625 0.048828125
0 0.38984375 0.3095703125 0.0390625 0.048828125
0 0.31171875 0.4892578125 0.0390625 0.048828125
0 0.334375 0.5888671875 0.0375 0.048828125
0 0.44296875 0.6552734375 0.0390625 0.048828125
0 0.484375 0.2294921875 0.040625 0.048828125
0 0.38203125 0.548828125 0.0390625 0.046875
0 0.38046875 0.3564453125 0.0390625 0.048828125
0 0.34765625 0.3037109375 0.0390625 0.044921875
0 0.396875 0.2626953125 0.040625 0.048828125
0 0.31484375 0.6845703125 0.0390625 0.048828125
0 0.4921875 0.6123046875 0.0375 0.048828125
0 0.29296875 0.5849609375 0.0390625 0.048828125
0 0.3515625 0.4951171875 0.040625 0.048828125
0 0.43515625 0.2705078125 0.0390625 0.048828125
0 0.5203125 0.47265625 0.040625 0.046875
0 0.50078125 0.5654296875 0.0390625 0.048828125
0 0.54453125 0.3330078125 0.0390625 0.048828125
0 0.4953125 0.3740234375 0.040625 0.048828125
0 0.24609375 0.6259765625 0.0390625 0.048828125
0 0.40390625 0.6494140625 0.0390625 0.048828125
0 0.40078125 0.455078125 0.0390625 0.046875
0 0.35546875 0.6904296875 0.0390625 0.048828125
0 0.20390625 0.619140625 0.0390625 0.046875
0 0.44453125 0.2236328125 0.0390625 0.048828125
0 0.2921875 0.390625 0.0375 0.046875
0 0.35703125 0.2587890625 0.0390625 0.048828125
0 0.45234375 0.607421875 0.0390625 0.046875
0 0.4484375 0.4150390625 0.040625 0.044921875
0 0.24375 0.4326171875 0.040625 0.048828125
0 0.47421875 0.7099609375 0.0390625 0.048828125
0 0.28984375 0.2041015625 0.0390625 0.048828125
0 0.19453125 0.6650390625 0.0390625 0.048828125
