0 0.58046875 0.7216796875 0.0390625 0.048828125
0 0.48359375 0.6259765625 0.0390625 0.048828125
0 0.55390625 0.2685546875 0.0390625 0.048828125
0 0.53203125 0.6748046875 0.0390625 0.048828125
0 0.48984375 0.6787109375 0.0390625 0.048828125
0 0.44140625 0.6318359375 0.0390625 0.048828125
0 0.43984375 0.3271484375 0.0390625 0.048828125
0 0.60234375 0.3134765625 0.0390625 0.048828125
0 0.49453125 0.4228515625 0.0390625 0.048828125
0 0.41953125 0.4794921875 0.0390625 0.048828125
0 0.63984375 0.5615234375 0.0390625 0.048828125
0 0.43515625 0.5810546875 0.0390625 0.048828125
0 0.46328125 0.7841796875 0.0390625 0.048828125
0 0.39140625 0.2822265625 0.0390625 0.048828125
0 0.63203125 0.5126953125 0.0390625 0.048828125
0 0.59140625 0.5166015625 0.0390625 0.048828125
0 0.50234375 0.4736328125 0.0390625 0.048828125
0 0.69609375 0.6591796875 0.0390625 0.048828125
0 0.54296875 0.4697265625 0.0390625 0.048828125
0 0.47578125 0.5771484375 0.0390625 0.048828125
0 0.46796875 0.5263671875 0.0390625 0.048828125
0 0.44609375 0.3779296875 0.0390625 0.048828125
0 0.65546875 0.6630859375 0.0390625 0.048828125
0 0.51328125 0.2724609375 0.0390625 0.048828125
0 0.58359375 0.4658203125 0.0390625 0.048828125
0 0.64765625 0.6123046875 0.0390625 0.048828125
0 0.35078125 0.2861328125 0.0390625 0.048828125
0 0.41484375 0.7373046875 0.0390625 0.048828125
0 0.42734375 0.5302734375 0.0390625 0.048828125
0 0.45390625 0.4267578125 0.0390625 0.048828125
0 0.39296875 0.5849609375 0.0390625 0.048828125
0 0.59453125 0.2646484375 0.0390625 0.048828125
0 0.65703125 0.4091796875 0.0390625 0.048828125
0 0.40546875 0.3818359375 0.0390625 0.048828125
0 0.64296875 0.3095703125 0.0390625 0.048828125
0 0.66484375 0.4580078125 0.0390625 0.048828125
0 0.51640625 0.5732421875 0.0390625 0.048828125
0 0.55078125 0.5185546875 0.0390625 0.048828125
0 0.48671875 0.3740234375 0.0390625 0.048828125
0 0.53984375 0.7255859375 0.0390625 0.048828125
0 0.65078125 0.3603515625 0.0390625 0.048828125
0 0.35703125 0.3349609375 0.0390625 0.048828125
0 0.37109375 0.4345703125 0.0390625 0.048828125
0 0.63046875 0.7685546875 0.0390625 0.048828125
0 0.68828125 0.6083984375 0.0390625 0.048828125
0 0.67109375 0.7646484375 0.0390625 0.048828125
0 0.60859375 0.3623046875 0.0390625 0.048828125
0 0.39765625 0.3310546875 0.0390625 0.048828125
0 0.50546875 0.7802734375 0.0390625 0.048828125
0 0.56484375 0.6201171875 0.0390625 0.048828125
0 0.57578125 0.4169921875 0.0390625 0.048828125
0 0.68046875 0.5576171875 0.0390625 0.048828125
0 0.60703125 0.6162109375 0.0390625 0.048828125
0 0.62265625 0.7177734375 0.0390625 0.048828125
0 0.61640625 0.4130859375 0.0390625 0.048828125
0 0.37890625 0.4833984375 0.0390625 0.048828125
0 0.52734375 0.3701171875 0.0390625 0.048828125
0 0.59921875 0.5654296875 0.0390625 0.048828125
0 0.57265625 0.6708984375 0.0390625 0.048828125
0 0.45703125 0.7333984375 0.0390625 0.048828125
0 0.43203125 0.2783203125 0.0390625 0.048828125
0 0.52421875 0.6240234375 0.0390625 0.048828125
0 0.53515625 0.4189453125 0.0390625 0.048828125
0 0.56953125 0.3662109375 0.0390625 0.048828125
0 0.52109375 0.3212890625 0.0390625 0.048828125
0 0.58828125 0.7724609375 0.0390625 0.048828125
0 0.40703125 0.6845703125 0.0390625 0.048828125
0 0.61484375 0.6669921875 0.0390625 0.048828125
0 0.55859375 0.5693359375 0.0390625 0.048828125
0 0.48046875 0.3251953125 0.0390625 0.048828125
0 0.38515625 0.5341796875 0.0390625 0.048828125
0 0.40078125 0.6357421875 0.0390625 0.048828125
0 0.36484375 0.3837890625 0.0390625 0.048828125
0 0.41328125 0.4306640625 0.0390625 0.048828125
0 0.66328125 0.7138671875 0.0390625 0.048828125
0 0.49765625 0.7294921875 0.0390625 0.048828125
0 0.50859375 0.5224609375 0.0390625 0.048828125
0 0.54609375 0.7763671875 0.0390625 0.048828125
0 0.70546875 0.7099609375 0.0390625 0.048828125
0 0.47265625 0.2744140625 0.0390625 0.048828125
0 0.62421875 0.4619140625 0.0390625 0.048828125
0 0.56171875 0.3173828125 0.0390625 0.048828125
0 0.44921875 0.6826171875 0.0390625 0.048828125
0 0.46171875 0.4775390625 0.0390625 0.048828125
0 0.67265625 0.5087890625 0.0390625 0.048828125
0 0.42109375 0.7880859375 0.0390625 0.048828125
0 0.63515625 0.2626953125 0.0390625 0.048828125
0 0.71328125 0.7607421875 0.0390625 0.048828125
