0 0.3484375 0.341796875 0.040625 0.0625
0 0.38359375 0.2958984375 0.0421875 0.064453125
0 0.62265625 0.1767578125 0.0421875 0.064453125
0 0.52890625 0.5595703125 0.0421875 0.064453125
0 0.4203125 0.2529296875 0.040625 0.064453125
0 0.515625 0.3134765625 0.040625 0.064453125
0 0.72265625 0.5830078125 0.0421875 0.064453125
0 0.49375 0.1611328125 0.040625 0.064453125
0 0.66640625 0.478515625 0.0421875 0.0625
0 0.70234375 0.4326171875 0.0421875 0.064453125
0 0.6359375 0.8671875 0.040625 0.0625
0 0.71640625 0.6787109375 0.0421875 0.064453125
0 0.67109375 0.8212890625 0.0421875 0.064453125
0 0.67265625 0.3818359375 0.0421875 0.064453125
0 0.62890625 0.5244140625 0.0421875 0.064453125
0 0.65234375 0.2294921875 0.0421875 0.064453125
0 0.61640625 0.275390625 0.0421875 0.0625
0 0.53671875 0.4638671875 0.0421875 0.064453125
0 0.55703125 0.61328125 0.0421875 0.0625
0 0.48515625 0.7021484375 0.0421875 0.064453125
0 0.34140625 0.4384765625 0.0421875 0.064453125
0 0.48515625 0.2607421875 0.0421875 0.064453125
0 0.36953125 0.4912109375 0.0421875 0.064453125
0 0.565625 0.5146484375 0.040625 0.064453125
0 0.45078125 0.3037109375 0.0421875 0.064453125
0 0.62265625 0.62109375 0.0421875 0.0625
0 0.76015625 0.5400390625 0.0421875 0.064453125
0 0.82265625 0.546875 0.0421875 0.0625
0 0.6375 0.42578125 0.040625 0.0625
0 0.43515625 0.4990234375 0.0421875 0.064453125
0 0.47890625 0.3564453125 0.0421875 0.064453125
0 0.55078125 0.7099609375 0.0421875 0.064453125
0 0.55859375 0.1689453125 0.0421875 0.064453125
0 0.74296875 0.732421875 0.0421875 0.0625
0 0.60859375 0.375 0.0421875 0.0625
0 0.44140625 0.40234375 0.0421875 0.0625
0 0.52890625 0.115234375 0.0421875 0.0625
0 0.57890625 0.7626953125 0.0421875 0.064453125
0 0.31171875 0.3876953125 0.0421875 0.064453125
0 0.3765625 0.39453125 0.040625 0.0625
0 0.54375 0.3671875 0.040625 0.0625
0 0.57265625 0.41796875 0.0421875 0.0625
0 0.68046875 0.283203125 0.0421875 0.0625
0 0.42890625 0.59765625 0.0421875 0.0625
0 0.57109375 0.859375 0.0421875 0.0625
0 0.3984375 0.544921875 0.040625 0.0625
0 0.52265625 0.21484375 0.0421875 0.0625
0 0.64453125 0.7705078125 0.0421875 0.064453125
0 0.58515625 0.6640625 0.0421875 0.0625
0 0.75078125 0.6357421875 0.0421875 0.064453125
0 0.5421875 0.8056640625 0.040625 0.064453125
0 0.5875 0.22265625 0.040625 0.0625
0 0.64453125 0.3291015625 0.0421875 0.064453125
0 0.565625 0.0703125 0.040625 0.0625
0 0.709375 0.3369140625 0.040625 0.064453125
0 0.81640625 0.6435546875 0.0421875 0.064453125
0 0.471875 0.4560546875 0.040625 0.064453125
0 0.68828125 0.6279296875 0.0421875 0.064453125
0 0.50078125 0.5068359375 0.0421875 0.064453125
0 0.79453125 0.494140625 0.0421875 0.0625
0 0.73125 0.486328125 0.040625 0.0625
0 0.46328125 0.552734375 0.0421875 0.0625
0 0.60703125 0.8134765625 0.0421875 0.064453125
0 0.67890625 0.724609375 0.0421875 0.0625
0 0.61640625 0.716796875 0.0421875 0.0625
0 0.58046875 0.3212890625 0.0421875 0.064453125
0 0.659375 0.5751953125 0.040625 0.064453125
0 0.49375 0.60546875 0.040625 0.0625
0 0.59453125 0.123046875 0.0421875 0.0625
0 0.69453125 0.5322265625 0.0421875 0.064453125
0 0.40703125 0.4453125 0.0421875 0.0625
0 0.50703125 0.41015625 0.0421875 0.0625
0 0.65078125 0.673828125 0.0421875 0.0625
0 0.8515625 0.6005859375 0.040625 0.064453125
0 0.59921875 0.91015625 0.0421875 0.0625
0 0.7796875 0.689453125 0.040625 0.0625
0 0.76640625 0.443359375 0.0421875 0.0625
0 0.59453125 0.5673828125 0.0421875 0.064453125
0 0.78828125 0.5927734375 0.0421875 0.064453125
0 0.7078125 0.7783203125 0.040625 0.064453125
0 0.51328125 0.7529296875 0.0421875 0.064453125
0 0.52265625 0.65625 0.0421875 0.0625
0 0.45703125 0.20703125 0.0421875 0.0625
0 0.45703125 0.6484375 0.0421875 0.0625
0 0.41328125 0.349609375 0.0421875 0.0625
0 0.55078125 0.267578125 0.0421875 0.0625
0 0.60078125 0.470703125 0.0421875 0.0625
0 0.73828125 0.3896484375 0.0421875 0.064453125
