0 0.35859375 0.5927734375 0.0390625 0.048828125
0 0.3 0.6796875 0.040625 0.046875
0 0.4 0.6005859375 0.040625 0.048828125
0 0.45 0.560546875 0.0375 0.046875
0 0.5359375 0.7783203125 0.040625 0.048828125
0 0.3515625 0.6396484375 0.040625 0.048828125
0 0.5578125 0.4287109375 0.040625 0.048828125
0 0.6125 0.5927734375 0.040625 0.048828125
0 0.409375 0.5517578125 0.040625 0.048828125
0 0.58125 0.5361328125 0.040625 0.048828125
0 0.6171875 0.33984375 0.040625 0.05078125
0 0.6328125 0.49609375 0.040625 0.05078125
0 0.4578125 0.5107421875 0.040625 0.048828125
0 0.31875 0.5830078125 0.0375 0.048828125
0 0.38203125 0.697265625 0.0390625 0.05078125
0 0.3765625 0.494140625 0.040625 0.05078125
0 0.6 0.4384765625 0.040625 0.048828125
0 0.4328125 0.658203125 0.040625 0.05078125
0 0.5671875 0.37890625 0.0375 0.05078125
0 0.5 0.51953125 0.040625 0.05078125
0 0.434375 0.4052734375 0.040625 0.048828125
0 0.5640625 0.6328125 0.040625 0.046875
0 0.5171875 0.421875 0.040625 0.046875
0 0.48125 0.6171875 0.040625 0.046875
0 0.41015625 0.2978515625 0.0390625 0.048828125
0 0.609375 0.3896484375 0.040625 0.048828125
0 0.62578125 0.2890625 0.0390625 0.046875
0 0.32578125 0.5361328125 0.0390625 0.048828125
0 0.5078125 0.4697265625 0.0375 0.048828125
0 0.3328125 0.73828125 0.040625 0.046875
0 0.309375 0.6318359375 0.040625 0.048828125
0 0.484375 0.365234375 0.0375 0.046875
0 0.534375 0.322265625 0.040625 0.046875
0 0.3421875 0.4365234375 0.040625 0.048828125
0 0.54921875 0.478515625 0.0390625 0.05078125
0 0.4265625 0.4541015625 0.0375 0.048828125
0 0.3859375 0.4462890625 0.040625 0.048828125
0 0.3765625 0.23828125 0.040625 0.05078125
0 0.39296875 0.3974609375 0.0390625 0.048828125
0 0.475 0.4140625 0.040625 0.046875
0 0.5046875 0.7236328125 0.040625 0.048828125
0 0.64921875 0.3974609375 0.0390625 0.048828125
0 0.44375 0.35546875 0.0375 0.05078125
0 0.52578125 0.373046875 0.0390625 0.046875
0 0.5859375 0.7392578125 0.040625 0.048828125
0 0.49375 0.314453125 0.040625 0.046875
0 0.53125 0.576171875 0.0375 0.046875
0 0.359375 0.3369140625 0.040625 0.048828125
0 0.5140625 0.673828125 0.0375 0.05078125
0 0.45625 0.7626953125 0.040625 0.048828125
0 0.65859375 0.34765625 0.0390625 0.05078125
0 0.5765625 0.330078125 0.040625 0.046875
0 0.36875 0.5439453125 0.040625 0.048828125
0 0.66875 0.2978515625 0.040625 0.048828125
0 0.35234375 0.38671875 0.0390625 0.05078125
0 0.4671875 0.4619140625 0.0375 0.048828125
0 0.4625 0.255859375 0.040625 0.05078125
0 0.5859375 0.28125 0.040625 0.046875
0 0.33515625 0.486328125 0.0390625 0.05078125
0 0.40234375 0.34765625 0.0390625 0.05078125
0 0.4171875 0.50390625 0.040625 0.05078125
0 0.590625 0.486328125 0.0375 0.05078125
0 0.54375 0.2734375 0.0375 0.046875
0 0.415625 0.75390625 0.040625 0.046875
0 0.36953125 0.2880859375 0.0390625 0.048828125
0 0.4515625 0.3056640625 0.040625 0.048828125
0 0.5546875 0.68359375 0.0375 0.046875
0 0.640625 0.4462890625 0.040625 0.048828125
0 0.4234375 0.705078125 0.040625 0.05078125
0 0.490625 0.568359375 0.0375 0.046875
0 0.540625 0.5283203125 0.040625 0.048828125
0 0.5765625 0.7861328125 0.040625 0.048828125
0 0.4640625 0.712890625 0.040625 0.05078125
0 0.375 0.74609375 0.040625 0.046875
0 0.6234375 0.5439453125 0.040625 0.048828125
0 0.41953125 0.24609375 0.0390625 0.05078125
0 0.571875 0.5849609375 0.0375 0.048828125
0 0.50234375 0.263671875 0.0390625 0.05078125
0 0.440625 0.6083984375 0.040625 0.048828125
0 0.49609375 0.7705078125 0.0390625 0.048828125
0 0.4734375 0.666015625 0.0375 0.05078125
0 0.6046875 0.640625 0.040625 0.046875
0 0.3921875 0.6474609375 0.040625 0.048828125
0 0.2921875 0.73046875 0.040625 0.046875
0 0.34140625 0.6875 0.0390625 0.046875
0 0.5234375 0.625 0.040625 0.046875
0 0.5453125 0.7314453125 0.040625 0.048828125
0 0.5953125 0.69140625 0.0375 0.046875
