0 0.71015625 0.654296875 0.0640625 0.05078125
0 0.765625 0.625 0.0625 0.05078125
0 0.28125 0.2275390625 0.065625 0.048828125
0 0.43046875 0.6015625 0.0640625 0.05078125
0 0.4296875 0.2158203125 0.065625 0.048828125
0 0.46640625 0.6455078125 0.0640625 0.048828125
0 0.26484375 0.302734375 0.0640625 0.05078125
0 0.5609375 0.2783203125 0.065625 0.048828125
0 0.61640625 0.4443359375 0.0640625 0.048828125
0 0.784375 0.552734375 0.065625 0.05078125
0 0.43046875 0.408203125 0.0640625 0.05078125
0 0.59609375 0.5166015625 0.0640625 0.048828125
0 0.33828125 0.392578125 0.0640625 0.05078125
0 0.30078125 0.345703125 0.0640625 0.05078125
0 0.690625 0.533203125 0.065625 0.05078125
0 0.30078125 0.5380859375 0.0640625 0.052734375
0 0.28203125 0.419921875 0.0640625 0.046875
0 0.5421875 0.353515625 0.0625 0.05078125
0 0.578125 0.591796875 0.0625 0.05078125
0 0.4109375 0.4833984375 0.065625 0.048828125
0 0.37421875 0.630859375 0.0640625 0.05078125
0 0.72734375 0.38671875 0.0640625 0.05078125
0 0.45078125 0.142578125 0.0640625 0.046875
0 0.671875 0.4150390625 0.0625 0.048828125
0 0.24609375 0.375 0.0640625 0.05078125
0 0.41015625 0.2890625 0.0640625 0.05078125
0 0.53984375 0.5458984375 0.0640625 0.048828125
0 0.82265625 0.595703125 0.0671875 0.05078125
0 0.559375 0.47265625 0.065625 0.05078125
0 0.52421875 0.42578125 0.0640625 0.05078125
0 0.44765625 0.3359375 0.0640625 0.05078125
0 0.87890625 0.5712890625 0.0640625 0.048828125
0 0.578125 0.396484375 0.0625 0.05078125
0 0.58046875 0.2060546875 0.0640625 0.048828125
0 0.72734375 0.5810546875 0.0640625 0.048828125
0 0.56015625 0.6640625 0.0640625 0.05078125
0 0.65390625 0.6826171875 0.0640625 0.048828125
0 0.48671875 0.1875 0.0640625 0.05078125
0 0.39296875 0.5556640625 0.0640625 0.048828125
0 0.671875 0.6083984375 0.0625 0.052734375
0 0.71015625 0.4599609375 0.0640625 0.052734375
0 0.39296875 0.365234375 0.0640625 0.05078125
0 0.17109375 0.2841796875 0.0640625 0.048828125
0 0.65234375 0.294921875 0.0640625 0.05078125
0 0.15234375 0.3564453125 0.0640625 0.048828125
0 0.540625 0.740234375 0.065625 0.05078125
0 0.45078125 0.7216796875 0.0640625 0.048828125
0 0.80390625 0.4775390625 0.0640625 0.048828125
0 0.52265625 0.6201171875 0.0640625 0.048828125
0 0.50234375 0.4990234375 0.0640625 0.052734375
0 0.39453125 0.169921875 0.0640625 0.05078125
0 0.44765625 0.5283203125 0.0640625 0.052734375
0 0.22890625 0.44921875 0.0640625 0.046875
0 0.41171875 0.673828125 0.0640625 0.05078125
0 0.375 0.2451171875 0.065625 0.048828125
0 0.2640625 0.494140625 0.065625 0.05078125
0 0.31796875 0.2734375 0.0640625 0.05078125
0 0.59765625 0.7109375 0.0640625 0.05078125
0 0.46640625 0.263671875 0.0640625 0.05078125
0 0.32109375 0.46484375 0.0640625 0.05078125
0 0.46796875 0.455078125 0.0640625 0.05078125
0 0.33828125 0.19921875 0.0640625 0.05078125
0 0.68984375 0.3388671875 0.0640625 0.048828125
0 0.59609375 0.32421875 0.0640625 0.05078125
0 0.20859375 0.328125 0.0640625 0.05078125
0 0.50390625 0.1142578125 0.0640625 0.048828125
0 0.48671875 0.5732421875 0.0640625 0.048828125
0 0.19140625 0.40234375 0.0640625 0.05078125
0 0.61640625 0.634765625 0.0640625 0.05078125
0 0.61796875 0.2509765625 0.0640625 0.052734375
0 0.74765625 0.5068359375 0.0640625 0.048828125
0 0.63359375 0.3701171875 0.0640625 0.052734375
0 0.33671875 0.5849609375 0.0640625 0.048828125
0 0.5421875 0.16015625 0.0625 0.05078125
0 0.65390625 0.4892578125 0.0640625 0.052734375
0 0.84140625 0.5234375 0.0640625 0.05078125
0 0.48671875 0.3818359375 0.0640625 0.048828125
0 0.48359375 0.7666015625 0.0640625 0.052734375
0 0.35703125 0.3173828125 0.0640625 0.048828125
0 0.50390625 0.693359375 0.0640625 0.05078125
0 0.11640625 0.3115234375 0.0640625 0.052734375
0 0.37421875 0.4375 0.0640625 0.05078125
0 0.5234375 0.234375 0.065625 0.05078125
0 0.50390625 0.306640625 0.0640625 0.05078125
0 0.35390625 0.51171875 0.0640625 0.05078125
0 0.228125 0.2568359375 0.065625 0.048828125
0 0.765625 0.43359375 0.0625 0.05078125
0 0.63359375 0.5625 0.0640625 0.05078125
