0 0.60390625 0.6435546875 0.0390625 0.048828125
0 0.35234375 0.5341796875 0.0390625 0.048828125
0 0.36171875 0.3212890625 0.0390625 0.048828125
0 0.65546875 0.3759765625 0.0390625 0.048828125
0 0.26484375 0.6416015625 0.0390625 0.048828125
0 0.51796875 0.6435546875 0.0390625 0.048828125
0 0.65234375 0.4833984375 0.0390625 0.048828125
0 0.31171875 0.5341796875 0.0390625 0.048828125
0 0.43671875 0.5361328125 0.0390625 0.048828125
0 0.52578125 0.4287109375 0.0390625 0.048828125
0 0.47578125 0.6435546875 0.0390625 0.048828125
0 0.56640625 0.4833984375 0.0390625 0.048828125
0 0.61171875 0.4287109375 0.0390625 0.048828125
0 0.56171875 0.6435546875 0.0390625 0.048828125
0 0.43359375 0.6435546875 0.0390625 0.048828125
0 0.64765625 0.6455078125 0.0390625 0.048828125
0 0.61328125 0.3759765625 0.0390625 0.048828125
0 0.31796875 0.3740234375 0.0390625 0.048828125
0 0.56328125 0.5908203125 0.0390625 0.048828125
0 0.52109375 0.5361328125 0.0390625 0.048828125
0 0.64921875 0.5908203125 0.0390625 0.048828125
0 0.31328125 0.4794921875 0.0390625 0.048828125
0 0.57109375 0.3759765625 0.0390625 0.048828125
0 0.34921875 0.6416015625 0.0390625 0.048828125
0 0.27578125 0.3740234375 0.0390625 0.048828125
0 0.68984375 0.6455078125 0.0390625 0.048828125
0 0.40234375 0.3740234375 0.0390625 0.048828125
0 0.69921875 0.3759765625 0.0390625 0.048828125
0 0.65390625 0.4306640625 0.0390625 0.048828125
0 0.47890625 0.5361328125 0.0390625 0.048828125
0 0.39140625 0.6416015625 0.0390625 0.048828125
0 0.48515625 0.3759765625 0.0390625 0.048828125
0 0.35546875 0.4814453125 0.0390625 0.048828125
0 0.70078125 0.3232421875 0.0390625 0.048828125
0 0.35703125 0.4267578125 0.0390625 0.048828125
0 0.36015625 0.3740234375 0.0390625 0.048828125
0 0.47421875 0.6962890625 0.0390625 0.048828125
0 0.60234375 0.6982421875 0.0390625 0.048828125
0 0.68828125 0.7001953125 0.0390625 0.048828125
0 0.56796875 0.4287109375 0.0390625 0.048828125
0 0.47734375 0.5888671875 0.0390625 0.048828125
0 0.34765625 0.6962890625 0.0390625 0.048828125
0 0.48359375 0.4287109375 0.0390625 0.048828125
0 0.51640625 0.6982421875 0.0390625 0.048828125
0 0.43984375 0.4814453125 0.0390625 0.048828125
0 0.52734375 0.3759765625 0.0390625 0.048828125
0 0.69140625 0.5908203125 0.0390625 0.048828125
0 0.26953125 0.5341796875 0.0390625 0.048828125
0 0.60546875 0.5908203125 0.0390625 0.048828125
0 0.40390625 0.3212890625 0.0390625 0.048828125
0 0.69453125 0.4833984375 0.0390625 0.048828125
0 0.30703125 0.6416015625 0.0390625 0.048828125
0 0.48203125 0.4814453125 0.0390625 0.048828125
0 0.52421875 0.4814453125 0.0390625 0.048828125
0 0.44140625 0.4287109375 0.0390625 0.048828125
0 0.60859375 0.4833984375 0.0390625 0.048828125
0 0.44296875 0.3740234375 0.0390625 0.048828125
0 0.27421875 0.4267578125 0.0390625 0.048828125
0 0.39765625 0.4814453125 0.0390625 0.048828125
0 0.26328125 0.6943359375 0.0390625 0.048828125
0 0.30859375 0.5869140625 0.0390625 0.048828125
0 0.39453125 0.5341796875 0.0390625 0.048828125
0 0.56484375 0.5361328125 0.0390625 0.048828125
0 0.39296875 0.5888671875 0.0390625 0.048828125
0 0.35078125 0.5888671875 0.0390625 0.048828125
0 0.65078125 0.5361328125 0.0390625 0.048828125
0 0.43515625 0.5888671875 0.0390625 0.048828125
0 0.48828125 0.3212890625 0.0390625 0.048828125
0 0.39921875 0.4267578125 0.0390625 0.048828125
0 0.44609375 0.3212890625 0.0390625 0.048828125
0 0.60703125 0.5361328125 0.0390625 0.048828125
0 0.38984375 0.6962890625 0.0390625 0.048828125
0 0.69765625 0.4306640625 0.0390625 0.048828125
0 0.31484375 0.4267578125 0.0390625 0.048828125
0 0.26640625 0.5869140625 0.0390625 0.048828125
0 0.27109375 0.4794921875 0.0390625 0.048828125
0 0.69296875 0.5380859375 0.0390625 0.048828125
0 0.56015625 0.6982421875 0.0390625 0.048828125
0 0.57265625 0.3212890625 0.0390625 0.048828125
0 0.61484375 0.3232421875 0.0390625 0.048828125
0 0.31953125 0.3193359375 0.0390625 0.048828125
0 0.30546875 0.6962890625 0.0390625 0.048828125
0 0.52109375 0.5888671875 0.0390625 0.048828125
0 0.43203125 0.6962890625 0.0390625 0.048828125
0 0.64609375 0.7001953125 0.0390625 0.048828125
0 0.65859375 0.3232421875 0.0390625 0.048828125
0 0.27890625 0.3193359375 0.0390625 0.048828125
0 0.53046875 0.3212890625 0.0390625 0.048828125
