0 0.57265625 0.3896484375 0.0390625 0.048828125
0 0.33515625 0.4833984375 0.0390625 0.048828125
0 0.28515625 0.6396484375 0.0390625 0.048828125
0 0.50703125 0.3173828125 0.0390625 0.048828125
0 0.48828125 0.5107421875 0.0390625 0.048828125
0 0.52109375 0.5458984375 0.0390625 0.048828125
0 0.22421875 0.6435546875 0.0390625 0.048828125
0 0.43828125 0.6650390625 0.0390625 0.048828125
0 0.27890625 0.5634765625 0.0390625 0.048828125
0 0.22890625 0.7197265625 0.0390625 0.048828125
0 0.42734375 0.5146484375 0.0390625 0.048828125
0 0.51171875 0.3935546875 0.0390625 0.048828125
0 0.36640625 0.5185546875 0.0390625 0.048828125
0 0.24609375 0.5283203125 0.0390625 0.048828125
0 0.31796875 0.6748046875 0.0390625 0.048828125
0 0.67109375 0.4970703125 0.0390625 0.048828125
0 0.37734375 0.6708984375 0.0390625 0.048828125
0 0.47265625 0.2802734375 0.0390625 0.048828125
0 0.32734375 0.8251953125 0.0390625 0.048828125
0 0.41015625 0.7060546875 0.0390625 0.048828125
0 0.41796875 0.3623046875 0.0390625 0.048828125
0 0.38828125 0.8212890625 0.0390625 0.048828125
0 0.30234375 0.4462890625 0.0390625 0.048828125
0 0.36015625 0.8623046875 0.0390625 0.048828125
0 0.27421875 0.4873046875 0.0390625 0.048828125
0 0.55859375 0.6572265625 0.0390625 0.048828125
0 0.61015625 0.5009765625 0.0390625 0.048828125
0 0.47890625 0.3583984375 0.0390625 0.048828125
0 0.41484375 0.7822265625 0.0390625 0.048828125
0 0.25234375 0.6044921875 0.0390625 0.048828125
0 0.47109375 0.7021484375 0.0390625 0.048828125
0 0.43984375 0.2451171875 0.0390625 0.048828125
0 0.19609375 0.6826171875 0.0390625 0.048828125
0 0.46484375 0.6259765625 0.0390625 0.048828125
0 0.51640625 0.4697265625 0.0390625 0.048828125
0 0.48359375 0.4345703125 0.0390625 0.048828125
0 0.46015625 0.5498046875 0.0390625 0.048828125
0 0.42265625 0.4384765625 0.0390625 0.048828125
0 0.61484375 0.5771484375 0.0390625 0.048828125
0 0.38515625 0.3251953125 0.0390625 0.048828125
0 0.52578125 0.6220703125 0.0390625 0.048828125
0 0.32890625 0.4072265625 0.0390625 0.048828125
0 0.55390625 0.5810546875 0.0390625 0.048828125
0 0.28984375 0.7138671875 0.0390625 0.048828125
0 0.41171875 0.2861328125 0.0390625 0.048828125
0 0.32265625 0.7509765625 0.0390625 0.048828125
0 0.60546875 0.4248046875 0.0390625 0.048828125
0 0.38984375 0.4033203125 0.0390625 0.048828125
0 0.37265625 0.5947265625 0.0390625 0.048828125
0 0.49765625 0.6611328125 0.0390625 0.048828125
0 0.33984375 0.5595703125 0.0390625 0.048828125
0 0.57734375 0.4658203125 0.0390625 0.048828125
0 0.44765625 0.8173828125 0.0390625 0.048828125
0 0.35546875 0.7861328125 0.0390625 0.048828125
0 0.47578125 0.7783203125 0.0390625 0.048828125
0 0.21796875 0.5673828125 0.0390625 0.048828125
0 0.54921875 0.5068359375 0.0390625 0.048828125
0 0.43203125 0.5888671875 0.0390625 0.048828125
0 0.35703125 0.3662109375 0.0390625 0.048828125
0 0.38203125 0.7451171875 0.0390625 0.048828125
0 0.36171875 0.4423828125 0.0390625 0.048828125
0 0.50390625 0.7373046875 0.0390625 0.048828125
0 0.31171875 0.5986328125 0.0390625 0.048828125
0 0.40546875 0.6298828125 0.0390625 0.048828125
0 0.44609375 0.3212890625 0.0390625 0.048828125
0 0.19140625 0.6083984375 0.0390625 0.048828125
0 0.44296875 0.7412109375 0.0390625 0.048828125
0 0.26171875 0.7548828125 0.0390625 0.048828125
0 0.49296875 0.5849609375 0.0390625 0.048828125
0 0.39453125 0.4775390625 0.0390625 0.048828125
0 0.63828125 0.4619140625 0.0390625 0.048828125
0 0.45546875 0.4736328125 0.0390625 0.048828125
0 0.53984375 0.3525390625 0.0390625 0.048828125
0 0.39296875 0.8974609375 0.0390625 0.048828125
0 0.35078125 0.7099609375 0.0390625 0.048828125
0 0.58671875 0.6181640625 0.0390625 0.048828125
0 0.34453125 0.6337890625 0.0390625 0.048828125
0 0.45078125 0.3994140625 0.0390625 0.048828125
0 0.40078125 0.5537109375 0.0390625 0.048828125
0 0.25703125 0.6787109375 0.0390625 0.048828125
0 0.54453125 0.4287109375 0.0390625 0.048828125
0 0.42109375 0.8564453125 0.0390625 0.048828125
0 0.29453125 0.7900390625 0.0390625 0.048828125
0 0.30703125 0.5224609375 0.0390625 0.048828125
0 0.58203125 0.5419921875 0.0390625 0.048828125
0 0.64453125 0.5361328125 0.0390625 0.048828125
0 0.16328125 0.6474609375 0.0390625 0.048828125
0 0.53046875 0.6982421875 0.0390625 0.048828125
