0 0.45703125 0.7021484375 0.0390625 0.048828125
0 0.58359375 0.4189453125 0.0390625 0.048828125
0 0.43046875 0.3115234375 0.0390625 0.048828125
0 0.34609375 0.5009765625 0.0390625 0.048828125
0 0.32109375 0.6689453125 0.0390625 0.048828125
0 0.49921875 0.6083984375 0.0390625 0.048828125
0 0.56796875 0.3447265625 0.0390625 0.048828125
0 0.54140625 0.5146484375 0.0390625 0.048828125
0 0.36328125 0.5751953125 0.0390625 0.048828125
0 0.43046875 0.8720703125 0.0390625 0.048828125
0 0.47265625 0.7763671875 0.0390625 0.048828125
0 0.44765625 0.3857421875 0.0390625 0.048828125
0 0.40546875 0.4814453125 0.0390625 0.048828125
0 0.55859375 0.5888671875 0.0390625 0.048828125
0 0.33671875 0.7431640625 0.0390625 0.048828125
0 0.37421875 0.2099609375 0.0390625 0.048828125
0 0.51484375 0.6826171875 0.0390625 0.048828125
0 0.38046875 0.6494140625 0.0390625 0.048828125
0 0.22734375 0.5419921875 0.0390625 0.048828125
0 0.27734375 0.7626953125 0.0390625 0.048828125
0 0.31171875 0.3525390625 0.0390625 0.048828125
0 0.48984375 0.2900390625 0.0390625 0.048828125
0 0.60078125 0.4931640625 0.0390625 0.048828125
0 0.39765625 0.7236328125 0.0390625 0.048828125
0 0.18515625 0.6357421875 0.0390625 0.048828125
0 0.54609375 0.3916015625 0.0390625 0.048828125
0 0.48203125 0.5341796875 0.0390625 0.048828125
0 0.46484375 0.4599609375 0.0390625 0.048828125
0 0.41328125 0.2373046875 0.0390625 0.048828125
0 0.26171875 0.6904296875 0.0390625 0.048828125
0 0.26953125 0.4482421875 0.0390625 0.048828125
0 0.32890625 0.4267578125 0.0390625 0.048828125
0 0.37109375 0.3330078125 0.0390625 0.048828125
0 0.28671875 0.5224609375 0.0390625 0.048828125
0 0.42265625 0.5556640625 0.0390625 0.048828125
0 0.50703125 0.3642578125 0.0390625 0.048828125
0 0.34140625 0.6220703125 0.0390625 0.048828125
0 0.35078125 0.3798828125 0.0390625 0.048828125
0 0.60546875 0.3720703125 0.0390625 0.048828125
0 0.37578125 0.7705078125 0.0390625 0.048828125
0 0.51953125 0.5615234375 0.0390625 0.048828125
0 0.52890625 0.3173828125 0.0390625 0.048828125
0 0.46953125 0.3388671875 0.0390625 0.048828125
0 0.39140625 0.8447265625 0.0390625 0.048828125
0 0.35390625 0.2587890625 0.0390625 0.048828125
0 0.30390625 0.5947265625 0.0390625 0.048828125
0 0.41328125 0.7978515625 0.0390625 0.048828125
0 0.41796875 0.6748046875 0.0390625 0.048828125
0 0.49453125 0.7294921875 0.0390625 0.048828125
0 0.36796875 0.4541015625 0.0390625 0.048828125
0 0.26484375 0.5693359375 0.0390625 0.048828125
0 0.28203125 0.6416015625 0.0390625 0.048828125
0 0.46015625 0.5810546875 0.0390625 0.048828125
0 0.45234375 0.2626953125 0.0390625 0.048828125
0 0.24765625 0.4951171875 0.0390625 0.048828125
0 0.42578125 0.4326171875 0.0390625 0.048828125
0 0.39140625 0.2841796875 0.0390625 0.048828125
0 0.41015625 0.3583984375 0.0390625 0.048828125
0 0.52421875 0.4404296875 0.0390625 0.048828125
0 0.38359375 0.5283203125 0.0390625 0.048828125
0 0.23984375 0.7373046875 0.0390625 0.048828125
0 0.47734375 0.6552734375 0.0390625 0.048828125
0 0.38828125 0.4072265625 0.0390625 0.048828125
0 0.32578125 0.5478515625 0.0390625 0.048828125
0 0.56328125 0.4658203125 0.0390625 0.048828125
0 0.43984375 0.6298828125 0.0390625 0.048828125
0 0.35390625 0.8173828125 0.0390625 0.048828125
0 0.43515625 0.7509765625 0.0390625 0.048828125
0 0.29921875 0.7158203125 0.0390625 0.048828125
0 0.50390625 0.4873046875 0.0390625 0.048828125
0 0.48671875 0.4130859375 0.0390625 0.048828125
0 0.35859375 0.6962890625 0.0390625 0.048828125
0 0.20234375 0.7099609375 0.0390625 0.048828125
0 0.22265625 0.6630859375 0.0390625 0.048828125
0 0.30859375 0.4736328125 0.0390625 0.048828125
0 0.24453125 0.6162109375 0.0390625 0.048828125
0 0.44296875 0.5068359375 0.0390625 0.048828125
0 0.62265625 0.4462890625 0.0390625 0.048828125
0 0.40078125 0.6025390625 0.0390625 0.048828125
0 0.45078125 0.8232421875 0.0390625 0.048828125
0 0.16328125 0.6826171875 0.0390625 0.048828125
0 0.58046875 0.5419921875 0.0390625 0.048828125
0 0.33203125 0.3056640625 0.0390625 0.048828125
0 0.53671875 0.6357421875 0.0390625 0.048828125
0 0.31640625 0.7900390625 0.0390625 0.048828125
0 0.20546875 0.5888671875 0.0390625 0.048828125
0 0.29140625 0.4013671875 0.0390625 0.048828125
0 0.64453125 0.3974609375 0.0390625 0.048828125
