0 0.34296875 0.3447265625 0.0390625 0.048828125
0 0.51796875 0.3291015625 0.0390625 0.048828125
0 0.58359375 0.7021484375 0.0390625 0.048828125
0 0.38671875 0.3408203125 0.0390625 0.048828125
0 0.47734375 0.3876953125 0.0390625 0.048828125
0 0.30234375 0.4052734375 0.0390625 0.048828125
0 0.53046875 0.5458984375 0.0390625 0.048828125
0 0.36328125 0.6708984375 0.0390625 0.048828125
0 0.42421875 0.2275390625 0.0390625 0.048828125
0 0.43671875 0.4462890625 0.0390625 0.048828125
0 0.40390625 0.6123046875 0.0390625 0.048828125
0 0.33671875 0.2353515625 0.0390625 0.048828125
0 0.52421875 0.4384765625 0.0390625 0.048828125
0 0.35703125 0.5634765625 0.0390625 0.048828125
0 0.32421875 0.7294921875 0.0390625 0.048828125
0 0.45390625 0.7158203125 0.0390625 0.048828125
0 0.57734375 0.5947265625 0.0390625 0.048828125
0 0.31640625 0.6220703125 0.0390625 0.048828125
0 0.45078125 0.6611328125 0.0390625 0.048828125
0 0.38046875 0.2314453125 0.0390625 0.048828125
0 0.55390625 0.1611328125 0.0390625 0.048828125
0 0.34921875 0.4541015625 0.0390625 0.048828125
0 0.56171875 0.3251953125 0.0390625 0.048828125
0 0.48984375 0.6044921875 0.0390625 0.048828125
0 0.40078125 0.5576171875 0.0390625 0.048828125
0 0.51171875 0.2197265625 0.0390625 0.048828125
0 0.44765625 0.6083984375 0.0390625 0.048828125
0 0.34609375 0.4013671875 0.0390625 0.048828125
0 0.38984375 0.3955078125 0.0390625 0.048828125
0 0.47109375 0.2783203125 0.0390625 0.048828125
0 0.56796875 0.4326171875 0.0390625 0.048828125
0 0.46484375 0.1689453125 0.0390625 0.048828125
0 0.55546875 0.2158203125 0.0390625 0.048828125
0 0.43984375 0.5009765625 0.0390625 0.048828125
0 0.31015625 0.5126953125 0.0390625 0.048828125
0 0.42734375 0.2822265625 0.0390625 0.048828125
0 0.31328125 0.5673828125 0.0390625 0.048828125
0 0.53671875 0.6533203125 0.0390625 0.048828125
0 0.39296875 0.4501953125 0.0390625 0.048828125
0 0.62421875 0.6455078125 0.0390625 0.048828125
0 0.41015625 0.7197265625 0.0390625 0.048828125
0 0.48671875 0.5498046875 0.0390625 0.048828125
0 0.61171875 0.4287109375 0.0390625 0.048828125
0 0.60078125 0.2119140625 0.0390625 0.048828125
0 0.37734375 0.1767578125 0.0390625 0.048828125
0 0.56484375 0.3798828125 0.0390625 0.048828125
0 0.51484375 0.2744140625 0.0390625 0.048828125
0 0.54140625 0.7080078125 0.0390625 0.048828125
0 0.60234375 0.2666015625 0.0390625 0.048828125
0 0.48359375 0.4951171875 0.0390625 0.048828125
0 0.36640625 0.7255859375 0.0390625 0.048828125
0 0.57109375 0.4873046875 0.0390625 0.048828125
0 0.61796875 0.5380859375 0.0390625 0.048828125
0 0.52109375 0.3837890625 0.0390625 0.048828125
0 0.61484375 0.4833984375 0.0390625 0.048828125
0 0.52734375 0.4912109375 0.0390625 0.048828125
0 0.28984375 0.1845703125 0.0390625 0.048828125
0 0.48046875 0.4423828125 0.0390625 0.048828125
0 0.29921875 0.3505859375 0.0390625 0.048828125
0 0.47421875 0.3330078125 0.0390625 0.048828125
0 0.35390625 0.5087890625 0.0390625 0.048828125
0 0.59765625 0.1572265625 0.0390625 0.048828125
0 0.58046875 0.6494140625 0.0390625 0.048828125
0 0.46796875 0.2236328125 0.0390625 0.048828125
0 0.29609375 0.2958984375 0.0390625 0.048828125
0 0.57421875 0.5419921875 0.0390625 0.048828125
0 0.60859375 0.3740234375 0.0390625 0.048828125
0 0.43359375 0.3916015625 0.0390625 0.048828125
0 0.33984375 0.2919921875 0.0390625 0.048828125
0 0.44296875 0.5537109375 0.0390625 0.048828125
0 0.43046875 0.3369140625 0.0390625 0.048828125
0 0.62734375 0.6982421875 0.0390625 0.048828125
0 0.49765625 0.7119140625 0.0390625 0.048828125
0 0.40703125 0.6669921875 0.0390625 0.048828125
0 0.30703125 0.4580078125 0.0390625 0.048828125
0 0.29296875 0.2392578125 0.0390625 0.048828125
0 0.49453125 0.6572265625 0.0390625 0.048828125
0 0.39609375 0.5048828125 0.0390625 0.048828125
0 0.31953125 0.6748046875 0.0390625 0.048828125
0 0.42109375 0.1728515625 0.0390625 0.048828125
0 0.62109375 0.5908203125 0.0390625 0.048828125
0 0.55859375 0.2705078125 0.0390625 0.048828125
0 0.60546875 0.3212890625 0.0390625 0.048828125
0 0.38359375 0.2861328125 0.0390625 0.048828125
0 0.36015625 0.6162109375 0.0390625 0.048828125
0 0.53359375 0.5986328125 0.0390625 0.048828125
0 0.33359375 0.1806640625 0.0390625 0.048828125
0 0.50859375 0.1650390625 0.0390625 0.048828125
