0 0.32109375 0.4951171875 0.0765625 0.060546875
0 0.61796875 0.6484375 0.0765625 0.05859375
0 0.20078125 0.6865234375 0.0765625 0.060546875
0 0.56796875 0.7783203125 0.0765625 0.060546875
0 0.55 0.7158203125 0.078125 0.060546875
0 0.60234375 0.5908203125 0.0765625 0.060546875
0 0.46640625 0.7255859375 0.0765625 0.060546875
0 0.29375 0.3759765625 0.078125 0.060546875
0 0.58671875 0.5302734375 0.0765625 0.060546875
0 0.47265625 0.419921875 0.0765625 0.05859375
0 0.278125 0.3193359375 0.078125 0.060546875
0 0.44140625 0.3046875 0.0765625 0.05859375
0 0.36796875 0.6728515625 0.0765625 0.060546875
0 0.25078125 0.2041015625 0.0765625 0.060546875
0 0.309375 0.4345703125 0.078125 0.060546875
0 0.73515625 0.7607421875 0.0765625 0.060546875
0 0.4140625 0.1884765625 0.078125 0.060546875
0 0.25390625 0.5595703125 0.0765625 0.060546875
0 0.69140625 0.2802734375 0.0765625 0.060546875
0 0.26328125 0.2607421875 0.0765625 0.060546875
0 0.6765625 0.22265625 0.078125 0.05859375
0 0.540625 0.3544921875 0.078125 0.060546875
0 0.33046875 0.1962890625 0.0765625 0.060546875
0 0.35234375 0.6123046875 0.0765625 0.060546875
0 0.57109375 0.4697265625 0.0765625 0.060546875
0 0.09921875 0.2763671875 0.0765625 0.060546875
0 0.1703125 0.5693359375 0.078125 0.060546875
0 0.22578125 0.44140625 0.0765625 0.05859375
0 0.45078125 0.6650390625 0.0765625 0.060546875
0 0.284375 0.6796875 0.078125 0.05859375
0 0.62421875 0.34765625 0.0765625 0.05859375
0 0.51875 0.59765625 0.078125 0.05859375
0 0.48828125 0.4775390625 0.0765625 0.060546875
0 0.81796875 0.75390625 0.0765625 0.05859375
0 0.71953125 0.701171875 0.0765625 0.05859375
0 0.4203125 0.544921875 0.078125 0.05859375
0 0.3 0.7392578125 0.078125 0.060546875
0 0.38984375 0.4267578125 0.0765625 0.060546875
0 0.3984375 0.7919921875 0.078125 0.060546875
0 0.1671875 0.2109375 0.078125 0.05859375
0 0.1421875 0.4482421875 0.078125 0.060546875
0 0.525 0.2978515625 0.078125 0.060546875
0 0.63984375 0.4052734375 0.0765625 0.060546875
0 0.26875 0.6201171875 0.078125 0.060546875
0 0.1546875 0.5087890625 0.078125 0.060546875
0 0.3125 0.7998046875 0.078125 0.060546875
0 0.72265625 0.3984375 0.0765625 0.05859375
0 0.6609375 0.1650390625 0.078125 0.060546875
0 0.34609375 0.25390625 0.0765625 0.05859375
0 0.33671875 0.5517578125 0.0765625 0.060546875
0 0.19453125 0.326171875 0.0765625 0.05859375
0 0.49453125 0.1826171875 0.0765625 0.060546875
0 0.12734375 0.3916015625 0.0765625 0.060546875
0 0.21328125 0.7470703125 0.0765625 0.060546875
0 0.1859375 0.6259765625 0.078125 0.060546875
0 0.70390625 0.6416015625 0.0765625 0.060546875
0 0.4359375 0.6044921875 0.078125 0.060546875
0 0.73828125 0.4560546875 0.0765625 0.060546875
0 0.59296875 0.2294921875 0.0765625 0.060546875
0 0.51328125 0.2392578125 0.0765625 0.060546875
0 0.55625 0.4130859375 0.078125 0.060546875
0 0.75390625 0.513671875 0.0765625 0.05859375
0 0.6859375 0.5810546875 0.078125 0.060546875
0 0.4296875 0.2470703125 0.078125 0.060546875
0 0.1828125 0.2685546875 0.078125 0.060546875
0 0.63359375 0.7080078125 0.0765625 0.060546875
0 0.6703125 0.5234375 0.078125 0.05859375
0 0.6515625 0.7685546875 0.078125 0.060546875
0 0.6546875 0.4638671875 0.078125 0.060546875
0 0.4046875 0.4873046875 0.078125 0.060546875
0 0.48203125 0.78515625 0.0765625 0.05859375
0 0.38359375 0.732421875 0.0765625 0.05859375
0 0.08359375 0.2177734375 0.0765625 0.060546875
0 0.11484375 0.3330078125 0.0765625 0.060546875
0 0.50390625 0.5380859375 0.0765625 0.060546875
0 0.45703125 0.3623046875 0.0765625 0.060546875
0 0.57734375 0.1728515625 0.0765625 0.060546875
0 0.76875 0.5732421875 0.078125 0.060546875
0 0.7875 0.6337890625 0.078125 0.060546875
0 0.23828125 0.5009765625 0.0765625 0.060546875
0 0.70703125 0.3388671875 0.0765625 0.060546875
0 0.21015625 0.3837890625 0.0765625 0.060546875
0 0.36171875 0.3115234375 0.0765625 0.060546875
0 0.37734375 0.3701171875 0.0765625 0.060546875
0 0.22890625 0.8095703125 0.0765625 0.060546875
0 0.534375 0.6552734375 0.078125 0.060546875
0 0.60859375 0.2880859375 0.0765625 0.060546875
0 0.803125 0.6943359375 0.078125 0.060546875
