0 0.64375 0.447265625 0.0375 0.046875
0 0.57421875 0.3310546875 0.0390625 0.048828125
0 0.58515625 0.267578125 0.0390625 0.046875
0 0.5640625 0.39453125 0.040625 0.046875
0 0.484375 0.1787109375 0.040625 0.048828125
0 0.509375 0.712890625 0.040625 0.046875
0 0.62265625 0.5751953125 0.0390625 0.048828125
0 0.64765625 0.6142578125 0.0390625 0.048828125
0 0.471875 0.5703125 0.040625 0.046875
0 0.57890625 0.6650390625 0.0390625 0.048828125
0 0.4953125 0.4423828125 0.040625 0.048828125
0 0.54140625 0.51953125 0.0390625 0.046875
0 0.403125 0.2880859375 0.040625 0.048828125
0 0.44921875 0.201171875 0.0390625 0.046875
0 0.48359375 0.3408203125 0.0390625 0.048828125
0 0.36953125 0.3115234375 0.0390625 0.044921875
0 0.415625 0.3896484375 0.040625 0.048828125
0 0.43828125 0.2626953125 0.0390625 0.048828125
0 0.59765625 0.369140625 0.0390625 0.046875
0 0.5078125 0.544921875 0.040625 0.046875
0 0.39296875 0.5166015625 0.0390625 0.048828125
0 0.69140625 0.5244140625 0.0390625 0.048828125
0 0.334375 0.3359375 0.040625 0.046875
0 0.3 0.3623046875 0.0375 0.048828125
0 0.52890625 0.4169921875 0.0390625 0.048828125
0 0.428125 0.4912109375 0.040625 0.048828125
0 0.45 0.5322265625 0.0375 0.048828125
0 0.484375 0.6728515625 0.040625 0.044921875
0 0.46171875 0.4658203125 0.0390625 0.048828125
0 0.38046875 0.2490234375 0.0390625 0.048828125
0 0.5765625 0.4970703125 0.040625 0.048828125
0 0.50546875 0.3798828125 0.0390625 0.048828125
0 0.50546875 0.216796875 0.0390625 0.046875
0 0.415625 0.2265625 0.040625 0.046875
0 0.6578125 0.5498046875 0.040625 0.048828125
0 0.62265625 0.4072265625 0.0390625 0.048828125
0 0.38046875 0.4130859375 0.0390625 0.048828125
0 0.51796875 0.4814453125 0.0390625 0.048828125
0 0.51796875 0.3154296875 0.0390625 0.048828125
0 0.66796875 0.486328125 0.0390625 0.046875
0 0.71640625 0.5654296875 0.0390625 0.048828125
0 0.46171875 0.3037109375 0.0390625 0.048828125
0 0.415625 0.5556640625 0.040625 0.048828125
0 0.55546875 0.6240234375 0.0390625 0.048828125
0 0.42578125 0.326171875 0.0390625 0.046875
0 0.403125 0.453125 0.040625 0.046875
0 0.31171875 0.2978515625 0.0390625 0.048828125
0 0.32421875 0.3994140625 0.0390625 0.048828125
0 0.35703125 0.3740234375 0.0390625 0.048828125
0 0.4953125 0.2783203125 0.040625 0.048828125
0 0.5515625 0.29296875 0.040625 0.046875
0 0.471875 0.2421875 0.040625 0.046875
0 0.39296875 0.3515625 0.0390625 0.046875
0 0.52890625 0.2548828125 0.0390625 0.048828125
0 0.5890625 0.5986328125 0.040625 0.048828125
0 0.43828125 0.427734375 0.0390625 0.046875
0 0.5203125 0.6494140625 0.040625 0.048828125
0 0.6328125 0.5087890625 0.040625 0.048828125
0 0.75 0.5400390625 0.040625 0.048828125
0 0.45 0.3642578125 0.0375 0.048828125
0 0.55390625 0.4560546875 0.0390625 0.048828125
0 0.6328125 0.3466796875 0.040625 0.048828125
0 0.58671875 0.4326171875 0.0390625 0.048828125
0 0.56640625 0.5595703125 0.0390625 0.048828125
0 0.6828125 0.587890625 0.040625 0.046875
0 0.7265625 0.4990234375 0.040625 0.048828125
0 0.54140625 0.35546875 0.0390625 0.046875
0 0.6078125 0.3056640625 0.040625 0.048828125
0 0.471875 0.4033203125 0.040625 0.044921875
0 0.346875 0.4384765625 0.040625 0.048828125
0 0.7015625 0.4609375 0.040625 0.046875
0 0.43828125 0.5927734375 0.0390625 0.048828125
0 0.48359375 0.5048828125 0.0390625 0.044921875
0 0.61015625 0.4716796875 0.0390625 0.048828125
0 0.61171875 0.6357421875 0.0390625 0.048828125
0 0.4953125 0.6083984375 0.040625 0.048828125
0 0.56171875 0.2314453125 0.0390625 0.048828125
0 0.5453125 0.6875 0.040625 0.046875
0 0.346875 0.2724609375 0.040625 0.048828125
0 0.59921875 0.5341796875 0.0390625 0.048828125
0 0.65546875 0.3837890625 0.0390625 0.048828125
0 0.67890625 0.4228515625 0.0390625 0.048828125
0 0.36953125 0.4755859375 0.0390625 0.048828125
0 0.5390625 0.1943359375 0.040625 0.048828125
0 0.53046875 0.5849609375 0.0390625 0.048828125
0 0.51796875 0.1533203125 0.0390625 0.048828125
0 0.278125 0.3212890625 0.040625 0.048828125
0 0.46171875 0.6337890625 0.0390625 0.048828125
