0 0.34609375 0.3779296875 0.0515625 0.068359375
0 0.30078125 0.2900390625 0.0515625 0.068359375
0 0.38359375 0.5341796875 0.0515625 0.068359375
0 0.33828125 0.4501953125 0.0515625 0.068359375
0 0.25546875 0.2060546875 0.0515625 0.068359375
0 0.31484375 0.1484375 0.0515625 0.06640625
0 0.39140625 0.4619140625 0.0515625 0.068359375
0 0.44453125 0.47265625 0.0515625 0.06640625
0 0.521875 0.2724609375 0.05 0.068359375
0 0.27109375 0.060546875 0.0515625 0.0703125
0 0.36015625 0.2333984375 0.0515625 0.068359375
0 0.39765625 0.3876953125 0.0515625 0.068359375
0 0.53828125 0.12890625 0.0515625 0.06640625
0 0.4765625 0.1865234375 0.05 0.068359375
0 0.72109375 0.466796875 0.0515625 0.0703125
0 0.54296875 0.5703125 0.0515625 0.0703125
0 0.73671875 0.32421875 0.0515625 0.0703125
0 0.27890625 0.5068359375 0.0515625 0.068359375
0 0.33046875 0.51953125 0.0515625 0.06640625
0 0.2703125 0.578125 0.053125 0.0703125
0 0.36796875 0.1611328125 0.0515625 0.068359375
0 0.74453125 0.25 0.0515625 0.0703125
0 0.28515625 0.4345703125 0.0515625 0.068359375
0 0.43125 0.1015625 0.05 0.06640625
0 0.72890625 0.3955078125 0.0515625 0.068359375
0 0.5671875 0.357421875 0.05 0.06640625
0 0.58359375 0.2138671875 0.0515625 0.068359375
0 0.42890625 0.6142578125 0.0515625 0.068359375
0 0.41328125 0.2451171875 0.0515625 0.068359375
0 0.68203125 0.310546875 0.0515625 0.06640625
0 0.29296875 0.36328125 0.0515625 0.0703125
0 0.35390625 0.3046875 0.0515625 0.0703125
0 0.69921875 0.1669921875 0.0515625 0.068359375
0 0.69609375 0.681640625 0.0515625 0.06640625
0 0.45078125 0.40234375 0.0515625 0.06640625
0 0.3765625 0.087890625 0.053125 0.0703125
0 0.40546875 0.3173828125 0.0515625 0.068359375
0 0.49609375 0.4873046875 0.0515625 0.068359375
0 0.68984375 0.236328125 0.0515625 0.06640625
0 0.65 0.59765625 0.05 0.0703125
0 0.21015625 0.1220703125 0.0515625 0.068359375
0 0.5890625 0.6572265625 0.05 0.068359375
0 0.37578125 0.6025390625 0.0515625 0.068359375
0 0.45859375 0.3310546875 0.0515625 0.068359375
0 0.62890625 0.296875 0.0515625 0.0703125
0 0.32421875 0.591796875 0.0515625 0.06640625
0 0.63671875 0.2255859375 0.0515625 0.068359375
0 0.23359375 0.4228515625 0.0515625 0.068359375
0 0.23984375 0.3505859375 0.0515625 0.068359375
0 0.67421875 0.3828125 0.0515625 0.06640625
0 0.603125 0.513671875 0.053125 0.0703125
0 0.66640625 0.4521484375 0.0515625 0.068359375
0 0.17109375 0.4794921875 0.0515625 0.068359375
0 0.48984375 0.5576171875 0.0515625 0.068359375
0 0.21640625 0.564453125 0.0515625 0.06640625
0 0.64453125 0.1513671875 0.0515625 0.068359375
0 0.30859375 0.21875 0.0515625 0.06640625
0 0.421875 0.1708984375 0.053125 0.068359375
0 0.4671875 0.2607421875 0.053125 0.068359375
0 0.18828125 0.3369140625 0.0515625 0.068359375
0 0.62109375 0.3681640625 0.0515625 0.068359375
0 0.71328125 0.5380859375 0.0515625 0.068359375
0 0.24765625 0.2802734375 0.0515625 0.068359375
0 0.6125 0.4423828125 0.05 0.068359375
0 0.7046875 0.6123046875 0.053125 0.068359375
0 0.659375 0.5234375 0.053125 0.0703125
0 0.5578125 0.4296875 0.053125 0.06640625
0 0.225 0.494140625 0.053125 0.0703125
0 0.21796875 0.05078125 0.0515625 0.0703125
0 0.43671875 0.5439453125 0.0515625 0.068359375
0 0.53515625 0.6416015625 0.0515625 0.068359375
0 0.57578125 0.2841796875 0.0515625 0.068359375
0 0.19453125 0.265625 0.0515625 0.06640625
0 0.5125 0.34375 0.053125 0.0703125
0 0.50390625 0.4150390625 0.0515625 0.068359375
0 0.54921875 0.5 0.0515625 0.06640625
0 0.1796875 0.4072265625 0.053125 0.068359375
0 0.48203125 0.6298828125 0.0515625 0.068359375
0 0.59140625 0.1416015625 0.0515625 0.068359375
0 0.32265625 0.07421875 0.0515625 0.06640625
0 0.20234375 0.1953125 0.0515625 0.06640625
0 0.16484375 0.5537109375 0.0515625 0.068359375
0 0.26328125 0.134765625 0.0515625 0.0703125
0 0.5296875 0.1982421875 0.05 0.068359375
0 0.6421875 0.6689453125 0.05 0.068359375
0 0.75234375 0.1787109375 0.0515625 0.068359375
0 0.484375 0.1142578125 0.05 0.068359375
0 0.596875 0.5849609375 0.05 0.068359375
