0 0.6796875 0.703125 0.059375 0.07421875
0 0.409375 0.8408203125 0.059375 0.072265625
0 0.43125 0.5126953125 0.059375 0.072265625
0 0.7015625 0.3720703125 0.059375 0.072265625
0 0.56640625 0.4423828125 0.0609375 0.072265625
0 0.5453125 0.7705078125 0.059375 0.072265625
0 0.45 0.1826171875 0.059375 0.072265625
0 0.640625 0.2822265625 0.059375 0.072265625
0 0.7109375 0.2060546875 0.059375 0.072265625
0 0.6046875 0.8603515625 0.059375 0.072265625
0 0.5859375 0.1123046875 0.059375 0.072265625
0 0.6359375 0.3662109375 0.059375 0.072265625
0 0.46875 0.9287109375 0.059375 0.072265625
0 0.675 0.78515625 0.059375 0.07421875
0 0.696875 0.4541015625 0.059375 0.072265625
0 0.359375 0.5888671875 0.059375 0.072265625
0 0.3140625 0.2529296875 0.059375 0.072265625
0 0.5 0.4365234375 0.059375 0.072265625
0 0.7296875 0.9541015625 0.059375 0.072265625
0 0.38125 0.2587890625 0.059375 0.072265625
0 0.75625 0.5419921875 0.059375 0.072265625
0 0.734375 0.8720703125 0.059375 0.072265625
0 0.275 0.9111328125 0.059375 0.072265625
0 0.6203125 0.6123046875 0.059375 0.072265625
0 0.615625 0.697265625 0.059375 0.07421875
0 0.7515625 0.626953125 0.059375 0.07421875
0 0.478125 0.7646484375 0.059375 0.072265625
0 0.765625 0.3779296875 0.059375 0.072265625
0 0.4140625 0.7587890625 0.059375 0.072265625
0 0.55 0.6884765625 0.059375 0.072265625
0 0.3546875 0.6708984375 0.059375 0.072265625
0 0.775 0.2119140625 0.059375 0.072265625
0 0.284375 0.7470703125 0.059375 0.072265625
0 0.5046875 0.35546875 0.059375 0.07421875
0 0.5765625 0.2763671875 0.059375 0.072265625
0 0.7609375 0.4599609375 0.059375 0.072265625
0 0.3734375 0.34375 0.059375 0.07421875
0 0.41875 0.6767578125 0.059375 0.072265625
0 0.3046875 0.4189453125 0.059375 0.072265625
0 0.690625 0.5361328125 0.059375 0.072265625
0 0.3875 0.0947265625 0.059375 0.072265625
0 0.440625 0.349609375 0.059375 0.07421875
0 0.2953125 0.5830078125 0.059375 0.072265625
0 0.3390625 0.9169921875 0.059375 0.072265625
0 0.571875 0.3603515625 0.059375 0.072265625
0 0.6265625 0.5302734375 0.059375 0.072265625
0 0.4859375 0.6826171875 0.059375 0.072265625
0 0.490625 0.6005859375 0.059375 0.072265625
0 0.509375 0.2705078125 0.059375 0.072265625
0 0.31875 0.1708984375 0.059375 0.072265625
0 0.715625 0.1240234375 0.059375 0.072265625
0 0.5546875 0.6064453125 0.059375 0.072265625
0 0.609375 0.7763671875 0.059375 0.072265625
0 0.4234375 0.5947265625 0.059375 0.072265625
0 0.35 0.7529296875 0.059375 0.072265625
0 0.6453125 0.2001953125 0.059375 0.072265625
0 0.36875 0.4248046875 0.059375 0.072265625
0 0.4546875 0.1005859375 0.059375 0.072265625
0 0.6859375 0.6181640625 0.059375 0.072265625
0 0.3 0.5009765625 0.059375 0.072265625
0 0.540625 0.8525390625 0.059375 0.072265625
0 0.7390625 0.791015625 0.059375 0.07421875
0 0.7703125 0.2939453125 0.059375 0.072265625
0 0.6703125 0.8662109375 0.059375 0.072265625
0 0.4453125 0.2646484375 0.059375 0.072265625
0 0.6640625 0.9482421875 0.059375 0.072265625
0 0.4734375 0.8466796875 0.059375 0.072265625
0 0.3640625 0.5068359375 0.059375 0.072265625
0 0.58125 0.1943359375 0.059375 0.072265625
0 0.34375 0.8349609375 0.059375 0.072265625
0 0.5359375 0.9365234375 0.059375 0.072265625
0 0.3234375 0.0888671875 0.059375 0.072265625
0 0.4359375 0.4306640625 0.059375 0.072265625
0 0.63125 0.4482421875 0.059375 0.072265625
0 0.51875 0.1064453125 0.059375 0.072265625
0 0.4953125 0.5185546875 0.059375 0.072265625
0 0.7828125 0.126953125 0.059375 0.07421875
0 0.2796875 0.8291015625 0.059375 0.072265625
0 0.3828125 0.1767578125 0.059375 0.072265625
0 0.559375 0.5244140625 0.059375 0.072265625
0 0.5140625 0.1884765625 0.059375 0.072265625
0 0.65 0.1181640625 0.059375 0.072265625
0 0.4046875 0.9228515625 0.059375 0.072265625
0 0.7453125 0.708984375 0.059375 0.07421875
0 0.6 0.9423828125 0.059375 0.072265625
0 0.70625 0.291015625 0.059375 0.07421875
0 0.290625 0.6650390625 0.059375 0.072265625
0 0.309375 0.3349609375 0.059375 0.072265625
