0 0.53203125 0.3740234375 0.0390625 0.048828125
0 0.56640625 0.4072265625 0.0390625 0.048828125
0 0.25078125 0.7763671875 0.0390625 0.048828125
0 0.35546875 0.4072265625 0.0390625 0.048828125
0 0.34296875 0.7998046875 0.0390625 0.048828125
0 0.37890625 0.3642578125 0.0390625 0.048828125
0 0.24296875 0.7001953125 0.0390625 0.048828125
0 0.42734375 0.7451171875 0.0390625 0.048828125
0 0.46640625 0.5810546875 0.0390625 0.048828125
0 0.57578125 0.4833984375 0.0390625 0.048828125
0 0.34921875 0.6025390625 0.0390625 0.048828125
0 0.45703125 0.5048828125 0.0390625 0.048828125
0 0.29140625 0.6142578125 0.0390625 0.048828125
0 0.26640625 0.6572265625 0.0390625 0.048828125
0 0.51640625 0.4951171875 0.0390625 0.048828125
0 0.27265625 0.4619140625 0.0390625 0.048828125
0 0.25703125 0.5810546875 0.0390625 0.048828125
0 0.41796875 0.6689453125 0.0390625 0.048828125
0 0.44765625 0.4287109375 0.0390625 0.048828125
0 0.33984375 0.5263671875 0.0390625 0.048828125
0 0.32109375 0.3740234375 0.0390625 0.048828125
0 0.53515625 0.6474609375 0.0390625 0.048828125
0 0.35390625 0.8759765625 0.0390625 0.048828125
0 0.50078125 0.6142578125 0.0390625 0.048828125
0 0.23359375 0.6240234375 0.0390625 0.048828125
0 0.33359375 0.7236328125 0.0390625 0.048828125
0 0.42265625 0.4716796875 0.0390625 0.048828125
0 0.60078125 0.4404296875 0.0390625 0.048828125
0 0.43203125 0.5478515625 0.0390625 0.048828125
0 0.40859375 0.5927734375 0.0390625 0.048828125
0 0.35859375 0.6787109375 0.0390625 0.048828125
0 0.63515625 0.4716796875 0.0390625 0.048828125
0 0.44140625 0.6259765625 0.0390625 0.048828125
0 0.43671875 0.8212890625 0.0390625 0.048828125
0 0.54140625 0.4501953125 0.0390625 0.048828125
0 0.43828125 0.3525390625 0.0390625 0.048828125
0 0.49765625 0.3408203125 0.0390625 0.048828125
0 0.37734375 0.8330078125 0.0390625 0.048828125
0 0.33046875 0.4501953125 0.0390625 0.048828125
0 0.50703125 0.4169921875 0.0390625 0.048828125
0 0.52578125 0.5712890625 0.0390625 0.048828125
0 0.32421875 0.6455078125 0.0390625 0.048828125
0 0.18359375 0.7119140625 0.0390625 0.048828125
0 0.48515625 0.7353515625 0.0390625 0.048828125
0 0.17421875 0.6357421875 0.0390625 0.048828125
0 0.42890625 0.2744140625 0.0390625 0.048828125
0 0.37109375 0.2861328125 0.0390625 0.048828125
0 0.58515625 0.5595703125 0.0390625 0.048828125
0 0.41328125 0.3955078125 0.0390625 0.048828125
0 0.39765625 0.5166015625 0.0390625 0.048828125
0 0.31953125 0.8427734375 0.0390625 0.048828125
0 0.36484375 0.4833984375 0.0390625 0.048828125
0 0.22421875 0.5478515625 0.0390625 0.048828125
0 0.34609375 0.3310546875 0.0390625 0.048828125
0 0.31015625 0.7666015625 0.0390625 0.048828125
0 0.24765625 0.5048828125 0.0390625 0.048828125
0 0.27578125 0.7333984375 0.0390625 0.048828125
0 0.46328125 0.3076171875 0.0390625 0.048828125
0 0.36796875 0.7548828125 0.0390625 0.048828125
0 0.28203125 0.5380859375 0.0390625 0.048828125
0 0.37421875 0.5595703125 0.0390625 0.048828125
0 0.28515625 0.8095703125 0.0390625 0.048828125
0 0.51015625 0.6923828125 0.0390625 0.048828125
0 0.45078125 0.7021484375 0.0390625 0.048828125
0 0.20859375 0.6689453125 0.0390625 0.048828125
0 0.38671875 0.9091796875 0.0390625 0.048828125
0 0.38984375 0.4404296875 0.0390625 0.048828125
0 0.19921875 0.5927734375 0.0390625 0.048828125
0 0.47265625 0.3857421875 0.0390625 0.048828125
0 0.46171875 0.7783203125 0.0390625 0.048828125
0 0.55078125 0.5263671875 0.0390625 0.048828125
0 0.47578125 0.6572265625 0.0390625 0.048828125
0 0.29609375 0.4169921875 0.0390625 0.048828125
0 0.41171875 0.8642578125 0.0390625 0.048828125
0 0.49140625 0.5380859375 0.0390625 0.048828125
0 0.61015625 0.5166015625 0.0390625 0.048828125
0 0.38359375 0.6357421875 0.0390625 0.048828125
0 0.39453125 0.2431640625 0.0390625 0.048828125
0 0.30078125 0.6904296875 0.0390625 0.048828125
0 0.40390625 0.3193359375 0.0390625 0.048828125
0 0.15078125 0.6787109375 0.0390625 0.048828125
0 0.31484375 0.5693359375 0.0390625 0.048828125
0 0.40234375 0.7880859375 0.0390625 0.048828125
0 0.39296875 0.7119140625 0.0390625 0.048828125
0 0.30546875 0.4931640625 0.0390625 0.048828125
0 0.21796875 0.7431640625 0.0390625 0.048828125
0 0.56015625 0.6025390625 0.0390625 0.048828125
0 0.48203125 0.4619140625 0.0390625 0.048828125
