0 0.81328125 0.66796875 0.0609375 0.06640625
0 0.70546875 0.7578125 0.0609375 0.06640625
0 0.31015625 0.177734375 0.0609375 0.06640625
0 0.76015625 0.712890625 0.0609375 0.06640625
0 0.61328125 0.37890625 0.0609375 0.06640625
0 0.35859375 0.5 0.0609375 0.06640625
0 0.59921875 0.482421875 0.0609375 0.06640625
0 0.584375 0.58203125 0.059375 0.06640625
0 0.65234375 0.4365234375 0.0609375 0.068359375
0 0.48046875 0.306640625 0.0609375 0.06640625
0 0.53046875 0.62890625 0.0609375 0.06640625
0 0.46328125 0.7734375 0.0609375 0.06640625
0 0.49453125 0.205078125 0.0609375 0.06640625
0 0.31953125 0.44140625 0.0609375 0.06640625
0 0.42578125 0.3515625 0.0609375 0.06640625
0 0.14609375 0.3115234375 0.0609375 0.068359375
0 0.45546875 0.146484375 0.0609375 0.06640625
0 0.78671875 0.505859375 0.0609375 0.06640625
0 0.44140625 0.25 0.0609375 0.06640625
0 0.628125 0.27734375 0.059375 0.06640625
0 0.51640625 0.732421875 0.0609375 0.06640625
0 0.18515625 0.369140625 0.0609375 0.06640625
0 0.56953125 0.6865234375 0.0609375 0.068359375
0 0.66484375 0.69921875 0.0609375 0.06640625
0 0.36796875 0.763671875 0.0609375 0.06640625
0 0.30390625 0.544921875 0.0609375 0.06640625
0 0.77421875 0.609375 0.0609375 0.06640625
0 0.49140625 0.5703125 0.0609375 0.06640625
0 0.38203125 0.66015625 0.0609375 0.06640625
0 0.23828125 0.32421875 0.0609375 0.06640625
0 0.54765625 0.16015625 0.0609375 0.06640625
0 0.28984375 0.646484375 0.0609375 0.06640625
0 0.29453125 0.283203125 0.0609375 0.06640625
0 0.42109375 0.71875 0.0609375 0.06640625
0 0.22421875 0.427734375 0.0609375 0.06640625
0 0.21015625 0.533203125 0.0609375 0.06640625
0 0.47734375 0.673828125 0.0609375 0.06640625
0 0.63828125 0.537109375 0.0609375 0.06640625
0 0.41171875 0.455078125 0.0609375 0.06640625
0 0.25390625 0.224609375 0.0609375 0.06640625
0 0.46484375 0.41015625 0.0609375 0.06640625
0 0.37265625 0.396484375 0.0609375 0.06640625
0 0.44765625 0.880859375 0.0609375 0.06640625
0 0.2 0.26953125 0.059375 0.06640625
0 0.82734375 0.564453125 0.0609375 0.06640625
0 0.33359375 0.337890625 0.0609375 0.06640625
0 0.65078125 0.802734375 0.0609375 0.06640625
0 0.34296875 0.6015625 0.0609375 0.06640625
0 0.39765625 0.556640625 0.0609375 0.06640625
0 0.4359375 0.615234375 0.059375 0.06640625
0 0.67890625 0.595703125 0.0609375 0.06640625
0 0.54609375 0.5234375 0.0609375 0.06640625
0 0.41640625 0.0908203125 0.0609375 0.068359375
0 0.59609375 0.849609375 0.0609375 0.06640625
0 0.86953125 0.623046875 0.0609375 0.06640625
0 0.58984375 0.2158203125 0.0609375 0.068359375
0 0.70546875 0.390625 0.0609375 0.06640625
0 0.54296875 0.89453125 0.0609375 0.06640625
0 0.48671875 0.939453125 0.0609375 0.06640625
0 0.56015625 0.423828125 0.0609375 0.06640625
0 0.51796875 0.365234375 0.0609375 0.06640625
0 0.34765625 0.236328125 0.0609375 0.06640625
0 0.46953125 0.044921875 0.0609375 0.06640625
0 0.50703125 0.46875 0.0609375 0.06640625
0 0.61171875 0.744140625 0.0609375 0.06640625
0 0.38671875 0.29296875 0.0609375 0.06640625
0 0.62578125 0.640625 0.0609375 0.06640625
0 0.13203125 0.416015625 0.0609375 0.06640625
0 0.265625 0.484375 0.059375 0.06640625
0 0.55703125 0.791015625 0.0609375 0.06640625
0 0.7328125 0.55078125 0.059375 0.06640625
0 0.40859375 0.822265625 0.0609375 0.06640625
0 0.17109375 0.474609375 0.0609375 0.06640625
0 0.28046875 0.3828125 0.0609375 0.06640625
0 0.66640625 0.33203125 0.0609375 0.06640625
0 0.71796875 0.654296875 0.0609375 0.06640625
0 0.69453125 0.494140625 0.0609375 0.06640625
0 0.24921875 0.587890625 0.0609375 0.06640625
0 0.53359375 0.263671875 0.0609375 0.06640625
0 0.50234375 0.8359375 0.0609375 0.06640625
0 0.57421875 0.3203125 0.0609375 0.06640625
0 0.74765625 0.44921875 0.0609375 0.06640625
0 0.36328125 0.1328125 0.0609375 0.06640625
0 0.45078125 0.513671875 0.0609375 0.06640625
0 0.50859375 0.1015625 0.0609375 0.06640625
0 0.32890625 0.705078125 0.0609375 0.06640625
0 0.09296875 0.357421875 0.0609375 0.06640625
0 0.40234375 0.19140625 0.0609375 0.06640625
