0 0.35078125 0.564453125 0.0390625 0.046875
0 0.4546875 0.3798828125 0.040625 0.044921875
0 0.34453125 0.3486328125 0.0390625 0.044921875
0 0.37109375 0.7158203125 0.0390625 0.044921875
0 0.1640625 0.3642578125 0.0375 0.044921875
0 0.378125 0.2158203125 0.0375 0.044921875
0 0.49453125 0.46484375 0.0390625 0.046875
0 0.21875 0.3798828125 0.0375 0.044921875
0 0.3125 0.48046875 0.040625 0.046875
0 0.23515625 0.314453125 0.0390625 0.046875
0 0.4046875 0.5810546875 0.0375 0.044921875
0 0.290625 0.33203125 0.0375 0.046875
0 0.4078125 0.6904296875 0.0375 0.044921875
0 0.23984375 0.53125 0.0390625 0.046875
0 0.4609375 0.599609375 0.0375 0.046875
0 0.415625 0.2978515625 0.0375 0.044921875
0 0.42265625 0.513671875 0.0390625 0.046875
0 0.4765625 0.53125 0.0375 0.046875
0 0.2734375 0.3974609375 0.0375 0.048828125
0 0.44375 0.666015625 0.0375 0.046875
0 0.3671875 0.4990234375 0.0375 0.044921875
0 0.55234375 0.591796875 0.0390625 0.046875
0 0.30625 0.2666015625 0.0375 0.044921875
0 0.40078125 0.365234375 0.0390625 0.046875
0 0.5484375 0.4814453125 0.0375 0.048828125
0 0.53203125 0.5498046875 0.0390625 0.044921875
0 0.3828125 0.4306640625 0.040625 0.044921875
0 0.18125 0.2978515625 0.0375 0.044921875
0 0.5296875 0.439453125 0.0375 0.046875
0 0.5109375 0.3984375 0.0375 0.046875
0 0.4328125 0.2314453125 0.0375 0.044921875
0 0.3625 0.2822265625 0.0375 0.044921875
0 0.51640625 0.615234375 0.0390625 0.046875
0 0.32890625 0.4150390625 0.0390625 0.044921875
0 0.203125 0.4462890625 0.040625 0.044921875
0 0.33359375 0.6318359375 0.0390625 0.044921875
0 0.4390625 0.4482421875 0.0375 0.044921875
0 0.3890625 0.6484375 0.0375 0.046875
0 0.27578125 0.505859375 0.0390625 0.046875
0 0.33515625 0.7412109375 0.0390625 0.044921875
0 0.5671875 0.5244140625 0.0375 0.044921875
0 0.33125 0.5234375 0.0375 0.046875
0 0.4703125 0.3154296875 0.0375 0.048828125
0 0.25625 0.4619140625 0.0375 0.044921875
0 0.25234375 0.248046875 0.0390625 0.046875
0 0.315625 0.69921875 0.0375 0.046875
0 0.35234375 0.673828125 0.0390625 0.046875
0 0.3859375 0.5390625 0.0375 0.046875
0 0.2 0.3388671875 0.0375 0.044921875
0 0.396875 0.2568359375 0.0375 0.044921875
0 0.3234375 0.19921875 0.0375 0.046875
0 0.4359375 0.3408203125 0.040625 0.048828125
0 0.2546875 0.3564453125 0.0375 0.048828125
0 0.29453125 0.5478515625 0.0390625 0.048828125
0 0.42421875 0.6240234375 0.0390625 0.044921875
0 0.2875 0.2236328125 0.0375 0.048828125
0 0.29375 0.4375 0.040625 0.046875
0 0.38125 0.3232421875 0.0375 0.044921875
0 0.3140625 0.5888671875 0.0375 0.048828125
0 0.3640625 0.3896484375 0.040625 0.044921875
0 0.4953125 0.57421875 0.0375 0.046875
0 0.271875 0.2890625 0.0375 0.046875
0 0.32578125 0.3076171875 0.0390625 0.044921875
0 0.1828125 0.4052734375 0.0375 0.044921875
0 0.215625 0.2724609375 0.0375 0.044921875
0 0.4921875 0.3564453125 0.0375 0.048828125
0 0.44140625 0.5556640625 0.0390625 0.044921875
0 0.278125 0.61328125 0.0375 0.046875
0 0.359375 0.173828125 0.0375 0.046875
0 0.1453125 0.3232421875 0.0375 0.044921875
0 0.39453125 0.1494140625 0.0390625 0.044921875
0 0.403125 0.4736328125 0.0375 0.044921875
0 0.41953125 0.4052734375 0.0390625 0.044921875
0 0.51328125 0.5068359375 0.0390625 0.048828125
0 0.2203125 0.4873046875 0.0375 0.044921875
0 0.4578125 0.490234375 0.0375 0.046875
0 0.34296875 0.2412109375 0.0390625 0.044921875
0 0.296875 0.65625 0.0375 0.046875
0 0.309375 0.3720703125 0.0375 0.048828125
0 0.2375 0.4228515625 0.0375 0.048828125
0 0.48046875 0.6416015625 0.0390625 0.048828125
0 0.34765625 0.4560546875 0.0390625 0.044921875
0 0.4515625 0.2724609375 0.0375 0.044921875
0 0.36875 0.6064453125 0.0375 0.044921875
0 0.25859375 0.572265625 0.0390625 0.046875
0 0.4734375 0.423828125 0.040625 0.046875
0 0.4140625 0.1904296875 0.0375 0.044921875
0 0.5859375 0.5654296875 0.0375 0.044921875
