0 0.37734375 0.50390625 0.0390625 0.046875
0 0.67421875 0.5302734375 0.0390625 0.048828125
0 0.65390625 0.484375 0.0390625 0.046875
0 0.41953125 0.5927734375 0.0390625 0.048828125
0 0.42734375 0.7060546875 0.0390625 0.048828125
0 0.39140625 0.43359375 0.0390625 0.046875
0 0.52578125 0.5166015625 0.0390625 0.048828125
0 0.30078125 0.73828125 0.0390625 0.046875
0 0.42734375 0.408203125 0.0390625 0.05078125
0 0.484375 0.4267578125 0.040625 0.048828125
0 0.49765625 0.3564453125 0.0390625 0.048828125
0 0.390625 0.7333984375 0.040625 0.048828125
0 0.63828125 0.5546875 0.0390625 0.046875
0 0.31328125 0.66796875 0.0390625 0.046875
0 0.60234375 0.5791015625 0.0390625 0.048828125
0 0.35625 0.4580078125 0.040625 0.048828125
0 0.21640625 0.5595703125 0.0390625 0.048828125
0 0.35625 0.7568359375 0.040625 0.048828125
0 0.69765625 0.5732421875 0.0390625 0.048828125
0 0.5671875 0.60546875 0.040625 0.046875
0 0.25703125 0.6494140625 0.0390625 0.048828125
0 0.49609375 0.65625 0.0390625 0.046875
0 0.43359375 0.5234375 0.0390625 0.046875
0 0.53203125 0.6298828125 0.0390625 0.048828125
0 0.61796875 0.5107421875 0.0390625 0.048828125
0 0.39765625 0.5478515625 0.0390625 0.048828125
0 0.53984375 0.4462890625 0.0390625 0.048828125
0 0.3640625 0.5712890625 0.040625 0.048828125
0 0.34296875 0.5283203125 0.0390625 0.048828125
0 0.41171875 0.7763671875 0.0390625 0.048828125
0 0.34296875 0.8271484375 0.0390625 0.048828125
0 0.44296875 0.3369140625 0.0390625 0.048828125
0 0.55390625 0.6748046875 0.0390625 0.048828125
0 0.51015625 0.5859375 0.0390625 0.046875
0 0.57109375 0.3056640625 0.0390625 0.048828125
0 0.62421875 0.6240234375 0.0390625 0.048828125
0 0.36953125 0.6875 0.0390625 0.046875
0 0.371875 0.3876953125 0.040625 0.048828125
0 0.58359375 0.53515625 0.0390625 0.046875
0 0.2734375 0.5791015625 0.040625 0.048828125
0 0.41328125 0.4775390625 0.0390625 0.048828125
0 0.44921875 0.453125 0.0390625 0.046875
0 0.40703125 0.3642578125 0.0390625 0.048828125
0 0.5890625 0.6513671875 0.040625 0.048828125
0 0.4390625 0.63671875 0.040625 0.046875
0 0.33671875 0.7138671875 0.0390625 0.048828125
0 0.23203125 0.4912109375 0.0390625 0.048828125
0 0.32265625 0.484375 0.0390625 0.046875
0 0.48203125 0.7255859375 0.0390625 0.048828125
0 0.38359375 0.6171875 0.0390625 0.046875
0 0.3484375 0.6435546875 0.040625 0.048828125
0 0.56171875 0.4892578125 0.0390625 0.048828125
0 0.30078125 0.439453125 0.0390625 0.05078125
0 0.32109375 0.7841796875 0.0390625 0.048828125
0 0.40546875 0.6611328125 0.0390625 0.048828125
0 0.46328125 0.3837890625 0.0390625 0.048828125
0 0.57578125 0.421875 0.0421875 0.046875
0 0.66015625 0.5986328125 0.0390625 0.048828125
0 0.546875 0.5615234375 0.040625 0.048828125
0 0.37734375 0.802734375 0.0390625 0.05078125
0 0.23828125 0.6025390625 0.0390625 0.048828125
0 0.4625 0.6826171875 0.0375 0.048828125
0 0.29375 0.6240234375 0.040625 0.048828125
0 0.63203125 0.4404296875 0.0390625 0.048828125
0 0.596875 0.4658203125 0.040625 0.048828125
0 0.28671875 0.5087890625 0.0390625 0.048828125
0 0.265625 0.4658203125 0.040625 0.048828125
0 0.55546875 0.3759765625 0.0390625 0.048828125
0 0.46875 0.4970703125 0.040625 0.048828125
0 0.30703125 0.5546875 0.0390625 0.046875
0 0.32890625 0.5986328125 0.0390625 0.048828125
0 0.51953125 0.3994140625 0.0390625 0.048828125
0 0.5140625 0.2861328125 0.040625 0.048828125
0 0.59140625 0.3515625 0.0390625 0.046875
0 0.19609375 0.515625 0.0390625 0.05078125
0 0.27890625 0.6923828125 0.0390625 0.048828125
0 0.2515625 0.53515625 0.040625 0.046875
0 0.48984375 0.541015625 0.0390625 0.05078125
0 0.4546875 0.56640625 0.040625 0.046875
0 0.33671875 0.4150390625 0.0390625 0.048828125
0 0.47890625 0.3125 0.0390625 0.05078125
0 0.51796875 0.7001953125 0.0390625 0.048828125
0 0.53359375 0.3330078125 0.0390625 0.048828125
0 0.47421875 0.6103515625 0.0390625 0.048828125
0 0.50390625 0.47265625 0.0390625 0.046875
0 0.6125 0.3955078125 0.040625 0.048828125
0 0.54921875 0.259765625 0.0390625 0.046875
0 0.446875 0.75 0.040625 0.046875
