0 0.671875 0.2626953125 0.059375 0.052734375
0 0.409375 0.5693359375 0.05625 0.056640625
0 0.7921875 0.5791015625 0.05625 0.052734375
0 0.5640625 0.6435546875 0.059375 0.052734375
0 0.446875 0.5009765625 0.059375 0.052734375
0 0.3296875 0.3583984375 0.05625 0.052734375
0 0.6046875 0.7490234375 0.05625 0.056640625
0 0.64140625 0.677734375 0.0578125 0.0546875
0 0.4234375 0.2724609375 0.05625 0.056640625
0 0.63125 0.16015625 0.059375 0.0546875
0 0.634375 0.33203125 0.059375 0.0546875
0 0.51953125 0.1904296875 0.0578125 0.056640625
0 0.4875 0.6044921875 0.059375 0.056640625
0 0.2921875 0.4267578125 0.05625 0.056640625
0 0.7359375 0.59375 0.059375 0.0546875
0 0.540625 0.4150390625 0.059375 0.052734375
0 0.28984375 0.25390625 0.0578125 0.0546875
0 0.6984375 0.662109375 0.05625 0.0546875
0 0.5484375 0.763671875 0.05625 0.0546875
0 0.4828125 0.2587890625 0.05625 0.056640625
0 0.58125 0.51953125 0.059375 0.0546875
0 0.34921875 0.23828125 0.0578125 0.0546875
0 0.36953125 0.4619140625 0.0578125 0.056640625
0 0.578125 0.3466796875 0.059375 0.056640625
0 0.484375 0.431640625 0.059375 0.0546875
0 0.4703125 0.7294921875 0.059375 0.052734375
0 0.65625 0.3837890625 0.05625 0.056640625
0 0.41171875 0.7451171875 0.0578125 0.052734375
0 0.353125 0.583984375 0.059375 0.0546875
0 0.44453125 0.3251953125 0.0609375 0.056640625
0 0.4609375 0.2080078125 0.059375 0.056640625
0 0.71953125 0.7158203125 0.0609375 0.052734375
0 0.4296875 0.6220703125 0.059375 0.052734375
0 0.371875 0.6376953125 0.05625 0.052734375
0 0.5265625 0.7119140625 0.059375 0.056640625
0 0.5375 0.2451171875 0.059375 0.056640625
0 0.715625 0.541015625 0.05625 0.0546875
0 0.6578125 0.5556640625 0.059375 0.056640625
0 0.75078125 0.4716796875 0.0609375 0.052734375
0 0.253125 0.3232421875 0.05625 0.056640625
0 0.3890625 0.3427734375 0.05625 0.052734375
0 0.3140625 0.4794921875 0.059375 0.052734375
0 0.59921875 0.400390625 0.0578125 0.0546875
0 0.584375 0.6962890625 0.05625 0.056640625
0 0.5453125 0.58984375 0.05625 0.0546875
0 0.6015625 0.5732421875 0.05625 0.052734375
0 0.5234375 0.5361328125 0.059375 0.052734375
0 0.4265625 0.447265625 0.05625 0.0546875
0 0.653125 0.2109375 0.05625 0.0546875
0 0.615625 0.28125 0.05625 0.0546875
0 0.4046875 0.220703125 0.059375 0.0546875
0 0.4078125 0.396484375 0.059375 0.0546875
0 0.5015625 0.3115234375 0.059375 0.056640625
0 0.771875 0.525390625 0.05625 0.0546875
0 0.4484375 0.6728515625 0.05625 0.052734375
0 0.6953125 0.4892578125 0.05625 0.056640625
0 0.6171875 0.4521484375 0.059375 0.056640625
0 0.3890625 0.5166015625 0.05625 0.056640625
0 0.36796875 0.2919921875 0.0609375 0.052734375
0 0.68984375 0.31640625 0.0578125 0.0546875
0 0.7546875 0.6474609375 0.05625 0.056640625
0 0.503125 0.4853515625 0.05625 0.052734375
0 0.3109375 0.306640625 0.059375 0.0546875
0 0.3328125 0.5302734375 0.05625 0.052734375
0 0.6390625 0.5048828125 0.05625 0.056640625
0 0.4625 0.3759765625 0.05625 0.056640625
0 0.7328125 0.4208984375 0.05625 0.052734375
0 0.559375 0.2958984375 0.05625 0.056640625
0 0.465625 0.5517578125 0.05625 0.052734375
0 0.67421875 0.4365234375 0.0609375 0.052734375
0 0.8140625 0.6298828125 0.05625 0.052734375
0 0.49140625 0.7822265625 0.0578125 0.052734375
0 0.5953125 0.2275390625 0.059375 0.052734375
0 0.390625 0.69140625 0.059375 0.0546875
0 0.34921875 0.4111328125 0.0578125 0.056640625
0 0.678125 0.6103515625 0.05625 0.056640625
0 0.621875 0.6240234375 0.05625 0.052734375
0 0.52265625 0.3623046875 0.0578125 0.056640625
0 0.7109375 0.3671875 0.059375 0.0546875
0 0.5625 0.4677734375 0.05625 0.056640625
0 0.27265625 0.3740234375 0.0578125 0.056640625
0 0.5765625 0.1767578125 0.05625 0.052734375
0 0.5078125 0.6572265625 0.05625 0.056640625
0 0.234375 0.2685546875 0.059375 0.056640625
0 0.6640625 0.7314453125 0.05625 0.052734375
0 0.834375 0.68359375 0.05625 0.0546875
0 0.7765625 0.69921875 0.059375 0.0546875
0 0.4328125 0.7978515625 0.059375 0.056640625
