0 0.29765625 0.599609375 0.0484375 0.05078125
0 0.35703125 0.2890625 0.0484375 0.05078125
0 0.3109375 0.521484375 0.046875 0.05078125
0 0.3703125 0.81640625 0.046875 0.05078125
0 0.39921875 0.658203125 0.0484375 0.05078125
0 0.45859375 0.34765625 0.0484375 0.05078125
0 0.471875 0.6728515625 0.046875 0.052734375
0 0.61875 0.4990234375 0.046875 0.052734375
0 0.37265625 0.2109375 0.0484375 0.05078125
0 0.48671875 0.796875 0.0484375 0.05078125
0 0.38359375 0.73828125 0.0484375 0.05078125
0 0.6640625 0.66796875 0.046875 0.05078125
0 0.3703125 0.4111328125 0.046875 0.052734375
0 0.21015625 0.4609375 0.0484375 0.05078125
0 0.54375 0.484375 0.046875 0.05078125
0 0.6203125 0.701171875 0.046875 0.05078125
0 0.284375 0.2734375 0.046875 0.05078125
0 0.5 0.517578125 0.046875 0.05078125
0 0.3703125 0.611328125 0.046875 0.05078125
0 0.26953125 0.552734375 0.0484375 0.05078125
0 0.4296875 0.302734375 0.046875 0.05078125
0 0.31328125 0.318359375 0.0484375 0.05078125
0 0.39921875 0.4560546875 0.0484375 0.052734375
0 0.54609375 0.6875 0.0484375 0.05078125
0 0.44296875 0.42578125 0.0484375 0.05078125
0 0.34140625 0.771484375 0.0484375 0.05078125
0 0.1375 0.447265625 0.046875 0.05078125
0 0.25390625 0.6298828125 0.0484375 0.052734375
0 0.3265625 0.443359375 0.046875 0.05078125
0 0.38359375 0.533203125 0.0484375 0.05078125
0 0.22578125 0.5849609375 0.0484375 0.052734375
0 0.26953125 0.3515625 0.0484375 0.05078125
0 0.42734375 0.705078125 0.0484375 0.05078125
0 0.40078125 0.255859375 0.0484375 0.05078125
0 0.35546875 0.48828125 0.0484375 0.05078125
0 0.4140625 0.37890625 0.046875 0.05078125
0 0.19453125 0.537109375 0.0484375 0.05078125
0 0.34140625 0.56640625 0.0484375 0.05078125
0 0.53046875 0.361328125 0.0484375 0.05078125
0 0.48671875 0.392578125 0.0484375 0.05078125
0 0.3109375 0.724609375 0.046875 0.05078125
0 0.60546875 0.576171875 0.0484375 0.05078125
0 0.45859375 0.75 0.0484375 0.05078125
0 0.63359375 0.62109375 0.0484375 0.05078125
0 0.25390625 0.4296875 0.0484375 0.05078125
0 0.44453125 0.224609375 0.0484375 0.05078125
0 0.35546875 0.69140625 0.0484375 0.05078125
0 0.515625 0.640625 0.046875 0.05078125
0 0.70859375 0.63671875 0.0484375 0.05078125
0 0.57421875 0.529296875 0.0484375 0.05078125
0 0.10859375 0.400390625 0.0484375 0.05078125
0 0.48671875 0.595703125 0.0484375 0.05078125
0 0.44296875 0.6259765625 0.0484375 0.052734375
0 0.2828125 0.474609375 0.046875 0.05078125
0 0.559375 0.607421875 0.046875 0.05078125
0 0.328125 0.244140625 0.046875 0.05078125
0 0.3859375 0.333984375 0.046875 0.05078125
0 0.58984375 0.4521484375 0.0484375 0.052734375
0 0.53046875 0.5625 0.0484375 0.05078125
0 0.515625 0.439453125 0.046875 0.05078125
0 0.5328125 0.765625 0.046875 0.05078125
0 0.2390625 0.5078125 0.046875 0.05078125
0 0.153125 0.3701171875 0.046875 0.052734375
0 0.471875 0.470703125 0.046875 0.05078125
0 0.3265625 0.64453125 0.046875 0.05078125
0 0.4140625 0.580078125 0.046875 0.05078125
0 0.41640625 0.1796875 0.0484375 0.05078125
0 0.58984375 0.654296875 0.0484375 0.05078125
0 0.5765625 0.734375 0.046875 0.05078125
0 0.22578125 0.3828125 0.0484375 0.05078125
0 0.18125 0.4150390625 0.046875 0.052734375
0 0.646875 0.5439453125 0.046875 0.052734375
0 0.67734375 0.591796875 0.0484375 0.05078125
0 0.44296875 0.830078125 0.0484375 0.05078125
0 0.50234375 0.31640625 0.0484375 0.05078125
0 0.4140625 0.783203125 0.046875 0.05078125
0 0.42734375 0.50390625 0.0484375 0.05078125
0 0.4734375 0.26953125 0.046875 0.05078125
0 0.2828125 0.677734375 0.046875 0.05078125
0 0.240625 0.3046875 0.046875 0.05078125
0 0.39921875 0.86328125 0.0484375 0.05078125
0 0.34140625 0.3662109375 0.0484375 0.052734375
0 0.29765625 0.396484375 0.0484375 0.05078125
0 0.50234375 0.7197265625 0.0484375 0.052734375
0 0.16640625 0.4921875 0.0484375 0.05078125
0 0.45859375 0.548828125 0.0484375 0.05078125
0 0.559375 0.40625 0.046875 0.05078125
0 0.196875 0.337890625 0.046875 0.05078125
