0 0.24453125 0.5205078125 0.0796875 0.052734375
0 0.20546875 0.7041015625 0.0796875 0.052734375
0 0.734375 0.6357421875 0.08125 0.052734375
0 0.35078125 0.5654296875 0.0796875 0.052734375
0 0.35390625 0.2666015625 0.0796875 0.052734375
0 0.38984375 0.380859375 0.0796875 0.0546875
0 0.63125 0.5888671875 0.08125 0.052734375
0 0.6640625 0.7041015625 0.08125 0.052734375
0 0.1734375 0.5908203125 0.08125 0.052734375
0 0.31875 0.4501953125 0.08125 0.052734375
0 0.70234375 0.5185546875 0.0796875 0.052734375
0 0.39921875 0.7392578125 0.0796875 0.052734375
0 0.4375 0.5537109375 0.08125 0.052734375
0 0.6671875 0.4033203125 0.08125 0.052734375
0 0.2375 0.8212890625 0.08125 0.052734375
0 0.59296875 0.7744140625 0.0796875 0.052734375
0 0.69921875 0.8212890625 0.0796875 0.052734375
0 0.609375 0.8349609375 0.08125 0.052734375
0 0.2765625 0.6357421875 0.08125 0.052734375
0 0.50234375 0.7880859375 0.0796875 0.052734375
0 0.61875 0.23046875 0.08125 0.0546875
0 0.421875 0.4970703125 0.08125 0.052734375
0 0.825 0.6220703125 0.08125 0.052734375
0 0.5640625 0.357421875 0.08125 0.0546875
0 0.7703125 0.7509765625 0.08125 0.052734375
0 0.8609375 0.7392578125 0.08125 0.052734375
0 0.4859375 0.7275390625 0.08125 0.052734375
0 0.2671875 0.2783203125 0.08125 0.052734375
0 0.4609375 0.3134765625 0.08125 0.052734375
0 0.5796875 0.4150390625 0.08125 0.052734375
0 0.53125 0.2431640625 0.08125 0.052734375
0 0.309375 0.7509765625 0.08125 0.052734375
0 0.125 0.4169921875 0.08125 0.052734375
0 0.19609375 0.3466796875 0.0796875 0.052734375
0 0.43125 0.857421875 0.08125 0.0546875
0 0.7734375 0.4482421875 0.08125 0.052734375
0 0.509375 0.4853515625 0.08125 0.052734375
0 0.6859375 0.4619140625 0.08125 0.052734375
0 0.5609375 0.6591796875 0.08125 0.052734375
0 0.74140625 0.3349609375 0.0796875 0.052734375
0 0.54453125 0.6005859375 0.0796875 0.052734375
0 0.725 0.2763671875 0.08125 0.052734375
0 0.228125 0.4638671875 0.08125 0.052734375
0 0.615625 0.53125 0.08125 0.0546875
0 0.325 0.8115234375 0.08125 0.052734375
0 0.30234375 0.3935546875 0.0796875 0.052734375
0 0.15703125 0.53125 0.0796875 0.0546875
0 0.3828125 0.681640625 0.08125 0.0546875
0 0.634375 0.2880859375 0.08125 0.052734375
0 0.2828125 0.3369140625 0.08125 0.052734375
0 0.34453125 0.8701171875 0.0796875 0.052734375
0 0.1796875 0.2900390625 0.08125 0.052734375
0 0.5765625 0.7158203125 0.08125 0.052734375
0 0.3671875 0.6240234375 0.08125 0.052734375
0 0.54765625 0.2998046875 0.0796875 0.052734375
0 0.65078125 0.3466796875 0.0796875 0.052734375
0 0.525 0.5419921875 0.08125 0.052734375
0 0.7859375 0.8115234375 0.08125 0.052734375
0 0.45390625 0.6123046875 0.0796875 0.052734375
0 0.221875 0.7646484375 0.08125 0.052734375
0 0.3703125 0.3232421875 0.08125 0.052734375
0 0.4765625 0.3701171875 0.08125 0.052734375
0 0.75390625 0.6923828125 0.0796875 0.052734375
0 0.2125 0.40625 0.08125 0.0546875
0 0.8765625 0.7978515625 0.08125 0.052734375
0 0.6796875 0.7626953125 0.08125 0.052734375
0 0.18984375 0.6474609375 0.0796875 0.052734375
0 0.78984375 0.505859375 0.0796875 0.0546875
0 0.14140625 0.4736328125 0.0796875 0.052734375
0 0.809375 0.5654296875 0.08125 0.052734375
0 0.4703125 0.6689453125 0.08125 0.052734375
0 0.71875 0.5751953125 0.08125 0.052734375
0 0.40546875 0.4384765625 0.0796875 0.052734375
0 0.334375 0.5078125 0.08125 0.0546875
0 0.84140625 0.681640625 0.0796875 0.0546875
0 0.75703125 0.3916015625 0.0796875 0.052734375
0 0.25390625 0.880859375 0.0796875 0.0546875
0 0.109375 0.3603515625 0.08125 0.052734375
0 0.51875 0.8447265625 0.08125 0.052734375
0 0.415625 0.7978515625 0.08125 0.052734375
0 0.29296875 0.6943359375 0.0796875 0.052734375
0 0.70546875 0.2197265625 0.0796875 0.052734375
0 0.09296875 0.3017578125 0.0796875 0.052734375
0 0.49296875 0.4267578125 0.0796875 0.052734375
0 0.59609375 0.4716796875 0.0796875 0.052734375
0 0.2609375 0.5771484375 0.08125 0.052734375
0 0.44453125 0.255859375 0.0796875 0.0546875
0 0.64765625 0.6455078125 0.0796875 0.052734375
