0 0.6140625 0.359375 0.040625 0.046875
0 0.596875 0.447265625 0.040625 0.046875
0 0.54140625 0.296875 0.0390625 0.05078125
0 0.51171875 0.650390625 0.0390625 0.046875
0 0.6234375 0.3154296875 0.040625 0.048828125
0 0.53515625 0.7431640625 0.0390625 0.048828125
0 0.5875 0.490234375 0.0375 0.046875
0 0.6828125 0.6435546875 0.0375 0.048828125
0 0.64609375 0.4111328125 0.0390625 0.048828125
0 0.72890625 0.427734375 0.0390625 0.046875
0 0.578125 0.5322265625 0.040625 0.048828125
0 0.46328125 0.68359375 0.0390625 0.046875
0 0.58359375 0.7099609375 0.0390625 0.048828125
0 0.6546875 0.76953125 0.040625 0.046875
0 0.55234375 0.66015625 0.0390625 0.046875
0 0.80078125 0.490234375 0.0390625 0.046875
0 0.56953125 0.57421875 0.0390625 0.046875
0 0.5328125 0.3427734375 0.040625 0.048828125
0 0.8109375 0.4443359375 0.0375 0.048828125
0 0.62890625 0.4990234375 0.0390625 0.048828125
0 0.4546875 0.7265625 0.040625 0.046875
0 0.56484375 0.392578125 0.0390625 0.046875
0 0.70078125 0.55859375 0.0390625 0.046875
0 0.678125 0.462890625 0.040625 0.046875
0 0.69609375 0.376953125 0.0390625 0.05078125
0 0.496875 0.515625 0.040625 0.046875
0 0.66953125 0.505859375 0.0390625 0.046875
0 0.83125 0.359375 0.040625 0.046875
0 0.471875 0.640625 0.040625 0.046875
0 0.71953125 0.4716796875 0.0390625 0.048828125
0 0.546875 0.482421875 0.0375 0.046875
0 0.5140625 0.427734375 0.040625 0.046875
0 0.7234375 0.650390625 0.0375 0.046875
0 0.52890625 0.56640625 0.0390625 0.05078125
0 0.5609375 0.6162109375 0.040625 0.048828125
0 0.74921875 0.33984375 0.0390625 0.046875
0 0.71328125 0.6943359375 0.0390625 0.048828125
0 0.659375 0.5498046875 0.0375 0.048828125
0 0.48046875 0.599609375 0.0390625 0.05078125
0 0.78203125 0.57421875 0.0390625 0.046875
0 0.63359375 0.6767578125 0.0390625 0.048828125
0 0.6515625 0.591796875 0.0375 0.046875
0 0.6109375 0.5830078125 0.0375 0.048828125
0 0.77734375 0.3935546875 0.0390625 0.048828125
0 0.5234375 0.384765625 0.0375 0.046875
0 0.62421875 0.716796875 0.0390625 0.046875
0 0.69453125 0.7763671875 0.0390625 0.048828125
0 0.66484375 0.32421875 0.0390625 0.046875
0 0.50390625 0.693359375 0.0390625 0.046875
0 0.70390625 0.736328125 0.0390625 0.046875
0 0.60078125 0.626953125 0.0390625 0.046875
0 0.75078125 0.5234375 0.0390625 0.046875
0 0.71015625 0.515625 0.0390625 0.046875
0 0.60625 0.40234375 0.040625 0.046875
0 0.49453125 0.7333984375 0.0390625 0.048828125
0 0.753125 0.703125 0.040625 0.046875
0 0.70546875 0.33203125 0.0390625 0.05078125
0 0.73125 0.6103515625 0.0375 0.048828125
0 0.6875 0.4208984375 0.040625 0.048828125
0 0.50546875 0.470703125 0.0390625 0.046875
0 0.61484375 0.7587890625 0.0390625 0.048828125
0 0.67265625 0.68359375 0.0390625 0.046875
0 0.68984375 0.6015625 0.0390625 0.046875
0 0.57421875 0.75 0.0390625 0.046875
0 0.7390625 0.384765625 0.0375 0.046875
0 0.78984375 0.3486328125 0.0390625 0.048828125
0 0.4890625 0.55859375 0.040625 0.046875
0 0.52109375 0.607421875 0.0390625 0.046875
0 0.63671875 0.455078125 0.0390625 0.05078125
0 0.6640625 0.7265625 0.040625 0.046875
0 0.759375 0.482421875 0.040625 0.046875
0 0.54375 0.7001953125 0.040625 0.048828125
0 0.58203125 0.3046875 0.0390625 0.046875
0 0.79140625 0.5322265625 0.0390625 0.048828125
0 0.82109375 0.40234375 0.0390625 0.046875
0 0.61796875 0.541015625 0.0390625 0.046875
0 0.59140625 0.66796875 0.0390625 0.046875
0 0.73515625 0.78515625 0.0390625 0.046875
0 0.57421875 0.349609375 0.0390625 0.046875
0 0.65546875 0.3662109375 0.0390625 0.048828125
0 0.77265625 0.6171875 0.0390625 0.046875
0 0.53671875 0.5234375 0.0390625 0.046875
0 0.55390625 0.4375 0.0390625 0.046875
0 0.64140625 0.634765625 0.0390625 0.046875
0 0.74140625 0.56640625 0.0390625 0.05078125
0 0.74453125 0.7431640625 0.0390625 0.048828125
0 0.76328125 0.66015625 0.0421875 0.046875
0 0.76875 0.4375 0.040625 0.046875
