0 0.55859375 0.2744140625 0.0390625 0.048828125
0 0.48671875 0.3291015625 0.0390625 0.048828125
0 0.46171875 0.4716796875 0.0390625 0.048828125
0 0.63046875 0.4052734375 0.0390625 0.048828125
0 0.36015625 0.6708984375 0.0390625 0.048828125
0 0.54609375 0.3447265625 0.0390625 0.048828125
0 0.43515625 0.6162109375 0.0390625 0.048828125
0 0.28046875 0.4228515625 0.0390625 0.048828125
0 0.61796875 0.4775390625 0.0390625 0.048828125
0 0.30078125 0.6552734375 0.0390625 0.048828125
0 0.45859375 0.6591796875 0.0390625 0.048828125
0 0.20703125 0.4794921875 0.0390625 0.048828125
0 0.25703125 0.3798828125 0.0390625 0.048828125
0 0.52109375 0.4873046875 0.0390625 0.048828125
0 0.51171875 0.1865234375 0.0390625 0.048828125
0 0.27578125 0.6103515625 0.0390625 0.048828125
0 0.32734375 0.5107421875 0.0390625 0.048828125
0 0.28984375 0.5380859375 0.0390625 0.048828125
0 0.55703125 0.4599609375 0.0390625 0.048828125
0 0.33671875 0.6279296875 0.0390625 0.048828125
0 0.38359375 0.7158203125 0.0390625 0.048828125
0 0.47109375 0.5869140625 0.0390625 0.048828125
0 0.60703125 0.3623046875 0.0390625 0.048828125
0 0.22109375 0.4072265625 0.0390625 0.048828125
0 0.26796875 0.4951171875 0.0390625 0.048828125
0 0.43828125 0.4287109375 0.0390625 0.048828125
0 0.39765625 0.6435546875 0.0390625 0.048828125
0 0.58359375 0.3173828125 0.0390625 0.048828125
0 0.16953125 0.5068359375 0.0390625 0.048828125
0 0.23046875 0.5224609375 0.0390625 0.048828125
0 0.53203125 0.6044921875 0.0390625 0.048828125
0 0.37421875 0.5986328125 0.0390625 0.048828125
0 0.18359375 0.4345703125 0.0390625 0.048828125
0 0.35078125 0.5556640625 0.0390625 0.048828125
0 0.35390625 0.3681640625 0.0390625 0.048828125
0 0.42109375 0.6884765625 0.0390625 0.048828125
0 0.40078125 0.4560546875 0.0390625 0.048828125
0 0.53359375 0.4169921875 0.0390625 0.048828125
0 0.14609375 0.4619140625 0.0390625 0.048828125
0 0.42421875 0.4990234375 0.0390625 0.048828125
0 0.65390625 0.4482421875 0.0390625 0.048828125
0 0.25390625 0.5673828125 0.0390625 0.048828125
0 0.67734375 0.4931640625 0.0390625 0.048828125
0 0.46328125 0.2861328125 0.0390625 0.048828125
0 0.49765625 0.4443359375 0.0390625 0.048828125
0 0.42734375 0.3134765625 0.0390625 0.048828125
0 0.53515625 0.2314453125 0.0390625 0.048828125
0 0.48515625 0.5166015625 0.0390625 0.048828125
0 0.58046875 0.5048828125 0.0390625 0.048828125
0 0.49921875 0.2587890625 0.0390625 0.048828125
0 0.31796875 0.3955078125 0.0390625 0.048828125
0 0.40390625 0.2705078125 0.0390625 0.048828125
0 0.29453125 0.3505859375 0.0390625 0.048828125
0 0.36484375 0.4833984375 0.0390625 0.048828125
0 0.34140625 0.4384765625 0.0390625 0.048828125
0 0.47421875 0.3994140625 0.0390625 0.048828125
0 0.44765625 0.5439453125 0.0390625 0.048828125
0 0.57109375 0.3896484375 0.0390625 0.048828125
0 0.50859375 0.5595703125 0.0390625 0.048828125
0 0.37734375 0.4111328125 0.0390625 0.048828125
0 0.60546875 0.5478515625 0.0390625 0.048828125
0 0.54453125 0.5322265625 0.0390625 0.048828125
0 0.26171875 0.6845703125 0.0390625 0.048828125
0 0.52265625 0.3017578125 0.0390625 0.048828125
0 0.51015625 0.3720703125 0.0390625 0.048828125
0 0.24453125 0.4501953125 0.0390625 0.048828125
0 0.30859375 0.7724609375 0.0390625 0.048828125
0 0.41171875 0.5712890625 0.0390625 0.048828125
0 0.38828125 0.5263671875 0.0390625 0.048828125
0 0.28515625 0.7275390625 0.0390625 0.048828125
0 0.31484375 0.5830078125 0.0390625 0.048828125
0 0.21640625 0.5947265625 0.0390625 0.048828125
0 0.49453125 0.6318359375 0.0390625 0.048828125
0 0.41484375 0.3837890625 0.0390625 0.048828125
0 0.34765625 0.7451171875 0.0390625 0.048828125
0 0.59453125 0.4326171875 0.0390625 0.048828125
0 0.23828125 0.6396484375 0.0390625 0.048828125
0 0.32265625 0.7001953125 0.0390625 0.048828125
0 0.19296875 0.5498046875 0.0390625 0.048828125
0 0.45078125 0.3564453125 0.0390625 0.048828125
0 0.36796875 0.2978515625 0.0390625 0.048828125
0 0.30390625 0.4677734375 0.0390625 0.048828125
0 0.39140625 0.3408203125 0.0390625 0.048828125
0 0.33203125 0.3251953125 0.0390625 0.048828125
0 0.43984375 0.2412109375 0.0390625 0.048828125
0 0.64140625 0.5205078125 0.0390625 0.048828125
0 0.47578125 0.2138671875 0.0390625 0.048828125
0 0.56796875 0.5771484375 0.0390625 0.048828125
