0 0.26171875 0.54296875 0.0453125 0.05078125
0 0.76484375 0.4345703125 0.0453125 0.048828125
0 0.56640625 0.259765625 0.0453125 0.05078125
0 0.61796875 0.4990234375 0.0453125 0.048828125
0 0.67578125 0.228515625 0.0453125 0.05078125
0 0.4390625 0.521484375 0.04375 0.05078125
0 0.4765625 0.486328125 0.04375 0.05078125
0 0.42265625 0.75390625 0.0453125 0.05078125
0 0.6828125 0.583984375 0.04375 0.05078125
0 0.8046875 0.400390625 0.04375 0.05078125
0 0.6234375 0.421875 0.04375 0.05078125
0 0.53515625 0.6474609375 0.0453125 0.048828125
0 0.49765625 0.68359375 0.0453125 0.05078125
0 0.2921875 0.5859375 0.04375 0.05078125
0 0.465625 0.6416015625 0.04375 0.048828125
0 0.70078125 0.349609375 0.0453125 0.05078125
0 0.5984375 0.3017578125 0.04375 0.048828125
0 0.43359375 0.599609375 0.0453125 0.05078125
0 0.55859375 0.337890625 0.0453125 0.05078125
0 0.41953125 0.32421875 0.0453125 0.05078125
0 0.64453125 0.619140625 0.0453125 0.05078125
0 0.390625 0.7119140625 0.04375 0.048828125
0 0.66328125 0.38671875 0.0453125 0.05078125
0 0.4515625 0.3662109375 0.04375 0.048828125
0 0.65078125 0.541015625 0.0453125 0.05078125
0 0.60546875 0.22265625 0.0453125 0.05078125
0 0.50859375 0.529296875 0.0453125 0.05078125
0 0.56796875 0.689453125 0.0453125 0.05078125
0 0.79765625 0.4765625 0.0453125 0.05078125
0 0.39609375 0.6357421875 0.0453125 0.048828125
0 0.33125 0.55078125 0.04375 0.05078125
0 0.7078125 0.271484375 0.04375 0.05078125
0 0.68828125 0.5068359375 0.0453125 0.048828125
0 0.40078125 0.556640625 0.0453125 0.05078125
0 0.73984375 0.3134765625 0.0453125 0.048828125
0 0.37421875 0.4365234375 0.0453125 0.048828125
0 0.40703125 0.478515625 0.0453125 0.05078125
0 0.51640625 0.451171875 0.0453125 0.05078125
0 0.59140625 0.3798828125 0.0453125 0.048828125
0 0.6109375 0.5771484375 0.04375 0.048828125
0 0.32578125 0.626953125 0.0453125 0.05078125
0 0.63828125 0.265625 0.0453125 0.05078125
0 0.5734375 0.61328125 0.04375 0.05078125
0 0.4890625 0.330078125 0.04375 0.05078125
0 0.47109375 0.5625 0.0453125 0.05078125
0 0.54140625 0.5712890625 0.0453125 0.048828125
0 0.49296875 0.759765625 0.0453125 0.05078125
0 0.35859375 0.669921875 0.0453125 0.05078125
0 0.58046875 0.53515625 0.0453125 0.05078125
0 0.50390625 0.60546875 0.0453125 0.05078125
0 0.64296875 0.1875 0.0453125 0.05078125
0 0.6109375 0.142578125 0.04375 0.05078125
0 0.6953125 0.427734375 0.04375 0.05078125
0 0.41171875 0.40234375 0.0453125 0.05078125
0 0.22734375 0.5029296875 0.0453125 0.048828125
0 0.36328125 0.59375 0.0453125 0.05078125
0 0.65546875 0.46484375 0.0453125 0.05078125
0 0.55390625 0.4140625 0.0453125 0.05078125
0 0.46015625 0.71875 0.0453125 0.05078125
0 0.5734375 0.1787109375 0.04375 0.048828125
0 0.3796875 0.357421875 0.04375 0.05078125
0 0.7203125 0.548828125 0.04375 0.05078125
0 0.3046875 0.4296875 0.04375 0.05078125
0 0.45546875 0.796875 0.0453125 0.05078125
0 0.5484375 0.4921875 0.04375 0.05078125
0 0.5859375 0.45703125 0.04375 0.05078125
0 0.52109375 0.3720703125 0.0453125 0.048828125
0 0.48359375 0.408203125 0.0453125 0.05078125
0 0.44453125 0.4443359375 0.0453125 0.048828125
0 0.29921875 0.5087890625 0.0453125 0.048828125
0 0.3421875 0.39453125 0.04375 0.05078125
0 0.72734375 0.470703125 0.0453125 0.05078125
0 0.63046875 0.34375 0.0453125 0.05078125
0 0.53359375 0.21484375 0.0453125 0.05078125
0 0.52890625 0.294921875 0.0453125 0.05078125
0 0.33671875 0.47265625 0.0453125 0.05078125
0 0.6703125 0.3076171875 0.04375 0.048828125
0 0.76015625 0.5126953125 0.0453125 0.048828125
0 0.49609375 0.251953125 0.0453125 0.05078125
0 0.45703125 0.287109375 0.0453125 0.05078125
0 0.60546875 0.65625 0.0453125 0.05078125
0 0.77265625 0.357421875 0.0453125 0.05078125
0 0.428125 0.67578125 0.04375 0.05078125
0 0.36875 0.515625 0.04375 0.05078125
0 0.7328125 0.392578125 0.04375 0.05078125
0 0.83671875 0.4423828125 0.0453125 0.048828125
0 0.26640625 0.466796875 0.0453125 0.05078125
0 0.53046875 0.7265625 0.0453125 0.05078125
