0 0.57890625 0.15234375 0.0796875 0.05078125
0 0.1640625 0.572265625 0.08125 0.05078125
0 0.34375 0.265625 0.08125 0.05078125
0 0.44375 0.603515625 0.08125 0.05078125
0 0.109375 0.37890625 0.08125 0.05078125
0 0.7265625 0.6328125 0.08125 0.05078125
0 0.13515625 0.4755859375 0.0796875 0.048828125
0 0.37265625 0.359375 0.0796875 0.05078125
0 0.0578125 0.189453125 0.08125 0.05078125
0 0.5046875 0.498046875 0.08125 0.05078125
0 0.14453125 0.18359375 0.0796875 0.05078125
0 0.225 0.46875 0.08125 0.05078125
0 0.53359375 0.59765625 0.0796875 0.05078125
0 0.55 0.6484375 0.08125 0.05078125
0 0.57578125 0.443359375 0.0796875 0.05078125
0 0.41796875 0.212890625 0.0796875 0.05078125
0 0.24453125 0.224609375 0.0796875 0.05078125
0 0.64921875 0.388671875 0.0796875 0.05078125
0 0.55 0.34765625 0.08125 0.05078125
0 0.40234375 0.455078125 0.0796875 0.05078125
0 0.25078125 0.56640625 0.0796875 0.05078125
0 0.07109375 0.236328125 0.0796875 0.05078125
0 0.6078125 0.541015625 0.08125 0.05078125
0 0.47578125 0.400390625 0.0796875 0.05078125
0 0.08359375 0.283203125 0.0796875 0.05078125
0 0.2796875 0.666015625 0.08125 0.05078125
0 0.2703125 0.3203125 0.08125 0.05078125
0 0.23828125 0.517578125 0.0796875 0.05078125
0 0.31796875 0.171875 0.0796875 0.05078125
0 0.6203125 0.29296875 0.08125 0.05078125
0 0.40546875 0.166015625 0.0796875 0.05078125
0 0.446875 0.3046875 0.08125 0.05078125
0 0.6078125 0.24609375 0.08125 0.05078125
0 0.340625 0.560546875 0.08125 0.05078125
0 0.6203125 0.591796875 0.08125 0.05078125
0 0.19609375 0.373046875 0.0796875 0.05078125
0 0.42734375 0.5546875 0.0796875 0.05078125
0 0.29921875 0.4140625 0.0796875 0.05078125
0 0.68203125 0.486328125 0.0796875 0.05078125
0 0.7109375 0.58203125 0.08125 0.05078125
0 0.41484375 0.505859375 0.0796875 0.05078125
0 0.18359375 0.326171875 0.0796875 0.05078125
0 0.26328125 0.615234375 0.0796875 0.05078125
0 0.36953125 0.66015625 0.0796875 0.05078125
0 0.18984375 0.671875 0.0796875 0.05078125
0 0.63671875 0.33984375 0.0796875 0.05078125
0 0.2125 0.4208984375 0.08125 0.048828125
0 0.784375 0.52734375 0.08125 0.05078125
0 0.1578125 0.23046875 0.08125 0.05078125
0 0.31171875 0.462890625 0.0796875 0.05078125
0 0.43125 0.259765625 0.08125 0.05078125
0 0.52109375 0.2529296875 0.0796875 0.048828125
0 0.23125 0.177734375 0.08125 0.05078125
0 0.15078125 0.5234375 0.0796875 0.05078125
0 0.12265625 0.427734375 0.0796875 0.05078125
0 0.1703125 0.27734375 0.08125 0.05078125
0 0.09609375 0.33203125 0.0796875 0.05078125
0 0.328125 0.51171875 0.08125 0.05078125
0 0.59453125 0.1982421875 0.0796875 0.048828125
0 0.665625 0.4375 0.08125 0.05078125
0 0.75546875 0.431640625 0.0796875 0.05078125
0 0.3859375 0.408203125 0.08125 0.05078125
0 0.68203125 0.19140625 0.0796875 0.05078125
0 0.1765625 0.623046875 0.08125 0.05078125
0 0.51796875 0.546875 0.0796875 0.05078125
0 0.53359375 0.298828125 0.0796875 0.05078125
0 0.35390625 0.609375 0.0796875 0.05078125
0 0.45703125 0.654296875 0.0796875 0.05078125
0 0.7109375 0.287109375 0.08125 0.05078125
0 0.5625 0.39453125 0.08125 0.05078125
0 0.7234375 0.333984375 0.08125 0.05078125
0 0.36015625 0.314453125 0.0796875 0.05078125
0 0.59140625 0.4921875 0.0796875 0.05078125
0 0.69765625 0.53515625 0.0796875 0.05078125
0 0.63671875 0.638671875 0.0796875 0.05078125
0 0.5046875 0.20703125 0.08125 0.05078125
0 0.2859375 0.3662109375 0.08125 0.048828125
0 0.33125 0.21875 0.08125 0.05078125
0 0.46015625 0.353515625 0.0796875 0.05078125
0 0.81640625 0.626953125 0.0796875 0.05078125
0 0.665625 0.146484375 0.08125 0.05078125
0 0.25703125 0.271484375 0.0796875 0.05078125
0 0.4921875 0.158203125 0.08125 0.05078125
0 0.4890625 0.44921875 0.08125 0.05078125
0 0.69453125 0.23828125 0.0796875 0.05078125
0 0.73984375 0.3828125 0.0796875 0.05078125
0 0.771875 0.48046875 0.08125 0.05078125
0 0.80078125 0.576171875 0.0796875 0.05078125
