0 0.53125 0.3720703125 0.040625 0.048828125
0 0.56484375 0.4052734375 0.0390625 0.052734375
0 0.25 0.7734375 0.040625 0.05078125
0 0.35390625 0.4052734375 0.0421875 0.052734375
0 0.34140625 0.796875 0.0421875 0.05078125
0 0.37734375 0.3623046875 0.0421875 0.052734375
0 0.24296875 0.697265625 0.0421875 0.05078125
0 0.42578125 0.7421875 0.0421875 0.05078125
0 0.465625 0.578125 0.040625 0.05078125
0 0.57421875 0.4814453125 0.0421875 0.052734375
0 0.34765625 0.6005859375 0.0421875 0.052734375
0 0.45546875 0.5029296875 0.0421875 0.052734375
0 0.28984375 0.6103515625 0.0390625 0.052734375
0 0.265625 0.654296875 0.04375 0.05078125
0 0.51484375 0.494140625 0.0421875 0.05078125
0 0.27265625 0.458984375 0.0421875 0.05078125
0 0.25625 0.578125 0.040625 0.05078125
0 0.4171875 0.6669921875 0.040625 0.052734375
0 0.446875 0.4267578125 0.040625 0.052734375
0 0.3390625 0.5244140625 0.040625 0.052734375
0 0.32109375 0.3720703125 0.0421875 0.048828125
0 0.53359375 0.6455078125 0.0421875 0.052734375
0 0.35234375 0.8720703125 0.0421875 0.052734375
0 0.49921875 0.6123046875 0.0390625 0.048828125
0 0.2328125 0.6220703125 0.040625 0.052734375
0 0.33203125 0.720703125 0.0390625 0.05078125
0 0.42265625 0.4697265625 0.0421875 0.048828125
0 0.59921875 0.4384765625 0.0421875 0.048828125
0 0.43046875 0.5458984375 0.0421875 0.052734375
0 0.40703125 0.5908203125 0.0421875 0.052734375
0 0.3578125 0.67578125 0.040625 0.05078125
0 0.63359375 0.4697265625 0.0421875 0.048828125
0 0.43984375 0.623046875 0.0390625 0.05078125
0 0.4359375 0.818359375 0.040625 0.05078125
0 0.53984375 0.44921875 0.0421875 0.05078125
0 0.43671875 0.3515625 0.0421875 0.05078125
0 0.496875 0.3388671875 0.040625 0.052734375
0 0.3765625 0.8310546875 0.040625 0.052734375
0 0.3296875 0.44921875 0.040625 0.05078125
0 0.50546875 0.4140625 0.0390625 0.05078125
0 0.525 0.5693359375 0.040625 0.052734375
0 0.3234375 0.6435546875 0.040625 0.052734375
0 0.18359375 0.7080078125 0.0421875 0.052734375
0 0.48359375 0.7333984375 0.0421875 0.052734375
0 0.1734375 0.6337890625 0.040625 0.048828125
0 0.42890625 0.2734375 0.0421875 0.0546875
0 0.3703125 0.28515625 0.040625 0.05078125
0 0.58359375 0.556640625 0.0390625 0.05078125
0 0.4125 0.3935546875 0.040625 0.048828125
0 0.39609375 0.5146484375 0.0421875 0.048828125
0 0.31796875 0.83984375 0.0421875 0.05078125
0 0.3640625 0.4814453125 0.040625 0.052734375
0 0.22265625 0.5458984375 0.0421875 0.052734375
0 0.3453125 0.330078125 0.040625 0.05078125
0 0.309375 0.7626953125 0.040625 0.048828125
0 0.24609375 0.5029296875 0.0421875 0.052734375
0 0.275 0.7294921875 0.040625 0.052734375
0 0.46171875 0.306640625 0.0421875 0.05078125
0 0.36640625 0.751953125 0.0421875 0.05078125
0 0.28125 0.5361328125 0.040625 0.048828125
0 0.3734375 0.556640625 0.04375 0.05078125
0 0.28359375 0.8056640625 0.0390625 0.052734375
0 0.50859375 0.6904296875 0.0421875 0.052734375
0 0.44921875 0.69921875 0.0421875 0.05078125
0 0.2078125 0.6669921875 0.040625 0.052734375
0 0.38515625 0.9052734375 0.0390625 0.048828125
0 0.3890625 0.4384765625 0.040625 0.048828125
0 0.19921875 0.5908203125 0.0390625 0.052734375
0 0.471875 0.3837890625 0.040625 0.052734375
0 0.46015625 0.7763671875 0.0421875 0.048828125
0 0.55 0.5244140625 0.040625 0.052734375
0 0.47421875 0.654296875 0.0421875 0.05078125
0 0.29453125 0.4140625 0.0421875 0.05078125
0 0.4109375 0.8603515625 0.040625 0.048828125
0 0.48984375 0.5361328125 0.0421875 0.048828125
0 0.609375 0.5146484375 0.040625 0.048828125
0 0.3828125 0.6337890625 0.040625 0.048828125
0 0.39375 0.2412109375 0.040625 0.052734375
0 0.29921875 0.6884765625 0.0421875 0.052734375
0 0.40234375 0.3173828125 0.0421875 0.052734375
0 0.15 0.67578125 0.040625 0.05078125
0 0.31484375 0.5673828125 0.0421875 0.048828125
0 0.40078125 0.7861328125 0.0421875 0.052734375
0 0.39140625 0.7080078125 0.0390625 0.052734375
0 0.3046875 0.4912109375 0.040625 0.048828125
0 0.21640625 0.7412109375 0.0421875 0.052734375
0 0.55859375 0.6005859375 0.0390625 0.052734375
0 0.48125 0.458984375 0.04375 0.05078125
