0 0.61484375 0.244140625 0.0390625 0.046875
0 0.43984375 0.525390625 0.0390625 0.046875
0 0.7046875 0.525390625 0.040625 0.046875
0 0.54609375 0.587890625 0.0390625 0.05078125
0 0.46484375 0.4619140625 0.0390625 0.048828125
0 0.38046875 0.337890625 0.0421875 0.046875
0 0.57734375 0.6826171875 0.0390625 0.048828125
0 0.6015625 0.619140625 0.040625 0.05078125
0 0.44296875 0.2578125 0.0390625 0.05078125
0 0.58515625 0.15234375 0.0390625 0.046875
0 0.58984375 0.3076171875 0.0390625 0.048828125
0 0.50859375 0.1826171875 0.0421875 0.048828125
0 0.49296875 0.5556640625 0.0390625 0.048828125
0 0.35703125 0.400390625 0.0390625 0.05078125
0 0.66640625 0.541015625 0.0390625 0.046875
0 0.52734375 0.384765625 0.0421875 0.05078125
0 0.3515625 0.244140625 0.040625 0.046875
0 0.64140625 0.603515625 0.0390625 0.05078125
0 0.53828125 0.6982421875 0.0390625 0.048828125
0 0.48359375 0.244140625 0.0421875 0.046875
0 0.55703125 0.4775390625 0.0390625 0.048828125
0 0.39140625 0.228515625 0.0390625 0.046875
0 0.41015625 0.4296875 0.0390625 0.05078125
0 0.5515625 0.3232421875 0.040625 0.048828125
0 0.48828125 0.400390625 0.0390625 0.05078125
0 0.48359375 0.66796875 0.0421875 0.046875
0 0.60546875 0.353515625 0.0421875 0.05078125
0 0.44453125 0.6826171875 0.0421875 0.048828125
0 0.4015625 0.541015625 0.040625 0.046875
0 0.46015625 0.3046875 0.0390625 0.046875
0 0.46796875 0.1982421875 0.0390625 0.048828125
0 0.65546875 0.6494140625 0.0390625 0.048828125
0 0.4546875 0.572265625 0.040625 0.05078125
0 0.41484375 0.587890625 0.0390625 0.05078125
0 0.52265625 0.6494140625 0.0421875 0.048828125
0 0.521875 0.2314453125 0.040625 0.048828125
0 0.64921875 0.4931640625 0.0390625 0.048828125
0 0.61015625 0.5078125 0.0390625 0.046875
0 0.6734375 0.4296875 0.040625 0.05078125
0 0.32734375 0.3076171875 0.0421875 0.048828125
0 0.42109375 0.3232421875 0.0390625 0.048828125
0 0.37109375 0.447265625 0.0390625 0.046875
0 0.56796875 0.369140625 0.0390625 0.05078125
0 0.56328125 0.634765625 0.0390625 0.046875
0 0.5328125 0.541015625 0.040625 0.046875
0 0.57109375 0.525390625 0.0390625 0.046875
0 0.51796875 0.4931640625 0.0390625 0.048828125
0 0.4484375 0.416015625 0.040625 0.05078125
0 0.60078125 0.1982421875 0.0390625 0.048828125
0 0.5765625 0.26171875 0.040625 0.046875
0 0.4296875 0.212890625 0.040625 0.05078125
0 0.43515625 0.369140625 0.0390625 0.05078125
0 0.4984375 0.2919921875 0.040625 0.048828125
0 0.68828125 0.4775390625 0.0390625 0.048828125
0 0.46796875 0.619140625 0.0390625 0.05078125
0 0.63515625 0.447265625 0.0390625 0.046875
0 0.58046875 0.416015625 0.0421875 0.05078125
0 0.42421875 0.4775390625 0.0421875 0.048828125
0 0.40546875 0.2763671875 0.0421875 0.048828125
0 0.62890625 0.2919921875 0.0390625 0.048828125
0 0.6796875 0.587890625 0.040625 0.05078125
0 0.50234375 0.447265625 0.0421875 0.046875
0 0.36796875 0.2919921875 0.0390625 0.048828125
0 0.38515625 0.4931640625 0.0390625 0.048828125
0 0.59609375 0.4619140625 0.0390625 0.048828125
0 0.4734375 0.3505859375 0.040625 0.048828125
0 0.659375 0.384765625 0.040625 0.05078125
0 0.53828125 0.2763671875 0.0390625 0.048828125
0 0.47890625 0.5078125 0.0390625 0.046875
0 0.6203125 0.400390625 0.040625 0.05078125
0 0.71953125 0.5712890625 0.0390625 0.048828125
0 0.49921875 0.71484375 0.0390625 0.05078125
0 0.56171875 0.2138671875 0.0390625 0.048828125
0 0.42890625 0.634765625 0.0390625 0.046875
0 0.3953125 0.384765625 0.040625 0.05078125
0 0.62578125 0.5556640625 0.0421875 0.048828125
0 0.58671875 0.5712890625 0.0421875 0.048828125
0 0.51328125 0.337890625 0.0390625 0.046875
0 0.64296875 0.337890625 0.0390625 0.046875
0 0.54296875 0.4296875 0.0390625 0.05078125
0 0.33984375 0.3515625 0.0390625 0.05078125
0 0.54609375 0.16796875 0.0390625 0.046875
0 0.50859375 0.603515625 0.0421875 0.05078125
0 0.31328125 0.2587890625 0.0390625 0.048828125
0 0.61796875 0.6650390625 0.0421875 0.048828125
0 0.73515625 0.619140625 0.0421875 0.05078125
0 0.69453125 0.634765625 0.0390625 0.046875
0 0.46015625 0.73046875 0.0390625 0.05078125
