0 0.3234375 0.546875 0.046875 0.0546875
0 0.72421875 0.474609375 0.0484375 0.0546875
0 0.65859375 0.3876953125 0.0484375 0.052734375
0 0.25703125 0.4580078125 0.0484375 0.052734375
0 0.73046875 0.396484375 0.0484375 0.0546875
0 0.65234375 0.466796875 0.0484375 0.0546875
0 0.59296875 0.298828125 0.0484375 0.0546875
0 0.70625 0.1923828125 0.046875 0.052734375
0 0.61640625 0.5 0.0484375 0.0546875
0 0.66328125 0.3076171875 0.0453125 0.052734375
0 0.54453125 0.4931640625 0.0484375 0.052734375
0 0.834375 0.447265625 0.046875 0.05078125
0 0.72109375 0.5546875 0.0484375 0.0546875
0 0.62890625 0.263671875 0.0484375 0.0546875
0 0.3953125 0.5556640625 0.046875 0.052734375
0 0.47421875 0.4853515625 0.0484375 0.052734375
0 0.40546875 0.3955078125 0.0484375 0.052734375
0 0.79609375 0.484375 0.0484375 0.0546875
0 0.47734375 0.404296875 0.0484375 0.0546875
0 0.63515625 0.1845703125 0.0484375 0.052734375
0 0.45859375 0.7255859375 0.0484375 0.052734375
0 0.4109375 0.314453125 0.046875 0.0546875
0 0.68203125 0.58984375 0.0484375 0.0546875
0 0.57265625 0.615234375 0.0484375 0.0546875
0 0.51640625 0.369140625 0.0484375 0.0546875
0 0.578125 0.53515625 0.046875 0.0546875
0 0.33359375 0.3876953125 0.0484375 0.052734375
0 0.596875 0.21875 0.046875 0.0546875
0 0.40078125 0.4755859375 0.0484375 0.052734375
0 0.32890625 0.466796875 0.0484375 0.0546875
0 0.61171875 0.580078125 0.0484375 0.0546875
0 0.640625 0.1044921875 0.046875 0.052734375
0 0.58203125 0.4580078125 0.0484375 0.052734375
0 0.35703125 0.591796875 0.0484375 0.0546875
0 0.6953125 0.3525390625 0.05 0.052734375
0 0.4828125 0.32421875 0.046875 0.0546875
0 0.53515625 0.65234375 0.0453125 0.0546875
0 0.62578125 0.3427734375 0.0484375 0.052734375
0 0.46328125 0.64453125 0.0453125 0.05078125
0 0.8390625 0.369140625 0.05 0.0546875
0 0.51015625 0.4482421875 0.0484375 0.052734375
0 0.5484375 0.4130859375 0.046875 0.052734375
0 0.46796875 0.564453125 0.0484375 0.05078125
0 0.58671875 0.3779296875 0.0484375 0.052734375
0 0.65 0.544921875 0.046875 0.0546875
0 0.80078125 0.404296875 0.0484375 0.0546875
0 0.39140625 0.63671875 0.0453125 0.0546875
0 0.28984375 0.501953125 0.0484375 0.0546875
0 0.53984375 0.572265625 0.0484375 0.05078125
0 0.53046875 0.7333984375 0.0484375 0.052734375
0 0.60234375 0.140625 0.0484375 0.0546875
0 0.440625 0.4404296875 0.046875 0.052734375
0 0.44921875 0.279296875 0.0484375 0.0546875
0 0.60703125 0.66015625 0.0453125 0.0546875
0 0.44453125 0.359375 0.0484375 0.0546875
0 0.6921875 0.431640625 0.046875 0.0546875
0 0.52265625 0.2890625 0.0484375 0.0546875
0 0.56328125 0.17578125 0.0484375 0.0546875
0 0.559375 0.255859375 0.05 0.0546875
0 0.48828125 0.24609375 0.0484375 0.0546875
0 0.6203125 0.4228515625 0.046875 0.052734375
0 0.55390625 0.333984375 0.0484375 0.0546875
0 0.7625 0.4404296875 0.046875 0.052734375
0 0.77265625 0.279296875 0.0484375 0.0546875
0 0.42421875 0.6806640625 0.0484375 0.052734375
0 0.50625 0.5283203125 0.046875 0.052734375
0 0.759375 0.51953125 0.05 0.0546875
0 0.73515625 0.31640625 0.0453125 0.05078125
0 0.42890625 0.599609375 0.0484375 0.05078125
0 0.64453125 0.625 0.0484375 0.0546875
0 0.7671875 0.3603515625 0.05 0.052734375
0 0.70078125 0.271484375 0.0484375 0.05078125
0 0.490625 0.7685546875 0.046875 0.052734375
0 0.68828125 0.509765625 0.0484375 0.0546875
0 0.66796875 0.228515625 0.0484375 0.0546875
0 0.8046875 0.32421875 0.046875 0.0546875
0 0.50078125 0.6083984375 0.0484375 0.052734375
0 0.73828125 0.2373046875 0.0484375 0.052734375
0 0.36875 0.431640625 0.046875 0.0546875
0 0.67265625 0.1494140625 0.0484375 0.052734375
0 0.434375 0.5205078125 0.046875 0.052734375
0 0.525 0.2109375 0.046875 0.0546875
0 0.36328125 0.51171875 0.0484375 0.0546875
0 0.4953125 0.689453125 0.05 0.05078125
0 0.29375 0.4228515625 0.046875 0.052734375
0 0.5671875 0.697265625 0.05 0.0546875
0 0.37265625 0.3515625 0.0484375 0.05078125
0 0.87265625 0.4111328125 0.0484375 0.052734375
