0 0.421875 0.689453125 0.05625 0.05859375
0 0.48984375 0.4970703125 0.0546875 0.060546875
0 0.24453125 0.6123046875 0.0546875 0.060546875
0 0.51171875 0.2607421875 0.0546875 0.060546875
0 0.19609375 0.5693359375 0.0546875 0.060546875
0 0.44453125 0.4560546875 0.0546875 0.060546875
0 0.35390625 0.8818359375 0.0546875 0.060546875
0 0.73984375 0.3837890625 0.0546875 0.060546875
0 0.5578125 0.3037109375 0.05625 0.060546875
0 0.2640625 0.3759765625 0.05625 0.060546875
0 0.78828125 0.4248046875 0.0546875 0.060546875
0 0.63046875 0.6259765625 0.0546875 0.060546875
0 0.11953125 0.6669921875 0.0546875 0.060546875
0 0.30078125 0.3251953125 0.0546875 0.060546875
0 0.54921875 0.2099609375 0.0546875 0.060546875
0 0.29921875 0.7470703125 0.0546875 0.060546875
0 0.16796875 0.7119140625 0.0546875 0.060546875
0 0.23515625 0.5185546875 0.0546875 0.060546875
0 0.61484375 0.4384765625 0.0546875 0.060546875
0 0.41328125 0.5986328125 0.0546875 0.060546875
0 0.38671875 0.318359375 0.0546875 0.05859375
0 0.35859375 0.462890625 0.0546875 0.05859375
0 0.36640625 0.5537109375 0.0546875 0.060546875
0 0.45546875 0.123046875 0.0546875 0.05859375
0 0.70078125 0.4345703125 0.0546875 0.060546875
0 0.30546875 0.8388671875 0.0546875 0.060546875
0 0.43515625 0.3623046875 0.0546875 0.060546875
0 0.37421875 0.6484375 0.0546875 0.05859375
0 0.18671875 0.4775390625 0.0546875 0.060546875
0 0.28984375 0.6533203125 0.0546875 0.060546875
0 0.6609375 0.4814453125 0.05625 0.060546875
0 0.60546875 0.3466796875 0.0546875 0.060546875
0 0.49921875 0.5908203125 0.0546875 0.060546875
0 0.34453125 0.7900390625 0.0546875 0.060546875
0 0.42578125 0.2685546875 0.0546875 0.060546875
0 0.42890625 0.7841796875 0.0546875 0.060546875
0 0.48046875 0.4052734375 0.0546875 0.060546875
0 0.15859375 0.6201171875 0.0546875 0.060546875
0 0.31953125 0.5107421875 0.0546875 0.060546875
0 0.38203125 0.7392578125 0.0546875 0.060546875
0 0.5359375 0.5400390625 0.05625 0.060546875
0 0.66953125 0.576171875 0.0546875 0.05859375
0 0.47734375 0.8271484375 0.0546875 0.060546875
0 0.59296875 0.6748046875 0.0546875 0.060546875
0 0.70703125 0.5263671875 0.0546875 0.060546875
0 0.69140625 0.3408203125 0.0546875 0.060546875
0 0.25078125 0.7041015625 0.0546875 0.060546875
0 0.74609375 0.4755859375 0.0546875 0.060546875
0 0.41796875 0.173828125 0.0546875 0.05859375
0 0.22734375 0.4267578125 0.0546875 0.060546875
0 0.34921875 0.3681640625 0.0546875 0.060546875
0 0.62109375 0.5322265625 0.0546875 0.060546875
0 0.54453125 0.6337890625 0.0546875 0.060546875
0 0.31015625 0.4189453125 0.0546875 0.060546875
0 0.46796875 0.7333984375 0.0546875 0.060546875
0 0.47265625 0.3115234375 0.0546875 0.060546875
0 0.4 0.9228515625 0.05625 0.060546875
0 0.56640625 0.3974609375 0.0546875 0.060546875
0 0.34140625 0.2744140625 0.0546875 0.060546875
0 0.11015625 0.576171875 0.0546875 0.05859375
0 0.50703125 0.6826171875 0.0546875 0.060546875
0 0.40390625 0.50390625 0.0546875 0.05859375
0 0.59765625 0.2529296875 0.0546875 0.060546875
0 0.27265625 0.4697265625 0.0546875 0.060546875
0 0.43671875 0.875 0.0546875 0.05859375
0 0.07265625 0.6259765625 0.0546875 0.060546875
0 0.55390625 0.7255859375 0.0546875 0.060546875
0 0.45078125 0.5478515625 0.0546875 0.060546875
0 0.52890625 0.4482421875 0.0546875 0.060546875
0 0.65234375 0.390625 0.0546875 0.05859375
0 0.21328125 0.7548828125 0.0546875 0.060546875
0 0.28203125 0.5615234375 0.0546875 0.060546875
0 0.33671875 0.6962890625 0.0546875 0.060546875
0 0.50234375 0.1669921875 0.0546875 0.060546875
0 0.20546875 0.6611328125 0.0546875 0.060546875
0 0.58359375 0.5830078125 0.0546875 0.060546875
0 0.5140625 0.7763671875 0.05625 0.060546875
0 0.57578125 0.4892578125 0.0546875 0.060546875
0 0.45859375 0.6416015625 0.0546875 0.060546875
0 0.26015625 0.7958984375 0.0546875 0.060546875
0 0.52109375 0.3544921875 0.0546875 0.060546875
0 0.64296875 0.2958984375 0.0546875 0.060546875
0 0.39140625 0.8310546875 0.0546875 0.060546875
0 0.46328125 0.2177734375 0.0546875 0.060546875
0 0.32734375 0.6044921875 0.0546875 0.060546875
0 0.39609375 0.4130859375 0.0546875 0.060546875
0 0.37734375 0.2236328125 0.0546875 0.060546875
0 0.15 0.5263671875 0.05625 0.060546875
