0 0.20859375 0.1357421875 0.0484375 0.068359375
0 0.4375 0.677734375 0.053125 0.06640625
0 0.31875 0.1533203125 0.053125 0.064453125
0 0.22421875 0.5693359375 0.0515625 0.068359375
0 0.4859375 0.7587890625 0.05 0.064453125
0 0.51171875 0.4716796875 0.0515625 0.068359375
0 0.17265625 0.5595703125 0.0515625 0.068359375
0 0.4859375 0.109375 0.05 0.06640625
0 0.45 0.5341796875 0.053125 0.068359375
0 0.29453125 0.4345703125 0.0515625 0.064453125
0 0.2703125 0.0712890625 0.05 0.064453125
0 0.26171875 0.79296875 0.0515625 0.06640625
0 0.259375 0.212890625 0.053125 0.06640625
0 0.19765625 0.2744140625 0.0515625 0.068359375
0 0.390625 0.5966796875 0.053125 0.064453125
0 0.403125 0.4521484375 0.053125 0.068359375
0 0.4796875 0.8310546875 0.053125 0.068359375
0 0.31171875 0.22265625 0.0515625 0.06640625
0 0.3734375 0.1611328125 0.053125 0.068359375
0 0.27421875 0.6474609375 0.0515625 0.068359375
0 0.37109375 0.8125 0.0515625 0.06640625
0 0.52421875 0.3291015625 0.0515625 0.068359375
0 0.17734375 0.48828125 0.0515625 0.06640625
0 0.496875 0.6142578125 0.053125 0.068359375
0 0.18515625 0.4169921875 0.0515625 0.068359375
0 0.14765625 0.1943359375 0.0515625 0.068359375
0 0.4203125 0.2412109375 0.053125 0.064453125
0 0.4328125 0.099609375 0.053125 0.06640625
0 0.12578125 0.478515625 0.0515625 0.06640625
0 0.409375 0.384765625 0.05 0.06640625
0 0.23203125 0.498046875 0.0515625 0.06640625
0 0.32421875 0.7314453125 0.0515625 0.068359375
0 0.19296875 0.345703125 0.0515625 0.06640625
0 0.32421875 0.080078125 0.0515625 0.06640625
0 0.28671875 0.5078125 0.0515625 0.06640625
0 0.2140625 0.7099609375 0.05 0.064453125
0 0.4625 0.39453125 0.053125 0.06640625
0 0.14296875 0.2666015625 0.0515625 0.064453125
0 0.3359375 0.5888671875 0.053125 0.068359375
0 0.37578125 0.7412109375 0.0515625 0.068359375
0 0.16484375 0.630859375 0.0515625 0.06640625
0 0.51640625 0.4033203125 0.0515625 0.064453125
0 0.46953125 0.3212890625 0.0515625 0.064453125
0 0.35859375 0.3037109375 0.0515625 0.068359375
0 0.29921875 0.3623046875 0.0515625 0.068359375
0 0.09609375 0.763671875 0.0515625 0.06640625
0 0.43046875 0.7509765625 0.0515625 0.068359375
0 0.11796875 0.5498046875 0.0515625 0.068359375
0 0.365625 0.232421875 0.053125 0.06640625
0 0.3421875 0.5166015625 0.05 0.064453125
0 0.16015625 0.0537109375 0.0515625 0.068359375
0 0.47421875 0.2490234375 0.0515625 0.068359375
0 0.23984375 0.4267578125 0.0515625 0.068359375
0 0.13671875 0.3369140625 0.0484375 0.068359375
0 0.45703125 0.4619140625 0.0515625 0.068359375
0 0.38359375 0.669921875 0.0515625 0.06640625
0 0.53671875 0.1904296875 0.0515625 0.068359375
0 0.378125 0.08984375 0.053125 0.06640625
0 0.246875 0.35546875 0.053125 0.06640625
0 0.28046875 0.5751953125 0.0484375 0.068359375
0 0.42578125 0.8212890625 0.0515625 0.068359375
0 0.21953125 0.640625 0.0515625 0.06640625
0 0.32890625 0.66015625 0.0515625 0.06640625
0 0.346875 0.4423828125 0.05 0.068359375
0 0.10390625 0.6923828125 0.0515625 0.068359375
0 0.15546875 0.1259765625 0.0515625 0.068359375
0 0.35390625 0.3720703125 0.0515625 0.068359375
0 0.48125 0.1806640625 0.05 0.068359375
0 0.42578125 0.1708984375 0.0515625 0.068359375
0 0.25234375 0.2841796875 0.0515625 0.068359375
0 0.26484375 0.1455078125 0.0515625 0.068359375
0 0.52890625 0.2587890625 0.0515625 0.068359375
0 0.1515625 0.7734375 0.05 0.06640625
0 0.203125 0.2041015625 0.05 0.068359375
0 0.4921875 0.6865234375 0.053125 0.068359375
0 0.1578125 0.7021484375 0.053125 0.068359375
0 0.30625 0.2939453125 0.053125 0.068359375
0 0.54140625 0.1181640625 0.0515625 0.064453125
0 0.13046875 0.4072265625 0.0515625 0.068359375
0 0.3953125 0.5244140625 0.053125 0.068359375
0 0.31640625 0.802734375 0.0515625 0.06640625
0 0.1109375 0.62109375 0.053125 0.06640625
0 0.50390625 0.5439453125 0.0515625 0.068359375
0 0.44453125 0.6044921875 0.0515625 0.068359375
0 0.4140625 0.3134765625 0.05 0.068359375
0 0.26953125 0.7216796875 0.0515625 0.068359375
0 0.21484375 0.0634765625 0.0515625 0.068359375
0 0.20703125 0.783203125 0.0515625 0.06640625
