0 0.665625 0.3095703125 0.059375 0.052734375
0 0.3328125 0.5439453125 0.059375 0.052734375
0 0.634375 0.5302734375 0.059375 0.052734375
0 0.56953125 0.125 0.0578125 0.05078125
0 0.51015625 0.5693359375 0.0546875 0.052734375
0 0.659375 0.36328125 0.059375 0.05078125
0 0.7359375 0.2587890625 0.059375 0.052734375
0 0.72109375 0.3740234375 0.0578125 0.052734375
0 0.41484375 0.3876953125 0.0546875 0.052734375
0 0.3609375 0.3232421875 0.059375 0.052734375
0 0.59140625 0.4111328125 0.0578125 0.052734375
0 0.37578125 0.2119140625 0.0578125 0.052734375
0 0.39921875 0.4970703125 0.0546875 0.052734375
0 0.5390625 0.3486328125 0.059375 0.052734375
0 0.68046875 0.6494140625 0.0578125 0.052734375
0 0.628125 0.5869140625 0.059375 0.052734375
0 0.3234375 0.1494140625 0.059375 0.052734375
0 0.57578125 0.5224609375 0.0578125 0.052734375
0 0.38828125 0.1025390625 0.0578125 0.052734375
0 0.70234375 0.4833984375 0.0578125 0.052734375
0 0.68984375 0.5947265625 0.0578125 0.052734375
0 0.525 0.458984375 0.05625 0.05078125
0 0.58515625 0.4677734375 0.0578125 0.052734375
0 0.428125 0.2763671875 0.059375 0.052734375
0 0.38515625 0.6083984375 0.0578125 0.052734375
0 0.48046875 0.341796875 0.0578125 0.05078125
0 0.3484375 0.4365234375 0.059375 0.052734375
0 0.60703125 0.3017578125 0.0578125 0.052734375
0 0.5609375 0.6337890625 0.059375 0.052734375
0 0.71171875 0.4287109375 0.0578125 0.052734375
0 0.62265625 0.1904296875 0.0578125 0.052734375
0 0.61640625 0.244140625 0.0578125 0.05078125
0 0.45 0.5615234375 0.059375 0.052734375
0 0.740625 0.2041015625 0.05625 0.052734375
0 0.49453125 0.6806640625 0.0546875 0.052734375
0 0.459375 0.5068359375 0.059375 0.052734375
0 0.36953125 0.2685546875 0.0578125 0.052734375
0 0.259375 0.6474609375 0.059375 0.052734375
0 0.5484375 0.29296875 0.059375 0.05078125
0 0.49453125 0.2294921875 0.0546875 0.052734375
0 0.31796875 0.2041015625 0.0578125 0.052734375
0 0.46484375 0.4501953125 0.0578125 0.052734375
0 0.28671875 0.4267578125 0.0578125 0.048828125
0 0.51796875 0.515625 0.0578125 0.05078125
0 0.3234375 0.6005859375 0.059375 0.052734375
0 0.44375 0.1650390625 0.059375 0.052734375
0 0.48984375 0.2861328125 0.0578125 0.048828125
0 0.67421875 0.7060546875 0.0578125 0.052734375
0 0.67421875 0.2548828125 0.0578125 0.052734375
0 0.27421875 0.5380859375 0.0578125 0.048828125
0 0.3390625 0.4921875 0.059375 0.05078125
0 0.68984375 0.140625 0.0578125 0.05078125
0 0.5546875 0.6884765625 0.059375 0.052734375
0 0.68046875 0.1962890625 0.0578125 0.052734375
0 0.50234375 0.6259765625 0.0578125 0.052734375
0 0.40703125 0.4423828125 0.0578125 0.052734375
0 0.5546875 0.2373046875 0.059375 0.052734375
0 0.29296875 0.3740234375 0.0578125 0.052734375
0 0.64375 0.4755859375 0.059375 0.052734375
0 0.3546875 0.3818359375 0.059375 0.052734375
0 0.61328125 0.6962890625 0.0578125 0.052734375
0 0.434375 0.6728515625 0.059375 0.052734375
0 0.45 0.1103515625 0.059375 0.052734375
0 0.61953125 0.6416015625 0.0578125 0.052734375
0 0.50234375 0.173828125 0.0578125 0.05078125
0 0.434375 0.2216796875 0.059375 0.052734375
0 0.65 0.4208984375 0.059375 0.052734375
0 0.63125 0.1318359375 0.059375 0.052734375
0 0.69609375 0.5400390625 0.0578125 0.052734375
0 0.30234375 0.3173828125 0.0578125 0.052734375
0 0.37578125 0.6630859375 0.0578125 0.052734375
0 0.5609375 0.1787109375 0.059375 0.052734375
0 0.7515625 0.1494140625 0.059375 0.052734375
0 0.39140625 0.5537109375 0.0578125 0.052734375
0 0.60078125 0.3564453125 0.0578125 0.052734375
0 0.5328125 0.4072265625 0.059375 0.052734375
0 0.42265625 0.3310546875 0.0578125 0.052734375
0 0.725 0.3173828125 0.05625 0.052734375
0 0.28046875 0.482421875 0.0578125 0.05078125
0 0.26484375 0.5927734375 0.0578125 0.052734375
0 0.31796875 0.6552734375 0.0578125 0.052734375
0 0.44375 0.6162109375 0.059375 0.052734375
0 0.56953125 0.5771484375 0.0578125 0.052734375
0 0.47421875 0.3955078125 0.0578125 0.052734375
0 0.30859375 0.2626953125 0.0578125 0.052734375
0 0.51015625 0.1162109375 0.0546875 0.052734375
0 0.38515625 0.1572265625 0.0578125 0.052734375
0 0.3296875 0.0927734375 0.059375 0.052734375
