0 0.59921875 0.6416015625 0.0578125 0.064453125
0 0.37578125 0.6259765625 0.0578125 0.064453125
0 0.56328125 0.5869140625 0.0609375 0.064453125
0 0.33828125 0.5693359375 0.0609375 0.064453125
0 0.38046875 0.30859375 0.0609375 0.0625
0 0.8265625 0.6591796875 0.059375 0.064453125
0 0.63515625 0.697265625 0.0609375 0.06640625
0 0.51953125 0.3037109375 0.0578125 0.064453125
0 0.42421875 0.595703125 0.0578125 0.0625
0 0.5578125 0.896484375 0.059375 0.0625
0 0.28828125 0.6005859375 0.0578125 0.064453125
0 0.54765625 0.671875 0.0609375 0.0625
0 0.52734375 0.5341796875 0.0578125 0.064453125
0 0.36484375 0.3974609375 0.0609375 0.064453125
0 0.70078125 0.5791015625 0.0609375 0.064453125
0 0.19140625 0.3486328125 0.0578125 0.064453125
0 0.41640625 0.365234375 0.0578125 0.0625
0 0.75234375 0.5478515625 0.0578125 0.064453125
0 0.81171875 0.7431640625 0.0609375 0.064453125
0 0.21484375 0.4912109375 0.0578125 0.064453125
0 0.6140625 0.5556640625 0.059375 0.064453125
0 0.48359375 0.7861328125 0.0609375 0.064453125
0 0.57109375 0.8125 0.0609375 0.0625
0 0.46796875 0.333984375 0.0609375 0.0625
0 0.55546875 0.3583984375 0.0609375 0.064453125
0 0.67265625 0.7509765625 0.0578125 0.064453125
0 0.40234375 0.453125 0.0609375 0.0625
0 0.31484375 0.4287109375 0.0609375 0.064453125
0 0.51171875 0.6171875 0.0578125 0.0625
0 0.65078125 0.6103515625 0.0609375 0.064453125
0 0.49140625 0.4765625 0.0609375 0.0625
0 0.65859375 0.8369140625 0.0609375 0.064453125
0 0.59140625 0.4130859375 0.0578125 0.064453125
0 0.60859375 0.3271484375 0.0578125 0.064453125
0 0.22734375 0.404296875 0.0609375 0.06640625
0 0.76015625 0.7744140625 0.0578125 0.064453125
0 0.43984375 0.5078125 0.0578125 0.0625
0 0.534375 0.2138671875 0.059375 0.064453125
0 0.50390625 0.3896484375 0.0578125 0.064453125
0 0.45234375 0.421875 0.0609375 0.0625
0 0.71640625 0.4931640625 0.0609375 0.064453125
0 0.35078125 0.4833984375 0.0578125 0.064453125
0 0.57265625 0.26953125 0.0609375 0.06640625
0 0.44765625 0.7333984375 0.0578125 0.064453125
0 0.43203125 0.27734375 0.0578125 0.0625
0 0.34296875 0.2529296875 0.0578125 0.064453125
0 0.36015625 0.7099609375 0.0578125 0.064453125
0 0.46328125 0.6484375 0.0578125 0.0625
0 0.39921875 0.7626953125 0.0578125 0.064453125
0 0.72421875 0.7197265625 0.0609375 0.064453125
0 0.58359375 0.728515625 0.0578125 0.06640625
0 0.48359375 0.2451171875 0.0609375 0.064453125
0 0.27890625 0.373046875 0.0578125 0.06640625
0 0.73671875 0.634765625 0.0578125 0.06640625
0 0.446875 0.189453125 0.059375 0.0625
0 0.4984375 0.1572265625 0.059375 0.064453125
0 0.39453125 0.220703125 0.0609375 0.0625
0 0.13984375 0.3798828125 0.0609375 0.064453125
0 0.68046875 0.4384765625 0.0578125 0.064453125
0 0.6296875 0.4697265625 0.059375 0.064453125
0 0.57734375 0.5029296875 0.0578125 0.064453125
0 0.621875 0.7822265625 0.059375 0.064453125
0 0.6859375 0.666015625 0.059375 0.06640625
0 0.64453125 0.3818359375 0.0609375 0.064453125
0 0.70859375 0.8056640625 0.0609375 0.064453125
0 0.30078125 0.5146484375 0.0609375 0.064453125
0 0.53515625 0.755859375 0.0578125 0.0625
0 0.26640625 0.4599609375 0.0609375 0.064453125
0 0.49921875 0.703125 0.0609375 0.0625
0 0.32734375 0.3388671875 0.0578125 0.064453125
0 0.775 0.6884765625 0.059375 0.064453125
0 0.47109375 0.8701171875 0.0578125 0.064453125
0 0.1765625 0.435546875 0.059375 0.06640625
0 0.32421875 0.6572265625 0.0609375 0.064453125
0 0.52265625 0.84375 0.0609375 0.0625
0 0.66484375 0.5244140625 0.0578125 0.064453125
0 0.5421875 0.4443359375 0.059375 0.064453125
0 0.60859375 0.865234375 0.0578125 0.0625
0 0.47578125 0.564453125 0.0609375 0.0625
0 0.240625 0.3173828125 0.059375 0.064453125
0 0.25078125 0.5458984375 0.0609375 0.064453125
0 0.790625 0.603515625 0.059375 0.06640625
0 0.50859375 0.92578125 0.0609375 0.06640625
0 0.29140625 0.2841796875 0.0609375 0.064453125
0 0.38828125 0.5380859375 0.0609375 0.064453125
0 0.41171875 0.6787109375 0.0609375 0.064453125
0 0.43515625 0.8173828125 0.0609375 0.064453125
0 0.8625 0.7119140625 0.059375 0.064453125
