0 0.61015625 0.7666015625 0.0578125 0.060546875
0 0.3203125 0.65234375 0.05625 0.05859375
0 0.12109375 0.6884765625 0.0578125 0.060546875
0 0.246875 0.7080078125 0.05625 0.060546875
0 0.49140625 0.7470703125 0.0578125 0.060546875
0 0.475 0.4755859375 0.05625 0.060546875
0 0.19453125 0.6337890625 0.0578125 0.060546875
0 0.3015625 0.3798828125 0.05625 0.060546875
0 0.56171875 0.6904296875 0.0578125 0.060546875
0 0.59609375 0.4951171875 0.0578125 0.060546875
0 0.36796875 0.7275390625 0.0578125 0.060546875
0 0.6828125 0.7099609375 0.05625 0.060546875
0 0.44140625 0.6708984375 0.0578125 0.060546875
0 0.51171875 0.6162109375 0.0578125 0.060546875
0 0.1671875 0.4248046875 0.05625 0.060546875
0 0.22890625 0.4345703125 0.0578125 0.060546875
0 0.61875 0.3623046875 0.05625 0.060546875
0 0.4640625 0.5419921875 0.05625 0.060546875
0 0.26953125 0.5771484375 0.0578125 0.060546875
0 0.6671875 0.4404296875 0.05625 0.060546875
0 0.2171875 0.5009765625 0.05625 0.060546875
0 0.63046875 0.2978515625 0.0578125 0.060546875
0 0.6078125 0.4306640625 0.05625 0.060546875
0 0.31328125 0.3115234375 0.0578125 0.060546875
0 0.375 0.3212890625 0.05625 0.060546875
0 0.68046875 0.3720703125 0.0578125 0.060546875
0 0.19921875 0.2255859375 0.0578125 0.060546875
0 0.76484375 0.5888671875 0.0578125 0.060546875
0 0.14453125 0.5556640625 0.0578125 0.060546875
0 0.58515625 0.560546875 0.0578125 0.05859375
0 0.5484375 0.4189453125 0.05625 0.060546875
0 0.53671875 0.4853515625 0.0578125 0.060546875
0 0.75390625 0.6552734375 0.0578125 0.060546875
0 0.28125 0.5107421875 0.05625 0.060546875
0 0.390625 0.5966796875 0.05625 0.060546875
0 0.18984375 0.2900390625 0.0578125 0.060546875
0 0.52578125 0.5517578125 0.0578125 0.060546875
0 0.4984375 0.3427734375 0.05625 0.060546875
0 0.56875 0.2880859375 0.05625 0.060546875
0 0.23984375 0.3681640625 0.0578125 0.060546875
0 0.35234375 0.4541015625 0.0578125 0.060546875
0 0.425 0.3994140625 0.05625 0.060546875
0 0.73984375 0.3818359375 0.0578125 0.060546875
0 0.7171875 0.5146484375 0.05625 0.060546875
0 0.78828125 0.4599609375 0.0578125 0.060546875
0 0.290625 0.4443359375 0.05625 0.060546875
0 0.63515625 0.6357421875 0.0578125 0.060546875
0 0.64609375 0.5703125 0.0578125 0.05859375
0 0.40234375 0.5322265625 0.0578125 0.060546875
0 0.69453125 0.6455078125 0.0578125 0.060546875
0 0.55078125 0.7568359375 0.0578125 0.060546875
0 0.33125 0.5869140625 0.05625 0.060546875
0 0.178125 0.3583984375 0.05625 0.060546875
0 0.7515625 0.3173828125 0.05625 0.060546875
0 0.5734375 0.6259765625 0.05625 0.060546875
0 0.2078125 0.5673828125 0.05625 0.060546875
0 0.1328125 0.6240234375 0.05625 0.060546875
0 0.70546875 0.5791015625 0.0578125 0.060546875
0 0.32421875 0.2470703125 0.0578125 0.060546875
0 0.1828125 0.6982421875 0.05625 0.060546875
0 0.45234375 0.6064453125 0.0578125 0.060546875
0 0.3859375 0.2568359375 0.05625 0.060546875
0 0.44765625 0.2666015625 0.0578125 0.060546875
0 0.73125 0.7861328125 0.05625 0.060546875
0 0.2515625 0.3017578125 0.05625 0.060546875
0 0.30859375 0.7177734375 0.0578125 0.060546875
0 0.340625 0.5224609375 0.05625 0.060546875
0 0.43671875 0.3330078125 0.0578125 0.060546875
0 0.65546875 0.5048828125 0.0578125 0.060546875
0 0.25859375 0.6435546875 0.0578125 0.060546875
0 0.36328125 0.3896484375 0.0578125 0.060546875
0 0.15546875 0.4912109375 0.0578125 0.060546875
0 0.26328125 0.2353515625 0.0578125 0.060546875
0 0.7421875 0.7197265625 0.05625 0.060546875
0 0.62109375 0.7001953125 0.0578125 0.060546875
0 0.81328125 0.3271484375 0.0578125 0.060546875
0 0.55703125 0.3525390625 0.0578125 0.060546875
0 0.671875 0.7763671875 0.05625 0.060546875
0 0.72890625 0.4501953125 0.0578125 0.060546875
0 0.48671875 0.4091796875 0.0578125 0.060546875
0 0.79921875 0.3916015625 0.0578125 0.060546875
0 0.68984375 0.3076171875 0.0578125 0.060546875
0 0.50234375 0.6806640625 0.0578125 0.060546875
0 0.41328125 0.4638671875 0.0578125 0.060546875
0 0.509375 0.2763671875 0.05625 0.060546875
0 0.3796875 0.662109375 0.05625 0.05859375
0 0.4296875 0.7373046875 0.05625 0.060546875
0 0.7765625 0.5244140625 0.05625 0.060546875
