0 0.425 0.498046875 0.040625 0.05078125
0 0.465625 0.6064453125 0.040625 0.052734375
0 0.51171875 0.447265625 0.0421875 0.05078125
0 0.42265625 0.6044921875 0.0421875 0.052734375
0 0.51015625 0.5537109375 0.0421875 0.052734375
0 0.29921875 0.2744140625 0.0421875 0.048828125
0 0.37734375 0.6044921875 0.0421875 0.052734375
0 0.33828125 0.4951171875 0.0421875 0.048828125
0 0.3890625 0.169921875 0.040625 0.05078125
0 0.55234375 0.6083984375 0.0421875 0.052734375
0 0.603125 0.3408203125 0.040625 0.052734375
0 0.4234375 0.5517578125 0.040625 0.052734375
0 0.38203125 0.4951171875 0.0421875 0.048828125
0 0.38671875 0.279296875 0.0390625 0.05078125
0 0.33671875 0.6025390625 0.0390625 0.052734375
0 0.46328125 0.712890625 0.0390625 0.05078125
0 0.559375 0.3408203125 0.040625 0.052734375
0 0.3765625 0.7109375 0.040625 0.05078125
0 0.515625 0.3388671875 0.040625 0.052734375
0 0.6 0.4501953125 0.040625 0.048828125
0 0.46875 0.5 0.040625 0.05078125
0 0.425 0.4423828125 0.040625 0.048828125
0 0.5609375 0.2861328125 0.040625 0.052734375
0 0.47265625 0.3369140625 0.0421875 0.052734375
0 0.33671875 0.5478515625 0.0390625 0.048828125
0 0.3421875 0.27734375 0.040625 0.05078125
0 0.3828125 0.3896484375 0.040625 0.052734375
0 0.60703125 0.234375 0.0421875 0.05078125
0 0.51484375 0.392578125 0.0421875 0.05078125
0 0.56328125 0.232421875 0.0390625 0.05078125
0 0.55078125 0.7158203125 0.0421875 0.048828125
0 0.509375 0.6064453125 0.040625 0.052734375
0 0.5109375 0.5 0.040625 0.05078125
0 0.33984375 0.3857421875 0.0421875 0.052734375
0 0.29921875 0.2216796875 0.0421875 0.052734375
0 0.296875 0.384765625 0.040625 0.05078125
0 0.55390625 0.556640625 0.0421875 0.05078125
0 0.4265625 0.390625 0.040625 0.05078125
0 0.47421875 0.2822265625 0.0421875 0.048828125
0 0.3890625 0.224609375 0.040625 0.05078125
0 0.55390625 0.5029296875 0.0421875 0.048828125
0 0.59765625 0.556640625 0.0390625 0.05078125
0 0.59765625 0.5048828125 0.0390625 0.052734375
0 0.290625 0.6552734375 0.040625 0.052734375
0 0.475 0.2265625 0.040625 0.05078125
0 0.43125 0.2822265625 0.040625 0.048828125
0 0.384375 0.3349609375 0.040625 0.048828125
0 0.33984375 0.4404296875 0.0421875 0.048828125
0 0.55078125 0.6630859375 0.0421875 0.048828125
0 0.47734375 0.1728515625 0.0390625 0.052734375
0 0.37734375 0.6572265625 0.0421875 0.052734375
0 0.41953125 0.712890625 0.0421875 0.05078125
0 0.509375 0.66015625 0.040625 0.05078125
0 0.334375 0.6572265625 0.040625 0.052734375
0 0.47109375 0.3916015625 0.0390625 0.052734375
0 0.2984375 0.330078125 0.040625 0.05078125
0 0.5578125 0.39453125 0.040625 0.05078125
0 0.5953125 0.6103515625 0.040625 0.048828125
0 0.42109375 0.658203125 0.0390625 0.05078125
0 0.465625 0.6591796875 0.040625 0.052734375
0 0.30078125 0.1669921875 0.0421875 0.048828125
0 0.34140625 0.33203125 0.0421875 0.05078125
0 0.42890625 0.3369140625 0.0390625 0.052734375
0 0.43359375 0.1708984375 0.0421875 0.052734375
0 0.6015625 0.39453125 0.040625 0.05078125
0 0.5171875 0.28515625 0.040625 0.05078125
0 0.56484375 0.1767578125 0.0421875 0.048828125
0 0.34296875 0.2236328125 0.0421875 0.052734375
0 0.4671875 0.552734375 0.040625 0.05078125
0 0.2921875 0.6025390625 0.040625 0.052734375
0 0.3328125 0.7080078125 0.040625 0.048828125
0 0.59453125 0.6630859375 0.0421875 0.048828125
0 0.29453125 0.4921875 0.0390625 0.05078125
0 0.50703125 0.7158203125 0.0390625 0.048828125
0 0.51953125 0.2294921875 0.0390625 0.048828125
0 0.2921875 0.5478515625 0.040625 0.048828125
0 0.38046875 0.55078125 0.0421875 0.05078125
0 0.38203125 0.4423828125 0.0421875 0.048828125
0 0.46875 0.4453125 0.040625 0.05078125
0 0.55546875 0.447265625 0.0390625 0.05078125
0 0.29453125 0.4384765625 0.0390625 0.052734375
0 0.59375 0.71875 0.040625 0.05078125
0 0.34453125 0.1669921875 0.0390625 0.048828125
0 0.43203125 0.2265625 0.0421875 0.05078125
0 0.28828125 0.7080078125 0.0390625 0.048828125
0 0.60390625 0.2880859375 0.0421875 0.052734375
0 0.609375 0.1787109375 0.040625 0.052734375
0 0.52109375 0.1748046875 0.0390625 0.052734375
