0 0.4890625 0.271484375 0.040625 0.046875
0 0.5171875 0.333984375 0.040625 0.046875
0 0.459375 0.79296875 0.040625 0.05078125
0 0.4671875 0.376953125 0.040625 0.05078125
0 0.5625 0.7119140625 0.040625 0.048828125
0 0.5328125 0.654296875 0.040625 0.05078125
0 0.60546875 0.5126953125 0.0390625 0.048828125
0 0.678125 0.37109375 0.040625 0.05078125
0 0.5890625 0.40234375 0.040625 0.05078125
0 0.3828125 0.77734375 0.040625 0.05078125
0 0.578125 0.453125 0.040625 0.05078125
0 0.54375 0.6025390625 0.0375 0.048828125
0 0.425 0.578125 0.040625 0.05078125
0 0.590625 0.76953125 0.040625 0.05078125
0 0.40625 0.466796875 0.040625 0.05078125
0 0.446875 0.4765625 0.040625 0.05078125
0 0.3515625 0.716796875 0.040625 0.05078125
0 0.5734375 0.6640625 0.040625 0.05078125
0 0.44375 0.685546875 0.040625 0.05078125
0 0.4546875 0.634765625 0.040625 0.05078125
0 0.3625 0.6689453125 0.040625 0.048828125
0 0.4390625 0.3154296875 0.040625 0.048828125
0 0.3734375 0.619140625 0.040625 0.05078125
0 0.55546875 0.5546875 0.0390625 0.046875
0 0.5046875 0.5966796875 0.040625 0.048828125
0 0.515625 0.5439453125 0.040625 0.048828125
0 0.653125 0.6806640625 0.040625 0.048828125
0 0.634375 0.572265625 0.040625 0.05078125
0 0.496875 0.435546875 0.040625 0.05078125
0 0.628125 0.412109375 0.040625 0.05078125
0 0.39453125 0.517578125 0.0390625 0.05078125
0 0.6453125 0.5224609375 0.040625 0.048828125
0 0.4203125 0.783203125 0.040625 0.05078125
0 0.6203125 0.8271484375 0.040625 0.048828125
0 0.6625 0.630859375 0.040625 0.05078125
0 0.4828125 0.6943359375 0.040625 0.048828125
0 0.5484375 0.392578125 0.040625 0.05078125
0 0.4484375 0.263671875 0.040625 0.05078125
0 0.5828125 0.61328125 0.040625 0.05078125
0 0.3921875 0.7265625 0.040625 0.05078125
0 0.5578125 0.3427734375 0.040625 0.048828125
0 0.5796875 0.8203125 0.040625 0.05078125
0 0.6515625 0.310546875 0.040625 0.046875
0 0.6421875 0.73046875 0.040625 0.05078125
0 0.615625 0.462890625 0.040625 0.05078125
0 0.4171875 0.4169921875 0.040625 0.048828125
0 0.45625 0.42578125 0.040625 0.046875
0 0.525 0.494140625 0.040625 0.05078125
0 0.4328125 0.736328125 0.040625 0.05078125
0 0.4265625 0.3642578125 0.040625 0.048828125
0 0.434375 0.52734375 0.040625 0.05078125
0 0.6390625 0.361328125 0.040625 0.05078125
0 0.65625 0.47265625 0.040625 0.05078125
0 0.509375 0.751953125 0.040625 0.05078125
0 0.7078125 0.431640625 0.040625 0.05078125
0 0.471875 0.7431640625 0.040625 0.048828125
0 0.5296875 0.283203125 0.040625 0.05078125
0 0.696875 0.482421875 0.040625 0.05078125
0 0.484375 0.486328125 0.040625 0.05078125
0 0.66875 0.4208984375 0.040625 0.048828125
0 0.5 0.802734375 0.040625 0.05078125
0 0.4640625 0.5849609375 0.040625 0.048828125
0 0.6234375 0.62109375 0.040625 0.05078125
0 0.4140625 0.626953125 0.040625 0.046875
0 0.55 0.759765625 0.040625 0.05078125
0 0.73125 0.3291015625 0.040625 0.048828125
0 0.5375 0.4443359375 0.040625 0.048828125
0 0.603125 0.71875 0.040625 0.05078125
0 0.5703125 0.291015625 0.040625 0.046875
0 0.5984375 0.3515625 0.040625 0.05078125
0 0.5953125 0.5625 0.040625 0.05078125
0 0.6109375 0.3017578125 0.040625 0.048828125
0 0.478125 0.3232421875 0.0375 0.048828125
0 0.403125 0.67578125 0.040625 0.05078125
0 0.475 0.5361328125 0.040625 0.048828125
0 0.6859375 0.53125 0.040625 0.046875
0 0.384375 0.568359375 0.040625 0.05078125
0 0.5078125 0.3828125 0.040625 0.05078125
0 0.690625 0.318359375 0.040625 0.05078125
0 0.521875 0.7021484375 0.040625 0.048828125
0 0.565625 0.50390625 0.040625 0.05078125
0 0.4953125 0.64453125 0.040625 0.05078125
0 0.6125 0.671875 0.040625 0.05078125
0 0.675 0.580078125 0.040625 0.05078125
0 0.3421875 0.767578125 0.040625 0.05078125
0 0.6296875 0.779296875 0.040625 0.05078125
0 0.71875 0.37890625 0.040625 0.05078125
0 0.540625 0.810546875 0.040625 0.05078125
