0 0.54375 0.3515625 0.059375 0.046875
0 0.82578125 0.3359375 0.0609375 0.046875
0 0.5125 0.5966796875 0.059375 0.048828125
0 0.67890625 0.69921875 0.0609375 0.046875
0 0.63203125 0.478515625 0.0578125 0.046875
0 0.45390625 0.7333984375 0.0578125 0.048828125
0 0.75546875 0.5166015625 0.0609375 0.048828125
0 0.72265625 0.767578125 0.0578125 0.046875
0 0.4703125 0.53125 0.059375 0.046875
0 0.57890625 0.7744140625 0.0609375 0.048828125
0 0.57265625 0.615234375 0.0609375 0.05078125
0 0.79921875 0.58203125 0.0609375 0.046875
0 0.328125 0.6943359375 0.059375 0.048828125
0 0.625 0.3232421875 0.059375 0.048828125
0 0.51484375 0.7548828125 0.0609375 0.048828125
0 0.815625 0.537109375 0.059375 0.046875
0 0.50625 0.4404296875 0.059375 0.048828125
0 0.51875 0.2412109375 0.059375 0.048828125
0 0.50234375 0.287109375 0.0609375 0.05078125
0 0.59375 0.5693359375 0.059375 0.048828125
0 0.83359375 0.490234375 0.0578125 0.05078125
0 0.3921875 0.71484375 0.059375 0.046875
0 0.6375 0.634765625 0.059375 0.046875
0 0.7109375 0.451171875 0.059375 0.046875
0 0.71796875 0.609375 0.0609375 0.046875
0 0.48984375 0.486328125 0.0609375 0.046875
0 0.4234375 0.3125 0.059375 0.05078125
0 0.69921875 0.654296875 0.0609375 0.046875
0 0.65 0.43359375 0.059375 0.046875
0 0.35078125 0.6494140625 0.0609375 0.048828125
0 0.42890625 0.466796875 0.0578125 0.046875
0 0.28671875 0.6279296875 0.0609375 0.048828125
0 0.6078125 0.369140625 0.059375 0.046875
0 0.70390625 0.298828125 0.0609375 0.046875
0 0.5875 0.4140625 0.059375 0.046875
0 0.59765625 0.7265625 0.0609375 0.046875
0 0.384375 0.4013671875 0.059375 0.048828125
0 0.53125 0.5517578125 0.059375 0.048828125
0 0.6859375 0.34375 0.059375 0.046875
0 0.390625 0.556640625 0.059375 0.046875
0 0.88671875 0.353515625 0.0578125 0.046875
0 0.4734375 0.6875 0.059375 0.046875
0 0.58046875 0.2607421875 0.0578125 0.048828125
0 0.73046875 0.408203125 0.0609375 0.046875
0 0.790625 0.42578125 0.059375 0.046875
0 0.365625 0.4462890625 0.059375 0.048828125
0 0.67421875 0.5439453125 0.0609375 0.048828125
0 0.32578125 0.537109375 0.0609375 0.046875
0 0.43984375 0.2685546875 0.0609375 0.048828125
0 0.40390625 0.3583984375 0.0578125 0.048828125
0 0.7015625 0.814453125 0.059375 0.046875
0 0.26796875 0.67578125 0.0609375 0.05078125
0 0.55625 0.662109375 0.059375 0.046875
0 0.771875 0.4736328125 0.059375 0.048828125
0 0.61875 0.6806640625 0.059375 0.048828125
0 0.86953125 0.4013671875 0.0609375 0.048828125
0 0.41171875 0.669921875 0.0578125 0.046875
0 0.69296875 0.498046875 0.0609375 0.05078125
0 0.46484375 0.3759765625 0.0609375 0.048828125
0 0.40859375 0.51171875 0.0609375 0.046875
0 0.740625 0.720703125 0.059375 0.05078125
0 0.44609375 0.421875 0.0609375 0.046875
0 0.45703125 0.22265625 0.0609375 0.05078125
0 0.66796875 0.388671875 0.0609375 0.046875
0 0.30625 0.58203125 0.059375 0.046875
0 0.853125 0.4462890625 0.059375 0.048828125
0 0.34453125 0.494140625 0.0609375 0.046875
0 0.43203125 0.6220703125 0.0609375 0.048828125
0 0.4921875 0.6416015625 0.059375 0.048828125
0 0.64140625 0.279296875 0.0609375 0.05078125
0 0.759375 0.673828125 0.059375 0.05078125
0 0.65390625 0.58984375 0.0609375 0.046875
0 0.36953125 0.6044921875 0.0609375 0.048828125
0 0.55078125 0.505859375 0.0578125 0.05078125
0 0.6390625 0.7919921875 0.059375 0.048828125
0 0.746875 0.361328125 0.059375 0.046875
0 0.52734375 0.396484375 0.0609375 0.046875
0 0.6125 0.5244140625 0.059375 0.048828125
0 0.45078125 0.576171875 0.0609375 0.046875
0 0.734375 0.5615234375 0.059375 0.048828125
0 0.48515625 0.3310546875 0.0578125 0.048828125
0 0.809375 0.380859375 0.059375 0.046875
0 0.78046875 0.626953125 0.0609375 0.046875
0 0.5625 0.3046875 0.059375 0.05078125
0 0.7640625 0.318359375 0.059375 0.046875
0 0.5375 0.70703125 0.059375 0.046875
0 0.57109375 0.458984375 0.0609375 0.046875
0 0.66015625 0.7470703125 0.0609375 0.048828125
