0 0.6171875 0.474609375 0.040625 0.046875
0 0.57265625 0.3759765625 0.0390625 0.044921875
0 0.53515625 0.52734375 0.0390625 0.046875
0 0.61484375 0.3740234375 0.0390625 0.048828125
0 0.53125 0.427734375 0.040625 0.046875
0 0.746875 0.6748046875 0.040625 0.048828125
0 0.65703125 0.3720703125 0.0390625 0.048828125
0 0.70078125 0.4716796875 0.0390625 0.048828125
0 0.665625 0.7802734375 0.0375 0.048828125
0 0.4890625 0.3798828125 0.040625 0.048828125
0 0.4515625 0.6337890625 0.040625 0.048828125
0 0.61484375 0.423828125 0.0390625 0.046875
0 0.65859375 0.4736328125 0.0390625 0.048828125
0 0.66328125 0.677734375 0.0390625 0.046875
0 0.69609375 0.3720703125 0.0390625 0.048828125
0 0.5703125 0.2744140625 0.0375 0.048828125
0 0.49375 0.6318359375 0.040625 0.048828125
0 0.653125 0.2724609375 0.0375 0.048828125
0 0.5359375 0.6298828125 0.0375 0.048828125
0 0.4515625 0.5322265625 0.040625 0.048828125
0 0.575 0.4755859375 0.040625 0.048828125
0 0.61875 0.5263671875 0.040625 0.044921875
0 0.4953125 0.6826171875 0.040625 0.048828125
0 0.578125 0.6298828125 0.0375 0.048828125
0 0.6984375 0.4228515625 0.040625 0.048828125
0 0.7046875 0.6748046875 0.040625 0.048828125
0 0.6609375 0.57421875 0.040625 0.046875
0 0.45390625 0.7333984375 0.0390625 0.048828125
0 0.53515625 0.5791015625 0.0390625 0.048828125
0 0.4953125 0.7333984375 0.040625 0.048828125
0 0.48515625 0.2802734375 0.0390625 0.048828125
0 0.53125 0.3798828125 0.040625 0.048828125
0 0.53359375 0.4794921875 0.0390625 0.048828125
0 0.70234375 0.5732421875 0.0390625 0.048828125
0 0.7484375 0.7255859375 0.040625 0.048828125
0 0.74453125 0.5732421875 0.0390625 0.048828125
0 0.4890625 0.427734375 0.040625 0.046875
0 0.61875 0.5751953125 0.040625 0.048828125
0 0.57890625 0.6806640625 0.0390625 0.048828125
0 0.66328125 0.7294921875 0.0390625 0.048828125
0 0.49140625 0.4794921875 0.0390625 0.048828125
0 0.44765625 0.431640625 0.0390625 0.046875
0 0.44921875 0.4814453125 0.0390625 0.048828125
0 0.73828125 0.3173828125 0.0390625 0.048828125
0 0.57890625 0.7314453125 0.0390625 0.048828125
0 0.62109375 0.677734375 0.0390625 0.046875
0 0.66328125 0.6259765625 0.0390625 0.044921875
0 0.70078125 0.5224609375 0.0390625 0.048828125
0 0.48828125 0.3291015625 0.0390625 0.048828125
0 0.58125 0.7822265625 0.040625 0.048828125
0 0.6546875 0.3232421875 0.040625 0.048828125
0 0.61171875 0.2724609375 0.0390625 0.048828125
0 0.52890625 0.3291015625 0.0390625 0.048828125
0 0.69609375 0.3212890625 0.0390625 0.048828125
0 0.57734375 0.5791015625 0.0390625 0.048828125
0 0.746875 0.6240234375 0.040625 0.048828125
0 0.49375 0.5810546875 0.040625 0.048828125
0 0.44765625 0.3798828125 0.0390625 0.048828125
0 0.6125 0.3232421875 0.040625 0.048828125
0 0.57109375 0.3251953125 0.0390625 0.048828125
0 0.75 0.77734375 0.0375 0.046875
0 0.7046875 0.6240234375 0.040625 0.048828125
0 0.6203125 0.626953125 0.0375 0.046875
0 0.6234375 0.7822265625 0.040625 0.048828125
0 0.4515625 0.5830078125 0.040625 0.048828125
0 0.5375 0.681640625 0.040625 0.046875
0 0.496875 0.7841796875 0.0375 0.048828125
0 0.70703125 0.7255859375 0.0390625 0.048828125
0 0.57265625 0.427734375 0.0390625 0.046875
0 0.73828125 0.369140625 0.0390625 0.046875
0 0.69609375 0.26953125 0.0390625 0.046875
0 0.446875 0.3310546875 0.0375 0.048828125
0 0.7421875 0.4716796875 0.040625 0.048828125
0 0.52734375 0.2763671875 0.0390625 0.044921875
0 0.5375 0.732421875 0.040625 0.046875
0 0.74140625 0.4208984375 0.0390625 0.048828125
0 0.65703125 0.4228515625 0.0390625 0.048828125
0 0.6609375 0.5234375 0.040625 0.046875
0 0.57734375 0.52734375 0.0390625 0.046875
0 0.49375 0.5302734375 0.040625 0.048828125
0 0.74453125 0.5224609375 0.0390625 0.048828125
0 0.44296875 0.2802734375 0.0390625 0.048828125
0 0.7078125 0.7802734375 0.0375 0.048828125
0 0.62109375 0.7294921875 0.0390625 0.048828125
0 0.73828125 0.2666015625 0.0390625 0.048828125
0 0.45390625 0.6826171875 0.0390625 0.048828125
0 0.45390625 0.7880859375 0.0390625 0.048828125
0 0.53984375 0.7841796875 0.0390625 0.048828125
