0 0.38359375 0.705078125 0.0484375 0.0546875
0 0.54609375 0.3193359375 0.0484375 0.056640625
0 0.3609375 0.525390625 0.046875 0.0546875
0 0.465625 0.64453125 0.046875 0.0546875
0 0.56796875 0.4990234375 0.0484375 0.056640625
0 0.4625 0.380859375 0.05 0.0546875
0 0.2609375 0.404296875 0.046875 0.0546875
0 0.5875 0.419921875 0.046875 0.0546875
0 0.52734375 0.662109375 0.0484375 0.0546875
0 0.7140625 0.458984375 0.046875 0.0546875
0 0.60859375 0.337890625 0.0484375 0.0546875
0 0.671875 0.3564453125 0.046875 0.056640625
0 0.69375 0.5400390625 0.05 0.056640625
0 0.8 0.3935546875 0.046875 0.056640625
0 0.4421875 0.4619140625 0.046875 0.056640625
0 0.3421875 0.34375 0.046875 0.0546875
0 0.34296875 0.6044921875 0.0484375 0.056640625
0 0.4015625 0.361328125 0.046875 0.0546875
0 0.69375 0.2744140625 0.05 0.056640625
0 0.7578125 0.29296875 0.046875 0.0546875
0 0.5671875 0.23828125 0.046875 0.0546875
0 0.6515625 0.4384765625 0.05 0.056640625
0 0.38125 0.443359375 0.05 0.0546875
0 0.65 0.1748046875 0.046875 0.056640625
0 0.7796875 0.478515625 0.05 0.0546875
0 0.48671875 0.5625 0.0484375 0.0546875
0 0.4453125 0.7255859375 0.05 0.056640625
0 0.421875 0.5439453125 0.05 0.056640625
0 0.71328125 0.193359375 0.0484375 0.0546875
0 0.734375 0.375 0.05 0.0546875
0 0.63125 0.51953125 0.046875 0.0546875
0 0.4859375 0.30078125 0.046875 0.0546875
0 0.6921875 0.142578125 0.05 0.0546875
0 0.63125 0.1240234375 0.046875 0.056640625
0 0.5890625 0.158203125 0.05 0.0546875
0 0.546875 0.5810546875 0.046875 0.056640625
0 0.52734375 0.3984375 0.0484375 0.0546875
0 0.5671875 0.369140625 0.046875 0.0546875
0 0.3015625 0.50390625 0.046875 0.0546875
0 0.42421875 0.283203125 0.0484375 0.0546875
0 0.75859375 0.427734375 0.0484375 0.0546875
0 0.3625 0.3935546875 0.05 0.056640625
0 0.3828125 0.314453125 0.046875 0.0546875
0 0.7359375 0.2431640625 0.046875 0.056640625
0 0.5046875 0.3486328125 0.046875 0.056640625
0 0.6296875 0.2587890625 0.05 0.056640625
0 0.5875 0.2880859375 0.046875 0.056640625
0 0.65 0.306640625 0.046875 0.0546875
0 0.321875 0.4248046875 0.05 0.056640625
0 0.71328125 0.3251953125 0.0484375 0.056640625
0 0.40390625 0.6259765625 0.0484375 0.056640625
0 0.67265625 0.224609375 0.0484375 0.0546875
0 0.5890625 0.548828125 0.05 0.0546875
0 0.5046875 0.48046875 0.046875 0.0546875
0 0.67265625 0.490234375 0.0484375 0.05859375
0 0.60859375 0.208984375 0.0484375 0.0546875
0 0.5265625 0.53125 0.046875 0.0546875
0 0.69296875 0.40625 0.0484375 0.0546875
0 0.6109375 0.599609375 0.05 0.0546875
0 0.525 0.26953125 0.05 0.0546875
0 0.44375 0.59375 0.05 0.0546875
0 0.42421875 0.67578125 0.0484375 0.0546875
0 0.67265625 0.0927734375 0.0484375 0.056640625
0 0.3828125 0.5751953125 0.046875 0.056640625
0 0.609375 0.4697265625 0.046875 0.056640625
0 0.44375 0.330078125 0.05 0.0546875
0 0.3625 0.654296875 0.05 0.0546875
0 0.46484375 0.51171875 0.0484375 0.0546875
0 0.50546875 0.6123046875 0.0484375 0.056640625
0 0.7359375 0.509765625 0.046875 0.0546875
0 0.6296875 0.388671875 0.05 0.0546875
0 0.2796875 0.4541015625 0.046875 0.056640625
0 0.546875 0.1904296875 0.046875 0.056640625
0 0.321875 0.5546875 0.05 0.0546875
0 0.778125 0.34375 0.046875 0.0546875
0 0.56875 0.630859375 0.046875 0.0546875
0 0.403125 0.494140625 0.05 0.0546875
0 0.54609375 0.44921875 0.0484375 0.0546875
0 0.4234375 0.412109375 0.046875 0.0546875
0 0.3421875 0.4755859375 0.046875 0.056640625
0 0.3 0.375 0.05 0.0546875
0 0.484375 0.4306640625 0.05 0.056640625
0 0.40390625 0.7548828125 0.0484375 0.056640625
0 0.4640625 0.2509765625 0.046875 0.056640625
0 0.50546875 0.21875 0.0484375 0.0546875
0 0.65234375 0.5703125 0.0484375 0.0546875
0 0.4859375 0.6943359375 0.046875 0.056640625
0 0.821875 0.4462890625 0.046875 0.056640625
