0 0.45234375 0.3310546875 0.0390625 0.048828125
0 0.67890625 0.5791015625 0.0390625 0.048828125
0 0.46484375 0.5517578125 0.0390625 0.048828125
0 0.52890625 0.1552734375 0.0390625 0.048828125
0 0.55234375 0.5947265625 0.0390625 0.048828125
0 0.45546875 0.3857421875 0.0390625 0.048828125
0 0.40546875 0.2802734375 0.0390625 0.048828125
0 0.41171875 0.3916015625 0.0390625 0.048828125
0 0.62734375 0.4208984375 0.0390625 0.048828125
0 0.66796875 0.3603515625 0.0390625 0.048828125
0 0.50078125 0.4365234375 0.0390625 0.048828125
0 0.66171875 0.2509765625 0.0390625 0.048828125
0 0.63359375 0.5302734375 0.0390625 0.048828125
0 0.53984375 0.3759765625 0.0390625 0.048828125
0 0.42734375 0.6669921875 0.0390625 0.048828125
0 0.46796875 0.6064453125 0.0390625 0.048828125
0 0.70234375 0.1904296875 0.0390625 0.048828125
0 0.50703125 0.5458984375 0.0390625 0.048828125
0 0.65703125 0.1396484375 0.0390625 0.048828125
0 0.41953125 0.5009765625 0.0390625 0.048828125
0 0.42421875 0.6123046875 0.0390625 0.048828125
0 0.54609375 0.4853515625 0.0390625 0.048828125
0 0.50390625 0.4912109375 0.0390625 0.048828125
0 0.62265625 0.3115234375 0.0390625 0.048828125
0 0.63984375 0.6396484375 0.0390625 0.048828125
0 0.58203125 0.3720703125 0.0390625 0.048828125
0 0.67265625 0.4716796875 0.0390625 0.048828125
0 0.49453125 0.3271484375 0.0390625 0.048828125
0 0.51328125 0.6552734375 0.0390625 0.048828125
0 0.41484375 0.4462890625 0.0390625 0.048828125
0 0.48828125 0.2158203125 0.0390625 0.048828125
0 0.49140625 0.2705078125 0.0390625 0.048828125
0 0.59453125 0.5908203125 0.0390625 0.048828125
0 0.40390625 0.2255859375 0.0390625 0.048828125
0 0.55859375 0.7041015625 0.0390625 0.048828125
0 0.59140625 0.5361328125 0.0390625 0.048828125
0 0.66484375 0.3056640625 0.0390625 0.048828125
0 0.72734375 0.6845703125 0.0390625 0.048828125
0 0.53671875 0.3212890625 0.0390625 0.048828125
0 0.57734375 0.2607421875 0.0390625 0.048828125
0 0.70390625 0.2451171875 0.0390625 0.048828125
0 0.58828125 0.4814453125 0.0390625 0.048828125
0 0.71640625 0.4658203125 0.0390625 0.048828125
0 0.54921875 0.5419921875 0.0390625 0.048828125
0 0.68203125 0.6337890625 0.0390625 0.048828125
0 0.61640625 0.2001953125 0.0390625 0.048828125
0 0.57890625 0.3173828125 0.0390625 0.048828125
0 0.43046875 0.7216796875 0.0390625 0.048828125
0 0.44921875 0.2763671875 0.0390625 0.048828125
0 0.72109375 0.5751953125 0.0390625 0.048828125
0 0.67578125 0.5263671875 0.0390625 0.048828125
0 0.44296875 0.1650390625 0.0390625 0.048828125
0 0.51640625 0.7099609375 0.0390625 0.048828125
0 0.44609375 0.2197265625 0.0390625 0.048828125
0 0.55546875 0.6494140625 0.0390625 0.048828125
0 0.63046875 0.4755859375 0.0390625 0.048828125
0 0.53515625 0.2666015625 0.0390625 0.048828125
0 0.71328125 0.4111328125 0.0390625 0.048828125
0 0.46171875 0.4970703125 0.0390625 0.048828125
0 0.66953125 0.4169921875 0.0390625 0.048828125
0 0.47421875 0.7158203125 0.0390625 0.048828125
0 0.60078125 0.7001953125 0.0390625 0.048828125
0 0.61328125 0.1455078125 0.0390625 0.048828125
0 0.47109375 0.6611328125 0.0390625 0.048828125
0 0.57421875 0.2060546875 0.0390625 0.048828125
0 0.61953125 0.2568359375 0.0390625 0.048828125
0 0.45859375 0.4423828125 0.0390625 0.048828125
0 0.48515625 0.1591796875 0.0390625 0.048828125
0 0.42109375 0.5556640625 0.0390625 0.048828125
0 0.71015625 0.3564453125 0.0390625 0.048828125
0 0.64296875 0.6943359375 0.0390625 0.048828125
0 0.53203125 0.2099609375 0.0390625 0.048828125
0 0.39921875 0.1689453125 0.0390625 0.048828125
0 0.63671875 0.5849609375 0.0390625 0.048828125
0 0.49765625 0.3818359375 0.0390625 0.048828125
0 0.54296875 0.4326171875 0.0390625 0.048828125
0 0.62421875 0.3662109375 0.0390625 0.048828125
0 0.41015625 0.3369140625 0.0390625 0.048828125
0 0.71796875 0.5205078125 0.0390625 0.048828125
0 0.72421875 0.6298828125 0.0390625 0.048828125
0 0.68515625 0.6884765625 0.0390625 0.048828125
0 0.59765625 0.6455078125 0.0390625 0.048828125
0 0.51015625 0.6005859375 0.0390625 0.048828125
0 0.58515625 0.4267578125 0.0390625 0.048828125
0 0.70703125 0.3017578125 0.0390625 0.048828125
0 0.57109375 0.1494140625 0.0390625 0.048828125
0 0.65859375 0.1962890625 0.0390625 0.048828125
0 0.69921875 0.1357421875 0.0390625 0.048828125
