0 0.4953125 0.4541015625 0.040625 0.048828125
0 0.47265625 0.7021484375 0.0390625 0.048828125
0 0.35078125 0.5537109375 0.0390625 0.048828125
0 0.70390625 0.4990234375 0.0390625 0.048828125
0 0.43671875 0.4501953125 0.0390625 0.052734375
0 0.2875 0.4072265625 0.040625 0.048828125
0 0.56484375 0.7412109375 0.0390625 0.048828125
0 0.6171875 0.53125 0.040625 0.05078125
0 0.61328125 0.4599609375 0.0390625 0.048828125
0 0.41171875 0.5556640625 0.0390625 0.048828125
0 0.64140625 0.42578125 0.0421875 0.05078125
0 0.44296875 0.6630859375 0.0390625 0.048828125
0 0.48828125 0.2431640625 0.0421875 0.048828125
0 0.5015625 0.6669921875 0.040625 0.052734375
0 0.65078125 0.6396484375 0.0390625 0.048828125
0 0.49375 0.3837890625 0.040625 0.048828125
0 0.43046875 0.2412109375 0.0390625 0.048828125
0 0.58359375 0.4228515625 0.0390625 0.048828125
0 0.37578125 0.37890625 0.0390625 0.05078125
0 0.31484375 0.375 0.0390625 0.05078125
0 0.58984375 0.6337890625 0.0390625 0.048828125
0 0.34453125 0.3408203125 0.0390625 0.052734375
0 0.46796875 0.55859375 0.0390625 0.05078125
0 0.31875 0.515625 0.040625 0.05078125
0 0.28984375 0.4775390625 0.0390625 0.048828125
0 0.55 0.31640625 0.040625 0.05078125
0 0.5796875 0.3525390625 0.040625 0.048828125
0 0.621875 0.671875 0.040625 0.05078125
0 0.646875 0.56640625 0.040625 0.05078125
0 0.70703125 0.5693359375 0.0421875 0.048828125
0 0.378125 0.44921875 0.040625 0.05078125
0 0.5546875 0.45703125 0.040625 0.05078125
0 0.53125 0.6337890625 0.040625 0.048828125
0 0.4640625 0.3466796875 0.040625 0.052734375
0 0.7375 0.60546875 0.040625 0.05078125
0 0.5625 0.6708984375 0.040625 0.048828125
0 0.440625 0.5927734375 0.040625 0.048828125
0 0.59453125 0.7802734375 0.0390625 0.048828125
0 0.5859375 0.4931640625 0.040625 0.048828125
0 0.53203125 0.7041015625 0.0421875 0.048828125
0 0.50078125 0.5966796875 0.0421875 0.052734375
0 0.3484375 0.4833984375 0.040625 0.048828125
0 0.6234375 0.7431640625 0.040625 0.048828125
0 0.52890625 0.5615234375 0.0390625 0.048828125
0 0.68046875 0.67578125 0.0390625 0.05078125
0 0.51953125 0.2802734375 0.0421875 0.048828125
0 0.46015625 0.27734375 0.0390625 0.05078125
0 0.3734375 0.30859375 0.040625 0.05078125
0 0.67578125 0.5322265625 0.0421875 0.048828125
0 0.37890625 0.51953125 0.0421875 0.05078125
0 0.49140625 0.3134765625 0.0390625 0.048828125
0 0.65234375 0.7109375 0.0421875 0.05078125
0 0.434375 0.37890625 0.040625 0.05078125
0 0.34765625 0.4130859375 0.0421875 0.048828125
0 0.5921875 0.70703125 0.040625 0.05078125
0 0.521875 0.3505859375 0.040625 0.048828125
0 0.403125 0.3447265625 0.040625 0.048828125
0 0.409375 0.4833984375 0.040625 0.048828125
0 0.41171875 0.6259765625 0.0390625 0.048828125
0 0.50390625 0.7392578125 0.0390625 0.052734375
0 0.38046875 0.58984375 0.0421875 0.05078125
0 0.52265625 0.4208984375 0.0390625 0.048828125
0 0.52734375 0.4912109375 0.0390625 0.048828125
0 0.67265625 0.4619140625 0.0421875 0.048828125
0 0.4671875 0.4873046875 0.040625 0.052734375
0 0.534375 0.7763671875 0.040625 0.052734375
0 0.73515625 0.53515625 0.0390625 0.05078125
0 0.76484375 0.5732421875 0.0390625 0.052734375
0 0.64453125 0.49609375 0.0390625 0.05078125
0 0.40703125 0.4130859375 0.0390625 0.048828125
0 0.70859375 0.6416015625 0.0421875 0.048828125
0 0.4703125 0.6298828125 0.040625 0.052734375
0 0.5609375 0.59765625 0.040625 0.05078125
0 0.55625 0.52734375 0.040625 0.05078125
0 0.46484375 0.4169921875 0.0421875 0.052734375
0 0.4390625 0.5205078125 0.040625 0.052734375
0 0.40078125 0.2744140625 0.0390625 0.048828125
0 0.6109375 0.3876953125 0.040625 0.052734375
0 0.678125 0.6025390625 0.040625 0.048828125
0 0.55390625 0.38671875 0.0421875 0.05078125
0 0.58828125 0.5634765625 0.0390625 0.048828125
0 0.61796875 0.6015625 0.0421875 0.05078125
0 0.49921875 0.5244140625 0.0421875 0.048828125
0 0.56640625 0.8154296875 0.0421875 0.052734375
0 0.4578125 0.20703125 0.040625 0.05078125
0 0.3171875 0.4453125 0.040625 0.05078125
0 0.4328125 0.3115234375 0.040625 0.048828125
0 0.2578125 0.44140625 0.040625 0.05078125
