0 0.36953125 0.48828125 0.0609375 0.05859375
0 0.43203125 0.3681640625 0.0609375 0.056640625
0 0.496875 0.548828125 0.059375 0.05859375
0 0.36640625 0.3681640625 0.0609375 0.056640625
0 0.496875 0.4287109375 0.059375 0.056640625
0 0.17578125 0.7294921875 0.0578125 0.056640625
0 0.30234375 0.3662109375 0.0609375 0.056640625
0 0.23984375 0.486328125 0.0609375 0.05859375
0 0.3046875 0.853515625 0.059375 0.05859375
0 0.5609375 0.369140625 0.059375 0.05859375
0 0.62890625 0.671875 0.0578125 0.05859375
0 0.36796875 0.4267578125 0.0578125 0.056640625
0 0.30390625 0.48828125 0.0609375 0.05859375
0 0.30546875 0.7294921875 0.0609375 0.056640625
0 0.23984375 0.3662109375 0.0609375 0.056640625
0 0.43203125 0.248046875 0.0609375 0.05859375
0 0.5640625 0.6708984375 0.059375 0.056640625
0 0.30234375 0.24609375 0.0609375 0.05859375
0 0.49921875 0.6708984375 0.0578125 0.056640625
0 0.6265625 0.55078125 0.059375 0.05859375
0 0.43359375 0.48828125 0.0609375 0.05859375
0 0.36796875 0.548828125 0.0578125 0.05859375
0 0.56484375 0.7314453125 0.0609375 0.056640625
0 0.434375 0.6708984375 0.059375 0.056640625
0 0.23828125 0.4267578125 0.0578125 0.056640625
0 0.24140625 0.7294921875 0.0609375 0.056640625
0 0.30390625 0.6083984375 0.0609375 0.056640625
0 0.63046875 0.7919921875 0.0578125 0.056640625
0 0.49765625 0.609375 0.0609375 0.05859375
0 0.565625 0.7919921875 0.059375 0.056640625
0 0.5609375 0.2509765625 0.059375 0.056640625
0 0.49609375 0.369140625 0.0609375 0.05859375
0 0.49609375 0.4892578125 0.0609375 0.056640625
0 0.23984375 0.6083984375 0.0609375 0.056640625
0 0.17421875 0.791015625 0.0609375 0.05859375
0 0.1734375 0.6083984375 0.059375 0.056640625
0 0.56171875 0.4287109375 0.0578125 0.056640625
0 0.36953125 0.6083984375 0.0609375 0.056640625
0 0.43515625 0.7314453125 0.0609375 0.056640625
0 0.30703125 0.791015625 0.0578125 0.05859375
0 0.5609375 0.4892578125 0.059375 0.056640625
0 0.6265625 0.431640625 0.059375 0.0546875
0 0.62578125 0.4892578125 0.0609375 0.056640625
0 0.1734375 0.3056640625 0.059375 0.056640625
0 0.43671875 0.7919921875 0.0578125 0.056640625
0 0.37109375 0.7294921875 0.0609375 0.056640625
0 0.3046875 0.6689453125 0.059375 0.056640625
0 0.240625 0.546875 0.059375 0.05859375
0 0.56015625 0.30859375 0.0578125 0.05859375
0 0.4375 0.853515625 0.059375 0.05859375
0 0.303125 0.306640625 0.059375 0.05859375
0 0.36640625 0.24609375 0.0609375 0.05859375
0 0.496875 0.30859375 0.059375 0.05859375
0 0.23828125 0.3056640625 0.0578125 0.056640625
0 0.43359375 0.609375 0.0609375 0.05859375
0 0.17578125 0.6689453125 0.0578125 0.056640625
0 0.56328125 0.609375 0.0609375 0.05859375
0 0.62578125 0.369140625 0.0609375 0.05859375
0 0.36796875 0.306640625 0.0578125 0.05859375
0 0.4328125 0.30859375 0.059375 0.05859375
0 0.17578125 0.8515625 0.0578125 0.05859375
0 0.240625 0.6689453125 0.059375 0.056640625
0 0.3703125 0.6689453125 0.059375 0.056640625
0 0.37265625 0.853515625 0.0609375 0.05859375
0 0.62734375 0.611328125 0.0609375 0.05859375
0 0.50078125 0.7314453125 0.0609375 0.056640625
0 0.56640625 0.853515625 0.0609375 0.05859375
0 0.23984375 0.791015625 0.0609375 0.05859375
0 0.4328125 0.4287109375 0.059375 0.056640625
0 0.17421875 0.36328125 0.0609375 0.0546875
0 0.2375 0.24609375 0.059375 0.05859375
0 0.625 0.3115234375 0.059375 0.056640625
0 0.17421875 0.486328125 0.0609375 0.05859375
0 0.49609375 0.248046875 0.0609375 0.05859375
0 0.5015625 0.7919921875 0.059375 0.056640625
0 0.1734375 0.42578125 0.059375 0.05859375
0 0.303125 0.4267578125 0.059375 0.056640625
0 0.303125 0.546875 0.059375 0.05859375
0 0.4328125 0.548828125 0.059375 0.05859375
0 0.56171875 0.55078125 0.0578125 0.05859375
0 0.1734375 0.546875 0.059375 0.05859375
0 0.62578125 0.25 0.0609375 0.0546875
0 0.240625 0.853515625 0.059375 0.05859375
0 0.371875 0.791015625 0.059375 0.05859375
0 0.17265625 0.244140625 0.0609375 0.05859375
0 0.6296875 0.7314453125 0.059375 0.056640625
0 0.63359375 0.85546875 0.0609375 0.05859375
0 0.50234375 0.853515625 0.0609375 0.05859375
