0 0.39375 0.626953125 0.05 0.05078125
0 0.4078125 0.3955078125 0.05 0.052734375
0 0.425 0.1611328125 0.05 0.052734375
0 0.2640625 0.0888671875 0.05 0.052734375
0 0.5640625 0.5263671875 0.05 0.052734375
0 0.5296875 0.2294921875 0.05 0.052734375
0 0.521875 0.345703125 0.05 0.05078125
0 0.3421875 0.5654296875 0.05 0.052734375
0 0.5796875 0.2919921875 0.05 0.052734375
0 0.3578125 0.3330078125 0.05 0.052734375
0 0.296875 0.4453125 0.05 0.05078125
0 0.3375 0.623046875 0.05 0.05078125
0 0.4515625 0.5751953125 0.05 0.052734375
0 0.3125 0.2109375 0.05 0.05078125
0 0.3546875 0.3916015625 0.05 0.052734375
0 0.50625 0.580078125 0.05 0.05078125
0 0.5140625 0.4638671875 0.05 0.052734375
0 0.390625 0.685546875 0.05 0.05078125
0 0.4984375 0.6953125 0.05 0.05078125
0 0.415625 0.279296875 0.05 0.05078125
0 0.4046875 0.453125 0.05 0.05078125
0 0.2609375 0.1474609375 0.05 0.052734375
0 0.1921875 0.376953125 0.05 0.05078125
0 0.44375 0.69140625 0.05 0.05078125
0 0.2296875 0.61328125 0.05 0.05078125
0 0.2796875 0.6767578125 0.05 0.052734375
0 0.3046875 0.3271484375 0.05 0.052734375
0 0.1765625 0.6083984375 0.05 0.052734375
0 0.4015625 0.51171875 0.05 0.05078125
0 0.471875 0.2841796875 0.05 0.052734375
0 0.46875 0.341796875 0.05 0.05078125
0 0.45625 0.517578125 0.05 0.05078125
0 0.5375 0.1123046875 0.05 0.052734375
0 0.2875 0.5615234375 0.05 0.052734375
0 0.3703125 0.1572265625 0.05 0.052734375
0 0.20625 0.142578125 0.05 0.05078125
0 0.584375 0.234375 0.05 0.05078125
0 0.56875 0.4677734375 0.05 0.052734375
0 0.25 0.3232421875 0.05 0.052734375
0 0.234375 0.5546875 0.05 0.05078125
0 0.25625 0.20703125 0.05 0.05078125
0 0.246875 0.380859375 0.05 0.05078125
0 0.375 0.099609375 0.05 0.05078125
0 0.4609375 0.4599609375 0.05 0.052734375
0 0.475 0.2255859375 0.05 0.052734375
0 0.315625 0.1533203125 0.05 0.052734375
0 0.2421875 0.44140625 0.05 0.05078125
0 0.478125 0.166015625 0.05 0.05078125
0 0.5015625 0.6376953125 0.05 0.052734375
0 0.51875 0.40625 0.05 0.05078125
0 0.1984375 0.2607421875 0.05 0.052734375
0 0.3 0.3876953125 0.05 0.052734375
0 0.4203125 0.2197265625 0.05 0.052734375
0 0.534375 0.169921875 0.05 0.05078125
0 0.184375 0.4931640625 0.05 0.052734375
0 0.3625 0.2734375 0.05 0.05078125
0 0.365625 0.2158203125 0.05 0.052734375
0 0.346875 0.5068359375 0.05 0.052734375
0 0.5515625 0.7021484375 0.05 0.052734375
0 0.284375 0.619140625 0.05 0.05078125
0 0.2109375 0.0849609375 0.05 0.052734375
0 0.2921875 0.5029296875 0.05 0.052734375
0 0.31875 0.0927734375 0.05 0.052734375
0 0.571875 0.41015625 0.05 0.05078125
0 0.2265625 0.6708984375 0.05 0.052734375
0 0.5109375 0.521484375 0.05 0.05078125
0 0.55625 0.6416015625 0.05 0.052734375
0 0.196875 0.3193359375 0.05 0.052734375
0 0.5265625 0.2880859375 0.05 0.052734375
0 0.4640625 0.3994140625 0.05 0.052734375
0 0.4125 0.337890625 0.05 0.05078125
0 0.1796875 0.55078125 0.05 0.05078125
0 0.5875 0.173828125 0.05 0.05078125
0 0.3984375 0.5693359375 0.05 0.052734375
0 0.2546875 0.2646484375 0.05 0.052734375
0 0.4828125 0.107421875 0.05 0.05078125
0 0.35 0.44921875 0.05 0.05078125
0 0.3078125 0.26953125 0.05 0.05078125
0 0.2015625 0.203125 0.05 0.05078125
0 0.2375 0.4970703125 0.05 0.052734375
0 0.5921875 0.1162109375 0.05 0.052734375
0 0.4484375 0.6337890625 0.05 0.052734375
0 0.428125 0.103515625 0.05 0.05078125
0 0.5765625 0.349609375 0.05 0.05078125
0 0.1875 0.4345703125 0.05 0.052734375
0 0.334375 0.681640625 0.05 0.05078125
0 0.5609375 0.583984375 0.05 0.05078125
0 0.171875 0.6669921875 0.05 0.052734375
