0 0.365625 0.482421875 0.040625 0.05078125
0 0.5796875 0.654296875 0.040625 0.05078125
0 0.5015625 0.2841796875 0.040625 0.048828125
0 0.3171875 0.6376953125 0.040625 0.052734375
0 0.32578125 0.3759765625 0.0390625 0.048828125
0 0.628125 0.3955078125 0.040625 0.048828125
0 0.41328125 0.328125 0.0421875 0.05078125
0 0.575 0.7607421875 0.040625 0.048828125
0 0.540625 0.3896484375 0.040625 0.052734375
0 0.54375 0.287109375 0.040625 0.05078125
0 0.53359375 0.703125 0.0390625 0.05078125
0 0.49140625 0.6474609375 0.0421875 0.052734375
0 0.44921875 0.59375 0.0390625 0.05078125
0 0.584375 0.392578125 0.040625 0.05078125
0 0.409375 0.484375 0.040625 0.05078125
0 0.5359375 0.5986328125 0.040625 0.052734375
0 0.33125 0.2216796875 0.040625 0.052734375
0 0.3625 0.58984375 0.040625 0.05078125
0 0.5890625 0.236328125 0.040625 0.05078125
0 0.534375 0.65234375 0.040625 0.05078125
0 0.62265625 0.6572265625 0.0421875 0.052734375
0 0.4015625 0.6953125 0.040625 0.05078125
0 0.45234375 0.4892578125 0.0421875 0.052734375
0 0.315625 0.689453125 0.040625 0.05078125
0 0.4953125 0.54296875 0.040625 0.05078125
0 0.41484375 0.2265625 0.0421875 0.05078125
0 0.48984375 0.701171875 0.0390625 0.05078125
0 0.48828125 0.7548828125 0.0390625 0.048828125
0 0.58125 0.548828125 0.040625 0.046875
0 0.53828125 0.5458984375 0.0421875 0.048828125
0 0.53828125 0.494140625 0.0421875 0.05078125
0 0.36015625 0.640625 0.0421875 0.05078125
0 0.496875 0.44140625 0.040625 0.05078125
0 0.446875 0.69921875 0.040625 0.05078125
0 0.49921875 0.3359375 0.0421875 0.05078125
0 0.4578125 0.28125 0.040625 0.046875
0 0.45078125 0.541015625 0.0390625 0.05078125
0 0.45625 0.384765625 0.040625 0.05078125
0 0.3109375 0.7431640625 0.040625 0.048828125
0 0.45625 0.333984375 0.040625 0.05078125
0 0.6203125 0.763671875 0.040625 0.05078125
0 0.58671875 0.3408203125 0.0390625 0.052734375
0 0.6265625 0.4990234375 0.040625 0.052734375
0 0.3265625 0.32421875 0.040625 0.05078125
0 0.4546875 0.4375 0.040625 0.05078125
0 0.5875 0.2890625 0.040625 0.05078125
0 0.4109375 0.43359375 0.040625 0.05078125
0 0.41484375 0.2783203125 0.0421875 0.048828125
0 0.32890625 0.2734375 0.0421875 0.05078125
0 0.50234375 0.2314453125 0.0390625 0.052734375
0 0.6203125 0.7109375 0.040625 0.05078125
0 0.36640625 0.431640625 0.0390625 0.05078125
0 0.3578125 0.693359375 0.040625 0.05078125
0 0.32109375 0.4794921875 0.0421875 0.052734375
0 0.44765625 0.64453125 0.0390625 0.05078125
0 0.58359375 0.4453125 0.0421875 0.05078125
0 0.540625 0.443359375 0.040625 0.05078125
0 0.57734375 0.708984375 0.0421875 0.05078125
0 0.3640625 0.5341796875 0.040625 0.048828125
0 0.32421875 0.427734375 0.0390625 0.05078125
0 0.371875 0.224609375 0.040625 0.05078125
0 0.403125 0.642578125 0.040625 0.05078125
0 0.62265625 0.60546875 0.0421875 0.05078125
0 0.3703125 0.328125 0.040625 0.05078125
0 0.62734375 0.447265625 0.0390625 0.05078125
0 0.40625 0.591796875 0.040625 0.05078125
0 0.63046875 0.34375 0.0421875 0.05078125
0 0.4953125 0.4921875 0.040625 0.05078125
0 0.32109375 0.5322265625 0.0421875 0.048828125
0 0.41328125 0.3818359375 0.0421875 0.048828125
0 0.49921875 0.38671875 0.0421875 0.05078125
0 0.36953125 0.3779296875 0.0390625 0.048828125
0 0.39921875 0.7490234375 0.0421875 0.048828125
0 0.49375 0.595703125 0.040625 0.05078125
0 0.625 0.5517578125 0.040625 0.048828125
0 0.5421875 0.337890625 0.040625 0.05078125
0 0.35625 0.7451171875 0.040625 0.048828125
0 0.371875 0.2763671875 0.040625 0.048828125
0 0.58125 0.49609375 0.040625 0.05078125
0 0.54609375 0.234375 0.0421875 0.05078125
0 0.63046875 0.23828125 0.0421875 0.05078125
0 0.31875 0.5859375 0.040625 0.05078125
0 0.53203125 0.7587890625 0.0390625 0.048828125
0 0.44453125 0.7509765625 0.0421875 0.048828125
0 0.40859375 0.5380859375 0.0390625 0.052734375
0 0.63046875 0.29296875 0.0421875 0.05078125
0 0.5796875 0.6025390625 0.040625 0.048828125
0 0.4578125 0.228515625 0.040625 0.05078125
