0 0.47734375 0.6103515625 0.0390625 0.048828125
0 0.46640625 0.3916015625 0.0390625 0.048828125
0 0.45390625 0.1708984375 0.0390625 0.048828125
0 0.57890625 0.1025390625 0.0390625 0.048828125
0 0.34453125 0.5146484375 0.0390625 0.048828125
0 0.37109375 0.2353515625 0.0390625 0.048828125
0 0.37734375 0.3447265625 0.0390625 0.048828125
0 0.51796875 0.5517578125 0.0390625 0.048828125
0 0.33203125 0.2939453125 0.0390625 0.048828125
0 0.50546875 0.3330078125 0.0390625 0.048828125
0 0.55390625 0.4384765625 0.0390625 0.048828125
0 0.52109375 0.6064453125 0.0390625 0.048828125
0 0.43203125 0.5615234375 0.0390625 0.048828125
0 0.54140625 0.2177734375 0.0390625 0.048828125
0 0.50859375 0.3876953125 0.0390625 0.048828125
0 0.38984375 0.5654296875 0.0390625 0.048828125
0 0.38359375 0.4560546875 0.0390625 0.048828125
0 0.48046875 0.6650390625 0.0390625 0.048828125
0 0.39609375 0.6748046875 0.0390625 0.048828125
0 0.46015625 0.2822265625 0.0390625 0.048828125
0 0.46953125 0.4462890625 0.0390625 0.048828125
0 0.58203125 0.1572265625 0.0390625 0.048828125
0 0.63515625 0.3740234375 0.0390625 0.048828125
0 0.43828125 0.6708984375 0.0390625 0.048828125
0 0.60546875 0.5966796875 0.0390625 0.048828125
0 0.56640625 0.6572265625 0.0390625 0.048828125
0 0.54765625 0.3271484375 0.0390625 0.048828125
0 0.64765625 0.5927734375 0.0390625 0.048828125
0 0.47109375 0.5009765625 0.0390625 0.048828125
0 0.41640625 0.2861328125 0.0390625 0.048828125
0 0.41953125 0.3408203125 0.0390625 0.048828125
0 0.42890625 0.5068359375 0.0390625 0.048828125
0 0.36484375 0.1240234375 0.0390625 0.048828125
0 0.56015625 0.5478515625 0.0390625 0.048828125
0 0.49609375 0.1669921875 0.0390625 0.048828125
0 0.62421875 0.1533203125 0.0390625 0.048828125
0 0.32890625 0.2392578125 0.0390625 0.048828125
0 0.34140625 0.4599609375 0.0390625 0.048828125
0 0.58984375 0.3232421875 0.0390625 0.048828125
0 0.60234375 0.5419921875 0.0390625 0.048828125
0 0.58515625 0.2138671875 0.0390625 0.048828125
0 0.59296875 0.3779296875 0.0390625 0.048828125
0 0.49296875 0.1123046875 0.0390625 0.048828125
0 0.42578125 0.4521484375 0.0390625 0.048828125
0 0.41484375 0.2314453125 0.0390625 0.048828125
0 0.53828125 0.1630859375 0.0390625 0.048828125
0 0.59609375 0.4345703125 0.0390625 0.048828125
0 0.41171875 0.1748046875 0.0390625 0.048828125
0 0.39296875 0.6201171875 0.0390625 0.048828125
0 0.38046875 0.4013671875 0.0390625 0.048828125
0 0.63046875 0.2646484375 0.0390625 0.048828125
0 0.55078125 0.3837890625 0.0390625 0.048828125
0 0.45703125 0.2255859375 0.0390625 0.048828125
0 0.36796875 0.1787109375 0.0390625 0.048828125
0 0.64140625 0.4833984375 0.0390625 0.048828125
0 0.50234375 0.2763671875 0.0390625 0.048828125
0 0.49921875 0.2216796875 0.0390625 0.048828125
0 0.51484375 0.4970703125 0.0390625 0.048828125
0 0.35390625 0.6806640625 0.0390625 0.048828125
0 0.56328125 0.6025390625 0.0390625 0.048828125
0 0.62109375 0.0986328125 0.0390625 0.048828125
0 0.55703125 0.4931640625 0.0390625 0.048828125
0 0.53671875 0.1064453125 0.0390625 0.048828125
0 0.33828125 0.4052734375 0.0390625 0.048828125
0 0.60859375 0.6513671875 0.0390625 0.048828125
0 0.38671875 0.5107421875 0.0390625 0.048828125
0 0.35078125 0.6240234375 0.0390625 0.048828125
0 0.63203125 0.3193359375 0.0390625 0.048828125
0 0.37421875 0.2900390625 0.0390625 0.048828125
0 0.42265625 0.3955078125 0.0390625 0.048828125
0 0.46328125 0.3369140625 0.0390625 0.048828125
0 0.64453125 0.5380859375 0.0390625 0.048828125
0 0.32578125 0.1826171875 0.0390625 0.048828125
0 0.47421875 0.5556640625 0.0390625 0.048828125
0 0.58671875 0.2685546875 0.0390625 0.048828125
0 0.40859375 0.1201171875 0.0390625 0.048828125
0 0.51171875 0.4423828125 0.0390625 0.048828125
0 0.54453125 0.2724609375 0.0390625 0.048828125
0 0.62734375 0.2099609375 0.0390625 0.048828125
0 0.59921875 0.4873046875 0.0390625 0.048828125
0 0.32265625 0.1279296875 0.0390625 0.048828125
0 0.43515625 0.6162109375 0.0390625 0.048828125
0 0.45078125 0.1162109375 0.0390625 0.048828125
0 0.33515625 0.3486328125 0.0390625 0.048828125
0 0.63828125 0.4287109375 0.0390625 0.048828125
0 0.52421875 0.6611328125 0.0390625 0.048828125
0 0.34765625 0.5693359375 0.0390625 0.048828125
0 0.65078125 0.6474609375 0.0390625 0.048828125
