0 0.65390625 0.4541015625 0.0390625 0.048828125
0 0.62109375 0.4189453125 0.0421875 0.052734375
0 0.39765625 0.3271484375 0.0421875 0.052734375
0 0.48515625 0.6220703125 0.0421875 0.052734375
0 0.5859375 0.3857421875 0.040625 0.048828125
0 0.49765625 0.4326171875 0.0421875 0.048828125
0 0.30546875 0.6396484375 0.0390625 0.052734375
0 0.51796875 0.3173828125 0.0390625 0.052734375
0 0.35859375 0.5595703125 0.0421875 0.052734375
0 0.32265625 0.525390625 0.0421875 0.05078125
0 0.38515625 0.857421875 0.0421875 0.05078125
0 0.31171875 0.712890625 0.0390625 0.05078125
0 0.353125 0.822265625 0.040625 0.05078125
0 0.35078125 0.486328125 0.0390625 0.05078125
0 0.39140625 0.5947265625 0.0421875 0.048828125
0 0.36953125 0.369140625 0.0390625 0.05078125
0 0.40390625 0.404296875 0.0421875 0.05078125
0 0.47734375 0.5478515625 0.0421875 0.048828125
0 0.45859375 0.662109375 0.0421875 0.05078125
0 0.5265625 0.7314453125 0.040625 0.052734375
0 0.66015625 0.5283203125 0.0390625 0.052734375
0 0.52578125 0.392578125 0.0421875 0.05078125
0 0.63359375 0.568359375 0.0421875 0.05078125
0 0.45078125 0.5869140625 0.0390625 0.048828125
0 0.55859375 0.4248046875 0.0421875 0.048828125
0 0.39765625 0.6689453125 0.0421875 0.052734375
0 0.27109375 0.6064453125 0.0421875 0.052734375
0 0.2109375 0.6123046875 0.040625 0.048828125
0 0.384375 0.5185546875 0.040625 0.048828125
0 0.5734375 0.5751953125 0.040625 0.052734375
0 0.53203125 0.4658203125 0.0421875 0.052734375
0 0.46484375 0.736328125 0.0421875 0.05078125
0 0.45625 0.322265625 0.040625 0.05078125
0 0.28671875 0.7548828125 0.0390625 0.052734375
0 0.41015625 0.4794921875 0.0421875 0.048828125
0 0.5671875 0.5009765625 0.040625 0.048828125
0 0.48515625 0.2802734375 0.0421875 0.052734375
0 0.43828125 0.7783203125 0.0390625 0.052734375
0 0.68828125 0.4892578125 0.0421875 0.052734375
0 0.62734375 0.494140625 0.0421875 0.05078125
0 0.47109375 0.4736328125 0.0421875 0.052734375
0 0.44453125 0.5126953125 0.0390625 0.052734375
0 0.34375 0.4091796875 0.040625 0.048828125
0 0.5796875 0.650390625 0.040625 0.05078125
0 0.446875 0.8505859375 0.040625 0.052734375
0 0.60703125 0.6103515625 0.0421875 0.048828125
0 0.49140625 0.357421875 0.0421875 0.05078125
0 0.378125 0.783203125 0.040625 0.05078125
0 0.43203125 0.701171875 0.0390625 0.05078125
0 0.27890625 0.6806640625 0.0421875 0.048828125
0 0.47265625 0.810546875 0.0421875 0.05078125
0 0.43046875 0.3642578125 0.0390625 0.052734375
0 0.37734375 0.4443359375 0.0421875 0.052734375
0 0.45 0.2470703125 0.040625 0.052734375
0 0.31640625 0.451171875 0.0421875 0.05078125
0 0.2171875 0.6865234375 0.040625 0.052734375
0 0.53828125 0.541015625 0.0421875 0.05078125
0 0.3375 0.673828125 0.040625 0.05078125
0 0.51171875 0.580078125 0.0390625 0.05078125
0 0.23671875 0.572265625 0.0421875 0.05078125
0 0.296875 0.5654296875 0.040625 0.048828125
0 0.54609375 0.615234375 0.0421875 0.05078125
0 0.4125 0.8154296875 0.040625 0.048828125
0 0.34609375 0.748046875 0.0421875 0.05078125
0 0.40390625 0.7412109375 0.0421875 0.052734375
0 0.4375 0.439453125 0.040625 0.05078125
0 0.36484375 0.6337890625 0.0421875 0.048828125
0 0.51796875 0.6572265625 0.0390625 0.048828125
0 0.42421875 0.287109375 0.0390625 0.05078125
0 0.33125 0.6005859375 0.040625 0.052734375
0 0.59921875 0.533203125 0.0390625 0.05078125
0 0.50546875 0.5068359375 0.0390625 0.052734375
0 0.371875 0.708984375 0.040625 0.05078125
0 0.18515625 0.6533203125 0.0421875 0.052734375
0 0.42109375 0.8896484375 0.0421875 0.052734375
0 0.25234375 0.720703125 0.0421875 0.05078125
0 0.26484375 0.533203125 0.0421875 0.05078125
0 0.425 0.626953125 0.040625 0.05078125
0 0.24296875 0.6474609375 0.0421875 0.052734375
0 0.31875 0.7880859375 0.040625 0.052734375
0 0.50078125 0.7685546875 0.0421875 0.048828125
0 0.49140625 0.6943359375 0.0421875 0.052734375
0 0.55234375 0.3505859375 0.0421875 0.052734375
0 0.55234375 0.689453125 0.0421875 0.05078125
0 0.59296875 0.4599609375 0.0390625 0.052734375
0 0.46484375 0.3974609375 0.0421875 0.052734375
0 0.41875 0.5537109375 0.040625 0.052734375
0 0.290625 0.4912109375 0.040625 0.052734375
