0 0.71484375 0.5341796875 0.0546875 0.072265625
0 0.7 0.25 0.053125 0.07421875
0 0.25625 0.8193359375 0.053125 0.072265625
0 0.3 0.6630859375 0.05625 0.076171875
0 0.3484375 0.5771484375 0.053125 0.076171875
0 0.44375 0.40234375 0.053125 0.0703125
0 0.396875 0.48828125 0.053125 0.0703125
0 0.28125 0.3798828125 0.053125 0.072265625
0 0.309375 0.8046875 0.053125 0.0703125
0 0.234375 0.4658203125 0.053125 0.072265625
0 0.2515625 0.751953125 0.053125 0.0703125
0 0.4953125 0.3115234375 0.053125 0.072265625
0 0.509375 0.59765625 0.053125 0.0703125
0 0.6515625 0.337890625 0.053125 0.0703125
0 0.64609375 0.1953125 0.0546875 0.0703125
0 0.3046875 0.7333984375 0.053125 0.072265625
0 0.7078125 0.390625 0.053125 0.0703125
0 0.6203125 0.70703125 0.053125 0.0703125
0 0.540625 0.2255859375 0.05625 0.072265625
0 0.71875 0.60546875 0.053125 0.0703125
0 0.5578125 0.5107421875 0.05625 0.072265625
0 0.66015625 0.4794921875 0.0546875 0.076171875
0 0.721875 0.6728515625 0.053125 0.072265625
0 0.184375 0.552734375 0.053125 0.0703125
0 0.2421875 0.6083984375 0.053125 0.072265625
0 0.4140625 0.7705078125 0.053125 0.072265625
0 0.4359375 0.2568359375 0.053125 0.076171875
0 0.6125 0.5654296875 0.053125 0.076171875
0 0.6671875 0.6181640625 0.05625 0.076171875
0 0.4046875 0.6298828125 0.053125 0.076171875
0 0.3578125 0.7158203125 0.053125 0.076171875
0 0.6046875 0.4248046875 0.053125 0.072265625
0 0.4609375 0.6845703125 0.053125 0.072265625
0 0.33125 0.2890625 0.05625 0.0703125
0 0.1984375 0.7666015625 0.053125 0.072265625
0 0.4640625 0.755859375 0.053125 0.0703125
0 0.671875 0.689453125 0.053125 0.07421875
0 0.6578125 0.4072265625 0.053125 0.076171875
0 0.5953125 0.2822265625 0.053125 0.072265625
0 0.3515625 0.646484375 0.053125 0.0703125
0 0.340625 0.43359375 0.053125 0.07421875
0 0.2234375 0.3193359375 0.053125 0.072265625
0 0.2953125 0.59375 0.053125 0.0703125
0 0.38828125 0.345703125 0.0546875 0.0703125
0 0.384375 0.2744140625 0.05625 0.072265625
0 0.5484375 0.3720703125 0.053125 0.072265625
0 0.453125 0.541015625 0.053125 0.0703125
0 0.246875 0.6806640625 0.05625 0.072265625
0 0.290625 0.5224609375 0.053125 0.072265625
0 0.56484375 0.654296875 0.0546875 0.0703125
0 0.5 0.455078125 0.053125 0.0703125
0 0.5921875 0.2099609375 0.053125 0.072265625
0 0.6625 0.548828125 0.053125 0.0703125
0 0.703125 0.3193359375 0.05625 0.072265625
0 0.609375 0.49609375 0.053125 0.0703125
0 0.39375 0.4169921875 0.053125 0.072265625
0 0.203125 0.8388671875 0.053125 0.072265625
0 0.34375 0.505859375 0.053125 0.07421875
0 0.5140625 0.6689453125 0.053125 0.072265625
0 0.5171875 0.7412109375 0.053125 0.072265625
0 0.278125 0.3037109375 0.05625 0.072265625
0 0.5671875 0.7216796875 0.053125 0.072265625
0 0.4421875 0.3291015625 0.053125 0.076171875
0 0.5453125 0.296875 0.053125 0.0703125
0 0.228125 0.39453125 0.053125 0.0703125
0 0.5625 0.5830078125 0.053125 0.072265625
0 0.6484375 0.2666015625 0.053125 0.072265625
0 0.334375 0.3642578125 0.053125 0.072265625
0 0.3609375 0.7880859375 0.053125 0.076171875
0 0.7109375 0.4619140625 0.053125 0.072265625
0 0.4109375 0.69921875 0.053125 0.0703125
0 0.178125 0.4814453125 0.053125 0.072265625
0 0.2375 0.537109375 0.053125 0.0703125
0 0.4875 0.240234375 0.05625 0.0703125
0 0.615625 0.63671875 0.053125 0.07421875
0 0.4 0.5595703125 0.053125 0.072265625
0 0.55234375 0.439453125 0.0546875 0.0703125
0 0.175 0.4072265625 0.053125 0.076171875
0 0.6015625 0.353515625 0.053125 0.0703125
0 0.49765625 0.38671875 0.0546875 0.0703125
0 0.2875 0.451171875 0.053125 0.0703125
0 0.45703125 0.6123046875 0.0546875 0.072265625
0 0.45 0.4736328125 0.053125 0.072265625
0 0.19375 0.6953125 0.05625 0.0703125
0 0.696875 0.1787109375 0.053125 0.076171875
0 0.5046875 0.5263671875 0.05625 0.072265625
0 0.1875 0.6240234375 0.05625 0.072265625
0 0.1703125 0.3359375 0.053125 0.07421875
