0 0.30078125 0.220703125 0.0546875 0.0625
0 0.54140625 0.7119140625 0.0546875 0.060546875
0 0.41796875 0.23828125 0.0546875 0.05859375
0 0.3140625 0.609375 0.05625 0.05859375
0 0.59140625 0.7841796875 0.0578125 0.060546875
0 0.6234375 0.52734375 0.053125 0.05859375
0 0.25703125 0.6015625 0.0578125 0.0625
0 0.59921875 0.2021484375 0.0546875 0.060546875
0 0.55546875 0.583984375 0.0578125 0.05859375
0 0.38984375 0.4912109375 0.0578125 0.060546875
0 0.36796875 0.1640625 0.0578125 0.0625
0 0.35078125 0.8125 0.0578125 0.0625
0 0.353125 0.291015625 0.05625 0.05859375
0 0.28515625 0.3466796875 0.0546875 0.060546875
0 0.490625 0.638671875 0.053125 0.0625
0 0.50546875 0.509765625 0.0546875 0.0625
0 0.5859375 0.849609375 0.05625 0.05859375
0 0.41015625 0.30078125 0.0578125 0.05859375
0 0.47734375 0.248046875 0.0578125 0.05859375
0 0.3640625 0.681640625 0.053125 0.05859375
0 0.46796875 0.83203125 0.0578125 0.0625
0 0.63828125 0.400390625 0.0546875 0.0625
0 0.26328125 0.537109375 0.0578125 0.05859375
0 0.60703125 0.65625 0.0578125 0.05859375
0 0.271875 0.47265625 0.05625 0.0625
0 0.23515625 0.2734375 0.0578125 0.0625
0 0.52890625 0.318359375 0.0578125 0.0625
0 0.54296875 0.19140625 0.0578125 0.05859375
0 0.20546875 0.52734375 0.0578125 0.05859375
0 0.51328125 0.447265625 0.0578125 0.0625
0 0.32109375 0.544921875 0.0546875 0.0625
0 0.41640625 0.7578125 0.0578125 0.05859375
0 0.27890625 0.4091796875 0.0546875 0.060546875
0 0.42421875 0.173828125 0.0546875 0.0625
0 0.38046875 0.5546875 0.0578125 0.0625
0 0.29921875 0.736328125 0.0578125 0.0625
0 0.57109375 0.45703125 0.0578125 0.0625
0 0.2296875 0.3369140625 0.05625 0.060546875
0 0.43203125 0.6298828125 0.0578125 0.060546875
0 0.47421875 0.765625 0.0578125 0.0625
0 0.24765625 0.666015625 0.0578125 0.05859375
0 0.62890625 0.46484375 0.0546875 0.05859375
0 0.5796875 0.392578125 0.05625 0.05859375
0 0.46015625 0.375 0.0546875 0.0625
0 0.39609375 0.427734375 0.0578125 0.0625
0 0.17265625 0.783203125 0.0578125 0.0625
0 0.5328125 0.775390625 0.053125 0.0625
0 0.19765625 0.591796875 0.0546875 0.0625
0 0.46953125 0.30859375 0.0546875 0.0625
0 0.43984375 0.56640625 0.0546875 0.0625
0 0.25078125 0.146484375 0.0578125 0.05859375
0 0.5859375 0.3271484375 0.05625 0.060546875
0 0.33046875 0.4814453125 0.0546875 0.060546875
0 0.2203125 0.3994140625 0.05625 0.060546875
0 0.56484375 0.517578125 0.0578125 0.05859375
0 0.48203125 0.7021484375 0.0546875 0.060546875
0 0.65234375 0.2744140625 0.0578125 0.060546875
0 0.48359375 0.18359375 0.0578125 0.0625
0 0.33828125 0.419921875 0.0578125 0.0625
0 0.37265625 0.6171875 0.0546875 0.0625
0 0.52734375 0.83984375 0.0546875 0.05859375
0 0.30859375 0.67578125 0.0578125 0.05859375
0 0.42265625 0.693359375 0.0578125 0.0625
0 0.446875 0.5 0.05625 0.0625
0 0.18125 0.71875 0.05625 0.05859375
0 0.24296875 0.2109375 0.0546875 0.0625
0 0.45390625 0.435546875 0.0546875 0.05859375
0 0.59296875 0.265625 0.0546875 0.0625
0 0.534375 0.255859375 0.05625 0.0625
0 0.34453125 0.35546875 0.0578125 0.0625
0 0.359375 0.23046875 0.05625 0.0625
0 0.64453125 0.3369140625 0.0546875 0.060546875
0 0.23125 0.79296875 0.053125 0.0625
0 0.29453125 0.283203125 0.0546875 0.0625
0 0.60078125 0.720703125 0.0578125 0.0625
0 0.23984375 0.728515625 0.0546875 0.05859375
0 0.4046875 0.365234375 0.05625 0.0625
0 0.65859375 0.2109375 0.0578125 0.0625
0 0.21328125 0.462890625 0.0546875 0.0625
0 0.496875 0.57421875 0.053125 0.05859375
0 0.40859375 0.822265625 0.0546875 0.0625
0 0.18828125 0.654296875 0.0546875 0.0625
0 0.61484375 0.591796875 0.0546875 0.0625
0 0.54921875 0.6484375 0.0578125 0.0625
0 0.51953125 0.3828125 0.0578125 0.05859375
0 0.3578125 0.748046875 0.053125 0.05859375
0 0.31015625 0.15625 0.0546875 0.05859375
0 0.28984375 0.80078125 0.0578125 0.05859375
