0 0.71328125 0.2060546875 0.0390625 0.048828125
0 0.51171875 0.6123046875 0.0390625 0.048828125
0 0.59921875 0.3154296875 0.0390625 0.048828125
0 0.64765625 0.6416015625 0.0390625 0.048828125
0 0.48515625 0.4248046875 0.0390625 0.048828125
0 0.78515625 0.6708984375 0.0390625 0.048828125
0 0.49765625 0.5185546875 0.0390625 0.048828125
0 0.61328125 0.4072265625 0.0390625 0.048828125
0 0.46015625 0.2431640625 0.0390625 0.048828125
0 0.67734375 0.5400390625 0.0390625 0.048828125
0 0.50234375 0.2373046875 0.0390625 0.048828125
0 0.54140625 0.5126953125 0.0390625 0.048828125
0 0.69140625 0.6357421875 0.0390625 0.048828125
0 0.69921875 0.6845703125 0.0390625 0.048828125
0 0.71171875 0.4873046875 0.0390625 0.048828125
0 0.63515625 0.2646484375 0.0390625 0.048828125
0 0.55078125 0.2763671875 0.0390625 0.048828125
0 0.74765625 0.4345703125 0.0390625 0.048828125
0 0.69921875 0.3955078125 0.0390625 0.048828125
0 0.62734375 0.4990234375 0.0390625 0.048828125
0 0.55390625 0.6064453125 0.0390625 0.048828125
0 0.46640625 0.2880859375 0.0390625 0.048828125
0 0.72734375 0.5810546875 0.0390625 0.048828125
0 0.66328125 0.4462890625 0.0390625 0.048828125
0 0.47265625 0.3330078125 0.0390625 0.048828125
0 0.56796875 0.7021484375 0.0390625 0.048828125
0 0.56328125 0.3681640625 0.0390625 0.048828125
0 0.54765625 0.5595703125 0.0390625 0.048828125
0 0.58671875 0.2255859375 0.0390625 0.048828125
0 0.73359375 0.3427734375 0.0390625 0.048828125
0 0.62890625 0.2197265625 0.0390625 0.048828125
0 0.64921875 0.3544921875 0.0390625 0.048828125
0 0.72734375 0.2978515625 0.0390625 0.048828125
0 0.59765625 0.6005859375 0.0390625 0.048828125
0 0.73359375 0.6298828125 0.0390625 0.048828125
0 0.52734375 0.4189453125 0.0390625 0.048828125
0 0.63984375 0.5947265625 0.0390625 0.048828125
0 0.57734375 0.4599609375 0.0390625 0.048828125
0 0.76328125 0.5283203125 0.0390625 0.048828125
0 0.77734375 0.6220703125 0.0390625 0.048828125
0 0.63359375 0.5478515625 0.0390625 0.048828125
0 0.52109375 0.3740234375 0.0390625 0.048828125
0 0.56015625 0.6533203125 0.0390625 0.048828125
0 0.61171875 0.6962890625 0.0390625 0.048828125
0 0.52421875 0.7080078125 0.0390625 0.048828125
0 0.74140625 0.3876953125 0.0390625 0.048828125
0 0.53515625 0.4658203125 0.0390625 0.048828125
0 0.81328125 0.5693359375 0.0390625 0.048828125
0 0.50859375 0.2822265625 0.0390625 0.048828125
0 0.58359375 0.5068359375 0.0390625 0.048828125
0 0.64140625 0.3095703125 0.0390625 0.048828125
0 0.68515625 0.3037109375 0.0390625 0.048828125
0 0.54453125 0.2314453125 0.0390625 0.048828125
0 0.50546875 0.5654296875 0.0390625 0.048828125
0 0.49140625 0.4716796875 0.0390625 0.048828125
0 0.51484375 0.3271484375 0.0390625 0.048828125
0 0.47890625 0.3798828125 0.0390625 0.048828125
0 0.59140625 0.5537109375 0.0390625 0.048828125
0 0.72109375 0.2509765625 0.0390625 0.048828125
0 0.75546875 0.4814453125 0.0390625 0.048828125
0 0.79921875 0.4755859375 0.0390625 0.048828125
0 0.61953125 0.4541015625 0.0390625 0.048828125
0 0.76328125 0.2451171875 0.0390625 0.048828125
0 0.51796875 0.6611328125 0.0390625 0.048828125
0 0.68359375 0.5869140625 0.0390625 0.048828125
0 0.69140625 0.3486328125 0.0390625 0.048828125
0 0.60390625 0.6474609375 0.0390625 0.048828125
0 0.65390625 0.6904296875 0.0390625 0.048828125
0 0.77734375 0.3369140625 0.0390625 0.048828125
0 0.70546875 0.4404296875 0.0390625 0.048828125
0 0.78359375 0.3818359375 0.0390625 0.048828125
0 0.60703125 0.3623046875 0.0390625 0.048828125
0 0.71953125 0.5341796875 0.0390625 0.048828125
0 0.77109375 0.5751953125 0.0390625 0.048828125
0 0.74140625 0.6767578125 0.0390625 0.048828125
0 0.67734375 0.2587890625 0.0390625 0.048828125
0 0.57109375 0.4130859375 0.0390625 0.048828125
0 0.59296875 0.2705078125 0.0390625 0.048828125
0 0.65546875 0.4013671875 0.0390625 0.048828125
0 0.82890625 0.6650390625 0.0390625 0.048828125
0 0.75546875 0.2001953125 0.0390625 0.048828125
0 0.55703125 0.3212890625 0.0390625 0.048828125
0 0.67109375 0.2119140625 0.0390625 0.048828125
0 0.66953125 0.4931640625 0.0390625 0.048828125
0 0.76953125 0.2900390625 0.0390625 0.048828125
0 0.79140625 0.4287109375 0.0390625 0.048828125
0 0.80703125 0.5224609375 0.0390625 0.048828125
0 0.82109375 0.6162109375 0.0390625 0.048828125
