0 0.42578125 0.7958984375 0.0390625 0.048828125
0 0.39296875 0.4697265625 0.0390625 0.048828125
0 0.54453125 0.3486328125 0.0390625 0.048828125
0 0.46640625 0.8017578125 0.0390625 0.048828125
0 0.52890625 0.4423828125 0.0390625 0.048828125
0 0.34140625 0.7841796875 0.0390625 0.048828125
0 0.42734375 0.5205078125 0.0390625 0.048828125
0 0.43984375 0.7080078125 0.0390625 0.048828125
0 0.66484375 0.4130859375 0.0390625 0.048828125
0 0.56640625 0.7255859375 0.0390625 0.048828125
0 0.50546875 0.5791015625 0.0390625 0.048828125
0 0.52109375 0.4873046875 0.0390625 0.048828125
0 0.38359375 0.7900390625 0.0390625 0.048828125
0 0.60546875 0.5009765625 0.0390625 0.048828125
0 0.57890625 0.4013671875 0.0390625 0.048828125
0 0.49296875 0.3896484375 0.0390625 0.048828125
0 0.40546875 0.6572265625 0.0390625 0.048828125
0 0.45859375 0.3349609375 0.0390625 0.048828125
0 0.48203125 0.7138671875 0.0390625 0.048828125
0 0.63984375 0.5517578125 0.0390625 0.048828125
0 0.37890625 0.5595703125 0.0390625 0.048828125
0 0.55859375 0.7705078125 0.0390625 0.048828125
0 0.61484375 0.6865234375 0.0390625 0.048828125
0 0.47734375 0.4814453125 0.0390625 0.048828125
0 0.40859375 0.3759765625 0.0390625 0.048828125
0 0.61328125 0.4541015625 0.0390625 0.048828125
0 0.66640625 0.6494140625 0.0390625 0.048828125
0 0.41484375 0.3291015625 0.0390625 0.048828125
0 0.40078125 0.4228515625 0.0390625 0.048828125
0 0.35546875 0.6962890625 0.0390625 0.048828125
0 0.51640625 0.7646484375 0.0390625 0.048828125
0 0.56328125 0.4931640625 0.0390625 0.048828125
0 0.58203125 0.6357421875 0.0390625 0.048828125
0 0.42109375 0.5654296875 0.0390625 0.048828125
0 0.55078125 0.8134765625 0.0390625 0.048828125
0 0.59140625 0.8212890625 0.0390625 0.048828125
0 0.46171875 0.5732421875 0.0390625 0.048828125
0 0.53984375 0.6298828125 0.0390625 0.048828125
0 0.41328125 0.6123046875 0.0390625 0.048828125
0 0.44296875 0.4287109375 0.0390625 0.048828125
0 0.60703125 0.7314453125 0.0390625 0.048828125
0 0.65703125 0.4599609375 0.0390625 0.048828125
0 0.43203125 0.7509765625 0.0390625 0.048828125
0 0.45078125 0.3818359375 0.0390625 0.048828125
0 0.57421875 0.6806640625 0.0390625 0.048828125
0 0.37109375 0.6044921875 0.0390625 0.048828125
0 0.65703125 0.6943359375 0.0390625 0.048828125
0 0.38515625 0.5146484375 0.0390625 0.048828125
0 0.39140625 0.7451171875 0.0390625 0.048828125
0 0.48984375 0.6689453125 0.0390625 0.048828125
0 0.63203125 0.5966796875 0.0390625 0.048828125
0 0.64140625 0.7822265625 0.0390625 0.048828125
0 0.36328125 0.6494140625 0.0390625 0.048828125
0 0.51328125 0.5322265625 0.0390625 0.048828125
0 0.43515625 0.4755859375 0.0390625 0.048828125
0 0.67421875 0.3662109375 0.0390625 0.048828125
0 0.64765625 0.5068359375 0.0390625 0.048828125
0 0.55546875 0.5400390625 0.0390625 0.048828125
0 0.58984375 0.5908203125 0.0390625 0.048828125
0 0.64921875 0.7392578125 0.0390625 0.048828125
0 0.59921875 0.7763671875 0.0390625 0.048828125
0 0.54765625 0.5849609375 0.0390625 0.048828125
0 0.45546875 0.6181640625 0.0390625 0.048828125
0 0.62265625 0.4072265625 0.0390625 0.048828125
0 0.50078125 0.3427734375 0.0390625 0.048828125
0 0.44765625 0.6630859375 0.0390625 0.048828125
0 0.53203125 0.6748046875 0.0390625 0.048828125
0 0.49765625 0.6240234375 0.0390625 0.048828125
0 0.71640625 0.3740234375 0.0390625 0.048828125
0 0.50859375 0.8076171875 0.0390625 0.048828125
0 0.47421875 0.7568359375 0.0390625 0.048828125
0 0.46953125 0.5263671875 0.0390625 0.048828125
0 0.34921875 0.7392578125 0.0390625 0.048828125
0 0.53671875 0.3955078125 0.0390625 0.048828125
0 0.63046875 0.3603515625 0.0390625 0.048828125
0 0.68203125 0.5576171875 0.0390625 0.048828125
0 0.58828125 0.3544921875 0.0390625 0.048828125
0 0.59765625 0.5458984375 0.0390625 0.048828125
0 0.63359375 0.8271484375 0.0390625 0.048828125
0 0.62421875 0.6416015625 0.0390625 0.048828125
0 0.69140625 0.5126953125 0.0390625 0.048828125
0 0.48515625 0.4345703125 0.0390625 0.048828125
0 0.57109375 0.4482421875 0.0390625 0.048828125
0 0.67421875 0.6044921875 0.0390625 0.048828125
0 0.39765625 0.7021484375 0.0390625 0.048828125
0 0.52421875 0.7197265625 0.0390625 0.048828125
0 0.69921875 0.4658203125 0.0390625 0.048828125
0 0.70703125 0.4208984375 0.0390625 0.048828125
