0 0.21484375 0.2978515625 0.0390625 0.048828125
0 0.36640625 0.7021484375 0.0390625 0.048828125
0 0.26640625 0.3408203125 0.0390625 0.048828125
0 0.45234375 0.4052734375 0.0390625 0.048828125
0 0.46015625 0.4580078125 0.0390625 0.048828125
0 0.30078125 0.2763671875 0.0390625 0.048828125
0 0.42578125 0.7998046875 0.0390625 0.048828125
0 0.48828125 0.3427734375 0.0390625 0.048828125
0 0.27421875 0.3935546875 0.0390625 0.048828125
0 0.40234375 0.3623046875 0.0390625 0.048828125
0 0.23984375 0.4560546875 0.0390625 0.048828125
0 0.33203125 0.7666015625 0.0390625 0.048828125
0 0.31484375 0.6591796875 0.0390625 0.048828125
0 0.37421875 0.7548828125 0.0390625 0.048828125
0 0.34921875 0.5947265625 0.0390625 0.048828125
0 0.40078125 0.6376953125 0.0390625 0.048828125
0 0.32421875 0.4365234375 0.0390625 0.048828125
0 0.41796875 0.4677734375 0.0390625 0.048828125
0 0.47734375 0.5634765625 0.0390625 0.048828125
0 0.22109375 0.6259765625 0.0390625 0.048828125
0 0.41796875 0.7451171875 0.0390625 0.048828125
0 0.50390625 0.4482421875 0.0390625 0.048828125
0 0.18046875 0.3603515625 0.0390625 0.048828125
0 0.22265625 0.3505859375 0.0390625 0.048828125
0 0.55546875 0.7666015625 0.0390625 0.048828125
0 0.43671875 0.2998046875 0.0390625 0.048828125
0 0.45234375 0.6806640625 0.0390625 0.048828125
0 0.28046875 0.7236328125 0.0390625 0.048828125
0 0.23046875 0.4033203125 0.0390625 0.048828125
0 0.25546875 0.5634765625 0.0390625 0.048828125
0 0.40859375 0.6923828125 0.0390625 0.048828125
0 0.46015625 0.7353515625 0.0390625 0.048828125
0 0.36796875 0.4248046875 0.0390625 0.048828125
0 0.44296875 0.6279296875 0.0390625 0.048828125
0 0.28828125 0.7783203125 0.0390625 0.048828125
0 0.50390625 0.7236328125 0.0390625 0.048828125
0 0.51171875 0.5009765625 0.0390625 0.048828125
0 0.22890625 0.6806640625 0.0390625 0.048828125
0 0.18828125 0.4130859375 0.0390625 0.048828125
0 0.53671875 0.6611328125 0.0390625 0.048828125
0 0.31640625 0.3818359375 0.0390625 0.048828125
0 0.28984375 0.4990234375 0.0390625 0.048828125
0 0.21171875 0.5732421875 0.0390625 0.048828125
0 0.42578125 0.5205078125 0.0390625 0.048828125
0 0.33359375 0.4892578125 0.0390625 0.048828125
0 0.51171875 0.7783203125 0.0390625 0.048828125
0 0.23671875 0.7333984375 0.0390625 0.048828125
0 0.20390625 0.5205078125 0.0390625 0.048828125
0 0.26328125 0.6162109375 0.0390625 0.048828125
0 0.47109375 0.2353515625 0.0390625 0.048828125
0 0.46953125 0.5107421875 0.0390625 0.048828125
0 0.37578125 0.4794921875 0.0390625 0.048828125
0 0.38359375 0.5322265625 0.0390625 0.048828125
0 0.30859375 0.3291015625 0.0390625 0.048828125
0 0.36015625 0.3720703125 0.0390625 0.048828125
0 0.35078125 0.3193359375 0.0390625 0.048828125
0 0.29765625 0.8310546875 0.0390625 0.048828125
0 0.29765625 0.5517578125 0.0390625 0.048828125
0 0.33984375 0.8212890625 0.0390625 0.048828125
0 0.27265625 0.6689453125 0.0390625 0.048828125
0 0.38359375 0.8095703125 0.0390625 0.048828125
0 0.32265625 0.7119140625 0.0390625 0.048828125
0 0.43515625 0.5751953125 0.0390625 0.048828125
0 0.42890625 0.2470703125 0.0390625 0.048828125
0 0.25859375 0.2861328125 0.0390625 0.048828125
0 0.49453125 0.6708984375 0.0390625 0.048828125
0 0.41015625 0.4150390625 0.0390625 0.048828125
0 0.34140625 0.5419921875 0.0390625 0.048828125
0 0.39140625 0.5849609375 0.0390625 0.048828125
0 0.25390625 0.8427734375 0.0390625 0.048828125
0 0.19609375 0.4658203125 0.0390625 0.048828125
0 0.34296875 0.2666015625 0.0390625 0.048828125
0 0.28203125 0.4462890625 0.0390625 0.048828125
0 0.17265625 0.3076171875 0.0390625 0.048828125
0 0.38671875 0.2568359375 0.0390625 0.048828125
0 0.39453125 0.3095703125 0.0390625 0.048828125
0 0.24609375 0.7880859375 0.0390625 0.048828125
0 0.49609375 0.3955078125 0.0390625 0.048828125
0 0.30703125 0.6064453125 0.0390625 0.048828125
0 0.52890625 0.6064453125 0.0390625 0.048828125
0 0.48671875 0.6181640625 0.0390625 0.048828125
0 0.48046875 0.2900390625 0.0390625 0.048828125
0 0.46953125 0.7880859375 0.0390625 0.048828125
0 0.44453125 0.3525390625 0.0390625 0.048828125
0 0.24765625 0.5087890625 0.0390625 0.048828125
0 0.52109375 0.5537109375 0.0390625 0.048828125
0 0.35703125 0.6494140625 0.0390625 0.048828125
0 0.54609375 0.7138671875 0.0390625 0.048828125
