0 0.36328125 0.3779296875 0.0453125 0.052734375
0 0.62734375 0.462890625 0.0453125 0.0546875
0 0.68828125 0.625 0.0453125 0.0546875
0 0.43046875 0.296875 0.0453125 0.0546875
0 0.46015625 0.501953125 0.0453125 0.0546875
0 0.42734375 0.5419921875 0.0453125 0.056640625
0 0.75546875 0.625 0.0421875 0.0546875
0 0.52265625 0.6640625 0.0453125 0.0546875
0 0.6921875 0.544921875 0.04375 0.0546875
0 0.7546875 0.708984375 0.04375 0.0546875
0 0.52734375 0.501953125 0.0421875 0.0546875
0 0.42890625 0.3779296875 0.0453125 0.052734375
0 0.59453125 0.501953125 0.0453125 0.0546875
0 0.72734375 0.50390625 0.0453125 0.0546875
0 0.65546875 0.666015625 0.0453125 0.0546875
0 0.259375 0.5009765625 0.04375 0.052734375
0 0.5890625 0.666015625 0.04375 0.0546875
0 0.46796875 0.255859375 0.0453125 0.0546875
0 0.65078125 0.828125 0.0453125 0.0546875
0 0.55546875 0.70703125 0.0453125 0.0546875
0 0.53046875 0.33984375 0.0453125 0.0546875
0 0.5828125 0.828125 0.04375 0.0546875
0 0.6609375 0.419921875 0.04375 0.0546875
0 0.61640625 0.869140625 0.0453125 0.0546875
0 0.69453125 0.462890625 0.0453125 0.0546875
0 0.38984375 0.6640625 0.0453125 0.0546875
0 0.32734375 0.5009765625 0.0453125 0.052734375
0 0.4640625 0.33984375 0.04375 0.0546875
0 0.55390625 0.787109375 0.0453125 0.0546875
0 0.7234375 0.587890625 0.04375 0.0546875
0 0.4875 0.70703125 0.04375 0.0546875
0 0.50078125 0.21484375 0.0453125 0.0546875
0 0.7875 0.666015625 0.04375 0.0546875
0 0.49140625 0.623046875 0.0453125 0.0546875
0 0.428125 0.4609375 0.04375 0.0546875
0 0.46171875 0.419921875 0.0453125 0.0546875
0 0.49296875 0.5419921875 0.0453125 0.056640625
0 0.52890625 0.419921875 0.0453125 0.0546875
0 0.32578125 0.58203125 0.0453125 0.0546875
0 0.565625 0.296875 0.04375 0.0546875
0 0.425 0.623046875 0.04375 0.0546875
0 0.6296875 0.380859375 0.04375 0.05078125
0 0.3921875 0.58203125 0.04375 0.0546875
0 0.68671875 0.70703125 0.0453125 0.0546875
0 0.534375 0.2578125 0.04375 0.0546875
0 0.653125 0.748046875 0.04375 0.0546875
0 0.32734375 0.41796875 0.0453125 0.0546875
0 0.56328125 0.380859375 0.0453125 0.05078125
0 0.590625 0.5849609375 0.04375 0.056640625
0 0.45625 0.6640625 0.04375 0.0546875
0 0.62578125 0.544921875 0.0453125 0.0546875
0 0.3609375 0.4609375 0.04375 0.0546875
0 0.51875 0.828125 0.04375 0.0546875
0 0.61796875 0.787109375 0.0453125 0.0546875
0 0.48515625 0.787109375 0.0453125 0.0546875
0 0.75859375 0.544921875 0.0453125 0.0546875
0 0.39375 0.501953125 0.04375 0.0546875
0 0.5265625 0.58203125 0.04375 0.0546875
0 0.5984375 0.33984375 0.04375 0.0546875
0 0.58671875 0.744140625 0.0453125 0.0546875
0 0.596875 0.419921875 0.04375 0.0546875
0 0.45390625 0.744140625 0.0453125 0.0546875
0 0.65703125 0.5849609375 0.0453125 0.056640625
0 0.55546875 0.623046875 0.0453125 0.0546875
0 0.49921875 0.296875 0.0453125 0.0546875
0 0.78984375 0.587890625 0.0453125 0.0546875
0 0.52109375 0.744140625 0.0453125 0.0546875
0 0.71953125 0.748046875 0.0453125 0.0546875
0 0.45859375 0.58203125 0.0453125 0.0546875
0 0.56171875 0.4609375 0.0453125 0.0546875
0 0.29453125 0.4609375 0.0453125 0.0546875
0 0.4953125 0.4609375 0.04375 0.0546875
0 0.39765625 0.3359375 0.0453125 0.0546875
0 0.5828125 0.91015625 0.04375 0.0546875
0 0.6203125 0.70703125 0.04375 0.0546875
0 0.35703125 0.623046875 0.0453125 0.0546875
0 0.62421875 0.623046875 0.0453125 0.0546875
0 0.49765625 0.37890625 0.0453125 0.0546875
0 0.5578125 0.5419921875 0.04375 0.056640625
0 0.72109375 0.666015625 0.0453125 0.0546875
0 0.39609375 0.41796875 0.0453125 0.0546875
0 0.55 0.8671875 0.04375 0.0546875
0 0.684375 0.787109375 0.04375 0.0546875
0 0.65859375 0.5029296875 0.0453125 0.052734375
0 0.35859375 0.5419921875 0.0453125 0.056640625
0 0.290625 0.5390625 0.04375 0.0546875
0 0.82265625 0.625 0.0453125 0.0546875
0 0.42265625 0.70703125 0.0453125 0.0546875
