0 0.5171875 0.2529296875 0.05 0.052734375
0 0.4546875 0.4248046875 0.05 0.052734375
0 0.67890625 0.322265625 0.0484375 0.0546875
0 0.4359375 0.6357421875 0.05 0.052734375
0 0.7234375 0.3603515625 0.05 0.052734375
0 0.496875 0.4619140625 0.05 0.052734375
0 0.5796875 0.08203125 0.05 0.0546875
0 0.228125 0.5263671875 0.05 0.052734375
0 0.39375 0.5966796875 0.05 0.052734375
0 0.6609375 0.5322265625 0.05 0.052734375
0 0.184375 0.4892578125 0.05 0.052734375
0 0.328125 0.3095703125 0.05 0.052734375
0 0.7921875 0.2724609375 0.05 0.052734375
0 0.6265625 0.5771484375 0.05 0.052734375
0 0.4015625 0.6806640625 0.05 0.052734375
0 0.6296875 0.2021484375 0.05 0.052734375
0 0.7484375 0.234375 0.05 0.0546875
0 0.6875 0.4052734375 0.05 0.052734375
0 0.3421875 0.4765625 0.05 0.0546875
0 0.525 0.3349609375 0.05 0.052734375
0 0.5484375 0.583984375 0.05 0.0546875
0 0.575 0.455078125 0.05 0.0546875
0 0.5671875 0.373046875 0.05 0.0546875
0 0.4875 0.7578125 0.05 0.0546875
0 0.2640625 0.48046875 0.05 0.0546875
0 0.6234375 0.1201171875 0.05 0.052734375
0 0.5046875 0.544921875 0.05 0.0546875
0 0.5609375 0.2900390625 0.05 0.052734375
0 0.73125 0.4423828125 0.05 0.052734375
0 0.6375 0.28515625 0.05 0.0546875
0 0.3 0.4375 0.05 0.0546875
0 0.35 0.5576171875 0.05 0.052734375
0 0.446875 0.3408203125 0.05 0.052734375
0 0.5875 0.1630859375 0.05 0.052734375
0 0.5125 0.62890625 0.05 0.0546875
0 0.5109375 0.169921875 0.05 0.0546875
0 0.46328125 0.5068359375 0.0484375 0.052734375
0 0.75625 0.3154296875 0.05 0.052734375
0 0.6109375 0.412109375 0.05 0.0546875
0 0.553125 0.2080078125 0.05 0.052734375
0 0.4140625 0.38671875 0.05 0.0546875
0 0.2921875 0.3544921875 0.05 0.052734375
0 0.4671875 0.130859375 0.05 0.0546875
0 0.3609375 0.2666015625 0.05 0.052734375
0 0.2578125 0.3994140625 0.05 0.052734375
0 0.271875 0.564453125 0.05 0.0546875
0 0.6734375 0.240234375 0.05 0.0546875
0 0.221875 0.4443359375 0.05 0.052734375
0 0.521875 0.712890625 0.05 0.0546875
0 0.6953125 0.4873046875 0.05 0.052734375
0 0.5828125 0.5390625 0.05 0.0546875
0 0.3359375 0.392578125 0.05 0.0546875
0 0.4046875 0.302734375 0.05 0.0546875
0 0.61875 0.4931640625 0.05 0.052734375
0 0.475 0.21484375 0.05 0.0546875
0 0.471875 0.58984375 0.05 0.0546875
0 0.5375 0.044921875 0.05 0.0546875
0 0.3859375 0.5126953125 0.05 0.052734375
0 0.590625 0.6220703125 0.05 0.052734375
0 0.8 0.3544921875 0.05 0.052734375
0 0.4390625 0.259765625 0.05 0.0546875
0 0.5328125 0.4189453125 0.05 0.052734375
0 0.3578125 0.6416015625 0.05 0.052734375
0 0.653125 0.4482421875 0.05 0.052734375
0 0.503125 0.087890625 0.05 0.0546875
0 0.834375 0.3095703125 0.05 0.052734375
0 0.396875 0.220703125 0.05 0.0546875
0 0.490625 0.3798828125 0.05 0.052734375
0 0.41875 0.4677734375 0.05 0.052734375
0 0.3078125 0.51953125 0.05 0.0546875
0 0.70625 0.1953125 0.05 0.0546875
0 0.6453125 0.3671875 0.05 0.0546875
0 0.5953125 0.2470703125 0.05 0.052734375
0 0.44375 0.71875 0.05 0.0546875
0 0.7140625 0.279296875 0.05 0.0546875
0 0.36875 0.34765625 0.05 0.0546875
0 0.4328125 0.17578125 0.05 0.0546875
0 0.378125 0.431640625 0.05 0.0546875
0 0.4828125 0.2958984375 0.05 0.052734375
0 0.66484375 0.1591796875 0.0484375 0.052734375
0 0.42734375 0.5517578125 0.0484375 0.052734375
0 0.315625 0.603515625 0.05 0.0546875
0 0.5453125 0.126953125 0.05 0.0546875
0 0.4796875 0.673828125 0.05 0.0546875
0 0.603125 0.328125 0.05 0.0546875
0 0.540625 0.5 0.05 0.0546875
0 0.5578125 0.6669921875 0.05 0.052734375
0 0.7640625 0.3994140625 0.05 0.052734375
