0 0.790625 0.669921875 0.05 0.0703125
0 0.51875 0.4697265625 0.05 0.068359375
0 0.734375 0.2890625 0.05 0.0703125
0 0.7359375 0.59765625 0.05 0.0703125
0 0.734375 0.4453125 0.05 0.0703125
0 0.790625 0.5146484375 0.05 0.068359375
0 0.8421875 0.123046875 0.05 0.0703125
0 0.5203125 0.625 0.05 0.0703125
0 0.5703125 0.150390625 0.05 0.0703125
0 0.521875 0.7783203125 0.05 0.068359375
0 0.571875 0.30859375 0.05 0.0703125
0 0.515625 0.314453125 0.05 0.0703125
0 0.6328125 0.9169921875 0.05 0.068359375
0 0.734375 0.1337890625 0.05 0.068359375
0 0.7921875 0.8203125 0.05 0.0703125
0 0.84375 0.7392578125 0.05 0.068359375
0 0.5203125 0.5478515625 0.05 0.068359375
0 0.6296875 0.7646484375 0.05 0.068359375
0 0.521875 0.7001953125 0.05 0.068359375
0 0.571875 0.46484375 0.05 0.0703125
0 0.7875 0.361328125 0.05 0.0703125
0 0.575 0.6171875 0.05 0.0703125
0 0.628125 0.6865234375 0.05 0.068359375
0 0.521875 0.853515625 0.05 0.0703125
0 0.5703125 0.23046875 0.05 0.0703125
0 0.84375 0.6611328125 0.05 0.068359375
0 0.5765625 0.76953125 0.05 0.0703125
0 0.6859375 0.9111328125 0.05 0.068359375
0 0.525 0.9306640625 0.05 0.068359375
0 0.8421875 0.2783203125 0.05 0.068359375
0 0.84375 0.5869140625 0.05 0.068359375
0 0.7375 0.7529296875 0.05 0.068359375
0 0.6296875 0.83984375 0.05 0.0703125
0 0.84375 0.814453125 0.05 0.0703125
0 0.6828125 0.6806640625 0.05 0.068359375
0 0.84375 0.43359375 0.05 0.0703125
0 0.6828125 0.5283203125 0.05 0.068359375
0 0.84375 0.5087890625 0.05 0.068359375
0 0.571875 0.38671875 0.05 0.0703125
0 0.734375 0.3671875 0.05 0.0703125
0 0.6796875 0.375 0.05 0.0703125
0 0.628125 0.5341796875 0.05 0.068359375
0 0.896875 0.42578125 0.05 0.0703125
0 0.8421875 0.2001953125 0.05 0.068359375
0 0.8421875 0.35546875 0.05 0.0703125
0 0.7875 0.2060546875 0.05 0.068359375
0 0.51875 0.392578125 0.05 0.0703125
0 0.515625 0.15625 0.05 0.0703125
0 0.6796875 0.2978515625 0.05 0.068359375
0 0.6265625 0.2255859375 0.05 0.068359375
0 0.515625 0.236328125 0.05 0.0703125
0 0.6828125 0.60546875 0.05 0.0703125
0 0.628125 0.611328125 0.05 0.0703125
0 0.6828125 0.4501953125 0.05 0.068359375
0 0.6796875 0.216796875 0.05 0.0703125
0 0.896875 0.1953125 0.05 0.0703125
0 0.684375 0.7587890625 0.05 0.068359375
0 0.7875 0.2841796875 0.05 0.068359375
0 0.575 0.6953125 0.05 0.0703125
0 0.896875 0.3505859375 0.05 0.068359375
0 0.734375 0.2119140625 0.05 0.068359375
0 0.7375 0.9033203125 0.05 0.068359375
0 0.7921875 0.8974609375 0.05 0.068359375
0 0.790625 0.7451171875 0.05 0.068359375
0 0.5765625 0.84765625 0.05 0.0703125
0 0.846875 0.8896484375 0.05 0.068359375
0 0.896875 0.2724609375 0.05 0.068359375
0 0.8984375 0.7333984375 0.05 0.068359375
0 0.8984375 0.5810546875 0.05 0.068359375
0 0.7359375 0.5224609375 0.05 0.068359375
0 0.575 0.5419921875 0.05 0.068359375
0 0.790625 0.591796875 0.05 0.0703125
0 0.8984375 0.8837890625 0.05 0.068359375
0 0.684375 0.833984375 0.05 0.0703125
0 0.7875 0.439453125 0.05 0.0703125
0 0.628125 0.4560546875 0.05 0.068359375
0 0.6796875 0.1396484375 0.05 0.068359375
0 0.6265625 0.380859375 0.05 0.0703125
0 0.625 0.14453125 0.05 0.0703125
0 0.6265625 0.302734375 0.05 0.0703125
0 0.896875 0.5029296875 0.05 0.068359375
0 0.7359375 0.67578125 0.05 0.0703125
0 0.896875 0.1171875 0.05 0.0703125
0 0.7875 0.1279296875 0.05 0.068359375
0 0.578125 0.9228515625 0.05 0.068359375
0 0.7375 0.828125 0.05 0.0703125
0 0.8984375 0.65625 0.05 0.0703125
0 0.8984375 0.80859375 0.05 0.0703125
