0 0.6359375 0.3857421875 0.040625 0.044921875
0 0.44140625 0.4814453125 0.0390625 0.048828125
0 0.6328125 0.6279296875 0.0375 0.048828125
0 0.5515625 0.6494140625 0.0375 0.044921875
0 0.55703125 0.4052734375 0.0390625 0.048828125
0 0.575 0.255859375 0.0375 0.046875
0 0.4890625 0.5185546875 0.0375 0.044921875
0 0.503125 0.6103515625 0.0375 0.048828125
0 0.584375 0.5908203125 0.0375 0.044921875
0 0.4015625 0.490234375 0.0375 0.046875
0 0.56953125 0.4990234375 0.0390625 0.048828125
0 0.5109375 0.658203125 0.040625 0.046875
0 0.5234375 0.4619140625 0.040625 0.044921875
0 0.58828125 0.349609375 0.0390625 0.046875
0 0.6578125 0.5244140625 0.0375 0.048828125
0 0.42890625 0.677734375 0.0390625 0.046875
0 0.6171875 0.5341796875 0.040625 0.048828125
0 0.43515625 0.7265625 0.0390625 0.046875
0 0.66875 0.3291015625 0.0375 0.048828125
0 0.665625 0.5712890625 0.040625 0.044921875
0 0.65078125 0.478515625 0.0390625 0.046875
0 0.6890625 0.7138671875 0.0375 0.048828125
0 0.6203125 0.29296875 0.0375 0.046875
0 0.42265625 0.630859375 0.0390625 0.046875
0 0.7078125 0.5625 0.0375 0.046875
0 0.66171875 0.2841796875 0.0390625 0.048828125
0 0.565625 0.7451171875 0.0375 0.048828125
0 0.58203125 0.3037109375 0.0390625 0.048828125
0 0.5921875 0.6376953125 0.040625 0.048828125
0 0.3796875 0.3525390625 0.0375 0.048828125
0 0.4703125 0.6689453125 0.0375 0.048828125
0 0.48359375 0.763671875 0.0390625 0.046875
0 0.40859375 0.537109375 0.0390625 0.046875
0 0.70078125 0.515625 0.0390625 0.046875
0 0.3859375 0.3974609375 0.0375 0.048828125
0 0.64921875 0.724609375 0.0390625 0.046875
0 0.60234375 0.4423828125 0.0390625 0.044921875
0 0.46640625 0.3779296875 0.0390625 0.048828125
0 0.57734375 0.544921875 0.0390625 0.046875
0 0.475 0.42578125 0.040625 0.046875
0 0.459375 0.33203125 0.0375 0.046875
0 0.39375 0.4443359375 0.040625 0.044921875
0 0.628125 0.3388671875 0.040625 0.044921875
0 0.515625 0.4140625 0.0375 0.046875
0 0.6921875 0.46875 0.0375 0.046875
0 0.4546875 0.5732421875 0.0375 0.044921875
0 0.684375 0.4228515625 0.040625 0.048828125
0 0.51875 0.705078125 0.0375 0.046875
0 0.5953125 0.3955078125 0.0375 0.048828125
0 0.5 0.3232421875 0.040625 0.044921875
0 0.4625 0.6220703125 0.040625 0.044921875
0 0.7328125 0.705078125 0.040625 0.046875
0 0.53359375 0.267578125 0.0390625 0.046875
0 0.434375 0.4345703125 0.0375 0.044921875
0 0.67578125 0.375 0.0390625 0.046875
0 0.50859375 0.3681640625 0.0390625 0.044921875
0 0.54453125 0.6015625 0.0390625 0.046875
0 0.540625 0.3134765625 0.0375 0.044921875
0 0.62578125 0.5830078125 0.0390625 0.048828125
0 0.37265625 0.306640625 0.0390625 0.046875
0 0.4140625 0.2958984375 0.0375 0.048828125
0 0.715625 0.6083984375 0.040625 0.048828125
0 0.5375 0.5546875 0.0375 0.046875
0 0.41484375 0.5849609375 0.0390625 0.048828125
0 0.68203125 0.666015625 0.0390625 0.046875
0 0.5625 0.451171875 0.0375 0.046875
0 0.7234375 0.6572265625 0.0375 0.044921875
0 0.49296875 0.2763671875 0.0390625 0.048828125
0 0.44765625 0.5263671875 0.0390625 0.048828125
0 0.52578125 0.7548828125 0.0390625 0.048828125
0 0.42109375 0.341796875 0.0390625 0.046875
0 0.61015625 0.4873046875 0.0390625 0.044921875
0 0.5484375 0.3583984375 0.040625 0.044921875
0 0.49609375 0.5634765625 0.0390625 0.044921875
0 0.42734375 0.388671875 0.0390625 0.046875
0 0.6546875 0.2373046875 0.0375 0.044921875
0 0.60703125 0.7333984375 0.0390625 0.044921875
0 0.615625 0.248046875 0.040625 0.046875
0 0.64375 0.4306640625 0.0375 0.048828125
0 0.4421875 0.7734375 0.0375 0.046875
0 0.4828125 0.4716796875 0.0375 0.048828125
0 0.64140625 0.677734375 0.0390625 0.046875
0 0.4765625 0.716796875 0.0375 0.046875
0 0.55859375 0.6962890625 0.0390625 0.048828125
0 0.6 0.6865234375 0.0375 0.048828125
0 0.675 0.619140625 0.0375 0.046875
0 0.45390625 0.2861328125 0.0390625 0.048828125
0 0.5296875 0.5068359375 0.040625 0.048828125
