0 0.671875 0.2216796875 0.05 0.048828125
0 0.47265625 0.7001953125 0.0515625 0.048828125
0 0.503125 0.5390625 0.05 0.05078125
0 0.47265625 0.3310546875 0.0515625 0.048828125
0 0.52578125 0.6953125 0.0515625 0.05078125
0 0.73515625 0.6318359375 0.0515625 0.048828125
0 0.52578125 0.3291015625 0.0515625 0.048828125
0 0.61796875 0.5849609375 0.0515625 0.048828125
0 0.58984375 0.7451171875 0.0515625 0.048828125
0 0.5875 0.3779296875 0.05 0.048828125
0 0.55703125 0.537109375 0.0515625 0.05078125
0 0.40859375 0.6474609375 0.0515625 0.048828125
0 0.7109375 0.4755859375 0.05 0.048828125
0 0.70234375 0.42578125 0.0515625 0.05078125
0 0.61796875 0.2236328125 0.0515625 0.048828125
0 0.49453125 0.4853515625 0.0515625 0.048828125
0 0.47890625 0.3818359375 0.0515625 0.048828125
0 0.35703125 0.283203125 0.0515625 0.05078125
0 0.51171875 0.5908203125 0.0515625 0.048828125
0 0.51796875 0.6416015625 0.0515625 0.048828125
0 0.4640625 0.6455078125 0.05 0.048828125
0 0.425 0.3837890625 0.05 0.048828125
0 0.45859375 0.2275390625 0.0515625 0.048828125
0 0.43984375 0.4892578125 0.0515625 0.048828125
0 0.44765625 0.541015625 0.0515625 0.05078125
0 0.65703125 0.4794921875 0.0515625 0.048828125
0 0.77265625 0.52734375 0.0515625 0.05078125
0 0.48671875 0.43359375 0.0515625 0.05078125
0 0.45546875 0.5927734375 0.0515625 0.048828125
0 0.61015625 0.533203125 0.0515625 0.05078125
0 0.57890625 0.3271484375 0.0515625 0.048828125
0 0.74453125 0.685546875 0.0515625 0.05078125
0 0.41015625 0.28125 0.0515625 0.05078125
0 0.68671875 0.322265625 0.0515625 0.05078125
0 0.64296875 0.7431640625 0.0515625 0.048828125
0 0.53984375 0.431640625 0.0515625 0.05078125
0 0.75625 0.423828125 0.05 0.05078125
0 0.53359375 0.3798828125 0.0515625 0.048828125
0 0.72734375 0.5810546875 0.0515625 0.048828125
0 0.57265625 0.6396484375 0.0515625 0.048828125
0 0.78984375 0.6298828125 0.0515625 0.048828125
0 0.3859375 0.4912109375 0.05 0.048828125
0 0.36328125 0.3349609375 0.0515625 0.048828125
0 0.75390625 0.7373046875 0.0515625 0.048828125
0 0.53359375 0.7490234375 0.0515625 0.048828125
0 0.51796875 0.27734375 0.0515625 0.05078125
0 0.76484375 0.4736328125 0.0515625 0.048828125
0 0.71953125 0.529296875 0.0515625 0.05078125
0 0.51171875 0.2255859375 0.0515625 0.048828125
0 0.69453125 0.3740234375 0.0515625 0.048828125
0 0.73203125 0.2685546875 0.0515625 0.048828125
0 0.4640625 0.279296875 0.05 0.05078125
0 0.6328125 0.3251953125 0.05 0.048828125
0 0.57109375 0.275390625 0.0515625 0.05078125
0 0.63515625 0.69140625 0.0515625 0.05078125
0 0.671875 0.5830078125 0.05 0.048828125
0 0.59375 0.4296875 0.05 0.05078125
0 0.39453125 0.54296875 0.0515625 0.05078125
0 0.72578125 0.2197265625 0.0515625 0.048828125
0 0.64921875 0.427734375 0.0515625 0.05078125
0 0.73984375 0.3203125 0.0515625 0.05078125
0 0.67734375 0.2705078125 0.0515625 0.048828125
0 0.58203125 0.693359375 0.0515625 0.05078125
0 0.37734375 0.439453125 0.0515625 0.05078125
0 0.68203125 0.6337890625 0.0515625 0.048828125
0 0.64140625 0.3759765625 0.0515625 0.048828125
0 0.41640625 0.3330078125 0.0515625 0.048828125
0 0.56484375 0.5888671875 0.0515625 0.048828125
0 0.60234375 0.4814453125 0.0515625 0.048828125
0 0.6265625 0.6376953125 0.05 0.048828125
0 0.79765625 0.681640625 0.0515625 0.05078125
0 0.62421875 0.2724609375 0.0515625 0.048828125
0 0.68984375 0.6875 0.0515625 0.05078125
0 0.37109375 0.3857421875 0.0515625 0.048828125
0 0.80703125 0.7353515625 0.0515625 0.048828125
0 0.40234375 0.5966796875 0.0515625 0.048828125
0 0.425 0.7548828125 0.05 0.048828125
0 0.56484375 0.2255859375 0.0515625 0.048828125
0 0.40234375 0.2314453125 0.0515625 0.048828125
0 0.43359375 0.435546875 0.0515625 0.05078125
0 0.66328125 0.53125 0.0515625 0.05078125
0 0.5484375 0.4833984375 0.05 0.048828125
0 0.34921875 0.2314453125 0.0515625 0.048828125
0 0.48046875 0.7509765625 0.0515625 0.048828125
0 0.41640625 0.7021484375 0.0515625 0.048828125
0 0.78046875 0.5791015625 0.0515625 0.048828125
0 0.74765625 0.3720703125 0.0515625 0.048828125
0 0.69921875 0.7412109375 0.0515625 0.048828125
