0 0.59921875 0.7294921875 0.0390625 0.048828125
0 0.58359375 0.6552734375 0.0390625 0.048828125
0 0.30703125 0.5166015625 0.0390625 0.048828125
0 0.49765625 0.5283203125 0.0390625 0.048828125
0 0.32109375 0.5908203125 0.0390625 0.048828125
0 0.68828125 0.5419921875 0.0390625 0.048828125
0 0.28046875 0.3720703125 0.0390625 0.048828125
0 0.45546875 0.3115234375 0.0390625 0.048828125
0 0.54140625 0.4365234375 0.0390625 0.048828125
0 0.41015625 0.4033203125 0.0390625 0.048828125
0 0.36484375 0.4970703125 0.0390625 0.048828125
0 0.39296875 0.6435546875 0.0390625 0.048828125
0 0.53984375 0.7490234375 0.0390625 0.048828125
0 0.45234375 0.6220703125 0.0390625 0.048828125
0 0.23671875 0.4638671875 0.0390625 0.048828125
0 0.32578125 0.2783203125 0.0390625 0.048828125
0 0.62890625 0.5615234375 0.0390625 0.048828125
0 0.55546875 0.5087890625 0.0390625 0.048828125
0 0.58671875 0.3427734375 0.0390625 0.048828125
0 0.64296875 0.6357421875 0.0390625 0.048828125
0 0.59921875 0.4150390625 0.0390625 0.048828125
0 0.51328125 0.2900390625 0.0390625 0.048828125
0 0.33828125 0.3505859375 0.0390625 0.048828125
0 0.39609375 0.3310546875 0.0390625 0.048828125
0 0.37890625 0.5693359375 0.0390625 0.048828125
0 0.66015625 0.3955078125 0.0390625 0.048828125
0 0.56953125 0.5810546875 0.0390625 0.048828125
0 0.67421875 0.4677734375 0.0390625 0.048828125
0 0.48203125 0.4560546875 0.0390625 0.048828125
0 0.29453125 0.4443359375 0.0390625 0.048828125
0 0.44140625 0.2373046875 0.0390625 0.048828125
0 0.51015625 0.6025390625 0.0390625 0.048828125
0 0.42421875 0.4755859375 0.0390625 0.048828125
0 0.69609375 0.4208984375 0.0390625 0.048828125
0 0.60703125 0.6083984375 0.0390625 0.048828125
0 0.46796875 0.3837890625 0.0390625 0.048828125
0 0.51953125 0.4814453125 0.0390625 0.048828125
0 0.43046875 0.6689453125 0.0390625 0.048828125
0 0.43203125 0.3564453125 0.0390625 0.048828125
0 0.46640625 0.6962890625 0.0390625 0.048828125
0 0.71015625 0.4951171875 0.0390625 0.048828125
0 0.38359375 0.2587890625 0.0390625 0.048828125
0 0.28515625 0.5634765625 0.0390625 0.048828125
0 0.33046875 0.4697265625 0.0390625 0.048828125
0 0.34296875 0.5439453125 0.0390625 0.048828125
0 0.24921875 0.5361328125 0.0390625 0.048828125
0 0.46015625 0.5029296875 0.0390625 0.048828125
0 0.30390625 0.3251953125 0.0390625 0.048828125
0 0.63671875 0.4423828125 0.0390625 0.048828125
0 0.47734375 0.2646484375 0.0390625 0.048828125
0 0.59140625 0.5341796875 0.0390625 0.048828125
0 0.73359375 0.4482421875 0.0390625 0.048828125
0 0.34765625 0.2314453125 0.0390625 0.048828125
0 0.41953125 0.2841796875 0.0390625 0.048828125
0 0.41484375 0.5966796875 0.0390625 0.048828125
0 0.62265625 0.3681640625 0.0390625 0.048828125
0 0.52578125 0.6748046875 0.0390625 0.048828125
0 0.54921875 0.3173828125 0.0390625 0.048828125
0 0.54765625 0.6298828125 0.0390625 0.048828125
0 0.62109375 0.6826171875 0.0390625 0.048828125
0 0.57734375 0.7763671875 0.0390625 0.048828125
0 0.50390625 0.4091796875 0.0390625 0.048828125
0 0.35234375 0.4248046875 0.0390625 0.048828125
0 0.37109375 0.1865234375 0.0390625 0.048828125
0 0.50234375 0.7236328125 0.0390625 0.048828125
0 0.38828125 0.4501953125 0.0390625 0.048828125
0 0.52734375 0.3642578125 0.0390625 0.048828125
0 0.53359375 0.5556640625 0.0390625 0.048828125
0 0.37421875 0.3779296875 0.0390625 0.048828125
0 0.47421875 0.5751953125 0.0390625 0.048828125
0 0.27109375 0.4892578125 0.0390625 0.048828125
0 0.43828125 0.5498046875 0.0390625 0.048828125
0 0.48828125 0.6494140625 0.0390625 0.048828125
0 0.31640625 0.3974609375 0.0390625 0.048828125
0 0.49140625 0.3369140625 0.0390625 0.048828125
0 0.36171875 0.3056640625 0.0390625 0.048828125
0 0.40234375 0.5224609375 0.0390625 0.048828125
0 0.61328125 0.4892578125 0.0390625 0.048828125
0 0.56171875 0.7021484375 0.0390625 0.048828125
0 0.65078125 0.5146484375 0.0390625 0.048828125
0 0.66640625 0.5888671875 0.0390625 0.048828125
0 0.44609375 0.4306640625 0.0390625 0.048828125
0 0.56328125 0.3896484375 0.0390625 0.048828125
0 0.57734375 0.4619140625 0.0390625 0.048828125
0 0.25859375 0.4169921875 0.0390625 0.048828125
0 0.40546875 0.2119140625 0.0390625 0.048828125
0 0.35703125 0.6162109375 0.0390625 0.048828125
0 0.21328125 0.5107421875 0.0390625 0.048828125
