0 0.33203125 0.5341796875 0.0390625 0.048828125
0 0.32109375 0.4580078125 0.0390625 0.048828125
0 0.30859375 0.3798828125 0.0390625 0.048828125
0 0.63046875 0.6259765625 0.0390625 0.048828125
0 0.29609375 0.3037109375 0.0390625 0.048828125
0 0.71484375 0.4521484375 0.0390625 0.048828125
0 0.67265625 0.5400390625 0.0390625 0.048828125
0 0.61953125 0.5517578125 0.0390625 0.048828125
0 0.58828125 0.7158203125 0.0390625 0.048828125
0 0.39609375 0.2060546875 0.0390625 0.048828125
0 0.40703125 0.2822265625 0.0390625 0.048828125
0 0.35234375 0.2919921875 0.0390625 0.048828125
0 0.51015625 0.5751953125 0.0390625 0.048828125
0 0.57734375 0.6396484375 0.0390625 0.048828125
0 0.52265625 0.6513671875 0.0390625 0.048828125
0 0.60703125 0.4755859375 0.0390625 0.048828125
0 0.36484375 0.3681640625 0.0390625 0.048828125
0 0.33984375 0.2158203125 0.0390625 0.048828125
0 0.41953125 0.3583984375 0.0390625 0.048828125
0 0.64921875 0.3896484375 0.0390625 0.048828125
0 0.45546875 0.5869140625 0.0390625 0.048828125
0 0.51953125 0.4541015625 0.0390625 0.048828125
0 0.37421875 0.2490234375 0.0390625 0.048828125
0 0.43203125 0.4345703125 0.0390625 0.048828125
0 0.28671875 0.4248046875 0.0390625 0.048828125
0 0.50859375 0.3798828125 0.0390625 0.048828125
0 0.38359375 0.1279296875 0.0390625 0.048828125
0 0.58671875 0.5185546875 0.0390625 0.048828125
0 0.59609375 0.3994140625 0.0390625 0.048828125
0 0.53359375 0.7275390625 0.0390625 0.048828125
0 0.56484375 0.5634765625 0.0390625 0.048828125
0 0.66171875 0.4638671875 0.0390625 0.048828125
0 0.44140625 0.3154296875 0.0390625 0.048828125
0 0.55390625 0.4873046875 0.0390625 0.048828125
0 0.51640625 0.2587890625 0.0390625 0.048828125
0 0.49609375 0.3037109375 0.0390625 0.048828125
0 0.37578125 0.4462890625 0.0390625 0.048828125
0 0.40078125 0.5986328125 0.0390625 0.048828125
0 0.58359375 0.3251953125 0.0390625 0.048828125
0 0.53203125 0.5302734375 0.0390625 0.048828125
0 0.59765625 0.5947265625 0.0390625 0.048828125
0 0.39765625 0.4013671875 0.0390625 0.048828125
0 0.42890625 0.2373046875 0.0390625 0.048828125
0 0.45078125 0.1943359375 0.0390625 0.048828125
0 0.52890625 0.3349609375 0.0390625 0.048828125
0 0.46796875 0.6630859375 0.0390625 0.048828125
0 0.49921875 0.4990234375 0.0390625 0.048828125
0 0.47421875 0.3466796875 0.0390625 0.048828125
0 0.36171875 0.1728515625 0.0390625 0.048828125
0 0.65234375 0.5830078125 0.0390625 0.048828125
0 0.45390625 0.3896484375 0.0390625 0.048828125
0 0.44296875 0.5107421875 0.0390625 0.048828125
0 0.26328125 0.4677734375 0.0390625 0.048828125
0 0.29921875 0.5009765625 0.0390625 0.048828125
0 0.43359375 0.6298828125 0.0390625 0.048828125
0 0.27421875 0.3486328125 0.0390625 0.048828125
0 0.46484375 0.4658203125 0.0390625 0.048828125
0 0.36640625 0.5654296875 0.0390625 0.048828125
0 0.42265625 0.5537109375 0.0390625 0.048828125
0 0.25234375 0.3916015625 0.0390625 0.048828125
0 0.48359375 0.2275390625 0.0390625 0.048828125
0 0.38828125 0.5224609375 0.0390625 0.048828125
0 0.54140625 0.4111328125 0.0390625 0.048828125
0 0.38671875 0.3251953125 0.0390625 0.048828125
0 0.48671875 0.4228515625 0.0390625 0.048828125
0 0.61640625 0.3564453125 0.0390625 0.048828125
0 0.46328125 0.2705078125 0.0390625 0.048828125
0 0.57421875 0.4443359375 0.0390625 0.048828125
0 0.55078125 0.2919921875 0.0390625 0.048828125
0 0.35390625 0.4892578125 0.0390625 0.048828125
0 0.47734375 0.5419921875 0.0390625 0.048828125
0 0.56171875 0.3681640625 0.0390625 0.048828125
0 0.62734375 0.4326171875 0.0390625 0.048828125
0 0.69296875 0.4970703125 0.0390625 0.048828125
0 0.41015625 0.4775390625 0.0390625 0.048828125
0 0.61015625 0.6708984375 0.0390625 0.048828125
0 0.48828125 0.6181640625 0.0390625 0.048828125
0 0.50078125 0.6962890625 0.0390625 0.048828125
0 0.54296875 0.6064453125 0.0390625 0.048828125
0 0.68203125 0.4208984375 0.0390625 0.048828125
0 0.34296875 0.4130859375 0.0390625 0.048828125
0 0.41640625 0.1611328125 0.0390625 0.048828125
0 0.55546875 0.6826171875 0.0390625 0.048828125
0 0.31796875 0.2607421875 0.0390625 0.048828125
0 0.33046875 0.3369140625 0.0390625 0.048828125
0 0.63984375 0.5087890625 0.0390625 0.048828125
0 0.56796875 0.7607421875 0.0390625 0.048828125
0 0.22890625 0.4365234375 0.0390625 0.048828125
