0 0.65390625 0.4560546875 0.0390625 0.048828125
0 0.58671875 0.3271484375 0.0390625 0.048828125
0 0.60078125 0.2607421875 0.0390625 0.048828125
0 0.57265625 0.3935546875 0.0390625 0.048828125
0 0.49921875 0.1572265625 0.0390625 0.048828125
0 0.50078125 0.7314453125 0.0390625 0.048828125
0 0.62578125 0.5908203125 0.0390625 0.048828125
0 0.64921875 0.6337890625 0.0390625 0.048828125
0 0.46953125 0.5751953125 0.0390625 0.048828125
0 0.57421875 0.6826171875 0.0390625 0.048828125
0 0.49921875 0.4404296875 0.0390625 0.048828125
0 0.54296875 0.5263671875 0.0390625 0.048828125
0 0.41015625 0.2685546875 0.0390625 0.048828125
0 0.46171875 0.1806640625 0.0390625 0.048828125
0 0.49140625 0.3310546875 0.0390625 0.048828125
0 0.37421875 0.2919921875 0.0390625 0.048828125
0 0.41796875 0.3779296875 0.0390625 0.048828125
0 0.44765625 0.2451171875 0.0390625 0.048828125
0 0.60859375 0.3701171875 0.0390625 0.048828125
0 0.50703125 0.5517578125 0.0390625 0.048828125
0 0.38828125 0.5126953125 0.0390625 0.048828125
0 0.69921875 0.5419921875 0.0390625 0.048828125
0 0.33671875 0.3154296875 0.0390625 0.048828125
0 0.29921875 0.3388671875 0.0390625 0.048828125
0 0.53515625 0.4169921875 0.0390625 0.048828125
0 0.42578125 0.4873046875 0.0390625 0.048828125
0 0.44765625 0.5322265625 0.0390625 0.048828125
0 0.47734375 0.6865234375 0.0390625 0.048828125
0 0.46171875 0.4638671875 0.0390625 0.048828125
0 0.38828125 0.2255859375 0.0390625 0.048828125
0 0.58046875 0.5029296875 0.0390625 0.048828125
0 0.51328125 0.3740234375 0.0390625 0.048828125
0 0.51953125 0.2001953125 0.0390625 0.048828125
0 0.42578125 0.2041015625 0.0390625 0.048828125
0 0.66328125 0.5673828125 0.0390625 0.048828125
0 0.63203125 0.4130859375 0.0390625 0.048828125
0 0.38046875 0.4013671875 0.0390625 0.048828125
0 0.52109375 0.4833984375 0.0390625 0.048828125
0 0.52890625 0.3076171875 0.0390625 0.048828125
0 0.67734375 0.4990234375 0.0390625 0.048828125
0 0.72265625 0.5869140625 0.0390625 0.048828125
0 0.46953125 0.2880859375 0.0390625 0.048828125
0 0.41015625 0.5556640625 0.0390625 0.048828125
0 0.55234375 0.6376953125 0.0390625 0.048828125
0 0.43203125 0.3115234375 0.0390625 0.048828125
0 0.40234375 0.4443359375 0.0390625 0.048828125
0 0.31484375 0.2724609375 0.0390625 0.048828125
0 0.32265625 0.3818359375 0.0390625 0.048828125
0 0.35859375 0.3583984375 0.0390625 0.048828125
0 0.50546875 0.2646484375 0.0390625 0.048828125
0 0.56484375 0.2841796875 0.0390625 0.048828125
0 0.48515625 0.2236328125 0.0390625 0.048828125
0 0.39609375 0.3349609375 0.0390625 0.048828125
0 0.54296875 0.2412109375 0.0390625 0.048828125
0 0.58828125 0.6142578125 0.0390625 0.048828125
0 0.43984375 0.4208984375 0.0390625 0.048828125
0 0.51484375 0.6630859375 0.0390625 0.048828125
0 0.63984375 0.5224609375 0.0390625 0.048828125
0 0.75859375 0.5615234375 0.0390625 0.048828125
0 0.45546875 0.3544921875 0.0390625 0.048828125
0 0.55859375 0.4599609375 0.0390625 0.048828125
0 0.64609375 0.3466796875 0.0390625 0.048828125
0 0.59453125 0.4365234375 0.0390625 0.048828125
0 0.56640625 0.5712890625 0.0390625 0.048828125
0 0.68671875 0.6103515625 0.0390625 0.048828125
0 0.73671875 0.5185546875 0.0390625 0.048828125
0 0.55078125 0.3505859375 0.0390625 0.048828125
0 0.62265625 0.3037109375 0.0390625 0.048828125
0 0.47734375 0.3974609375 0.0390625 0.048828125
0 0.34453125 0.4248046875 0.0390625 0.048828125
0 0.71328125 0.4755859375 0.0390625 0.048828125
0 0.43203125 0.5986328125 0.0390625 0.048828125
0 0.48359375 0.5068359375 0.0390625 0.048828125
0 0.61640625 0.4794921875 0.0390625 0.048828125
0 0.61171875 0.6572265625 0.0390625 0.048828125
0 0.49140625 0.6181640625 0.0390625 0.048828125
0 0.57890625 0.2197265625 0.0390625 0.048828125
0 0.53828125 0.7060546875 0.0390625 0.048828125
0 0.35234375 0.2490234375 0.0390625 0.048828125
0 0.60390625 0.5458984375 0.0390625 0.048828125
0 0.66796875 0.3896484375 0.0390625 0.048828125
0 0.69140625 0.4326171875 0.0390625 0.048828125
0 0.36640625 0.4677734375 0.0390625 0.048828125
0 0.55703125 0.1767578125 0.0390625 0.048828125
0 0.52890625 0.5947265625 0.0390625 0.048828125
0 0.53515625 0.1337890625 0.0390625 0.048828125
0 0.27890625 0.2958984375 0.0390625 0.048828125
0 0.45546875 0.6416015625 0.0390625 0.048828125
