0 0.34296875 0.326171875 0.0390625 0.046875
0 0.46484375 0.328125 0.0390625 0.046875
0 0.34921875 0.611328125 0.0390625 0.046875
0 0.3875 0.470703125 0.0375 0.046875
0 0.46953125 0.47265625 0.0390625 0.046875
0 0.55234375 0.6640625 0.0390625 0.046875
0 0.50703125 0.330078125 0.0359375 0.046875
0 0.42890625 0.51953125 0.0390625 0.046875
0 0.55078125 0.5234375 0.0390625 0.046875
0 0.4671875 0.376953125 0.0375 0.046875
0 0.47109375 0.61328125 0.0390625 0.046875
0 0.38359375 0.375 0.0390625 0.046875
0 0.259375 0.326171875 0.0375 0.046875
0 0.26953125 0.705078125 0.0390625 0.046875
0 0.38203125 0.279296875 0.0390625 0.046875
0 0.26328125 0.421875 0.0390625 0.046875
0 0.39296875 0.7529296875 0.0390625 0.044921875
0 0.50859375 0.42578125 0.0390625 0.046875
0 0.346875 0.470703125 0.0375 0.046875
0 0.38984375 0.56640625 0.0390625 0.046875
0 0.30078125 0.275390625 0.0390625 0.046875
0 0.47265625 0.662109375 0.0390625 0.04296875
0 0.54921875 0.37890625 0.0390625 0.046875
0 0.34140625 0.279296875 0.0390625 0.046875
0 0.346875 0.517578125 0.0375 0.046875
0 0.39140625 0.658203125 0.0390625 0.046875
0 0.35234375 0.751953125 0.0390625 0.046875
0 0.51328125 0.7578125 0.0390625 0.046875
0 0.51328125 0.7109375 0.0390625 0.046875
0 0.42421875 0.279296875 0.0390625 0.046875
0 0.2671875 0.609375 0.0375 0.046875
0 0.30234375 0.373046875 0.0390625 0.046875
0 0.30546875 0.517578125 0.0390625 0.046875
0 0.55234375 0.5703125 0.0390625 0.046875
0 0.55234375 0.6171875 0.0390625 0.046875
0 0.31015625 0.658203125 0.0390625 0.046875
0 0.54921875 0.33203125 0.0390625 0.046875
0 0.31171875 0.703125 0.0390625 0.046875
0 0.47421875 0.7548828125 0.0359375 0.048828125
0 0.51015625 0.51953125 0.0390625 0.046875
0 0.42890625 0.56640625 0.0390625 0.046875
0 0.51015625 0.5703125 0.0390625 0.046875
0 0.4671875 0.423828125 0.0375 0.046875
0 0.43203125 0.70703125 0.0390625 0.046875
0 0.30390625 0.421875 0.0390625 0.046875
0 0.30390625 0.46875 0.0390625 0.046875
0 0.25703125 0.275390625 0.0390625 0.046875
0 0.26171875 0.373046875 0.0390625 0.046875
0 0.50546875 0.2822265625 0.0390625 0.044921875
0 0.47109375 0.56640625 0.0390625 0.046875
0 0.2671875 0.5625 0.0375 0.046875
0 0.34765625 0.564453125 0.0359375 0.046875
0 0.546875 0.28125 0.0375 0.046875
0 0.509375 0.4755859375 0.0375 0.048828125
0 0.38515625 0.423828125 0.0390625 0.046875
0 0.55078125 0.42578125 0.0390625 0.046875
0 0.31171875 0.751953125 0.0390625 0.046875
0 0.38359375 0.328125 0.0390625 0.046875
0 0.43203125 0.751953125 0.0390625 0.046875
0 0.43046875 0.66015625 0.0390625 0.046875
0 0.30859375 0.5625 0.0390625 0.046875
0 0.42421875 0.328125 0.0390625 0.046875
0 0.51171875 0.6171875 0.0390625 0.046875
0 0.39296875 0.70703125 0.0390625 0.046875
0 0.50859375 0.37890625 0.0390625 0.046875
0 0.38984375 0.6123046875 0.0390625 0.044921875
0 0.26484375 0.515625 0.0390625 0.046875
0 0.42890625 0.470703125 0.0390625 0.046875
0 0.47265625 0.70703125 0.0390625 0.046875
0 0.42578125 0.375 0.0390625 0.046875
0 0.55390625 0.7578125 0.0390625 0.046875
0 0.2671875 0.65625 0.0375 0.046875
0 0.35078125 0.658203125 0.0390625 0.046875
0 0.42578125 0.423828125 0.0390625 0.046875
0 0.55390625 0.7109375 0.0390625 0.046875
0 0.43046875 0.61328125 0.0390625 0.046875
0 0.3875 0.517578125 0.0375 0.046875
0 0.26484375 0.46875 0.0390625 0.046875
0 0.3015625 0.326171875 0.0375 0.046875
0 0.46484375 0.28125 0.0390625 0.046875
0 0.34453125 0.375 0.0390625 0.046875
0 0.55078125 0.47265625 0.0390625 0.046875
0 0.46953125 0.51953125 0.0390625 0.046875
0 0.30859375 0.611328125 0.0390625 0.046875
0 0.51171875 0.66015625 0.0390625 0.046875
0 0.34453125 0.421875 0.0390625 0.046875
0 0.27109375 0.75 0.0390625 0.046875
0 0.35078125 0.705078125 0.0390625 0.046875
