0 0.58359375 0.77734375 0.0734375 0.078125
0 0.72890625 0.484375 0.0734375 0.078125
0 0.7953125 0.259765625 0.06875 0.078125
0 0.79765625 0.7265625 0.0734375 0.07421875
0 0.7953125 0.4140625 0.06875 0.078125
0 0.58359375 0.537109375 0.0734375 0.078125
0 0.8703125 0.658203125 0.071875 0.078125
0 0.22109375 0.41796875 0.0734375 0.078125
0 0.5109375 0.296875 0.071875 0.078125
0 0.9390625 0.666015625 0.071875 0.078125
0 0.440625 0.599609375 0.06875 0.078125
0 0.3671875 0.359375 0.06875 0.078125
0 0.5109375 0.22265625 0.071875 0.078125
0 0.86640625 0.34765625 0.0734375 0.078125
0 0.2171875 0.732421875 0.071875 0.078125
0 0.58359375 0.2353515625 0.0734375 0.080078125
0 0.4421875 0.2890625 0.071875 0.078125
0 0.65625 0.4755859375 0.071875 0.080078125
0 0.51484375 0.533203125 0.0734375 0.078125
0 0.29375 0.662109375 0.071875 0.078125
0 0.65625 0.396484375 0.071875 0.078125
0 0.79765625 0.568359375 0.0734375 0.07421875
0 0.725 0.4052734375 0.071875 0.080078125
0 0.86640625 0.421875 0.0734375 0.078125
0 0.8703125 0.5 0.071875 0.078125
0 0.43828125 0.7578125 0.0734375 0.078125
0 0.8703125 0.736328125 0.071875 0.078125
0 0.3671875 0.669921875 0.06875 0.078125
0 0.93515625 0.359375 0.0734375 0.078125
0 0.65625 0.705078125 0.071875 0.07421875
0 0.58359375 0.462890625 0.0734375 0.078125
0 0.72890625 0.7158203125 0.0734375 0.080078125
0 0.725 0.328125 0.071875 0.07421875
0 0.29375 0.2724609375 0.071875 0.080078125
0 0.4421875 0.3671875 0.071875 0.078125
0 0.3671875 0.43359375 0.06875 0.078125
0 0.72890625 0.63671875 0.0734375 0.078125
0 0.6546875 0.7861328125 0.06875 0.080078125
0 0.86640625 0.2724609375 0.0734375 0.080078125
0 0.3671875 0.5126953125 0.06875 0.080078125
0 0.5109375 0.609375 0.071875 0.07421875
0 0.29375 0.349609375 0.071875 0.07421875
0 0.79765625 0.4921875 0.0734375 0.078125
0 0.29375 0.5791015625 0.071875 0.080078125
0 0.22109375 0.3369140625 0.0734375 0.076171875
0 0.79765625 0.6455078125 0.0734375 0.080078125
0 0.93515625 0.28125 0.0734375 0.078125
0 0.65625 0.244140625 0.071875 0.078125
0 0.9390625 0.431640625 0.071875 0.07421875
0 0.3671875 0.58984375 0.06875 0.07421875
0 0.7953125 0.3388671875 0.06875 0.080078125
0 0.72890625 0.560546875 0.0734375 0.07421875
0 0.21875 0.6494140625 0.06875 0.080078125
0 0.8703125 0.810546875 0.071875 0.078125
0 0.65625 0.5498046875 0.071875 0.080078125
0 0.9390625 0.587890625 0.071875 0.078125
0 0.440625 0.6787109375 0.06875 0.080078125
0 0.79765625 0.802734375 0.0734375 0.078125
0 0.3671875 0.28125 0.06875 0.078125
0 0.9390625 0.744140625 0.071875 0.078125
0 0.3671875 0.2041015625 0.06875 0.076171875
0 0.29375 0.19140625 0.071875 0.07421875
0 0.72890625 0.794921875 0.0734375 0.078125
0 0.29375 0.42578125 0.071875 0.078125
0 0.29375 0.50390625 0.071875 0.078125
0 0.4421875 0.521484375 0.071875 0.078125
0 0.725 0.251953125 0.071875 0.078125
0 0.8703125 0.5791015625 0.071875 0.080078125
0 0.4421875 0.4443359375 0.071875 0.076171875
0 0.5109375 0.6865234375 0.071875 0.080078125
0 0.58359375 0.6953125 0.0734375 0.078125
0 0.3671875 0.74609375 0.06875 0.07421875
0 0.65625 0.318359375 0.071875 0.078125
0 0.9390625 0.5087890625 0.071875 0.080078125
0 0.65625 0.62890625 0.071875 0.078125
0 0.2921875 0.736328125 0.06875 0.078125
0 0.5109375 0.767578125 0.071875 0.07421875
0 0.58359375 0.3076171875 0.0734375 0.076171875
0 0.58359375 0.62109375 0.0734375 0.078125
0 0.58359375 0.384765625 0.0734375 0.078125
0 0.51484375 0.3759765625 0.0734375 0.080078125
0 0.94296875 0.8212890625 0.0734375 0.076171875
0 0.5109375 0.453125 0.071875 0.07421875
0 0.4421875 0.21484375 0.071875 0.078125
0 0.22109375 0.181640625 0.0734375 0.078125
0 0.22109375 0.5703125 0.0734375 0.078125
0 0.22109375 0.259765625 0.0734375 0.078125
0 0.22109375 0.494140625 0.0734375 0.07421875
