0 0.25234375 0.48828125 0.0671875 0.06640625
0 0.440625 0.935546875 0.065625 0.06640625
0 0.23671875 0.423828125 0.0671875 0.06640625
0 0.53359375 0.71484375 0.0671875 0.06640625
0 0.58671875 0.912109375 0.0671875 0.06640625
0 0.2953125 0.95703125 0.065625 0.06640625
0 0.2046875 0.298828125 0.065625 0.06640625
0 0.31640625 0.7470703125 0.0671875 0.068359375
0 0.48828125 0.255859375 0.0671875 0.06640625
0 0.46484375 0.45703125 0.0671875 0.06640625
0 0.14921875 0.37109375 0.0671875 0.06640625
0 0.3 0.6796875 0.065625 0.06640625
0 0.27890625 0.890625 0.0671875 0.06640625
0 0.421875 0.8671875 0.065625 0.06640625
0 0.56796875 0.845703125 0.0671875 0.06640625
0 0.44375 0.662109375 0.065625 0.06640625
0 0.26875 0.552734375 0.065625 0.06640625
0 0.57109375 0.57421875 0.0671875 0.06640625
0 0.55234375 0.509765625 0.0671875 0.06640625
0 0.2125 0.626953125 0.065625 0.06640625
0 0.459375 0.7255859375 0.065625 0.068359375
0 0.32421875 0.478515625 0.0671875 0.06640625
0 0.42734375 0.595703125 0.0671875 0.06640625
0 0.2921875 0.349609375 0.065625 0.06640625
0 0.35625 0.60546875 0.065625 0.06640625
0 0.69296875 0.759765625 0.0671875 0.06640625
0 0.7296875 0.890625 0.065625 0.06640625
0 0.37734375 0.40234375 0.0671875 0.06640625
0 0.55 0.78125 0.065625 0.06640625
0 0.58671875 0.640625 0.0671875 0.06640625
0 0.6421875 0.56640625 0.065625 0.06640625
0 0.6765625 0.693359375 0.065625 0.06640625
0 0.284375 0.6171875 0.065625 0.06640625
0 0.48359375 0.51953125 0.0671875 0.06640625
0 0.2765625 0.2890625 0.065625 0.06640625
0 0.49921875 0.583984375 0.0671875 0.06640625
0 0.3609375 0.341796875 0.065625 0.06640625
0 0.390625 0.736328125 0.065625 0.06640625
0 0.5578125 0.248046875 0.065625 0.06640625
0 0.5734375 0.3095703125 0.065625 0.068359375
0 0.4171875 0.267578125 0.065625 0.06640625
0 0.22890625 0.69140625 0.0671875 0.06640625
0 0.5046875 0.3203125 0.065625 0.06640625
0 0.6796875 0.427734375 0.065625 0.06640625
0 0.6078125 0.4375 0.065625 0.06640625
0 0.5359375 0.4482421875 0.065625 0.068359375
0 0.65859375 0.90234375 0.0671875 0.06640625
0 0.6953125 0.490234375 0.065625 0.06640625
0 0.5921875 0.373046875 0.065625 0.06640625
0 0.33984375 0.541015625 0.0671875 0.06640625
0 0.2203125 0.3603515625 0.065625 0.068359375
0 0.8046875 0.880859375 0.065625 0.06640625
0 0.26015625 0.82421875 0.0671875 0.06640625
0 0.40625 0.802734375 0.065625 0.06640625
0 0.3078125 0.4140625 0.065625 0.06640625
0 0.7671875 0.75 0.065625 0.06640625
0 0.371875 0.671875 0.065625 0.06640625
0 0.3453125 0.27734375 0.065625 0.06640625
0 0.6609375 0.36328125 0.065625 0.06640625
0 0.6609375 0.62890625 0.065625 0.06640625
0 0.41171875 0.53125 0.0671875 0.06640625
0 0.39609375 0.466796875 0.0671875 0.06640625
0 0.4328125 0.3310546875 0.065625 0.068359375
0 0.62109375 0.771484375 0.0671875 0.06640625
0 0.334375 0.814453125 0.065625 0.06640625
0 0.5203125 0.384765625 0.065625 0.06640625
0 0.71171875 0.82421875 0.0671875 0.06640625
0 0.36640625 0.947265625 0.0671875 0.06640625
0 0.24453125 0.7578125 0.0671875 0.06640625
0 0.7859375 0.81640625 0.065625 0.06640625
0 0.478125 0.79296875 0.065625 0.06640625
0 0.4484375 0.39453125 0.065625 0.06640625
0 0.51484375 0.650390625 0.0671875 0.06640625
0 0.60546875 0.705078125 0.0671875 0.06640625
0 0.16484375 0.435546875 0.0671875 0.06640625
0 0.1359375 0.306640625 0.065625 0.06640625
0 0.196875 0.5625 0.065625 0.06640625
0 0.63984375 0.837890625 0.0671875 0.06640625
0 0.6265625 0.501953125 0.065625 0.06640625
0 0.7296875 0.619140625 0.065625 0.06640625
0 0.51015625 0.923828125 0.0671875 0.06640625
0 0.7484375 0.68359375 0.065625 0.06640625
0 0.18125 0.4990234375 0.065625 0.068359375
0 0.6453125 0.298828125 0.065625 0.06640625
0 0.35078125 0.876953125 0.0671875 0.06640625
0 0.62890625 0.23828125 0.0671875 0.06640625
0 0.49375 0.859375 0.065625 0.06640625
0 0.7140625 0.5546875 0.065625 0.06640625
