0 0.6453125 0.640625 0.065625 0.0625
0 0.4140625 0.423828125 0.065625 0.0625
0 0.36640625 0.7197265625 0.0671875 0.060546875
0 0.5546875 0.384765625 0.065625 0.0625
0 0.18125 0.4189453125 0.065625 0.060546875
0 0.5546875 0.16796875 0.065625 0.0625
0 0.4140625 0.6357421875 0.065625 0.060546875
0 0.59765625 0.724609375 0.0671875 0.0625
0 0.6453125 0.4267578125 0.065625 0.060546875
0 0.3640625 0.931640625 0.065625 0.0625
0 0.671875 0.2783203125 0.065625 0.060546875
0 0.48046875 0.828125 0.0671875 0.0625
0 0.63984375 0.8525390625 0.0671875 0.060546875
0 0.66875 0.4931640625 0.065625 0.060546875
0 0.759375 0.7490234375 0.065625 0.060546875
0 0.4140625 0.2099609375 0.065625 0.060546875
0 0.2046875 0.2685546875 0.065625 0.060546875
0 0.390625 0.359375 0.065625 0.0625
0 0.62109375 0.576171875 0.0671875 0.0625
0 0.6 0.2978515625 0.065625 0.060546875
0 0.321875 0.3798828125 0.065625 0.060546875
0 0.36640625 0.5078125 0.0671875 0.0625
0 0.48359375 0.6162109375 0.0671875 0.060546875
0 0.2734375 0.462890625 0.065625 0.0625
0 0.76171875 0.537109375 0.0671875 0.0625
0 0.43828125 0.2734375 0.0671875 0.0625
0 0.5046875 0.6796875 0.065625 0.0625
0 0.6 0.5126953125 0.065625 0.060546875
0 0.5015625 0.8916015625 0.065625 0.060546875
0 0.69296875 0.556640625 0.0671875 0.0625
0 0.78046875 0.8134765625 0.0671875 0.060546875
0 0.390625 0.5712890625 0.065625 0.060546875
0 0.53125 0.318359375 0.065625 0.0625
0 0.55234375 0.5966796875 0.0671875 0.060546875
0 0.25234375 0.3994140625 0.0671875 0.060546875
0 0.73828125 0.47265625 0.0671875 0.0625
0 0.321875 0.591796875 0.065625 0.0625
0 0.828125 0.7294921875 0.065625 0.060546875
0 0.1359375 0.2880859375 0.065625 0.060546875
0 0.4625 0.337890625 0.065625 0.0625
0 0.45703125 0.763671875 0.0671875 0.0625
0 0.6875 0.7685546875 0.065625 0.060546875
0 0.34296875 0.6552734375 0.0671875 0.060546875
0 0.69296875 0.3427734375 0.0671875 0.060546875
0 0.4328125 0.9111328125 0.065625 0.060546875
0 0.62421875 0.1484375 0.0671875 0.0625
0 0.71171875 0.8330078125 0.0671875 0.060546875
0 0.36953125 0.29296875 0.0671875 0.0625
0 0.31875 0.802734375 0.065625 0.0625
0 0.64765625 0.2119140625 0.0671875 0.060546875
0 0.85234375 0.79296875 0.0671875 0.0625
0 0.459375 0.5517578125 0.065625 0.060546875
0 0.7140625 0.62109375 0.065625 0.0625
0 0.61875 0.7880859375 0.065625 0.060546875
0 0.48359375 0.404296875 0.0671875 0.0625
0 0.4359375 0.7001953125 0.065625 0.060546875
0 0.409375 0.84765625 0.065625 0.0625
0 0.2734375 0.6748046875 0.065625 0.060546875
0 0.66640625 0.705078125 0.0671875 0.0625
0 0.2046875 0.4833984375 0.065625 0.060546875
0 0.57109375 0.8720703125 0.0671875 0.060546875
0 0.73515625 0.6845703125 0.0671875 0.060546875
0 0.62421875 0.3623046875 0.0671875 0.060546875
0 0.5734375 0.66015625 0.065625 0.0625
0 0.43828125 0.48828125 0.0671875 0.0625
0 0.22890625 0.3349609375 0.0671875 0.060546875
0 0.50703125 0.46875 0.0671875 0.0625
0 0.29765625 0.3154296875 0.0671875 0.060546875
0 0.53125 0.5322265625 0.065625 0.060546875
0 0.33984375 0.8671875 0.0671875 0.0625
0 0.25234375 0.611328125 0.0671875 0.0625
0 0.55 0.80859375 0.065625 0.0625
0 0.15703125 0.3544921875 0.0671875 0.060546875
0 0.3875 0.783203125 0.065625 0.0625
0 0.2734375 0.2490234375 0.065625 0.060546875
0 0.7828125 0.6015625 0.065625 0.0625
0 0.29765625 0.7392578125 0.0671875 0.060546875
0 0.48359375 0.1875 0.0671875 0.0625
0 0.50703125 0.25390625 0.0671875 0.0625
0 0.5765625 0.2314453125 0.065625 0.060546875
0 0.528125 0.744140625 0.065625 0.0625
0 0.5765625 0.4482421875 0.065625 0.060546875
0 0.71640625 0.40625 0.0671875 0.0625
0 0.29765625 0.52734375 0.0671875 0.0625
0 0.22890625 0.546875 0.0671875 0.0625
0 0.3453125 0.443359375 0.065625 0.0625
0 0.3453125 0.2294921875 0.065625 0.060546875
0 0.80703125 0.6650390625 0.0671875 0.060546875
