0 0.2578125 0.1455078125 0.053125 0.068359375
0 0.44375 0.6962890625 0.053125 0.068359375
0 0.325 0.2060546875 0.053125 0.068359375
0 0.5640625 0.2998046875 0.053125 0.068359375
0 0.571875 0.3720703125 0.053125 0.068359375
0 0.36875 0.12109375 0.053125 0.06640625
0 0.51953125 0.8291015625 0.0515625 0.068359375
0 0.6125 0.21875 0.053125 0.06640625
0 0.3328125 0.2763671875 0.053125 0.068359375
0 0.50078125 0.2412109375 0.0546875 0.068359375
0 0.2859375 0.359375 0.053125 0.06640625
0 0.39765625 0.78125 0.0515625 0.0703125
0 0.37734375 0.6357421875 0.0515625 0.068359375
0 0.45234375 0.7666015625 0.0515625 0.068359375
0 0.4234375 0.55078125 0.053125 0.06640625
0 0.490625 0.6103515625 0.053125 0.068359375
0 0.3953125 0.3369140625 0.053125 0.068359375
0 0.5171875 0.3818359375 0.053125 0.068359375
0 0.5921875 0.5126953125 0.053125 0.068359375
0 0.2578125 0.5888671875 0.053125 0.068359375
0 0.51015625 0.75390625 0.0546875 0.06640625
0 0.63125 0.359375 0.053125 0.06640625
0 0.2109375 0.2294921875 0.053125 0.068359375
0 0.265625 0.216796875 0.053125 0.0703125
0 0.68984375 0.7890625 0.0546875 0.06640625
0 0.54609375 0.1591796875 0.0515625 0.068359375
0 0.55625 0.669921875 0.053125 0.0703125
0 0.33203125 0.7216796875 0.0546875 0.068359375
0 0.27578125 0.2890625 0.0515625 0.06640625
0 0.3046875 0.5048828125 0.053125 0.068359375
0 0.49921875 0.68359375 0.0515625 0.06640625
0 0.56640625 0.744140625 0.0515625 0.06640625
0 0.4546875 0.322265625 0.053125 0.0703125
0 0.54609375 0.5986328125 0.0515625 0.068359375
0 0.340625 0.7939453125 0.053125 0.068359375
0 0.6234375 0.7294921875 0.053125 0.068359375
0 0.6390625 0.4296875 0.053125 0.06640625
0 0.265625 0.6611328125 0.053125 0.068359375
0 0.21875 0.2998046875 0.053125 0.068359375
0 0.66796875 0.6455078125 0.0515625 0.068359375
0 0.3875 0.2646484375 0.053125 0.068359375
0 0.34921875 0.419921875 0.0546875 0.06640625
0 0.2453125 0.5146484375 0.053125 0.068359375
0 0.52734375 0.453125 0.0546875 0.0703125
0 0.4078125 0.4072265625 0.053125 0.068359375
0 0.63125 0.8037109375 0.053125 0.068359375
0 0.2734375 0.7314453125 0.053125 0.068359375
0 0.2375 0.4443359375 0.053125 0.068359375
0 0.3125 0.5751953125 0.053125 0.068359375
0 0.5921875 0.0732421875 0.053125 0.068359375
0 0.584375 0.4423828125 0.053125 0.068359375
0 0.4625 0.3974609375 0.053125 0.068359375
0 0.4703125 0.4677734375 0.053125 0.068359375
0 0.3796875 0.19140625 0.053125 0.06640625
0 0.44375 0.2509765625 0.053125 0.068359375
0 0.434375 0.1806640625 0.053125 0.068359375
0 0.35078125 0.8642578125 0.0515625 0.068359375
0 0.359375 0.490234375 0.053125 0.06640625
0 0.40625 0.8544921875 0.053125 0.068359375
0 0.321875 0.6455078125 0.053125 0.068359375
0 0.4640625 0.8388671875 0.053125 0.068359375
0 0.3875 0.7060546875 0.053125 0.068359375
0 0.5375 0.5283203125 0.053125 0.068359375
0 0.5375 0.087890625 0.053125 0.0703125
0 0.3140625 0.1337890625 0.053125 0.068359375
0 0.6125 0.6591796875 0.053125 0.068359375
0 0.509375 0.3115234375 0.053125 0.068359375
0 0.415625 0.4794921875 0.053125 0.068359375
0 0.48125 0.5380859375 0.053125 0.068359375
0 0.29375 0.8798828125 0.053125 0.068359375
0 0.22890625 0.3720703125 0.0515625 0.068359375
0 0.4265625 0.1103515625 0.053125 0.068359375
0 0.340625 0.349609375 0.053125 0.06640625
0 0.20234375 0.1591796875 0.0515625 0.068359375
0 0.4828125 0.0986328125 0.053125 0.068359375
0 0.490625 0.1689453125 0.053125 0.068359375
0 0.2859375 0.806640625 0.053125 0.06640625
0 0.62109375 0.2890625 0.0515625 0.06640625
0 0.36875 0.564453125 0.053125 0.0703125
0 0.659375 0.5732421875 0.053125 0.068359375
0 0.603125 0.5888671875 0.053125 0.068359375
0 0.6046875 0.1455078125 0.053125 0.068359375
0 0.5765625 0.814453125 0.053125 0.06640625
0 0.55625 0.2294921875 0.053125 0.068359375
0 0.29375 0.4296875 0.053125 0.06640625
0 0.65 0.5029296875 0.053125 0.068359375
0 0.434375 0.6240234375 0.053125 0.068359375
0 0.678125 0.71875 0.053125 0.06640625
