0 0.375 0.494140625 0.05 0.05078125
0 0.32890625 0.5615234375 0.0484375 0.052734375
0 0.4125 0.373046875 0.05 0.05078125
0 0.36640625 0.4384765625 0.0484375 0.052734375
0 0.28359375 0.626953125 0.0484375 0.05078125
0 0.34296875 0.671875 0.0484375 0.05078125
0 0.4203125 0.427734375 0.05 0.05078125
0 0.4734375 0.419921875 0.05 0.05078125
0 0.5484375 0.576171875 0.05 0.05078125
0 0.29921875 0.740234375 0.0484375 0.05078125
0 0.38828125 0.6064453125 0.0484375 0.052734375
0 0.42578125 0.486328125 0.0484375 0.05078125
0 0.5640625 0.6884765625 0.05 0.052734375
0 0.503125 0.6435546875 0.05 0.052734375
0 0.7484375 0.42578125 0.05 0.05078125
0 0.57265625 0.34375 0.0484375 0.05078125
0 0.7640625 0.537109375 0.05 0.05078125
0 0.30703125 0.3935546875 0.0484375 0.052734375
0 0.35859375 0.3828125 0.0484375 0.05078125
0 0.29921875 0.337890625 0.0484375 0.05078125
0 0.39609375 0.662109375 0.0484375 0.05078125
0 0.77265625 0.59375 0.0484375 0.05078125
0 0.31328125 0.44921875 0.0484375 0.05078125
0 0.4578125 0.708984375 0.05 0.05078125
0 0.75625 0.4814453125 0.05 0.052734375
0 0.59375 0.509765625 0.05 0.05078125
0 0.61015625 0.623046875 0.0484375 0.05078125
0 0.4578125 0.3095703125 0.05 0.052734375
0 0.4421875 0.595703125 0.05 0.05078125
0 0.709375 0.546875 0.05 0.05078125
0 0.32109375 0.50390625 0.0484375 0.05078125
0 0.3828125 0.55078125 0.05 0.05078125
0 0.7265625 0.66015625 0.05 0.05078125
0 0.725 0.2578125 0.05 0.05078125
0 0.4796875 0.4755859375 0.05 0.052734375
0 0.4046875 0.71875 0.05 0.05078125
0 0.434375 0.541015625 0.05 0.05078125
0 0.525 0.41015625 0.05 0.05078125
0 0.7171875 0.6044921875 0.05 0.052734375
0 0.6796875 0.32421875 0.05 0.05078125
0 0.2375 0.693359375 0.05 0.05078125
0 0.61796875 0.279296875 0.0484375 0.05078125
0 0.4046875 0.3203125 0.05 0.05078125
0 0.4875 0.53125 0.05 0.05078125
0 0.65546875 0.5576171875 0.0484375 0.052734375
0 0.353125 0.328125 0.05 0.05078125
0 0.6640625 0.61328125 0.05 0.05078125
0 0.26171875 0.458984375 0.0484375 0.05078125
0 0.2671875 0.513671875 0.05 0.05078125
0 0.7015625 0.4921875 0.05 0.05078125
0 0.63203125 0.388671875 0.0484375 0.05078125
0 0.69375 0.4365234375 0.05 0.052734375
0 0.2 0.4140625 0.05 0.05078125
0 0.51875 0.3544921875 0.05 0.052734375
0 0.2453125 0.3486328125 0.05 0.052734375
0 0.671875 0.669921875 0.05 0.05078125
0 0.33671875 0.6171875 0.0484375 0.05078125
0 0.45 0.654296875 0.05 0.05078125
0 0.4953125 0.5859375 0.05 0.05078125
0 0.215625 0.525390625 0.05 0.05078125
0 0.64765625 0.501953125 0.0484375 0.05078125
0 0.740625 0.37109375 0.05 0.05078125
0 0.275 0.5703125 0.05 0.05078125
0 0.63984375 0.4453125 0.0484375 0.05078125
0 0.7328125 0.3134765625 0.05 0.052734375
0 0.6875 0.380859375 0.05 0.05078125
0 0.5859375 0.455078125 0.05 0.05078125
0 0.25390625 0.404296875 0.0484375 0.05078125
0 0.2453125 0.748046875 0.05 0.05078125
0 0.465625 0.365234375 0.05 0.05078125
0 0.5640625 0.2890625 0.05 0.05078125
0 0.60234375 0.568359375 0.0484375 0.05078125
0 0.221875 0.580078125 0.05 0.05078125
0 0.540625 0.5205078125 0.05 0.052734375
0 0.5328125 0.46484375 0.05 0.05078125
0 0.578125 0.400390625 0.05 0.05078125
0 0.2078125 0.46875 0.05 0.05078125
0 0.5109375 0.298828125 0.05 0.05078125
0 0.61796875 0.677734375 0.0484375 0.05078125
0 0.35078125 0.7294921875 0.0484375 0.052734375
0 0.2296875 0.634765625 0.05 0.05078125
0 0.19375 0.3564453125 0.05 0.052734375
0 0.29140625 0.6826171875 0.0484375 0.052734375
0 0.55625 0.6328125 0.05 0.05078125
0 0.671875 0.2685546875 0.05 0.052734375
0 0.78046875 0.650390625 0.0484375 0.05078125
0 0.5109375 0.69921875 0.05 0.05078125
0 0.62578125 0.333984375 0.0484375 0.05078125
