0 0.5453125 0.728515625 0.04375 0.0625
0 0.696875 0.3896484375 0.04375 0.064453125
0 0.540625 0.2451171875 0.04375 0.064453125
0 0.440625 0.47265625 0.04375 0.0625
0 0.40390625 0.67578125 0.0421875 0.0625
0 0.59609375 0.6162109375 0.0421875 0.064453125
0 0.68359375 0.296875 0.0421875 0.0625
0 0.64609375 0.50390625 0.0421875 0.0625
0 0.45390625 0.564453125 0.0421875 0.0625
0 0.5078125 0.9345703125 0.04375 0.060546875
0 0.55859375 0.8193359375 0.0421875 0.060546875
0 0.5546875 0.337890625 0.04375 0.0625
0 0.50390625 0.453125 0.0421875 0.0625
0 0.66015625 0.5966796875 0.0421875 0.064453125
0 0.41640625 0.7685546875 0.0421875 0.060546875
0 0.4875 0.1162109375 0.04375 0.064453125
0 0.60859375 0.7080078125 0.0421875 0.060546875
0 0.46796875 0.6572265625 0.0421875 0.064453125
0 0.31328125 0.513671875 0.0453125 0.0625
0 0.35234375 0.7880859375 0.0421875 0.060546875
0 0.41328125 0.287109375 0.0453125 0.0625
0 0.6046875 0.2236328125 0.04375 0.064453125
0 0.71015625 0.482421875 0.0421875 0.0625
0 0.48125 0.7490234375 0.04375 0.060546875
0 0.26171875 0.6240234375 0.0421875 0.060546875
0 0.659375 0.3525390625 0.04375 0.064453125
0 0.58203125 0.5234375 0.0421875 0.0625
0 0.56875 0.4306640625 0.04375 0.064453125
0 0.52734375 0.15234375 0.0453125 0.0625
0 0.33984375 0.6982421875 0.0421875 0.060546875
0 0.36328125 0.4013671875 0.0453125 0.064453125
0 0.42734375 0.3798828125 0.0453125 0.064453125
0 0.47734375 0.267578125 0.0453125 0.0625
0 0.37578125 0.494140625 0.0421875 0.0625
0 0.51796875 0.544921875 0.0421875 0.0625
0 0.61875 0.31640625 0.04375 0.0625
0 0.42890625 0.6201171875 0.0421875 0.060546875
0 0.453125 0.3232421875 0.04375 0.064453125
0 0.72265625 0.3330078125 0.0421875 0.064453125
0 0.4546875 0.8056640625 0.04375 0.060546875
0 0.6203125 0.5595703125 0.040625 0.064453125
0 0.6453125 0.259765625 0.04375 0.0625
0 0.58125 0.2822265625 0.04375 0.064453125
0 0.46796875 0.8974609375 0.0421875 0.060546875
0 0.46328125 0.1748046875 0.0453125 0.064453125
0 0.38984375 0.583984375 0.0421875 0.0625
0 0.49375 0.841796875 0.04375 0.0625
0 0.50625 0.69140625 0.040625 0.0625
0 0.5828125 0.763671875 0.04375 0.0625
0 0.46640625 0.416015625 0.0421875 0.0625
0 0.3515625 0.548828125 0.04375 0.0625
0 0.36484375 0.6396484375 0.0421875 0.060546875
0 0.55625 0.5791015625 0.040625 0.064453125
0 0.5671875 0.1865234375 0.04375 0.064453125
0 0.3375 0.4580078125 0.04375 0.064453125
0 0.5296875 0.39453125 0.04375 0.0625
0 0.5015625 0.208984375 0.04375 0.0625
0 0.5171875 0.3017578125 0.04375 0.064453125
0 0.63203125 0.4111328125 0.0421875 0.064453125
0 0.4796875 0.5087890625 0.04375 0.064453125
0 0.31484375 0.75390625 0.0421875 0.0625
0 0.5703125 0.671875 0.040625 0.0625
0 0.490625 0.3603515625 0.04375 0.064453125
0 0.41640625 0.5283203125 0.0421875 0.064453125
0 0.67265625 0.4453125 0.0421875 0.0625
0 0.53203125 0.6376953125 0.0421875 0.064453125
0 0.43046875 0.861328125 0.0421875 0.0625
0 0.51875 0.7861328125 0.04375 0.060546875
0 0.37890625 0.7314453125 0.0421875 0.060546875
0 0.60859375 0.4677734375 0.0421875 0.064453125
0 0.59453125 0.375 0.0421875 0.0625
0 0.4421875 0.7119140625 0.040625 0.060546875
0 0.27578125 0.7177734375 0.0421875 0.060546875
0 0.30078125 0.6611328125 0.0421875 0.060546875
0 0.403125 0.435546875 0.04375 0.0625
0 0.32578125 0.6044921875 0.0421875 0.060546875
0 0.54375 0.486328125 0.04375 0.0625
0 0.73671875 0.42578125 0.0421875 0.0625
0 0.4921875 0.6015625 0.040625 0.0625
0 0.53203125 0.8759765625 0.0421875 0.060546875
0 0.23671875 0.6806640625 0.0421875 0.060546875
0 0.68671875 0.5400390625 0.0421875 0.064453125
0 0.4375 0.23046875 0.04375 0.0625
0 0.63359375 0.65234375 0.0421875 0.0625
0 0.390625 0.8251953125 0.04375 0.060546875
0 0.2875 0.568359375 0.04375 0.0625
0 0.3890625 0.345703125 0.04375 0.0625
0 0.76171875 0.3671875 0.0421875 0.0625
