0 0.65 0.5029296875 0.046875 0.068359375
0 0.60546875 0.62890625 0.0453125 0.0703125
0 0.515625 0.25 0.046875 0.06640625
0 0.5640625 0.7548828125 0.046875 0.068359375
0 0.4296875 0.4990234375 0.046875 0.068359375
0 0.4765625 0.69140625 0.046875 0.06640625
0 0.4734375 0.376953125 0.046875 0.0703125
0 0.69375 0.3818359375 0.046875 0.068359375
0 0.56171875 0.4384765625 0.0453125 0.068359375
0 0.51796875 0.56640625 0.0453125 0.06640625
0 0.49375 0.158203125 0.046875 0.06640625
0 0.58125 0.2216796875 0.046875 0.068359375
0 0.41015625 0.7197265625 0.0453125 0.068359375
0 0.3390625 0.435546875 0.046875 0.06640625
0 0.38359375 0.310546875 0.0453125 0.06640625
0 0.3859375 0.6240234375 0.046875 0.068359375
0 0.3640625 0.52734375 0.046875 0.06640625
0 0.4984375 0.787109375 0.046875 0.06640625
0 0.4078125 0.4072265625 0.046875 0.068359375
0 0.7375 0.255859375 0.046875 0.0703125
0 0.603125 0.314453125 0.046875 0.06640625
0 0.42734375 0.1865234375 0.0453125 0.068359375
0 0.45078125 0.2822265625 0.0484375 0.068359375
0 0.2953125 0.5595703125 0.046875 0.068359375
0 0.646875 0.193359375 0.046875 0.06640625
0 0.2984375 0.7236328125 0.046875 0.068359375
0 0.3203125 0.6552734375 0.046875 0.068359375
0 0.496875 0.626953125 0.05 0.06640625
0 0.559375 0.1259765625 0.046875 0.068359375
0 0.52265625 0.8828125 0.0453125 0.06640625
0 0.471875 0.0615234375 0.046875 0.068359375
0 0.5890625 0.8515625 0.046875 0.06640625
0 0.58359375 0.53515625 0.0453125 0.06640625
0 0.53828125 0.3466796875 0.0484375 0.068359375
0 0.51953125 0.7236328125 0.0484375 0.068359375
0 0.54140625 0.6591796875 0.0484375 0.068359375
0 0.4765625 0.8515625 0.046875 0.06640625
0 0.6296875 0.7236328125 0.046875 0.068359375
0 0.4328125 0.8193359375 0.046875 0.068359375
0 0.4515625 0.5947265625 0.046875 0.068359375
0 0.60546875 0.470703125 0.0453125 0.06640625
0 0.53984375 0.5029296875 0.0453125 0.068359375
0 0.66875 0.2861328125 0.046875 0.068359375
0 0.38828125 0.787109375 0.0453125 0.06640625
0 0.4953125 0.470703125 0.046875 0.06640625
0 0.49453125 0.3125 0.0484375 0.0703125
0 0.625 0.25390625 0.046875 0.06640625
0 0.5375 0.1904296875 0.046875 0.068359375
0 0.671875 0.4423828125 0.046875 0.068359375
0 0.56640625 0.9150390625 0.0453125 0.068359375
0 0.4515625 0.4384765625 0.046875 0.068359375
0 0.759375 0.349609375 0.046875 0.06640625
0 0.4546875 0.751953125 0.046875 0.06640625
0 0.646875 0.3466796875 0.046875 0.068359375
0 0.715625 0.474609375 0.046875 0.06640625
0 0.67421875 0.5986328125 0.0453125 0.068359375
0 0.628125 0.56640625 0.046875 0.06640625
0 0.4078125 0.5634765625 0.046875 0.068359375
0 0.3859375 0.4677734375 0.046875 0.068359375
0 0.7375 0.4140625 0.046875 0.06640625
0 0.58125 0.3779296875 0.046875 0.068359375
0 0.690625 0.2255859375 0.046875 0.068359375
0 0.47265625 0.21875 0.0484375 0.06640625
0 0.56171875 0.5966796875 0.0453125 0.072265625
0 0.3171875 0.4951171875 0.046875 0.068359375
0 0.715625 0.3173828125 0.046875 0.068359375
0 0.4296875 0.3427734375 0.046875 0.068359375
0 0.3640625 0.6875 0.046875 0.06640625
0 0.36171875 0.37109375 0.0453125 0.06640625
0 0.6515625 0.6591796875 0.046875 0.068359375
0 0.3421875 0.591796875 0.046875 0.06640625
0 0.5859375 0.69140625 0.046875 0.06640625
0 0.4328125 0.6552734375 0.046875 0.068359375
0 0.69609375 0.5380859375 0.0453125 0.068359375
0 0.51796875 0.4072265625 0.0453125 0.068359375
0 0.628125 0.41015625 0.046875 0.06640625
0 0.40546875 0.25 0.0453125 0.06640625
0 0.559375 0.2822265625 0.046875 0.068359375
0 0.2734375 0.6240234375 0.046875 0.068359375
0 0.6078125 0.787109375 0.046875 0.06640625
0 0.44921875 0.1220703125 0.0453125 0.068359375
0 0.5421875 0.8193359375 0.046875 0.068359375
0 0.515625 0.09375 0.046875 0.06640625
0 0.4734375 0.53125 0.046875 0.06640625
0 0.34453125 0.751953125 0.0453125 0.06640625
0 0.603125 0.1611328125 0.046875 0.068359375
0 0.78125 0.2861328125 0.046875 0.068359375
0 0.2515625 0.6875 0.046875 0.06640625
