0 0.4609375 0.51171875 0.065625 0.05859375
0 0.4625 0.6357421875 0.06875 0.056640625
0 0.45703125 0.3876953125 0.0640625 0.060546875
0 0.66875 0.435546875 0.06875 0.05859375
0 0.4546875 0.26171875 0.06875 0.05859375
0 0.66640625 0.3125 0.0640625 0.05859375
0 0.3828125 0.2041015625 0.06875 0.056640625
0 0.5234375 0.1328125 0.06875 0.05859375
0 0.3859375 0.330078125 0.06875 0.0546875
0 0.66875 0.55859375 0.06875 0.05859375
0 0.325 0.70703125 0.06875 0.05859375
0 0.390625 0.578125 0.06875 0.05859375
0 0.321875 0.583984375 0.06875 0.05859375
0 0.7328125 0.1181640625 0.06875 0.060546875
0 0.53125 0.5068359375 0.06875 0.056640625
0 0.321875 0.458984375 0.06875 0.0546875
0 0.4625 0.6962890625 0.06875 0.060546875
0 0.7328125 0.1796875 0.06875 0.05859375
0 0.6625 0.185546875 0.065625 0.05859375
0 0.465625 0.7578125 0.06875 0.05859375
0 0.7375 0.615234375 0.06875 0.05859375
0 0.3171875 0.333984375 0.06875 0.05859375
0 0.4625 0.572265625 0.06875 0.05859375
0 0.5921875 0.189453125 0.06875 0.0546875
0 0.7375 0.552734375 0.06875 0.05859375
0 0.7390625 0.6767578125 0.065625 0.060546875
0 0.7328125 0.306640625 0.06875 0.05859375
0 0.52734375 0.2578125 0.0671875 0.05859375
0 0.53125 0.62890625 0.06875 0.05859375
0 0.390625 0.455078125 0.06875 0.05859375
0 0.5234375 0.193359375 0.06875 0.05859375
0 0.66875 0.4970703125 0.06875 0.060546875
0 0.7375 0.4306640625 0.06875 0.056640625
0 0.321875 0.5205078125 0.06875 0.056640625
0 0.52734375 0.3818359375 0.0671875 0.060546875
0 0.4515625 0.1376953125 0.06875 0.060546875
0 0.4609375 0.44921875 0.065625 0.05859375
0 0.6625 0.25 0.065625 0.05859375
0 0.3171875 0.396484375 0.06875 0.05859375
0 0.66875 0.681640625 0.06875 0.05859375
0 0.3140625 0.2080078125 0.06875 0.060546875
0 0.6015625 0.6865234375 0.065625 0.056640625
0 0.5953125 0.2529296875 0.06875 0.060546875
0 0.7328125 0.244140625 0.06875 0.05859375
0 0.5953125 0.3779296875 0.06875 0.056640625
0 0.809375 0.609375 0.06875 0.05859375
0 0.39375 0.7001953125 0.06875 0.056640625
0 0.534375 0.751953125 0.06875 0.05859375
0 0.45703125 0.326171875 0.0640625 0.05859375
0 0.3828125 0.140625 0.06875 0.05859375
0 0.7375 0.4931640625 0.06875 0.056640625
0 0.7375 0.3671875 0.06875 0.05859375
0 0.321875 0.646484375 0.06875 0.05859375
0 0.809375 0.732421875 0.06875 0.05859375
0 0.59765625 0.501953125 0.0640625 0.05859375
0 0.3171875 0.26953125 0.06875 0.05859375
0 0.3140625 0.142578125 0.06875 0.05859375
0 0.66875 0.62109375 0.06875 0.05859375
0 0.453125 0.19921875 0.065625 0.05859375
0 0.52734375 0.3203125 0.0671875 0.05859375
0 0.3859375 0.265625 0.06875 0.0546875
0 0.671875 0.7412109375 0.06875 0.060546875
0 0.6015625 0.623046875 0.065625 0.05859375
0 0.8015625 0.23828125 0.06875 0.05859375
0 0.7390625 0.7373046875 0.065625 0.056640625
0 0.5953125 0.3154296875 0.06875 0.056640625
0 0.80546875 0.48828125 0.0671875 0.05859375
0 0.66640625 0.373046875 0.0640625 0.05859375
0 0.6 0.564453125 0.06875 0.05859375
0 0.6609375 0.1220703125 0.06875 0.056640625
0 0.603125 0.7490234375 0.06875 0.056640625
0 0.3921875 0.640625 0.065625 0.05859375
0 0.80390625 0.3642578125 0.0640625 0.056640625
0 0.53125 0.5673828125 0.06875 0.060546875
0 0.52734375 0.4453125 0.0671875 0.0546875
0 0.325 0.7666015625 0.06875 0.060546875
0 0.53125 0.69140625 0.06875 0.05859375
0 0.8015625 0.1123046875 0.06875 0.060546875
0 0.5921875 0.126953125 0.06875 0.05859375
0 0.5953125 0.44140625 0.06875 0.05859375
0 0.390625 0.5166015625 0.06875 0.060546875
0 0.3859375 0.392578125 0.06875 0.05859375
0 0.809375 0.6728515625 0.06875 0.056640625
0 0.3953125 0.763671875 0.065625 0.05859375
0 0.80703125 0.546875 0.0640625 0.05859375
0 0.80390625 0.4267578125 0.0640625 0.060546875
0 0.8015625 0.3017578125 0.06875 0.056640625
0 0.8015625 0.17578125 0.06875 0.0546875
