0 0.33984375 0.3857421875 0.0390625 0.048828125
0 0.57890625 0.5576171875 0.0390625 0.048828125
0 0.40390625 0.5283203125 0.0390625 0.048828125
0 0.67890625 0.6474609375 0.0390625 0.048828125
0 0.45390625 0.5712890625 0.0390625 0.048828125
0 0.44921875 0.2744140625 0.0390625 0.048828125
0 0.56640625 0.2138671875 0.0390625 0.048828125
0 0.62890625 0.6025390625 0.0390625 0.048828125
0 0.38515625 0.6826171875 0.0390625 0.048828125
0 0.51328125 0.4150390625 0.0390625 0.048828125
0 0.58984375 0.3583984375 0.0390625 0.048828125
0 0.58828125 0.6083984375 0.0390625 0.048828125
0 0.36796875 0.2841796875 0.0390625 0.048828125
0 0.44296875 0.2275390625 0.0390625 0.048828125
0 0.46484375 0.3720703125 0.0390625 0.048828125
0 0.35234375 0.1884765625 0.0390625 0.048828125
0 0.31171875 0.1923828125 0.0390625 0.048828125
0 0.43515625 0.1787109375 0.0390625 0.048828125
0 0.51171875 0.6669921875 0.0390625 0.048828125
0 0.51796875 0.1708984375 0.0390625 0.048828125
0 0.42734375 0.6767578125 0.0390625 0.048828125
0 0.37734375 0.6318359375 0.0390625 0.048828125
0 0.57421875 0.2607421875 0.0390625 0.048828125
0 0.40078125 0.2314453125 0.0390625 0.048828125
0 0.61328125 0.5029296875 0.0390625 0.048828125
0 0.50390625 0.6181640625 0.0390625 0.048828125
0 0.46171875 0.6220703125 0.0390625 0.048828125
0 0.38984375 0.4287109375 0.0390625 0.048828125
0 0.58203125 0.3095703125 0.0390625 0.048828125
0 0.63828125 0.4013671875 0.0390625 0.048828125
0 0.36171875 0.5322265625 0.0390625 0.048828125
0 0.63828125 0.6533203125 0.0390625 0.048828125
0 0.49921875 0.3193359375 0.0390625 0.048828125
0 0.37421875 0.3330078125 0.0390625 0.048828125
0 0.39453125 0.1826171875 0.0390625 0.048828125
0 0.44609375 0.5224609375 0.0390625 0.048828125
0 0.31796875 0.2392578125 0.0390625 0.048828125
0 0.52890625 0.5126953125 0.0390625 0.048828125
0 0.61484375 0.2568359375 0.0390625 0.048828125
0 0.43046875 0.4248046875 0.0390625 0.048828125
0 0.63046875 0.3525390625 0.0390625 0.048828125
0 0.48828125 0.5185546875 0.0390625 0.048828125
0 0.57109375 0.5087890625 0.0390625 0.048828125
0 0.55859375 0.1650390625 0.0390625 0.048828125
0 0.38203125 0.3798828125 0.0390625 0.048828125
0 0.55390625 0.6630859375 0.0390625 0.048828125
0 0.60703125 0.2080078125 0.0390625 0.048828125
0 0.59921875 0.1611328125 0.0390625 0.048828125
0 0.34765625 0.4345703125 0.0390625 0.048828125
0 0.32578125 0.2880859375 0.0390625 0.048828125
0 0.43828125 0.4736328125 0.0390625 0.048828125
0 0.62265625 0.3037109375 0.0390625 0.048828125
0 0.56328125 0.4599609375 0.0390625 0.048828125
0 0.45703125 0.3232421875 0.0390625 0.048828125
0 0.53828125 0.5634765625 0.0390625 0.048828125
0 0.54765625 0.3623046875 0.0390625 0.048828125
0 0.39609375 0.4794921875 0.0390625 0.048828125
0 0.47265625 0.4208984375 0.0390625 0.048828125
0 0.41640625 0.3271484375 0.0390625 0.048828125
0 0.33359375 0.3369140625 0.0390625 0.048828125
0 0.52265625 0.4638671875 0.0390625 0.048828125
0 0.50703125 0.3662109375 0.0390625 0.048828125
0 0.35546875 0.4833984375 0.0390625 0.048828125
0 0.62109375 0.5537109375 0.0390625 0.048828125
0 0.48046875 0.4697265625 0.0390625 0.048828125
0 0.42421875 0.3759765625 0.0390625 0.048828125
0 0.41171875 0.5771484375 0.0390625 0.048828125
0 0.52421875 0.2177734375 0.0390625 0.048828125
0 0.49140625 0.2705078125 0.0390625 0.048828125
0 0.66328125 0.5478515625 0.0390625 0.048828125
0 0.49609375 0.5673828125 0.0390625 0.048828125
0 0.36015625 0.2353515625 0.0390625 0.048828125
0 0.55546875 0.4111328125 0.0390625 0.048828125
0 0.53984375 0.3134765625 0.0390625 0.048828125
0 0.48359375 0.2216796875 0.0390625 0.048828125
0 0.59765625 0.4052734375 0.0390625 0.048828125
0 0.47578125 0.1748046875 0.0390625 0.048828125
0 0.41953125 0.6279296875 0.0390625 0.048828125
0 0.36953125 0.5810546875 0.0390625 0.048828125
0 0.64765625 0.4501953125 0.0390625 0.048828125
0 0.54453125 0.6123046875 0.0390625 0.048828125
0 0.40859375 0.2802734375 0.0390625 0.048828125
0 0.67109375 0.5986328125 0.0390625 0.048828125
0 0.46953125 0.6728515625 0.0390625 0.048828125
0 0.65546875 0.4990234375 0.0390625 0.048828125
0 0.53203125 0.2666015625 0.0390625 0.048828125
0 0.60546875 0.4541015625 0.0390625 0.048828125
0 0.59609375 0.6572265625 0.0390625 0.048828125
