0 0.56015625 0.7509765625 0.0390625 0.048828125
0 0.30234375 0.5576171875 0.0390625 0.048828125
0 0.48828125 0.6064453125 0.0390625 0.048828125
0 0.29765625 0.4833984375 0.0390625 0.048828125
0 0.63671875 0.5478515625 0.0390625 0.048828125
0 0.55390625 0.6748046875 0.0390625 0.048828125
0 0.60390625 0.5146484375 0.0390625 0.048828125
0 0.37578125 0.2841796875 0.0390625 0.048828125
0 0.53828125 0.4482421875 0.0390625 0.048828125
0 0.45078125 0.4990234375 0.0390625 0.048828125
0 0.34765625 0.3251953125 0.0390625 0.048828125
0 0.43359375 0.6923828125 0.0390625 0.048828125
0 0.26171875 0.3759765625 0.0390625 0.048828125
0 0.40078125 0.6572265625 0.0390625 0.048828125
0 0.63046875 0.4716796875 0.0390625 0.048828125
0 0.52734375 0.2978515625 0.0390625 0.048828125
0 0.46328125 0.2333984375 0.0390625 0.048828125
0 0.26484375 0.4501953125 0.0390625 0.048828125
0 0.33046875 0.5166015625 0.0390625 0.048828125
0 0.37109375 0.2080078125 0.0390625 0.048828125
0 0.39453125 0.5830078125 0.0390625 0.048828125
0 0.58828125 0.7080078125 0.0390625 0.048828125
0 0.48203125 0.5322265625 0.0390625 0.048828125
0 0.52109375 0.6396484375 0.0390625 0.048828125
0 0.44453125 0.4228515625 0.0390625 0.048828125
0 0.29296875 0.4091796875 0.0390625 0.048828125
0 0.51484375 0.5654296875 0.0390625 0.048828125
0 0.59765625 0.4384765625 0.0390625 0.048828125
0 0.43046875 0.2001953125 0.0390625 0.048828125
0 0.50078125 0.3388671875 0.0390625 0.048828125
0 0.36796875 0.6240234375 0.0390625 0.048828125
0 0.41796875 0.4658203125 0.0390625 0.048828125
0 0.69765625 0.5380859375 0.0390625 0.048828125
0 0.31640625 0.2919921875 0.0390625 0.048828125
0 0.60859375 0.5888671875 0.0390625 0.048828125
0 0.38515625 0.4326171875 0.0390625 0.048828125
0 0.49921875 0.7587890625 0.0390625 0.048828125
0 0.38046875 0.3583984375 0.0390625 0.048828125
0 0.56484375 0.4052734375 0.0390625 0.048828125
0 0.59296875 0.3642578125 0.0390625 0.048828125
0 0.42265625 0.5400390625 0.0390625 0.048828125
0 0.47265625 0.3818359375 0.0390625 0.048828125
0 0.57109375 0.4814453125 0.0390625 0.048828125
0 0.35703125 0.4736328125 0.0390625 0.048828125
0 0.51015625 0.4892578125 0.0390625 0.048828125
0 0.34296875 0.2509765625 0.0390625 0.048828125
0 0.39921875 0.1669921875 0.0390625 0.048828125
0 0.47734375 0.4560546875 0.0390625 0.048828125
0 0.40703125 0.3154296875 0.0390625 0.048828125
0 0.65859375 0.4287109375 0.0390625 0.048828125
0 0.33515625 0.5908203125 0.0390625 0.048828125
0 0.23828125 0.4931640625 0.0390625 0.048828125
0 0.32578125 0.4423828125 0.0390625 0.048828125
0 0.57578125 0.5556640625 0.0390625 0.048828125
0 0.23359375 0.4169921875 0.0390625 0.048828125
0 0.45546875 0.5732421875 0.0390625 0.048828125
0 0.52734375 0.7158203125 0.0390625 0.048828125
0 0.72578125 0.4970703125 0.0390625 0.048828125
0 0.35234375 0.3994140625 0.0390625 0.048828125
0 0.66484375 0.5048828125 0.0390625 0.048828125
0 0.54765625 0.5986328125 0.0390625 0.048828125
0 0.64296875 0.6220703125 0.0390625 0.048828125
0 0.41171875 0.3916015625 0.0390625 0.048828125
0 0.42734375 0.6162109375 0.0390625 0.048828125
0 0.49453125 0.2646484375 0.0390625 0.048828125
0 0.53203125 0.3720703125 0.0390625 0.048828125
0 0.61484375 0.6650390625 0.0390625 0.048828125
0 0.66953125 0.5810546875 0.0390625 0.048828125
0 0.46796875 0.3076171875 0.0390625 0.048828125
0 0.43984375 0.3486328125 0.0390625 0.048828125
0 0.36328125 0.5498046875 0.0390625 0.048828125
0 0.49296875 0.6826171875 0.0390625 0.048828125
0 0.43515625 0.2744140625 0.0390625 0.048828125
0 0.40234375 0.2412109375 0.0390625 0.048828125
0 0.38984375 0.5068359375 0.0390625 0.048828125
0 0.46015625 0.6494140625 0.0390625 0.048828125
0 0.54296875 0.5224609375 0.0390625 0.048828125
0 0.69296875 0.4619140625 0.0390625 0.048828125
0 0.58203125 0.6318359375 0.0390625 0.048828125
0 0.56015625 0.3310546875 0.0390625 0.048828125
0 0.46640625 0.7255859375 0.0390625 0.048828125
0 0.32109375 0.3662109375 0.0390625 0.048828125
0 0.62578125 0.3974609375 0.0390625 0.048828125
0 0.53203125 0.7919921875 0.0390625 0.048828125
0 0.27109375 0.5263671875 0.0390625 0.048828125
0 0.28828125 0.3349609375 0.0390625 0.048828125
0 0.50546875 0.4150390625 0.0390625 0.048828125
0 0.20546875 0.4599609375 0.0390625 0.048828125
