0 0.36328125 0.6064453125 0.0390625 0.048828125
0 0.41171875 0.3095703125 0.0390625 0.048828125
0 0.37421875 0.5322265625 0.0390625 0.048828125
0 0.42265625 0.8134765625 0.0390625 0.048828125
0 0.44609375 0.6630859375 0.0390625 0.048828125
0 0.49453125 0.3662109375 0.0390625 0.048828125
0 0.50546875 0.6767578125 0.0390625 0.048828125
0 0.62578125 0.5107421875 0.0390625 0.048828125
0 0.42421875 0.2353515625 0.0390625 0.048828125
0 0.51796875 0.7958984375 0.0390625 0.048828125
0 0.43359375 0.7392578125 0.0390625 0.048828125
0 0.66328125 0.6728515625 0.0390625 0.048828125
0 0.42265625 0.4267578125 0.0390625 0.048828125
0 0.29140625 0.4736328125 0.0390625 0.048828125
0 0.56484375 0.4970703125 0.0390625 0.048828125
0 0.62734375 0.7041015625 0.0390625 0.048828125
0 0.35234375 0.2958984375 0.0390625 0.048828125
0 0.52890625 0.5283203125 0.0390625 0.048828125
0 0.42265625 0.6181640625 0.0390625 0.048828125
0 0.33984375 0.5615234375 0.0390625 0.048828125
0 0.47109375 0.3232421875 0.0390625 0.048828125
0 0.37578125 0.3388671875 0.0390625 0.048828125
0 0.44609375 0.4697265625 0.0390625 0.048828125
0 0.56640625 0.6904296875 0.0390625 0.048828125
0 0.48203125 0.4404296875 0.0390625 0.048828125
0 0.39921875 0.7705078125 0.0390625 0.048828125
0 0.23203125 0.4619140625 0.0390625 0.048828125
0 0.32734375 0.6357421875 0.0390625 0.048828125
0 0.38671875 0.4580078125 0.0390625 0.048828125
0 0.43359375 0.5439453125 0.0390625 0.048828125
0 0.30390625 0.5927734375 0.0390625 0.048828125
0 0.33984375 0.3701171875 0.0390625 0.048828125
0 0.46953125 0.7080078125 0.0390625 0.048828125
0 0.44765625 0.2783203125 0.0390625 0.048828125
0 0.41015625 0.5009765625 0.0390625 0.048828125
0 0.45859375 0.3955078125 0.0390625 0.048828125
0 0.27890625 0.5478515625 0.0390625 0.048828125
0 0.39921875 0.5751953125 0.0390625 0.048828125
0 0.55390625 0.3798828125 0.0390625 0.048828125
0 0.51796875 0.4091796875 0.0390625 0.048828125
0 0.37421875 0.7255859375 0.0390625 0.048828125
0 0.61484375 0.5849609375 0.0390625 0.048828125
0 0.49453125 0.7509765625 0.0390625 0.048828125
0 0.63828125 0.6279296875 0.0390625 0.048828125
0 0.32734375 0.4443359375 0.0390625 0.048828125
0 0.48359375 0.2490234375 0.0390625 0.048828125
0 0.41015625 0.6943359375 0.0390625 0.048828125
0 0.54140625 0.6455078125 0.0390625 0.048828125
0 0.69921875 0.6416015625 0.0390625 0.048828125
0 0.58984375 0.5400390625 0.0390625 0.048828125
0 0.20859375 0.4169921875 0.0390625 0.048828125
0 0.51796875 0.6025390625 0.0390625 0.048828125
0 0.48203125 0.6318359375 0.0390625 0.048828125
0 0.35078125 0.4873046875 0.0390625 0.048828125
0 0.57734375 0.6142578125 0.0390625 0.048828125
0 0.38828125 0.2666015625 0.0390625 0.048828125
0 0.43515625 0.3525390625 0.0390625 0.048828125
0 0.60234375 0.4658203125 0.0390625 0.048828125
0 0.55390625 0.5712890625 0.0390625 0.048828125
0 0.54140625 0.4541015625 0.0390625 0.048828125
0 0.55546875 0.7646484375 0.0390625 0.048828125
0 0.31484375 0.5185546875 0.0390625 0.048828125
0 0.24453125 0.3876953125 0.0390625 0.048828125
0 0.50546875 0.4833984375 0.0390625 0.048828125
0 0.38671875 0.6494140625 0.0390625 0.048828125
0 0.45859375 0.5888671875 0.0390625 0.048828125
0 0.46015625 0.2060546875 0.0390625 0.048828125
0 0.60234375 0.6591796875 0.0390625 0.048828125
0 0.59140625 0.7353515625 0.0390625 0.048828125
0 0.30390625 0.3994140625 0.0390625 0.048828125
0 0.26796875 0.4306640625 0.0390625 0.048828125
0 0.64921875 0.5537109375 0.0390625 0.048828125
0 0.67421875 0.5986328125 0.0390625 0.048828125
0 0.48203125 0.8271484375 0.0390625 0.048828125
0 0.53046875 0.3369140625 0.0390625 0.048828125
0 0.45859375 0.7822265625 0.0390625 0.048828125
0 0.46953125 0.5146484375 0.0390625 0.048828125
0 0.50703125 0.2919921875 0.0390625 0.048828125
0 0.35078125 0.6806640625 0.0390625 0.048828125
0 0.31640625 0.3251953125 0.0390625 0.048828125
0 0.44609375 0.8583984375 0.0390625 0.048828125
0 0.39921875 0.3837890625 0.0390625 0.048828125
0 0.36328125 0.4130859375 0.0390625 0.048828125
0 0.53046875 0.7216796875 0.0390625 0.048828125
0 0.25546875 0.5048828125 0.0390625 0.048828125
0 0.49453125 0.5576171875 0.0390625 0.048828125
0 0.57734375 0.4228515625 0.0390625 0.048828125
0 0.28046875 0.3564453125 0.0390625 0.048828125
