0 0.63515625 0.556640625 0.0390625 0.046875
0 0.2125 0.4951171875 0.0375 0.048828125
0 0.36796875 0.326171875 0.0390625 0.046875
0 0.33671875 0.541015625 0.0390625 0.046875
0 0.27578125 0.306640625 0.0390625 0.046875
0 0.4859375 0.548828125 0.0375 0.046875
0 0.45390625 0.521484375 0.0390625 0.046875
0 0.5125 0.7548828125 0.0375 0.048828125
0 0.28984375 0.623046875 0.0390625 0.046875
0 0.1796875 0.466796875 0.0375 0.046875
0 0.32890625 0.474609375 0.0390625 0.046875
0 0.41484375 0.666015625 0.0390625 0.046875
0 0.44765625 0.697265625 0.0390625 0.046875
0 0.61015625 0.595703125 0.0390625 0.046875
0 0.47109375 0.65625 0.0390625 0.046875
0 0.26171875 0.416015625 0.0390625 0.046875
0 0.34296875 0.365234375 0.0390625 0.046875
0 0.49609375 0.6171875 0.0390625 0.046875
0 0.37734375 0.39453125 0.0390625 0.046875
0 0.4921875 0.3720703125 0.0375 0.048828125
0 0.32265625 0.6513671875 0.0390625 0.048828125
0 0.53671875 0.712890625 0.0390625 0.046875
0 0.29453125 0.4453125 0.0390625 0.046875
0 0.46796875 0.412109375 0.0390625 0.046875
0 0.3140625 0.5810546875 0.040625 0.048828125
0 0.3328125 0.296875 0.0375 0.046875
0 0.42890625 0.560546875 0.0390625 0.046875
0 0.38984375 0.708984375 0.0390625 0.046875
0 0.1890625 0.53515625 0.040625 0.046875
0 0.52890625 0.646484375 0.0390625 0.046875
0 0.57734375 0.568359375 0.0390625 0.046875
0 0.25078125 0.345703125 0.0390625 0.046875
0 0.2796875 0.552734375 0.0375 0.046875
0 0.5203125 0.578125 0.040625 0.046875
0 0.22734375 0.384765625 0.0390625 0.046875
0 0.53515625 0.46875 0.0390625 0.046875
0 0.51015625 0.509765625 0.0390625 0.046875
0 0.41796875 0.4921875 0.0390625 0.046875
0 0.35390625 0.435546875 0.0390625 0.046875
0 0.34765625 0.609375 0.0390625 0.046875
0 0.5859375 0.634765625 0.0375 0.046875
0 0.30859375 0.3359375 0.0390625 0.046875
0 0.38125 0.640625 0.040625 0.046875
0 0.43515625 0.3828125 0.0390625 0.046875
0 0.46171875 0.587890625 0.0390625 0.046875
0 0.40390625 0.599609375 0.0390625 0.046875
0 0.45546875 0.765625 0.0390625 0.046875
0 0.56171875 0.673828125 0.0390625 0.046875
0 0.37109375 0.5703125 0.0390625 0.046875
0 0.4375 0.626953125 0.040625 0.046875
0 0.30078125 0.267578125 0.0390625 0.046875
0 0.32421875 0.224609375 0.0390625 0.046875
0 0.2703125 0.484375 0.040625 0.046875
0 0.50234375 0.4404296875 0.0390625 0.048828125
0 0.659375 0.515625 0.0375 0.046875
0 0.55390625 0.607421875 0.0390625 0.046875
0 0.30390625 0.513671875 0.0390625 0.046875
0 0.3859375 0.462890625 0.0375 0.046875
0 0.48046875 0.7265625 0.0390625 0.046875
0 0.35703125 0.25390625 0.0390625 0.046875
0 0.52734375 0.400390625 0.0390625 0.046875
0 0.25625 0.59375 0.040625 0.046875
0 0.5921875 0.4580078125 0.0375 0.048828125
0 0.48828125 0.794921875 0.0390625 0.046875
0 0.3953125 0.53125 0.040625 0.046875
0 0.36171875 0.501953125 0.0390625 0.046875
0 0.41015625 0.421875 0.0390625 0.046875
0 0.44296875 0.451171875 0.0390625 0.046875
0 0.47734375 0.482421875 0.0390625 0.046875
0 0.6015625 0.529296875 0.040625 0.046875
0 0.559375 0.4296875 0.0375 0.046875
0 0.24765625 0.5234375 0.0390625 0.046875
0 0.31796875 0.404296875 0.0390625 0.046875
0 0.3921875 0.28515625 0.0375 0.046875
0 0.40078125 0.35546875 0.0390625 0.046875
0 0.56796875 0.4990234375 0.0390625 0.048828125
0 0.28359375 0.375 0.0390625 0.046875
0 0.22265625 0.56640625 0.0390625 0.046875
0 0.42421875 0.314453125 0.0390625 0.046875
0 0.459375 0.34375 0.0375 0.046875
0 0.35703125 0.6796875 0.0390625 0.046875
0 0.203125 0.427734375 0.040625 0.046875
0 0.50390625 0.68359375 0.0390625 0.046875
0 0.54296875 0.5390625 0.0390625 0.046875
0 0.23671875 0.455078125 0.0390625 0.046875
0 0.15546875 0.5078125 0.0390625 0.05078125
0 0.62421875 0.486328125 0.0390625 0.046875
0 0.42265625 0.7373046875 0.0390625 0.048828125
