0 0.38671875 0.5302734375 0.0390625 0.048828125
0 0.4453125 0.5224609375 0.040625 0.048828125
0 0.4546875 0.5908203125 0.040625 0.048828125
0 0.50390625 0.51171875 0.0390625 0.046875
0 0.63125 0.8154296875 0.0375 0.044921875
0 0.39375 0.3505859375 0.040625 0.048828125
0 0.6734375 0.662109375 0.0375 0.046875
0 0.2953125 0.5126953125 0.040625 0.048828125
0 0.65703125 0.7724609375 0.0390625 0.048828125
0 0.6390625 0.6298828125 0.0375 0.048828125
0 0.4625 0.662109375 0.040625 0.046875
0 0.52109375 0.4013671875 0.0390625 0.048828125
0 0.52109375 0.6513671875 0.0390625 0.048828125
0 0.328125 0.5419921875 0.040625 0.048828125
0 0.78203125 0.5703125 0.0390625 0.046875
0 0.60703125 0.8564453125 0.0390625 0.048828125
0 0.51328125 0.580078125 0.0390625 0.046875
0 0.51171875 0.33203125 0.0390625 0.046875
0 0.37890625 0.4619140625 0.0390625 0.048828125
0 0.43046875 0.630859375 0.0390625 0.046875
0 0.55625 0.681640625 0.0375 0.046875
0 0.6234375 0.7421875 0.040625 0.046875
0 0.52890625 0.4716796875 0.0390625 0.048828125
0 0.37109375 0.6416015625 0.0390625 0.048828125
0 0.58046875 0.640625 0.0390625 0.046875
0 0.35390625 0.501953125 0.0390625 0.046875
0 0.7234375 0.5791015625 0.040625 0.048828125
0 0.54765625 0.6103515625 0.0390625 0.044921875
0 0.571875 0.5703125 0.040625 0.046875
0 0.36171875 0.5712890625 0.0390625 0.044921875
0 0.3953125 0.6015625 0.0375 0.046875
0 0.60390625 0.6005859375 0.0390625 0.048828125
0 0.4890625 0.6201171875 0.040625 0.048828125
0 0.49609375 0.6923828125 0.0390625 0.048828125
0 0.61484375 0.6708984375 0.0390625 0.048828125
0 0.453125 0.341796875 0.040625 0.046875
0 0.428125 0.3818359375 0.040625 0.048828125
0 0.4375 0.451171875 0.040625 0.046875
0 0.5640625 0.5009765625 0.0375 0.048828125
0 0.303125 0.5810546875 0.040625 0.048828125
0 0.4203125 0.3115234375 0.040625 0.048828125
0 0.5796875 0.3896484375 0.040625 0.048828125
0 0.48671875 0.3720703125 0.0390625 0.048828125
0 0.4609375 0.4111328125 0.0375 0.048828125
0 0.5984375 0.7841796875 0.040625 0.048828125
0 0.36953125 0.392578125 0.0390625 0.046875
0 0.5890625 0.7119140625 0.040625 0.044921875
0 0.53828125 0.5400390625 0.0390625 0.048828125
0 0.4796875 0.5517578125 0.0375 0.048828125
0 0.4703125 0.732421875 0.0375 0.046875
0 0.49609375 0.4404296875 0.0390625 0.048828125
0 0.4453125 0.271484375 0.040625 0.046875
0 0.46953125 0.4814453125 0.0390625 0.044921875
0 0.66484375 0.5908203125 0.0390625 0.048828125
0 0.53828125 0.7939453125 0.0390625 0.048828125
0 0.571875 0.8251953125 0.040625 0.048828125
0 0.56484375 0.7548828125 0.0390625 0.048828125
0 0.4203125 0.5615234375 0.040625 0.048828125
0 0.7140625 0.5107421875 0.040625 0.048828125
0 0.68984375 0.5498046875 0.0390625 0.048828125
0 0.40390625 0.6728515625 0.0390625 0.044921875
0 0.41328125 0.4912109375 0.0390625 0.048828125
0 0.68203125 0.7333984375 0.0390625 0.048828125
0 0.621875 0.490234375 0.0375 0.046875
0 0.4046875 0.421875 0.0375 0.046875
0 0.53046875 0.7216796875 0.0390625 0.048828125
0 0.646875 0.4501953125 0.0375 0.048828125
0 0.7484375 0.5400390625 0.040625 0.048828125
0 0.31875 0.47265625 0.0375 0.046875
0 0.34375 0.431640625 0.0375 0.046875
0 0.68046875 0.4794921875 0.0390625 0.048828125
0 0.6484375 0.7021484375 0.0375 0.048828125
0 0.50546875 0.763671875 0.0390625 0.046875
0 0.75625 0.609375 0.0375 0.046875
0 0.553125 0.4306640625 0.040625 0.044921875
0 0.596875 0.5302734375 0.040625 0.048828125
0 0.63046875 0.5615234375 0.0390625 0.048828125
0 0.65546875 0.5205078125 0.0390625 0.044921875
0 0.5875 0.4609375 0.040625 0.046875
0 0.54453125 0.3603515625 0.0390625 0.048828125
0 0.6984375 0.619140625 0.0375 0.046875
0 0.43671875 0.703125 0.0390625 0.046875
0 0.70859375 0.6923828125 0.0390625 0.048828125
0 0.73203125 0.65234375 0.0390625 0.046875
0 0.47734375 0.3017578125 0.0390625 0.044921875
0 0.3359375 0.6123046875 0.0375 0.048828125
0 0.26875 0.5517578125 0.040625 0.048828125
0 0.61171875 0.4208984375 0.0390625 0.048828125
