0 0.47578125 0.4638671875 0.0390625 0.048828125
0 0.51171875 0.4169921875 0.0390625 0.048828125
0 0.54765625 0.3720703125 0.0390625 0.048828125
0 0.33046875 0.5986328125 0.0390625 0.048828125
0 0.26328125 0.4130859375 0.0390625 0.048828125
0 0.48828125 0.5556640625 0.0390625 0.048828125
0 0.52265625 0.5107421875 0.0390625 0.048828125
0 0.27578125 0.5068359375 0.0390625 0.048828125
0 0.34296875 0.6884765625 0.0390625 0.048828125
0 0.42890625 0.4169921875 0.0390625 0.048828125
0 0.25546875 0.6416015625 0.0390625 0.048828125
0 0.33671875 0.6435546875 0.0390625 0.048828125
0 0.37734375 0.6455078125 0.0390625 0.048828125
0 0.30390625 0.4150390625 0.0390625 0.048828125
0 0.17421875 0.3642578125 0.0390625 0.048828125
0 0.31015625 0.4599609375 0.0390625 0.048828125
0 0.49921875 0.6474609375 0.0390625 0.048828125
0 0.30234375 0.6884765625 0.0390625 0.048828125
0 0.28984375 0.5986328125 0.0390625 0.048828125
0 0.50546875 0.6923828125 0.0390625 0.048828125
0 0.31640625 0.5068359375 0.0390625 0.048828125
0 0.45234375 0.6005859375 0.0390625 0.048828125
0 0.24140625 0.5517578125 0.0390625 0.048828125
0 0.43984375 0.5087890625 0.0390625 0.048828125
0 0.53515625 0.6025390625 0.0390625 0.048828125
0 0.33828125 0.3681640625 0.0390625 0.048828125
0 0.54765625 0.6943359375 0.0390625 0.048828125
0 0.46484375 0.6923828125 0.0390625 0.048828125
0 0.46328125 0.3701171875 0.0390625 0.048828125
0 0.55390625 0.4189453125 0.0390625 0.048828125
0 0.32265625 0.5517578125 0.0390625 0.048828125
0 0.51796875 0.4638671875 0.0390625 0.048828125
0 0.52890625 0.5576171875 0.0390625 0.048828125
0 0.57734375 0.6044921875 0.0390625 0.048828125
0 0.50546875 0.3701171875 0.0390625 0.048828125
0 0.38359375 0.6904296875 0.0390625 0.048828125
0 0.55859375 0.4658203125 0.0390625 0.048828125
0 0.58984375 0.3720703125 0.0390625 0.048828125
0 0.41796875 0.6455078125 0.0390625 0.048828125
0 0.57109375 0.5576171875 0.0390625 0.048828125
0 0.35234375 0.4619140625 0.0390625 0.048828125
0 0.29765625 0.3681640625 0.0390625 0.048828125
0 0.54140625 0.6474609375 0.0390625 0.048828125
0 0.38671875 0.4150390625 0.0390625 0.048828125
0 0.36484375 0.5537109375 0.0390625 0.048828125
0 0.60703125 0.5126953125 0.0390625 0.048828125
0 0.34453125 0.4150390625 0.0390625 0.048828125
0 0.59609375 0.4189453125 0.0390625 0.048828125
0 0.42421875 0.6904296875 0.0390625 0.048828125
0 0.22890625 0.4599609375 0.0390625 0.048828125
0 0.22265625 0.4130859375 0.0390625 0.048828125
0 0.56484375 0.5107421875 0.0390625 0.048828125
0 0.37109375 0.5986328125 0.0390625 0.048828125
0 0.60078125 0.4658203125 0.0390625 0.048828125
0 0.62421875 0.6513671875 0.0390625 0.048828125
0 0.26171875 0.6865234375 0.0390625 0.048828125
0 0.39921875 0.5087890625 0.0390625 0.048828125
0 0.42265625 0.3701171875 0.0390625 0.048828125
0 0.21484375 0.6416015625 0.0390625 0.048828125
0 0.24765625 0.5966796875 0.0390625 0.048828125
0 0.35859375 0.5068359375 0.0390625 0.048828125
0 0.18046875 0.4111328125 0.0390625 0.048828125
0 0.25546875 0.3662109375 0.0390625 0.048828125
0 0.58828125 0.6943359375 0.0390625 0.048828125
0 0.43515625 0.4638671875 0.0390625 0.048828125
0 0.26953125 0.4599609375 0.0390625 0.048828125
0 0.28203125 0.5517578125 0.0390625 0.048828125
0 0.45859375 0.6474609375 0.0390625 0.048828125
0 0.44609375 0.5556640625 0.0390625 0.048828125
0 0.61328125 0.5595703125 0.0390625 0.048828125
0 0.29609375 0.6435546875 0.0390625 0.048828125
0 0.58203125 0.6494140625 0.0390625 0.048828125
0 0.49453125 0.6025390625 0.0390625 0.048828125
0 0.46953125 0.4169921875 0.0390625 0.048828125
0 0.41171875 0.6005859375 0.0390625 0.048828125
0 0.23515625 0.5048828125 0.0390625 0.048828125
0 0.21484375 0.3662109375 0.0390625 0.048828125
0 0.39296875 0.4619140625 0.0390625 0.048828125
0 0.61796875 0.6044921875 0.0390625 0.048828125
0 0.18671875 0.4580078125 0.0390625 0.048828125
0 0.40546875 0.5537109375 0.0390625 0.048828125
0 0.20078125 0.5498046875 0.0390625 0.048828125
0 0.48203125 0.5107421875 0.0390625 0.048828125
0 0.19453125 0.5048828125 0.0390625 0.048828125
0 0.20859375 0.5947265625 0.0390625 0.048828125
0 0.38046875 0.3681640625 0.0390625 0.048828125
0 0.63046875 0.6962890625 0.0390625 0.048828125
0 0.22109375 0.6865234375 0.0390625 0.048828125
