0 0.3421875 0.61328125 0.028125 0.02734375
0 0.36328125 0.6875 0.0296875 0.03125
0 0.5484375 0.671875 0.028125 0.03125
0 0.38203125 0.4814453125 0.0296875 0.029296875
0 0.39296875 0.65625 0.0296875 0.03125
0 0.471875 0.6640625 0.028125 0.03125
0 0.5 0.6328125 0.028125 0.03125
0 0.40234375 0.689453125 0.0328125 0.03125
0 0.33359375 0.5771484375 0.0296875 0.029296875
0 0.4796875 0.5615234375 0.028125 0.029296875
0 0.52109375 0.7041015625 0.0296875 0.029296875
0 0.31484375 0.505859375 0.0296875 0.02734375
0 0.37109375 0.5830078125 0.0296875 0.025390625
0 0.4515625 0.5927734375 0.028125 0.029296875
0 0.67734375 0.720703125 0.0296875 0.03125
0 0.35234375 0.5126953125 0.0296875 0.029296875
0 0.57734375 0.6396484375 0.0296875 0.029296875
0 0.56015625 0.708984375 0.0265625 0.02734375
0 0.703125 0.6884765625 0.028125 0.029296875
0 0.29609375 0.435546875 0.0296875 0.03125
0 0.59921875 0.712890625 0.0296875 0.03125
0 0.4796875 0.6982421875 0.03125 0.029296875
0 0.32265625 0.5380859375 0.0296875 0.029296875
0 0.44296875 0.6953125 0.0296875 0.03125
0 0.52890625 0.6005859375 0.0296875 0.029296875
0 0.42109375 0.6240234375 0.0328125 0.029296875
0 0.753125 0.7294921875 0.025 0.029296875
0 0.43046875 0.5224609375 0.0296875 0.029296875
0 0.6390625 0.716796875 0.028125 0.02734375
0 0.41171875 0.4521484375 0.0296875 0.029296875
0 0.3515625 0.6494140625 0.028125 0.033203125
0 0.509375 0.53125 0.028125 0.03125
0 0.6546875 0.6484375 0.028125 0.02734375
0 0.68125 0.6181640625 0.025 0.029296875
0 0.71484375 0.724609375 0.0296875 0.02734375
0 0.73046875 0.6572265625 0.0265625 0.029296875
0 0.60234375 0.4765625 0.0265625 0.03125
0 0.709375 0.5888671875 0.028125 0.025390625
0 0.5265625 0.466796875 0.028125 0.03125
0 0.48828125 0.4619140625 0.0265625 0.025390625
0 0.6046875 0.609375 0.028125 0.02734375
0 0.48984375 0.59765625 0.0296875 0.02734375
0 0.51015625 0.66796875 0.0296875 0.02734375
0 0.40234375 0.552734375 0.0265625 0.03125
0 0.39296875 0.5166015625 0.0296875 0.025390625
0 0.4609375 0.4931640625 0.028125 0.025390625
0 0.30546875 0.4716796875 0.0265625 0.025390625
0 0.38203125 0.6181640625 0.0296875 0.029296875
0 0.36328125 0.546875 0.0296875 0.03125
0 0.6265625 0.6806640625 0.025 0.029296875
0 0.55703125 0.5693359375 0.0265625 0.029296875
0 0.6125 0.5107421875 0.028125 0.025390625
0 0.42265625 0.486328125 0.0296875 0.02734375
0 0.46171875 0.626953125 0.0296875 0.03125
0 0.58515625 0.541015625 0.0265625 0.02734375
0 0.45078125 0.4580078125 0.0265625 0.029296875
0 0.4421875 0.556640625 0.028125 0.02734375
0 0.72109375 0.6220703125 0.0296875 0.025390625
0 0.6609375 0.548828125 0.028125 0.02734375
0 0.63515625 0.578125 0.0296875 0.02734375
0 0.33359375 0.44140625 0.0296875 0.03125
0 0.471875 0.5283203125 0.028125 0.029296875
0 0.37421875 0.447265625 0.0296875 0.02734375
0 0.74140625 0.693359375 0.0265625 0.02734375
0 0.51953125 0.564453125 0.0296875 0.02734375
0 0.65 0.5166015625 0.025 0.025390625
0 0.58828125 0.67578125 0.0296875 0.02734375
0 0.34453125 0.4765625 0.0296875 0.03125
0 0.43203125 0.658203125 0.0265625 0.03125
0 0.6875 0.5205078125 0.025 0.029296875
0 0.53984375 0.63671875 0.0296875 0.02734375
0 0.69296875 0.65234375 0.0265625 0.02734375
0 0.671875 0.5849609375 0.028125 0.029296875
0 0.63984375 0.482421875 0.0265625 0.02734375
0 0.665625 0.6845703125 0.028125 0.025390625
0 0.5359375 0.5 0.028125 0.03125
0 0.41171875 0.5869140625 0.0296875 0.029296875
0 0.67578125 0.486328125 0.0265625 0.02734375
0 0.56484375 0.4736328125 0.0296875 0.029296875
0 0.575 0.505859375 0.028125 0.02734375
0 0.49765625 0.49609375 0.0296875 0.0234375
0 0.54765625 0.5361328125 0.0265625 0.029296875
0 0.62265625 0.5439453125 0.0296875 0.025390625
0 0.696875 0.5537109375 0.028125 0.029296875
0 0.5953125 0.5751953125 0.025 0.025390625
0 0.64375 0.6142578125 0.025 0.025390625
0 0.56796875 0.60546875 0.0296875 0.02734375
0 0.61640625 0.6455078125 0.0296875 0.025390625
