0 0.1984375 0.5439453125 0.053125 0.052734375
0 0.5046875 0.404296875 0.053125 0.05078125
0 0.59375 0.6201171875 0.053125 0.052734375
0 0.2859375 0.7587890625 0.05 0.052734375
0 0.37421875 0.52734375 0.0515625 0.0546875
0 0.715625 0.626953125 0.053125 0.0546875
0 0.4328125 0.822265625 0.053125 0.0546875
0 0.62734375 0.408203125 0.0515625 0.0546875
0 0.3828125 0.8447265625 0.053125 0.056640625
0 0.56328125 0.697265625 0.0515625 0.0546875
0 0.4609375 0.7431640625 0.053125 0.056640625
0 0.346875 0.603515625 0.053125 0.0546875
0 0.5859375 0.7490234375 0.053125 0.056640625
0 0.365625 0.658203125 0.053125 0.0546875
0 0.65 0.4638671875 0.053125 0.056640625
0 0.1265625 0.513671875 0.053125 0.0546875
0 0.41875 0.6357421875 0.053125 0.056640625
0 0.3015625 0.4970703125 0.053125 0.052734375
0 0.4046875 0.4501953125 0.053125 0.052734375
0 0.2796875 0.443359375 0.053125 0.0546875
0 0.3875 0.7119140625 0.053125 0.052734375
0 0.29375 0.6298828125 0.053125 0.056640625
0 0.54375 0.6435546875 0.053125 0.052734375
0 0.2375 0.7822265625 0.053125 0.052734375
0 0.49921875 0.533203125 0.0515625 0.0546875
0 0.6890625 0.703125 0.05 0.0546875
0 0.32421875 0.55078125 0.0515625 0.0546875
0 0.5828125 0.3046875 0.053125 0.0546875
0 0.671875 0.51953125 0.053125 0.0546875
0 0.4546875 0.427734375 0.053125 0.05078125
0 0.146875 0.5673828125 0.05 0.052734375
0 0.4765625 0.4814453125 0.053125 0.056640625
0 0.51328125 0.7197265625 0.0515625 0.056640625
0 0.51875 0.5888671875 0.053125 0.056640625
0 0.24375 0.65234375 0.053125 0.0546875
0 0.7390625 0.681640625 0.053125 0.0546875
0 0.6 0.4873046875 0.053125 0.056640625
0 0.4328125 0.3740234375 0.053125 0.056640625
0 0.21015625 0.8623046875 0.0515625 0.056640625
0 0.1703125 0.62109375 0.05 0.0546875
0 0.63828125 0.7255859375 0.0515625 0.056640625
0 0.42421875 0.5048828125 0.0515625 0.056640625
0 0.64375 0.5966796875 0.053125 0.052734375
0 0.3375 0.7353515625 0.053125 0.052734375
0 0.55 0.5107421875 0.053125 0.056640625
0 0.165625 0.7529296875 0.053125 0.052734375
0 0.5359375 0.775390625 0.053125 0.0546875
0 0.621875 0.54296875 0.053125 0.0546875
0 0.5265625 0.4560546875 0.053125 0.052734375
0 0.33125 0.8681640625 0.05 0.056640625
0 0.4109375 0.7666015625 0.053125 0.056640625
0 0.31015625 0.8125 0.0515625 0.0546875
0 0.2296875 0.466796875 0.053125 0.0546875
0 0.2140625 0.7294921875 0.05 0.052734375
0 0.1921875 0.67578125 0.05 0.0546875
0 0.446875 0.556640625 0.053125 0.0546875
0 0.3296875 0.419921875 0.053125 0.0546875
0 0.396875 0.580078125 0.053125 0.0546875
0 0.490625 0.666015625 0.053125 0.05078125
0 0.615625 0.673828125 0.053125 0.0546875
0 0.259375 0.8388671875 0.05 0.056640625
0 0.221875 0.59765625 0.053125 0.0546875
0 0.5328125 0.3271484375 0.053125 0.056640625
0 0.69375 0.5732421875 0.053125 0.052734375
0 0.271875 0.57421875 0.053125 0.0546875
0 0.28125 0.89453125 0.05 0.0546875
0 0.5765625 0.43359375 0.053125 0.05078125
0 0.665625 0.650390625 0.053125 0.0546875
0 0.5546875 0.3818359375 0.053125 0.052734375
0 0.12109375 0.64453125 0.0515625 0.0546875
0 0.075 0.5380859375 0.05 0.052734375
0 0.46875 0.6123046875 0.053125 0.056640625
0 0.096875 0.591796875 0.05 0.0546875
0 0.3828125 0.396484375 0.053125 0.0546875
0 0.265625 0.7060546875 0.053125 0.052734375
0 0.1765625 0.490234375 0.053125 0.0546875
0 0.2296875 0.91796875 0.053125 0.0546875
0 0.24921875 0.5205078125 0.0515625 0.052734375
0 0.3609375 0.7890625 0.053125 0.0546875
0 0.18515625 0.806640625 0.0515625 0.0546875
0 0.6046875 0.3583984375 0.053125 0.052734375
0 0.315625 0.681640625 0.053125 0.0546875
0 0.440625 0.689453125 0.053125 0.05078125
0 0.3515625 0.4736328125 0.053125 0.052734375
0 0.14375 0.69921875 0.053125 0.0546875
0 0.4859375 0.798828125 0.053125 0.0546875
0 0.4828125 0.3505859375 0.053125 0.056640625
0 0.571875 0.56640625 0.053125 0.0546875
