0 0.35390625 0.4599609375 0.0453125 0.060546875
0 0.53203125 0.5224609375 0.0453125 0.060546875
0 0.42890625 0.2861328125 0.0453125 0.060546875
0 0.534375 0.4306640625 0.046875 0.060546875
0 0.48984375 0.748046875 0.0453125 0.05859375
0 0.38515625 0.5986328125 0.0453125 0.060546875
0 0.6375 0.6708984375 0.046875 0.060546875
0 0.2078125 0.4453125 0.046875 0.05859375
0 0.4953125 0.5634765625 0.046875 0.060546875
0 0.60390625 0.529296875 0.0453125 0.05859375
0 0.45703125 0.6064453125 0.0453125 0.060546875
0 0.28359375 0.3603515625 0.0453125 0.060546875
0 0.640625 0.4853515625 0.046875 0.060546875
0 0.6796875 0.4453125 0.046875 0.05859375
0 0.35703125 0.279296875 0.0453125 0.05859375
0 0.42734375 0.3759765625 0.0453125 0.060546875
0 0.38828125 0.5078125 0.0453125 0.05859375
0 0.4640625 0.3349609375 0.046875 0.060546875
0 0.49921875 0.3828125 0.0453125 0.05859375
0 0.28203125 0.4521484375 0.0453125 0.060546875
0 0.5671875 0.5703125 0.046875 0.05859375
0 0.41953125 0.6474609375 0.0453125 0.060546875
0 0.63515625 0.7626953125 0.0453125 0.060546875
0 0.34765625 0.6396484375 0.0453125 0.060546875
0 0.28515625 0.2724609375 0.0453125 0.060546875
0 0.49140625 0.6572265625 0.0453125 0.060546875
0 0.67578125 0.5361328125 0.0453125 0.060546875
0 0.52109375 0.8916015625 0.0453125 0.060546875
0 0.39609375 0.23828125 0.0453125 0.05859375
0 0.31875 0.4091796875 0.046875 0.060546875
0 0.53046875 0.61328125 0.0453125 0.05859375
0 0.43125 0.1953125 0.046875 0.05859375
0 0.4546875 0.6982421875 0.046875 0.060546875
0 0.50078125 0.2919921875 0.0453125 0.060546875
0 0.3203125 0.3203125 0.046875 0.05859375
0 0.6390625 0.5771484375 0.046875 0.060546875
0 0.4859375 0.841796875 0.046875 0.05859375
0 0.5265625 0.70703125 0.046875 0.05859375
0 0.67421875 0.6279296875 0.0453125 0.060546875
0 0.671875 0.7216796875 0.046875 0.060546875
0 0.35546875 0.3681640625 0.0453125 0.060546875
0 0.70859375 0.6787109375 0.0453125 0.060546875
0 0.56171875 0.7548828125 0.0453125 0.060546875
0 0.465625 0.2431640625 0.046875 0.060546875
0 0.50234375 0.2021484375 0.0453125 0.060546875
0 0.60234375 0.6201171875 0.0453125 0.060546875
0 0.57421875 0.2978515625 0.0453125 0.060546875
0 0.565625 0.6640625 0.046875 0.05859375
0 0.6078125 0.4384765625 0.046875 0.060546875
0 0.35 0.5478515625 0.046875 0.060546875
0 0.525 0.7978515625 0.046875 0.060546875
0 0.39609375 0.1474609375 0.0453125 0.060546875
0 0.390625 0.4169921875 0.046875 0.060546875
0 0.278125 0.5439453125 0.046875 0.060546875
0 0.3609375 0.1904296875 0.046875 0.060546875
0 0.7125 0.5849609375 0.046875 0.060546875
0 0.41640625 0.7412109375 0.0453125 0.060546875
0 0.321875 0.2314453125 0.046875 0.060546875
0 0.38125 0.6904296875 0.046875 0.060546875
0 0.64296875 0.39453125 0.0453125 0.05859375
0 0.496875 0.4716796875 0.046875 0.060546875
0 0.71484375 0.4931640625 0.0453125 0.060546875
0 0.46015625 0.5146484375 0.0453125 0.060546875
0 0.596875 0.8076171875 0.046875 0.060546875
0 0.21171875 0.3564453125 0.0453125 0.060546875
0 0.24296875 0.4931640625 0.0453125 0.060546875
0 0.5359375 0.3388671875 0.046875 0.060546875
0 0.6078125 0.3466796875 0.046875 0.060546875
0 0.56015625 0.8486328125 0.0453125 0.060546875
0 0.57109375 0.3896484375 0.0453125 0.060546875
0 0.4234375 0.5556640625 0.046875 0.060546875
0 0.31484375 0.5009765625 0.0453125 0.060546875
0 0.246875 0.404296875 0.046875 0.05859375
0 0.784375 0.591796875 0.046875 0.05859375
0 0.56875 0.4794921875 0.046875 0.060546875
0 0.42578125 0.466796875 0.0453125 0.05859375
0 0.4625 0.4228515625 0.046875 0.060546875
0 0.31328125 0.591796875 0.0453125 0.05859375
0 0.2484375 0.3134765625 0.046875 0.060546875
0 0.74921875 0.5439453125 0.0453125 0.060546875
0 0.39375 0.3271484375 0.046875 0.060546875
0 0.6 0.7138671875 0.046875 0.060546875
0 0.17265625 0.3974609375 0.0453125 0.060546875
0 0.46796875 0.154296875 0.0453125 0.05859375
0 0.45078125 0.7919921875 0.0453125 0.060546875
0 0.74765625 0.6357421875 0.0453125 0.060546875
0 0.5375 0.2509765625 0.046875 0.060546875
0 0.4328125 0.1064453125 0.046875 0.060546875
