0 0.64453125 0.40625 0.0390625 0.03515625
0 0.52890625 0.28125 0.0359375 0.0390625
0 0.6390625 0.35546875 0.040625 0.0390625
0 0.4484375 0.41015625 0.034375 0.0390625
0 0.27734375 0.2255859375 0.0359375 0.037109375
0 0.22734375 0.2138671875 0.0359375 0.037109375
0 0.38515625 0.2978515625 0.0359375 0.037109375
0 0.54296875 0.3828125 0.0359375 0.03515625
0 0.36953125 0.53515625 0.0359375 0.03515625
0 0.24375 0.314453125 0.034375 0.03515625
0 0.1453125 0.2900390625 0.034375 0.033203125
0 0.49921875 0.421875 0.0359375 0.03125
0 0.55625 0.484375 0.0375 0.03515625
0 0.63203125 0.3046875 0.0328125 0.0390625
0 0.484375 0.3203125 0.034375 0.03515625
0 0.65078125 0.45703125 0.0359375 0.0390625
0 0.42890625 0.2607421875 0.0359375 0.037109375
0 0.56015625 0.533203125 0.0390625 0.0390625
0 0.5875 0.3427734375 0.0375 0.037109375
0 0.434375 0.3095703125 0.034375 0.037109375
0 0.47734375 0.26953125 0.0359375 0.0390625
0 0.62265625 0.6435546875 0.0328125 0.037109375
0 0.1765625 0.2021484375 0.034375 0.037109375
0 0.56796875 0.58203125 0.0359375 0.03515625
0 0.61171875 0.5458984375 0.0359375 0.033203125
0 0.4046875 0.4501953125 0.034375 0.037109375
0 0.58046875 0.29296875 0.0359375 0.0390625
0 0.3421875 0.3369140625 0.034375 0.033203125
0 0.57265625 0.6318359375 0.0359375 0.037109375
0 0.5921875 0.3955078125 0.034375 0.037109375
0 0.18671875 0.2529296875 0.0359375 0.033203125
0 0.4109375 0.498046875 0.034375 0.03515625
0 0.51171875 0.521484375 0.0359375 0.03515625
0 0.66171875 0.556640625 0.0453125 0.0390625
0 0.60546875 0.4951171875 0.0390625 0.037109375
0 0.4421875 0.3603515625 0.034375 0.033203125
0 0.28515625 0.275390625 0.0359375 0.03515625
0 0.66875 0.6064453125 0.034375 0.037109375
0 0.45390625 0.4599609375 0.0359375 0.033203125
0 0.65703125 0.5078125 0.0390625 0.03515625
0 0.51875 0.5712890625 0.0375 0.037109375
0 0.29921875 0.375 0.0328125 0.03125
0 0.20234375 0.353515625 0.0359375 0.03515625
0 0.49140625 0.37109375 0.0390625 0.0390625
0 0.37734375 0.583984375 0.0390625 0.0390625
0 0.16875 0.4404296875 0.040625 0.037109375
0 0.54921875 0.43359375 0.0390625 0.0390625
0 0.3203125 0.5244140625 0.034375 0.037109375
0 0.6 0.4453125 0.034375 0.03125
0 0.30703125 0.4267578125 0.0359375 0.037109375
0 0.328125 0.5732421875 0.034375 0.037109375
0 0.61796875 0.5947265625 0.0359375 0.037109375
0 0.53671875 0.33203125 0.0390625 0.0390625
0 0.29296875 0.3251953125 0.0359375 0.037109375
0 0.328125 0.236328125 0.034375 0.03515625
0 0.67421875 0.658203125 0.0359375 0.0390625
0 0.13671875 0.2412109375 0.0359375 0.037109375
0 0.31328125 0.474609375 0.0328125 0.03125
0 0.35546875 0.4375 0.0359375 0.03125
0 0.27109375 0.5126953125 0.0359375 0.037109375
0 0.36171875 0.486328125 0.0390625 0.0390625
0 0.41875 0.546875 0.034375 0.03515625
0 0.3765625 0.2490234375 0.034375 0.037109375
0 0.39140625 0.3486328125 0.0390625 0.037109375
0 0.46796875 0.55859375 0.0359375 0.03515625
0 0.15390625 0.3427734375 0.0359375 0.037109375
0 0.25 0.365234375 0.0375 0.03515625
0 0.39921875 0.400390625 0.0359375 0.03515625
0 0.50546875 0.4716796875 0.0390625 0.037109375
0 0.20859375 0.4033203125 0.0359375 0.037109375
0 0.1625 0.3916015625 0.0375 0.033203125
0 0.12734375 0.1923828125 0.0359375 0.037109375
0 0.47421875 0.6083984375 0.0359375 0.037109375
0 0.334375 0.287109375 0.0375 0.0390625
0 0.25703125 0.4140625 0.0359375 0.03515625
0 0.23203125 0.5478515625 0.0359375 0.037109375
0 0.1765625 0.48828125 0.03125 0.03125
0 0.42578125 0.5947265625 0.0328125 0.033203125
0 0.21640625 0.4521484375 0.0359375 0.033203125
0 0.2359375 0.2646484375 0.0375 0.037109375
0 0.46015625 0.5087890625 0.0390625 0.037109375
0 0.27890625 0.5625 0.0359375 0.0390625
0 0.1953125 0.3017578125 0.0375 0.037109375
0 0.22421875 0.5009765625 0.0359375 0.037109375
0 0.52421875 0.619140625 0.0296875 0.03125
0 0.265625 0.462890625 0.0375 0.03515625
0 0.3484375 0.38671875 0.040625 0.0390625
0 0.18125 0.5390625 0.034375 0.0390625
