0 0.31328125 0.6337890625 0.0390625 0.048828125
0 0.40078125 0.6865234375 0.0390625 0.048828125
0 0.31328125 0.5244140625 0.0390625 0.048828125
0 0.40234375 0.7958984375 0.0390625 0.048828125
0 0.48828125 0.6826171875 0.0390625 0.048828125
0 0.35703125 0.5224609375 0.0390625 0.048828125
0 0.39921875 0.4658203125 0.0390625 0.048828125
0 0.26796875 0.4150390625 0.0390625 0.048828125
0 0.31328125 0.4697265625 0.0390625 0.048828125
0 0.40078125 0.5771484375 0.0390625 0.048828125
0 0.48828125 0.7919921875 0.0390625 0.048828125
0 0.31328125 0.5791015625 0.0390625 0.048828125
0 0.26953125 0.5263671875 0.0390625 0.048828125
0 0.48671875 0.5732421875 0.0390625 0.048828125
0 0.31484375 0.6904296875 0.0390625 0.048828125
0 0.35859375 0.7431640625 0.0390625 0.048828125
0 0.35546875 0.4130859375 0.0390625 0.048828125
0 0.31484375 0.7451171875 0.0390625 0.048828125
0 0.31171875 0.4150390625 0.0390625 0.048828125
0 0.39921875 0.3564453125 0.0390625 0.048828125
0 0.48671875 0.4638671875 0.0390625 0.048828125
0 0.35703125 0.6337890625 0.0390625 0.048828125
0 0.26953125 0.6357421875 0.0390625 0.048828125
0 0.26796875 0.3603515625 0.0390625 0.048828125
0 0.31171875 0.3583984375 0.0390625 0.048828125
0 0.44296875 0.4658203125 0.0390625 0.048828125
0 0.40234375 0.8505859375 0.0390625 0.048828125
0 0.52890625 0.3525390625 0.0390625 0.048828125
0 0.53203125 0.6806640625 0.0390625 0.048828125
0 0.53046875 0.4619140625 0.0390625 0.048828125
0 0.44453125 0.5751953125 0.0390625 0.048828125
0 0.44296875 0.3544921875 0.0390625 0.048828125
0 0.44453125 0.6845703125 0.0390625 0.048828125
0 0.40234375 0.7412109375 0.0390625 0.048828125
0 0.35546875 0.3583984375 0.0390625 0.048828125
0 0.48515625 0.3525390625 0.0390625 0.048828125
0 0.53046875 0.5712890625 0.0390625 0.048828125
0 0.44453125 0.6298828125 0.0390625 0.048828125
0 0.53203125 0.7900390625 0.0390625 0.048828125
0 0.57578125 0.8447265625 0.0390625 0.048828125
0 0.27109375 0.7470703125 0.0390625 0.048828125
0 0.40078125 0.6318359375 0.0390625 0.048828125
0 0.57265625 0.4599609375 0.0390625 0.048828125
0 0.26953125 0.4716796875 0.0390625 0.048828125
0 0.48828125 0.7373046875 0.0390625 0.048828125
0 0.31484375 0.7998046875 0.0390625 0.048828125
0 0.35546875 0.4677734375 0.0390625 0.048828125
0 0.31484375 0.8544921875 0.0390625 0.048828125
0 0.52890625 0.2958984375 0.0390625 0.048828125
0 0.57578125 0.7353515625 0.0390625 0.048828125
0 0.48828125 0.6279296875 0.0390625 0.048828125
0 0.44453125 0.7392578125 0.0390625 0.048828125
0 0.48671875 0.5185546875 0.0390625 0.048828125
0 0.26640625 0.3056640625 0.0390625 0.048828125
0 0.40078125 0.5224609375 0.0390625 0.048828125
0 0.57265625 0.3505859375 0.0390625 0.048828125
0 0.44296875 0.5205078125 0.0390625 0.048828125
0 0.57421875 0.5693359375 0.0390625 0.048828125
0 0.48671875 0.4091796875 0.0390625 0.048828125
0 0.48828125 0.8466796875 0.0390625 0.048828125
0 0.57421875 0.6806640625 0.0390625 0.048828125
0 0.39765625 0.2998046875 0.0390625 0.048828125
0 0.35859375 0.8525390625 0.0390625 0.048828125
0 0.35703125 0.5771484375 0.0390625 0.048828125
0 0.44453125 0.7939453125 0.0390625 0.048828125
0 0.57578125 0.7900390625 0.0390625 0.048828125
0 0.57421875 0.6259765625 0.0390625 0.048828125
0 0.48515625 0.2978515625 0.0390625 0.048828125
0 0.39921875 0.4111328125 0.0390625 0.048828125
0 0.26953125 0.5810546875 0.0390625 0.048828125
0 0.31015625 0.3037109375 0.0390625 0.048828125
0 0.35546875 0.3017578125 0.0390625 0.048828125
0 0.44296875 0.4091796875 0.0390625 0.048828125
0 0.52890625 0.4072265625 0.0390625 0.048828125
0 0.44609375 0.8486328125 0.0390625 0.048828125
0 0.57421875 0.5146484375 0.0390625 0.048828125
0 0.53046875 0.5166015625 0.0390625 0.048828125
0 0.53203125 0.7353515625 0.0390625 0.048828125
0 0.35859375 0.6884765625 0.0390625 0.048828125
0 0.53046875 0.6259765625 0.0390625 0.048828125
0 0.35859375 0.7978515625 0.0390625 0.048828125
0 0.57265625 0.4052734375 0.0390625 0.048828125
0 0.27109375 0.8017578125 0.0390625 0.048828125
0 0.26953125 0.6904296875 0.0390625 0.048828125
0 0.44140625 0.2998046875 0.0390625 0.048828125
0 0.27109375 0.8564453125 0.0390625 0.048828125
0 0.57265625 0.2958984375 0.0390625 0.048828125
0 0.53203125 0.8466796875 0.0390625 0.048828125
