0 0.27578125 0.2275390625 0.0453125 0.056640625
0 0.4984375 0.3193359375 0.04375 0.056640625
0 0.21875 0.2841796875 0.046875 0.056640625
0 0.4890625 0.703125 0.046875 0.05859375
0 0.21875 0.6611328125 0.046875 0.056640625
0 0.1125 0.3115234375 0.046875 0.056640625
0 0.16484375 0.259765625 0.0453125 0.05859375
0 0.22109375 0.1240234375 0.0453125 0.056640625
0 0.38203125 0.5048828125 0.0453125 0.056640625
0 0.1125 0.0791015625 0.046875 0.056640625
0 0.4953125 0.3984375 0.046875 0.05859375
0 0.49296875 0.5537109375 0.0453125 0.056640625
0 0.60625 0.4443359375 0.046875 0.056640625
0 0.54765625 0.5751953125 0.0453125 0.056640625
0 0.1125 0.5380859375 0.046875 0.056640625
0 0.61171875 0.2919921875 0.0484375 0.056640625
0 0.43515625 0.6044921875 0.0484375 0.056640625
0 0.27109375 0.607421875 0.0453125 0.05859375
0 0.54765625 0.5 0.0453125 0.05859375
0 0.3265625 0.556640625 0.046875 0.05859375
0 0.22109375 0.2041015625 0.0453125 0.056640625
0 0.4421875 0.375 0.04375 0.05859375
0 0.60546875 0.521484375 0.0484375 0.05859375
0 0.5515625 0.345703125 0.046875 0.05859375
0 0.54765625 0.65234375 0.0453125 0.05859375
0 0.16640625 0.3349609375 0.0453125 0.056640625
0 0.3796875 0.6552734375 0.046875 0.056640625
0 0.609375 0.3671875 0.04375 0.05859375
0 0.43828125 0.4521484375 0.0453125 0.056640625
0 0.553125 0.4228515625 0.04375 0.056640625
0 0.496875 0.244140625 0.046875 0.05859375
0 0.65390625 0.8525390625 0.0453125 0.056640625
0 0.16484375 0.63671875 0.0453125 0.05859375
0 0.27578125 0.1484375 0.0453125 0.05859375
0 0.440625 0.2197265625 0.046875 0.056640625
0 0.49375 0.474609375 0.04375 0.0546875
0 0.3296875 0.251953125 0.046875 0.05859375
0 0.66015625 0.62109375 0.0421875 0.0546875
0 0.21875 0.3583984375 0.046875 0.056640625
0 0.33203125 0.171875 0.0453125 0.05859375
0 0.38203125 0.4296875 0.0453125 0.0546875
0 0.6015625 0.5986328125 0.046875 0.056640625
0 0.66484375 0.390625 0.0453125 0.05859375
0 0.21875 0.5849609375 0.046875 0.060546875
0 0.434375 0.7548828125 0.046875 0.056640625
0 0.16640625 0.1796875 0.0421875 0.0546875
0 0.2734375 0.302734375 0.046875 0.05859375
0 0.490625 0.6279296875 0.046875 0.056640625
0 0.27109375 0.68359375 0.0453125 0.0546875
0 0.5546875 0.2685546875 0.046875 0.056640625
0 0.3796875 0.73046875 0.046875 0.05859375
0 0.16640625 0.41015625 0.0453125 0.05859375
0 0.440625 0.2998046875 0.046875 0.056640625
0 0.6015625 0.6748046875 0.046875 0.060546875
0 0.66171875 0.5478515625 0.0484375 0.056640625
0 0.38359375 0.580078125 0.0421875 0.0546875
0 0.434375 0.6796875 0.046875 0.05859375
0 0.16640625 0.1015625 0.0453125 0.0546875
0 0.11171875 0.232421875 0.0421875 0.0546875
0 0.11171875 0.15625 0.0484375 0.05859375
0 0.16484375 0.4853515625 0.0453125 0.056640625
0 0.3859375 0.275390625 0.046875 0.05859375
0 0.32578125 0.7080078125 0.0453125 0.060546875
0 0.11015625 0.4619140625 0.0453125 0.060546875
0 0.4375 0.5263671875 0.04375 0.052734375
0 0.32578125 0.630859375 0.0421875 0.0546875
0 0.659375 0.6982421875 0.046875 0.064453125
0 0.38515625 0.3505859375 0.0484375 0.056640625
0 0.66484375 0.4697265625 0.0453125 0.060546875
0 0.66875 0.314453125 0.046875 0.0546875
0 0.54453125 0.7255859375 0.0390625 0.052734375
0 0.27109375 0.5322265625 0.0453125 0.056640625
0 0.32734375 0.4814453125 0.0453125 0.056640625
0 0.3859375 0.1962890625 0.046875 0.056640625
0 0.3296875 0.4052734375 0.046875 0.060546875
0 0.27421875 0.3798828125 0.0390625 0.052734375
0 0.21796875 0.4306640625 0.0390625 0.052734375
0 0.3296875 0.3271484375 0.040625 0.056640625
0 0.60078125 0.7509765625 0.0484375 0.056640625
0 0.4890625 0.7783203125 0.046875 0.056640625
0 0.6578125 0.775390625 0.04375 0.05859375
0 0.27578125 0.455078125 0.0453125 0.0625
0 0.11171875 0.390625 0.0484375 0.05859375
0 0.54296875 0.8017578125 0.0453125 0.056640625
0 0.21875 0.5087890625 0.046875 0.056640625
0 0.1125 0.61328125 0.046875 0.05859375
0 0.16484375 0.560546875 0.0453125 0.0546875
0 0.59765625 0.826171875 0.0453125 0.05859375
