0 0.39453125 0.4013671875 0.0390625 0.048828125
0 0.55078125 0.34375 0.0390625 0.046875
0 0.29296875 0.3369140625 0.0390625 0.048828125
0 0.48828125 0.623046875 0.0390625 0.046875
0 0.49453125 0.4658203125 0.0390625 0.048828125
0 0.54453125 0.4990234375 0.0390625 0.048828125
0 0.23828125 0.4609375 0.0390625 0.046875
0 0.33828125 0.525390625 0.0390625 0.046875
0 0.38828125 0.55859375 0.0390625 0.046875
0 0.41015625 0.2919921875 0.0390625 0.048828125
0 0.56640625 0.232421875 0.0390625 0.046875
0 0.22421875 0.412109375 0.0390625 0.046875
0 0.57421875 0.4375 0.0390625 0.046875
0 0.64921875 0.5654296875 0.0390625 0.048828125
0 0.33203125 0.68359375 0.0390625 0.046875
0 0.34296875 0.3681640625 0.0390625 0.048828125
0 0.47890625 0.578125 0.0390625 0.046875
0 0.25390625 0.712890625 0.0390625 0.046875
0 0.32578125 0.4775390625 0.0390625 0.048828125
0 0.35859375 0.6201171875 0.0390625 0.048828125
0 0.30390625 0.384765625 0.0390625 0.046875
0 0.51796875 0.5634765625 0.0390625 0.048828125
0 0.53359375 0.4541015625 0.0390625 0.048828125
0 0.41640625 0.49609375 0.0390625 0.046875
0 0.20859375 0.5205078125 0.0390625 0.048828125
0 0.596875 0.5322265625 0.0375 0.048828125
0 0.46171875 0.3251953125 0.0390625 0.048828125
0 0.32265625 0.634765625 0.0390625 0.046875
0 0.57890625 0.2802734375 0.0390625 0.048828125
0 0.26484375 0.3984375 0.0390625 0.046875
0 0.21484375 0.365234375 0.0390625 0.046875
0 0.56015625 0.3896484375 0.0390625 0.048828125
0 0.38046875 0.353515625 0.0390625 0.046875
0 0.18671875 0.427734375 0.0390625 0.046875
0 0.44609375 0.4326171875 0.0390625 0.048828125
0 0.62578125 0.470703125 0.0390625 0.046875
0 0.48515625 0.419921875 0.0390625 0.046875
0 0.51171875 0.3564453125 0.0390625 0.048828125
0 0.44921875 0.27734375 0.0390625 0.046875
0 0.35546875 0.416015625 0.0390625 0.046875
0 0.55703125 0.546875 0.0390625 0.046875
0 0.31015625 0.5869140625 0.0390625 0.048828125
0 0.43984375 0.58984375 0.0390625 0.046875
0 0.24140625 0.666015625 0.0390625 0.046875
0 0.28359375 0.6513671875 0.0390625 0.048828125
0 0.61015625 0.580078125 0.0390625 0.046875
0 0.29296875 0.69921875 0.0390625 0.046875
0 0.45546875 0.482421875 0.0390625 0.046875
0 0.29921875 0.5419921875 0.0390625 0.048828125
0 0.25390625 0.3515625 0.0390625 0.046875
0 0.28671875 0.494140625 0.0390625 0.046875
0 0.36484375 0.462890625 0.0390625 0.046875
0 0.4 0.6064453125 0.0375 0.048828125
0 0.60234375 0.375 0.0390625 0.046875
0 0.56796875 0.5947265625 0.0390625 0.044921875
0 0.40390625 0.44921875 0.0390625 0.046875
0 0.53984375 0.296875 0.0390625 0.046875
0 0.26015625 0.5537109375 0.0390625 0.048828125
0 0.41171875 0.654296875 0.0390625 0.046875
0 0.50078125 0.310546875 0.0390625 0.046875
0 0.1984375 0.4755859375 0.0375 0.048828125
0 0.23046875 0.6181640625 0.0390625 0.048828125
0 0.52109375 0.40625 0.0390625 0.046875
0 0.61328125 0.4228515625 0.0390625 0.048828125
0 0.63671875 0.517578125 0.0390625 0.046875
0 0.42265625 0.33984375 0.0390625 0.046875
0 0.24765625 0.505859375 0.0390625 0.046875
0 0.37734375 0.5107421875 0.0390625 0.048828125
0 0.17578125 0.3798828125 0.0390625 0.048828125
0 0.46640625 0.5302734375 0.0390625 0.048828125
0 0.44921875 0.6396484375 0.0390625 0.048828125
0 0.34921875 0.572265625 0.0390625 0.046875
0 0.43203125 0.38671875 0.0390625 0.046875
0 0.26953125 0.6015625 0.0390625 0.046875
0 0.52890625 0.611328125 0.0390625 0.046875
0 0.50546875 0.513671875 0.0390625 0.046875
0 0.31484375 0.4296875 0.0390625 0.046875
0 0.47109375 0.373046875 0.0390625 0.046875
0 0.27734375 0.4443359375 0.0390625 0.048828125
0 0.48828125 0.265625 0.0390625 0.046875
0 0.22109375 0.5703125 0.0390625 0.046875
0 0.33203125 0.322265625 0.0390625 0.046875
0 0.37265625 0.66796875 0.0390625 0.046875
0 0.58984375 0.330078125 0.0390625 0.046875
0 0.37109375 0.30859375 0.0390625 0.046875
0 0.42578125 0.5439453125 0.0390625 0.048828125
0 0.52890625 0.2490234375 0.0390625 0.048828125
0 0.58671875 0.4873046875 0.0390625 0.048828125
