0 0.7265625 0.4453125 0.04375 0.0390625
0 0.56328125 0.546875 0.0484375 0.0390625
0 0.69609375 0.54296875 0.0453125 0.0390625
0 0.70859375 0.302734375 0.0453125 0.0390625
0 0.5484375 0.4033203125 0.04375 0.037109375
0 0.64296875 0.4951171875 0.0421875 0.037109375
0 0.7453125 0.591796875 0.046875 0.0390625
0 0.434375 0.5498046875 0.04375 0.037109375
0 0.8375 0.2978515625 0.040625 0.037109375
0 0.38984375 0.5029296875 0.0421875 0.037109375
0 0.4828125 0.59765625 0.04375 0.0390625
0 0.82421875 0.3466796875 0.0484375 0.041015625
0 0.69140625 0.3505859375 0.0421875 0.037109375
0 0.18125 0.5595703125 0.04375 0.037109375
0 0.3546875 0.6005859375 0.04375 0.037109375
0 0.21953125 0.462890625 0.0421875 0.0390625
0 0.8546875 0.2509765625 0.046875 0.037109375
0 0.54921875 0.595703125 0.0484375 0.04296875
0 0.2921875 0.6044921875 0.046875 0.041015625
0 0.7421875 0.396484375 0.046875 0.0390625
0 0.76015625 0.5419921875 0.0484375 0.041015625
0 0.5171875 0.4990234375 0.04375 0.041015625
0 0.7578125 0.34765625 0.04375 0.0390625
0 0.5984375 0.4482421875 0.04375 0.037109375
0 0.3765625 0.361328125 0.04375 0.03515625
0 0.58125 0.3076171875 0.04375 0.037109375
0 0.6765625 0.3984375 0.040625 0.03515625
0 0.7890625 0.4423828125 0.040625 0.037109375
0 0.3078125 0.5556640625 0.04375 0.037109375
0 0.33125 0.3173828125 0.040625 0.037109375
0 0.6609375 0.4462890625 0.05 0.041015625
0 0.228125 0.60546875 0.04375 0.0390625
0 0.67890625 0.5927734375 0.0515625 0.041015625
0 0.346875 0.2705078125 0.04375 0.037109375
0 0.63046875 0.5439453125 0.0453125 0.041015625
0 0.64296875 0.3056640625 0.0421875 0.037109375
0 0.42109375 0.4072265625 0.0421875 0.037109375
0 0.20703125 0.3232421875 0.0421875 0.037109375
0 0.6125 0.5947265625 0.04375 0.037109375
0 0.2625 0.5078125 0.04375 0.0390625
0 0.58046875 0.49609375 0.0484375 0.0390625
0 0.40703125 0.4560546875 0.0453125 0.037109375
0 0.6296875 0.3525390625 0.04375 0.037109375
0 0.47265625 0.2646484375 0.0453125 0.037109375
0 0.53359375 0.2626953125 0.0421875 0.037109375
0 0.46875 0.4521484375 0.04375 0.037109375
0 0.103125 0.611328125 0.04375 0.03515625
0 0.7765625 0.4912109375 0.046875 0.041015625
0 0.4109375 0.2685546875 0.04375 0.037109375
0 0.1203125 0.5634765625 0.04375 0.037109375
0 0.5640625 0.35546875 0.04375 0.0390625
0 0.496875 0.5478515625 0.040625 0.037109375
0 0.253125 0.3671875 0.040625 0.03515625
0 0.53359375 0.451171875 0.0453125 0.0390625
0 0.453125 0.501953125 0.046875 0.0390625
0 0.1375 0.5126953125 0.04375 0.037109375
0 0.66015625 0.2578125 0.0421875 0.0390625
0 0.809375 0.3955078125 0.04375 0.037109375
0 0.5 0.3583984375 0.04375 0.037109375
0 0.1640625 0.609375 0.04375 0.0390625
0 0.41640625 0.5986328125 0.0515625 0.044921875
0 0.175 0.416015625 0.04375 0.03515625
0 0.153125 0.4658203125 0.04375 0.037109375
0 0.71015625 0.4921875 0.0484375 0.04296875
0 0.5984375 0.2607421875 0.04375 0.037109375
0 0.371875 0.552734375 0.04375 0.0390625
0 0.51875 0.30859375 0.040625 0.03515625
0 0.725 0.2548828125 0.04375 0.037109375
0 0.39375 0.314453125 0.04375 0.03515625
0 0.77265625 0.2998046875 0.0484375 0.037109375
0 0.1984375 0.5107421875 0.04375 0.037109375
0 0.2953125 0.4130859375 0.04375 0.037109375
0 0.61171875 0.4013671875 0.0484375 0.041015625
0 0.4828125 0.4052734375 0.04375 0.037109375
0 0.3421875 0.4580078125 0.04375 0.037109375
0 0.1890625 0.3701171875 0.04375 0.037109375
0 0.7890625 0.2529296875 0.040625 0.037109375
0 0.3265625 0.5068359375 0.046875 0.041015625
0 0.2359375 0.4150390625 0.04375 0.037109375
0 0.4546875 0.3134765625 0.04375 0.037109375
0 0.359375 0.41015625 0.04375 0.0390625
0 0.26875 0.318359375 0.04375 0.03515625
0 0.28125 0.4599609375 0.04375 0.037109375
0 0.3140625 0.365234375 0.040625 0.0390625
0 0.4390625 0.359375 0.04375 0.0390625
0 0.28671875 0.2724609375 0.0390625 0.033203125
0 0.2453125 0.5576171875 0.04375 0.037109375
0 0.225 0.275390625 0.04375 0.03125
