0 0.65234375 0.5498046875 0.0390625 0.048828125
0 0.65234375 0.7548828125 0.0390625 0.048828125
0 0.47890625 0.6591796875 0.0390625 0.048828125
0 0.35078125 0.5654296875 0.0390625 0.048828125
0 0.74140625 0.7509765625 0.0390625 0.048828125
0 0.34921875 0.6162109375 0.0390625 0.048828125
0 0.38984375 0.7666015625 0.0390625 0.048828125
0 0.56328125 0.8095703125 0.0390625 0.048828125
0 0.35078125 0.4677734375 0.0390625 0.048828125
0 0.56640625 0.4541015625 0.0390625 0.048828125
0 0.35078125 0.5166015625 0.0390625 0.048828125
0 0.30234375 0.7705078125 0.0390625 0.048828125
0 0.39140625 0.7138671875 0.0390625 0.048828125
0 0.56640625 0.6044921875 0.0390625 0.048828125
0 0.52265625 0.4560546875 0.0390625 0.048828125
0 0.60859375 0.7041015625 0.0390625 0.048828125
0 0.47890625 0.5595703125 0.0390625 0.048828125
0 0.69609375 0.7529296875 0.0390625 0.048828125
0 0.56484375 0.7568359375 0.0390625 0.048828125
0 0.43671875 0.5126953125 0.0390625 0.048828125
0 0.65234375 0.6513671875 0.0390625 0.048828125
0 0.73984375 0.4951171875 0.0390625 0.048828125
0 0.69609375 0.5986328125 0.0390625 0.048828125
0 0.39296875 0.5634765625 0.0390625 0.048828125
0 0.52109375 0.6572265625 0.0390625 0.048828125
0 0.65234375 0.7021484375 0.0390625 0.048828125
0 0.56484375 0.6552734375 0.0390625 0.048828125
0 0.73984375 0.4443359375 0.0390625 0.048828125
0 0.60859375 0.5009765625 0.0390625 0.048828125
0 0.43203125 0.8154296875 0.0390625 0.048828125
0 0.52109375 0.7080078125 0.0390625 0.048828125
0 0.52265625 0.5068359375 0.0390625 0.048828125
0 0.43671875 0.5615234375 0.0390625 0.048828125
0 0.43515625 0.6611328125 0.0390625 0.048828125
0 0.73984375 0.5458984375 0.0390625 0.048828125
0 0.43515625 0.6123046875 0.0390625 0.048828125
0 0.74140625 0.6982421875 0.0390625 0.048828125
0 0.34609375 0.7685546875 0.0390625 0.048828125
0 0.65234375 0.8056640625 0.0390625 0.048828125
0 0.47734375 0.7607421875 0.0390625 0.048828125
0 0.65234375 0.4990234375 0.0390625 0.048828125
0 0.39453125 0.5146484375 0.0390625 0.048828125
0 0.47890625 0.6083984375 0.0390625 0.048828125
0 0.34765625 0.7177734375 0.0390625 0.048828125
0 0.56640625 0.5537109375 0.0390625 0.048828125
0 0.43671875 0.4619140625 0.0390625 0.048828125
0 0.60859375 0.5517578125 0.0390625 0.048828125
0 0.34921875 0.6669921875 0.0390625 0.048828125
0 0.56484375 0.7060546875 0.0390625 0.048828125
0 0.47578125 0.8134765625 0.0390625 0.048828125
0 0.51953125 0.8115234375 0.0390625 0.048828125
0 0.43359375 0.7646484375 0.0390625 0.048828125
0 0.69609375 0.5478515625 0.0390625 0.048828125
0 0.48046875 0.5087890625 0.0390625 0.048828125
0 0.65234375 0.4501953125 0.0390625 0.048828125
0 0.39140625 0.6630859375 0.0390625 0.048828125
0 0.60859375 0.6533203125 0.0390625 0.048828125
0 0.60859375 0.7568359375 0.0390625 0.048828125
0 0.39296875 0.6142578125 0.0390625 0.048828125
0 0.73984375 0.5966796875 0.0390625 0.048828125
0 0.74140625 0.6474609375 0.0390625 0.048828125
0 0.69609375 0.7001953125 0.0390625 0.048828125
0 0.52265625 0.6064453125 0.0390625 0.048828125
0 0.30078125 0.8212890625 0.0390625 0.048828125
0 0.74140625 0.8037109375 0.0390625 0.048828125
0 0.47734375 0.7099609375 0.0390625 0.048828125
0 0.65234375 0.6005859375 0.0390625 0.048828125
0 0.43359375 0.7119140625 0.0390625 0.048828125
0 0.56640625 0.5048828125 0.0390625 0.048828125
0 0.52265625 0.5576171875 0.0390625 0.048828125
0 0.30859375 0.4697265625 0.0390625 0.048828125
0 0.69609375 0.8037109375 0.0390625 0.048828125
0 0.69609375 0.4970703125 0.0390625 0.048828125
0 0.52109375 0.7607421875 0.0390625 0.048828125
0 0.38828125 0.8173828125 0.0390625 0.048828125
0 0.39453125 0.4638671875 0.0390625 0.048828125
0 0.30546875 0.6689453125 0.0390625 0.048828125
0 0.34453125 0.8193359375 0.0390625 0.048828125
0 0.60859375 0.6025390625 0.0390625 0.048828125
0 0.60859375 0.4521484375 0.0390625 0.048828125
0 0.30390625 0.7197265625 0.0390625 0.048828125
0 0.69609375 0.6494140625 0.0390625 0.048828125
0 0.48046875 0.4599609375 0.0390625 0.048828125
0 0.30703125 0.5693359375 0.0390625 0.048828125
0 0.30859375 0.5185546875 0.0390625 0.048828125
0 0.69609375 0.4462890625 0.0390625 0.048828125
0 0.60859375 0.8076171875 0.0390625 0.048828125
0 0.30546875 0.6181640625 0.0390625 0.048828125
