0 0.38671875 0.6572265625 0.0390625 0.048828125
0 0.46015625 0.2705078125 0.0390625 0.048828125
0 0.46328125 0.3798828125 0.0390625 0.048828125
0 0.33515625 0.4443359375 0.0390625 0.048828125
0 0.28984375 0.3935546875 0.0390625 0.048828125
0 0.33984375 0.5517578125 0.0390625 0.048828125
0 0.32421875 0.1708984375 0.0390625 0.048828125
0 0.29453125 0.5009765625 0.0390625 0.048828125
0 0.51328125 0.5380859375 0.0390625 0.048828125
0 0.47578125 0.7041015625 0.0390625 0.048828125
0 0.41796875 0.3291015625 0.0390625 0.048828125
0 0.37421875 0.3310546875 0.0390625 0.048828125
0 0.28671875 0.3388671875 0.0390625 0.048828125
0 0.33828125 0.4990234375 0.0390625 0.048828125
0 0.54921875 0.3173828125 0.0390625 0.048828125
0 0.56015625 0.6435546875 0.0390625 0.048828125
0 0.28515625 0.2841796875 0.0390625 0.048828125
0 0.47265625 0.5966796875 0.0390625 0.048828125
0 0.51484375 0.5927734375 0.0390625 0.048828125
0 0.37890625 0.4404296875 0.0390625 0.048828125
0 0.50390625 0.2666015625 0.0390625 0.048828125
0 0.41328125 0.2177734375 0.0390625 0.048828125
0 0.59296875 0.3134765625 0.0390625 0.048828125
0 0.32890625 0.2802734375 0.0390625 0.048828125
0 0.51171875 0.4833984375 0.0390625 0.048828125
0 0.38515625 0.6025390625 0.0390625 0.048828125
0 0.49921875 0.1572265625 0.0390625 0.048828125
0 0.32578125 0.2255859375 0.0390625 0.048828125
0 0.59609375 0.4228515625 0.0390625 0.048828125
0 0.46171875 0.3251953125 0.0390625 0.048828125
0 0.55234375 0.4267578125 0.0390625 0.048828125
0 0.30078125 0.6650390625 0.0390625 0.048828125
0 0.28046875 0.1728515625 0.0390625 0.048828125
0 0.42890625 0.6005859375 0.0390625 0.048828125
0 0.37265625 0.2763671875 0.0390625 0.048828125
0 0.60390625 0.6396484375 0.0390625 0.048828125
0 0.34140625 0.6064453125 0.0390625 0.048828125
0 0.51015625 0.4306640625 0.0390625 0.048828125
0 0.42421875 0.4912109375 0.0390625 0.048828125
0 0.55078125 0.3720703125 0.0390625 0.048828125
0 0.43046875 0.6533203125 0.0390625 0.048828125
0 0.47421875 0.6494140625 0.0390625 0.048828125
0 0.50078125 0.2119140625 0.0390625 0.048828125
0 0.46640625 0.4345703125 0.0390625 0.048828125
0 0.46796875 0.4873046875 0.0390625 0.048828125
0 0.58828125 0.2041015625 0.0390625 0.048828125
0 0.41171875 0.1630859375 0.0390625 0.048828125
0 0.29140625 0.4482421875 0.0390625 0.048828125
0 0.55546875 0.4814453125 0.0390625 0.048828125
0 0.42734375 0.5458984375 0.0390625 0.048828125
0 0.58671875 0.1494140625 0.0390625 0.048828125
0 0.56328125 0.6962890625 0.0390625 0.048828125
0 0.54609375 0.2626953125 0.0390625 0.048828125
0 0.30234375 0.7197265625 0.0390625 0.048828125
0 0.42265625 0.4365234375 0.0390625 0.048828125
0 0.38359375 0.5498046875 0.0390625 0.048828125
0 0.60234375 0.5849609375 0.0390625 0.048828125
0 0.60078125 0.5322265625 0.0390625 0.048828125
0 0.29765625 0.6103515625 0.0390625 0.048828125
0 0.45546875 0.1591796875 0.0390625 0.048828125
0 0.59765625 0.4775390625 0.0390625 0.048828125
0 0.55859375 0.5888671875 0.0390625 0.048828125
0 0.33359375 0.3896484375 0.0390625 0.048828125
0 0.34453125 0.6611328125 0.0390625 0.048828125
0 0.41640625 0.2724609375 0.0390625 0.048828125
0 0.51796875 0.6474609375 0.0390625 0.048828125
0 0.58984375 0.2587890625 0.0390625 0.048828125
0 0.50703125 0.3759765625 0.0390625 0.048828125
0 0.55703125 0.5341796875 0.0390625 0.048828125
0 0.38203125 0.4951171875 0.0390625 0.048828125
0 0.38984375 0.7119140625 0.0390625 0.048828125
0 0.29609375 0.5556640625 0.0390625 0.048828125
0 0.37734375 0.3857421875 0.0390625 0.048828125
0 0.33046875 0.3349609375 0.0390625 0.048828125
0 0.46953125 0.5419921875 0.0390625 0.048828125
0 0.45859375 0.2158203125 0.0390625 0.048828125
0 0.54296875 0.1533203125 0.0390625 0.048828125
0 0.36953125 0.2216796875 0.0390625 0.048828125
0 0.42109375 0.3818359375 0.0390625 0.048828125
0 0.60546875 0.6943359375 0.0390625 0.048828125
0 0.43359375 0.7080078125 0.0390625 0.048828125
0 0.51953125 0.7001953125 0.0390625 0.048828125
0 0.28203125 0.2275390625 0.0390625 0.048828125
0 0.54453125 0.2080078125 0.0390625 0.048828125
0 0.36796875 0.1669921875 0.0390625 0.048828125
0 0.34609375 0.7158203125 0.0390625 0.048828125
0 0.50546875 0.3212890625 0.0390625 0.048828125
0 0.59453125 0.3681640625 0.0390625 0.048828125
