0 0.26328125 0.2744140625 0.0453125 0.056640625
0 0.71953125 0.5263671875 0.0453125 0.056640625
0 0.52421875 0.4189453125 0.0453125 0.056640625
0 0.51640625 0.220703125 0.0453125 0.0546875
0 0.39453125 0.3466796875 0.0453125 0.056640625
0 0.33671875 0.5087890625 0.0453125 0.056640625
0 0.58984375 0.4541015625 0.0453125 0.056640625
0 0.53203125 0.6162109375 0.0453125 0.056640625
0 0.56015625 0.5361328125 0.0453125 0.056640625
0 0.23359375 0.35546875 0.0453125 0.0546875
0 0.16796875 0.3193359375 0.0453125 0.056640625
0 0.27734375 0.6728515625 0.0453125 0.056640625
0 0.64765625 0.29296875 0.0453125 0.0546875
0 0.46640625 0.5810546875 0.0453125 0.056640625
0 0.24140625 0.5537109375 0.0453125 0.056640625
0 0.32890625 0.310546875 0.0453125 0.0546875
0 0.35859375 0.2294921875 0.0453125 0.056640625
0 0.60859375 0.5126953125 0.0453125 0.056640625
0 0.48828125 0.3017578125 0.0453125 0.056640625
0 0.54609375 0.1396484375 0.0453125 0.056640625
0 0.67734375 0.2099609375 0.0453125 0.056640625
0 0.40234375 0.5439453125 0.0453125 0.056640625
0 0.59296875 0.115234375 0.0453125 0.0546875
0 0.46015625 0.3828125 0.0453125 0.0546875
0 0.34140625 0.7060546875 0.0453125 0.056640625
0 0.58203125 0.2568359375 0.0453125 0.056640625
0 0.37265625 0.6259765625 0.0453125 0.056640625
0 0.45078125 0.1845703125 0.0453125 0.056640625
0 0.66484375 0.3505859375 0.0453125 0.056640625
0 0.61953125 0.3740234375 0.0453125 0.056640625
0 0.48359375 0.638671875 0.0453125 0.0546875
0 0.29921875 0.3916015625 0.0453125 0.056640625
0 0.2046875 0.4365234375 0.046875 0.056640625
0 0.35390625 0.5673828125 0.0453125 0.056640625
0 0.57890625 0.59375 0.0453125 0.0546875
0 0.43125 0.4638671875 0.046875 0.056640625
0 0.30703125 0.5888671875 0.0453125 0.056640625
0 0.74921875 0.4462890625 0.0453125 0.056640625
0 0.54296875 0.4775390625 0.0453125 0.056640625
0 0.36484375 0.427734375 0.0453125 0.0546875
0 0.27109375 0.47265625 0.0453125 0.0546875
0 0.63515625 0.4326171875 0.0453125 0.056640625
0 0.22265625 0.4970703125 0.0453125 0.056640625
0 0.29453125 0.728515625 0.0453125 0.0546875
0 0.28203125 0.3330078125 0.0453125 0.056640625
0 0.42421875 0.265625 0.0453125 0.0546875
0 0.40546875 0.2080078125 0.0453125 0.056640625
0 0.25234375 0.4140625 0.0453125 0.0546875
0 0.37578125 0.2880859375 0.0453125 0.056640625
0 0.31796875 0.4501953125 0.0453125 0.056640625
0 0.671875 0.548828125 0.046875 0.0546875
0 0.26015625 0.6142578125 0.0453125 0.056640625
0 0.60078125 0.3154296875 0.0453125 0.056640625
0 0.44765625 0.5224609375 0.0453125 0.056640625
0 0.49453125 0.4990234375 0.0453125 0.056640625
0 0.41328125 0.4052734375 0.0453125 0.056640625
0 0.50546875 0.3603515625 0.0453125 0.056640625
0 0.61171875 0.173828125 0.0453125 0.0546875
0 0.38359375 0.4853515625 0.0453125 0.056640625
0 0.47109375 0.2431640625 0.0453125 0.056640625
0 0.53515625 0.279296875 0.0453125 0.0546875
0 0.32578125 0.6474609375 0.0453125 0.056640625
0 0.62421875 0.5732421875 0.0453125 0.056640625
0 0.6828125 0.4091796875 0.046875 0.056640625
0 0.56484375 0.1982421875 0.0453125 0.056640625
0 0.43671875 0.6611328125 0.0453125 0.056640625
0 0.3890625 0.68359375 0.046875 0.0546875
0 0.55390625 0.337890625 0.0453125 0.0546875
0 0.6390625 0.0927734375 0.046875 0.056640625
0 0.4421875 0.32421875 0.046875 0.0546875
0 0.70078125 0.4677734375 0.0453125 0.056640625
0 0.65390625 0.4912109375 0.0453125 0.056640625
0 0.41796875 0.6025390625 0.0453125 0.056640625
0 0.51328125 0.5576171875 0.0453125 0.056640625
0 0.73046875 0.3876953125 0.0453125 0.056640625
0 0.69609375 0.2724609375 0.0453125 0.056640625
0 0.57109375 0.3955078125 0.0453125 0.056640625
0 0.63046875 0.234375 0.0453125 0.0546875
0 0.76640625 0.50390625 0.0453125 0.0546875
0 0.47734375 0.4404296875 0.0453125 0.056640625
0 0.34765625 0.3720703125 0.0453125 0.056640625
0 0.65703125 0.1513671875 0.0453125 0.056640625
0 0.18671875 0.3779296875 0.0453125 0.056640625
0 0.28828125 0.5302734375 0.0453125 0.056640625
0 0.71171875 0.3291015625 0.0453125 0.056640625
0 0.31015625 0.2529296875 0.0453125 0.056640625
0 0.49921875 0.1630859375 0.0453125 0.056640625
0 0.21640625 0.2978515625 0.0453125 0.056640625
