0 0.35 0.54296875 0.04375 0.0625
0 0.61328125 0.3212890625 0.0421875 0.064453125
0 0.51796875 0.7109375 0.0421875 0.0625
0 0.575 0.4033203125 0.04375 0.064453125
0 0.31328125 0.626953125 0.0421875 0.0625
0 0.5578125 0.265625 0.04375 0.0625
0 0.6390625 0.5302734375 0.04375 0.064453125
0 0.6515625 0.2373046875 0.04375 0.064453125
0 0.4625 0.6552734375 0.04375 0.064453125
0 0.35859375 0.611328125 0.0421875 0.0625
0 0.4171875 0.3056640625 0.04375 0.064453125
0 0.6109375 0.6826171875 0.04375 0.064453125
0 0.415625 0.6669921875 0.04375 0.064453125
0 0.29375 0.4873046875 0.04375 0.064453125
0 0.37734375 0.7509765625 0.0421875 0.064453125
0 0.2375 0.794921875 0.04375 0.0625
0 0.40859375 0.2353515625 0.0421875 0.064453125
0 0.63046875 0.4609375 0.0421875 0.0625
0 0.51953125 0.349609375 0.0421875 0.0625
0 0.6703125 0.376953125 0.04375 0.0625
0 0.47265625 0.3623046875 0.0421875 0.064453125
0 0.67890625 0.4462890625 0.0421875 0.064453125
0 0.4046875 0.5986328125 0.04375 0.064453125
0 0.434375 0.4462890625 0.04375 0.064453125
0 0.321875 0.6953125 0.04375 0.0625
0 0.2578125 0.5712890625 0.04375 0.064453125
0 0.621875 0.3896484375 0.04375 0.064453125
0 0.26875 0.275390625 0.04375 0.0625
0 0.5953125 0.181640625 0.04375 0.0625
0 0.20234375 0.5146484375 0.0421875 0.064453125
0 0.55625 0.626953125 0.04375 0.0625
0 0.2390625 0.4306640625 0.04375 0.064453125
0 0.696875 0.5859375 0.04375 0.0625
0 0.4984375 0.5712890625 0.04375 0.064453125
0 0.603125 0.611328125 0.04375 0.0625
0 0.33125 0.7666015625 0.04375 0.064453125
0 0.315625 0.2626953125 0.04375 0.064453125
0 0.36875 0.6826171875 0.04375 0.064453125
0 0.175 0.3037109375 0.04375 0.064453125
0 0.50234375 0.2099609375 0.0421875 0.064453125
0 0.5375 0.4873046875 0.04375 0.064453125
0 0.396875 0.52734375 0.04375 0.0625
0 0.3796875 0.3896484375 0.04375 0.064453125
0 0.3328125 0.4033203125 0.04375 0.064453125
0 0.1921875 0.443359375 0.04375 0.0625
0 0.4640625 0.291015625 0.04375 0.0625
0 0.45546875 0.2216796875 0.0421875 0.064453125
0 0.275 0.7109375 0.04375 0.0625
0 0.2765625 0.3466796875 0.04375 0.064453125
0 0.2109375 0.5830078125 0.04375 0.064453125
0 0.6578125 0.6669921875 0.04375 0.064453125
0 0.3703125 0.3193359375 0.04375 0.064453125
0 0.26640625 0.6396484375 0.0421875 0.064453125
0 0.5921875 0.54296875 0.04375 0.0625
0 0.58359375 0.4736328125 0.0421875 0.064453125
0 0.18359375 0.375 0.0421875 0.0625
0 0.36171875 0.25 0.0421875 0.0625
0 0.528125 0.41796875 0.04375 0.0625
0 0.490625 0.501953125 0.04375 0.0625
0 0.66171875 0.3056640625 0.0421875 0.064453125
0 0.6421875 0.166015625 0.04375 0.0625
0 0.4515625 0.5830078125 0.04375 0.064453125
0 0.3234375 0.333984375 0.04375 0.0625
0 0.2296875 0.359375 0.04375 0.0625
0 0.47109375 0.7236328125 0.0421875 0.064453125
0 0.2203125 0.65234375 0.04375 0.0625
0 0.3875 0.458984375 0.04375 0.0625
0 0.48125 0.4306640625 0.04375 0.064453125
0 0.5109375 0.2783203125 0.04375 0.064453125
0 0.56484375 0.6953125 0.0421875 0.0625
0 0.6875 0.5146484375 0.04375 0.064453125
0 0.42421875 0.73828125 0.0421875 0.0625
0 0.5453125 0.5576171875 0.04375 0.064453125
0 0.228125 0.7236328125 0.04375 0.064453125
0 0.54921875 0.1943359375 0.0421875 0.064453125
0 0.303125 0.5556640625 0.04375 0.064453125
0 0.24765625 0.4990234375 0.0421875 0.064453125
0 0.44375 0.5146484375 0.04375 0.064453125
0 0.284375 0.779296875 0.04375 0.0625
0 0.4265625 0.375 0.04375 0.0625
0 0.340625 0.4736328125 0.04375 0.064453125
0 0.70625 0.6552734375 0.04375 0.064453125
0 0.56640625 0.333984375 0.0421875 0.0625
0 0.65 0.5986328125 0.04375 0.064453125
0 0.2859375 0.41796875 0.04375 0.0625
0 0.221875 0.291015625 0.04375 0.0625
0 0.5078125 0.6396484375 0.04375 0.064453125
0 0.6046875 0.25 0.04375 0.0625
