0 0.72265625 0.4658203125 0.0390625 0.048828125
0 0.74296875 0.2958984375 0.0390625 0.048828125
0 0.89921875 0.6396484375 0.0390625 0.048828125
0 0.60546875 0.5146484375 0.0390625 0.048828125
0 0.62421875 0.5888671875 0.0390625 0.048828125
0 0.78046875 0.6865234375 0.0390625 0.048828125
0 0.68359375 0.5634765625 0.0390625 0.048828125
0 0.76171875 0.3681640625 0.0390625 0.048828125
0 0.91953125 0.4658203125 0.0390625 0.048828125
0 0.82109375 0.3447265625 0.0390625 0.048828125
0 0.52890625 0.4658203125 0.0390625 0.048828125
0 0.83984375 0.4169921875 0.0390625 0.048828125
0 0.70234375 0.6376953125 0.0390625 0.048828125
0 0.49140625 0.5634765625 0.0390625 0.048828125
0 0.66640625 0.2470703125 0.0390625 0.048828125
0 0.85859375 0.7373046875 0.0390625 0.048828125
0 0.74140625 0.5400390625 0.0390625 0.048828125
0 0.64453125 0.4189453125 0.0390625 0.048828125
0 0.79921875 0.7607421875 0.0390625 0.048828125
0 0.56953125 0.3701171875 0.0390625 0.048828125
0 0.54765625 0.5400390625 0.0390625 0.048828125
0 0.80078125 0.5146484375 0.0390625 0.048828125
0 0.68515625 0.3212890625 0.0390625 0.048828125
0 0.83984375 0.6630859375 0.0390625 0.048828125
0 0.78046875 0.4423828125 0.0390625 0.048828125
0 0.93984375 0.5400390625 0.0390625 0.048828125
0 0.66328125 0.4912109375 0.0390625 0.048828125
0 0.56640625 0.6123046875 0.0390625 0.048828125
0 0.54921875 0.2978515625 0.0390625 0.048828125
0 0.70390625 0.3935546875 0.0390625 0.048828125
0 0.51171875 0.3935546875 0.0390625 0.048828125
0 0.76015625 0.6123046875 0.0390625 0.048828125
0 0.64453125 0.6611328125 0.0390625 0.048828125
0 0.58671875 0.4423828125 0.0390625 0.048828125
0 0.87890625 0.5654296875 0.0390625 0.048828125
0 0.87890625 0.6884765625 0.0390625 0.048828125
0 0.49140625 0.4423828125 0.0390625 0.048828125
0 0.72109375 0.5888671875 0.0390625 0.048828125
0 0.56953125 0.2490234375 0.0390625 0.048828125
0 0.83984375 0.7861328125 0.0390625 0.048828125
0 0.86015625 0.4912109375 0.0390625 0.048828125
0 0.68203125 0.6865234375 0.0390625 0.048828125
0 0.64609375 0.2958984375 0.0390625 0.048828125
0 0.91953125 0.5908203125 0.0390625 0.048828125
0 0.89921875 0.3935546875 0.0390625 0.048828125
0 0.76015625 0.7353515625 0.0390625 0.048828125
0 0.81953125 0.5888671875 0.0390625 0.048828125
0 0.60859375 0.2724609375 0.0390625 0.048828125
0 0.62578125 0.4658203125 0.0390625 0.048828125
0 0.58671875 0.5634765625 0.0390625 0.048828125
0 0.81953125 0.4658203125 0.0390625 0.048828125
0 0.86015625 0.3681640625 0.0390625 0.048828125
0 0.68359375 0.4423828125 0.0390625 0.048828125
0 0.66328125 0.6123046875 0.0390625 0.048828125
0 0.70234375 0.5146484375 0.0390625 0.048828125
0 0.62734375 0.3466796875 0.0390625 0.048828125
0 0.53046875 0.3466796875 0.0390625 0.048828125
0 0.89921875 0.5166015625 0.0390625 0.048828125
0 0.80078125 0.3935546875 0.0390625 0.048828125
0 0.51015625 0.5146484375 0.0390625 0.048828125
0 0.74140625 0.6611328125 0.0390625 0.048828125
0 0.78046875 0.5634765625 0.0390625 0.048828125
0 0.47265625 0.4912109375 0.0390625 0.048828125
0 0.52890625 0.5869140625 0.0390625 0.048828125
0 0.64453125 0.5400390625 0.0390625 0.048828125
0 0.74140625 0.4169921875 0.0390625 0.048828125
0 0.72421875 0.3447265625 0.0390625 0.048828125
0 0.58828125 0.3212890625 0.0390625 0.048828125
0 0.54921875 0.4189453125 0.0390625 0.048828125
0 0.72109375 0.7099609375 0.0390625 0.048828125
0 0.66484375 0.3701171875 0.0390625 0.048828125
0 0.79921875 0.6376953125 0.0390625 0.048828125
0 0.81953125 0.7119140625 0.0390625 0.048828125
0 0.56796875 0.4912109375 0.0390625 0.048828125
0 0.76171875 0.4912109375 0.0390625 0.048828125
0 0.60703125 0.3935546875 0.0390625 0.048828125
0 0.85859375 0.6142578125 0.0390625 0.048828125
0 0.70390625 0.2724609375 0.0390625 0.048828125
0 0.60546875 0.6357421875 0.0390625 0.048828125
0 0.78203125 0.3193359375 0.0390625 0.048828125
0 0.88046875 0.4423828125 0.0390625 0.048828125
0 0.62734375 0.2236328125 0.0390625 0.048828125
0 0.83984375 0.5400390625 0.0390625 0.048828125
0 0.98046875 0.4423828125 0.0390625 0.048828125
0 0.96015625 0.4912109375 0.0390625 0.048828125
0 0.93984375 0.4169921875 0.0390625 0.048828125
0 0.58984375 0.2001953125 0.0390625 0.048828125
0 0.45234375 0.5380859375 0.0390625 0.048828125
