0 0.34921875 0.62109375 0.0390625 0.046875
0 0.42890625 0.6767578125 0.0390625 0.048828125
0 0.35390625 0.51953125 0.0390625 0.046875
0 0.42421875 0.77734375 0.0390625 0.046875
0 0.51171875 0.6806640625 0.0390625 0.048828125
0 0.3953125 0.5234375 0.0375 0.046875
0 0.43828125 0.47265625 0.0390625 0.046875
0 0.315625 0.416015625 0.0375 0.046875
0 0.35703125 0.470703125 0.0390625 0.046875
0 0.43359375 0.576171875 0.0390625 0.046875
0 0.50546875 0.78125 0.0390625 0.046875
0 0.35078125 0.572265625 0.0390625 0.046875
0 0.31171875 0.51953125 0.0390625 0.046875
0 0.515625 0.5791015625 0.0375 0.048828125
0 0.346875 0.673828125 0.0375 0.046875
0 0.38515625 0.7255859375 0.0390625 0.048828125
0 0.39921875 0.421875 0.0390625 0.046875
0 0.34453125 0.7255859375 0.0390625 0.048828125
0 0.35859375 0.4189453125 0.0390625 0.048828125
0 0.44453125 0.37109375 0.0390625 0.046875
0 0.52109375 0.478515625 0.0390625 0.046875
0 0.38984375 0.6240234375 0.0390625 0.048828125
0 0.30546875 0.619140625 0.0390625 0.046875
0 0.31953125 0.3671875 0.0390625 0.046875
0 0.36015625 0.3671875 0.0390625 0.046875
0 0.4796875 0.478515625 0.040625 0.046875
0 0.42265625 0.8291015625 0.0390625 0.048828125
0 0.56640625 0.37890625 0.0390625 0.046875
0 0.55234375 0.681640625 0.0390625 0.05078125
0 0.56171875 0.48046875 0.0390625 0.046875
0 0.475 0.576171875 0.0375 0.046875
0 0.48515625 0.3740234375 0.0390625 0.048828125
0 0.4703125 0.677734375 0.040625 0.046875
0 0.42578125 0.728515625 0.0390625 0.046875
0 0.4015625 0.37109375 0.040625 0.046875
0 0.52578125 0.376953125 0.0390625 0.046875
0 0.5578125 0.58203125 0.040625 0.046875
0 0.47265625 0.62890625 0.0390625 0.046875
0 0.5484375 0.78125 0.040625 0.046875
0 0.5859375 0.8359375 0.040625 0.046875
0 0.30234375 0.72265625 0.0390625 0.046875
0 0.43125 0.626953125 0.040625 0.046875
0 0.603125 0.4814453125 0.0375 0.048828125
0 0.315625 0.46875 0.0375 0.046875
0 0.509375 0.73046875 0.040625 0.046875
0 0.34140625 0.775390625 0.0390625 0.046875
0 0.39765625 0.4716796875 0.0390625 0.048828125
0 0.3390625 0.82421875 0.0375 0.046875
0 0.56953125 0.326171875 0.0390625 0.046875
0 0.59140625 0.734375 0.0390625 0.046875
0 0.51328125 0.62890625 0.0390625 0.046875
0 0.4671875 0.7294921875 0.0375 0.048828125
0 0.51875 0.529296875 0.040625 0.046875
0 0.31953125 0.314453125 0.0390625 0.046875
0 0.43671875 0.525390625 0.0390625 0.046875
0 0.60859375 0.380859375 0.0390625 0.046875
0 0.47734375 0.52734375 0.0390625 0.046875
0 0.59921875 0.58203125 0.0390625 0.046875
0 0.5234375 0.427734375 0.0375 0.046875
0 0.50390625 0.83203125 0.0390625 0.046875
0 0.59296875 0.685546875 0.0390625 0.046875
0 0.44609375 0.3203125 0.0390625 0.046875
0 0.3796875 0.826171875 0.0375 0.046875
0 0.39296875 0.572265625 0.0390625 0.046875
0 0.46484375 0.779296875 0.0390625 0.046875
0 0.58984375 0.787109375 0.0390625 0.046875
0 0.5953125 0.634765625 0.0375 0.05078125
0 0.528125 0.32421875 0.040625 0.046875
0 0.440625 0.423828125 0.040625 0.046875
0 0.31015625 0.5703125 0.0390625 0.046875
0 0.36171875 0.3173828125 0.0390625 0.048828125
0 0.40546875 0.3203125 0.0390625 0.046875
0 0.4828125 0.423828125 0.0375 0.046875
0 0.56484375 0.4296875 0.0390625 0.05078125
0 0.46328125 0.8291015625 0.0390625 0.048828125
0 0.60078125 0.53125 0.0390625 0.046875
0 0.56015625 0.529296875 0.0390625 0.046875
0 0.55078125 0.732421875 0.0390625 0.046875
0 0.3875 0.67578125 0.0375 0.046875
0 0.55390625 0.630859375 0.0390625 0.046875
0 0.38359375 0.77734375 0.0390625 0.046875
0 0.60546875 0.4306640625 0.0390625 0.048828125
0 0.30078125 0.7734375 0.0390625 0.046875
0 0.30390625 0.671875 0.0390625 0.046875
0 0.48671875 0.32421875 0.0390625 0.046875
0 0.29609375 0.82421875 0.0390625 0.046875
0 0.6109375 0.3291015625 0.0375 0.048828125
0 0.54453125 0.833984375 0.0390625 0.046875
