0 0.42578125 0.7138671875 0.0390625 0.048828125
0 0.73984375 0.4560546875 0.0390625 0.048828125
0 0.72734375 0.5498046875 0.0390625 0.048828125
0 0.71640625 0.6435546875 0.0390625 0.048828125
0 0.58671875 0.7001953125 0.0390625 0.048828125
0 0.49765625 0.4794921875 0.0390625 0.048828125
0 0.59921875 0.6064453125 0.0390625 0.048828125
0 0.37265625 0.5361328125 0.0390625 0.048828125
0 0.57734375 0.4716796875 0.0390625 0.048828125
0 0.75234375 0.6884765625 0.0390625 0.048828125
0 0.50390625 0.4345703125 0.0390625 0.048828125
0 0.62890625 0.6982421875 0.0390625 0.048828125
0 0.47265625 0.6630859375 0.0390625 0.048828125
0 0.53984375 0.7509765625 0.0390625 0.048828125
0 0.43828125 0.6201171875 0.0390625 0.048828125
0 0.65234375 0.5107421875 0.0390625 0.048828125
0 0.63984375 0.6025390625 0.0390625 0.048828125
0 0.49140625 0.5244140625 0.0390625 0.048828125
0 0.48515625 0.5712890625 0.0390625 0.048828125
0 0.76484375 0.5927734375 0.0390625 0.048828125
0 0.59296875 0.6533203125 0.0390625 0.048828125
0 0.47890625 0.6162109375 0.0390625 0.048828125
0 0.61171875 0.5146484375 0.0390625 0.048828125
0 0.43203125 0.6669921875 0.0390625 0.048828125
0 0.44453125 0.5751953125 0.0390625 0.048828125
0 0.78671875 0.4072265625 0.0390625 0.048828125
0 0.45859375 0.7568359375 0.0390625 0.048828125
0 0.74765625 0.7353515625 0.0390625 0.048828125
0 0.63359375 0.6494140625 0.0390625 0.048828125
0 0.62265625 0.4228515625 0.0390625 0.048828125
0 0.41796875 0.7607421875 0.0390625 0.048828125
0 0.46484375 0.7099609375 0.0390625 0.048828125
0 0.56484375 0.5634765625 0.0390625 0.048828125
0 0.55234375 0.6572265625 0.0390625 0.048828125
0 0.58046875 0.7470703125 0.0390625 0.048828125
0 0.60546875 0.5595703125 0.0390625 0.048828125
0 0.77578125 0.4990234375 0.0390625 0.048828125
0 0.66328125 0.4189453125 0.0390625 0.048828125
0 0.75859375 0.6396484375 0.0390625 0.048828125
0 0.46484375 0.4384765625 0.0390625 0.048828125
0 0.67578125 0.6474609375 0.0390625 0.048828125
0 0.72265625 0.5966796875 0.0390625 0.048828125
0 0.71171875 0.6904296875 0.0390625 0.048828125
0 0.49921875 0.7548828125 0.0390625 0.048828125
0 0.65703125 0.4638671875 0.0390625 0.048828125
0 0.62265625 0.7451171875 0.0390625 0.048828125
0 0.54609375 0.7041015625 0.0390625 0.048828125
0 0.69921875 0.4599609375 0.0390625 0.048828125
0 0.38046875 0.4912109375 0.0390625 0.048828125
0 0.53671875 0.4755859375 0.0390625 0.048828125
0 0.73359375 0.5029296875 0.0390625 0.048828125
0 0.33828125 0.7666015625 0.0390625 0.048828125
0 0.57109375 0.5185546875 0.0390625 0.048828125
0 0.39296875 0.6708984375 0.0390625 0.048828125
0 0.39921875 0.6240234375 0.0390625 0.048828125
0 0.36640625 0.5830078125 0.0390625 0.048828125
0 0.66328125 0.7412109375 0.0390625 0.048828125
0 0.45234375 0.5302734375 0.0390625 0.048828125
0 0.38515625 0.7158203125 0.0390625 0.048828125
0 0.68671875 0.5537109375 0.0390625 0.048828125
0 0.35234375 0.6748046875 0.0390625 0.048828125
0 0.45859375 0.4833984375 0.0390625 0.048828125
0 0.76953125 0.5458984375 0.0390625 0.048828125
0 0.42578125 0.4423828125 0.0390625 0.048828125
0 0.37890625 0.7626953125 0.0390625 0.048828125
0 0.51171875 0.6591796875 0.0390625 0.048828125
0 0.64609375 0.5556640625 0.0390625 0.048828125
0 0.70546875 0.7392578125 0.0390625 0.048828125
0 0.78046875 0.4521484375 0.0390625 0.048828125
0 0.55859375 0.6103515625 0.0390625 0.048828125
0 0.66953125 0.6943359375 0.0390625 0.048828125
0 0.52421875 0.5673828125 0.0390625 0.048828125
0 0.51796875 0.6142578125 0.0390625 0.048828125
0 0.61796875 0.4677734375 0.0390625 0.048828125
0 0.36015625 0.6279296875 0.0390625 0.048828125
0 0.68046875 0.6005859375 0.0390625 0.048828125
0 0.69296875 0.5068359375 0.0390625 0.048828125
0 0.50546875 0.7060546875 0.0390625 0.048828125
0 0.53046875 0.5224609375 0.0390625 0.048828125
0 0.40546875 0.5791015625 0.0390625 0.048828125
0 0.34609375 0.7197265625 0.0390625 0.048828125
0 0.58359375 0.4267578125 0.0390625 0.048828125
0 0.41171875 0.5322265625 0.0390625 0.048828125
0 0.74609375 0.4111328125 0.0390625 0.048828125
0 0.41796875 0.4873046875 0.0390625 0.048828125
0 0.54296875 0.4306640625 0.0390625 0.048828125
0 0.70390625 0.4150390625 0.0390625 0.048828125
0 0.38671875 0.4462890625 0.0390625 0.048828125
