0 0.13828125 0.5546875 0.0546875 0.03515625
0 0.29140625 0.5498046875 0.0546875 0.037109375
0 0.09921875 0.4697265625 0.0546875 0.037109375
0 0.23359375 0.5927734375 0.0546875 0.037109375
0 0.29453125 0.380859375 0.0546875 0.03515625
0 0.19609375 0.5107421875 0.0546875 0.037109375
0 0.16015625 0.423828125 0.0546875 0.03515625
0 0.28828125 0.7158203125 0.0546875 0.037109375
0 0.17578125 0.638671875 0.0546875 0.03515625
0 0.19609375 0.6796875 0.0546875 0.03515625
0 0.31015625 0.5908203125 0.0546875 0.037109375
0 0.25234375 0.63671875 0.0546875 0.03515625
0 0.6859375 0.244140625 0.05625 0.03515625
0 0.52421875 0.203125 0.0546875 0.03515625
0 0.38671875 0.421875 0.0546875 0.03515625
0 0.4859375 0.291015625 0.05625 0.03515625
0 0.45078125 0.2060546875 0.0546875 0.037109375
0 0.27265625 0.5087890625 0.0546875 0.037109375
0 0.27265625 0.6748046875 0.0546875 0.037109375
0 0.21484375 0.5517578125 0.0546875 0.037109375
0 0.23359375 0.759765625 0.0546875 0.03515625
0 0.23671875 0.423828125 0.0546875 0.03515625
0 0.40859375 0.291015625 0.0546875 0.03515625
0 0.63046875 0.2880859375 0.0546875 0.037109375
0 0.40078125 0.62890625 0.0546875 0.03515625
0 0.59765625 0.203125 0.0546875 0.03515625
0 0.71953125 0.3291015625 0.0546875 0.037109375
0 0.33046875 0.46484375 0.0546875 0.03515625
0 0.25546875 0.46484375 0.0546875 0.03515625
0 0.31328125 0.421875 0.0546875 0.03515625
0 0.38515625 0.587890625 0.0546875 0.03515625
0 0.34609375 0.6728515625 0.0546875 0.037109375
0 0.42265625 0.50390625 0.0546875 0.03515625
0 0.40703125 0.462890625 0.0546875 0.03515625
0 0.61484375 0.2470703125 0.0546875 0.037109375
0 0.55703125 0.2880859375 0.0546875 0.037109375
0 0.70234375 0.2880859375 0.0546875 0.037109375
0 0.57109375 0.498046875 0.0546875 0.03515625
0 0.68046875 0.4140625 0.0546875 0.03515625
0 0.43984375 0.544921875 0.0546875 0.03515625
0 0.21484375 0.720703125 0.0546875 0.03515625
0 0.58984375 0.373046875 0.0546875 0.03515625
0 0.36484375 0.546875 0.0546875 0.03515625
0 0.45859375 0.5859375 0.0546875 0.03515625
0 0.54140625 0.2470703125 0.0546875 0.037109375
0 0.03984375 0.515625 0.0546875 0.03515625
0 0.05859375 0.556640625 0.0546875 0.03515625
0 0.08046875 0.6005859375 0.0546875 0.037109375
0 0.15703125 0.7646484375 0.0546875 0.037109375
0 0.17578125 0.8056640625 0.0546875 0.037109375
0 0.13828125 0.7236328125 0.0546875 0.037109375
0 0.11953125 0.6826171875 0.0546875 0.037109375
0 0.09921875 0.6416015625 0.0546875 0.037109375
0 0.34921875 0.505859375 0.0546875 0.03515625
0 0.35234375 0.3369140625 0.0546875 0.037109375
0 0.33515625 0.29296875 0.0546875 0.03515625
0 0.51328125 0.5419921875 0.0546875 0.037109375
0 0.496875 0.5009765625 0.05625 0.037109375
0 0.48046875 0.4599609375 0.0546875 0.037109375
0 0.46171875 0.4189453125 0.0546875 0.037109375
0 0.44453125 0.375 0.0546875 0.03515625
0 0.42890625 0.333984375 0.0546875 0.03515625
0 0.55234375 0.45703125 0.0546875 0.03515625
0 0.53515625 0.416015625 0.0546875 0.03515625
0 0.51953125 0.375 0.0546875 0.03515625
0 0.50234375 0.33203125 0.0546875 0.03515625
0 0.62265625 0.455078125 0.0546875 0.03515625
0 0.60859375 0.4140625 0.0546875 0.03515625
0 0.57578125 0.33203125 0.0546875 0.03515625
0 0.6640625 0.3701171875 0.05625 0.037109375
0 0.64765625 0.3291015625 0.0546875 0.037109375
0 0.73515625 0.3701171875 0.0546875 0.037109375
0 0.67265625 0.203125 0.0546875 0.03515625
0 0.65546875 0.16015625 0.0546875 0.03515625
0 0.56484375 0.11328125 0.0546875 0.03515625
0 0.32734375 0.6328125 0.0546875 0.03515625
0 0.15859375 0.5966796875 0.0453125 0.033203125
0 0.11953125 0.5146484375 0.0546875 0.033203125
0 0.17578125 0.46875 0.0546875 0.03515625
0 0.21796875 0.3818359375 0.0546875 0.033203125
0 0.36953125 0.3779296875 0.0515625 0.029296875
0 0.2765625 0.33984375 0.053125 0.03125
0 0.46796875 0.25 0.0515625 0.03515625
0 0.39140625 0.25 0.0515625 0.03515625
0 0.63671875 0.1201171875 0.0484375 0.033203125
0 0.58046875 0.162109375 0.0515625 0.03125
0 0.5078125 0.1611328125 0.05625 0.033203125
