0 0.4359375 0.560546875 0.040625 0.05078125
0 0.5921875 0.6396484375 0.040625 0.048828125
0 0.3296875 0.615234375 0.040625 0.05078125
0 0.5515625 0.3427734375 0.040625 0.048828125
0 0.54453125 0.505859375 0.0390625 0.046875
0 0.5984375 0.4775390625 0.040625 0.048828125
0 0.2828125 0.48046875 0.040625 0.05078125
0 0.38984375 0.42578125 0.0390625 0.05078125
0 0.44453125 0.3994140625 0.0390625 0.048828125
0 0.44453125 0.6748046875 0.0390625 0.048828125
0 0.59921875 0.7568359375 0.0390625 0.048828125
0 0.26640625 0.529296875 0.0390625 0.046875
0 0.62265625 0.544921875 0.0390625 0.05078125
0 0.709375 0.4228515625 0.040625 0.048828125
0 0.3984375 0.26171875 0.040625 0.046875
0 0.3828125 0.587890625 0.0375 0.05078125
0 0.5375 0.390625 0.040625 0.05078125
0 0.31875 0.220703125 0.040625 0.05078125
0 0.3734375 0.47265625 0.040625 0.05078125
0 0.4203125 0.3310546875 0.040625 0.048828125
0 0.34375 0.5673828125 0.040625 0.048828125
0 0.5765625 0.41015625 0.040625 0.05078125
0 0.584375 0.525390625 0.040625 0.05078125
0 0.4671875 0.46484375 0.040625 0.05078125
0 0.2578125 0.4140625 0.040625 0.046875
0 0.6546875 0.4501953125 0.040625 0.048828125
0 0.49921875 0.6474609375 0.0390625 0.048828125
0 0.38125 0.310546875 0.040625 0.05078125
0 0.615625 0.70703125 0.0375 0.05078125
0 0.3046875 0.5478515625 0.040625 0.048828125
0 0.25 0.5751953125 0.040625 0.048828125
0 0.60625 0.5927734375 0.040625 0.048828125
0 0.4203125 0.607421875 0.040625 0.05078125
0 0.228125 0.5078125 0.040625 0.05078125
0 0.490625 0.5341796875 0.040625 0.048828125
0 0.6796875 0.517578125 0.040625 0.05078125
0 0.5296875 0.552734375 0.040625 0.05078125
0 0.5515625 0.62109375 0.040625 0.046875
0 0.4828125 0.6943359375 0.040625 0.048828125
0 0.3984375 0.54296875 0.040625 0.05078125
0 0.615625 0.4306640625 0.0375 0.048828125
0 0.365625 0.3583984375 0.040625 0.048828125
0 0.4984375 0.37109375 0.0375 0.05078125
0 0.3046875 0.26953125 0.040625 0.046875
0 0.34375 0.291015625 0.040625 0.05078125
0 0.671875 0.4033203125 0.040625 0.048828125
0 0.35859375 0.2412109375 0.0390625 0.048828125
0 0.5046875 0.4853515625 0.040625 0.048828125
0 0.3515625 0.4052734375 0.040625 0.048828125
0 0.28984375 0.5947265625 0.0390625 0.048828125
0 0.33671875 0.453125 0.0390625 0.05078125
0 0.4125 0.4931640625 0.040625 0.048828125
0 0.459375 0.3505859375 0.040625 0.048828125
0 0.646875 0.61328125 0.040625 0.046875
0 0.63125 0.3828125 0.040625 0.05078125
0 0.453125 0.513671875 0.040625 0.046875
0 0.5765625 0.6875 0.040625 0.05078125
0 0.31171875 0.3857421875 0.0390625 0.048828125
0 0.475 0.3037109375 0.040625 0.048828125
0 0.5375 0.6669921875 0.040625 0.048828125
0 0.24296875 0.4599609375 0.0390625 0.048828125
0 0.2890625 0.318359375 0.040625 0.05078125
0 0.56875 0.572265625 0.040625 0.05078125
0 0.66171875 0.5654296875 0.0390625 0.048828125
0 0.69375 0.470703125 0.040625 0.05078125
0 0.459375 0.62890625 0.040625 0.046875
0 0.296875 0.435546875 0.040625 0.05078125
0 0.428125 0.4453125 0.040625 0.05078125
0 0.21171875 0.5546875 0.0390625 0.05078125
0 0.521875 0.4375 0.040625 0.05078125
0 0.5140625 0.3232421875 0.040625 0.048828125
0 0.40546875 0.3779296875 0.0390625 0.048828125
0 0.475 0.580078125 0.040625 0.05078125
0 0.3265625 0.337890625 0.040625 0.05078125
0 0.59140625 0.361328125 0.0390625 0.046875
0 0.559375 0.4580078125 0.040625 0.048828125
0 0.359375 0.521484375 0.040625 0.046875
0 0.5140625 0.599609375 0.040625 0.05078125
0 0.32109375 0.5 0.0390625 0.05078125
0 0.5234375 0.712890625 0.040625 0.046875
0 0.271875 0.365234375 0.040625 0.05078125
0 0.36640625 0.634765625 0.0390625 0.05078125
0 0.4359375 0.283203125 0.040625 0.05078125
0 0.63125 0.66015625 0.040625 0.05078125
0 0.40625 0.6552734375 0.040625 0.048828125
0 0.48203125 0.41796875 0.0390625 0.05078125
0 0.5625 0.736328125 0.040625 0.046875
0 0.6390625 0.498046875 0.040625 0.05078125
