0 0.63984375 0.6826171875 0.0390625 0.048828125
0 0.52890625 0.7900390625 0.0390625 0.048828125
0 0.74921875 0.5732421875 0.0390625 0.048828125
0 0.61640625 0.5908203125 0.0390625 0.048828125
0 0.51328125 0.5439453125 0.0390625 0.048828125
0 0.42734375 0.7412109375 0.0390625 0.048828125
0 0.73828125 0.5283203125 0.0390625 0.048828125
0 0.39765625 0.8076171875 0.0390625 0.048828125
0 0.65078125 0.3720703125 0.0390625 0.048828125
0 0.35703125 0.8291015625 0.0390625 0.048828125
0 0.47890625 0.7666015625 0.0390625 0.048828125
0 0.37421875 0.5185546875 0.0390625 0.048828125
0 0.53671875 0.6337890625 0.0390625 0.048828125
0 0.38671875 0.7626953125 0.0390625 0.048828125
0 0.37734375 0.7158203125 0.0390625 0.048828125
0 0.61171875 0.3935546875 0.0390625 0.048828125
0 0.66171875 0.4150390625 0.0390625 0.048828125
0 0.52578125 0.5888671875 0.0390625 0.048828125
0 0.39609375 0.6064453125 0.0390625 0.048828125
0 0.41328125 0.4970703125 0.0390625 0.048828125
0 0.61015625 0.7490234375 0.0390625 0.048828125
0 0.49609375 0.6533203125 0.0390625 0.048828125
0 0.56484375 0.5673828125 0.0390625 0.048828125
0 0.76171875 0.6181640625 0.0390625 0.048828125
0 0.69296875 0.7060546875 0.0390625 0.048828125
0 0.43828125 0.7861328125 0.0390625 0.048828125
0 0.47421875 0.5654296875 0.0390625 0.048828125
0 0.54296875 0.4775390625 0.0390625 0.048828125
0 0.33671875 0.7373046875 0.0390625 0.048828125
0 0.63359375 0.4814453125 0.0390625 0.048828125
0 0.57578125 0.6123046875 0.0390625 0.048828125
0 0.41640625 0.6962890625 0.0390625 0.048828125
0 0.72578125 0.4833984375 0.0390625 0.048828125
0 0.42421875 0.5419921875 0.0390625 0.048828125
0 0.45234375 0.4755859375 0.0390625 0.048828125
0 0.77421875 0.6650390625 0.0390625 0.048828125
0 0.33515625 0.5380859375 0.0390625 0.048828125
0 0.30546875 0.6025390625 0.0390625 0.048828125
0 0.36796875 0.8759765625 0.0390625 0.048828125
0 0.62734375 0.6357421875 0.0390625 0.048828125
0 0.60546875 0.5458984375 0.0390625 0.048828125
0 0.70234375 0.3935546875 0.0390625 0.048828125
0 0.70859375 0.5947265625 0.0390625 0.048828125
0 0.46640625 0.7197265625 0.0390625 0.048828125
0 0.53203125 0.4345703125 0.0390625 0.048828125
0 0.32734375 0.6923828125 0.0390625 0.048828125
0 0.67421875 0.4599609375 0.0390625 0.048828125
0 0.59921875 0.7021484375 0.0390625 0.048828125
0 0.68515625 0.5048828125 0.0390625 0.048828125
0 0.38515625 0.5615234375 0.0390625 0.048828125
0 0.43515625 0.5849609375 0.0390625 0.048828125
0 0.50703125 0.6982421875 0.0390625 0.048828125
0 0.51796875 0.7451171875 0.0390625 0.048828125
0 0.54765625 0.6787109375 0.0390625 0.048828125
0 0.71484375 0.4384765625 0.0390625 0.048828125
0 0.44609375 0.6298828125 0.0390625 0.048828125
0 0.68046875 0.6611328125 0.0390625 0.048828125
0 0.72109375 0.6396484375 0.0390625 0.048828125
0 0.40546875 0.6494140625 0.0390625 0.048828125
0 0.34609375 0.5830078125 0.0390625 0.048828125
0 0.55390625 0.5224609375 0.0390625 0.048828125
0 0.65078125 0.7275390625 0.0390625 0.048828125
0 0.62265625 0.4365234375 0.0390625 0.048828125
0 0.40859375 0.8544921875 0.0390625 0.048828125
0 0.58828125 0.6572265625 0.0390625 0.048828125
0 0.48515625 0.6103515625 0.0390625 0.048828125
0 0.49140625 0.4560546875 0.0390625 0.048828125
0 0.36640625 0.6708984375 0.0390625 0.048828125
0 0.66796875 0.6142578125 0.0390625 0.048828125
0 0.44921875 0.8330078125 0.0390625 0.048828125
0 0.46328125 0.5205078125 0.0390625 0.048828125
0 0.31640625 0.6474609375 0.0390625 0.048828125
0 0.59296875 0.5009765625 0.0390625 0.048828125
0 0.64453125 0.5263671875 0.0390625 0.048828125
0 0.29609375 0.5595703125 0.0390625 0.048828125
0 0.35546875 0.6259765625 0.0390625 0.048828125
0 0.57109375 0.4130859375 0.0390625 0.048828125
0 0.50234375 0.4990234375 0.0390625 0.048828125
0 0.69140625 0.3505859375 0.0390625 0.048828125
0 0.34765625 0.7841796875 0.0390625 0.048828125
0 0.55859375 0.7236328125 0.0390625 0.048828125
0 0.45703125 0.6748046875 0.0390625 0.048828125
0 0.58203125 0.4580078125 0.0390625 0.048828125
0 0.73359375 0.6845703125 0.0390625 0.048828125
0 0.69765625 0.5498046875 0.0390625 0.048828125
0 0.65703125 0.5693359375 0.0390625 0.048828125
0 0.48828125 0.8115234375 0.0390625 0.048828125
0 0.56953125 0.7705078125 0.0390625 0.048828125
