0 0.234375 0.4619140625 0.0625 0.056640625
0 0.6109375 0.583984375 0.0625 0.05859375
0 0.6359375 0.271484375 0.065625 0.05859375
0 0.6140625 0.400390625 0.065625 0.05859375
0 0.7109375 0.294921875 0.065625 0.05859375
0 0.80546875 0.5537109375 0.0640625 0.060546875
0 0.78828125 0.5009765625 0.0640625 0.060546875
0 0.709375 0.4765625 0.0625 0.0625
0 0.56015625 0.25 0.0640625 0.05859375
0 0.7890625 0.3173828125 0.0625 0.060546875
0 0.4421875 0.4814453125 0.065625 0.060546875
0 0.45546875 0.7177734375 0.0640625 0.060546875
0 0.6328125 0.451171875 0.0625 0.05859375
0 0.38828125 0.3310546875 0.0640625 0.060546875
0 0.46328125 0.3544921875 0.0640625 0.060546875
0 0.41875 0.61328125 0.065625 0.05859375
0 0.3671875 0.458984375 0.065625 0.05859375
0 0.253125 0.513671875 0.065625 0.0625
0 0.8875 0.392578125 0.065625 0.05859375
0 0.3796875 0.6904296875 0.065625 0.060546875
0 0.3828125 0.5107421875 0.0625 0.060546875
0 0.4375 0.6650390625 0.0625 0.060546875
0 0.5390625 0.3759765625 0.065625 0.060546875
0 0.9078125 0.4443359375 0.0625 0.060546875
0 0.53359375 0.55859375 0.0609375 0.0625
0 0.4578125 0.5341796875 0.0625 0.060546875
0 0.34296875 0.5888671875 0.0640625 0.056640625
0 0.425 0.43359375 0.065625 0.05859375
0 0.3609375 0.638671875 0.0625 0.05859375
0 0.496875 0.63671875 0.0625 0.05859375
0 0.6171875 0.2197265625 0.0625 0.060546875
0 0.571875 0.6611328125 0.0625 0.060546875
0 0.728125 0.5302734375 0.065625 0.060546875
0 0.51796875 0.5048828125 0.0640625 0.060546875
0 0.6921875 0.2451171875 0.0625 0.056640625
0 0.6890625 0.607421875 0.0625 0.05859375
0 0.6921875 0.4248046875 0.0625 0.056640625
0 0.76875 0.44921875 0.0625 0.05859375
0 0.503125 0.27734375 0.0625 0.05859375
0 0.3375 0.7705078125 0.0625 0.060546875
0 0.596875 0.349609375 0.065625 0.0625
0 0.328125 0.5380859375 0.065625 0.060546875
0 0.48203125 0.404296875 0.0609375 0.05859375
0 0.59296875 0.5302734375 0.0640625 0.060546875
0 0.50078125 0.45703125 0.0640625 0.05859375
0 0.34921875 0.4072265625 0.0640625 0.060546875
0 0.57578125 0.4794921875 0.0640625 0.060546875
0 0.675 0.193359375 0.0625 0.0625
0 0.6546875 0.3232421875 0.0625 0.060546875
0 0.29140625 0.435546875 0.0640625 0.05859375
0 0.5578125 0.427734375 0.0625 0.05859375
0 0.65078125 0.5029296875 0.0640625 0.060546875
0 0.55390625 0.609375 0.0640625 0.05859375
0 0.475 0.5849609375 0.0625 0.060546875
0 0.671875 0.5556640625 0.0625 0.060546875
0 0.5203125 0.3291015625 0.0625 0.060546875
0 0.3046875 0.6669921875 0.065625 0.060546875
0 0.2859375 0.615234375 0.0625 0.05859375
0 0.8671875 0.3408203125 0.0625 0.060546875
0 0.578125 0.30078125 0.0625 0.05859375
0 0.321875 0.7197265625 0.065625 0.060546875
0 0.27421875 0.3837890625 0.0640625 0.060546875
0 0.928125 0.4970703125 0.065625 0.060546875
0 0.73125 0.3466796875 0.0625 0.060546875
0 0.84921875 0.2919921875 0.0640625 0.060546875
0 0.84765625 0.4736328125 0.0609375 0.060546875
0 0.74921875 0.3984375 0.0640625 0.05859375
0 0.81015625 0.189453125 0.0640625 0.05859375
0 0.77109375 0.267578125 0.0640625 0.0625
0 0.67265625 0.3740234375 0.0640625 0.060546875
0 0.82734375 0.421875 0.0640625 0.05859375
0 0.4453125 0.302734375 0.0625 0.05859375
0 0.309375 0.486328125 0.0625 0.05859375
0 0.33125 0.357421875 0.0625 0.0625
0 0.4 0.5615234375 0.0625 0.060546875
0 0.62890625 0.6337890625 0.0640625 0.056640625
0 0.40625 0.3818359375 0.0625 0.060546875
0 0.7484375 0.5810546875 0.0625 0.056640625
0 0.81015625 0.369140625 0.0640625 0.05859375
0 0.75078125 0.2158203125 0.0609375 0.056640625
0 0.86640625 0.5244140625 0.0640625 0.060546875
0 0.5125 0.6904296875 0.0625 0.060546875
0 0.7890625 0.1376953125 0.0625 0.060546875
0 0.396875 0.7431640625 0.065625 0.060546875
0 0.73203125 0.1669921875 0.0640625 0.060546875
0 0.828125 0.240234375 0.0625 0.05859375
0 0.2703125 0.5634765625 0.065625 0.060546875
0 0.2203125 0.412109375 0.0625 0.05859375
