0 0.38671875 0.564453125 0.0390625 0.046875
0 0.4421875 0.263671875 0.040625 0.046875
0 0.4703125 0.5693359375 0.040625 0.048828125
0 0.3921875 0.4638671875 0.040625 0.044921875
0 0.3484375 0.5126953125 0.0375 0.044921875
0 0.5265625 0.2177734375 0.040625 0.048828125
0 0.521875 0.3193359375 0.040625 0.048828125
0 0.446875 0.1611328125 0.0375 0.048828125
0 0.30703125 0.5107421875 0.0390625 0.048828125
0 0.39609375 0.361328125 0.0390625 0.046875
0 0.38515625 0.6171875 0.0390625 0.046875
0 0.303125 0.6103515625 0.0375 0.048828125
0 0.465625 0.669921875 0.0375 0.046875
0 0.40078125 0.2626953125 0.0390625 0.044921875
0 0.4046875 0.158203125 0.0375 0.046875
0 0.4453125 0.2109375 0.0375 0.046875
0 0.3640625 0.1572265625 0.040625 0.048828125
0 0.4828125 0.2666015625 0.0375 0.048828125
0 0.47421875 0.4677734375 0.0390625 0.048828125
0 0.30859375 0.458984375 0.0390625 0.046875
0 0.5296875 0.16796875 0.0375 0.046875
0 0.5109375 0.5712890625 0.0375 0.048828125
0 0.3046875 0.560546875 0.0375 0.046875
0 0.34375 0.6123046875 0.040625 0.048828125
0 0.359375 0.2587890625 0.0375 0.048828125
0 0.47890625 0.3681640625 0.0390625 0.048828125
0 0.515625 0.470703125 0.0375 0.046875
0 0.3625 0.208984375 0.0375 0.046875
0 0.6046875 0.3251953125 0.040625 0.044921875
0 0.525 0.26953125 0.0375 0.046875
0 0.4375 0.3662109375 0.0375 0.048828125
0 0.35 0.4619140625 0.040625 0.048828125
0 0.4328125 0.466796875 0.0375 0.046875
0 0.4671875 0.6201171875 0.0375 0.048828125
0 0.3828125 0.6669921875 0.0375 0.048828125
0 0.42890625 0.568359375 0.0390625 0.046875
0 0.5515625 0.5732421875 0.0375 0.044921875
0 0.353125 0.41015625 0.0375 0.046875
0 0.5203125 0.369140625 0.040625 0.046875
0 0.546875 0.673828125 0.0375 0.046875
0 0.5671875 0.220703125 0.0375 0.046875
0 0.3546875 0.3603515625 0.0375 0.048828125
0 0.6078125 0.2724609375 0.0375 0.048828125
0 0.609375 0.2236328125 0.0375 0.044921875
0 0.3140625 0.3583984375 0.040625 0.048828125
0 0.4765625 0.41796875 0.040625 0.046875
0 0.38984375 0.5146484375 0.0390625 0.044921875
0 0.5609375 0.3720703125 0.0375 0.048828125
0 0.5171875 0.419921875 0.0375 0.046875
0 0.43125 0.5166015625 0.0375 0.048828125
0 0.5546875 0.5224609375 0.040625 0.048828125
0 0.6 0.4248046875 0.040625 0.044921875
0 0.54921875 0.6240234375 0.0390625 0.044921875
0 0.5953125 0.5244140625 0.0375 0.044921875
0 0.440625 0.3134765625 0.0375 0.044921875
0 0.58828125 0.677734375 0.0390625 0.046875
0 0.55546875 0.4736328125 0.0390625 0.044921875
0 0.32265625 0.154296875 0.0390625 0.046875
0 0.47109375 0.51953125 0.0390625 0.046875
0 0.34609375 0.5615234375 0.0390625 0.048828125
0 0.31796875 0.2568359375 0.0390625 0.048828125
0 0.50546875 0.6708984375 0.0390625 0.048828125
0 0.56640625 0.2705078125 0.0390625 0.048828125
0 0.5921875 0.5751953125 0.040625 0.044921875
0 0.31171875 0.4091796875 0.0390625 0.048828125
0 0.59765625 0.474609375 0.0390625 0.046875
0 0.6015625 0.3759765625 0.0375 0.048828125
0 0.3953125 0.4140625 0.0375 0.046875
0 0.425 0.6181640625 0.0375 0.048828125
0 0.6125 0.1708984375 0.040625 0.048828125
0 0.559375 0.4228515625 0.0375 0.044921875
0 0.3578125 0.310546875 0.040625 0.046875
0 0.5078125 0.62109375 0.040625 0.046875
0 0.48828125 0.1640625 0.0390625 0.046875
0 0.39921875 0.3115234375 0.0390625 0.048828125
0 0.3171875 0.306640625 0.0375 0.046875
0 0.4875 0.216796875 0.0375 0.046875
0 0.4359375 0.4169921875 0.040625 0.048828125
0 0.51328125 0.521484375 0.0390625 0.046875
0 0.56328125 0.3203125 0.0390625 0.046875
0 0.4796875 0.318359375 0.040625 0.046875
0 0.5890625 0.626953125 0.0375 0.046875
0 0.42421875 0.66796875 0.0390625 0.046875
0 0.3 0.66015625 0.040625 0.046875
0 0.32109375 0.2041015625 0.0390625 0.044921875
0 0.40390625 0.2099609375 0.0390625 0.048828125
0 0.57109375 0.1689453125 0.0390625 0.048828125
0 0.340625 0.6650390625 0.0375 0.044921875
