0 0.69765625 0.5693359375 0.0390625 0.048828125
0 0.62109375 0.3701171875 0.0390625 0.048828125
0 0.52265625 0.4912109375 0.0390625 0.048828125
0 0.24765625 0.5361328125 0.0390625 0.048828125
0 0.46171875 0.7138671875 0.0390625 0.048828125
0 0.73671875 0.6689453125 0.0390625 0.048828125
0 0.32734375 0.4873046875 0.0390625 0.048828125
0 0.34609375 0.5380859375 0.0390625 0.048828125
0 0.42109375 0.8623046875 0.0390625 0.048828125
0 0.52109375 0.6142578125 0.0390625 0.048828125
0 0.67734375 0.6416015625 0.0390625 0.048828125
0 0.50234375 0.5654296875 0.0390625 0.048828125
0 0.28671875 0.6357421875 0.0390625 0.048828125
0 0.52109375 0.7392578125 0.0390625 0.048828125
0 0.59921875 0.6904296875 0.0390625 0.048828125
0 0.65859375 0.5927734375 0.0390625 0.048828125
0 0.38359375 0.6376953125 0.0390625 0.048828125
0 0.69765625 0.6923828125 0.0390625 0.048828125
0 0.60078125 0.4423828125 0.0390625 0.048828125
0 0.48359375 0.5146484375 0.0390625 0.048828125
0 0.57890625 0.7646484375 0.0390625 0.048828125
0 0.42421875 0.6123046875 0.0390625 0.048828125
0 0.52265625 0.3662109375 0.0390625 0.048828125
0 0.56015625 0.5908203125 0.0390625 0.048828125
0 0.36328125 0.8369140625 0.0390625 0.048828125
0 0.42265625 0.7373046875 0.0390625 0.048828125
0 0.56015625 0.7158203125 0.0390625 0.048828125
0 0.22578125 0.6083984375 0.0390625 0.048828125
0 0.56171875 0.4658203125 0.0390625 0.048828125
0 0.63828125 0.5419921875 0.0390625 0.048828125
0 0.65859375 0.4677734375 0.0390625 0.048828125
0 0.20703125 0.5556640625 0.0390625 0.048828125
0 0.56171875 0.3427734375 0.0390625 0.048828125
0 0.61796875 0.6162109375 0.0390625 0.048828125
0 0.65703125 0.7177734375 0.0390625 0.048828125
0 0.50078125 0.8134765625 0.0390625 0.048828125
0 0.42421875 0.4892578125 0.0390625 0.048828125
0 0.40390625 0.6865234375 0.0390625 0.048828125
0 0.34453125 0.6611328125 0.0390625 0.048828125
0 0.61953125 0.4931640625 0.0390625 0.048828125
0 0.30234375 0.8095703125 0.0390625 0.048828125
0 0.38359375 0.7626953125 0.0390625 0.048828125
0 0.28359375 0.7587890625 0.0390625 0.048828125
0 0.46171875 0.8388671875 0.0390625 0.048828125
0 0.30703125 0.5615234375 0.0390625 0.048828125
0 0.38515625 0.5126953125 0.0390625 0.048828125
0 0.30546875 0.6865234375 0.0390625 0.048828125
0 0.46328125 0.4638671875 0.0390625 0.048828125
0 0.63828125 0.6669921875 0.0390625 0.048828125
0 0.50234375 0.4404296875 0.0390625 0.048828125
0 0.53984375 0.6650390625 0.0390625 0.048828125
0 0.59921875 0.5673828125 0.0390625 0.048828125
0 0.44453125 0.4150390625 0.0390625 0.048828125
0 0.67734375 0.5185546875 0.0390625 0.048828125
0 0.44296875 0.5380859375 0.0390625 0.048828125
0 0.46328125 0.5888671875 0.0390625 0.048828125
0 0.24609375 0.6572265625 0.0390625 0.048828125
0 0.32421875 0.7373046875 0.0390625 0.048828125
0 0.48046875 0.7626953125 0.0390625 0.048828125
0 0.50078125 0.6884765625 0.0390625 0.048828125
0 0.32265625 0.8583984375 0.0390625 0.048828125
0 0.36484375 0.5869140625 0.0390625 0.048828125
0 0.40234375 0.8134765625 0.0390625 0.048828125
0 0.36328125 0.7119140625 0.0390625 0.048828125
0 0.63984375 0.4189453125 0.0390625 0.048828125
0 0.34296875 0.7861328125 0.0390625 0.048828125
0 0.40546875 0.4384765625 0.0390625 0.048828125
0 0.48203125 0.6396484375 0.0390625 0.048828125
0 0.58203125 0.3935546875 0.0390625 0.048828125
0 0.44140625 0.7880859375 0.0390625 0.048828125
0 0.58046875 0.5166015625 0.0390625 0.048828125
0 0.48359375 0.3916015625 0.0390625 0.048828125
0 0.40390625 0.5615234375 0.0390625 0.048828125
0 0.26796875 0.5849609375 0.0390625 0.048828125
0 0.54140625 0.5400390625 0.0390625 0.048828125
0 0.53984375 0.7900390625 0.0390625 0.048828125
0 0.32578125 0.6103515625 0.0390625 0.048828125
0 0.28828125 0.5107421875 0.0390625 0.048828125
0 0.54140625 0.4169921875 0.0390625 0.048828125
0 0.36640625 0.4638671875 0.0390625 0.048828125
0 0.57890625 0.6416015625 0.0390625 0.048828125
0 0.60078125 0.3193359375 0.0390625 0.048828125
0 0.44296875 0.6630859375 0.0390625 0.048828125
0 0.71640625 0.6181640625 0.0390625 0.048828125
0 0.26484375 0.7080078125 0.0390625 0.048828125
0 0.61796875 0.7412109375 0.0390625 0.048828125
0 0.38203125 0.8857421875 0.0390625 0.025390625
