0 0.42109375 0.8173828125 0.0421875 0.048828125
0 0.50546875 0.8134765625 0.0390625 0.048828125
0 0.41640625 0.6064453125 0.0390625 0.048828125
0 0.41953125 0.7109375 0.0390625 0.05078125
0 0.59140625 0.8095703125 0.0390625 0.048828125
0 0.33671875 0.8203125 0.0390625 0.05078125
0 0.63359375 0.8076171875 0.0421875 0.048828125
0 0.5046875 0.70703125 0.040625 0.046875
0 0.45859375 0.60546875 0.0390625 0.05078125
0 0.5875 0.599609375 0.040625 0.046875
0 0.50078125 0.4970703125 0.0390625 0.048828125
0 0.5015625 0.603515625 0.040625 0.05078125
0 0.4625 0.7099609375 0.040625 0.048828125
0 0.58203125 0.388671875 0.0390625 0.046875
0 0.63046875 0.701171875 0.0390625 0.05078125
0 0.5828125 0.49609375 0.040625 0.05078125
0 0.33359375 0.6630859375 0.0421875 0.048828125
0 0.33125 0.609375 0.040625 0.046875
0 0.54765625 0.705078125 0.0390625 0.046875
0 0.41484375 0.5009765625 0.0390625 0.048828125
0 0.58984375 0.703125 0.0390625 0.05078125
0 0.4640625 0.81640625 0.040625 0.05078125
0 0.4109375 0.396484375 0.040625 0.046875
0 0.62890625 0.5966796875 0.0390625 0.048828125
0 0.37734375 0.712890625 0.0390625 0.05078125
0 0.41796875 0.6591796875 0.0390625 0.048828125
0 0.49609375 0.392578125 0.0390625 0.05078125
0 0.54375 0.6005859375 0.040625 0.048828125
0 0.37890625 0.8193359375 0.0390625 0.048828125
0 0.33515625 0.76953125 0.0390625 0.046875
0 0.32421875 0.345703125 0.0390625 0.046875
0 0.62578125 0.490234375 0.0421875 0.05078125
0 0.54921875 0.810546875 0.0390625 0.05078125
0 0.58828125 0.650390625 0.0390625 0.05078125
0 0.415625 0.552734375 0.040625 0.05078125
0 0.42109375 0.763671875 0.0421875 0.05078125
0 0.375 0.609375 0.040625 0.046875
0 0.5828125 0.4404296875 0.040625 0.048828125
0 0.503125 0.65625 0.040625 0.05078125
0 0.584375 0.546875 0.040625 0.046875
0 0.32734375 0.4013671875 0.0390625 0.048828125
0 0.32890625 0.4521484375 0.0390625 0.048828125
0 0.3296875 0.556640625 0.040625 0.046875
0 0.5046875 0.759765625 0.040625 0.046875
0 0.3296875 0.5048828125 0.040625 0.048828125
0 0.50078125 0.55078125 0.0390625 0.05078125
0 0.33515625 0.71484375 0.0390625 0.05078125
0 0.54140625 0.49609375 0.0390625 0.05078125
0 0.4140625 0.44921875 0.040625 0.046875
0 0.45703125 0.4990234375 0.0390625 0.048828125
0 0.58984375 0.7548828125 0.0390625 0.048828125
0 0.49765625 0.4453125 0.0390625 0.05078125
0 0.4640625 0.7607421875 0.040625 0.048828125
0 0.58046875 0.3359375 0.0390625 0.046875
0 0.45234375 0.341796875 0.0421875 0.05078125
0 0.37265625 0.501953125 0.0421875 0.05078125
0 0.4953125 0.3408203125 0.040625 0.048828125
0 0.41015625 0.341796875 0.0390625 0.05078125
0 0.57890625 0.28515625 0.0390625 0.05078125
0 0.36796875 0.3447265625 0.0390625 0.048828125
0 0.6234375 0.38671875 0.040625 0.046875
0 0.3703125 0.451171875 0.040625 0.046875
0 0.37890625 0.7666015625 0.0390625 0.048828125
0 0.36953125 0.3984375 0.0390625 0.046875
0 0.4546875 0.39453125 0.040625 0.05078125
0 0.54921875 0.7578125 0.0390625 0.046875
0 0.53984375 0.3916015625 0.0390625 0.048828125
0 0.45703125 0.552734375 0.0390625 0.05078125
0 0.4953125 0.2861328125 0.040625 0.048828125
0 0.46171875 0.6572265625 0.0390625 0.048828125
0 0.41015625 0.291015625 0.0390625 0.046875
0 0.37578125 0.662109375 0.0390625 0.046875
0 0.54609375 0.6533203125 0.0421875 0.048828125
0 0.63203125 0.75390625 0.0390625 0.05078125
0 0.45234375 0.2880859375 0.0421875 0.048828125
0 0.5359375 0.28515625 0.040625 0.05078125
0 0.375 0.5546875 0.040625 0.05078125
0 0.45546875 0.4462890625 0.0390625 0.048828125
0 0.5421875 0.548828125 0.040625 0.046875
0 0.53671875 0.3388671875 0.0390625 0.048828125
0 0.54140625 0.443359375 0.0390625 0.05078125
0 0.63046875 0.6494140625 0.0390625 0.048828125
0 0.32421875 0.294921875 0.0390625 0.05078125
0 0.62734375 0.544921875 0.0390625 0.046875
0 0.62265625 0.3349609375 0.0390625 0.048828125
0 0.36796875 0.2919921875 0.0390625 0.048828125
0 0.62109375 0.283203125 0.0390625 0.05078125
0 0.62578125 0.439453125 0.0421875 0.046875
