0 0.62421875 0.6376953125 0.0578125 0.056640625
0 0.50078125 0.6943359375 0.0578125 0.056640625
0 0.62734375 0.5185546875 0.0578125 0.056640625
0 0.49453125 0.814453125 0.0578125 0.05859375
0 0.3765625 0.6865234375 0.05625 0.056640625
0 0.56640625 0.5126953125 0.0578125 0.056640625
0 0.50859375 0.4501953125 0.0578125 0.056640625
0 0.69296875 0.3994140625 0.0578125 0.056640625
0 0.6296875 0.4560546875 0.05625 0.056640625
0 0.503125 0.5712890625 0.05625 0.056640625
0 0.37421875 0.8076171875 0.0578125 0.056640625
0 0.62578125 0.5771484375 0.0609375 0.056640625
0 0.68671875 0.5205078125 0.0578125 0.056640625
0 0.38203125 0.5673828125 0.0578125 0.056640625
0 0.62109375 0.701171875 0.0578125 0.05859375
0 0.5578125 0.7578125 0.05625 0.05859375
0 0.57265625 0.3935546875 0.0578125 0.056640625
0 0.61796875 0.7626953125 0.0578125 0.056640625
0 0.63203125 0.3955078125 0.0578125 0.056640625
0 0.51171875 0.3291015625 0.0578125 0.056640625
0 0.38515625 0.4443359375 0.0578125 0.056640625
0 0.56328125 0.6376953125 0.0578125 0.056640625
0 0.684375 0.6435546875 0.05625 0.056640625
0 0.69609375 0.3369140625 0.0578125 0.056640625
0 0.63515625 0.3349609375 0.0578125 0.056640625
0 0.44609375 0.4482421875 0.0578125 0.056640625
0 0.49140625 0.8759765625 0.0578125 0.056640625
0 0.33046875 0.3193359375 0.0578125 0.056640625
0 0.31640625 0.6826171875 0.0578125 0.056640625
0 0.32421875 0.4404296875 0.0578125 0.060546875
0 0.44296875 0.5693359375 0.0578125 0.056640625
0 0.45078125 0.3251953125 0.0578125 0.056640625
0 0.43671875 0.689453125 0.0578125 0.05859375
0 0.49453125 0.7529296875 0.0578125 0.056640625
0 0.57265625 0.3310546875 0.0578125 0.056640625
0 0.39140625 0.3193359375 0.0578125 0.056640625
0 0.321875 0.5615234375 0.05625 0.056640625
0 0.43984375 0.62890625 0.0578125 0.05859375
0 0.31328125 0.8037109375 0.0578125 0.060546875
0 0.25 0.8623046875 0.05625 0.056640625
0 0.67890625 0.7646484375 0.0578125 0.056640625
0 0.50078125 0.6328125 0.0578125 0.05859375
0 0.26484375 0.4365234375 0.0578125 0.056640625
0 0.68984375 0.4619140625 0.0578125 0.056640625
0 0.375 0.74609375 0.059375 0.05859375
0 0.61484375 0.8212890625 0.0578125 0.056640625
0 0.56953125 0.453125 0.0578125 0.05859375
0 0.61484375 0.8828125 0.0578125 0.05859375
0 0.33046875 0.2568359375 0.0578125 0.056640625
0 0.25234375 0.7431640625 0.0578125 0.056640625
0 0.37890625 0.6259765625 0.0578125 0.056640625
0 0.43671875 0.7509765625 0.0578125 0.056640625
0 0.38515625 0.5048828125 0.0578125 0.056640625
0 0.69921875 0.27734375 0.0578125 0.05859375
0 0.503125 0.5126953125 0.05625 0.056640625
0 0.2671875 0.3173828125 0.05625 0.056640625
0 0.44609375 0.5107421875 0.0578125 0.056640625
0 0.25859375 0.5576171875 0.0578125 0.056640625
0 0.38828125 0.3857421875 0.0578125 0.056640625
0 0.37109375 0.8662109375 0.0578125 0.056640625
0 0.25546875 0.6806640625 0.0578125 0.056640625
0 0.51484375 0.2666015625 0.0578125 0.056640625
0 0.55546875 0.8779296875 0.0578125 0.056640625
0 0.56328125 0.5751953125 0.0578125 0.056640625
0 0.43359375 0.8095703125 0.0578125 0.056640625
0 0.25 0.8017578125 0.05625 0.056640625
0 0.25859375 0.6201171875 0.0578125 0.056640625
0 0.39375 0.2607421875 0.05625 0.056640625
0 0.50859375 0.3876953125 0.0578125 0.056640625
0 0.68671875 0.5810546875 0.0578125 0.056640625
0 0.63828125 0.2744140625 0.0578125 0.056640625
0 0.575 0.2685546875 0.05625 0.056640625
0 0.4484375 0.3857421875 0.05625 0.056640625
0 0.32734375 0.3798828125 0.0578125 0.056640625
0 0.43125 0.87109375 0.05625 0.05859375
0 0.26171875 0.4970703125 0.0578125 0.060546875
0 0.321875 0.5009765625 0.05625 0.056640625
0 0.31328125 0.7431640625 0.0578125 0.056640625
0 0.5578125 0.6962890625 0.05625 0.056640625
0 0.31953125 0.6240234375 0.0578125 0.056640625
0 0.55546875 0.8193359375 0.0578125 0.056640625
0 0.2671875 0.3759765625 0.05625 0.056640625
0 0.67890625 0.826171875 0.0578125 0.05859375
0 0.684375 0.7021484375 0.05625 0.056640625
0 0.45390625 0.2626953125 0.0578125 0.056640625
0 0.67578125 0.8876953125 0.0578125 0.056640625
0 0.26953125 0.2548828125 0.0578125 0.056640625
0 0.31015625 0.8662109375 0.0578125 0.056640625
