0 0.67421875 0.4990234375 0.0390625 0.048828125
0 0.49921875 0.8251953125 0.0390625 0.048828125
0 0.36015625 0.8388671875 0.0390625 0.048828125
0 0.53671875 0.5126953125 0.0390625 0.048828125
0 0.68515625 0.6708984375 0.0390625 0.048828125
0 0.63828125 0.8134765625 0.0390625 0.048828125
0 0.35078125 0.6669921875 0.0390625 0.048828125
0 0.45078125 0.9677734375 0.0390625 0.048828125
0 0.76015625 0.7490234375 0.0390625 0.048828125
0 0.48984375 0.6533203125 0.0390625 0.048828125
0 0.33515625 0.6181640625 0.0390625 0.048828125
0 0.47265625 0.6044921875 0.0390625 0.048828125
0 0.44921875 0.6748046875 0.0390625 0.048828125
0 0.54609375 0.6826171875 0.0390625 0.048828125
0 0.60390625 0.7119140625 0.0390625 0.048828125
0 0.61328125 0.8857421875 0.0390625 0.048828125
0 0.31015625 0.6884765625 0.0390625 0.048828125
0 0.59765625 0.8349609375 0.0390625 0.048828125
0 0.58671875 0.6611328125 0.0390625 0.048828125
0 0.39296875 0.9384765625 0.0390625 0.048828125
0 0.73671875 0.8212890625 0.0390625 0.048828125
0 0.65078125 0.5693359375 0.0390625 0.048828125
0 0.66171875 0.7412109375 0.0390625 0.048828125
0 0.62734375 0.6416015625 0.0390625 0.048828125
0 0.63359375 0.5205078125 0.0390625 0.048828125
0 0.42578125 0.7470703125 0.0390625 0.048828125
0 0.51484375 0.8740234375 0.0390625 0.048828125
0 0.61640625 0.4697265625 0.0390625 0.048828125
0 0.46484375 0.7255859375 0.0390625 0.048828125
0 0.69609375 0.8427734375 0.0390625 0.048828125
0 0.31953125 0.8603515625 0.0390625 0.048828125
0 0.69140625 0.5498046875 0.0390625 0.048828125
0 0.55390625 0.5615234375 0.0390625 0.048828125
0 0.70234375 0.7197265625 0.0390625 0.048828125
0 0.62109375 0.7626953125 0.0390625 0.048828125
0 0.36796875 0.7177734375 0.0390625 0.048828125
0 0.41640625 0.8662109375 0.0390625 0.048828125
0 0.77734375 0.7978515625 0.0390625 0.048828125
0 0.30234375 0.8076171875 0.0390625 0.048828125
0 0.37578125 0.5966796875 0.0390625 0.048828125
0 0.47421875 0.8955078125 0.0390625 0.048828125
0 0.61015625 0.5908203125 0.0390625 0.048828125
0 0.33515625 0.9091796875 0.0390625 0.048828125
0 0.44140625 0.7958984375 0.0390625 0.048828125
0 0.29453125 0.6376953125 0.0390625 0.048828125
0 0.59296875 0.5419921875 0.0390625 0.048828125
0 0.40859375 0.6962890625 0.0390625 0.048828125
0 0.32734375 0.7392578125 0.0390625 0.048828125
0 0.28671875 0.7607421875 0.0390625 0.048828125
0 0.57265625 0.9072265625 0.0390625 0.048828125
0 0.49609375 0.5341796875 0.0390625 0.048828125
0 0.72578125 0.6494140625 0.0390625 0.048828125
0 0.58046875 0.7841796875 0.0390625 0.048828125
0 0.48203125 0.7744140625 0.0390625 0.048828125
0 0.57734375 0.4912109375 0.0390625 0.048828125
0 0.51328125 0.5830078125 0.0390625 0.048828125
0 0.37734375 0.8876953125 0.0390625 0.048828125
0 0.40078125 0.8173828125 0.0390625 0.048828125
0 0.52265625 0.7548828125 0.0390625 0.048828125
0 0.50546875 0.7041015625 0.0390625 0.048828125
0 0.43203125 0.6240234375 0.0390625 0.048828125
0 0.70859375 0.5986328125 0.0390625 0.048828125
0 0.65546875 0.8642578125 0.0390625 0.048828125
0 0.27109375 0.7099609375 0.0390625 0.048828125
0 0.43359375 0.9169921875 0.0390625 0.048828125
0 0.71953125 0.7705078125 0.0390625 0.048828125
0 0.35234375 0.9599609375 0.0390625 0.048828125
0 0.74296875 0.6982421875 0.0390625 0.048828125
0 0.55703125 0.8564453125 0.0390625 0.048828125
0 0.56328125 0.7333984375 0.0390625 0.048828125
0 0.65703125 0.4501953125 0.0390625 0.048828125
0 0.64453125 0.6904296875 0.0390625 0.048828125
0 0.45859375 0.8447265625 0.0390625 0.048828125
0 0.56953125 0.6123046875 0.0390625 0.048828125
0 0.41640625 0.5751953125 0.0390625 0.048828125
0 0.53984375 0.8056640625 0.0390625 0.048828125
0 0.53203125 0.9248046875 0.0390625 0.048828125
0 0.45546875 0.5537109375 0.0390625 0.048828125
0 0.38359375 0.7646484375 0.0390625 0.048828125
0 0.39140625 0.6455078125 0.0390625 0.048828125
0 0.52890625 0.6337890625 0.0390625 0.048828125
0 0.67734375 0.7919921875 0.0390625 0.048828125
0 0.49140625 0.9462890625 0.0390625 0.048828125
0 0.34453125 0.7861328125 0.0390625 0.048828125
0 0.66796875 0.6201171875 0.0390625 0.048828125
0 0.25390625 0.6591796875 0.0390625 0.048828125
0 0.40859375 0.9912109375 0.0296875 0.017578125
