0 0.7125 0.5908203125 0.028125 0.029296875
0 0.6890625 0.6669921875 0.028125 0.029296875
0 0.496875 0.6416015625 0.028125 0.029296875
0 0.675 0.451171875 0.028125 0.02734375
0 0.659375 0.6337890625 0.028125 0.029296875
0 0.57734375 0.6376953125 0.0265625 0.029296875
0 0.5484375 0.6025390625 0.028125 0.029296875
0 0.64765625 0.6689453125 0.0296875 0.029296875
0 0.72265625 0.552734375 0.0265625 0.02734375
0 0.57265625 0.529296875 0.0265625 0.02734375
0 0.525 0.6767578125 0.028125 0.029296875
0 0.7453125 0.4794921875 0.028125 0.025390625
0 0.6828125 0.5576171875 0.028125 0.025390625
0 0.6 0.564453125 0.028125 0.02734375
0 0.3640625 0.6865234375 0.028125 0.029296875
0 0.7046875 0.484375 0.028125 0.02734375
0 0.46875 0.607421875 0.028125 0.02734375
0 0.484375 0.6796875 0.028125 0.02734375
0 0.3375 0.6513671875 0.025 0.025390625
0 0.765625 0.4072265625 0.028125 0.029296875
0 0.44375 0.6826171875 0.028125 0.029296875
0 0.56796875 0.673828125 0.0296875 0.02734375
0 0.734375 0.513671875 0.028125 0.02734375
0 0.60546875 0.6708984375 0.0265625 0.029296875
0 0.51953125 0.568359375 0.0265625 0.02734375
0 0.63046875 0.59765625 0.0296875 0.02734375
0 0.284375 0.69140625 0.025 0.02734375
0 0.625 0.490234375 0.028125 0.02734375
0 0.403125 0.6845703125 0.028125 0.029296875
0 0.64609375 0.4189453125 0.0265625 0.029296875
0 0.7015625 0.62890625 0.028125 0.03125
0 0.54296875 0.4970703125 0.0265625 0.029296875
0 0.38828125 0.6123046875 0.0265625 0.025390625
0 0.3625 0.5791015625 0.025 0.025390625
0 0.32421875 0.6884765625 0.0265625 0.029296875
0 0.31015625 0.6171875 0.0265625 0.02734375
0 0.44921875 0.4345703125 0.0265625 0.029296875
0 0.33359375 0.5458984375 0.0265625 0.025390625
0 0.52734375 0.4287109375 0.0265625 0.029296875
0 0.56640625 0.4248046875 0.0265625 0.025390625
0 0.44140625 0.5732421875 0.0265625 0.025390625
0 0.5609375 0.56640625 0.028125 0.02734375
0 0.53671875 0.6396484375 0.0296875 0.029296875
0 0.65234375 0.5244140625 0.0265625 0.029296875
0 0.6640625 0.4873046875 0.028125 0.025390625
0 0.59375 0.4580078125 0.025 0.025390625
0 0.75546875 0.4443359375 0.0265625 0.025390625
0 0.671875 0.5947265625 0.028125 0.029296875
0 0.69375 0.5205078125 0.028125 0.029296875
0 0.4171875 0.646484375 0.025 0.02734375
0 0.4921875 0.5341796875 0.025 0.025390625
0 0.43671875 0.4697265625 0.0265625 0.025390625
0 0.634375 0.4541015625 0.028125 0.029296875
0 0.5890625 0.6005859375 0.028125 0.029296875
0 0.4640625 0.5029296875 0.025 0.025390625
0 0.60546875 0.421875 0.0265625 0.02734375
0 0.61171875 0.52734375 0.0265625 0.02734375
0 0.321875 0.5810546875 0.028125 0.025390625
0 0.3859375 0.5078125 0.025 0.02734375
0 0.41171875 0.5400390625 0.0265625 0.025390625
0 0.7265625 0.4111328125 0.028125 0.029296875
0 0.58203125 0.494140625 0.0265625 0.02734375
0 0.6859375 0.416015625 0.028125 0.02734375
0 0.2984375 0.654296875 0.025 0.02734375
0 0.53125 0.53125 0.028125 0.02734375
0 0.3984375 0.4736328125 0.025 0.025390625
0 0.45625 0.64453125 0.028125 0.02734375
0 0.71484375 0.4482421875 0.0265625 0.029296875
0 0.61875 0.6337890625 0.028125 0.029296875
0 0.359375 0.4755859375 0.025 0.025390625
0 0.5078125 0.60546875 0.028125 0.02734375
0 0.34921875 0.6142578125 0.0265625 0.025390625
0 0.37265625 0.5439453125 0.0265625 0.025390625
0 0.41015625 0.4384765625 0.0265625 0.025390625
0 0.3765625 0.6494140625 0.028125 0.025390625
0 0.515625 0.462890625 0.028125 0.02734375
0 0.6421875 0.560546875 0.028125 0.02734375
0 0.37265625 0.4404296875 0.0265625 0.025390625
0 0.48671875 0.4326171875 0.0265625 0.025390625
0 0.47578125 0.4658203125 0.0265625 0.025390625
0 0.5546875 0.4609375 0.028125 0.0234375
0 0.50390625 0.4990234375 0.0265625 0.025390625
0 0.42578125 0.5048828125 0.0265625 0.025390625
0 0.34765625 0.5107421875 0.0265625 0.025390625
0 0.453125 0.5380859375 0.025 0.025390625
0 0.4015625 0.576171875 0.025 0.0234375
0 0.48046875 0.5712890625 0.0265625 0.025390625
0 0.42890625 0.6103515625 0.0265625 0.025390625
