0 0.8359375 0.5751953125 0.05 0.068359375
0 0.42734375 0.810546875 0.0484375 0.06640625
0 0.4140625 0.572265625 0.05 0.06640625
0 0.2375 0.59375 0.05 0.06640625
0 0.6609375 0.59375 0.05 0.06640625
0 0.6453125 0.35546875 0.05 0.06640625
0 0.675 0.830078125 0.05 0.06640625
0 0.3625 0.6015625 0.05 0.06640625
0 0.3703125 0.435546875 0.05 0.06640625
0 0.48515625 0.61328125 0.0484375 0.06640625
0 0.725 0.23046875 0.05 0.06640625
0 0.56640625 0.484375 0.0484375 0.06640625
0 0.53671875 0.583984375 0.0484375 0.06640625
0 0.60390625 0.7919921875 0.0484375 0.068359375
0 0.384375 0.671875 0.05 0.06640625
0 0.47109375 0.376953125 0.0484375 0.06640625
0 0.7328125 0.62890625 0.05 0.06640625
0 0.5578125 0.65234375 0.05 0.06640625
0 0.38984375 0.5029296875 0.0484375 0.068359375
0 0.778125 0.767578125 0.05 0.06640625
0 0.50078125 0.8505859375 0.0484375 0.068359375
0 0.8078125 0.671875 0.05 0.06640625
0 0.55234375 0.8212890625 0.0484375 0.068359375
0 0.5875 0.5546875 0.05 0.06640625
0 0.3765625 0.83984375 0.05 0.06640625
0 0.7625 0.53515625 0.05 0.06640625
0 0.47109375 0.9521484375 0.0484375 0.060546875
0 0.3328125 0.701171875 0.05 0.06640625
0 0.259375 0.6640625 0.05 0.06640625
0 0.52265625 0.34765625 0.0484375 0.06640625
0 0.54453125 0.4150390625 0.0484375 0.068359375
0 0.71875 0.396484375 0.05 0.06640625
0 0.7265625 0.796875 0.05 0.06640625
0 0.6671875 0.42578125 0.05 0.06640625
0 0.39765625 0.912109375 0.0484375 0.06640625
0 0.7703125 0.3671875 0.05 0.06640625
0 0.40625 0.7412109375 0.05 0.068359375
0 0.52265625 0.919921875 0.0484375 0.06640625
0 0.746875 0.2998046875 0.05 0.068359375
0 0.44140625 0.4736328125 0.0484375 0.068359375
0 0.6828125 0.6640625 0.05 0.06640625
0 0.7109375 0.55859375 0.05 0.06640625
0 0.28125 0.73046875 0.05 0.06640625
0 0.8828125 0.708984375 0.05 0.06640625
0 0.740625 0.4658203125 0.05 0.068359375
0 0.3109375 0.630859375 0.05 0.06640625
0 0.58203125 0.7197265625 0.0484375 0.068359375
0 0.34453125 0.935546875 0.0484375 0.06640625
0 0.571875 0.318359375 0.05 0.06640625
0 0.859375 0.642578125 0.05 0.06640625
0 0.63125 0.6904296875 0.05 0.068359375
0 0.615625 0.455078125 0.05 0.06640625
0 0.7046875 0.732421875 0.05 0.06640625
0 0.3546875 0.7705078125 0.05 0.068359375
0 0.215625 0.5244140625 0.05 0.068359375
0 0.696875 0.330078125 0.05 0.06640625
0 0.7921875 0.435546875 0.05 0.06640625
0 0.6390625 0.5244140625 0.05 0.068359375
0 0.43359375 0.642578125 0.0484375 0.06640625
0 0.75625 0.6982421875 0.05 0.068359375
0 0.2671875 0.4951171875 0.05 0.068359375
0 0.45703125 0.7109375 0.0484375 0.06640625
0 0.49296875 0.4443359375 0.0484375 0.068359375
0 0.8296875 0.7412109375 0.05 0.068359375
0 0.675 0.259765625 0.05 0.06640625
0 0.6890625 0.4951171875 0.05 0.068359375
0 0.50625 0.681640625 0.05 0.06640625
0 0.340625 0.533203125 0.05 0.06640625
0 0.57421875 0.890625 0.0484375 0.06640625
0 0.2890625 0.564453125 0.05 0.06640625
0 0.53046875 0.751953125 0.0484375 0.06640625
0 0.47890625 0.78125 0.0484375 0.06640625
0 0.609375 0.623046875 0.05 0.06640625
0 0.303125 0.796875 0.05 0.06640625
0 0.7859375 0.60546875 0.05 0.06640625
0 0.44921875 0.880859375 0.0484375 0.06640625
0 0.51484375 0.513671875 0.0484375 0.06640625
0 0.41953125 0.40625 0.0484375 0.06640625
0 0.59375 0.388671875 0.05 0.06640625
0 0.46328125 0.54296875 0.0484375 0.06640625
0 0.31875 0.4658203125 0.05 0.068359375
0 0.653125 0.7578125 0.05 0.06640625
0 0.32265625 0.8671875 0.0484375 0.06640625
0 0.8140625 0.505859375 0.05 0.06640625
0 0.6234375 0.2890625 0.05 0.06640625
0 0.62578125 0.861328125 0.0484375 0.06640625
