0 0.23203125 0.4541015625 0.0390625 0.048828125
0 0.47421875 0.5419921875 0.0390625 0.048828125
0 0.48359375 0.2744140625 0.0390625 0.048828125
0 0.47265625 0.3857421875 0.0390625 0.048828125
0 0.53203125 0.2919921875 0.0390625 0.048828125
0 0.59765625 0.5087890625 0.0390625 0.048828125
0 0.58515625 0.4638671875 0.0390625 0.048828125
0 0.53515625 0.4462890625 0.0390625 0.048828125
0 0.43515625 0.2587890625 0.0390625 0.048828125
0 0.58203125 0.3076171875 0.0390625 0.048828125
0 0.36484375 0.4619140625 0.0390625 0.048828125
0 0.37734375 0.6630859375 0.0390625 0.048828125
0 0.48515625 0.4287109375 0.0390625 0.048828125
0 0.32734375 0.3349609375 0.0390625 0.048828125
0 0.37578125 0.3525390625 0.0390625 0.048828125
0 0.35234375 0.5751953125 0.0390625 0.048828125
0 0.31640625 0.4462890625 0.0390625 0.048828125
0 0.24453125 0.4970703125 0.0390625 0.048828125
0 0.64609375 0.3681640625 0.0390625 0.048828125
0 0.32890625 0.6435546875 0.0390625 0.048828125
0 0.32734375 0.4892578125 0.0390625 0.048828125
0 0.36484375 0.6181640625 0.0390625 0.048828125
0 0.42421875 0.3681640625 0.0390625 0.048828125
0 0.66015625 0.4111328125 0.0390625 0.048828125
0 0.42421875 0.5244140625 0.0390625 0.048828125
0 0.37578125 0.5068359375 0.0390625 0.048828125
0 0.30390625 0.5576171875 0.0390625 0.048828125
0 0.35234375 0.4208984375 0.0390625 0.048828125
0 0.31640625 0.6005859375 0.0390625 0.048828125
0 0.40234375 0.5927734375 0.0390625 0.048828125
0 0.47109375 0.2314453125 0.0390625 0.048828125
0 0.45078125 0.6103515625 0.0390625 0.048828125
0 0.54765625 0.4912109375 0.0390625 0.048828125
0 0.41328125 0.4794921875 0.0390625 0.048828125
0 0.51953125 0.2490234375 0.0390625 0.048828125
0 0.52421875 0.5595703125 0.0390625 0.048828125
0 0.52265625 0.4033203125 0.0390625 0.048828125
0 0.57109375 0.4208984375 0.0390625 0.048828125
0 0.39921875 0.2841796875 0.0390625 0.048828125
0 0.30390625 0.7138671875 0.0390625 0.048828125
0 0.46015625 0.3427734375 0.0390625 0.048828125
0 0.29296875 0.5146484375 0.0390625 0.048828125
0 0.38828125 0.3935546875 0.0390625 0.048828125
0 0.46171875 0.4970703125 0.0390625 0.048828125
0 0.40078125 0.4384765625 0.0390625 0.048828125
0 0.30390625 0.4033203125 0.0390625 0.048828125
0 0.44921875 0.4541015625 0.0390625 0.048828125
0 0.50703125 0.2060546875 0.0390625 0.048828125
0 0.49609375 0.3173828125 0.0390625 0.048828125
0 0.26796875 0.4287109375 0.0390625 0.048828125
0 0.43671875 0.4111328125 0.0390625 0.048828125
0 0.49765625 0.4716796875 0.0390625 0.048828125
0 0.43828125 0.5673828125 0.0390625 0.048828125
0 0.38828125 0.5498046875 0.0390625 0.048828125
0 0.51171875 0.5166015625 0.0390625 0.048828125
0 0.41171875 0.3271484375 0.0390625 0.048828125
0 0.28046875 0.6259765625 0.0390625 0.048828125
0 0.26796875 0.5830078125 0.0390625 0.048828125
0 0.63203125 0.3251953125 0.0390625 0.048828125
0 0.44765625 0.3017578125 0.0390625 0.048828125
0 0.29296875 0.6708984375 0.0390625 0.048828125
0 0.25546875 0.3857421875 0.0390625 0.048828125
0 0.67421875 0.4560546875 0.0390625 0.048828125
0 0.54609375 0.3349609375 0.0390625 0.048828125
0 0.61953125 0.2822265625 0.0390625 0.048828125
0 0.62265625 0.4384765625 0.0390625 0.048828125
0 0.55859375 0.3779296875 0.0390625 0.048828125
0 0.59296875 0.1962890625 0.0390625 0.048828125
0 0.56953125 0.2646484375 0.0390625 0.048828125
0 0.50859375 0.3603515625 0.0390625 0.048828125
0 0.60859375 0.3955078125 0.0390625 0.048828125
0 0.36328125 0.3095703125 0.0390625 0.048828125
0 0.28046875 0.4716796875 0.0390625 0.048828125
0 0.29140625 0.3603515625 0.0390625 0.048828125
0 0.33984375 0.5322265625 0.0390625 0.048828125
0 0.48671875 0.5849609375 0.0390625 0.048828125
0 0.33984375 0.3779296875 0.0390625 0.048828125
0 0.56171875 0.5341796875 0.0390625 0.048828125
0 0.59609375 0.3505859375 0.0390625 0.048828125
0 0.55546875 0.2216796875 0.0390625 0.048828125
0 0.63515625 0.4814453125 0.0390625 0.048828125
0 0.41328125 0.6376953125 0.0390625 0.048828125
0 0.57890625 0.1533203125 0.0390625 0.048828125
0 0.34140625 0.6884765625 0.0390625 0.048828125
0 0.54296875 0.1806640625 0.0390625 0.048828125
0 0.60546875 0.2392578125 0.0390625 0.048828125
0 0.25703125 0.5400390625 0.0390625 0.048828125
0 0.22109375 0.4111328125 0.0390625 0.048828125
