0 0.5140625 0.2607421875 0.05 0.060546875
0 0.8796875 0.677734375 0.05 0.0625
0 0.65625 0.3828125 0.05 0.0625
0 0.77109375 0.640625 0.0484375 0.0625
0 0.76328125 0.419921875 0.0484375 0.0625
0 0.425 0.658203125 0.05 0.0625
0 0.3875 0.5732421875 0.05 0.060546875
0 0.71171875 0.40234375 0.0484375 0.0625
0 0.4171875 0.44140625 0.05 0.0625
0 0.5671875 0.2783203125 0.05 0.060546875
0 0.484375 0.39453125 0.05 0.0625
0 0.559375 0.5634765625 0.05 0.060546875
0 0.8484375 0.814453125 0.05 0.0625
0 0.6265625 0.5166015625 0.05 0.060546875
0 0.74140625 0.7744140625 0.0484375 0.060546875
0 0.5296875 0.697265625 0.05 0.0625
0 0.6046875 0.365234375 0.05 0.0625
0 0.81640625 0.439453125 0.0484375 0.0625
0 0.521875 0.478515625 0.05 0.0625
0 0.73359375 0.5537109375 0.0484375 0.060546875
0 0.58125 0.71484375 0.05 0.0625
0 0.4625 0.244140625 0.05 0.0625
0 0.4703125 0.458984375 0.05 0.0625
0 0.3203125 0.62109375 0.05 0.0625
0 0.671875 0.822265625 0.05 0.0625
0 0.70390625 0.6875 0.0484375 0.0625
0 0.80234375 0.505859375 0.0484375 0.0625
0 0.5515625 0.345703125 0.05 0.0625
0 0.575 0.49609375 0.05 0.0625
0 0.6796875 0.533203125 0.05 0.0625
0 0.671875 0.3154296875 0.05 0.060546875
0 0.371875 0.640625 0.05 0.0625
0 0.5671875 0.78125 0.05 0.0625
0 0.7171875 0.62109375 0.05 0.0625
0 0.909375 0.54296875 0.05 0.0625
0 0.8953125 0.611328125 0.05 0.0625
0 0.925 0.4765625 0.05 0.0625
0 0.6875 0.75390625 0.05 0.0625
0 0.6125 0.583984375 0.05 0.0625
0 0.61875 0.2978515625 0.05 0.060546875
0 0.4390625 0.5908203125 0.05 0.060546875
0 0.4546875 0.5263671875 0.05 0.060546875
0 0.72578125 0.3359375 0.0484375 0.0625
0 0.78671875 0.5732421875 0.0484375 0.060546875
0 0.3359375 0.5537109375 0.05 0.060546875
0 0.5890625 0.4296875 0.05 0.0625
0 0.3578125 0.705078125 0.05 0.0625
0 0.54375 0.630859375 0.05 0.0625
0 0.3796875 0.357421875 0.05 0.0625
0 0.596875 0.6484375 0.05 0.0625
0 0.6640625 0.6005859375 0.05 0.060546875
0 0.4328125 0.375 0.05 0.0625
0 0.5359375 0.412109375 0.05 0.0625
0 0.446875 0.30859375 0.05 0.0625
0 0.871875 0.45703125 0.05 0.0625
0 0.69609375 0.466796875 0.0484375 0.0625
0 0.634375 0.734375 0.05 0.0625
0 0.940625 0.4072265625 0.05 0.060546875
0 0.83203125 0.3701171875 0.0484375 0.060546875
0 0.4765625 0.677734375 0.05 0.0625
0 0.82421875 0.66015625 0.0484375 0.0625
0 0.409375 0.724609375 0.05 0.0625
0 0.79453125 0.794921875 0.0484375 0.0625
0 0.4921875 0.611328125 0.05 0.0625
0 0.4609375 0.7421875 0.05 0.0625
0 0.8640625 0.7470703125 0.05 0.060546875
0 0.77890625 0.861328125 0.0484375 0.0625
0 0.83984375 0.5908203125 0.0484375 0.060546875
0 0.72578125 0.841796875 0.0484375 0.0625
0 0.409375 0.2236328125 0.05 0.060546875
0 0.403125 0.505859375 0.05 0.0625
0 0.6421875 0.44921875 0.05 0.0625
0 0.5 0.328125 0.05 0.0625
0 0.8109375 0.7275390625 0.05 0.060546875
0 0.83203125 0.880859375 0.0484375 0.0625
0 0.74921875 0.486328125 0.0484375 0.0625
0 0.75703125 0.70703125 0.0484375 0.0625
0 0.365625 0.421875 0.05 0.0625
0 0.65 0.66796875 0.05 0.0625
0 0.3953125 0.291015625 0.05 0.0625
0 0.77890625 0.3525390625 0.0484375 0.060546875
0 0.50625 0.54296875 0.05 0.0625
0 0.30625 0.6875 0.05 0.0625
0 0.5140625 0.76171875 0.05 0.0625
0 0.35 0.4892578125 0.05 0.060546875
0 0.61875 0.8017578125 0.05 0.060546875
0 0.85625 0.5234375 0.05 0.0625
0 0.8875 0.3896484375 0.05 0.060546875
