0 0.6609375 0.388671875 0.053125 0.0546875
0 0.44375 0.302734375 0.053125 0.0546875
0 0.8078125 0.318359375 0.053125 0.0546875
0 0.509375 0.6484375 0.053125 0.0546875
0 0.51328125 0.45703125 0.0515625 0.0546875
0 0.43984375 0.4921875 0.0515625 0.0546875
0 0.8765625 0.474609375 0.053125 0.0546875
0 0.7296875 0.544921875 0.053125 0.0546875
0 0.65625 0.578125 0.053125 0.0546875
0 0.64609375 0.25390625 0.0515625 0.0546875
0 0.4296875 0.166015625 0.053125 0.0546875
0 0.89765625 0.4169921875 0.0515625 0.056640625
0 0.40390625 0.4140625 0.0515625 0.0546875
0 0.2890625 0.5625 0.053125 0.0546875
0 0.72578125 0.736328125 0.0515625 0.0546875
0 0.734375 0.353515625 0.053125 0.0546875
0 0.528125 0.5927734375 0.053125 0.056640625
0 0.83515625 0.779296875 0.0515625 0.0546875
0 0.75078125 0.4873046875 0.0515625 0.056640625
0 0.6921875 0.65625 0.053125 0.0546875
0 0.7890625 0.375 0.053125 0.0546875
0 0.4734375 0.5703125 0.053125 0.0546875
0 0.45859375 0.4375 0.0515625 0.0546875
0 0.62265625 0.5 0.0515625 0.0546875
0 0.9125 0.55078125 0.053125 0.0546875
0 0.3640625 0.52734375 0.053125 0.0546875
0 0.571875 0.2890625 0.053125 0.0546875
0 0.74453125 0.6787109375 0.0515625 0.056640625
0 0.40859375 0.2236328125 0.0515625 0.056640625
0 0.84375 0.396484375 0.053125 0.0546875
0 0.9171875 0.361328125 0.053125 0.0546875
0 0.425 0.357421875 0.053125 0.0546875
0 0.68125 0.33203125 0.053125 0.0546875
0 0.95 0.439453125 0.053125 0.0546875
0 0.58671875 0.421875 0.0515625 0.0546875
0 0.328125 0.44921875 0.053125 0.0546875
0 0.5328125 0.40234375 0.053125 0.0546875
0 0.4984375 0.322265625 0.053125 0.0546875
0 0.59140625 0.232421875 0.0515625 0.0546875
0 0.71484375 0.408203125 0.0515625 0.0546875
0 0.41875 0.548828125 0.053125 0.0546875
0 0.765625 0.62109375 0.053125 0.0546875
0 0.5828125 0.61328125 0.053125 0.0546875
0 0.85390625 0.72265625 0.0515625 0.0546875
0 0.79921875 0.701171875 0.0515625 0.0546875
0 0.34375 0.583984375 0.053125 0.0546875
0 0.78046875 0.7578125 0.0515625 0.0546875
0 0.56796875 0.478515625 0.0515625 0.0546875
0 0.784375 0.56640625 0.053125 0.0546875
0 0.8625 0.33984375 0.053125 0.0546875
0 0.803125 0.509765625 0.053125 0.0546875
0 0.69609375 0.46484375 0.0515625 0.0546875
0 0.6375 0.634765625 0.053125 0.0546875
0 0.36875 0.3359375 0.053125 0.0546875
0 0.4 0.60546875 0.053125 0.0546875
0 0.64140625 0.443359375 0.0515625 0.0546875
0 0.46328125 0.24609375 0.0515625 0.0546875
0 0.8390625 0.5859375 0.053125 0.0546875
0 0.61640625 0.69140625 0.0515625 0.0546875
0 0.5171875 0.267578125 0.053125 0.0546875
0 0.93125 0.49609375 0.053125 0.0546875
0 0.875 0.666015625 0.053125 0.0546875
0 0.4796875 0.37890625 0.053125 0.0546875
0 0.35 0.392578125 0.053125 0.0546875
0 0.309375 0.5048828125 0.053125 0.056640625
0 0.6265625 0.30859375 0.053125 0.0546875
0 0.8578125 0.529296875 0.053125 0.0546875
0 0.67734375 0.5224609375 0.0515625 0.056640625
0 0.971875 0.384765625 0.053125 0.0546875
0 0.54921875 0.53515625 0.0515625 0.0546875
0 0.5640625 0.669921875 0.053125 0.0546875
0 0.7109375 0.599609375 0.053125 0.0546875
0 0.6078125 0.3671875 0.053125 0.0546875
0 0.8203125 0.6435546875 0.053125 0.056640625
0 0.4546875 0.6279296875 0.053125 0.056640625
0 0.49453125 0.513671875 0.0515625 0.0546875
0 0.76953125 0.4296875 0.0515625 0.0546875
0 0.553125 0.34375 0.053125 0.0546875
0 0.821875 0.4521484375 0.053125 0.056640625
0 0.53671875 0.212890625 0.0515625 0.0546875
0 0.89375 0.6083984375 0.053125 0.056640625
0 0.7546875 0.298828125 0.053125 0.0546875
0 0.67109375 0.7138671875 0.0515625 0.056640625
0 0.3890625 0.28125 0.053125 0.0546875
0 0.7 0.2763671875 0.053125 0.056640625
0 0.60390625 0.5576171875 0.0515625 0.056640625
0 0.48203125 0.1884765625 0.0515625 0.056640625
0 0.3828125 0.47265625 0.053125 0.0546875
