0 0.51640625 0.6669921875 0.0578125 0.052734375
0 0.42109375 0.5302734375 0.0578125 0.052734375
0 0.46953125 0.5966796875 0.0578125 0.052734375
0 0.60546875 0.3271484375 0.0578125 0.052734375
0 0.35703125 0.2744140625 0.0578125 0.052734375
0 0.7140625 0.6455078125 0.05625 0.052734375
0 0.69765625 0.4658203125 0.0578125 0.052734375
0 0.40546875 0.3466796875 0.0578125 0.052734375
0 0.80625 0.3095703125 0.05625 0.052734375
0 0.37578125 0.4599609375 0.0578125 0.052734375
0 0.26484375 0.3779296875 0.0578125 0.052734375
0 0.621875 0.5087890625 0.05625 0.052734375
0 0.65234375 0.3974609375 0.0578125 0.052734375
0 0.32734375 0.3896484375 0.0578125 0.052734375
0 0.45078125 0.4150390625 0.0578125 0.052734375
0 0.76015625 0.4775390625 0.0578125 0.052734375
0 0.69765625 0.7001953125 0.0578125 0.052734375
0 0.78984375 0.6005859375 0.0578125 0.052734375
0 0.21796875 0.5478515625 0.0578125 0.052734375
0 0.24609375 0.1923828125 0.0578125 0.052734375
0 0.46796875 0.3583984375 0.0578125 0.052734375
0 0.51328125 0.4287109375 0.0578125 0.052734375
0 0.13984375 0.5947265625 0.0578125 0.052734375
0 0.7140625 0.4091796875 0.05625 0.052734375
0 0.45390625 0.6533203125 0.0578125 0.052734375
0 0.54609375 0.5537109375 0.0578125 0.052734375
0 0.32890625 0.6298828125 0.0578125 0.052734375
0 0.56015625 0.4970703125 0.0578125 0.052734375
0 0.43515625 0.2314453125 0.0578125 0.052734375
0 0.54296875 0.3134765625 0.0578125 0.052734375
0 0.20078125 0.3642578125 0.0578125 0.052734375
0 0.80390625 0.5458984375 0.0578125 0.052734375
0 0.34296875 0.3330078125 0.0578125 0.052734375
0 0.35859375 0.5166015625 0.0578125 0.052734375
0 0.72734375 0.3525390625 0.0578125 0.052734375
0 0.65390625 0.6337890625 0.0578125 0.052734375
0 0.66796875 0.3388671875 0.0578125 0.052734375
0 0.60859375 0.5654296875 0.0578125 0.052734375
0 0.68203125 0.2822265625 0.0578125 0.052734375
0 0.31015625 0.4482421875 0.0578125 0.052734375
0 0.28046875 0.5615234375 0.0578125 0.052734375
0 0.56015625 0.2568359375 0.0578125 0.052734375
0 0.78984375 0.3642578125 0.0578125 0.052734375
0 0.5296875 0.3720703125 0.05625 0.052734375
0 0.77421875 0.4228515625 0.0578125 0.052734375
0 0.74453125 0.2978515625 0.0578125 0.052734375
0 0.21640625 0.3056640625 0.0578125 0.052734375
0 0.83671875 0.4345703125 0.0578125 0.052734375
0 0.66796875 0.5771484375 0.0578125 0.052734375
0 0.63828125 0.6904296875 0.0578125 0.052734375
0 0.24921875 0.4345703125 0.0578125 0.052734375
0 0.5296875 0.6103515625 0.05625 0.052734375
0 0.23203125 0.2490234375 0.0578125 0.052734375
0 0.37265625 0.2177734375 0.0578125 0.052734375
0 0.74453125 0.5341796875 0.0578125 0.052734375
0 0.26640625 0.6181640625 0.0578125 0.052734375
0 0.63515625 0.4541015625 0.0578125 0.052734375
0 0.29453125 0.2607421875 0.0578125 0.052734375
0 0.31015625 0.2041015625 0.0578125 0.052734375
0 0.40546875 0.5869140625 0.0578125 0.052734375
0 0.85 0.3779296875 0.05625 0.052734375
0 0.57578125 0.6767578125 0.0578125 0.052734375
0 0.59140625 0.3837890625 0.0578125 0.052734375
0 0.49921875 0.4853515625 0.0578125 0.052734375
0 0.81953125 0.4892578125 0.0578125 0.052734375
0 0.39140625 0.6435546875 0.0578125 0.052734375
0 0.23515625 0.4912109375 0.0578125 0.052734375
0 0.48359375 0.5419921875 0.0578125 0.052734375
0 0.3453125 0.5732421875 0.05625 0.052734375
0 0.57578125 0.4404296875 0.0578125 0.052734375
0 0.43515625 0.4716796875 0.0578125 0.052734375
0 0.76015625 0.7138671875 0.0578125 0.052734375
0 0.49765625 0.2451171875 0.0578125 0.052734375
0 0.41953125 0.2900390625 0.0578125 0.052734375
0 0.72734375 0.5888671875 0.0578125 0.052734375
0 0.77421875 0.6591796875 0.0578125 0.052734375
0 0.86640625 0.3232421875 0.0578125 0.052734375
0 0.621875 0.2705078125 0.05625 0.052734375
0 0.59140625 0.6220703125 0.0578125 0.052734375
0 0.68203125 0.5205078125 0.0578125 0.052734375
0 0.18671875 0.4228515625 0.0578125 0.052734375
0 0.27890625 0.3212890625 0.0578125 0.052734375
0 0.3890625 0.4033203125 0.05625 0.052734375
0 0.20234375 0.6064453125 0.0578125 0.052734375
0 0.1703125 0.4794921875 0.05625 0.052734375
0 0.48359375 0.3017578125 0.0578125 0.052734375
0 0.15390625 0.5361328125 0.0578125 0.052734375
0 0.296875 0.5048828125 0.05625 0.052734375
