0 0.50390625 0.6513671875 0.0390625 0.048828125
0 0.52734375 0.4931640625 0.0390625 0.048828125
0 0.57109375 0.4052734375 0.0390625 0.048828125
0 0.53515625 0.2607421875 0.0390625 0.048828125
0 0.44453125 0.6689453125 0.0390625 0.048828125
0 0.41015625 0.5302734375 0.0390625 0.048828125
0 0.69140625 0.3662109375 0.0390625 0.048828125
0 0.53671875 0.7900390625 0.0390625 0.048828125
0 0.51640625 0.1884765625 0.0390625 0.048828125
0 0.46796875 0.5107421875 0.0390625 0.048828125
0 0.56171875 0.6337890625 0.0390625 0.048828125
0 0.63046875 0.3857421875 0.0390625 0.048828125
0 0.60546875 0.5458984375 0.0390625 0.048828125
0 0.54453125 0.5634765625 0.0390625 0.048828125
0 0.43359375 0.3701171875 0.0390625 0.048828125
0 0.49296875 0.3525390625 0.0390625 0.048828125
0 0.36796875 0.6162109375 0.0390625 0.048828125
0 0.66484375 0.5283203125 0.0390625 0.048828125
0 0.38515625 0.6865234375 0.0390625 0.048828125
0 0.51953125 0.7216796875 0.0390625 0.048828125
0 0.64765625 0.4580078125 0.0390625 0.048828125
0 0.55859375 0.7470703125 0.0390625 0.048828125
0 0.58359375 0.5888671875 0.0390625 0.048828125
0 0.55703125 0.2158203125 0.0390625 0.048828125
0 0.70859375 0.4384765625 0.0390625 0.048828125
0 0.33203125 0.4775390625 0.0390625 0.048828125
0 0.30859375 0.6337890625 0.0390625 0.048828125
0 0.47734375 0.1611328125 0.0390625 0.048828125
0 0.45390625 0.3251953125 0.0390625 0.048828125
0 0.39140625 0.4580078125 0.0390625 0.048828125
0 0.45703125 0.2080078125 0.0390625 0.048828125
0 0.41484375 0.2978515625 0.0390625 0.048828125
0 0.51015625 0.4228515625 0.0390625 0.048828125
0 0.48671875 0.5810546875 0.0390625 0.048828125
0 0.65234375 0.3408203125 0.0390625 0.048828125
0 0.55234375 0.3330078125 0.0390625 0.048828125
0 0.58828125 0.4755859375 0.0390625 0.048828125
0 0.57890625 0.7041015625 0.0390625 0.048828125
0 0.49609375 0.2353515625 0.0390625 0.048828125
0 0.42734375 0.5986328125 0.0390625 0.048828125
0 0.62265625 0.6162109375 0.0390625 0.048828125
0 0.59140625 0.3603515625 0.0390625 0.048828125
0 0.37421875 0.3876953125 0.0390625 0.048828125
0 0.47578125 0.2802734375 0.0390625 0.048828125
0 0.60859375 0.4306640625 0.0390625 0.048828125
0 0.56640625 0.5205078125 0.0390625 0.048828125
0 0.40546875 0.6435546875 0.0390625 0.048828125
0 0.43046875 0.4853515625 0.0390625 0.048828125
0 0.62578125 0.5009765625 0.0390625 0.048828125
0 0.32890625 0.5908203125 0.0390625 0.048828125
0 0.29140625 0.5654296875 0.0390625 0.048828125
0 0.64453125 0.5732421875 0.0390625 0.048828125
0 0.42265625 0.7119140625 0.0390625 0.048828125
0 0.34765625 0.6611328125 0.0390625 0.048828125
0 0.45078125 0.4404296875 0.0390625 0.048828125
0 0.53203125 0.3779296875 0.0390625 0.048828125
0 0.68671875 0.4833984375 0.0390625 0.048828125
0 0.54921875 0.4482421875 0.0390625 0.048828125
0 0.46015625 0.7392578125 0.0390625 0.048828125
0 0.43671875 0.2529296875 0.0390625 0.048828125
0 0.48203125 0.6943359375 0.0390625 0.048828125
0 0.48984375 0.4677734375 0.0390625 0.048828125
0 0.60078125 0.6611328125 0.0390625 0.048828125
0 0.46484375 0.6259765625 0.0390625 0.048828125
0 0.61328125 0.3134765625 0.0390625 0.048828125
0 0.31171875 0.5205078125 0.0390625 0.048828125
0 0.49921875 0.7646484375 0.0390625 0.048828125
0 0.51328125 0.3076171875 0.0390625 0.048828125
0 0.50703125 0.5380859375 0.0390625 0.048828125
0 0.35078125 0.5478515625 0.0390625 0.048828125
0 0.67421875 0.2958984375 0.0390625 0.048828125
0 0.52421875 0.6083984375 0.0390625 0.048828125
0 0.44765625 0.5556640625 0.0390625 0.048828125
0 0.35234375 0.4326171875 0.0390625 0.048828125
0 0.71328125 0.3212890625 0.0390625 0.048828125
0 0.63515625 0.2685546875 0.0390625 0.048828125
0 0.54140625 0.6767578125 0.0390625 0.048828125
0 0.38828125 0.5732421875 0.0390625 0.048828125
0 0.47265625 0.3955078125 0.0390625 0.048828125
0 0.57421875 0.2880859375 0.0390625 0.048828125
0 0.73046875 0.3935546875 0.0390625 0.048828125
0 0.41171875 0.4150390625 0.0390625 0.048828125
0 0.27109375 0.6083984375 0.0390625 0.048828125
0 0.37109375 0.5029296875 0.0390625 0.048828125
0 0.39453125 0.3427734375 0.0390625 0.048828125
0 0.66953125 0.4130859375 0.0390625 0.048828125
0 0.59609375 0.2412109375 0.0390625 0.048828125
0 0.75078125 0.3486328125 0.0390625 0.048828125
