0 0.44765625 0.6123046875 0.0390625 0.048828125
0 0.36328125 0.6171875 0.0390625 0.046875
0 0.53203125 0.60546875 0.0390625 0.05078125
0 0.4078125 0.666015625 0.040625 0.05078125
0 0.53046875 0.50390625 0.0390625 0.046875
0 0.44609375 0.5087890625 0.0390625 0.048828125
0 0.36328125 0.564453125 0.0390625 0.046875
0 0.56796875 0.240234375 0.0421875 0.05078125
0 0.36640625 0.720703125 0.0390625 0.046875
0 0.44921875 0.7158203125 0.0390625 0.048828125
0 0.31484375 0.3076171875 0.0390625 0.048828125
0 0.49140625 0.66015625 0.0390625 0.046875
0 0.3234375 0.7236328125 0.040625 0.048828125
0 0.32109375 0.5673828125 0.0390625 0.048828125
0 0.36171875 0.5126953125 0.0390625 0.048828125
0 0.52734375 0.400390625 0.0390625 0.046875
0 0.53359375 0.708984375 0.0390625 0.05078125
0 0.36171875 0.4609375 0.0390625 0.046875
0 0.36640625 0.66796875 0.0390625 0.046875
0 0.40625 0.5615234375 0.040625 0.048828125
0 0.44609375 0.4560546875 0.0390625 0.048828125
0 0.35625 0.2548828125 0.040625 0.048828125
0 0.57265625 0.5517578125 0.0390625 0.048828125
0 0.40390625 0.458984375 0.0421875 0.046875
0 0.52734375 0.34765625 0.0390625 0.046875
0 0.44765625 0.560546875 0.0390625 0.05078125
0 0.40234375 0.4072265625 0.0390625 0.048828125
0 0.31796875 0.4638671875 0.0390625 0.048828125
0 0.57578125 0.6552734375 0.0390625 0.048828125
0 0.3234375 0.669921875 0.040625 0.046875
0 0.44453125 0.3525390625 0.0390625 0.048828125
0 0.36015625 0.3583984375 0.0390625 0.048828125
0 0.57578125 0.603515625 0.0390625 0.05078125
0 0.48984375 0.55859375 0.0421875 0.05078125
0 0.49140625 0.607421875 0.0390625 0.046875
0 0.3171875 0.412109375 0.040625 0.05078125
0 0.40078125 0.3037109375 0.0390625 0.048828125
0 0.57109375 0.3984375 0.0390625 0.046875
0 0.56953125 0.2919921875 0.0390625 0.048828125
0 0.4875 0.4541015625 0.040625 0.048828125
0 0.61484375 0.4462890625 0.0390625 0.048828125
0 0.44140625 0.2470703125 0.0390625 0.048828125
0 0.4859375 0.3505859375 0.040625 0.048828125
0 0.4828125 0.244140625 0.0375 0.046875
0 0.61171875 0.3427734375 0.0390625 0.048828125
0 0.40078125 0.35546875 0.0390625 0.046875
0 0.31484375 0.255859375 0.0390625 0.05078125
0 0.53046875 0.453125 0.0390625 0.05078125
0 0.4859375 0.4033203125 0.040625 0.048828125
0 0.39921875 0.25 0.0390625 0.046875
0 0.615625 0.6015625 0.040625 0.05078125
0 0.44609375 0.404296875 0.0390625 0.05078125
0 0.61484375 0.498046875 0.0390625 0.05078125
0 0.53125 0.5556640625 0.040625 0.048828125
0 0.571875 0.44921875 0.040625 0.05078125
0 0.40390625 0.51171875 0.0421875 0.046875
0 0.3609375 0.41015625 0.040625 0.05078125
0 0.48515625 0.298828125 0.0390625 0.05078125
0 0.5703125 0.34375 0.040625 0.05078125
0 0.61171875 0.3935546875 0.0390625 0.048828125
0 0.615625 0.5498046875 0.040625 0.048828125
0 0.40859375 0.76953125 0.0390625 0.05078125
0 0.40859375 0.7177734375 0.0390625 0.048828125
0 0.49296875 0.7119140625 0.0390625 0.048828125
0 0.32421875 0.7763671875 0.0390625 0.048828125
0 0.44921875 0.6640625 0.0390625 0.05078125
0 0.52578125 0.2431640625 0.0390625 0.048828125
0 0.31640625 0.3603515625 0.0390625 0.048828125
0 0.31953125 0.5166015625 0.0421875 0.048828125
0 0.40625 0.615234375 0.040625 0.046875
0 0.49296875 0.763671875 0.0390625 0.046875
0 0.57578125 0.7080078125 0.0390625 0.048828125
0 0.61796875 0.7060546875 0.0390625 0.048828125
0 0.61171875 0.2900390625 0.0390625 0.048828125
0 0.57734375 0.7587890625 0.0390625 0.048828125
0 0.5328125 0.6572265625 0.040625 0.048828125
0 0.35859375 0.3046875 0.0421875 0.046875
0 0.36640625 0.7724609375 0.0390625 0.048828125
0 0.52734375 0.294921875 0.0390625 0.046875
0 0.44296875 0.30078125 0.0421875 0.05078125
0 0.57265625 0.5 0.0390625 0.05078125
0 0.4875 0.5068359375 0.040625 0.048828125
0 0.6171875 0.65234375 0.040625 0.046875
0 0.321875 0.62109375 0.040625 0.05078125
0 0.45078125 0.7685546875 0.0421875 0.048828125
0 0.61015625 0.23828125 0.0390625 0.05078125
0 0.61953125 0.7578125 0.0421875 0.05078125
0 0.53515625 0.7607421875 0.0421875 0.048828125
