0 0.56640625 0.33984375 0.0390625 0.05078125
0 0.17890625 0.5439453125 0.0421875 0.048828125
0 0.34375 0.45703125 0.040625 0.05078125
0 0.35390625 0.2890625 0.0390625 0.05078125
0 0.45390625 0.3974609375 0.0390625 0.048828125
0 0.50234375 0.5361328125 0.0390625 0.048828125
0 0.28828125 0.486328125 0.0421875 0.05078125
0 0.3359375 0.623046875 0.040625 0.05078125
0 0.31171875 0.5556640625 0.0390625 0.052734375
0 0.590625 0.4091796875 0.040625 0.048828125
0 0.64609375 0.3798828125 0.0421875 0.048828125
0 0.5484375 0.6767578125 0.040625 0.052734375
0 0.2421875 0.34765625 0.040625 0.05078125
0 0.3921875 0.595703125 0.040625 0.05078125
0 0.58046875 0.576171875 0.0390625 0.05078125
0 0.51015625 0.3701171875 0.0390625 0.048828125
0 0.4859375 0.2998046875 0.040625 0.048828125
0 0.271875 0.53515625 0.040625 0.05078125
0 0.37578125 0.357421875 0.0390625 0.05078125
0 0.3296875 0.220703125 0.040625 0.05078125
0 0.2171875 0.2763671875 0.040625 0.052734375
0 0.44609375 0.56640625 0.0390625 0.05078125
0 0.28984375 0.1982421875 0.0390625 0.048828125
0 0.3984375 0.4267578125 0.040625 0.048828125
0 0.49375 0.7041015625 0.040625 0.052734375
0 0.29765625 0.3173828125 0.0390625 0.048828125
0 0.4703125 0.6357421875 0.040625 0.048828125
0 0.40859375 0.259765625 0.0421875 0.05078125
0 0.228125 0.3974609375 0.040625 0.048828125
0 0.265625 0.4169921875 0.040625 0.048828125
0 0.37578125 0.64453125 0.0390625 0.05078125
0 0.534375 0.4384765625 0.040625 0.052734375
0 0.6125 0.4775390625 0.040625 0.052734375
0 0.4859375 0.5859375 0.040625 0.05078125
0 0.2953125 0.603515625 0.040625 0.05078125
0 0.421875 0.49609375 0.040625 0.05078125
0 0.52578125 0.6064453125 0.0421875 0.048828125
0 0.15546875 0.474609375 0.0390625 0.05078125
0 0.328125 0.5068359375 0.040625 0.048828125
0 0.478125 0.466796875 0.040625 0.05078125
0 0.55703125 0.5068359375 0.0421875 0.048828125
0 0.25078125 0.466796875 0.0421875 0.05078125
0 0.596875 0.529296875 0.040625 0.05078125
0 0.534375 0.7236328125 0.040625 0.052734375
0 0.55 0.3896484375 0.040625 0.048828125
0 0.43046875 0.3291015625 0.0421875 0.052734375
0 0.44765625 0.2802734375 0.0421875 0.048828125
0 0.57421875 0.4580078125 0.0390625 0.052734375
0 0.4703125 0.349609375 0.040625 0.05078125
0 0.51875 0.486328125 0.040625 0.05078125
0 0.2171875 0.5634765625 0.040625 0.048828125
0 0.5640625 0.6279296875 0.040625 0.048828125
0 0.28203125 0.3671875 0.0390625 0.05078125
0 0.4078125 0.5458984375 0.040625 0.048828125
0 0.36796875 0.5263671875 0.0390625 0.048828125
0 0.43828125 0.4462890625 0.0390625 0.048828125
0 0.36015625 0.4072265625 0.0390625 0.048828125
0 0.2734375 0.248046875 0.040625 0.05078125
0 0.4625 0.5166015625 0.040625 0.048828125
0 0.3921875 0.30859375 0.040625 0.05078125
0 0.33671875 0.3369140625 0.0421875 0.048828125
0 0.50859375 0.6552734375 0.0421875 0.048828125
0 0.2578125 0.5859375 0.040625 0.05078125
0 0.21171875 0.4462890625 0.0390625 0.048828125
0 0.3140625 0.2685546875 0.040625 0.052734375
0 0.41484375 0.6650390625 0.0421875 0.052734375
0 0.45390625 0.6845703125 0.0390625 0.052734375
0 0.32109375 0.38671875 0.0421875 0.05078125
0 0.2515625 0.177734375 0.040625 0.05078125
0 0.4140625 0.376953125 0.040625 0.05078125
0 0.19453125 0.4951171875 0.0421875 0.052734375
0 0.23359375 0.5146484375 0.0390625 0.052734375
0 0.43203125 0.6162109375 0.0390625 0.048828125
0 0.3515625 0.5751953125 0.040625 0.052734375
0 0.171875 0.4267578125 0.040625 0.048828125
0 0.2015625 0.330078125 0.040625 0.05078125
0 0.30546875 0.4365234375 0.0421875 0.048828125
0 0.2578125 0.2978515625 0.040625 0.048828125
0 0.1390625 0.5244140625 0.040625 0.048828125
0 0.384375 0.4765625 0.040625 0.05078125
0 0.49375 0.4189453125 0.040625 0.048828125
0 0.2359375 0.2275390625 0.040625 0.048828125
0 0.62890625 0.4296875 0.0421875 0.05078125
0 0.54140625 0.556640625 0.0421875 0.05078125
0 0.1875 0.376953125 0.040625 0.05078125
0 0.5265625 0.3203125 0.040625 0.05078125
0 0.3703125 0.240234375 0.040625 0.05078125
0 0.60625 0.359375 0.040625 0.05078125
