0 0.62734375 0.2275390625 0.0390625 0.048828125
0 0.69140625 0.3544921875 0.0390625 0.048828125
0 0.65859375 0.2919921875 0.0390625 0.048828125
0 0.56640625 0.5419921875 0.0390625 0.048828125
0 0.73515625 0.5908203125 0.0390625 0.048828125
0 0.49296875 0.2470703125 0.0390625 0.048828125
0 0.50390625 0.4130859375 0.0390625 0.048828125
0 0.70234375 0.5244140625 0.0390625 0.048828125
0 0.43046875 0.5576171875 0.0390625 0.048828125
0 0.72265625 0.4189453125 0.0390625 0.048828125
0 0.79765625 0.4951171875 0.0390625 0.048828125
0 0.55546875 0.3740234375 0.0390625 0.048828125
0 0.53515625 0.4775390625 0.0390625 0.048828125
0 0.75546875 0.4833984375 0.0390625 0.048828125
0 0.67109375 0.4599609375 0.0390625 0.048828125
0 0.46171875 0.4033203125 0.0390625 0.048828125
0 0.50390625 0.1962890625 0.0390625 0.048828125
0 0.44140625 0.2880859375 0.0390625 0.048828125
0 0.82890625 0.3369140625 0.0390625 0.048828125
0 0.81015625 0.6669921875 0.0390625 0.048828125
0 0.66015625 0.5126953125 0.0390625 0.048828125
0 0.62890625 0.4482421875 0.0390625 0.048828125
0 0.88203125 0.2939453125 0.0390625 0.048828125
0 0.49296875 0.4658203125 0.0390625 0.048828125
0 0.66953125 0.2392578125 0.0390625 0.048828125
0 0.60703125 0.3330078125 0.0390625 0.048828125
0 0.75390625 0.2607421875 0.0390625 0.048828125
0 0.59765625 0.3837890625 0.0390625 0.048828125
0 0.68203125 0.6298828125 0.0390625 0.048828125
0 0.60859375 0.5537109375 0.0390625 0.048828125
0 0.84140625 0.5068359375 0.0390625 0.048828125
0 0.43203125 0.3388671875 0.0390625 0.048828125
0 0.74453125 0.5361328125 0.0390625 0.048828125
0 0.73359375 0.3662109375 0.0390625 0.048828125
0 0.48359375 0.5185546875 0.0390625 0.048828125
0 0.53359375 0.2587890625 0.0390625 0.048828125
0 0.52421875 0.5302734375 0.0390625 0.048828125
0 0.56484375 0.3212890625 0.0390625 0.048828125
0 0.51484375 0.5830078125 0.0390625 0.048828125
0 0.76640625 0.4306640625 0.0390625 0.048828125
0 0.78671875 0.3251953125 0.0390625 0.048828125
0 0.59765625 0.6064453125 0.0390625 0.048828125
0 0.44140625 0.5068359375 0.0390625 0.048828125
0 0.61796875 0.5009765625 0.0390625 0.048828125
0 0.45234375 0.4541015625 0.0390625 0.048828125
0 0.47265625 0.5693359375 0.0390625 0.048828125
0 0.83046875 0.5615234375 0.0390625 0.048828125
0 0.41015625 0.4423828125 0.0390625 0.048828125
0 0.52421875 0.3095703125 0.0390625 0.048828125
0 0.54453125 0.2060546875 0.0390625 0.048828125
0 0.80859375 0.4423828125 0.0390625 0.048828125
0 0.61796875 0.2802734375 0.0390625 0.048828125
0 0.81953125 0.6142578125 0.0390625 0.048828125
0 0.72421875 0.6435546875 0.0390625 0.048828125
0 0.47265625 0.3505859375 0.0390625 0.048828125
0 0.79609375 0.2724609375 0.0390625 0.048828125
0 0.54609375 0.4248046875 0.0390625 0.048828125
0 0.77734375 0.6025390625 0.0390625 0.048828125
0 0.76640625 0.6552734375 0.0390625 0.048828125
0 0.70234375 0.3017578125 0.0390625 0.048828125
0 0.40078125 0.4951171875 0.0390625 0.048828125
0 0.58671875 0.2177734375 0.0390625 0.048828125
0 0.57578125 0.4892578125 0.0390625 0.048828125
0 0.63828125 0.3955078125 0.0390625 0.048828125
0 0.42109375 0.3916015625 0.0390625 0.048828125
0 0.71171875 0.2490234375 0.0390625 0.048828125
0 0.81796875 0.3896484375 0.0390625 0.048828125
0 0.64921875 0.3427734375 0.0390625 0.048828125
0 0.74296875 0.3134765625 0.0390625 0.048828125
0 0.58671875 0.4365234375 0.0390625 0.048828125
0 0.68203125 0.4072265625 0.0390625 0.048828125
0 0.46171875 0.1845703125 0.0390625 0.048828125
0 0.63984375 0.6181640625 0.0390625 0.048828125
0 0.69296875 0.5771484375 0.0390625 0.048828125
0 0.48359375 0.2998046875 0.0390625 0.048828125
0 0.45234375 0.2353515625 0.0390625 0.048828125
0 0.38984375 0.5458984375 0.0390625 0.048828125
0 0.55546875 0.5947265625 0.0390625 0.048828125
0 0.57578125 0.2685546875 0.0390625 0.048828125
0 0.51484375 0.3623046875 0.0390625 0.048828125
0 0.85078125 0.4541015625 0.0390625 0.048828125
0 0.78828125 0.5478515625 0.0390625 0.048828125
0 0.71328125 0.4716796875 0.0390625 0.048828125
0 0.83984375 0.2841796875 0.0390625 0.048828125
0 0.86171875 0.4013671875 0.0390625 0.048828125
0 0.64921875 0.5654296875 0.0390625 0.048828125
0 0.87265625 0.3486328125 0.0390625 0.048828125
0 0.77578125 0.3779296875 0.0390625 0.048828125
