0 0.58125 0.5439453125 0.05 0.064453125
0 0.8234375 0.3642578125 0.05 0.064453125
0 0.4234375 0.6318359375 0.05 0.064453125
0 0.6609375 0.5498046875 0.05 0.064453125
0 0.74375 0.3623046875 0.05 0.064453125
0 0.57890625 0.6396484375 0.0484375 0.064453125
0 0.309375 0.390625 0.05 0.0625
0 0.49921875 0.7294921875 0.0484375 0.064453125
0 0.5046875 0.4462890625 0.05 0.064453125
0 0.41953125 0.8193359375 0.0484375 0.064453125
0 0.46875 0.2060546875 0.05 0.064453125
0 0.6171875 0.6884765625 0.05 0.064453125
0 0.6625 0.4541015625 0.05 0.064453125
0 0.459375 0.7763671875 0.05 0.064453125
0 0.7 0.5029296875 0.05 0.064453125
0 0.5375 0.7783203125 0.05 0.064453125
0 0.2296875 0.5751953125 0.05 0.064453125
0 0.4671875 0.2998046875 0.05 0.064453125
0 0.3890625 0.2978515625 0.05 0.064453125
0 0.61875 0.5966796875 0.05 0.064453125
0 0.778125 0.5087890625 0.05 0.064453125
0 0.5828125 0.4501953125 0.05 0.064453125
0 0.2328125 0.4833984375 0.05 0.064453125
0 0.3453125 0.6298828125 0.05 0.064453125
0 0.309375 0.4853515625 0.05 0.064453125
0 0.65625 0.6455078125 0.05 0.064453125
0 0.6671875 0.2626953125 0.05 0.064453125
0 0.3078125 0.5810546875 0.05 0.064453125
0 0.428125 0.4443359375 0.05 0.064453125
0 0.740625 0.4580078125 0.05 0.064453125
0 0.628125 0.2099609375 0.05 0.064453125
0 0.428125 0.3486328125 0.05 0.064453125
0 0.70625 0.2138671875 0.05 0.064453125
0 0.6640625 0.3564453125 0.05 0.064453125
0 0.5875 0.2587890625 0.05 0.064453125
0 0.63125 0.1123046875 0.05 0.064453125
0 0.5484375 0.2080078125 0.05 0.064453125
0 0.696875 0.5986328125 0.05 0.064453125
0 0.8203125 0.4599609375 0.05 0.064453125
0 0.503125 0.5419921875 0.05 0.064453125
0 0.5390625 0.6865234375 0.05 0.064453125
0 0.3875 0.4912109375 0.05 0.064453125
0 0.6203125 0.5009765625 0.05 0.064453125
0 0.3875 0.3955078125 0.05 0.064453125
0 0.421875 0.7275390625 0.05 0.064453125
0 0.546875 0.3056640625 0.05 0.064453125
0 0.746875 0.2646484375 0.05 0.064453125
0 0.5015625 0.6376953125 0.05 0.064453125
0 0.35 0.3447265625 0.05 0.064453125
0 0.5515625 0.1103515625 0.05 0.064453125
0 0.540625 0.5908203125 0.05 0.064453125
0 0.2703125 0.5322265625 0.05 0.064453125
0 0.3078125 0.6728515625 0.05 0.064453125
0 0.70234375 0.4091796875 0.0484375 0.064453125
0 0.73828125 0.5517578125 0.0484375 0.064453125
0 0.465625 0.3974609375 0.05 0.064453125
0 0.78203125 0.4111328125 0.0484375 0.064453125
0 0.5078125 0.3525390625 0.05 0.064453125
0 0.35 0.4423828125 0.05 0.064453125
0 0.425 0.5400390625 0.05 0.064453125
0 0.584375 0.3544921875 0.05 0.064453125
0 0.38125 0.7705078125 0.05 0.064453125
0 0.4609375 0.6806640625 0.05 0.064453125
0 0.46328125 0.5888671875 0.0484375 0.064453125
0 0.509375 0.1572265625 0.05 0.064453125
0 0.384375 0.6787109375 0.05 0.064453125
0 0.509375 0.2548828125 0.05 0.064453125
0 0.784375 0.3134765625 0.05 0.064453125
0 0.54296875 0.4951171875 0.0484375 0.064453125
0 0.26875 0.6240234375 0.05 0.064453125
0 0.496875 0.8251953125 0.05 0.064453125
0 0.3484375 0.5341796875 0.05 0.064453125
0 0.34375 0.7216796875 0.05 0.064453125
0 0.62265625 0.4052734375 0.0484375 0.064453125
0 0.5453125 0.4013671875 0.05 0.064453125
0 0.7046875 0.3115234375 0.05 0.064453125
0 0.625 0.3076171875 0.05 0.064453125
0 0.5890625 0.1591796875 0.05 0.064453125
0 0.2703125 0.4365234375 0.05 0.064453125
0 0.3859375 0.5830078125 0.05 0.064453125
0 0.4296875 0.2509765625 0.05 0.064453125
0 0.465625 0.4931640625 0.05 0.064453125
0 0.5765625 0.7353515625 0.05 0.064453125
0 0.66875 0.1611328125 0.05 0.064453125
0 0.86171875 0.4130859375 0.0484375 0.064453125
0 0.590625 0.0615234375 0.05 0.064453125
0 0.1921875 0.5263671875 0.05 0.064453125
0 0.4578125 0.8681640625 0.05 0.064453125
