0 0.571875 0.626953125 0.040625 0.05078125
0 0.60625 0.6875 0.040625 0.05078125
0 0.33046875 0.5078125 0.0421875 0.05078125
0 0.6953125 0.349609375 0.040625 0.05078125
0 0.2875 0.498046875 0.040625 0.05078125
0 0.64765625 0.6982421875 0.0421875 0.048828125
0 0.675 0.498046875 0.040625 0.05078125
0 0.3390625 0.45703125 0.040625 0.05078125
0 0.4296875 0.431640625 0.040625 0.05078125
0 0.4921875 0.2939453125 0.040625 0.048828125
0 0.3234375 0.560546875 0.040625 0.05078125
0 0.6125 0.6357421875 0.040625 0.052734375
0 0.4359375 0.380859375 0.040625 0.05078125
0 0.3640625 0.5712890625 0.040625 0.048828125
0 0.6625 0.59765625 0.040625 0.05078125
0 0.5859375 0.5263671875 0.040625 0.048828125
0 0.40234375 0.3203125 0.0390625 0.05078125
0 0.315625 0.6103515625 0.040625 0.052734375
0 0.7296875 0.41015625 0.040625 0.05078125
0 0.30234375 0.396484375 0.0390625 0.05078125
0 0.4625 0.4921875 0.040625 0.05078125
0 0.371875 0.521484375 0.040625 0.05078125
0 0.71015625 0.5595703125 0.0421875 0.052734375
0 0.3875 0.4189453125 0.040625 0.052734375
0 0.65546875 0.6484375 0.0390625 0.05078125
0 0.634375 0.486328125 0.040625 0.05078125
0 0.4515625 0.2802734375 0.040625 0.048828125
0 0.28125 0.5478515625 0.040625 0.048828125
0 0.6 0.42578125 0.040625 0.05078125
0 0.5296875 0.6171875 0.040625 0.05078125
0 0.5359375 0.5634765625 0.040625 0.048828125
0 0.6828125 0.447265625 0.040625 0.05078125
0 0.61875 0.587890625 0.040625 0.05078125
0 0.615625 0.326171875 0.040625 0.05078125
0 0.496875 0.552734375 0.04375 0.05078125
0 0.52578125 0.3515625 0.0390625 0.05078125
0 0.440625 0.6455078125 0.040625 0.048828125
0 0.6890625 0.7119140625 0.040625 0.048828125
0 0.6890625 0.3994140625 0.040625 0.048828125
0 0.40625 0.58203125 0.040625 0.05078125
0 0.7390625 0.359375 0.040625 0.05078125
0 0.64140625 0.4365234375 0.0421875 0.048828125
0 0.37890625 0.46875 0.0390625 0.05078125
0 0.39375 0.37109375 0.040625 0.05078125
0 0.4140625 0.53125 0.04375 0.05078125
0 0.353125 0.357421875 0.040625 0.05078125
0 0.55859375 0.416015625 0.0421875 0.05078125
0 0.484375 0.3427734375 0.04375 0.052734375
0 0.62734375 0.537109375 0.0421875 0.05078125
0 0.66875 0.5478515625 0.040625 0.048828125
0 0.575 0.314453125 0.040625 0.05078125
0 0.6953125 0.658203125 0.040625 0.05078125
0 0.3578125 0.62109375 0.040625 0.05078125
0 0.64921875 0.388671875 0.0390625 0.05078125
0 0.5515625 0.4658203125 0.040625 0.048828125
0 0.5234375 0.6650390625 0.040625 0.052734375
0 0.7234375 0.4609375 0.040625 0.05078125
0 0.3984375 0.6328125 0.040625 0.05078125
0 0.4890625 0.603515625 0.040625 0.05078125
0 0.3625 0.306640625 0.040625 0.05078125
0 0.4765625 0.3916015625 0.040625 0.048828125
0 0.5640625 0.677734375 0.040625 0.05078125
0 0.7171875 0.5107421875 0.040625 0.048828125
0 0.36875 0.2587890625 0.040625 0.052734375
0 0.4421875 0.330078125 0.040625 0.05078125
0 0.59375 0.4755859375 0.040625 0.052734375
0 0.446875 0.5927734375 0.040625 0.048828125
0 0.5046875 0.5048828125 0.040625 0.052734375
0 0.5171875 0.40234375 0.040625 0.05078125
0 0.31875 0.296875 0.040625 0.05078125
0 0.2953125 0.447265625 0.040625 0.05078125
0 0.271875 0.6005859375 0.040625 0.048828125
0 0.5109375 0.453125 0.040625 0.05078125
0 0.421875 0.4814453125 0.040625 0.048828125
0 0.328125 0.24609375 0.040625 0.05078125
0 0.70234375 0.6083984375 0.0390625 0.048828125
0 0.46875 0.44140625 0.040625 0.05078125
0 0.409375 0.2685546875 0.040625 0.052734375
0 0.65546875 0.3388671875 0.0390625 0.048828125
0 0.60625 0.3759765625 0.040625 0.048828125
0 0.346875 0.4072265625 0.040625 0.048828125
0 0.45546875 0.54296875 0.0390625 0.05078125
0 0.53203125 0.3046875 0.0390625 0.05078125
0 0.5671875 0.365234375 0.04375 0.05078125
0 0.57890625 0.576171875 0.0390625 0.05078125
0 0.5453125 0.513671875 0.040625 0.05078125
0 0.48125 0.65625 0.040625 0.05078125
0 0.3109375 0.3447265625 0.040625 0.052734375
