0 0.51640625 0.3232421875 0.0703125 0.052734375
0 0.38359375 0.7412109375 0.0703125 0.052734375
0 0.378125 0.6220703125 0.071875 0.052734375
0 0.60859375 0.5537109375 0.0703125 0.052734375
0 0.69140625 0.6083984375 0.0703125 0.052734375
0 0.60078125 0.4365234375 0.0703125 0.052734375
0 0.62890625 0.8486328125 0.0703125 0.052734375
0 0.68203125 0.4912109375 0.0703125 0.052734375
0 0.28828125 0.4521484375 0.0703125 0.052734375
0 0.35546875 0.2724609375 0.0703125 0.052734375
0 0.46015625 0.6767578125 0.0703125 0.052734375
0 0.53828125 0.6748046875 0.0703125 0.052734375
0 0.69609375 0.6669921875 0.0703125 0.052734375
0 0.60390625 0.4931640625 0.0703125 0.052734375
0 0.22265625 0.6904296875 0.0703125 0.052734375
0 0.20390625 0.3369140625 0.0703125 0.052734375
0 0.69921875 0.7255859375 0.0703125 0.052734375
0 0.36171875 0.3876953125 0.0703125 0.052734375
0 0.28515625 0.3916015625 0.0703125 0.052734375
0 0.53046875 0.5576171875 0.0703125 0.052734375
0 0.30546875 0.7451171875 0.0703125 0.052734375
0 0.46796875 0.7978515625 0.0703125 0.052734375
0 0.14453125 0.6943359375 0.0703125 0.052734375
0 0.6203125 0.7294921875 0.071875 0.052734375
0 0.29140625 0.5107421875 0.0703125 0.052734375
0 0.51953125 0.3818359375 0.0703125 0.052734375
0 0.31328125 0.8623046875 0.0703125 0.052734375
0 0.62578125 0.7900390625 0.0703125 0.052734375
0 0.13828125 0.5751953125 0.0703125 0.052734375
0 0.38046875 0.6806640625 0.0703125 0.052734375
0 0.21796875 0.5712890625 0.0703125 0.052734375
0 0.67109375 0.3134765625 0.0703125 0.052734375
0 0.70703125 0.8466796875 0.0703125 0.052734375
0 0.43984375 0.3837890625 0.0703125 0.052734375
0 0.54140625 0.7333984375 0.0703125 0.052734375
0 0.12421875 0.3427734375 0.0703125 0.052734375
0 0.59765625 0.3779296875 0.0703125 0.052734375
0 0.29296875 0.5673828125 0.0703125 0.052734375
0 0.44921875 0.5029296875 0.0703125 0.052734375
0 0.2203125 0.6318359375 0.071875 0.052734375
0 0.43671875 0.3271484375 0.0703125 0.052734375
0 0.35859375 0.3310546875 0.0703125 0.052734375
0 0.31015625 0.8037109375 0.0703125 0.052734375
0 0.37265625 0.5634765625 0.0703125 0.052734375
0 0.36953125 0.5068359375 0.0703125 0.052734375
0 0.15234375 0.8115234375 0.0703125 0.052734375
0 0.47109375 0.8564453125 0.0703125 0.052734375
0 0.68828125 0.5478515625 0.0703125 0.052734375
0 0.21171875 0.5126953125 0.0703125 0.052734375
0 0.44296875 0.4423828125 0.0703125 0.052734375
0 0.15546875 0.8720703125 0.0703125 0.052734375
0 0.19765625 0.2802734375 0.0703125 0.052734375
0 0.22890625 0.7490234375 0.0703125 0.052734375
0 0.66796875 0.2548828125 0.0703125 0.052734375
0 0.45078125 0.5615234375 0.0703125 0.052734375
0 0.52109375 0.4384765625 0.0703125 0.052734375
0 0.12734375 0.4013671875 0.0703125 0.052734375
0 0.13046875 0.4580078125 0.0703125 0.052734375
0 0.67734375 0.3740234375 0.0703125 0.052734375
0 0.3921875 0.8603515625 0.071875 0.052734375
0 0.13515625 0.5166015625 0.0703125 0.052734375
0 0.20625 0.3974609375 0.071875 0.052734375
0 0.61171875 0.6123046875 0.0703125 0.052734375
0 0.5921875 0.3193359375 0.071875 0.052734375
0 0.46328125 0.7392578125 0.0703125 0.052734375
0 0.27890625 0.3330078125 0.0703125 0.052734375
0 0.14921875 0.7529296875 0.0703125 0.052734375
0 0.29921875 0.6259765625 0.0703125 0.052734375
0 0.20859375 0.4560546875 0.0703125 0.052734375
0 0.52421875 0.4970703125 0.0703125 0.052734375
0 0.51015625 0.2646484375 0.0703125 0.052734375
0 0.67890625 0.4326171875 0.0703125 0.052734375
0 0.53359375 0.6162109375 0.0703125 0.052734375
0 0.61796875 0.6708984375 0.0703125 0.052734375
0 0.36640625 0.4482421875 0.0703125 0.052734375
0 0.38671875 0.7998046875 0.0703125 0.052734375
0 0.23515625 0.8662109375 0.0703125 0.052734375
0 0.54765625 0.7939453125 0.0703125 0.052734375
0 0.45390625 0.6201171875 0.0703125 0.052734375
0 0.12109375 0.2822265625 0.0703125 0.052734375
0 0.43203125 0.2685546875 0.0703125 0.052734375
0 0.27734375 0.2763671875 0.0703125 0.052734375
0 0.70546875 0.7861328125 0.0703125 0.052734375
0 0.23203125 0.8076171875 0.0703125 0.052734375
0 0.54921875 0.8525390625 0.0703125 0.052734375
0 0.58984375 0.2587890625 0.0703125 0.052734375
0 0.30234375 0.6865234375 0.0703125 0.052734375
0 0.14140625 0.6357421875 0.0703125 0.052734375
