0 0.73671875 0.7958984375 0.0390625 0.048828125
0 0.72265625 0.6904296875 0.0390625 0.048828125
0 0.61015625 0.5009765625 0.0390625 0.048828125
0 0.48828125 0.5810546875 0.0390625 0.048828125
0 0.70234375 0.5341796875 0.0390625 0.048828125
0 0.68671875 0.7529296875 0.0390625 0.048828125
0 0.63671875 0.7080078125 0.0390625 0.048828125
0 0.71640625 0.6376953125 0.0390625 0.048828125
0 0.52421875 0.5205078125 0.0390625 0.048828125
0 0.56328125 0.8330078125 0.0390625 0.048828125
0 0.57421875 0.5615234375 0.0390625 0.048828125
0 0.60078125 0.7705078125 0.0390625 0.048828125
0 0.64921875 0.8154296875 0.0390625 0.048828125
0 0.45234375 0.6416015625 0.0390625 0.048828125
0 0.70078125 0.8583984375 0.0390625 0.048828125
0 0.56640625 0.5107421875 0.0390625 0.048828125
0 0.66640625 0.5947265625 0.0390625 0.048828125
0 0.27578125 0.6279296875 0.0390625 0.048828125
0 0.67265625 0.6474609375 0.0390625 0.048828125
0 0.65234375 0.4912109375 0.0390625 0.048828125
0 0.63046875 0.6572265625 0.0390625 0.048828125
0 0.33046875 0.7216796875 0.0390625 0.048828125
0 0.61328125 0.8759765625 0.0390625 0.048828125
0 0.67890625 0.7001953125 0.0390625 0.048828125
0 0.36015625 0.6083984375 0.0390625 0.048828125
0 0.53671875 0.6220703125 0.0390625 0.048828125
0 0.36640625 0.6611328125 0.0390625 0.048828125
0 0.31171875 0.5673828125 0.0390625 0.048828125
0 0.43359375 0.8603515625 0.0390625 0.048828125
0 0.52734375 0.8955078125 0.0390625 0.048828125
0 0.59296875 0.7177734375 0.0390625 0.048828125
0 0.39609375 0.9248046875 0.0390625 0.048828125
0 0.50078125 0.6845703125 0.0390625 0.048828125
0 0.32421875 0.6689453125 0.0390625 0.048828125
0 0.61640625 0.5517578125 0.0390625 0.048828125
0 0.30546875 0.8896484375 0.0390625 0.048828125
0 0.62265625 0.6044921875 0.0390625 0.048828125
0 0.65859375 0.5439453125 0.0390625 0.048828125
0 0.41484375 0.7041015625 0.0390625 0.048828125
0 0.58046875 0.6142578125 0.0390625 0.048828125
0 0.39765625 0.5478515625 0.0390625 0.048828125
0 0.28671875 0.7314453125 0.0390625 0.048828125
0 0.38515625 0.8173828125 0.0390625 0.048828125
0 0.54296875 0.6748046875 0.0390625 0.048828125
0 0.34765625 0.8798828125 0.0390625 0.048828125
0 0.50703125 0.7373046875 0.0390625 0.048828125
0 0.40234375 0.5986328125 0.0390625 0.048828125
0 0.64296875 0.7607421875 0.0390625 0.048828125
0 0.43984375 0.5380859375 0.0390625 0.048828125
0 0.37890625 0.7646484375 0.0390625 0.048828125
0 0.47109375 0.7998046875 0.0390625 0.048828125
0 0.33515625 0.7744140625 0.0390625 0.048828125
0 0.55703125 0.7802734375 0.0390625 0.048828125
0 0.58671875 0.6650390625 0.0390625 0.048828125
0 0.29296875 0.7841796875 0.0390625 0.048828125
0 0.46484375 0.7451171875 0.0390625 0.048828125
0 0.34140625 0.8271484375 0.0390625 0.048828125
0 0.51328125 0.7900390625 0.0390625 0.048828125
0 0.48359375 0.9052734375 0.0390625 0.048828125
0 0.26953125 0.5771484375 0.0390625 0.048828125
0 0.55078125 0.7275390625 0.0390625 0.048828125
0 0.42109375 0.7548828125 0.0390625 0.048828125
0 0.31015625 0.9423828125 0.0390625 0.048828125
0 0.69609375 0.4814453125 0.0390625 0.048828125
0 0.51953125 0.8427734375 0.0390625 0.048828125
0 0.48203125 0.5283203125 0.0390625 0.048828125
0 0.47734375 0.8505859375 0.0390625 0.048828125
0 0.70859375 0.5849609375 0.0390625 0.048828125
0 0.40859375 0.6513671875 0.0390625 0.048828125
0 0.56953125 0.8857421875 0.0390625 0.048828125
0 0.37265625 0.7119140625 0.0390625 0.048828125
0 0.42734375 0.8076171875 0.0390625 0.048828125
0 0.29921875 0.8369140625 0.0390625 0.048828125
0 0.53046875 0.5712890625 0.0390625 0.048828125
0 0.44609375 0.5908203125 0.0390625 0.048828125
0 0.35390625 0.5576171875 0.0390625 0.048828125
0 0.43984375 0.9150390625 0.0390625 0.048828125
0 0.39140625 0.8701171875 0.0390625 0.048828125
0 0.73046875 0.7431640625 0.0390625 0.048828125
0 0.60703125 0.8232421875 0.0390625 0.048828125
0 0.28046875 0.6806640625 0.0390625 0.048828125
0 0.45859375 0.6943359375 0.0390625 0.048828125
0 0.69296875 0.8056640625 0.0390625 0.048828125
0 0.35390625 0.9326171875 0.0390625 0.048828125
0 0.74453125 0.8505859375 0.0390625 0.048828125
0 0.31796875 0.6181640625 0.0390625 0.048828125
0 0.49453125 0.6318359375 0.0390625 0.048828125
0 0.65703125 0.8681640625 0.0390625 0.048828125
