0 0.41328125 0.5068359375 0.0421875 0.052734375
0 0.45859375 0.3671875 0.0421875 0.05078125
0 0.3265625 0.375 0.040625 0.05078125
0 0.334375 0.2548828125 0.040625 0.048828125
0 0.13984375 0.5224609375 0.0421875 0.052734375
0 0.228125 0.6533203125 0.040625 0.052734375
0 0.28359375 0.6826171875 0.0390625 0.048828125
0 0.37421875 0.236328125 0.0421875 0.05078125
0 0.35703125 0.474609375 0.0421875 0.05078125
0 0.27890625 0.5146484375 0.0421875 0.052734375
0 0.2703125 0.341796875 0.040625 0.05078125
0 0.3078125 0.6142578125 0.040625 0.048828125
0 0.38125 0.4052734375 0.040625 0.048828125
0 0.17265625 0.623046875 0.0390625 0.05078125
0 0.38828125 0.57421875 0.0421875 0.05078125
0 0.16640625 0.453125 0.0390625 0.05078125
0 0.4296875 0.267578125 0.040625 0.05078125
0 0.11640625 0.5927734375 0.0390625 0.048828125
0 0.19765625 0.552734375 0.0421875 0.05078125
0 0.18984375 0.3828125 0.0421875 0.05078125
0 0.4046875 0.3369140625 0.040625 0.052734375
0 0.3328125 0.5439453125 0.040625 0.048828125
0 0.1875 0.6728515625 0.040625 0.048828125
0 0.2953125 0.2724609375 0.040625 0.052734375
0 0.24609375 0.4130859375 0.0390625 0.048828125
0 0.1328125 0.349609375 0.040625 0.05078125
0 0.30234375 0.4453125 0.0390625 0.05078125
0 0.23828125 0.5341796875 0.0390625 0.048828125
0 0.28671875 0.3955078125 0.0421875 0.048828125
0 0.4921875 0.466796875 0.040625 0.05078125
0 0.43671875 0.4375 0.0390625 0.05078125
0 0.12421875 0.4716796875 0.0390625 0.048828125
0 0.2515625 0.583984375 0.040625 0.05078125
0 0.10859375 0.4189453125 0.0421875 0.052734375
0 0.22265625 0.4833984375 0.0421875 0.052734375
0 0.44453125 0.6044921875 0.0421875 0.052734375
0 0.48359375 0.2978515625 0.0421875 0.052734375
0 0.34921875 0.5947265625 0.0421875 0.052734375
0 0.0671875 0.439453125 0.040625 0.05078125
0 0.084375 0.4912109375 0.040625 0.052734375
0 0.365625 0.3544921875 0.040625 0.052734375
0 0.54609375 0.4990234375 0.0421875 0.052734375
0 0.396875 0.455078125 0.040625 0.05078125
0 0.36484375 0.6435546875 0.0390625 0.052734375
0 0.05078125 0.388671875 0.0421875 0.05078125
0 0.45078125 0.486328125 0.0421875 0.05078125
0 0.41328125 0.2158203125 0.0421875 0.052734375
0 0.47578125 0.416015625 0.0421875 0.05078125
0 0.17421875 0.3310546875 0.0390625 0.048828125
0 0.34921875 0.3056640625 0.0421875 0.052734375
0 0.44296875 0.3173828125 0.0390625 0.048828125
0 0.5 0.3466796875 0.040625 0.052734375
0 0.21484375 0.3115234375 0.0421875 0.048828125
0 0.48359375 0.583984375 0.0421875 0.05078125
0 0.52109375 0.56640625 0.0421875 0.05078125
0 0.4671875 0.2470703125 0.040625 0.048828125
0 0.38984375 0.28515625 0.0390625 0.05078125
0 0.26875 0.6328125 0.040625 0.05078125
0 0.4671875 0.5361328125 0.040625 0.048828125
0 0.0921875 0.3701171875 0.040625 0.052734375
0 0.23125 0.3623046875 0.040625 0.052734375
0 0.42890625 0.5537109375 0.0390625 0.048828125
0 0.14609375 0.6953125 0.0421875 0.05078125
0 0.315625 0.494140625 0.040625 0.05078125
0 0.20390625 0.7255859375 0.0421875 0.052734375
0 0.13203125 0.6435546875 0.0421875 0.052734375
0 0.50546875 0.517578125 0.0390625 0.05078125
0 0.51328125 0.3974609375 0.0390625 0.048828125
0 0.2921875 0.5634765625 0.040625 0.052734375
0 0.421875 0.3857421875 0.040625 0.052734375
0 0.52890625 0.447265625 0.0421875 0.05078125
0 0.18125 0.501953125 0.040625 0.05078125
0 0.15625 0.5712890625 0.040625 0.052734375
0 0.37265625 0.525390625 0.0390625 0.05078125
0 0.30859375 0.3251953125 0.0390625 0.048828125
0 0.2625 0.4638671875 0.040625 0.048828125
0 0.24375 0.703125 0.040625 0.05078125
0 0.1484375 0.3994140625 0.040625 0.048828125
0 0.2125 0.6025390625 0.040625 0.048828125
0 0.0984375 0.5419921875 0.040625 0.048828125
0 0.34296875 0.423828125 0.0421875 0.05078125
0 0.32421875 0.6640625 0.0421875 0.05078125
0 0.20625 0.431640625 0.040625 0.05078125
0 0.25546875 0.29296875 0.0390625 0.05078125
0 0.56015625 0.5458984375 0.0421875 0.048828125
0 0.1625 0.7451171875 0.040625 0.048828125
0 0.403125 0.6240234375 0.040625 0.048828125
0 0.4515625 0.197265625 0.040625 0.05078125
