0 0.7046875 0.5458984375 0.0375 0.072265625
0 0.6734375 0.73046875 0.0375 0.0703125
0 0.4171875 0.6689453125 0.0375 0.072265625
0 0.6546875 0.20703125 0.0375 0.06640625
0 0.6328125 0.6494140625 0.0375 0.072265625
0 0.52421875 0.6591796875 0.0359375 0.072265625
0 0.4859375 0.57421875 0.0375 0.0703125
0 0.61796875 0.7353515625 0.0390625 0.072265625
0 0.71796875 0.453125 0.0359375 0.06640625
0 0.51796875 0.396484375 0.0359375 0.06640625
0 0.4546875 0.75390625 0.0375 0.0703125
0 0.7484375 0.275390625 0.0375 0.0625
0 0.6640625 0.46484375 0.0375 0.0625
0 0.5546875 0.482421875 0.0375 0.06640625
0 0.2390625 0.77734375 0.0375 0.0703125
0 0.69375 0.287109375 0.0375 0.06640625
0 0.3796875 0.5859375 0.0375 0.06640625
0 0.4 0.76171875 0.0375 0.06640625
0 0.20390625 0.6923828125 0.0328125 0.060546875
0 0.775 0.099609375 0.0375 0.0703125
0 0.3453125 0.7685546875 0.0375 0.072265625
0 0.51171875 0.74609375 0.0390625 0.06640625
0 0.7328125 0.357421875 0.0375 0.06640625
0 0.56171875 0.740234375 0.0359375 0.0703125
0 0.446875 0.490234375 0.034375 0.06640625
0 0.59453125 0.5625 0.0390625 0.06640625
0 0.13359375 0.7890625 0.0328125 0.06640625
0 0.5875 0.30078125 0.0375 0.06640625
0 0.2921875 0.7734375 0.0375 0.0703125
0 0.615625 0.12890625 0.034375 0.0703125
0 0.6890625 0.6376953125 0.0375 0.076171875
0 0.478125 0.318359375 0.034375 0.0703125
0 0.271875 0.59765625 0.034375 0.0625
0 0.2375 0.517578125 0.034375 0.0625
0 0.18671875 0.7822265625 0.0359375 0.072265625
0 0.16796875 0.609375 0.0359375 0.06640625
0 0.353125 0.166015625 0.034375 0.0703125
0 0.19921875 0.4365234375 0.0359375 0.060546875
0 0.45703125 0.15234375 0.0359375 0.0703125
0 0.509375 0.142578125 0.034375 0.0625
0 0.34296875 0.5029296875 0.0359375 0.060546875
0 0.5015625 0.486328125 0.0375 0.06640625
0 0.46953125 0.6640625 0.0390625 0.0703125
0 0.62421875 0.384765625 0.0359375 0.0703125
0 0.6390625 0.2939453125 0.0375 0.060546875
0 0.54609375 0.2236328125 0.0328125 0.060546875
0 0.76171875 0.1904296875 0.0359375 0.060546875
0 0.65 0.5546875 0.0375 0.0703125
0 0.6796875 0.375 0.0375 0.0703125
0 0.31015625 0.6796875 0.0328125 0.06640625
0 0.41015625 0.408203125 0.0328125 0.0625
0 0.33671875 0.251953125 0.0359375 0.0625
0 0.6 0.2138671875 0.0375 0.072265625
0 0.5390625 0.5693359375 0.0375 0.072265625
0 0.37265625 0.33203125 0.0328125 0.0625
0 0.56171875 0.134765625 0.0359375 0.06640625
0 0.56953125 0.390625 0.0359375 0.06640625
0 0.1828125 0.521484375 0.0375 0.0625
0 0.26875 0.34375 0.034375 0.06640625
0 0.303125 0.421875 0.034375 0.0625
0 0.7234375 0.109375 0.0375 0.0703125
0 0.53046875 0.310546875 0.0359375 0.06640625
0 0.66875 0.12109375 0.0375 0.06640625
0 0.15234375 0.69921875 0.0328125 0.06640625
0 0.4625 0.400390625 0.0375 0.06640625
0 0.28515625 0.2607421875 0.0328125 0.060546875
0 0.3625 0.67578125 0.0375 0.06640625
0 0.70703125 0.19921875 0.0359375 0.0703125
0 0.5796875 0.6494140625 0.0375 0.072265625
0 0.23359375 0.265625 0.0328125 0.0625
0 0.43125 0.5810546875 0.0375 0.064453125
0 0.21953125 0.6025390625 0.0359375 0.060546875
0 0.25078125 0.431640625 0.0359375 0.0625
0 0.30078125 0.17578125 0.0359375 0.0625
0 0.25625 0.6875 0.0375 0.0625
0 0.4421875 0.234375 0.0375 0.06640625
0 0.6109375 0.47265625 0.0375 0.06640625
0 0.25078125 0.1806640625 0.0359375 0.060546875
0 0.403125 0.162109375 0.034375 0.0625
0 0.38828125 0.2421875 0.0359375 0.0625
0 0.49375 0.23046875 0.0375 0.05859375
0 0.42578125 0.322265625 0.0359375 0.0625
0 0.321875 0.3369140625 0.034375 0.060546875
0 0.21796875 0.3515625 0.0359375 0.0625
0 0.35859375 0.41796875 0.0328125 0.0625
0 0.28984375 0.5107421875 0.0328125 0.056640625
0 0.39453125 0.498046875 0.0359375 0.0625
0 0.32578125 0.5927734375 0.0359375 0.060546875
