0 0.59296875 0.35546875 0.0390625 0.05078125
0 0.59765625 0.50390625 0.0390625 0.05078125
0 0.56953125 0.447265625 0.0390625 0.046875
0 0.6375 0.515625 0.040625 0.046875
0 0.62734375 0.5625 0.0421875 0.046875
0 0.40703125 0.2626953125 0.0390625 0.048828125
0 0.4109375 0.408203125 0.040625 0.05078125
0 0.4140625 0.5576171875 0.040625 0.048828125
0 0.63359375 0.3642578125 0.0421875 0.048828125
0 0.57421875 0.6005859375 0.0421875 0.048828125
0 0.32421875 0.583984375 0.0390625 0.05078125
0 0.60390625 0.30859375 0.0390625 0.046875
0 0.384375 0.3515625 0.040625 0.046875
0 0.48203125 0.6259765625 0.0421875 0.048828125
0 0.29609375 0.52734375 0.0421875 0.046875
0 0.4421875 0.615234375 0.0375 0.046875
0 0.2578125 0.51953125 0.040625 0.05078125
0 0.65625 0.62109375 0.040625 0.046875
0 0.5640625 0.298828125 0.040625 0.046875
0 0.62109375 0.412109375 0.0421875 0.046875
0 0.284375 0.5751953125 0.040625 0.048828125
0 0.47734375 0.474609375 0.0390625 0.046875
0 0.44609375 0.271484375 0.0390625 0.046875
0 0.70234375 0.431640625 0.0390625 0.05078125
0 0.43359375 0.31640625 0.0390625 0.046875
0 0.45 0.41796875 0.040625 0.05078125
0 0.30625 0.333984375 0.040625 0.046875
0 0.43828125 0.46484375 0.0390625 0.046875
0 0.65 0.46875 0.040625 0.05078125
0 0.49453125 0.578125 0.0421875 0.046875
0 0.4734375 0.3251953125 0.040625 0.048828125
0 0.603125 0.6572265625 0.040625 0.048828125
0 0.38671875 0.501953125 0.0390625 0.05078125
0 0.690625 0.4775390625 0.040625 0.048828125
0 0.46484375 0.521484375 0.0390625 0.05078125
0 0.45390625 0.5693359375 0.0390625 0.048828125
0 0.50625 0.53125 0.040625 0.05078125
0 0.7265625 0.337890625 0.0375 0.05078125
0 0.3359375 0.5380859375 0.0375 0.048828125
0 0.4265625 0.509765625 0.040625 0.046875
0 0.5015625 0.3818359375 0.0375 0.048828125
0 0.6625 0.4208984375 0.040625 0.048828125
0 0.3078125 0.4814453125 0.040625 0.048828125
0 0.28125 0.4248046875 0.040625 0.048828125
0 0.29375 0.3798828125 0.040625 0.048828125
0 0.54140625 0.3916015625 0.0421875 0.048828125
0 0.31875 0.2890625 0.040625 0.046875
0 0.61015625 0.458984375 0.0390625 0.05078125
0 0.34453125 0.3427734375 0.0390625 0.048828125
0 0.5296875 0.4384765625 0.040625 0.048828125
0 0.48984375 0.427734375 0.0390625 0.046875
0 0.39921875 0.453125 0.0390625 0.05078125
0 0.3953125 0.3076171875 0.0375 0.048828125
0 0.534375 0.58984375 0.0375 0.05078125
0 0.46171875 0.373046875 0.0421875 0.05078125
0 0.33203125 0.388671875 0.0390625 0.05078125
0 0.5171875 0.484375 0.040625 0.05078125
0 0.371875 0.3984375 0.040625 0.05078125
0 0.54609375 0.541015625 0.0390625 0.05078125
0 0.52265625 0.6357421875 0.0390625 0.048828125
0 0.6453125 0.3193359375 0.040625 0.048828125
0 0.3203125 0.435546875 0.040625 0.05078125
0 0.2453125 0.564453125 0.040625 0.05078125
0 0.5125 0.3369140625 0.040625 0.048828125
0 0.26953125 0.470703125 0.0421875 0.05078125
0 0.4234375 0.3623046875 0.040625 0.048828125
0 0.615625 0.609375 0.040625 0.05078125
0 0.5515625 0.3466796875 0.040625 0.048828125
0 0.525 0.2900390625 0.040625 0.048828125
0 0.55703125 0.4951171875 0.0390625 0.048828125
0 0.35703125 0.2978515625 0.0390625 0.048828125
0 0.359375 0.4453125 0.040625 0.046875
0 0.56328125 0.646484375 0.0390625 0.05078125
0 0.4859375 0.2802734375 0.040625 0.048828125
0 0.71484375 0.3857421875 0.0390625 0.048828125
0 0.58125 0.400390625 0.0375 0.05078125
0 0.37421875 0.5478515625 0.0390625 0.048828125
0 0.67890625 0.5263671875 0.0390625 0.048828125
0 0.40234375 0.6044921875 0.0421875 0.048828125
0 0.66875 0.5732421875 0.040625 0.048828125
0 0.58515625 0.5517578125 0.0390625 0.048828125
0 0.684375 0.3291015625 0.040625 0.048828125
0 0.3640625 0.595703125 0.040625 0.046875
0 0.36875 0.251953125 0.0375 0.05078125
0 0.346875 0.4921875 0.040625 0.046875
0 0.675 0.3740234375 0.040625 0.048828125
0 0.64375 0.669921875 0.040625 0.05078125
0 0.33125 0.244140625 0.040625 0.046875
