0 0.63671875 0.4775390625 0.0390625 0.048828125
0 0.29765625 0.4462890625 0.0390625 0.048828125
0 0.30078125 0.3388671875 0.0390625 0.048828125
0 0.38203125 0.5087890625 0.0390625 0.048828125
0 0.46328125 0.6787109375 0.0390625 0.048828125
0 0.63984375 0.3681640625 0.0390625 0.048828125
0 0.42265625 0.6201171875 0.0390625 0.048828125
0 0.34453125 0.2880859375 0.0390625 0.048828125
0 0.51328125 0.3037109375 0.0390625 0.048828125
0 0.59609375 0.4189453125 0.0390625 0.048828125
0 0.25078125 0.6044921875 0.0390625 0.048828125
0 0.46640625 0.5693359375 0.0390625 0.048828125
0 0.63515625 0.5849609375 0.0390625 0.048828125
0 0.68203125 0.3173828125 0.0390625 0.048828125
0 0.33671875 0.6123046875 0.0390625 0.048828125
0 0.51171875 0.4111328125 0.0390625 0.048828125
0 0.42578125 0.5126953125 0.0390625 0.048828125
0 0.47109375 0.3544921875 0.0390625 0.048828125
0 0.59140625 0.6357421875 0.0390625 0.048828125
0 0.38359375 0.4541015625 0.0390625 0.048828125
0 0.59453125 0.5283203125 0.0390625 0.048828125
0 0.55546875 0.3076171875 0.0390625 0.048828125
0 0.38515625 0.4013671875 0.0390625 0.048828125
0 0.33828125 0.5576171875 0.0390625 0.048828125
0 0.25703125 0.3349609375 0.0390625 0.048828125
0 0.50859375 0.5732421875 0.0390625 0.048828125
0 0.59765625 0.3115234375 0.0390625 0.048828125
0 0.50546875 0.6826171875 0.0390625 0.048828125
0 0.46796875 0.4619140625 0.0390625 0.048828125
0 0.37890625 0.6162109375 0.0390625 0.048828125
0 0.38046875 0.5615234375 0.0390625 0.048828125
0 0.51015625 0.5205078125 0.0390625 0.048828125
0 0.67578125 0.6435546875 0.0390625 0.048828125
0 0.34140625 0.4501953125 0.0390625 0.048828125
0 0.29453125 0.5537109375 0.0390625 0.048828125
0 0.59765625 0.3642578125 0.0390625 0.048828125
0 0.34296875 0.3955078125 0.0390625 0.048828125
0 0.55390625 0.4150390625 0.0390625 0.048828125
0 0.50703125 0.6279296875 0.0390625 0.048828125
0 0.42421875 0.5654296875 0.0390625 0.048828125
0 0.59453125 0.4736328125 0.0390625 0.048828125
0 0.68046875 0.4267578125 0.0390625 0.048828125
0 0.51328125 0.3583984375 0.0390625 0.048828125
0 0.54921875 0.6318359375 0.0390625 0.048828125
0 0.25859375 0.2802734375 0.0390625 0.048828125
0 0.67421875 0.6982421875 0.0390625 0.048828125
0 0.68046875 0.3720703125 0.0390625 0.048828125
0 0.47109375 0.2998046875 0.0390625 0.048828125
0 0.51171875 0.4658203125 0.0390625 0.048828125
0 0.42109375 0.6748046875 0.0390625 0.048828125
0 0.29140625 0.6630859375 0.0390625 0.048828125
0 0.38515625 0.3466796875 0.0390625 0.048828125
0 0.54765625 0.6865234375 0.0390625 0.048828125
0 0.63671875 0.5322265625 0.0390625 0.048828125
0 0.42890625 0.3505859375 0.0390625 0.048828125
0 0.46953125 0.4072265625 0.0390625 0.048828125
0 0.38671875 0.2919921875 0.0390625 0.048828125
0 0.42890625 0.2958984375 0.0390625 0.048828125
0 0.37734375 0.6708984375 0.0390625 0.048828125
0 0.63203125 0.6943359375 0.0390625 0.048828125
0 0.55234375 0.5244140625 0.0390625 0.048828125
0 0.29765625 0.5009765625 0.0390625 0.048828125
0 0.29921875 0.3935546875 0.0390625 0.048828125
0 0.34296875 0.3427734375 0.0390625 0.048828125
0 0.63828125 0.4228515625 0.0390625 0.048828125
0 0.33515625 0.6669921875 0.0390625 0.048828125
0 0.33984375 0.5048828125 0.0390625 0.048828125
0 0.55546875 0.3623046875 0.0390625 0.048828125
0 0.46796875 0.5166015625 0.0390625 0.048828125
0 0.29453125 0.6083984375 0.0390625 0.048828125
0 0.63359375 0.6396484375 0.0390625 0.048828125
0 0.59296875 0.5810546875 0.0390625 0.048828125
0 0.42734375 0.4033203125 0.0390625 0.048828125
0 0.67890625 0.4814453125 0.0390625 0.048828125
0 0.58984375 0.6904296875 0.0390625 0.048828125
0 0.25546875 0.4423828125 0.0390625 0.048828125
0 0.67734375 0.5888671875 0.0390625 0.048828125
0 0.30078125 0.2841796875 0.0390625 0.048828125
0 0.25546875 0.3876953125 0.0390625 0.048828125
0 0.67890625 0.5361328125 0.0390625 0.048828125
0 0.46484375 0.6240234375 0.0390625 0.048828125
0 0.55078125 0.5771484375 0.0390625 0.048828125
0 0.42578125 0.4580078125 0.0390625 0.048828125
0 0.25390625 0.4970703125 0.0390625 0.048828125
0 0.24921875 0.6591796875 0.0390625 0.048828125
0 0.55234375 0.4697265625 0.0390625 0.048828125
0 0.25234375 0.5517578125 0.0390625 0.048828125
0 0.63984375 0.3134765625 0.0390625 0.048828125
