0 0.6078125 0.376953125 0.03125 0.02734375
0 0.5203125 0.380859375 0.03125 0.02734375
0 0.6296875 0.44140625 0.03125 0.02734375
0 0.553125 0.34765625 0.03125 0.02734375
0 0.51875 0.509765625 0.03125 0.02734375
0 0.575 0.41015625 0.03125 0.02734375
0 0.5953125 0.4765625 0.03125 0.02734375
0 0.521875 0.25390625 0.03125 0.02734375
0 0.5859375 0.3125 0.03125 0.02734375
0 0.575 0.28125 0.03125 0.02734375
0 0.509375 0.349609375 0.03125 0.02734375
0 0.5421875 0.314453125 0.03125 0.02734375
0 0.2953125 0.61328125 0.03125 0.02734375
0 0.3875 0.64453125 0.03125 0.02734375
0 0.465625 0.478515625 0.03125 0.02734375
0 0.409375 0.578125 0.03125 0.02734375
0 0.4296875 0.642578125 0.03125 0.02734375
0 0.53125 0.412109375 0.03125 0.02734375
0 0.53125 0.28515625 0.03125 0.02734375
0 0.5640625 0.37890625 0.03125 0.02734375
0 0.553125 0.220703125 0.03125 0.02734375
0 0.5515625 0.4765625 0.03125 0.02734375
0 0.453125 0.578125 0.03125 0.02734375
0 0.3265625 0.580078125 0.03125 0.02734375
0 0.4578125 0.3203125 0.03125 0.02734375
0 0.3453125 0.64453125 0.03125 0.02734375
0 0.2765625 0.548828125 0.03125 0.02734375
0 0.4984375 0.4453125 0.03125 0.02734375
0 0.540625 0.4453125 0.03125 0.02734375
0 0.5078125 0.478515625 0.03125 0.02734375
0 0.4671875 0.3515625 0.03125 0.02734375
0 0.4890625 0.287109375 0.03125 0.02734375
0 0.4453125 0.416015625 0.03125 0.02734375
0 0.4546875 0.447265625 0.03125 0.02734375
0 0.3359375 0.611328125 0.03125 0.02734375
0 0.36875 0.580078125 0.03125 0.02734375
0 0.2859375 0.580078125 0.03125 0.02734375
0 0.3609375 0.419921875 0.03125 0.02734375
0 0.2984375 0.484375 0.03125 0.02734375
0 0.4359375 0.384765625 0.03125 0.02734375
0 0.5640625 0.25 0.03125 0.02734375
0 0.35 0.515625 0.03125 0.02734375
0 0.478125 0.3828125 0.03125 0.02734375
0 0.425 0.353515625 0.03125 0.02734375
0 0.378125 0.611328125 0.03125 0.02734375
0 0.6640625 0.40625 0.03125 0.02734375
0 0.653125 0.375 0.03125 0.02734375
0 0.640625 0.341796875 0.03125 0.02734375
0 0.596875 0.216796875 0.03125 0.02734375
0 0.5859375 0.185546875 0.03125 0.02734375
0 0.6078125 0.248046875 0.03125 0.02734375
0 0.61875 0.279296875 0.03125 0.02734375
0 0.6296875 0.310546875 0.03125 0.02734375
0 0.4875 0.4140625 0.03125 0.02734375
0 0.4859375 0.54296875 0.03125 0.02734375
0 0.4953125 0.576171875 0.03125 0.02734375
0 0.39375 0.38671875 0.03125 0.02734375
0 0.403125 0.41796875 0.03125 0.02734375
0 0.4125 0.44921875 0.03125 0.02734375
0 0.4234375 0.48046875 0.03125 0.02734375
0 0.4328125 0.513671875 0.03125 0.02734375
0 0.4421875 0.544921875 0.03125 0.02734375
0 0.371875 0.451171875 0.03125 0.02734375
0 0.38125 0.482421875 0.03125 0.02734375
0 0.390625 0.513671875 0.03125 0.02734375
0 0.4 0.546875 0.03125 0.02734375
0 0.33125 0.453125 0.03125 0.02734375
0 0.3390625 0.484375 0.03125 0.02734375
0 0.3578125 0.546875 0.03125 0.02734375
0 0.3078125 0.517578125 0.03125 0.02734375
0 0.3171875 0.548828125 0.03125 0.02734375
0 0.2671875 0.517578125 0.03125 0.02734375
0 0.303125 0.64453125 0.03125 0.02734375
0 0.3125 0.677734375 0.03125 0.02734375
0 0.3640625 0.712890625 0.03125 0.02734375
0 0.5 0.3173828125 0.03125 0.025390625
0 0.59609375 0.3447265625 0.0265625 0.025390625
0 0.61875 0.4072265625 0.03125 0.025390625
0 0.5859375 0.4423828125 0.03125 0.025390625
0 0.5625 0.5087890625 0.03125 0.025390625
0 0.47578125 0.51171875 0.0296875 0.0234375
0 0.52890625 0.541015625 0.0296875 0.0234375
0 0.41953125 0.609375 0.0296875 0.02734375
0 0.46328125 0.609375 0.0296875 0.02734375
0 0.3234375 0.7080078125 0.028125 0.025390625
0 0.35546875 0.67578125 0.0296875 0.0234375
0 0.396875 0.6767578125 0.03125 0.025390625
