0 0.6984375 0.44921875 0.059375 0.0703125
0 0.396875 0.6044921875 0.059375 0.068359375
0 0.66640625 0.58203125 0.0578125 0.0703125
0 0.846875 0.3720703125 0.059375 0.068359375
0 0.49921875 0.2060546875 0.0578125 0.068359375
0 0.62421875 0.48828125 0.0578125 0.0703125
0 0.27109375 0.3193359375 0.0578125 0.068359375
0 0.23671875 0.4521484375 0.0578125 0.068359375
0 0.30703125 0.1845703125 0.0578125 0.068359375
0 0.75234375 0.7724609375 0.0578125 0.068359375
0 0.68203125 0.515625 0.0578125 0.0703125
0 0.4734375 0.5654296875 0.059375 0.068359375
0 0.55859375 0.755859375 0.0578125 0.0703125
0 0.77265625 0.4111328125 0.0578125 0.068359375
0 0.59140625 0.6201171875 0.0578125 0.068359375
0 0.88828125 0.4658203125 0.0578125 0.068359375
0 0.79609375 0.8662109375 0.0578125 0.068359375
0 0.65703125 0.35546875 0.0578125 0.0703125
0 0.63359375 0.7177734375 0.0578125 0.068359375
0 0.25546875 0.3857421875 0.0578125 0.068359375
0 0.46640625 0.3359375 0.0578125 0.0703125
0 0.64921875 0.6484375 0.0578125 0.0703125
0 0.55 0.5263671875 0.059375 0.068359375
0 0.83046875 0.4384765625 0.0578125 0.068359375
0 0.45703125 0.634765625 0.0578125 0.0703125
0 0.73984375 0.54296875 0.0578125 0.0703125
0 0.29765625 0.482421875 0.0578125 0.0703125
0 0.71484375 0.3828125 0.0578125 0.0703125
0 0.33203125 0.3466796875 0.0578125 0.068359375
0 0.56640625 0.4599609375 0.0578125 0.068359375
0 0.67734375 0.8115234375 0.0578125 0.068359375
0 0.60859375 0.5546875 0.0578125 0.0703125
0 0.55703125 0.2333984375 0.0578125 0.068359375
0 0.82578125 0.7314453125 0.0578125 0.068359375
0 0.51796875 0.662109375 0.0578125 0.0703125
0 0.52421875 0.3662109375 0.0578125 0.068359375
0 0.57578125 0.689453125 0.0578125 0.0703125
0 0.69375 0.7451171875 0.059375 0.068359375
0 0.26171875 0.6181640625 0.0578125 0.068359375
0 0.72421875 0.609375 0.0578125 0.0703125
0 0.53359375 0.5927734375 0.0578125 0.068359375
0 0.48203125 0.26953125 0.0578125 0.0703125
0 0.44765625 0.40234375 0.0578125 0.0703125
0 0.73046875 0.3173828125 0.0578125 0.068359375
0 0.44140625 0.17578125 0.0578125 0.0703125
0 0.20234375 0.5908203125 0.0578125 0.068359375
0 0.48984375 0.4990234375 0.0578125 0.068359375
0 0.41484375 0.5380859375 0.0578125 0.068359375
0 0.21796875 0.521484375 0.0578125 0.0703125
0 0.43203125 0.4716796875 0.0578125 0.068359375
0 0.81015625 0.7998046875 0.0578125 0.068359375
0 0.79765625 0.5712890625 0.0578125 0.068359375
0 0.71015625 0.67578125 0.0578125 0.0703125
0 0.40546875 0.30859375 0.0578125 0.0703125
0 0.61484375 0.26171875 0.0578125 0.0703125
0 0.59921875 0.328125 0.0578125 0.0703125
0 0.63984375 0.421875 0.0578125 0.0703125
0 0.50859375 0.4326171875 0.0578125 0.068359375
0 0.540625 0.2998046875 0.059375 0.068359375
0 0.44140625 0.7001953125 0.0578125 0.068359375
0 0.34765625 0.2802734375 0.0578125 0.068359375
0 0.76796875 0.7041015625 0.0578125 0.068359375
0 0.49921875 0.728515625 0.0578125 0.0703125
0 0.42421875 0.2421875 0.0578125 0.0703125
0 0.85625 0.5986328125 0.059375 0.068359375
0 0.38984375 0.375 0.0578125 0.0703125
0 0.35546875 0.5107421875 0.0578125 0.068359375
0 0.32265625 0.6455078125 0.0578125 0.068359375
0 0.37421875 0.4443359375 0.0578125 0.068359375
0 0.36640625 0.21484375 0.0578125 0.0703125
0 0.31328125 0.4130859375 0.0578125 0.068359375
0 0.75703125 0.4775390625 0.0578125 0.068359375
0 0.81484375 0.5048828125 0.0578125 0.068359375
0 0.58203125 0.3935546875 0.0578125 0.068359375
0 0.28984375 0.2509765625 0.0578125 0.068359375
0 0.67265625 0.2890625 0.0578125 0.0703125
0 0.87265625 0.5322265625 0.0578125 0.068359375
0 0.78828125 0.3447265625 0.0578125 0.068359375
0 0.33828125 0.576171875 0.0578125 0.0703125
0 0.38046875 0.6728515625 0.0578125 0.068359375
0 0.27890625 0.5517578125 0.0578125 0.068359375
0 0.78203125 0.6376953125 0.0578125 0.068359375
0 0.38359375 0.1484375 0.0578125 0.0703125
0 0.73515625 0.8388671875 0.0578125 0.068359375
0 0.325 0.1181640625 0.059375 0.068359375
0 0.6171875 0.7841796875 0.059375 0.068359375
0 0.90234375 0.3994140625 0.0578125 0.068359375
0 0.84296875 0.6650390625 0.0578125 0.068359375
