0 0.57109375 0.69140625 0.0390625 0.046875
0 0.48671875 0.685546875 0.0390625 0.05078125
0 0.47890625 0.78515625 0.0390625 0.046875
0 0.47265625 0.279296875 0.0390625 0.046875
0 0.40390625 0.6787109375 0.0390625 0.048828125
0 0.56484375 0.79296875 0.0390625 0.046875
0 0.596875 0.2890625 0.0375 0.046875
0 0.64609375 0.8017578125 0.0390625 0.048828125
0 0.39765625 0.77734375 0.0390625 0.046875
0 0.41796875 0.4765625 0.0390625 0.046875
0 0.5828125 0.48828125 0.0375 0.046875
0 0.43203125 0.275390625 0.0390625 0.05078125
0 0.5765625 0.58984375 0.0375 0.046875
0 0.6765625 0.345703125 0.0375 0.046875
0 0.54140625 0.486328125 0.0390625 0.046875
0 0.58671875 0.439453125 0.0390625 0.046875
0 0.65859375 0.599609375 0.0390625 0.046875
0 0.51171875 0.333984375 0.0390625 0.046875
0 0.65234375 0.69921875 0.0390625 0.046875
0 0.41953125 0.42578125 0.0390625 0.046875
0 0.66640625 0.49609375 0.0390625 0.046875
0 0.66796875 0.447265625 0.0390625 0.046875
0 0.57890625 0.541015625 0.0390625 0.046875
0 0.51328125 0.28125 0.0390625 0.046875
0 0.45859375 0.478515625 0.0390625 0.046875
0 0.55390625 0.287109375 0.0390625 0.046875
0 0.48515625 0.736328125 0.0390625 0.046875
0 0.49296875 0.58203125 0.0390625 0.046875
0 0.6296875 0.392578125 0.0375 0.046875
0 0.49765625 0.533203125 0.0390625 0.046875
0 0.65546875 0.650390625 0.0390625 0.046875
0 0.59296875 0.33984375 0.0390625 0.05078125
0 0.4140625 0.525390625 0.040625 0.046875
0 0.56640625 0.744140625 0.0390625 0.046875
0 0.57265625 0.642578125 0.0390625 0.046875
0 0.58828125 0.390625 0.0390625 0.046875
0 0.5484375 0.384765625 0.040625 0.046875
0 0.67890625 0.296875 0.0390625 0.046875
0 0.503125 0.431640625 0.0375 0.046875
0 0.40703125 0.6259765625 0.0390625 0.048828125
0 0.67265625 0.3984375 0.0390625 0.046875
0 0.625 0.494140625 0.040625 0.046875
0 0.50078125 0.4833984375 0.0390625 0.048828125
0 0.42578125 0.375 0.0390625 0.046875
0 0.41015625 0.576171875 0.0390625 0.046875
0 0.4015625 0.728515625 0.0375 0.046875
0 0.490625 0.6328125 0.040625 0.046875
0 0.65 0.7490234375 0.0375 0.048828125
0 0.50703125 0.3828125 0.0390625 0.046875
0 0.66171875 0.548828125 0.0390625 0.046875
0 0.37734375 0.47265625 0.0390625 0.046875
0 0.53359375 0.5869140625 0.0390625 0.048828125
0 0.42734375 0.326171875 0.0390625 0.046875
0 0.38359375 0.373046875 0.0390625 0.046875
0 0.46640625 0.3798828125 0.0390625 0.048828125
0 0.6171875 0.59375 0.0375 0.046875
0 0.63828125 0.294921875 0.0390625 0.046875
0 0.45234375 0.580078125 0.0390625 0.046875
0 0.61171875 0.697265625 0.0390625 0.046875
0 0.60546875 0.796875 0.0390625 0.046875
0 0.39140625 0.271484375 0.0390625 0.046875
0 0.36875 0.572265625 0.0375 0.046875
0 0.52734375 0.689453125 0.0390625 0.046875
0 0.35625 0.775390625 0.040625 0.046875
0 0.62734375 0.443359375 0.0390625 0.05078125
0 0.54453125 0.4375 0.0390625 0.046875
0 0.46875 0.328125 0.0375 0.046875
0 0.55234375 0.3359375 0.0390625 0.046875
0 0.36328125 0.673828125 0.0390625 0.046875
0 0.38671875 0.3203125 0.0390625 0.046875
0 0.52109375 0.791015625 0.0390625 0.046875
0 0.4625 0.4296875 0.0375 0.046875
0 0.4421875 0.73046875 0.0375 0.046875
0 0.63515625 0.34375 0.0390625 0.046875
0 0.44609375 0.681640625 0.0390625 0.046875
0 0.53203125 0.640625 0.0390625 0.046875
0 0.37890625 0.421875 0.0390625 0.046875
0 0.4484375 0.6298828125 0.0375 0.048828125
0 0.6078125 0.74609375 0.040625 0.046875
0 0.52578125 0.73828125 0.0390625 0.046875
0 0.53828125 0.53515625 0.0390625 0.046875
0 0.45703125 0.529296875 0.0390625 0.046875
0 0.62109375 0.54296875 0.0390625 0.046875
0 0.43828125 0.7822265625 0.0390625 0.048828125
0 0.61328125 0.6455078125 0.0390625 0.048828125
0 0.37265625 0.5224609375 0.0390625 0.048828125
0 0.36015625 0.724609375 0.0390625 0.046875
0 0.36640625 0.623046875 0.0390625 0.046875
