0 0.28828125 0.5 0.0390625 0.046875
0 0.53125 0.470703125 0.0375 0.05078125
0 0.4859375 0.3212890625 0.040625 0.048828125
0 0.4828125 0.6396484375 0.040625 0.048828125
0 0.2984375 0.6767578125 0.040625 0.048828125
0 0.4046875 0.5205078125 0.0375 0.048828125
0 0.5546875 0.2578125 0.0375 0.046875
0 0.3671875 0.30078125 0.040625 0.046875
0 0.26875 0.390625 0.0375 0.046875
0 0.25390625 0.529296875 0.0390625 0.05078125
0 0.36484375 0.6181640625 0.0390625 0.048828125
0 0.49375 0.25 0.040625 0.046875
0 0.26171875 0.458984375 0.0390625 0.05078125
0 0.52734375 0.21875 0.0390625 0.046875
0 0.63203125 0.3798828125 0.0390625 0.048828125
0 0.38671875 0.4091796875 0.0390625 0.048828125
0 0.5046875 0.4306640625 0.0375 0.048828125
0 0.1703125 0.478515625 0.040625 0.046875
0 0.4125 0.451171875 0.0375 0.046875
0 0.24765625 0.59765625 0.0390625 0.046875
0 0.41953125 0.380859375 0.0390625 0.046875
0 0.4578125 0.59765625 0.040625 0.046875
0 0.30625 0.607421875 0.040625 0.046875
0 0.39921875 0.58984375 0.0390625 0.046875
0 0.6515625 0.4912109375 0.040625 0.048828125
0 0.4984375 0.5 0.040625 0.046875
0 0.62421875 0.451171875 0.0390625 0.046875
0 0.546875 0.330078125 0.0375 0.05078125
0 0.4671875 0.208984375 0.040625 0.046875
0 0.453125 0.349609375 0.0375 0.046875
0 0.3390625 0.5791015625 0.040625 0.048828125
0 0.33125 0.6484375 0.040625 0.046875
0 0.43203125 0.5595703125 0.0390625 0.048828125
0 0.5390625 0.40234375 0.0375 0.046875
0 0.2734375 0.6376953125 0.040625 0.048828125
0 0.57265625 0.3701171875 0.0390625 0.048828125
0 0.55 0.5810546875 0.040625 0.048828125
0 0.371875 0.548828125 0.040625 0.046875
0 0.4171875 0.697265625 0.040625 0.046875
0 0.6 0.41015625 0.040625 0.046875
0 0.525 0.5390625 0.040625 0.046875
0 0.22890625 0.48828125 0.0390625 0.046875
0 0.28125 0.5693359375 0.040625 0.048828125
0 0.346875 0.5087890625 0.040625 0.048828125
0 0.4640625 0.5322265625 0.0375 0.048828125
0 0.42421875 0.6279296875 0.0390625 0.048828125
0 0.60625 0.341796875 0.0375 0.05078125
0 0.4 0.2685546875 0.040625 0.048828125
0 0.22109375 0.5576171875 0.0390625 0.048828125
0 0.4265625 0.3095703125 0.040625 0.048828125
0 0.359375 0.6865234375 0.0375 0.048828125
0 0.203125 0.4501953125 0.040625 0.048828125
0 0.32734375 0.400390625 0.0390625 0.05078125
0 0.2953125 0.4296875 0.040625 0.046875
0 0.58984375 0.482421875 0.0390625 0.05078125
0 0.33515625 0.33203125 0.0390625 0.046875
0 0.56484375 0.44140625 0.0390625 0.046875
0 0.490625 0.5693359375 0.040625 0.048828125
0 0.459375 0.2802734375 0.040625 0.048828125
0 0.234375 0.419921875 0.0375 0.046875
0 0.325 0.71484375 0.040625 0.046875
0 0.5125 0.3603515625 0.0375 0.048828125
0 0.4453125 0.4208984375 0.0375 0.048828125
0 0.1953125 0.5205078125 0.040625 0.048828125
0 0.39453125 0.33984375 0.0390625 0.046875
0 0.659375 0.4208984375 0.040625 0.048828125
0 0.38359375 0.7255859375 0.0390625 0.048828125
0 0.3140625 0.5390625 0.040625 0.046875
0 0.3203125 0.470703125 0.040625 0.05078125
0 0.5578125 0.5107421875 0.040625 0.048828125
0 0.471875 0.4619140625 0.0375 0.048828125
0 0.5828125 0.55078125 0.040625 0.046875
0 0.3796875 0.4794921875 0.040625 0.048828125
0 0.36015625 0.3720703125 0.0390625 0.048828125
0 0.39140625 0.65625 0.0390625 0.046875
0 0.68359375 0.4609375 0.0390625 0.046875
0 0.6171875 0.5205078125 0.040625 0.048828125
0 0.3015625 0.3603515625 0.0375 0.048828125
0 0.5796875 0.2998046875 0.0375 0.048828125
0 0.515625 0.6083984375 0.040625 0.048828125
0 0.3546875 0.44140625 0.040625 0.046875
0 0.45 0.6669921875 0.040625 0.048828125
0 0.4375 0.490234375 0.0375 0.046875
0 0.4796875 0.390625 0.0375 0.046875
0 0.34921875 0.755859375 0.0390625 0.046875
0 0.4328125 0.240234375 0.040625 0.046875
0 0.5203125 0.2900390625 0.0375 0.048828125
0 0.50078125 0.1787109375 0.0390625 0.048828125
