0 0.603125 0.3916015625 0.040625 0.048828125
0 0.3171875 0.4541015625 0.040625 0.048828125
0 0.64296875 0.537109375 0.0390625 0.046875
0 0.5609375 0.541015625 0.040625 0.046875
0 0.44140625 0.3037109375 0.0390625 0.048828125
0 0.52109375 0.4931640625 0.0390625 0.048828125
0 0.35703125 0.5498046875 0.0390625 0.048828125
0 0.35703125 0.6005859375 0.0390625 0.044921875
0 0.27734375 0.4580078125 0.0390625 0.048828125
0 0.39921875 0.4501953125 0.0390625 0.048828125
0 0.275 0.6044921875 0.0375 0.048828125
0 0.6015625 0.3447265625 0.0375 0.048828125
0 0.6015625 0.6376953125 0.0375 0.048828125
0 0.684375 0.3388671875 0.040625 0.044921875
0 0.56171875 0.3935546875 0.0390625 0.048828125
0 0.39921875 0.40234375 0.0390625 0.046875
0 0.64375 0.4892578125 0.0375 0.048828125
0 0.35546875 0.6474609375 0.0390625 0.048828125
0 0.4375 0.595703125 0.040625 0.046875
0 0.5609375 0.3466796875 0.040625 0.048828125
0 0.396875 0.59765625 0.040625 0.046875
0 0.5203125 0.54296875 0.0375 0.05078125
0 0.315625 0.552734375 0.040625 0.05078125
0 0.27734375 0.3623046875 0.0390625 0.048828125
0 0.359375 0.404296875 0.040625 0.046875
0 0.4796875 0.4482421875 0.0375 0.048828125
0 0.39921875 0.3544921875 0.0390625 0.048828125
0 0.684375 0.6357421875 0.040625 0.048828125
0 0.521875 0.2978515625 0.0375 0.048828125
0 0.47890625 0.64453125 0.0390625 0.046875
0 0.684375 0.3896484375 0.040625 0.048828125
0 0.47890625 0.5458984375 0.0390625 0.048828125
0 0.3984375 0.5478515625 0.0375 0.048828125
0 0.359375 0.3095703125 0.040625 0.044921875
0 0.51875 0.642578125 0.040625 0.046875
0 0.278125 0.4111328125 0.0375 0.048828125
0 0.4390625 0.4501953125 0.040625 0.048828125
0 0.31953125 0.3125 0.0390625 0.046875
0 0.52109375 0.3955078125 0.0390625 0.048828125
0 0.48125 0.3505859375 0.040625 0.048828125
0 0.6015625 0.4892578125 0.0375 0.048828125
0 0.4390625 0.5478515625 0.040625 0.048828125
0 0.684375 0.5361328125 0.040625 0.048828125
0 0.52109375 0.5927734375 0.0390625 0.048828125
0 0.5609375 0.4912109375 0.040625 0.048828125
0 0.603125 0.5390625 0.040625 0.046875
0 0.3578125 0.4521484375 0.0375 0.048828125
0 0.64375 0.341796875 0.0375 0.046875
0 0.684375 0.4873046875 0.040625 0.048828125
0 0.5609375 0.5888671875 0.040625 0.048828125
0 0.31640625 0.6025390625 0.0390625 0.048828125
0 0.2734375 0.6533203125 0.040625 0.048828125
0 0.6859375 0.5859375 0.0375 0.046875
0 0.43828125 0.498046875 0.0390625 0.046875
0 0.64296875 0.5869140625 0.0390625 0.048828125
0 0.359375 0.3564453125 0.040625 0.048828125
0 0.4 0.3056640625 0.0375 0.048828125
0 0.603125 0.44140625 0.040625 0.046875
0 0.64296875 0.3896484375 0.0390625 0.048828125
0 0.31953125 0.4072265625 0.0390625 0.044921875
0 0.48125 0.3017578125 0.040625 0.048828125
0 0.396875 0.5 0.040625 0.046875
0 0.48125 0.3994140625 0.040625 0.048828125
0 0.684375 0.4365234375 0.040625 0.044921875
0 0.47890625 0.59375 0.0390625 0.046875
0 0.2796875 0.314453125 0.040625 0.046875
0 0.559375 0.6396484375 0.0375 0.044921875
0 0.39609375 0.6474609375 0.0390625 0.048828125
0 0.44140625 0.4013671875 0.0390625 0.048828125
0 0.35703125 0.501953125 0.0390625 0.046875
0 0.5609375 0.4423828125 0.040625 0.048828125
0 0.5625 0.2958984375 0.040625 0.048828125
0 0.60078125 0.5888671875 0.0390625 0.048828125
0 0.3171875 0.5029296875 0.040625 0.048828125
0 0.4390625 0.3525390625 0.040625 0.048828125
0 0.52109375 0.3466796875 0.0390625 0.048828125
0 0.52109375 0.4443359375 0.0390625 0.048828125
0 0.64296875 0.2919921875 0.0390625 0.048828125
0 0.4375 0.6455078125 0.040625 0.048828125
0 0.315625 0.6513671875 0.040625 0.048828125
0 0.64296875 0.6357421875 0.0390625 0.048828125
0 0.2765625 0.5068359375 0.0375 0.048828125
0 0.31875 0.3603515625 0.0375 0.048828125
0 0.64296875 0.439453125 0.0390625 0.046875
0 0.48125 0.4951171875 0.040625 0.044921875
0 0.27578125 0.5556640625 0.0390625 0.048828125
0 0.68359375 0.2880859375 0.0390625 0.048828125
0 0.603125 0.2939453125 0.040625 0.048828125
