0 0.57421875 0.3447265625 0.0390625 0.048828125
0 0.54921875 0.2041015625 0.0390625 0.048828125
0 0.59921875 0.4833984375 0.0390625 0.048828125
0 0.41953125 0.5361328125 0.0390625 0.048828125
0 0.48828125 0.2216796875 0.0390625 0.048828125
0 0.51328125 0.3623046875 0.0390625 0.048828125
0 0.26328125 0.5439453125 0.0390625 0.048828125
0 0.38671875 0.6884765625 0.0390625 0.048828125
0 0.49296875 0.5869140625 0.0390625 0.048828125
0 0.37421875 0.6201171875 0.0390625 0.048828125
0 0.44609375 0.6708984375 0.0390625 0.048828125
0 0.34609375 0.4833984375 0.0390625 0.048828125
0 0.63515625 0.3291015625 0.0390625 0.048828125
0 0.28671875 0.5009765625 0.0390625 0.048828125
0 0.61328125 0.5517578125 0.0390625 0.048828125
0 0.41640625 0.3544921875 0.0390625 0.048828125
0 0.27734375 0.6123046875 0.0390625 0.048828125
0 0.31015625 0.4580078125 0.0390625 0.048828125
0 0.51640625 0.5439453125 0.0390625 0.048828125
0 0.38359375 0.5107421875 0.0390625 0.048828125
0 0.52578125 0.2490234375 0.0390625 0.048828125
0 0.39609375 0.5791015625 0.0390625 0.048828125
0 0.32421875 0.5263671875 0.0390625 0.048828125
0 0.69609375 0.3115234375 0.0390625 0.048828125
0 0.36015625 0.5537109375 0.0390625 0.048828125
0 0.48359375 0.6962890625 0.0390625 0.048828125
0 0.53984375 0.5009765625 0.0390625 0.048828125
0 0.67265625 0.3544921875 0.0390625 0.048828125
0 0.41015625 0.6455078125 0.0390625 0.048828125
0 0.50078125 0.2919921875 0.0390625 0.048828125
0 0.61171875 0.3720703125 0.0390625 0.048828125
0 0.51953125 0.7216796875 0.0390625 0.048828125
0 0.35703125 0.3720703125 0.0390625 0.048828125
0 0.40390625 0.2841796875 0.0390625 0.048828125
0 0.39296875 0.3974609375 0.0390625 0.048828125
0 0.33671875 0.5947265625 0.0390625 0.048828125
0 0.45703125 0.5615234375 0.0390625 0.048828125
0 0.62421875 0.4404296875 0.0390625 0.048828125
0 0.58671875 0.4150390625 0.0390625 0.048828125
0 0.56171875 0.2763671875 0.0390625 0.048828125
0 0.70859375 0.3798828125 0.0390625 0.048828125
0 0.30078125 0.5693359375 0.0390625 0.048828125
0 0.68359375 0.4248046875 0.0390625 0.048828125
0 0.46484375 0.2666015625 0.0390625 0.048828125
0 0.44296875 0.4931640625 0.0390625 0.048828125
0 0.48984375 0.4072265625 0.0390625 0.048828125
0 0.46015625 0.7392578125 0.0390625 0.048828125
0 0.42734375 0.2392578125 0.0390625 0.048828125
0 0.59921875 0.3017578125 0.0390625 0.048828125
0 0.43359375 0.6044921875 0.0390625 0.048828125
0 0.55078125 0.3896484375 0.0390625 0.048828125
0 0.66015625 0.2841796875 0.0390625 0.048828125
0 0.45234375 0.1943359375 0.0390625 0.048828125
0 0.35078125 0.6630859375 0.0390625 0.048828125
0 0.57578125 0.5263671875 0.0390625 0.048828125
0 0.63671875 0.5087890625 0.0390625 0.048828125
0 0.58671875 0.2314453125 0.0390625 0.048828125
0 0.73359375 0.3369140625 0.0390625 0.048828125
0 0.52734375 0.4326171875 0.0390625 0.048828125
0 0.53828125 0.3193359375 0.0390625 0.048828125
0 0.58984375 0.5947265625 0.0390625 0.048828125
0 0.46953125 0.6298828125 0.0390625 0.048828125
0 0.66015625 0.4677734375 0.0390625 0.048828125
0 0.47734375 0.3369140625 0.0390625 0.048828125
0 0.42265625 0.7138671875 0.0390625 0.048828125
0 0.31484375 0.6376953125 0.0390625 0.048828125
0 0.56328125 0.4580078125 0.0390625 0.048828125
0 0.64765625 0.3974609375 0.0390625 0.048828125
0 0.62265625 0.2587890625 0.0390625 0.048828125
0 0.46640625 0.4501953125 0.0390625 0.048828125
0 0.36953125 0.4404296875 0.0390625 0.048828125
0 0.33359375 0.4150390625 0.0390625 0.048828125
0 0.47578125 0.1494140625 0.0390625 0.048828125
0 0.52890625 0.6123046875 0.0390625 0.048828125
0 0.48046875 0.5185546875 0.0390625 0.048828125
0 0.51328125 0.1767578125 0.0390625 0.048828125
0 0.43046875 0.4228515625 0.0390625 0.048828125
0 0.40703125 0.4658203125 0.0390625 0.048828125
0 0.50546875 0.6552734375 0.0390625 0.048828125
0 0.50390625 0.4755859375 0.0390625 0.048828125
0 0.44140625 0.3115234375 0.0390625 0.048828125
0 0.23984375 0.5869140625 0.0390625 0.048828125
0 0.45390625 0.3798828125 0.0390625 0.048828125
0 0.54296875 0.6806640625 0.0390625 0.048828125
0 0.55234375 0.5693359375 0.0390625 0.048828125
0 0.38046875 0.3271484375 0.0390625 0.048828125
0 0.56484375 0.6376953125 0.0390625 0.048828125
0 0.49609375 0.7646484375 0.0390625 0.048828125
