0 0.66015625 0.7333984375 0.0546875 0.068359375
0 0.23046875 0.4189453125 0.0546875 0.064453125
0 0.2515625 0.541015625 0.053125 0.06640625
0 0.27265625 0.6630859375 0.0546875 0.064453125
0 0.44609375 0.7275390625 0.0515625 0.068359375
0 0.55234375 0.4306640625 0.0515625 0.068359375
0 0.42421875 0.60546875 0.0546875 0.06640625
0 0.7203125 0.4951171875 0.053125 0.064453125
0 0.44765625 0.42578125 0.0546875 0.06640625
0 0.2265625 0.7255859375 0.053125 0.068359375
0 0.54140625 0.37109375 0.0546875 0.06640625
0 0.39140625 0.728515625 0.0546875 0.06640625
0 0.5953125 0.6708984375 0.053125 0.064453125
0 0.5109375 0.7919921875 0.053125 0.068359375
0 0.6390625 0.6103515625 0.053125 0.068359375
0 0.34921875 0.4833984375 0.0546875 0.068359375
0 0.3703125 0.603515625 0.053125 0.0703125
0 0.5640625 0.4892578125 0.053125 0.068359375
0 0.57421875 0.5498046875 0.0546875 0.068359375
0 0.2046875 0.6005859375 0.053125 0.068359375
0 0.43515625 0.6669921875 0.0546875 0.068359375
0 0.58515625 0.609375 0.0546875 0.06640625
0 0.40390625 0.484375 0.0546875 0.06640625
0 0.64921875 0.6728515625 0.0546875 0.068359375
0 0.62890625 0.55078125 0.0546875 0.06640625
0 0.16640625 0.357421875 0.0546875 0.06640625
0 0.61796875 0.79296875 0.0546875 0.06640625
0 0.23515625 0.787109375 0.0546875 0.06640625
0 0.38046875 0.666015625 0.0546875 0.06640625
0 0.38515625 0.365234375 0.0546875 0.06640625
0 0.67265625 0.794921875 0.0546875 0.06640625
0 0.6078125 0.732421875 0.053125 0.06640625
0 0.46796875 0.546875 0.0546875 0.06640625
0 0.4890625 0.66796875 0.053125 0.06640625
0 0.4578125 0.7890625 0.053125 0.0703125
0 0.4140625 0.54296875 0.053125 0.06640625
0 0.18515625 0.4765625 0.0546875 0.06640625
0 0.33046875 0.36328125 0.0546875 0.06640625
0 0.21640625 0.6611328125 0.0546875 0.068359375
0 0.59296875 0.373046875 0.0546875 0.06640625
0 0.32578125 0.666015625 0.0515625 0.06640625
0 0.2609375 0.6015625 0.053125 0.06640625
0 0.28046875 0.7255859375 0.0546875 0.068359375
0 0.56484375 0.79296875 0.0515625 0.06640625
0 0.34140625 0.421875 0.0546875 0.06640625
0 0.4015625 0.791015625 0.053125 0.06640625
0 0.49921875 0.728515625 0.0546875 0.06640625
0 0.28515625 0.4208984375 0.0546875 0.068359375
0 0.7078125 0.4375 0.053125 0.06640625
0 0.50078125 0.427734375 0.0515625 0.0703125
0 0.24140625 0.48046875 0.0546875 0.06640625
0 0.77890625 0.794921875 0.0546875 0.06640625
0 0.4578125 0.48828125 0.053125 0.06640625
0 0.7015625 0.673828125 0.053125 0.06640625
0 0.69140625 0.6123046875 0.0546875 0.064453125
0 0.73203125 0.556640625 0.0515625 0.06640625
0 0.34765625 0.787109375 0.0546875 0.06640625
0 0.61484375 0.4921875 0.0515625 0.06640625
0 0.7140625 0.7333984375 0.053125 0.068359375
0 0.30546875 0.54296875 0.0546875 0.06640625
0 0.75546875 0.67578125 0.0546875 0.06640625
0 0.6046875 0.431640625 0.053125 0.06640625
0 0.1953125 0.5390625 0.053125 0.06640625
0 0.6453125 0.375 0.053125 0.06640625
0 0.72421875 0.7939453125 0.0546875 0.068359375
0 0.54296875 0.66796875 0.0546875 0.06640625
0 0.36015625 0.5419921875 0.0546875 0.068359375
0 0.29140625 0.7890625 0.0546875 0.0703125
0 0.1765625 0.416015625 0.053125 0.06640625
0 0.47890625 0.607421875 0.0546875 0.06640625
0 0.33671875 0.7265625 0.0546875 0.06640625
0 0.52265625 0.548828125 0.0546875 0.06640625
0 0.5328125 0.609375 0.053125 0.06640625
0 0.39296875 0.423828125 0.0546875 0.06640625
0 0.74296875 0.615234375 0.0546875 0.06640625
0 0.31640625 0.60546875 0.0546875 0.06640625
0 0.2953125 0.4814453125 0.053125 0.068359375
0 0.55390625 0.728515625 0.0546875 0.06640625
0 0.51171875 0.490234375 0.0546875 0.06640625
0 0.68046875 0.5537109375 0.0546875 0.064453125
0 0.76640625 0.734375 0.0546875 0.06640625
0 0.4359375 0.3671875 0.053125 0.06640625
0 0.66953125 0.4921875 0.0515625 0.06640625
0 0.2203125 0.3603515625 0.053125 0.064453125
0 0.6578125 0.43359375 0.053125 0.06640625
0 0.48984375 0.369140625 0.0515625 0.0703125
0 0.2765625 0.3623046875 0.053125 0.068359375
0 0.69765625 0.37890625 0.0546875 0.06640625
