0 0.37421875 0.6259765625 0.0390625 0.048828125
0 0.46171875 0.6787109375 0.0390625 0.048828125
0 0.37421875 0.5166015625 0.0390625 0.048828125
0 0.46328125 0.7880859375 0.0390625 0.048828125
0 0.54921875 0.6748046875 0.0390625 0.048828125
0 0.41796875 0.5146484375 0.0390625 0.048828125
0 0.46015625 0.4580078125 0.0390625 0.048828125
0 0.32890625 0.4072265625 0.0390625 0.048828125
0 0.37421875 0.4619140625 0.0390625 0.048828125
0 0.46171875 0.5693359375 0.0390625 0.048828125
0 0.54921875 0.7841796875 0.0390625 0.048828125
0 0.37421875 0.5712890625 0.0390625 0.048828125
0 0.33046875 0.5185546875 0.0390625 0.048828125
0 0.54765625 0.5654296875 0.0390625 0.048828125
0 0.37578125 0.6826171875 0.0390625 0.048828125
0 0.41953125 0.7353515625 0.0390625 0.048828125
0 0.41640625 0.4052734375 0.0390625 0.048828125
0 0.37578125 0.7373046875 0.0390625 0.048828125
0 0.37265625 0.4072265625 0.0390625 0.048828125
0 0.46015625 0.3486328125 0.0390625 0.048828125
0 0.54765625 0.4560546875 0.0390625 0.048828125
0 0.41796875 0.6259765625 0.0390625 0.048828125
0 0.33046875 0.6279296875 0.0390625 0.048828125
0 0.32890625 0.3525390625 0.0390625 0.048828125
0 0.37265625 0.3505859375 0.0390625 0.048828125
0 0.50390625 0.4580078125 0.0390625 0.048828125
0 0.46328125 0.8427734375 0.0390625 0.048828125
0 0.58984375 0.3447265625 0.0390625 0.048828125
0 0.59296875 0.6728515625 0.0390625 0.048828125
0 0.59140625 0.4541015625 0.0390625 0.048828125
0 0.50546875 0.5673828125 0.0390625 0.048828125
0 0.50390625 0.3466796875 0.0390625 0.048828125
0 0.50546875 0.6767578125 0.0390625 0.048828125
0 0.46328125 0.7333984375 0.0390625 0.048828125
0 0.41640625 0.3505859375 0.0390625 0.048828125
0 0.54609375 0.3447265625 0.0390625 0.048828125
0 0.59140625 0.5634765625 0.0390625 0.048828125
0 0.50546875 0.6220703125 0.0390625 0.048828125
0 0.59296875 0.7822265625 0.0390625 0.048828125
0 0.63671875 0.8369140625 0.0390625 0.048828125
0 0.33203125 0.7392578125 0.0390625 0.048828125
0 0.46171875 0.6240234375 0.0390625 0.048828125
0 0.63359375 0.4521484375 0.0390625 0.048828125
0 0.33046875 0.4638671875 0.0390625 0.048828125
0 0.54921875 0.7294921875 0.0390625 0.048828125
0 0.37578125 0.7919921875 0.0390625 0.048828125
0 0.41640625 0.4599609375 0.0390625 0.048828125
0 0.37578125 0.8466796875 0.0390625 0.048828125
0 0.58984375 0.2880859375 0.0390625 0.048828125
0 0.63671875 0.7275390625 0.0390625 0.048828125
0 0.54921875 0.6201171875 0.0390625 0.048828125
0 0.50546875 0.7314453125 0.0390625 0.048828125
0 0.54765625 0.5107421875 0.0390625 0.048828125
0 0.32734375 0.2978515625 0.0390625 0.048828125
0 0.46171875 0.5146484375 0.0390625 0.048828125
0 0.63359375 0.3427734375 0.0390625 0.048828125
0 0.50390625 0.5126953125 0.0390625 0.048828125
0 0.63515625 0.5615234375 0.0390625 0.048828125
0 0.54765625 0.4013671875 0.0390625 0.048828125
0 0.54921875 0.8388671875 0.0390625 0.048828125
0 0.63515625 0.6728515625 0.0390625 0.048828125
0 0.45859375 0.2919921875 0.0390625 0.048828125
0 0.41953125 0.8447265625 0.0390625 0.048828125
0 0.41796875 0.5693359375 0.0390625 0.048828125
0 0.50546875 0.7861328125 0.0390625 0.048828125
0 0.63671875 0.7822265625 0.0390625 0.048828125
0 0.63515625 0.6181640625 0.0390625 0.048828125
0 0.54609375 0.2900390625 0.0390625 0.048828125
0 0.46015625 0.4033203125 0.0390625 0.048828125
0 0.33046875 0.5732421875 0.0390625 0.048828125
0 0.37109375 0.2958984375 0.0390625 0.048828125
0 0.41640625 0.2939453125 0.0390625 0.048828125
0 0.50390625 0.4013671875 0.0390625 0.048828125
0 0.58984375 0.3994140625 0.0390625 0.048828125
0 0.50703125 0.8408203125 0.0390625 0.048828125
0 0.63515625 0.5068359375 0.0390625 0.048828125
0 0.59140625 0.5087890625 0.0390625 0.048828125
0 0.59296875 0.7275390625 0.0390625 0.048828125
0 0.41953125 0.6806640625 0.0390625 0.048828125
0 0.59140625 0.6181640625 0.0390625 0.048828125
0 0.41953125 0.7900390625 0.0390625 0.048828125
0 0.63359375 0.3974609375 0.0390625 0.048828125
0 0.33203125 0.7939453125 0.0390625 0.048828125
0 0.33046875 0.6826171875 0.0390625 0.048828125
0 0.50234375 0.2919921875 0.0390625 0.048828125
0 0.33203125 0.8486328125 0.0390625 0.048828125
0 0.63359375 0.2880859375 0.0390625 0.048828125
0 0.59296875 0.8388671875 0.0390625 0.048828125
