0 0.37890625 0.6328125 0.0390625 0.046875
0 0.34765625 0.693359375 0.0390625 0.046875
0 0.60234375 0.5068359375 0.0390625 0.048828125
0 0.24609375 0.384765625 0.0390625 0.046875
0 0.64296875 0.4951171875 0.0390625 0.044921875
0 0.3078125 0.7060546875 0.0375 0.044921875
0 0.2734375 0.5224609375 0.0375 0.044921875
0 0.59375 0.4619140625 0.0375 0.048828125
0 0.50546875 0.4423828125 0.0390625 0.044921875
0 0.43828125 0.318359375 0.0390625 0.046875
0 0.61328125 0.5546875 0.0390625 0.046875
0 0.3390625 0.646484375 0.040625 0.046875
0 0.49609375 0.3955078125 0.0390625 0.044921875
0 0.57421875 0.568359375 0.0390625 0.046875
0 0.29140625 0.615234375 0.0390625 0.046875
0 0.3609375 0.54296875 0.0375 0.046875
0 0.52578125 0.337890625 0.0390625 0.046875
0 0.6234375 0.6005859375 0.0375 0.044921875
0 0.21640625 0.443359375 0.0390625 0.046875
0 0.62421875 0.400390625 0.0390625 0.046875
0 0.4765625 0.5009765625 0.0375 0.044921875
0 0.56328125 0.5224609375 0.0390625 0.044921875
0 0.24375 0.5810546875 0.0375 0.048828125
0 0.54453125 0.427734375 0.0390625 0.046875
0 0.29921875 0.66015625 0.0390625 0.046875
0 0.31171875 0.509765625 0.0390625 0.046875
0 0.47734375 0.3046875 0.0390625 0.046875
0 0.65234375 0.541015625 0.0390625 0.046875
0 0.34140625 0.4501953125 0.0390625 0.044921875
0 0.41796875 0.62109375 0.0390625 0.046875
0 0.40859375 0.57421875 0.0390625 0.046875
0 0.26328125 0.4755859375 0.0390625 0.048828125
0 0.33046875 0.6005859375 0.0390625 0.044921875
0 0.32265625 0.3583984375 0.0390625 0.048828125
0 0.44453125 0.560546875 0.0390625 0.046875
0 0.409375 0.376953125 0.0375 0.046875
0 0.50546875 0.642578125 0.0390625 0.046875
0 0.26953125 0.720703125 0.0390625 0.046875
0 0.2546875 0.4326171875 0.0375 0.048828125
0 0.53515625 0.5810546875 0.0390625 0.048828125
0 0.20703125 0.3984375 0.0390625 0.046875
0 0.30234375 0.46484375 0.0390625 0.046875
0 0.5546875 0.4736328125 0.0375 0.044921875
0 0.53515625 0.3828125 0.0390625 0.046875
0 0.5234375 0.533203125 0.040625 0.046875
0 0.57421875 0.3681640625 0.0390625 0.044921875
0 0.38046875 0.4375 0.0390625 0.046875
0 0.4484375 0.3642578125 0.0375 0.044921875
0 0.32109375 0.5546875 0.0390625 0.046875
0 0.28203125 0.568359375 0.0390625 0.046875
0 0.36171875 0.3447265625 0.0390625 0.048828125
0 0.26015625 0.673828125 0.0390625 0.046875
0 0.58359375 0.615234375 0.0390625 0.046875
0 0.29375 0.41796875 0.0375 0.046875
0 0.38984375 0.482421875 0.0390625 0.046875
0 0.42734375 0.6669921875 0.0390625 0.048828125
0 0.22578125 0.4912109375 0.0390625 0.048828125
0 0.54453125 0.6279296875 0.0390625 0.044921875
0 0.45703125 0.60546875 0.0390625 0.046875
0 0.56484375 0.322265625 0.0390625 0.046875
0 0.45703125 0.41015625 0.0390625 0.046875
0 0.3875 0.6806640625 0.040625 0.044921875
0 0.23515625 0.5361328125 0.0390625 0.048828125
0 0.55546875 0.27734375 0.0390625 0.046875
0 0.4875 0.349609375 0.0375 0.046875
0 0.35078125 0.49609375 0.0390625 0.046875
0 0.49609375 0.5947265625 0.0390625 0.048828125
0 0.43671875 0.515625 0.0359375 0.046875
0 0.41953125 0.4228515625 0.0390625 0.044921875
0 0.60390625 0.30859375 0.0390625 0.046875
0 0.6328125 0.447265625 0.0375 0.046875
0 0.6625 0.587890625 0.0375 0.046875
0 0.42890625 0.46875 0.0390625 0.046875
0 0.515625 0.48828125 0.0375 0.046875
0 0.59296875 0.263671875 0.0390625 0.046875
0 0.2515625 0.6279296875 0.040625 0.044921875
0 0.46796875 0.455078125 0.0390625 0.046875
0 0.51640625 0.2900390625 0.0390625 0.044921875
0 0.28515625 0.37109375 0.0390625 0.046875
0 0.33203125 0.4033203125 0.0390625 0.048828125
0 0.58359375 0.4140625 0.0390625 0.046875
0 0.48359375 0.5478515625 0.0390625 0.044921875
0 0.40078125 0.3310546875 0.0390625 0.048828125
0 0.3703125 0.3916015625 0.0375 0.044921875
0 0.36953125 0.587890625 0.0390625 0.046875
0 0.39765625 0.5283203125 0.0359375 0.044921875
0 0.46640625 0.6552734375 0.0390625 0.044921875
0 0.61328125 0.353515625 0.0390625 0.046875
