0 0.3671875 0.3251953125 0.040625 0.048828125
0 0.36875 0.4130859375 0.0375 0.048828125
0 0.44375 0.3583984375 0.040625 0.048828125
0 0.5375 0.35546875 0.040625 0.046875
0 0.559375 0.3173828125 0.040625 0.048828125
0 0.40625 0.34375 0.040625 0.05078125
0 0.57578125 0.3720703125 0.0390625 0.048828125
0 0.3125 0.51953125 0.040625 0.046875
0 0.35 0.5361328125 0.0375 0.048828125
0 0.496875 0.5986328125 0.040625 0.048828125
0 0.60625 0.6455078125 0.0375 0.048828125
0 0.4234375 0.568359375 0.040625 0.046875
0 0.40625 0.251953125 0.040625 0.046875
0 0.33046875 0.484375 0.0390625 0.046875
0 0.2921875 0.46875 0.0375 0.046875
0 0.4796875 0.28515625 0.040625 0.046875
0 0.425 0.3955078125 0.040625 0.048828125
0 0.27421875 0.50390625 0.0390625 0.046875
0 0.51953125 0.3896484375 0.0390625 0.048828125
0 0.5 0.427734375 0.0375 0.046875
0 0.46328125 0.3232421875 0.0390625 0.048828125
0 0.5734375 0.4599609375 0.040625 0.048828125
0 0.5203125 0.3046875 0.040625 0.05078125
0 0.6453125 0.5771484375 0.040625 0.048828125
0 0.40703125 0.431640625 0.0390625 0.05078125
0 0.44375 0.2685546875 0.040625 0.048828125
0 0.40625 0.517578125 0.040625 0.05078125
0 0.5375 0.443359375 0.040625 0.046875
0 0.33046875 0.396484375 0.0390625 0.046875
0 0.3671875 0.5 0.040625 0.046875
0 0.44296875 0.533203125 0.0390625 0.05078125
0 0.3484375 0.36328125 0.040625 0.046875
0 0.7796875 0.416015625 0.040625 0.05078125
0 0.38671875 0.466796875 0.0390625 0.046875
0 0.3859375 0.2890625 0.0375 0.05078125
0 0.7078125 0.3857421875 0.040625 0.048828125
0 0.3484375 0.4501953125 0.040625 0.048828125
0 0.42421875 0.306640625 0.0390625 0.046875
0 0.6328125 0.3525390625 0.040625 0.044921875
0 0.46328125 0.4970703125 0.0390625 0.048828125
0 0.59609375 0.3359375 0.0390625 0.05078125
0 0.684375 0.5078125 0.040625 0.046875
0 0.7234375 0.4365234375 0.0375 0.048828125
0 0.6484375 0.4912109375 0.040625 0.048828125
0 0.5953125 0.423828125 0.040625 0.05078125
0 0.44375 0.4453125 0.040625 0.046875
0 0.38671875 0.5517578125 0.0390625 0.048828125
0 0.65078125 0.404296875 0.0390625 0.046875
0 0.48125 0.3740234375 0.0375 0.048828125
0 0.62578125 0.6103515625 0.0390625 0.048828125
0 0.5359375 0.529296875 0.040625 0.046875
0 0.7453125 0.4033203125 0.040625 0.048828125
0 0.6125 0.3876953125 0.0375 0.048828125
0 0.70390625 0.47265625 0.0390625 0.046875
0 0.66484375 0.5439453125 0.0390625 0.048828125
0 0.553125 0.580078125 0.0375 0.05078125
0 0.4984375 0.5146484375 0.0375 0.048828125
0 0.46015625 0.583984375 0.0390625 0.046875
0 0.38671875 0.37890625 0.0390625 0.046875
0 0.590625 0.51171875 0.040625 0.046875
0 0.55625 0.408203125 0.040625 0.05078125
0 0.4796875 0.4609375 0.040625 0.046875
0 0.42421875 0.482421875 0.0390625 0.046875
0 0.50234375 0.341796875 0.0390625 0.046875
0 0.60859375 0.5615234375 0.0390625 0.048828125
0 0.6671875 0.4580078125 0.040625 0.048828125
0 0.6296875 0.439453125 0.0375 0.05078125
0 0.74140625 0.4892578125 0.0390625 0.048828125
0 0.55546875 0.494140625 0.0390625 0.05078125
0 0.5734375 0.544921875 0.040625 0.046875
0 0.4609375 0.4111328125 0.040625 0.048828125
0 0.61171875 0.4755859375 0.0390625 0.048828125
0 0.628125 0.52734375 0.0375 0.046875
0 0.6859375 0.419921875 0.040625 0.046875
0 0.5890625 0.595703125 0.040625 0.05078125
0 0.6609375 0.6259765625 0.040625 0.048828125
0 0.3109375 0.4345703125 0.040625 0.048828125
0 0.5171875 0.478515625 0.0375 0.05078125
0 0.4796875 0.548828125 0.040625 0.05078125
0 0.7578125 0.455078125 0.040625 0.05078125
0 0.56953125 0.6298828125 0.0390625 0.048828125
0 0.51640625 0.5625 0.0390625 0.046875
0 0.534375 0.6142578125 0.0375 0.048828125
0 0.68125 0.5927734375 0.0375 0.048828125
0 0.7 0.5595703125 0.0375 0.048828125
0 0.66875 0.3701171875 0.040625 0.048828125
0 0.7203125 0.5224609375 0.040625 0.048828125
0 0.6421875 0.662109375 0.040625 0.046875
