0 0.66328125 0.5263671875 0.0390625 0.048828125
0 0.57421875 0.4013671875 0.0390625 0.048828125
0 0.42265625 0.6513671875 0.0390625 0.048828125
0 0.48671875 0.2763671875 0.0390625 0.048828125
0 0.62265625 0.2607421875 0.0390625 0.048828125
0 0.24765625 0.4013671875 0.0390625 0.048828125
0 0.34296875 0.6943359375 0.0390625 0.048828125
0 0.68828125 0.4541015625 0.0390625 0.048828125
0 0.33515625 0.5263671875 0.0390625 0.048828125
0 0.47890625 0.6806640625 0.0390625 0.048828125
0 0.31640625 0.7626953125 0.0390625 0.048828125
0 0.56015625 0.6396484375 0.0390625 0.048828125
0 0.30390625 0.4287109375 0.0390625 0.048828125
0 0.39140625 0.5537109375 0.0390625 0.048828125
0 0.52734375 0.5400390625 0.0390625 0.048828125
0 0.28828125 0.3798828125 0.0390625 0.048828125
0 0.42265625 0.3662109375 0.0390625 0.048828125
0 0.67109375 0.4072265625 0.0390625 0.048828125
0 0.47109375 0.5126953125 0.0390625 0.048828125
0 0.64765625 0.4775390625 0.0390625 0.048828125
0 0.51015625 0.4912109375 0.0390625 0.048828125
0 0.54140625 0.3037109375 0.0390625 0.048828125
0 0.59921875 0.6181640625 0.0390625 0.048828125
0 0.43828125 0.4150390625 0.0390625 0.048828125
0 0.28671875 0.6650390625 0.0390625 0.048828125
0 0.26328125 0.4501953125 0.0390625 0.048828125
0 0.55859375 0.3525390625 0.0390625 0.048828125
0 0.55078125 0.4697265625 0.0390625 0.048828125
0 0.36640625 0.6240234375 0.0390625 0.048828125
0 0.35078125 0.5751953125 0.0390625 0.048828125
0 0.22421875 0.4716796875 0.0390625 0.048828125
0 0.50234375 0.6103515625 0.0390625 0.048828125
0 0.29609375 0.5478515625 0.0390625 0.048828125
0 0.63984375 0.5966796875 0.0390625 0.048828125
0 0.52578125 0.2548828125 0.0390625 0.048828125
0 0.34296875 0.4072265625 0.0390625 0.048828125
0 0.37578125 0.5048828125 0.0390625 0.048828125
0 0.62265625 0.5478515625 0.0390625 0.048828125
0 0.39765625 0.7197265625 0.0390625 0.048828125
0 0.44765625 0.2958984375 0.0390625 0.048828125
0 0.38359375 0.3876953125 0.0390625 0.048828125
0 0.49453125 0.4423828125 0.0390625 0.048828125
0 0.63828125 0.3095703125 0.0390625 0.048828125
0 0.43046875 0.5322265625 0.0390625 0.048828125
0 0.48671875 0.5615234375 0.0390625 0.048828125
0 0.41484375 0.4853515625 0.0390625 0.048828125
0 0.72109375 0.5556640625 0.0390625 0.048828125
0 0.58359375 0.5693359375 0.0390625 0.048828125
0 0.32578125 0.6455078125 0.0390625 0.048828125
0 0.35703125 0.7412109375 0.0390625 0.048828125
0 0.39921875 0.4365234375 0.0390625 0.048828125
0 0.20703125 0.4189453125 0.0390625 0.048828125
0 0.46328125 0.3447265625 0.0390625 0.048828125
0 0.32734375 0.3583984375 0.0390625 0.048828125
0 0.38203125 0.6728515625 0.0390625 0.048828125
0 0.58203125 0.2822265625 0.0390625 0.048828125
0 0.51796875 0.3720703125 0.0390625 0.048828125
0 0.25546875 0.5673828125 0.0390625 0.048828125
0 0.53515625 0.4208984375 0.0390625 0.048828125
0 0.60703125 0.4990234375 0.0390625 0.048828125
0 0.46328125 0.6318359375 0.0390625 0.048828125
0 0.31171875 0.5947265625 0.0390625 0.048828125
0 0.23984375 0.5185546875 0.0390625 0.048828125
0 0.61484375 0.3798828125 0.0390625 0.048828125
0 0.44765625 0.5830078125 0.0390625 0.048828125
0 0.50234375 0.3251953125 0.0390625 0.048828125
0 0.56640625 0.2333984375 0.0390625 0.048828125
0 0.27890625 0.4990234375 0.0390625 0.048828125
0 0.47890625 0.3935546875 0.0390625 0.048828125
0 0.54296875 0.5888671875 0.0390625 0.048828125
0 0.27109375 0.6162109375 0.0390625 0.048828125
0 0.56640625 0.5185546875 0.0390625 0.048828125
0 0.35859375 0.4560546875 0.0390625 0.048828125
0 0.59765625 0.3310546875 0.0390625 0.048828125
0 0.31953125 0.4775390625 0.0390625 0.048828125
0 0.65546875 0.3583984375 0.0390625 0.048828125
0 0.70390625 0.5048828125 0.0390625 0.048828125
0 0.59140625 0.4501953125 0.0390625 0.048828125
0 0.68046875 0.5771484375 0.0390625 0.048828125
0 0.63203125 0.4287109375 0.0390625 0.048828125
0 0.51796875 0.6572265625 0.0390625 0.048828125
0 0.45390625 0.4638671875 0.0390625 0.048828125
0 0.36796875 0.3388671875 0.0390625 0.048828125
0 0.40703125 0.3173828125 0.0390625 0.048828125
0 0.40703125 0.6025390625 0.0390625 0.048828125
0 0.30234375 0.7158203125 0.0390625 0.048828125
0 0.60546875 0.2119140625 0.0390625 0.048828125
0 0.43828125 0.7021484375 0.0390625 0.048828125
