0 0.55546875 0.560546875 0.0609375 0.0546875
0 0.25390625 0.4482421875 0.0609375 0.052734375
0 0.52109375 0.4638671875 0.0609375 0.052734375
0 0.70390625 0.6171875 0.0609375 0.0546875
0 0.35859375 0.7421875 0.0609375 0.0546875
0 0.48046875 0.533203125 0.0609375 0.0546875
0 0.13046875 0.66015625 0.0578125 0.0546875
0 0.09296875 0.5634765625 0.0609375 0.052734375
0 0.16640625 0.759765625 0.0609375 0.0546875
0 0.60703125 0.3232421875 0.0578125 0.052734375
0 0.53828125 0.5126953125 0.0609375 0.052734375
0 0.32890625 0.4765625 0.0609375 0.0546875
0 0.41328125 0.3359375 0.0609375 0.0546875
0 0.62890625 0.5888671875 0.0609375 0.052734375
0 0.44765625 0.435546875 0.0609375 0.0546875
0 0.74453125 0.5478515625 0.0609375 0.052734375
0 0.64921875 0.2548828125 0.0609375 0.052734375
0 0.51484375 0.630859375 0.0609375 0.05078125
0 0.4890625 0.3642578125 0.0625 0.052734375
0 0.11328125 0.6123046875 0.0609375 0.052734375
0 0.32265625 0.646484375 0.0609375 0.05078125
0 0.50703125 0.4150390625 0.0609375 0.052734375
0 0.40703125 0.5048828125 0.0609375 0.052734375
0 0.68671875 0.568359375 0.0609375 0.0546875
0 0.31484375 0.427734375 0.0609375 0.05078125
0 0.59609375 0.4921875 0.0609375 0.0546875
0 0.15390625 0.5400390625 0.0609375 0.052734375
0 0.571875 0.609375 0.059375 0.0546875
0 0.18984375 0.6396484375 0.0609375 0.052734375
0 0.42265625 0.5537109375 0.0609375 0.052734375
0 0.53203125 0.2958984375 0.0609375 0.052734375
0 0.46640625 0.484375 0.0609375 0.0546875
0 0.41640625 0.7216796875 0.0609375 0.052734375
0 0.68046875 0.3544921875 0.0609375 0.052734375
0 0.37265625 0.4052734375 0.0609375 0.052734375
0 0.38203125 0.625 0.0609375 0.0546875
0 0.43046875 0.384765625 0.0609375 0.0546875
0 0.55078125 0.34375 0.0609375 0.0546875
0 0.11953125 0.4404296875 0.0609375 0.052734375
0 0.57890625 0.443359375 0.0609375 0.0546875
0 0.38984375 0.4560546875 0.0609375 0.052734375
0 0.34140625 0.6953125 0.0609375 0.05078125
0 0.30546875 0.5966796875 0.0609375 0.052734375
0 0.58828125 0.658203125 0.0609375 0.0546875
0 0.3 0.7646484375 0.0625 0.052734375
0 0.05859375 0.4619140625 0.0609375 0.052734375
0 0.34609375 0.525390625 0.0609375 0.0546875
0 0.27265625 0.498046875 0.0578125 0.05078125
0 0.07578125 0.5126953125 0.0609375 0.052734375
0 0.28828125 0.546875 0.0609375 0.05078125
0 0.66328125 0.3037109375 0.0609375 0.052734375
0 0.65546875 0.4716796875 0.0609375 0.052734375
0 0.56484375 0.3955078125 0.0609375 0.052734375
0 0.26484375 0.66796875 0.0609375 0.0546875
0 0.47265625 0.701171875 0.0578125 0.0546875
0 0.45703125 0.65234375 0.0609375 0.0546875
0 0.49765625 0.5810546875 0.0609375 0.052734375
0 0.36484375 0.57421875 0.0578125 0.05078125
0 0.39921875 0.6728515625 0.0609375 0.052734375
0 0.29765625 0.376953125 0.0609375 0.0546875
0 0.20703125 0.6884765625 0.0609375 0.052734375
0 0.62265625 0.375 0.0609375 0.0546875
0 0.35546875 0.3564453125 0.0609375 0.052734375
0 0.28203125 0.716796875 0.0609375 0.0546875
0 0.71328125 0.451171875 0.0609375 0.0546875
0 0.24765625 0.619140625 0.0609375 0.05078125
0 0.21328125 0.5205078125 0.0609375 0.052734375
0 0.17734375 0.4208984375 0.0609375 0.052734375
0 0.23046875 0.568359375 0.0609375 0.0546875
0 0.22421875 0.7373046875 0.0609375 0.052734375
0 0.17265625 0.58984375 0.0609375 0.05078125
0 0.6140625 0.5400390625 0.0625 0.052734375
0 0.67109375 0.5205078125 0.0578125 0.052734375
0 0.43984375 0.603515625 0.0609375 0.05078125
0 0.14921875 0.7119140625 0.0609375 0.052734375
0 0.5296875 0.6796875 0.0625 0.05078125
0 0.72734375 0.5 0.0609375 0.0546875
0 0.64609375 0.6376953125 0.0609375 0.052734375
0 0.1953125 0.470703125 0.0625 0.05078125
0 0.23671875 0.3984375 0.0609375 0.05078125
0 0.13515625 0.4892578125 0.0578125 0.052734375
0 0.63671875 0.4228515625 0.0609375 0.052734375
0 0.24140625 0.78515625 0.0609375 0.0546875
0 0.59140625 0.275390625 0.0609375 0.0546875
0 0.18359375 0.80859375 0.0609375 0.0546875
0 0.47109375 0.3154296875 0.0609375 0.052734375
0 0.76015625 0.5966796875 0.0609375 0.052734375
0 0.6984375 0.40234375 0.0625 0.0546875
