0 0.50234375 0.1552734375 0.0546875 0.060546875
0 0.66328125 0.8583984375 0.0546875 0.060546875
0 0.37890625 0.138671875 0.0546875 0.05859375
0 0.36796875 0.7470703125 0.0546875 0.060546875
0 0.43828125 0.689453125 0.0546875 0.05859375
0 0.3171875 0.6728515625 0.05625 0.060546875
0 0.50859375 0.6328125 0.0546875 0.05859375
0 0.45546875 0.556640625 0.0546875 0.05859375
0 0.6984375 0.58984375 0.05625 0.05859375
0 0.43359375 0.21484375 0.0546875 0.05859375
0 0.68515625 0.1787109375 0.0546875 0.060546875
0 0.55546875 0.2314453125 0.0546875 0.060546875
0 0.73125 0.3212890625 0.05625 0.060546875
0 0.68046875 0.7255859375 0.0546875 0.060546875
0 0.57734375 0.5732421875 0.0546875 0.060546875
0 0.61015625 0.3046875 0.0546875 0.05859375
0 0.66328125 0.380859375 0.0546875 0.05859375
0 0.29921875 0.8037109375 0.0546875 0.060546875
0 0.42109375 0.822265625 0.0546875 0.05859375
0 0.559375 0.7060546875 0.05625 0.060546875
0 0.33515625 0.5400390625 0.0546875 0.060546875
0 0.71640625 0.45703125 0.0546875 0.05859375
0 0.59453125 0.4404296875 0.0546875 0.060546875
0 0.47109375 0.423828125 0.0546875 0.05859375
0 0.63046875 0.6494140625 0.0546875 0.060546875
0 0.54140625 0.3642578125 0.0546875 0.060546875
0 0.48671875 0.291015625 0.0546875 0.05859375
0 0.49140625 0.763671875 0.0546875 0.05859375
0 0.403125 0.48046875 0.05625 0.05859375
0 0.38515625 0.61328125 0.0546875 0.05859375
0 0.6125 0.7822265625 0.05625 0.060546875
0 0.32578125 0.6064453125 0.0546875 0.060546875
0 0.64765625 0.513671875 0.0546875 0.05859375
0 0.54140625 0.83984375 0.0546875 0.05859375
0 0.52421875 0.4970703125 0.0546875 0.060546875
0 0.35078125 0.4072265625 0.0546875 0.060546875
0 0.25546875 0.6640625 0.0546875 0.05859375
0 0.31015625 0.1982421875 0.0546875 0.060546875
0 0.39453125 0.546875 0.0546875 0.05859375
0 0.73828125 0.2529296875 0.0546875 0.060546875
0 0.30859375 0.7373046875 0.0546875 0.060546875
0 0.365625 0.2744140625 0.05625 0.060546875
0 0.67890625 0.24609375 0.0546875 0.05859375
0 0.29765625 0.3310546875 0.0546875 0.060546875
0 0.3765625 0.6796875 0.05625 0.05859375
0 0.56171875 0.162109375 0.0546875 0.05859375
0 0.35703125 0.3408203125 0.0546875 0.060546875
0 0.66953125 0.314453125 0.0546875 0.05859375
0 0.26484375 0.59765625 0.0546875 0.05859375
0 0.34140625 0.4736328125 0.0546875 0.060546875
0 0.72421875 0.3876953125 0.0546875 0.060546875
0 0.41796875 0.34765625 0.0546875 0.05859375
0 0.28203125 0.4638671875 0.0546875 0.060546875
0 0.61640625 0.23828125 0.0546875 0.05859375
0 0.27265625 0.5302734375 0.0546875 0.060546875
0 0.28828125 0.3974609375 0.0546875 0.060546875
0 0.6234375 0.169921875 0.05625 0.05859375
0 0.246875 0.73046875 0.05625 0.05859375
0 0.41171875 0.4140625 0.0546875 0.05859375
0 0.44765625 0.623046875 0.0546875 0.05859375
0 0.5 0.69921875 0.05625 0.05859375
0 0.37265625 0.205078125 0.0546875 0.05859375
0 0.46484375 0.490234375 0.0546875 0.05859375
0 0.4296875 0.755859375 0.05625 0.05859375
0 0.35859375 0.8134765625 0.0546875 0.060546875
0 0.30390625 0.2646484375 0.0546875 0.060546875
0 0.63828125 0.5830078125 0.0546875 0.060546875
0 0.70703125 0.5234375 0.0546875 0.05859375
0 0.42734375 0.28125 0.0546875 0.05859375
0 0.49609375 0.2216796875 0.0546875 0.060546875
0 0.746875 0.1865234375 0.05625 0.060546875
0 0.55078125 0.7734375 0.0546875 0.05859375
0 0.69140625 0.65625 0.0546875 0.05859375
0 0.65390625 0.447265625 0.0546875 0.05859375
0 0.48046875 0.357421875 0.0546875 0.05859375
0 0.5859375 0.5068359375 0.05625 0.060546875
0 0.56796875 0.6396484375 0.0546875 0.060546875
0 0.60078125 0.3740234375 0.0546875 0.060546875
0 0.515625 0.56640625 0.05625 0.05859375
0 0.53359375 0.4306640625 0.0546875 0.060546875
0 0.60390625 0.8486328125 0.0546875 0.060546875
0 0.67421875 0.7919921875 0.0546875 0.060546875
0 0.23828125 0.796875 0.0546875 0.05859375
0 0.62109375 0.7158203125 0.0546875 0.060546875
0 0.440625 0.1484375 0.05625 0.05859375
0 0.5484375 0.2978515625 0.05625 0.060546875
0 0.48046875 0.83203125 0.0546875 0.05859375
0 0.3171875 0.1318359375 0.05625 0.060546875
