0 0.38515625 0.6494140625 0.0390625 0.048828125
0 0.4625 0.2724609375 0.040625 0.048828125
0 0.4640625 0.3798828125 0.040625 0.048828125
0 0.33671875 0.439453125 0.0421875 0.05078125
0 0.29296875 0.3896484375 0.0390625 0.048828125
0 0.33984375 0.5458984375 0.0390625 0.048828125
0 0.33046875 0.171875 0.0390625 0.05078125
0 0.2953125 0.49609375 0.040625 0.05078125
0 0.5109375 0.5361328125 0.040625 0.048828125
0 0.471875 0.697265625 0.040625 0.05078125
0 0.41953125 0.3291015625 0.0390625 0.048828125
0 0.37734375 0.330078125 0.0390625 0.05078125
0 0.28984375 0.3369140625 0.0421875 0.048828125
0 0.3390625 0.4921875 0.040625 0.05078125
0 0.54921875 0.3203125 0.0390625 0.05078125
0 0.55625 0.6396484375 0.040625 0.048828125
0 0.28984375 0.2822265625 0.0421875 0.048828125
0 0.4703125 0.591796875 0.040625 0.05078125
0 0.51171875 0.5888671875 0.0390625 0.048828125
0 0.3796875 0.4375 0.040625 0.05078125
0 0.5046875 0.26953125 0.040625 0.05078125
0 0.4171875 0.220703125 0.040625 0.05078125
0 0.5921875 0.318359375 0.040625 0.05078125
0 0.3328125 0.279296875 0.040625 0.05078125
0 0.51015625 0.4814453125 0.0390625 0.048828125
0 0.38359375 0.5966796875 0.0421875 0.048828125
0 0.50234375 0.162109375 0.0390625 0.05078125
0 0.33125 0.2265625 0.040625 0.05078125
0 0.59453125 0.42578125 0.0390625 0.05078125
0 0.46328125 0.3271484375 0.0390625 0.048828125
0 0.55078125 0.427734375 0.0390625 0.05078125
0 0.3 0.65625 0.040625 0.05078125
0 0.2859375 0.173828125 0.040625 0.046875
0 0.4265625 0.595703125 0.040625 0.05078125
0 0.37578125 0.27734375 0.0421875 0.05078125
0 0.59921875 0.63671875 0.0421875 0.05078125
0 0.340625 0.5986328125 0.040625 0.048828125
0 0.509375 0.4296875 0.040625 0.05078125
0 0.42421875 0.48828125 0.0390625 0.05078125
0 0.55 0.3740234375 0.040625 0.052734375
0 0.42734375 0.646484375 0.0390625 0.05078125
0 0.47109375 0.642578125 0.0390625 0.05078125
0 0.503125 0.216796875 0.040625 0.05078125
0 0.465625 0.43359375 0.040625 0.046875
0 0.46640625 0.486328125 0.0390625 0.05078125
0 0.5890625 0.2109375 0.040625 0.05078125
0 0.41640625 0.16796875 0.0390625 0.05078125
0 0.29375 0.4423828125 0.040625 0.048828125
0 0.55234375 0.48046875 0.0390625 0.05078125
0 0.42578125 0.541015625 0.0390625 0.05078125
0 0.58828125 0.158203125 0.0390625 0.05078125
0 0.5578125 0.6904296875 0.040625 0.048828125
0 0.54765625 0.267578125 0.0390625 0.05078125
0 0.30078125 0.708984375 0.0390625 0.05078125
0 0.4234375 0.435546875 0.040625 0.05078125
0 0.3828125 0.5439453125 0.040625 0.052734375
0 0.59765625 0.58203125 0.0390625 0.05078125
0 0.596875 0.53125 0.040625 0.05078125
0 0.29765625 0.6015625 0.0421875 0.05078125
0 0.45859375 0.1640625 0.0390625 0.046875
0 0.5953125 0.478515625 0.040625 0.05078125
0 0.55546875 0.5869140625 0.0390625 0.048828125
0 0.33515625 0.38671875 0.0390625 0.05078125
0 0.3421875 0.6513671875 0.040625 0.048828125
0 0.41875 0.2744140625 0.040625 0.052734375
0 0.51328125 0.6416015625 0.0390625 0.048828125
0 0.58984375 0.265625 0.0390625 0.05078125
0 0.50703125 0.376953125 0.0421875 0.05078125
0 0.55390625 0.53125 0.0421875 0.05078125
0 0.38203125 0.490234375 0.0421875 0.05078125
0 0.38671875 0.7021484375 0.0390625 0.048828125
0 0.29609375 0.548828125 0.0390625 0.05078125
0 0.37890625 0.3837890625 0.0390625 0.052734375
0 0.33359375 0.33203125 0.0390625 0.05078125
0 0.46796875 0.5390625 0.0421875 0.05078125
0 0.46171875 0.21875 0.0390625 0.05078125
0 0.54453125 0.16015625 0.0390625 0.05078125
0 0.3734375 0.22265625 0.040625 0.05078125
0 0.42265625 0.380859375 0.0390625 0.05078125
0 0.59921875 0.689453125 0.0421875 0.05078125
0 0.43125 0.69921875 0.040625 0.05078125
0 0.51484375 0.6943359375 0.0421875 0.052734375
0 0.2875 0.2275390625 0.040625 0.048828125
0 0.54609375 0.2138671875 0.0421875 0.052734375
0 0.37265625 0.169921875 0.0390625 0.05078125
0 0.34296875 0.7060546875 0.0390625 0.048828125
0 0.50546875 0.322265625 0.0390625 0.05078125
0 0.59296875 0.37109375 0.0421875 0.05078125
