0 0.69921875 0.5703125 0.0515625 0.0625
0 0.38515625 0.7529296875 0.0515625 0.064453125
0 0.28515625 0.4912109375 0.0515625 0.064453125
0 0.60078125 0.30859375 0.0515625 0.0625
0 0.51640625 0.595703125 0.0515625 0.0625
0 0.15546875 0.486328125 0.0515625 0.0625
0 0.44609375 0.2373046875 0.0515625 0.064453125
0 0.25390625 0.7509765625 0.0515625 0.064453125
0 0.49765625 0.2060546875 0.0515625 0.064453125
0 0.31484375 0.39453125 0.0515625 0.0625
0 0.41953125 0.333984375 0.0515625 0.0625
0 0.54296875 0.501953125 0.0515625 0.0625
0 0.28984375 0.3310546875 0.0515625 0.064453125
0 0.52109375 0.435546875 0.0515625 0.0625
0 0.22890625 0.6845703125 0.0515625 0.064453125
0 0.77578125 0.6064453125 0.0515625 0.064453125
0 0.4671875 0.4658203125 0.053125 0.064453125
0 0.59296875 0.6318359375 0.0515625 0.064453125
0 0.48828125 0.6923828125 0.0515625 0.064453125
0 0.61796875 0.697265625 0.0515625 0.0625
0 0.49609375 0.369140625 0.0515625 0.0625
0 0.59765625 0.46875 0.0515625 0.0625
0 0.33671875 0.4609375 0.0515625 0.0625
0 0.653125 0.27734375 0.053125 0.0625
0 0.38671875 0.5927734375 0.0515625 0.064453125
0 0.18203125 0.3916015625 0.0515625 0.064453125
0 0.56796875 0.5654296875 0.0515625 0.064453125
0 0.30390625 0.880859375 0.0515625 0.0625
0 0.20546875 0.6181640625 0.0515625 0.064453125
0 0.43671875 0.72265625 0.0515625 0.0625
0 0.75234375 0.5400390625 0.0515625 0.064453125
0 0.41171875 0.6572265625 0.0515625 0.064453125
0 0.36640625 0.3642578125 0.0515625 0.064453125
0 0.36328125 0.52734375 0.0515625 0.0625
0 0.64921875 0.4384765625 0.0515625 0.064453125
0 0.13046875 0.419921875 0.0515625 0.0625
0 0.28125 0.654296875 0.053125 0.0625
0 0.46171875 0.7890625 0.0515625 0.0625
0 0.68046875 0.1787109375 0.0515625 0.064453125
0 0.72734375 0.4736328125 0.0515625 0.064453125
0 0.23515625 0.361328125 0.0515625 0.0625
0 0.46484375 0.6259765625 0.0515625 0.064453125
0 0.23359375 0.5224609375 0.0515625 0.064453125
0 0.54765625 0.3388671875 0.0515625 0.064453125
0 0.33515625 0.6240234375 0.0515625 0.064453125
0 0.72890625 0.310546875 0.0515625 0.0625
0 0.34140625 0.2978515625 0.0515625 0.064453125
0 0.25859375 0.587890625 0.0515625 0.0625
0 0.36015625 0.689453125 0.0515625 0.0625
0 0.55234375 0.17578125 0.0515625 0.0625
0 0.47109375 0.302734375 0.0515625 0.0625
0 0.57421875 0.2421875 0.0515625 0.0625
0 0.66953125 0.6669921875 0.0515625 0.064453125
0 0.67734375 0.3408203125 0.0515625 0.064453125
0 0.70234375 0.4072265625 0.0515625 0.064453125
0 0.43984375 0.5625 0.0515625 0.0625
0 0.56640625 0.7275390625 0.0515625 0.064453125
0 0.49140625 0.5322265625 0.0515625 0.064453125
0 0.39140625 0.4306640625 0.0515625 0.064453125
0 0.26015625 0.4248046875 0.0515625 0.064453125
0 0.62890625 0.208984375 0.0515625 0.0625
0 0.67421875 0.50390625 0.0515625 0.0625
0 0.35546875 0.8505859375 0.0515625 0.064453125
0 0.18046875 0.552734375 0.0515625 0.0625
0 0.62265625 0.5341796875 0.0515625 0.064453125
0 0.60390625 0.142578125 0.0515625 0.0625
0 0.30546875 0.720703125 0.0515625 0.0625
0 0.20859375 0.4560546875 0.0515625 0.064453125
0 0.33046875 0.7841796875 0.0515625 0.064453125
0 0.77890625 0.443359375 0.0515625 0.0625
0 0.82890625 0.5732421875 0.0515625 0.064453125
0 0.41484375 0.49609375 0.0515625 0.0625
0 0.80390625 0.5068359375 0.0515625 0.064453125
0 0.51328125 0.7587890625 0.0515625 0.064453125
0 0.62421875 0.3720703125 0.0515625 0.064453125
0 0.7234375 0.63671875 0.053125 0.0625
0 0.65703125 0.1123046875 0.0515625 0.064453125
0 0.64765625 0.6005859375 0.0515625 0.064453125
0 0.52265625 0.2724609375 0.0515625 0.064453125
0 0.70703125 0.2451171875 0.0515625 0.064453125
0 0.27890625 0.814453125 0.0515625 0.0625
0 0.57265625 0.4052734375 0.0515625 0.064453125
0 0.44296875 0.3994140625 0.0515625 0.064453125
0 0.54140625 0.662109375 0.0515625 0.0625
0 0.75390625 0.376953125 0.0515625 0.0625
0 0.39296875 0.267578125 0.0515625 0.0625
0 0.40703125 0.8193359375 0.0515625 0.064453125
0 0.31015625 0.5576171875 0.0515625 0.064453125
