0 0.6625 0.4091796875 0.05 0.064453125
0 0.50546875 0.3271484375 0.0484375 0.064453125
0 0.42890625 0.3310546875 0.0484375 0.064453125
0 0.56953125 0.8642578125 0.0484375 0.064453125
0 0.47578125 0.5732421875 0.0484375 0.064453125
0 0.23984375 0.3994140625 0.0484375 0.064453125
0 0.54453125 0.3701171875 0.0484375 0.064453125
0 0.31875 0.4892578125 0.05 0.064453125
0 0.71328125 0.6513671875 0.0484375 0.064453125
0 0.52265625 0.7177734375 0.0484375 0.064453125
0 0.3875 0.2880859375 0.05 0.064453125
0 0.6484375 0.8564453125 0.05 0.064453125
0 0.43984375 0.625 0.0484375 0.0625
0 0.34765625 0.2412109375 0.0484375 0.064453125
0 0.55390625 0.5654296875 0.0484375 0.064453125
0 0.31484375 0.3916015625 0.0484375 0.064453125
0 0.53671875 0.177734375 0.0484375 0.0625
0 0.678125 0.7041015625 0.05 0.064453125
0 0.4640625 0.2802734375 0.05 0.064453125
0 0.275 0.3447265625 0.05 0.064453125
0 0.6171875 0.267578125 0.05 0.0625
0 0.709375 0.5537109375 0.05 0.064453125
0 0.63671875 0.6591796875 0.0484375 0.064453125
0 0.62109375 0.3662109375 0.0484375 0.064453125
0 0.5859375 0.4169921875 0.05 0.064453125
0 0.471875 0.4755859375 0.05 0.064453125
0 0.65859375 0.3115234375 0.0484375 0.064453125
0 0.75078125 0.5986328125 0.0484375 0.064453125
0 0.58984375 0.5146484375 0.0484375 0.064453125
0 0.68359375 0.8056640625 0.0484375 0.064453125
0 0.4046875 0.6787109375 0.05 0.064453125
0 0.2828125 0.5419921875 0.05 0.064453125
0 0.59921875 0.7099609375 0.0484375 0.064453125
0 0.50078125 0.2294921875 0.0484375 0.064453125
0 0.46015625 0.1826171875 0.0484375 0.064453125
0 0.43203125 0.4296875 0.0484375 0.0625
0 0.75625 0.6962890625 0.05 0.064453125
0 0.44453125 0.7255859375 0.0484375 0.064453125
0 0.24375 0.4970703125 0.05 0.064453125
0 0.3953125 0.4814453125 0.05 0.064453125
0 0.66796875 0.5068359375 0.0484375 0.064453125
0 0.55859375 0.6669921875 0.0484375 0.064453125
0 0.578125 0.2216796875 0.05 0.064453125
0 0.4578125 0.0869140625 0.05 0.064453125
0 0.63046875 0.5615234375 0.0484375 0.064453125
0 0.42421875 0.2373046875 0.0484375 0.064453125
0 0.58203125 0.3193359375 0.0484375 0.064453125
0 0.3125 0.2939453125 0.05 0.064453125
0 0.6109375 0.9111328125 0.05 0.064453125
0 0.39921875 0.5791015625 0.0484375 0.064453125
0 0.5171875 0.6201171875 0.05 0.064453125
0 0.48125 0.6708984375 0.05 0.064453125
0 0.46796875 0.3779296875 0.0484375 0.064453125
0 0.49765625 0.1318359375 0.0484375 0.064453125
0 0.8234375 0.4931640625 0.05 0.064453125
0 0.7859375 0.5458984375 0.05 0.064453125
0 0.70390625 0.4560546875 0.0484375 0.064453125
0 0.74453125 0.5009765625 0.0484375 0.064453125
0 0.35546875 0.4365234375 0.0484375 0.064453125
0 0.36015625 0.5341796875 0.0484375 0.064453125
0 0.82890625 0.5947265625 0.0484375 0.064453125
0 0.36328125 0.6318359375 0.0484375 0.064453125
0 0.671875 0.6044921875 0.05 0.064453125
0 0.3515625 0.3388671875 0.05 0.064453125
0 0.51328125 0.5224609375 0.0484375 0.064453125
0 0.5484375 0.4677734375 0.05 0.064453125
0 0.32265625 0.5869140625 0.0484375 0.064453125
0 0.64296875 0.7587890625 0.0484375 0.064453125
0 0.740625 0.4033203125 0.05 0.064453125
0 0.69921875 0.3583984375 0.0484375 0.064453125
0 0.5640625 0.7646484375 0.05 0.064453125
0 0.86640625 0.5400390625 0.0484375 0.064453125
0 0.4875 0.771484375 0.05 0.0625
0 0.4203125 0.1396484375 0.05 0.064453125
0 0.540625 0.275390625 0.05 0.0625
0 0.39140625 0.3837890625 0.0484375 0.064453125
0 0.509375 0.421875 0.05 0.0625
0 0.60546875 0.8095703125 0.0484375 0.064453125
0 0.62734375 0.4638671875 0.0484375 0.064453125
0 0.7921875 0.6455078125 0.05 0.064453125
0 0.38515625 0.1904296875 0.0484375 0.064453125
0 0.78203125 0.4482421875 0.0484375 0.064453125
0 0.71953125 0.7509765625 0.0484375 0.064453125
0 0.5953125 0.6123046875 0.05 0.064453125
0 0.52890625 0.8173828125 0.0484375 0.064453125
0 0.27890625 0.4423828125 0.0484375 0.064453125
0 0.43671875 0.52734375 0.0484375 0.0625
0 0.20234375 0.4501953125 0.0484375 0.064453125
