0 0.60390625 0.5439453125 0.0390625 0.048828125
0 0.61640625 0.3720703125 0.0390625 0.048828125
0 0.62734375 0.1982421875 0.0390625 0.048828125
0 0.42734375 0.3251953125 0.0390625 0.048828125
0 0.41640625 0.4970703125 0.0390625 0.048828125
0 0.40546875 0.2177734375 0.0390625 0.048828125
0 0.51015625 0.5205078125 0.0390625 0.048828125
0 0.48828125 0.6396484375 0.0390625 0.048828125
0 0.43671875 0.3779296875 0.0390625 0.048828125
0 0.50078125 0.4677734375 0.0390625 0.048828125
0 0.43671875 0.1494140625 0.0390625 0.048828125
0 0.51171875 0.2958984375 0.0390625 0.048828125
0 0.54296875 0.2275390625 0.0390625 0.048828125
0 0.42578125 0.5498046875 0.0390625 0.048828125
0 0.48984375 0.1884765625 0.0390625 0.048828125
0 0.68828125 0.5166015625 0.0390625 0.048828125
0 0.62578125 0.4248046875 0.0390625 0.048828125
0 0.34296875 0.3525390625 0.0390625 0.048828125
0 0.55234375 0.5068359375 0.0390625 0.048828125
0 0.52109375 0.3486328125 0.0390625 0.048828125
0 0.38359375 0.5634765625 0.0390625 0.048828125
0 0.36328125 0.4580078125 0.0390625 0.048828125
0 0.35078125 0.1787109375 0.0390625 0.048828125
0 0.61328125 0.5966796875 0.0390625 0.048828125
0 0.49765625 0.6923828125 0.0390625 0.048828125
0 0.40390625 0.6669921875 0.0390625 0.048828125
0 0.44765625 0.2041015625 0.0390625 0.048828125
0 0.35390625 0.4052734375 0.0390625 0.048828125
0 0.39453125 0.3916015625 0.0390625 0.048828125
0 0.47890625 0.3623046875 0.0390625 0.048828125
0 0.63671875 0.4775390625 0.0390625 0.048828125
0 0.53046875 0.6259765625 0.0390625 0.048828125
0 0.41328125 0.7197265625 0.0390625 0.048828125
0 0.58359375 0.4404296875 0.0390625 0.048828125
0 0.54140625 0.4541015625 0.0390625 0.048828125
0 0.60546875 0.0908203125 0.0390625 0.048828125
0 0.57421875 0.1591796875 0.0390625 0.048828125
0 0.36328125 0.2333984375 0.0390625 0.048828125
0 0.45546875 0.7060546875 0.0390625 0.048828125
0 0.55390625 0.2802734375 0.0390625 0.048828125
0 0.33203125 0.2998046875 0.0390625 0.048828125
0 0.56171875 0.5595703125 0.0390625 0.048828125
0 0.57421875 0.3876953125 0.0390625 0.048828125
0 0.64609375 0.5302734375 0.0390625 0.048828125
0 0.57109375 0.6123046875 0.0390625 0.048828125
0 0.56328125 0.3349609375 0.0390625 0.048828125
0 0.46796875 0.5341796875 0.0390625 0.048828125
0 0.37421875 0.2861328125 0.0390625 0.048828125
0 0.61640625 0.1455078125 0.0390625 0.048828125
0 0.59453125 0.2666015625 0.0390625 0.048828125
0 0.37421875 0.5107421875 0.0390625 0.048828125
0 0.30859375 0.1943359375 0.0390625 0.048828125
0 0.56328125 0.1064453125 0.0390625 0.048828125
0 0.45859375 0.4833984375 0.0390625 0.048828125
0 0.63671875 0.2509765625 0.0390625 0.048828125
0 0.65859375 0.3583984375 0.0390625 0.048828125
0 0.58515625 0.2119140625 0.0390625 0.048828125
0 0.65546875 0.5830078125 0.0390625 0.048828125
0 0.38515625 0.3388671875 0.0390625 0.048828125
0 0.43515625 0.6005859375 0.0390625 0.048828125
0 0.50078125 0.2431640625 0.0390625 0.048828125
0 0.62421875 0.6494140625 0.0390625 0.048828125
0 0.53984375 0.6767578125 0.0390625 0.048828125
0 0.41640625 0.2705078125 0.0390625 0.048828125
0 0.39453125 0.6142578125 0.0390625 0.048828125
0 0.53203125 0.1748046875 0.0390625 0.048828125
0 0.66796875 0.4111328125 0.0390625 0.048828125
0 0.31953125 0.2470703125 0.0390625 0.048828125
0 0.44609375 0.6533203125 0.0390625 0.048828125
0 0.46953125 0.3095703125 0.0390625 0.048828125
0 0.44765625 0.4306640625 0.0390625 0.048828125
0 0.64765625 0.3037109375 0.0390625 0.048828125
0 0.66640625 0.6357421875 0.0390625 0.048828125
0 0.70859375 0.6220703125 0.0390625 0.048828125
0 0.48984375 0.4150390625 0.0390625 0.048828125
0 0.40546875 0.4443359375 0.0390625 0.048828125
0 0.47890625 0.5869140625 0.0390625 0.048828125
0 0.51953125 0.5732421875 0.0390625 0.048828125
0 0.69765625 0.5693359375 0.0390625 0.048828125
0 0.53203125 0.4013671875 0.0390625 0.048828125
0 0.67890625 0.4638671875 0.0390625 0.048828125
0 0.52109375 0.1201171875 0.0390625 0.048828125
0 0.39453125 0.1650390625 0.0390625 0.048828125
0 0.45859375 0.2568359375 0.0390625 0.048828125
0 0.59453125 0.4931640625 0.0390625 0.048828125
0 0.58203125 0.6630859375 0.0390625 0.048828125
0 0.60546875 0.3193359375 0.0390625 0.048828125
0 0.47890625 0.1357421875 0.0390625 0.048828125
