0 0.52109375 0.439453125 0.0390625 0.05078125
0 0.334375 0.388671875 0.040625 0.05078125
0 0.4484375 0.30078125 0.040625 0.05078125
0 0.32421875 0.5576171875 0.0390625 0.048828125
0 0.75625 0.525390625 0.040625 0.05078125
0 0.6328125 0.34765625 0.0375 0.05078125
0 0.59375 0.580078125 0.040625 0.046875
0 0.64375 0.6171875 0.040625 0.05078125
0 0.40859375 0.53125 0.0390625 0.05078125
0 0.7046875 0.48828125 0.040625 0.05078125
0 0.6140625 0.2470703125 0.040625 0.048828125
0 0.315625 0.505859375 0.040625 0.05078125
0 0.7046875 0.26953125 0.040625 0.05078125
0 0.48125 0.669921875 0.040625 0.05078125
0 0.3890625 0.646484375 0.040625 0.05078125
0 0.5015625 0.556640625 0.040625 0.05078125
0 0.5015625 0.3369140625 0.040625 0.048828125
0 0.428125 0.416015625 0.040625 0.05078125
0 0.684375 0.6025390625 0.040625 0.048828125
0 0.684375 0.38671875 0.040625 0.05078125
0 0.540625 0.326171875 0.040625 0.05078125
0 0.6140625 0.4638671875 0.040625 0.048828125
0 0.39921875 0.4775390625 0.0421875 0.048828125
0 0.3875 0.4296875 0.040625 0.05078125
0 0.39921875 0.6962890625 0.0421875 0.048828125
0 0.4375 0.46484375 0.040625 0.05078125
0 0.29375 0.404296875 0.040625 0.05078125
0 0.6546875 0.2333984375 0.040625 0.048828125
0 0.5828125 0.52734375 0.040625 0.05078125
0 0.55 0.376953125 0.040625 0.05078125
0 0.51015625 0.388671875 0.0390625 0.05078125
0 0.6625 0.5 0.040625 0.05078125
0 0.5296875 0.2724609375 0.040625 0.048828125
0 0.5109375 0.607421875 0.040625 0.05078125
0 0.57265625 0.4775390625 0.0421875 0.048828125
0 0.59375 0.361328125 0.040625 0.05078125
0 0.4703125 0.619140625 0.040625 0.05078125
0 0.5828125 0.3125 0.040625 0.05078125
0 0.3671875 0.326171875 0.040625 0.05078125
0 0.6234375 0.515625 0.040625 0.05078125
0 0.48125 0.453125 0.040625 0.046875
0 0.6625 0.28515625 0.040625 0.05078125
0 0.6234375 0.296875 0.040625 0.05078125
0 0.4578125 0.568359375 0.040625 0.05078125
0 0.6953125 0.439453125 0.040625 0.05078125
0 0.7359375 0.423828125 0.040625 0.05078125
0 0.67265625 0.3359375 0.0421875 0.05078125
0 0.3046875 0.455078125 0.040625 0.05078125
0 0.55 0.5927734375 0.040625 0.048828125
0 0.634375 0.56640625 0.040625 0.05078125
0 0.3234375 0.337890625 0.040625 0.05078125
0 0.67265625 0.552734375 0.0421875 0.05078125
0 0.3671875 0.54296875 0.040625 0.05078125
0 0.72578125 0.591796875 0.0421875 0.05078125
0 0.34609375 0.6611328125 0.0421875 0.048828125
0 0.4171875 0.36328125 0.040625 0.05078125
0 0.72578125 0.373046875 0.0421875 0.05078125
0 0.46875 0.40234375 0.040625 0.05078125
0 0.35625 0.4921875 0.040625 0.05078125
0 0.540625 0.54296875 0.040625 0.05078125
0 0.428125 0.6328125 0.040625 0.05078125
0 0.603125 0.4140625 0.040625 0.05078125
0 0.765625 0.576171875 0.0375 0.05078125
0 0.5625 0.427734375 0.040625 0.05078125
0 0.74609375 0.474609375 0.0421875 0.05078125
0 0.4484375 0.517578125 0.040625 0.05078125
0 0.3765625 0.376953125 0.040625 0.05078125
0 0.4375 0.685546875 0.040625 0.05078125
0 0.490625 0.28515625 0.040625 0.05078125
0 0.4078125 0.3125 0.040625 0.05078125
0 0.490625 0.505859375 0.040625 0.05078125
0 0.6953125 0.220703125 0.040625 0.046875
0 0.65234375 0.4521484375 0.0421875 0.048828125
0 0.715625 0.322265625 0.040625 0.05078125
0 0.521875 0.6572265625 0.040625 0.048828125
0 0.64296875 0.3984375 0.0390625 0.05078125
0 0.3765625 0.59375 0.040625 0.05078125
0 0.41796875 0.58203125 0.0390625 0.05078125
0 0.5625 0.642578125 0.040625 0.05078125
0 0.53046875 0.490234375 0.0390625 0.05078125
0 0.715625 0.5390625 0.040625 0.05078125
0 0.4578125 0.3515625 0.040625 0.05078125
0 0.34609375 0.44140625 0.0421875 0.05078125
0 0.603125 0.62890625 0.040625 0.05078125
0 0.3359375 0.609375 0.040625 0.05078125
0 0.2828125 0.3515625 0.040625 0.05078125
0 0.57265625 0.259765625 0.0421875 0.05078125
0 0.35625 0.7109375 0.040625 0.05078125
