0 0.703125 0.26953125 0.0625 0.0546875
0 0.5296875 0.3544921875 0.0625 0.052734375
0 0.5421875 0.5478515625 0.0625 0.052734375
0 0.90625 0.3173828125 0.0625 0.052734375
0 0.3671875 0.6328125 0.0625 0.0546875
0 0.6859375 0.771484375 0.0625 0.0546875
0 0.4046875 0.515625 0.0625 0.0546875
0 0.5046875 0.666015625 0.0625 0.0546875
0 0.77109375 0.287109375 0.0609375 0.0546875
0 0.7234375 0.654296875 0.0625 0.0546875
0 0.8390625 0.302734375 0.0625 0.0546875
0 0.6640625 0.38671875 0.0625 0.0546875
0 0.8015625 0.419921875 0.0625 0.0546875
0 0.51875 0.1611328125 0.0625 0.052734375
0 0.73359375 0.404296875 0.0609375 0.0546875
0 0.48125 0.28125 0.0625 0.0546875
0 0.4515625 0.1435546875 0.0625 0.052734375
0 0.609375 0.5654296875 0.0625 0.052734375
0 0.4921875 0.474609375 0.0625 0.0546875
0 0.74375 0.150390625 0.0625 0.0546875
0 0.75625 0.7890625 0.0625 0.0546875
0 0.8484375 0.49609375 0.0625 0.0546875
0 0.4421875 0.3984375 0.0625 0.0546875
0 0.56875 0.236328125 0.0625 0.0546875
0 0.434375 0.650390625 0.0625 0.0546875
0 0.8109375 0.61328125 0.0625 0.0546875
0 0.425 0.45703125 0.0625 0.0546875
0 0.5859375 0.177734375 0.0625 0.0546875
0 0.6765625 0.580078125 0.0625 0.0546875
0 0.86875 0.4375 0.0625 0.0546875
0 0.571875 0.6826171875 0.0625 0.052734375
0 0.6265625 0.505859375 0.0625 0.0546875
0 0.878125 0.1826171875 0.0625 0.052734375
0 0.7640625 0.537109375 0.0625 0.0546875
0 0.790625 0.2265625 0.0625 0.0546875
0 0.4140625 0.263671875 0.0625 0.0546875
0 0.74375 0.595703125 0.0625 0.0546875
0 0.3 0.6171875 0.0625 0.0546875
0 0.4625 0.33984375 0.0625 0.0546875
0 0.5484375 0.2958984375 0.0625 0.052734375
0 0.35703125 0.44140625 0.0609375 0.0546875
0 0.70625 0.712890625 0.0625 0.0546875
0 0.5515625 0.7392578125 0.0625 0.052734375
0 0.60625 0.1171875 0.0625 0.0546875
0 0.78125 0.478515625 0.0625 0.0546875
0 0.6390625 0.697265625 0.0625 0.0546875
0 0.3875 0.57421875 0.0625 0.0546875
0 0.928125 0.2587890625 0.0625 0.052734375
0 0.65625 0.193359375 0.0625 0.0546875
0 0.3203125 0.55859375 0.0625 0.0546875
0 0.7140625 0.462890625 0.0625 0.0546875
0 0.4546875 0.591796875 0.0625 0.0546875
0 0.559375 0.4892578125 0.0625 0.052734375
0 0.7734375 0.73046875 0.0625 0.0546875
0 0.7234375 0.2109375 0.0625 0.0546875
0 0.9453125 0.2001953125 0.0625 0.052734375
0 0.2796875 0.67578125 0.0625 0.0546875
0 0.7515625 0.345703125 0.0625 0.0546875
0 0.88828125 0.37890625 0.0609375 0.0546875
0 0.5984375 0.37109375 0.0625 0.0546875
0 0.471875 0.533203125 0.0625 0.0546875
0 0.39453125 0.32421875 0.0609375 0.0546875
0 0.8109375 0.16796875 0.0625 0.0546875
0 0.790625 0.671875 0.0625 0.0546875
0 0.61640625 0.3125 0.0609375 0.0546875
0 0.471875 0.0849609375 0.0625 0.052734375
0 0.5890625 0.62109375 0.0625 0.0546875
0 0.684375 0.328125 0.0625 0.0546875
0 0.5015625 0.22265625 0.0625 0.0546875
0 0.521875 0.607421875 0.0625 0.0546875
0 0.6359375 0.25390625 0.0625 0.0546875
0 0.8578125 0.244140625 0.0625 0.0546875
0 0.3375 0.5 0.0625 0.0546875
0 0.69375 0.521484375 0.0625 0.0546875
0 0.61875 0.755859375 0.0625 0.0546875
0 0.375 0.3828125 0.0625 0.0546875
0 0.43125 0.205078125 0.0625 0.0546875
0 0.81875 0.361328125 0.0625 0.0546875
0 0.65625 0.638671875 0.0625 0.0546875
0 0.35 0.69140625 0.0625 0.0546875
0 0.5390625 0.1015625 0.0625 0.0546875
0 0.646875 0.447265625 0.0625 0.0546875
0 0.5796875 0.4306640625 0.0625 0.052734375
0 0.83125 0.5546875 0.0625 0.0546875
0 0.51171875 0.416015625 0.0609375 0.0546875
0 0.484375 0.724609375 0.0625 0.0546875
0 0.4171875 0.70703125 0.0625 0.0546875
0 0.6734375 0.134765625 0.0625 0.0546875
