0 0.43671875 0.7724609375 0.0515625 0.056640625
0 0.553125 0.7724609375 0.053125 0.056640625
0 0.55546875 0.8994140625 0.0515625 0.056640625
0 0.60703125 0.2607421875 0.0515625 0.056640625
0 0.66953125 0.7724609375 0.0515625 0.056640625
0 0.43671875 0.8994140625 0.0515625 0.056640625
0 0.4328125 0.2607421875 0.053125 0.056640625
0 0.3203125 0.9033203125 0.053125 0.056640625
0 0.671875 0.8994140625 0.053125 0.056640625
0 0.66796875 0.5166015625 0.0515625 0.056640625
0 0.43515625 0.5166015625 0.0515625 0.056640625
0 0.66328125 0.2607421875 0.0515625 0.056640625
0 0.43671875 0.6435546875 0.0515625 0.056640625
0 0.31640625 0.3251953125 0.0515625 0.056640625
0 0.49296875 0.5166015625 0.0515625 0.056640625
0 0.43515625 0.4521484375 0.0515625 0.056640625
0 0.3203125 0.6455078125 0.053125 0.056640625
0 0.54921875 0.3251953125 0.0515625 0.056640625
0 0.3203125 0.7724609375 0.053125 0.056640625
0 0.66796875 0.4521484375 0.0515625 0.056640625
0 0.31796875 0.5166015625 0.0515625 0.056640625
0 0.31796875 0.4521484375 0.0515625 0.056640625
0 0.43671875 0.5791015625 0.0515625 0.056640625
0 0.54921875 0.2607421875 0.0515625 0.056640625
0 0.609375 0.5166015625 0.053125 0.056640625
0 0.49140625 0.2607421875 0.0515625 0.056640625
0 0.553125 0.8369140625 0.053125 0.056640625
0 0.553125 0.6435546875 0.053125 0.056640625
0 0.3765625 0.3896484375 0.053125 0.056640625
0 0.55078125 0.5791015625 0.0515625 0.056640625
0 0.3203125 0.7099609375 0.053125 0.056640625
0 0.4328125 0.3251953125 0.053125 0.056640625
0 0.66796875 0.5791015625 0.0515625 0.056640625
0 0.43671875 0.8369140625 0.0515625 0.056640625
0 0.43671875 0.7099609375 0.0515625 0.056640625
0 0.43515625 0.3896484375 0.0515625 0.056640625
0 0.49140625 0.3896484375 0.0515625 0.056640625
0 0.31640625 0.2607421875 0.0515625 0.056640625
0 0.55078125 0.4521484375 0.0515625 0.056640625
0 0.66953125 0.70703125 0.0515625 0.05859375
0 0.31796875 0.3896484375 0.0515625 0.056640625
0 0.3765625 0.5166015625 0.053125 0.056640625
0 0.55078125 0.5166015625 0.0515625 0.056640625
0 0.665625 0.3896484375 0.053125 0.056640625
0 0.66953125 0.6435546875 0.0515625 0.056640625
0 0.66953125 0.8369140625 0.0515625 0.056640625
0 0.553125 0.70703125 0.053125 0.05859375
0 0.3203125 0.8369140625 0.053125 0.056640625
0 0.54921875 0.3896484375 0.0515625 0.056640625
0 0.31796875 0.5791015625 0.0515625 0.056640625
0 0.72578125 0.5166015625 0.0515625 0.056640625
0 0.49453125 0.6435546875 0.0515625 0.056640625
0 0.665625 0.3251953125 0.053125 0.056640625
0 0.72421875 0.3896484375 0.0515625 0.056640625
0 0.60703125 0.3896484375 0.0515625 0.056640625
0 0.37890625 0.6435546875 0.0515625 0.056640625
0 0.37421875 0.2607421875 0.0515625 0.056640625
0 0.61171875 0.6435546875 0.0515625 0.056640625
0 0.37890625 0.7724609375 0.0515625 0.056640625
0 0.37890625 0.9033203125 0.0515625 0.056640625
0 0.721875 0.2607421875 0.053125 0.056640625
0 0.72734375 0.6435546875 0.0515625 0.056640625
0 0.49453125 0.7724609375 0.0515625 0.056640625
0 0.73046875 0.8994140625 0.0515625 0.056640625
0 0.3765625 0.4521484375 0.053125 0.056640625
0 0.49296875 0.4521484375 0.0515625 0.056640625
0 0.60703125 0.3251953125 0.0515625 0.056640625
0 0.49140625 0.3251953125 0.0515625 0.056640625
0 0.72734375 0.7724609375 0.0515625 0.056640625
0 0.72421875 0.3251953125 0.0515625 0.056640625
0 0.49453125 0.9033203125 0.0515625 0.056640625
0 0.609375 0.4521484375 0.053125 0.056640625
0 0.61171875 0.8369140625 0.0515625 0.056640625
0 0.37421875 0.3251953125 0.0515625 0.056640625
0 0.61171875 0.7724609375 0.0515625 0.056640625
0 0.49453125 0.7099609375 0.0515625 0.056640625
0 0.72578125 0.4521484375 0.0515625 0.056640625
0 0.61171875 0.70703125 0.0515625 0.05859375
0 0.37890625 0.8369140625 0.0515625 0.056640625
0 0.49453125 0.8369140625 0.0515625 0.056640625
0 0.49453125 0.5791015625 0.0515625 0.056640625
0 0.609375 0.5791015625 0.053125 0.056640625
0 0.3765625 0.5791015625 0.053125 0.056640625
0 0.61328125 0.8994140625 0.0515625 0.056640625
0 0.37890625 0.7099609375 0.0515625 0.056640625
0 0.72578125 0.5791015625 0.0515625 0.056640625
0 0.72734375 0.8369140625 0.0515625 0.056640625
0 0.72734375 0.70703125 0.0515625 0.05859375
