0 0.38828125 0.6865234375 0.0390625 0.048828125
0 0.47578125 0.6865234375 0.0390625 0.048828125
0 0.47734375 0.7958984375 0.0390625 0.048828125
0 0.51640625 0.2470703125 0.0390625 0.048828125
0 0.56328125 0.6865234375 0.0390625 0.048828125
0 0.38828125 0.7958984375 0.0390625 0.048828125
0 0.38515625 0.2470703125 0.0390625 0.048828125
0 0.30078125 0.7978515625 0.0390625 0.048828125
0 0.56484375 0.7958984375 0.0390625 0.048828125
0 0.56171875 0.4658203125 0.0390625 0.048828125
0 0.38671875 0.4658203125 0.0390625 0.048828125
0 0.55859375 0.2470703125 0.0390625 0.048828125
0 0.38828125 0.5751953125 0.0390625 0.048828125
0 0.29765625 0.3017578125 0.0390625 0.048828125
0 0.43046875 0.4658203125 0.0390625 0.048828125
0 0.38671875 0.4111328125 0.0390625 0.048828125
0 0.30078125 0.5771484375 0.0390625 0.048828125
0 0.47265625 0.3017578125 0.0390625 0.048828125
0 0.30078125 0.6865234375 0.0390625 0.048828125
0 0.56171875 0.4111328125 0.0390625 0.048828125
0 0.29921875 0.4658203125 0.0390625 0.048828125
0 0.29921875 0.4111328125 0.0390625 0.048828125
0 0.38828125 0.5205078125 0.0390625 0.048828125
0 0.47265625 0.2470703125 0.0390625 0.048828125
0 0.51796875 0.4658203125 0.0390625 0.048828125
0 0.42890625 0.2470703125 0.0390625 0.048828125
0 0.47578125 0.7412109375 0.0390625 0.048828125
0 0.47578125 0.5751953125 0.0390625 0.048828125
0 0.34296875 0.3564453125 0.0390625 0.048828125
0 0.47421875 0.5205078125 0.0390625 0.048828125
0 0.30078125 0.6318359375 0.0390625 0.048828125
0 0.38515625 0.3017578125 0.0390625 0.048828125
0 0.56171875 0.5205078125 0.0390625 0.048828125
0 0.38828125 0.7412109375 0.0390625 0.048828125
0 0.38828125 0.6318359375 0.0390625 0.048828125
0 0.38671875 0.3564453125 0.0390625 0.048828125
0 0.42890625 0.3564453125 0.0390625 0.048828125
0 0.29765625 0.2470703125 0.0390625 0.048828125
0 0.47421875 0.4111328125 0.0390625 0.048828125
0 0.56328125 0.6298828125 0.0390625 0.048828125
0 0.29921875 0.3564453125 0.0390625 0.048828125
0 0.34296875 0.4658203125 0.0390625 0.048828125
0 0.47421875 0.4658203125 0.0390625 0.048828125
0 0.56015625 0.3564453125 0.0390625 0.048828125
0 0.56328125 0.5751953125 0.0390625 0.048828125
0 0.56328125 0.7412109375 0.0390625 0.048828125
0 0.47578125 0.6298828125 0.0390625 0.048828125
0 0.30078125 0.7412109375 0.0390625 0.048828125
0 0.47265625 0.3564453125 0.0390625 0.048828125
0 0.29921875 0.5205078125 0.0390625 0.048828125
0 0.60546875 0.4658203125 0.0390625 0.048828125
0 0.43203125 0.5751953125 0.0390625 0.048828125
0 0.56015625 0.3017578125 0.0390625 0.048828125
0 0.60390625 0.3564453125 0.0390625 0.048828125
0 0.51640625 0.3564453125 0.0390625 0.048828125
0 0.34453125 0.5751953125 0.0390625 0.048828125
0 0.34140625 0.2470703125 0.0390625 0.048828125
0 0.51953125 0.5751953125 0.0390625 0.048828125
0 0.34453125 0.6865234375 0.0390625 0.048828125
0 0.34453125 0.7978515625 0.0390625 0.048828125
0 0.60234375 0.2470703125 0.0390625 0.048828125
0 0.60703125 0.5751953125 0.0390625 0.048828125
0 0.43203125 0.6865234375 0.0390625 0.048828125
0 0.60859375 0.7958984375 0.0390625 0.048828125
0 0.34296875 0.4111328125 0.0390625 0.048828125
0 0.43046875 0.4111328125 0.0390625 0.048828125
0 0.51640625 0.3017578125 0.0390625 0.048828125
0 0.42890625 0.3017578125 0.0390625 0.048828125
0 0.60703125 0.6865234375 0.0390625 0.048828125
0 0.60390625 0.3017578125 0.0390625 0.048828125
0 0.43203125 0.7978515625 0.0390625 0.048828125
0 0.51796875 0.4111328125 0.0390625 0.048828125
0 0.51953125 0.7412109375 0.0390625 0.048828125
0 0.34140625 0.3017578125 0.0390625 0.048828125
0 0.51953125 0.6865234375 0.0390625 0.048828125
0 0.43203125 0.6318359375 0.0390625 0.048828125
0 0.60546875 0.4111328125 0.0390625 0.048828125
0 0.51953125 0.6298828125 0.0390625 0.048828125
0 0.34453125 0.7412109375 0.0390625 0.048828125
0 0.43203125 0.7412109375 0.0390625 0.048828125
0 0.43203125 0.5205078125 0.0390625 0.048828125
0 0.51796875 0.5205078125 0.0390625 0.048828125
0 0.34296875 0.5205078125 0.0390625 0.048828125
0 0.52109375 0.7958984375 0.0390625 0.048828125
0 0.34453125 0.6318359375 0.0390625 0.048828125
0 0.60546875 0.5205078125 0.0390625 0.048828125
0 0.60703125 0.7412109375 0.0390625 0.048828125
0 0.60703125 0.6298828125 0.0390625 0.048828125
