0 0.69296875 0.8291015625 0.0453125 0.052734375
0 0.61796875 0.5107421875 0.0453125 0.056640625
0 0.43359375 0.6533203125 0.0453125 0.056640625
0 0.33046875 0.517578125 0.0453125 0.0546875
0 0.44609375 0.3994140625 0.0453125 0.056640625
0 0.60703125 0.76953125 0.0484375 0.0546875
0 0.3671875 0.6748046875 0.046875 0.056640625
0 0.684375 0.4912109375 0.046875 0.052734375
0 0.74296875 0.7275390625 0.0453125 0.052734375
0 0.50234375 0.6318359375 0.0484375 0.052734375
0 0.56953125 0.6083984375 0.0484375 0.056640625
0 0.625 0.8486328125 0.046875 0.056640625
0 0.53828125 0.7919921875 0.0453125 0.056640625
0 0.7921875 0.6279296875 0.046875 0.056640625
0 0.675 0.7490234375 0.046875 0.056640625
0 0.53203125 0.455078125 0.0484375 0.0546875
0 0.70859375 0.4423828125 0.0453125 0.056640625
0 0.65 0.798828125 0.046875 0.0546875
0 0.5125 0.376953125 0.046875 0.0546875
0 0.3921875 0.6259765625 0.046875 0.052734375
0 0.55078125 0.53125 0.0453125 0.05859375
0 0.8171875 0.576171875 0.046875 0.05859375
0 0.4921875 0.3017578125 0.046875 0.056640625
0 0.28046875 0.6162109375 0.0453125 0.052734375
0 0.6421875 0.4609375 0.046875 0.0546875
0 0.396875 0.4951171875 0.046875 0.056640625
0 0.2625 0.5400390625 0.046875 0.056640625
0 0.6 0.4326171875 0.046875 0.056640625
0 0.51953125 0.7099609375 0.0484375 0.056640625
0 0.6796875 0.6181640625 0.046875 0.056640625
0 0.7046875 0.568359375 0.046875 0.0546875
0 0.6375 0.58984375 0.046875 0.0546875
0 0.3109375 0.4404296875 0.04375 0.052734375
0 0.58828125 0.6904296875 0.0453125 0.056640625
0 0.5359375 0.3271484375 0.04375 0.056640625
0 0.771875 0.5498046875 0.046875 0.056640625
0 0.63203125 0.7197265625 0.0484375 0.056640625
0 0.35 0.595703125 0.046875 0.0546875
0 0.56328125 0.7392578125 0.0453125 0.052734375
0 0.46953125 0.3486328125 0.0484375 0.056640625
0 0.42578125 0.3212890625 0.0453125 0.056640625
0 0.66640625 0.4130859375 0.0453125 0.052734375
0 0.41640625 0.5732421875 0.0453125 0.056640625
0 0.50703125 0.5048828125 0.0484375 0.056640625
0 0.40234375 0.37109375 0.0484375 0.0546875
0 0.3796875 0.4208984375 0.046875 0.056640625
0 0.61328125 0.6396484375 0.0453125 0.056640625
0 0.359375 0.3427734375 0.046875 0.056640625
0 0.484375 0.5537109375 0.046875 0.052734375
0 0.44140625 0.525390625 0.0453125 0.05859375
0 0.325 0.6455078125 0.046875 0.056640625
0 0.71796875 0.7763671875 0.0453125 0.056640625
0 0.49453125 0.76171875 0.0484375 0.05859375
0 0.3359375 0.392578125 0.04375 0.0546875
0 0.7484375 0.5986328125 0.04375 0.052734375
0 0.375 0.5458984375 0.046875 0.056640625
0 0.46484375 0.4755859375 0.0484375 0.052734375
0 0.45859375 0.6025390625 0.0453125 0.056640625
0 0.45234375 0.73046875 0.0484375 0.0546875
0 0.59296875 0.5595703125 0.0453125 0.052734375
0 0.421875 0.4482421875 0.046875 0.056640625
0 0.57578125 0.4833984375 0.0453125 0.056640625
0 0.75234375 0.4677734375 0.0484375 0.056640625
0 0.72890625 0.5185546875 0.0453125 0.056640625
0 0.6625 0.5400390625 0.046875 0.056640625
0 0.7 0.697265625 0.046875 0.0546875
0 0.52734375 0.5830078125 0.0484375 0.056640625
0 0.58203125 0.8193359375 0.0484375 0.056640625
0 0.7234375 0.6474609375 0.04375 0.056640625
0 0.83984375 0.52734375 0.0484375 0.0546875
0 0.7671875 0.6787109375 0.046875 0.056640625
0 0.5796875 0.3544921875 0.046875 0.056640625
0 0.3546875 0.4677734375 0.046875 0.056640625
0 0.65703125 0.6689453125 0.0484375 0.056640625
0 0.38359375 0.294921875 0.0453125 0.05859375
0 0.55546875 0.4052734375 0.0453125 0.056640625
0 0.6671875 0.8779296875 0.046875 0.056640625
0 0.409375 0.7021484375 0.046875 0.056640625
0 0.621875 0.3828125 0.046875 0.0546875
0 0.2875 0.4892578125 0.046875 0.056640625
0 0.48984375 0.4267578125 0.0484375 0.056640625
0 0.45234375 0.2744140625 0.0484375 0.056640625
0 0.54453125 0.6591796875 0.0484375 0.056640625
0 0.30546875 0.5673828125 0.0453125 0.056640625
0 0.47734375 0.6806640625 0.0484375 0.056640625
0 0.796875 0.4970703125 0.046875 0.052734375
0 0.2375 0.5888671875 0.046875 0.056640625
0 0.40703125 0.24609375 0.0484375 0.0546875
