0 0.7734375 0.7353515625 0.0375 0.048828125
0 0.6359375 0.8701171875 0.040625 0.052734375
0 0.74765625 0.8642578125 0.0390625 0.048828125
0 0.75859375 0.5458984375 0.0390625 0.048828125
0 0.6234375 0.6787109375 0.0375 0.048828125
0 0.70234375 0.8017578125 0.0359375 0.048828125
0 0.78828125 0.9296875 0.0390625 0.0546875
0 0.5265625 0.875 0.0375 0.05078125
0 0.8671875 0.5390625 0.034375 0.05078125
0 0.48828125 0.8115234375 0.0359375 0.048828125
0 0.5671875 0.9375 0.0375 0.05078125
0 0.85546875 0.6044921875 0.0421875 0.052734375
0 0.74375 0.609375 0.034375 0.05078125
0 0.3125 0.8876953125 0.0375 0.048828125
0 0.45859375 0.94140625 0.0359375 0.05078125
0 0.34453125 0.7587890625 0.0359375 0.048828125
0 0.88203125 0.4755859375 0.0390625 0.048828125
0 0.6234375 0.9345703125 0.040625 0.056640625
0 0.40546875 0.9462890625 0.0390625 0.052734375
0 0.78671875 0.6708984375 0.0390625 0.052734375
0 0.80234375 0.8623046875 0.0421875 0.052734375
0 0.596875 0.806640625 0.0375 0.0546875
0 0.8 0.60546875 0.0375 0.05078125
0 0.6640625 0.73828125 0.0375 0.05078125
0 0.4765625 0.6240234375 0.0375 0.044921875
0 0.65 0.552734375 0.0375 0.05078125
0 0.73125 0.673828125 0.034375 0.046875
0 0.82578125 0.7314453125 0.0359375 0.048828125
0 0.41953125 0.880859375 0.0359375 0.05078125
0 0.4390625 0.5654296875 0.034375 0.048828125
0 0.71796875 0.7373046875 0.0421875 0.052734375
0 0.3515625 0.9482421875 0.0375 0.048828125
0 0.7328125 0.9306640625 0.04375 0.056640625
0 0.45234375 0.5029296875 0.0359375 0.048828125
0 0.69140625 0.8662109375 0.0390625 0.052734375
0 0.70234375 0.548828125 0.0359375 0.05078125
0 0.51484375 0.685546875 0.0359375 0.05078125
0 0.334375 0.572265625 0.034375 0.05078125
0 0.6765625 0.9345703125 0.0375 0.048828125
0 0.38046875 0.818359375 0.0359375 0.05078125
0 0.65 0.8037109375 0.040625 0.052734375
0 0.50234375 0.748046875 0.0390625 0.05078125
0 0.690625 0.6123046875 0.0375 0.048828125
0 0.55859375 0.49609375 0.0390625 0.05078125
0 0.609375 0.4921875 0.034375 0.05078125
0 0.5546875 0.7451171875 0.0375 0.048828125
0 0.246875 0.9560546875 0.0375 0.044921875
0 0.81484375 0.7958984375 0.0390625 0.052734375
0 0.50625 0.4990234375 0.0375 0.048828125
0 0.2609375 0.8916015625 0.0375 0.048828125
0 0.6359375 0.615234375 0.0375 0.05078125
0 0.57890625 0.87109375 0.0359375 0.05078125
0 0.3734375 0.630859375 0.034375 0.046875
0 0.61015625 0.7431640625 0.0390625 0.052734375
0 0.54140625 0.8095703125 0.0390625 0.052734375
0 0.275 0.8251953125 0.0375 0.048828125
0 0.7171875 0.486328125 0.034375 0.05078125
0 0.84375 0.6689453125 0.0375 0.048828125
0 0.58203125 0.619140625 0.0359375 0.05078125
0 0.2984375 0.9521484375 0.0375 0.052734375
0 0.5109375 0.939453125 0.04375 0.05859375
0 0.30625 0.697265625 0.0375 0.046875
0 0.2875 0.76171875 0.0375 0.05078125
0 0.759375 0.7978515625 0.040625 0.056640625
0 0.6640625 0.4892578125 0.0375 0.048828125
0 0.4734375 0.8779296875 0.0375 0.048828125
0 0.59765625 0.5546875 0.0359375 0.046875
0 0.77109375 0.482421875 0.0359375 0.05078125
0 0.49140625 0.560546875 0.0359375 0.046875
0 0.8125 0.5419921875 0.040625 0.048828125
0 0.3265625 0.8212890625 0.0375 0.048828125
0 0.409375 0.6923828125 0.0375 0.048828125
0 0.6765625 0.6767578125 0.040625 0.052734375
0 0.5671875 0.681640625 0.0375 0.05078125
0 0.4484375 0.751953125 0.0375 0.05078125
0 0.31875 0.6357421875 0.0375 0.048828125
0 0.82578125 0.4794921875 0.0359375 0.048828125
0 0.43515625 0.81640625 0.0390625 0.0546875
0 0.3578125 0.6953125 0.0375 0.05078125
0 0.54296875 0.55859375 0.0359375 0.05078125
0 0.4625 0.6884765625 0.0375 0.048828125
0 0.3859375 0.5673828125 0.0375 0.044921875
0 0.396875 0.7548828125 0.0375 0.048828125
0 0.425 0.62890625 0.034375 0.05078125
0 0.53046875 0.6201171875 0.0359375 0.052734375
0 0.40078125 0.505859375 0.0328125 0.04296875
0 0.365625 0.884765625 0.0375 0.05078125
0 0.34921875 0.509765625 0.0359375 0.04296875
