0 0.271875 0.42578125 0.040625 0.046875
0 0.33125 0.4345703125 0.040625 0.048828125
0 0.33828125 0.3642578125 0.0390625 0.048828125
0 0.38828125 0.4423828125 0.0390625 0.044921875
0 0.51171875 0.140625 0.0390625 0.046875
0 0.28125 0.6015625 0.0375 0.046875
0 0.5546875 0.2919921875 0.040625 0.048828125
0 0.18125 0.4453125 0.040625 0.046875
0 0.53828125 0.1826171875 0.0390625 0.044921875
0 0.521875 0.3232421875 0.0375 0.048828125
0 0.34609375 0.2939453125 0.0390625 0.048828125
0 0.40703125 0.5517578125 0.0390625 0.048828125
0 0.4046875 0.3046875 0.0375 0.046875
0 0.2140625 0.416015625 0.040625 0.046875
0 0.6640625 0.380859375 0.040625 0.046875
0 0.4875 0.1015625 0.0375 0.046875
0 0.396875 0.373046875 0.0375 0.046875
0 0.3984375 0.62109375 0.0375 0.046875
0 0.265625 0.494140625 0.0375 0.046875
0 0.3140625 0.3251953125 0.0375 0.048828125
0 0.4390625 0.2734375 0.0375 0.046875
0 0.5046875 0.21484375 0.040625 0.046875
0 0.4140625 0.4814453125 0.040625 0.044921875
0 0.25546875 0.3154296875 0.0390625 0.048828125
0 0.46328125 0.314453125 0.0390625 0.046875
0 0.240625 0.455078125 0.040625 0.046875
0 0.60703125 0.37109375 0.0390625 0.046875
0 0.43125 0.34375 0.0375 0.046875
0 0.45546875 0.3828125 0.0390625 0.046875
0 0.246875 0.38671875 0.0375 0.046875
0 0.28046875 0.3544921875 0.0390625 0.048828125
0 0.4875 0.353515625 0.0375 0.046875
0 0.37265625 0.333984375 0.0390625 0.046875
0 0.38046875 0.263671875 0.0390625 0.046875
0 0.496875 0.283203125 0.040625 0.046875
0 0.33984375 0.611328125 0.0390625 0.046875
0 0.315625 0.572265625 0.0375 0.046875
0 0.3234375 0.50390625 0.040625 0.046875
0 0.446875 0.4521484375 0.0375 0.044921875
0 0.1890625 0.376953125 0.040625 0.046875
0 0.3078125 0.640625 0.0375 0.046875
0 0.4640625 0.560546875 0.040625 0.046875
0 0.37421875 0.58203125 0.0390625 0.046875
0 0.3484375 0.54296875 0.0375 0.046875
0 0.4796875 0.1728515625 0.0375 0.044921875
0 0.25703125 0.5625 0.0390625 0.046875
0 0.47109375 0.244140625 0.0390625 0.046875
0 0.42109375 0.412109375 0.0390625 0.046875
0 0.3640625 0.40234375 0.0375 0.046875
0 0.35390625 0.224609375 0.0390625 0.046875
0 0.38125 0.5126953125 0.040625 0.048828125
0 0.33203125 0.6796875 0.0390625 0.046875
0 0.3546875 0.4736328125 0.040625 0.048828125
0 0.5484375 0.3623046875 0.0375 0.048828125
0 0.4203125 0.162109375 0.040625 0.046875
0 0.453125 0.130859375 0.0375 0.046875
0 0.44609375 0.2021484375 0.0390625 0.044921875
0 0.30546875 0.39453125 0.0390625 0.05078125
0 0.596875 0.4404296875 0.0375 0.048828125
0 0.57265625 0.4013671875 0.0390625 0.048828125
0 0.2875 0.28515625 0.0375 0.046875
0 0.2984375 0.46484375 0.040625 0.046875
0 0.5625 0.2216796875 0.0375 0.044921875
0 0.50546875 0.4619140625 0.0390625 0.044921875
0 0.290625 0.533203125 0.040625 0.046875
0 0.4125 0.234375 0.0375 0.046875
0 0.5296875 0.501953125 0.0375 0.046875
0 0.63125 0.41015625 0.0375 0.046875
0 0.20703125 0.484375 0.0390625 0.046875
0 0.23125 0.5234375 0.0375 0.046875
0 0.5625 0.4716796875 0.0375 0.044921875
0 0.5296875 0.2529296875 0.0375 0.048828125
0 0.3875 0.1923828125 0.040625 0.044921875
0 0.6390625 0.341796875 0.0375 0.046875
0 0.4390625 0.5224609375 0.0375 0.048828125
0 0.4796875 0.4228515625 0.0375 0.044921875
0 0.5140625 0.392578125 0.0375 0.046875
0 0.53828125 0.4326171875 0.0390625 0.044921875
0 0.471875 0.4912109375 0.040625 0.044921875
0 0.43125 0.5908203125 0.0375 0.048828125
0 0.58046875 0.33203125 0.0390625 0.046875
0 0.31953125 0.2548828125 0.0390625 0.048828125
0 0.58828125 0.2626953125 0.0390625 0.048828125
0 0.6140625 0.3017578125 0.040625 0.048828125
0 0.3640625 0.650390625 0.0375 0.046875
0 0.221875 0.3466796875 0.040625 0.044921875
0 0.15625 0.40625 0.0375 0.046875
0 0.496875 0.53125 0.040625 0.046875
