0 0.59375 0.4482421875 0.040625 0.048828125
0 0.4609375 0.470703125 0.040625 0.046875
0 0.53828125 0.65625 0.0390625 0.05078125
0 0.67109375 0.6337890625 0.0390625 0.048828125
0 0.4046875 0.6796875 0.040625 0.046875
0 0.6125 0.6103515625 0.040625 0.048828125
0 0.48046875 0.6337890625 0.0421875 0.048828125
0 0.55546875 0.3544921875 0.0421875 0.052734375
0 0.59375 0.564453125 0.040625 0.05078125
0 0.29296875 0.5166015625 0.0390625 0.048828125
0 0.70859375 0.6103515625 0.0390625 0.048828125
0 0.59609375 0.6796875 0.0390625 0.046875
0 0.4421875 0.5400390625 0.040625 0.048828125
0 0.31171875 0.6796875 0.0390625 0.046875
0 0.4046875 0.4482421875 0.040625 0.048828125
0 0.44453125 0.654296875 0.0390625 0.046875
0 0.3859375 0.7490234375 0.040625 0.048828125
0 0.3484375 0.6572265625 0.040625 0.048828125
0 0.46328125 0.5849609375 0.0390625 0.048828125
0 0.57578125 0.5166015625 0.0390625 0.048828125
0 0.55390625 0.470703125 0.0390625 0.046875
0 0.3671875 0.8203125 0.040625 0.046875
0 0.25390625 0.5400390625 0.0421875 0.048828125
0 0.46328125 0.7021484375 0.0390625 0.048828125
0 0.33046875 0.4931640625 0.0390625 0.048828125
0 0.6125 0.376953125 0.040625 0.05078125
0 0.31171875 0.5625 0.0390625 0.046875
0 0.53828125 0.5400390625 0.0390625 0.048828125
0 0.59375 0.3330078125 0.040625 0.048828125
0 0.57578125 0.6337890625 0.0390625 0.048828125
0 0.66953125 0.5166015625 0.0421875 0.048828125
0 0.42421875 0.4931640625 0.0421875 0.048828125
0 0.3859375 0.5166015625 0.040625 0.048828125
0 0.61484375 0.7275390625 0.0390625 0.048828125
0 0.42578125 0.7255859375 0.0390625 0.048828125
0 0.29296875 0.6318359375 0.0390625 0.048828125
0 0.27421875 0.5849609375 0.0390625 0.048828125
0 0.65078125 0.5859375 0.0421875 0.05078125
0 0.33046875 0.6083984375 0.0390625 0.048828125
0 0.29296875 0.7509765625 0.0390625 0.048828125
0 0.44453125 0.7744140625 0.0390625 0.048828125
0 0.3671875 0.5849609375 0.040625 0.048828125
0 0.53671875 0.4248046875 0.0421875 0.048828125
0 0.55703125 0.7021484375 0.0390625 0.048828125
0 0.65234375 0.7021484375 0.0390625 0.048828125
0 0.51796875 0.4931640625 0.0421875 0.048828125
0 0.40546875 0.5625 0.0421875 0.046875
0 0.27421875 0.7021484375 0.0390625 0.048828125
0 0.23515625 0.6083984375 0.0421875 0.048828125
0 0.50234375 0.7978515625 0.0390625 0.048828125
0 0.6125 0.4931640625 0.040625 0.048828125
0 0.52109375 0.7265625 0.0390625 0.05078125
0 0.46328125 0.8203125 0.0390625 0.046875
0 0.3484375 0.7744140625 0.040625 0.048828125
0 0.63125 0.5400390625 0.040625 0.048828125
0 0.48203125 0.7490234375 0.0390625 0.048828125
0 0.38671875 0.6318359375 0.0421875 0.048828125
0 0.57734375 0.75 0.0390625 0.05078125
0 0.55703125 0.5849609375 0.0390625 0.048828125
0 0.49921875 0.5625 0.0421875 0.046875
0 0.4234375 0.6103515625 0.040625 0.048828125
0 0.63359375 0.6572265625 0.0390625 0.048828125
0 0.33046875 0.7255859375 0.0390625 0.048828125
0 0.68984375 0.5654296875 0.0390625 0.048828125
0 0.3671875 0.470703125 0.040625 0.046875
0 0.50078125 0.4482421875 0.0390625 0.048828125
0 0.48203125 0.5166015625 0.0390625 0.048828125
0 0.36953125 0.7021484375 0.0390625 0.048828125
0 0.51953125 0.3759765625 0.0390625 0.048828125
0 0.44296875 0.4248046875 0.0421875 0.048828125
0 0.69140625 0.6796875 0.0390625 0.046875
0 0.63125 0.4248046875 0.040625 0.048828125
0 0.3484375 0.5400390625 0.040625 0.048828125
0 0.51953125 0.6083984375 0.0390625 0.048828125
0 0.57578125 0.4013671875 0.0390625 0.048828125
0 0.31171875 0.7978515625 0.0390625 0.048828125
0 0.4796875 0.4013671875 0.040625 0.048828125
0 0.50078125 0.6796875 0.0390625 0.046875
0 0.72734375 0.6572265625 0.0390625 0.048828125
0 0.40703125 0.7978515625 0.0390625 0.048828125
0 0.53828125 0.7744140625 0.0390625 0.048828125
0 0.65 0.470703125 0.040625 0.046875
0 0.21796875 0.564453125 0.0390625 0.05078125
0 0.253125 0.6572265625 0.040625 0.048828125
0 0.33046875 0.8447265625 0.0390625 0.041015625
0 0.42421875 0.84375 0.0328125 0.03125
