0 0.590625 0.505859375 0.075 0.05859375
0 0.2703125 0.7900390625 0.075 0.060546875
0 0.51875 0.7119140625 0.075 0.060546875
0 0.2546875 0.5205078125 0.075 0.060546875
0 0.3265625 0.3125 0.075 0.05859375
0 0.1796875 0.6591796875 0.075 0.060546875
0 0.584375 0.3701171875 0.075 0.060546875
0 0.4953125 0.3056640625 0.075 0.060546875
0 0.515625 0.64453125 0.075 0.05859375
0 0.44375 0.8525390625 0.075 0.060546875
0 0.4921875 0.236328125 0.075 0.05859375
0 0.6828125 0.6376953125 0.075 0.060546875
0 0.1828125 0.7255859375 0.075 0.060546875
0 0.3421875 0.5830078125 0.075 0.060546875
0 0.2515625 0.451171875 0.075 0.05859375
0 0.6109375 0.8447265625 0.075 0.060546875
0 0.5875 0.4365234375 0.075 0.060546875
0 0.171875 0.5224609375 0.075 0.060546875
0 0.3234375 0.24609375 0.075 0.05859375
0 0.6 0.6396484375 0.075 0.060546875
0 0.4234375 0.513671875 0.075 0.05859375
0 0.4265625 0.580078125 0.075 0.05859375
0 0.3359375 0.44921875 0.075 0.05859375
0 0.159375 0.3203125 0.075 0.05859375
0 0.071875 0.255859375 0.075 0.05859375
0 0.15625 0.2529296875 0.075 0.060546875
0 0.32109375 0.1787109375 0.0734375 0.060546875
0 0.49765625 0.3720703125 0.0734375 0.060546875
0 0.675 0.5009765625 0.075 0.060546875
0 0.4078125 0.2412109375 0.075 0.060546875
0 0.6859375 0.70703125 0.075 0.05859375
0 0.084375 0.4580078125 0.075 0.060546875
0 0.3515625 0.71875 0.075 0.05859375
0 0.525 0.849609375 0.075 0.05859375
0 0.434375 0.7158203125 0.075 0.060546875
0 0.4203125 0.4443359375 0.075 0.060546875
0 0.10546875 0.8662109375 0.0734375 0.060546875
0 0.659375 0.2294921875 0.075 0.060546875
0 0.3546875 0.7880859375 0.075 0.060546875
0 0.246875 0.3173828125 0.075 0.060546875
0 0.08125 0.3916015625 0.075 0.060546875
0 0.50625 0.5087890625 0.075 0.060546875
0 0.4109375 0.310546875 0.075 0.05859375
0 0.4171875 0.376953125 0.075 0.05859375
0 0.24921875 0.384765625 0.0734375 0.05859375
0 0.0875 0.52734375 0.075 0.05859375
0 0.1859375 0.794921875 0.075 0.05859375
0 0.153125 0.1865234375 0.075 0.060546875
0 0.096875 0.6611328125 0.075 0.060546875
0 0.3484375 0.6513671875 0.075 0.060546875
0 0.65625 0.162109375 0.075 0.05859375
0 0.6625 0.298828125 0.075 0.05859375
0 0.59375 0.5732421875 0.075 0.060546875
0 0.2640625 0.654296875 0.075 0.05859375
0 0.165625 0.38671875 0.075 0.05859375
0 0.1 0.73046875 0.075 0.05859375
0 0.66875 0.365234375 0.075 0.05859375
0 0.578125 0.30078125 0.075 0.05859375
0 0.6921875 0.7734375 0.075 0.05859375
0 0.2734375 0.859375 0.075 0.05859375
0 0.3328125 0.3798828125 0.075 0.060546875
0 0.509375 0.5751953125 0.075 0.060546875
0 0.575 0.234375 0.075 0.05859375
0 0.671875 0.4345703125 0.075 0.060546875
0 0.60546875 0.7783203125 0.0734375 0.060546875
0 0.1890625 0.8642578125 0.075 0.060546875
0 0.603125 0.708984375 0.075 0.05859375
0 0.521875 0.7802734375 0.075 0.060546875
0 0.2671875 0.7236328125 0.075 0.060546875
0 0.35703125 0.857421875 0.0734375 0.05859375
0 0.503125 0.44140625 0.075 0.05859375
0 0.2578125 0.5869140625 0.075 0.060546875
0 0.17734375 0.591796875 0.0734375 0.05859375
0 0.571875 0.1650390625 0.075 0.060546875
0 0.4375 0.783203125 0.075 0.05859375
0 0.6796875 0.568359375 0.075 0.05859375
0 0.43125 0.6474609375 0.075 0.060546875
0 0.2375 0.181640625 0.075 0.05859375
0 0.3390625 0.515625 0.075 0.05859375
0 0.4890625 0.169921875 0.075 0.05859375
0 0.4046875 0.1748046875 0.075 0.060546875
0 0.103125 0.7978515625 0.075 0.060546875
0 0.16875 0.4560546875 0.075 0.060546875
0 0.09375 0.5947265625 0.075 0.060546875
0 0.078125 0.3251953125 0.075 0.060546875
0 0.240625 0.248046875 0.075 0.05859375
0 0.6953125 0.8427734375 0.075 0.060546875
0 0.06953125 0.1884765625 0.0734375 0.060546875
