0 0.51171875 0.4921875 0.0359375 0.03125
0 0.375 0.6171875 0.034375 0.03125
0 0.5953125 0.328125 0.034375 0.03125
0 0.53515625 0.42578125 0.0359375 0.03125
0 0.4578125 0.455078125 0.034375 0.03125
0 0.5609375 0.359375 0.034375 0.03125
0 0.3984375 0.55078125 0.034375 0.03125
0 0.4234375 0.486328125 0.034375 0.03125
0 0.4828125 0.388671875 0.034375 0.03125
0 0.571875 0.39453125 0.034375 0.03125
0 0.6203125 0.26171875 0.034375 0.03125
0 0.640625 0.330078125 0.034375 0.03125
0 0.5265625 0.390625 0.034375 0.03125
0 0.296875 0.64453125 0.034375 0.03125
0 0.321875 0.578125 0.034375 0.03125
0 0.40859375 0.5859375 0.0359375 0.03125
0 0.27890625 0.576171875 0.0359375 0.03125
0 0.5109375 0.1953125 0.034375 0.03125
0 0.6515625 0.36328125 0.034375 0.03125
0 0.584375 0.294921875 0.034375 0.03125
0 0.390625 0.515625 0.034375 0.03125
0 0.546875 0.458984375 0.034375 0.03125
0 0.5875 0.1640625 0.034375 0.03125
0 0.60546875 0.361328125 0.0359375 0.03125
0 0.55 0.326171875 0.034375 0.03125
0 0.4328125 0.51953125 0.034375 0.03125
0 0.44375 0.5546875 0.034375 0.03125
0 0.57421875 0.26171875 0.0359375 0.03125
0 0.5015625 0.45703125 0.034375 0.03125
0 0.3453125 0.513671875 0.034375 0.03125
0 0.58125 0.4296875 0.034375 0.03125
0 0.4921875 0.421875 0.034375 0.03125
0 0.371875 0.44921875 0.034375 0.03125
0 0.4140625 0.451171875 0.034375 0.03125
0 0.4484375 0.419921875 0.034375 0.03125
0 0.4390625 0.38671875 0.034375 0.03125
0 0.4765625 0.5234375 0.034375 0.03125
0 0.62890625 0.296875 0.0359375 0.03125
0 0.50625 0.32421875 0.034375 0.03125
0 0.2890625 0.609375 0.034375 0.03125
0 0.496875 0.291015625 0.034375 0.03125
0 0.3765625 0.318359375 0.034375 0.03125
0 0.31015625 0.380859375 0.0359375 0.03125
0 0.540625 0.29296875 0.034375 0.03125
0 0.515625 0.357421875 0.034375 0.03125
0 0.35625 0.546875 0.034375 0.03125
0 0.4765625 0.224609375 0.034375 0.03125
0 0.3953125 0.384765625 0.034375 0.03125
0 0.4671875 0.48828125 0.034375 0.03125
0 0.27109375 0.541015625 0.0359375 0.03125
0 0.4859375 0.2578125 0.034375 0.03125
0 0.4109375 0.287109375 0.034375 0.03125
0 0.471875 0.35546875 0.034375 0.03125
0 0.5640625 0.228515625 0.034375 0.03125
0 0.3140625 0.544921875 0.034375 0.03125
0 0.4625 0.322265625 0.034375 0.03125
0 0.28671875 0.443359375 0.0359375 0.03125
0 0.3640625 0.58203125 0.034375 0.03125
0 0.38515625 0.3515625 0.0359375 0.03125
0 0.38046875 0.482421875 0.0359375 0.03125
0 0.6171875 0.396484375 0.034375 0.03125
0 0.2546875 0.474609375 0.034375 0.03125
0 0.609375 0.228515625 0.034375 0.03125
0 0.51953125 0.2265625 0.0359375 0.03125
0 0.54296875 0.162109375 0.0359375 0.03125
0 0.3609375 0.416015625 0.034375 0.03125
0 0.578125 0.130859375 0.034375 0.03125
0 0.5296875 0.259765625 0.034375 0.03125
0 0.3046875 0.51171875 0.034375 0.03125
0 0.2625 0.5078125 0.034375 0.03125
0 0.29453125 0.4765625 0.0359375 0.03125
0 0.59765625 0.197265625 0.0359375 0.03125
0 0.3375 0.48046875 0.034375 0.03125
0 0.4296875 0.353515625 0.034375 0.03125
0 0.453125 0.2890625 0.034375 0.03125
0 0.40390625 0.41796875 0.0359375 0.03125
0 0.3296875 0.61328125 0.034375 0.03125
0 0.278125 0.412109375 0.034375 0.03125
0 0.44375 0.2578125 0.034375 0.03125
0 0.3203125 0.4140625 0.034375 0.03125
0 0.5546875 0.1953125 0.034375 0.03125
0 0.34375 0.349609375 0.034375 0.03125
0 0.4203125 0.3203125 0.034375 0.03125
0 0.2453125 0.44140625 0.034375 0.03125
0 0.353125 0.3828125 0.034375 0.03125
0 0.3296875 0.4453125 0.034375 0.03125
0 0.340625 0.6484375 0.034375 0.03125
0 0.30625 0.677734375 0.034375 0.03125
