0 0.71953125 0.5078125 0.0359375 0.0390625
0 0.68984375 0.6005859375 0.0359375 0.037109375
0 0.44921875 0.56640625 0.0359375 0.0390625
0 0.675 0.33984375 0.0375 0.03515625
0 0.653125 0.5595703125 0.0375 0.037109375
0 0.55 0.5634765625 0.034375 0.037109375
0 0.5140625 0.5205078125 0.0375 0.037109375
0 0.6375 0.6025390625 0.040625 0.037109375
0 0.7328125 0.462890625 0.034375 0.0390625
0 0.5453125 0.431640625 0.0375 0.03515625
0 0.484375 0.6103515625 0.0375 0.037109375
0 0.76171875 0.375 0.0359375 0.03125
0 0.6828125 0.4677734375 0.0375 0.033203125
0 0.57890625 0.4755859375 0.0359375 0.037109375
0 0.28203125 0.6181640625 0.0359375 0.037109375
0 0.7109375 0.3798828125 0.0375 0.037109375
0 0.4140625 0.5234375 0.0375 0.03515625
0 0.43359375 0.611328125 0.0359375 0.03515625
0 0.24921875 0.5751953125 0.0328125 0.033203125
0 0.78828125 0.2880859375 0.0359375 0.037109375
0 0.3828125 0.615234375 0.0375 0.0390625
0 0.53828125 0.607421875 0.0390625 0.03515625
0 0.74765625 0.416015625 0.0359375 0.03515625
0 0.58515625 0.6025390625 0.0359375 0.037109375
0 0.478125 0.478515625 0.034375 0.03515625
0 0.6171875 0.5166015625 0.040625 0.033203125
0 0.1828125 0.6240234375 0.034375 0.033203125
0 0.61171875 0.38671875 0.0359375 0.03515625
0 0.33125 0.6181640625 0.0375 0.037109375
0 0.6390625 0.2998046875 0.034375 0.037109375
0 0.70546875 0.5537109375 0.0359375 0.041015625
0 0.5078125 0.3935546875 0.034375 0.037109375
0 0.3140625 0.5302734375 0.034375 0.033203125
0 0.28125 0.48828125 0.034375 0.03515625
0 0.23203125 0.6201171875 0.0359375 0.037109375
0 0.215625 0.533203125 0.034375 0.03515625
0 0.3921875 0.3154296875 0.034375 0.037109375
0 0.2453125 0.4482421875 0.034375 0.033203125
0 0.48984375 0.3095703125 0.0359375 0.037109375
0 0.53828125 0.3056640625 0.0328125 0.033203125
0 0.38046875 0.4833984375 0.0359375 0.033203125
0 0.53046875 0.4765625 0.0390625 0.03515625
0 0.49921875 0.5654296875 0.0390625 0.037109375
0 0.64609375 0.427734375 0.0359375 0.0390625
0 0.6609375 0.3828125 0.0375 0.03125
0 0.571875 0.345703125 0.034375 0.03515625
0 0.775 0.3330078125 0.034375 0.033203125
0 0.66875 0.5126953125 0.0375 0.037109375
0 0.696875 0.4228515625 0.0375 0.037109375
0 0.35 0.572265625 0.034375 0.03515625
0 0.44375 0.4375 0.034375 0.03125
0 0.37578125 0.3583984375 0.0328125 0.033203125
0 0.62421875 0.3427734375 0.0359375 0.037109375
0 0.56484375 0.5185546875 0.0359375 0.037109375
0 0.409375 0.3984375 0.034375 0.03515625
0 0.5875 0.3046875 0.0375 0.03515625
0 0.59453125 0.431640625 0.0328125 0.03515625
0 0.23046875 0.490234375 0.0359375 0.03125
0 0.3109375 0.404296875 0.034375 0.03515625
0 0.34375 0.4423828125 0.034375 0.033203125
0 0.7390625 0.29296875 0.0375 0.0390625
0 0.55703125 0.3896484375 0.0359375 0.037109375
0 0.6890625 0.296875 0.0375 0.03515625
0 0.2 0.5791015625 0.03125 0.033203125
0 0.49296875 0.43359375 0.0359375 0.03515625
0 0.328125 0.3623046875 0.034375 0.033203125
0 0.39765625 0.568359375 0.0390625 0.03515625
0 0.72421875 0.337890625 0.0359375 0.0390625
0 0.60234375 0.55859375 0.0390625 0.0390625
0 0.278125 0.36328125 0.03125 0.03515625
0 0.46328125 0.5234375 0.0359375 0.03515625
0 0.26484375 0.53125 0.0359375 0.03515625
0 0.29453125 0.4482421875 0.0359375 0.033203125
0 0.34296875 0.3203125 0.0359375 0.03125
0 0.2984375 0.57421875 0.0375 0.03515625
0 0.47421875 0.3515625 0.0390625 0.03515625
0 0.6328125 0.470703125 0.0375 0.03515625
0 0.2953125 0.3232421875 0.034375 0.033203125
0 0.4390625 0.314453125 0.0375 0.03515625
0 0.425 0.353515625 0.0375 0.03515625
0 0.52265625 0.3486328125 0.0359375 0.029296875
0 0.45859375 0.3955078125 0.0359375 0.033203125
0 0.36171875 0.400390625 0.0328125 0.03125
0 0.26328125 0.40625 0.0328125 0.03515625
0 0.3953125 0.4404296875 0.034375 0.033203125
0 0.33046875 0.486328125 0.0328125 0.03125
0 0.42890625 0.482421875 0.0359375 0.03515625
0 0.36484375 0.5283203125 0.0359375 0.033203125
