0 0.47734375 0.2236328125 0.0390625 0.044921875
0 0.6546875 0.3681640625 0.0375 0.048828125
0 0.390625 0.3466796875 0.040625 0.048828125
0 0.5 0.2900390625 0.040625 0.048828125
0 0.56796875 0.4912109375 0.0390625 0.048828125
0 0.403125 0.5771484375 0.040625 0.048828125
0 0.48984375 0.4521484375 0.0390625 0.048828125
0 0.55546875 0.2607421875 0.0390625 0.048828125
0 0.46640625 0.3876953125 0.0390625 0.048828125
0 0.34921875 0.6064453125 0.0390625 0.048828125
0 0.48046875 0.6162109375 0.0390625 0.048828125
0 0.5578125 0.654296875 0.040625 0.046875
0 0.5796875 0.7216796875 0.040625 0.048828125
0 0.58984375 0.5595703125 0.0390625 0.048828125
0 0.57578125 0.3291015625 0.0390625 0.048828125
0 0.51171875 0.5205078125 0.0390625 0.048828125
0 0.45859375 0.5478515625 0.0390625 0.048828125
0 0.4125 0.4140625 0.040625 0.046875
0 0.63125 0.3017578125 0.040625 0.048828125
0 0.4359375 0.48046875 0.0375 0.046875
0 0.37109375 0.6708984375 0.0390625 0.048828125
0 0.425 0.64453125 0.040625 0.046875
0 0.29375 0.6318359375 0.040625 0.048828125
0 0.64375 0.5302734375 0.0375 0.048828125
0 0.50390625 0.6826171875 0.0390625 0.044921875
0 0.4453125 0.3193359375 0.0375 0.048828125
0 0.62109375 0.4638671875 0.0390625 0.044921875
0 0.59921875 0.3974609375 0.0390625 0.048828125
0 0.4484375 0.7109375 0.040625 0.046875
0 0.67734375 0.4365234375 0.0390625 0.048828125
0 0.534375 0.5869140625 0.0375 0.048828125
0 0.59375 0.2822265625 0.040625 0.048828125
0 0.42265625 0.2509765625 0.0390625 0.048828125
0 0.5703125 0.2119140625 0.0375 0.048828125
0 0.70859375 0.3408203125 0.0390625 0.048828125
0 0.52578125 0.7490234375 0.0390625 0.048828125
0 0.609375 0.234375 0.040625 0.046875
0 0.5453125 0.4248046875 0.0375 0.044921875
0 0.45625 0.1552734375 0.040625 0.044921875
0 0.3796875 0.509765625 0.0375 0.046875
0 0.3265625 0.5380859375 0.0375 0.048828125
0 0.42890625 0.3662109375 0.0390625 0.048828125
0 0.5421875 0.7021484375 0.040625 0.048828125
0 0.521875 0.3583984375 0.040625 0.048828125
0 0.659375 0.4814453125 0.040625 0.048828125
0 0.55 0.5400390625 0.040625 0.048828125
0 0.49453125 0.1748046875 0.0390625 0.044921875
0 0.47421875 0.5009765625 0.0390625 0.048828125
0 0.44296875 0.5947265625 0.0390625 0.044921875
0 0.6390625 0.4169921875 0.040625 0.048828125
0 0.64921875 0.25390625 0.0390625 0.046875
0 0.409375 0.6904296875 0.0375 0.048828125
0 0.61171875 0.6279296875 0.0390625 0.048828125
0 0.4609375 0.2705078125 0.0375 0.048828125
0 0.38671875 0.6259765625 0.0390625 0.048828125
0 0.396875 0.4609375 0.040625 0.046875
0 0.35703125 0.44140625 0.0390625 0.046875
0 0.49609375 0.5673828125 0.0390625 0.048828125
0 0.72578125 0.2939453125 0.0390625 0.044921875
0 0.68671875 0.2724609375 0.0390625 0.048828125
0 0.53203125 0.1943359375 0.0390625 0.044921875
0 0.628125 0.578125 0.0375 0.046875
0 0.5609375 0.3779296875 0.0375 0.048828125
0 0.51875 0.6357421875 0.0375 0.048828125
0 0.3109375 0.583984375 0.0375 0.046875
0 0.5734375 0.6064453125 0.040625 0.048828125
0 0.53828125 0.310546875 0.0390625 0.046875
0 0.484375 0.3388671875 0.040625 0.048828125
0 0.34140625 0.4892578125 0.0390625 0.048828125
0 0.48828125 0.73046875 0.0390625 0.046875
0 0.69296875 0.3896484375 0.0390625 0.048828125
0 0.58359375 0.4443359375 0.0390625 0.044921875
0 0.50625 0.4072265625 0.040625 0.048828125
0 0.33125 0.6513671875 0.040625 0.048828125
0 0.60546875 0.5126953125 0.0390625 0.044921875
0 0.4640625 0.6630859375 0.0375 0.044921875
0 0.375 0.39453125 0.040625 0.046875
0 0.4203125 0.529296875 0.0375 0.046875
0 0.6703125 0.3212890625 0.0375 0.048828125
0 0.5640625 0.7685546875 0.040625 0.048828125
0 0.45078125 0.43359375 0.0390625 0.046875
0 0.40625 0.2978515625 0.0375 0.048828125
0 0.528125 0.4716796875 0.040625 0.048828125
0 0.51640625 0.2431640625 0.0390625 0.044921875
0 0.36484375 0.5576171875 0.0390625 0.048828125
0 0.6140625 0.3486328125 0.0375 0.048828125
0 0.5953125 0.673828125 0.040625 0.046875
0 0.43828125 0.2021484375 0.0390625 0.048828125
