0 0.3375 0.32421875 0.040625 0.05078125
0 0.4265625 0.279296875 0.040625 0.05078125
0 0.30078125 0.212890625 0.0390625 0.05078125
0 0.4546875 0.4951171875 0.040625 0.048828125
0 0.5015625 0.4453125 0.040625 0.05078125
0 0.290625 0.375 0.040625 0.05078125
0 0.509375 0.337890625 0.040625 0.0546875
0 0.2546875 0.263671875 0.040625 0.05078125
0 0.55078125 0.341796875 0.0421875 0.05078125
0 0.2828125 0.482421875 0.040625 0.05078125
0 0.475 0.2255859375 0.040625 0.048828125
0 0.590625 0.3974609375 0.040625 0.052734375
0 0.365625 0.5419921875 0.040625 0.052734375
0 0.446875 0.6015625 0.040625 0.05078125
0 0.5140625 0.283203125 0.040625 0.05078125
0 0.1625 0.3115234375 0.040625 0.048828125
0 0.4609375 0.3896484375 0.040625 0.048828125
0 0.278125 0.53515625 0.040625 0.05078125
0 0.3296875 0.4306640625 0.040625 0.052734375
0 0.371875 0.435546875 0.040625 0.05078125
0 0.2421875 0.4248046875 0.040625 0.048828125
0 0.5984375 0.291015625 0.040625 0.05078125
0 0.2296875 0.583984375 0.040625 0.05078125
0 0.165625 0.255859375 0.040625 0.05078125
0 0.4046875 0.595703125 0.040625 0.05078125
0 0.1546875 0.4169921875 0.040625 0.048828125
0 0.415625 0.4375 0.040625 0.05078125
0 0.45 0.548828125 0.040625 0.05078125
0 0.3875 0.220703125 0.040625 0.05078125
0 0.2375 0.4775390625 0.040625 0.048828125
0 0.3671875 0.48828125 0.040625 0.05078125
0 0.3234375 0.5380859375 0.040625 0.048828125
0 0.1921875 0.52734375 0.040625 0.05078125
0 0.4125 0.490234375 0.040625 0.05078125
0 0.5359375 0.5556640625 0.040625 0.048828125
0 0.55546875 0.2861328125 0.0421875 0.048828125
0 0.384375 0.2734375 0.040625 0.05078125
0 0.146875 0.525390625 0.040625 0.05078125
0 0.31875 0.59375 0.040625 0.05078125
0 0.20625 0.314453125 0.040625 0.05078125
0 0.49375 0.55078125 0.040625 0.05078125
0 0.4890625 0.603515625 0.040625 0.05078125
0 0.4203125 0.384765625 0.040625 0.05078125
0 0.2 0.421875 0.040625 0.05078125
0 0.3390625 0.271484375 0.040625 0.05078125
0 0.5390625 0.5 0.040625 0.05078125
0 0.21171875 0.205078125 0.0390625 0.05078125
0 0.578125 0.55859375 0.040625 0.05078125
0 0.559375 0.2333984375 0.040625 0.048828125
0 0.4078125 0.544921875 0.040625 0.05078125
0 0.275 0.587890625 0.040625 0.05078125
0 0.16875 0.203125 0.040625 0.05078125
0 0.6 0.236328125 0.040625 0.05078125
0 0.1953125 0.474609375 0.040625 0.05078125
0 0.515625 0.23046875 0.040625 0.05078125
0 0.246875 0.3701171875 0.040625 0.052734375
0 0.34375 0.21875 0.040625 0.05078125
0 0.46640625 0.333984375 0.0421875 0.05078125
0 0.546875 0.39453125 0.04375 0.05078125
0 0.325 0.4853515625 0.040625 0.048828125
0 0.53125 0.60546875 0.040625 0.05078125
0 0.5734375 0.611328125 0.040625 0.05078125
0 0.28671875 0.427734375 0.0390625 0.05078125
0 0.209375 0.2578125 0.040625 0.05078125
0 0.37578125 0.37890625 0.0390625 0.05078125
0 0.14296875 0.5810546875 0.0390625 0.048828125
0 0.296875 0.265625 0.040625 0.05078125
0 0.459375 0.439453125 0.040625 0.05078125
0 0.2953125 0.318359375 0.040625 0.05078125
0 0.54375 0.447265625 0.040625 0.05078125
0 0.203125 0.3671875 0.040625 0.05078125
0 0.3796875 0.3291015625 0.040625 0.048828125
0 0.5859375 0.44921875 0.040625 0.05078125
0 0.4296875 0.22265625 0.040625 0.05078125
0 0.3609375 0.59375 0.040625 0.05078125
0 0.234375 0.533203125 0.040625 0.05078125
0 0.5046875 0.392578125 0.040625 0.05078125
0 0.3328125 0.376953125 0.040625 0.05078125
0 0.496875 0.498046875 0.040625 0.05078125
0 0.2578125 0.2080078125 0.040625 0.048828125
0 0.421875 0.33203125 0.040625 0.05078125
0 0.5828125 0.5048828125 0.040625 0.052734375
0 0.24921875 0.31640625 0.0421875 0.05078125
0 0.46953125 0.28125 0.0421875 0.05078125
0 0.1875 0.583984375 0.040625 0.05078125
0 0.59375 0.34375 0.040625 0.05078125
0 0.1515625 0.47265625 0.040625 0.05078125
0 0.159375 0.3642578125 0.040625 0.048828125
