0 0.61484375 0.3134765625 0.0390625 0.048828125
0 0.35390625 0.5166015625 0.0390625 0.048828125
0 0.50234375 0.5361328125 0.0390625 0.048828125
0 0.46484375 0.6103515625 0.0390625 0.048828125
0 0.27734375 0.3466796875 0.0390625 0.048828125
0 0.23984375 0.4208984375 0.0390625 0.048828125
0 0.31640625 0.5908203125 0.0390625 0.048828125
0 0.57734375 0.3876953125 0.0390625 0.048828125
0 0.39140625 0.4423828125 0.0390625 0.048828125
0 0.56796875 0.3271484375 0.0390625 0.048828125
0 0.42734375 0.6845703125 0.0390625 0.048828125
0 0.22890625 0.3583984375 0.0390625 0.048828125
0 0.66640625 0.6748046875 0.0390625 0.048828125
0 0.38203125 0.7001953125 0.0390625 0.048828125
0 0.27734375 0.6669921875 0.0390625 0.048828125
0 0.19140625 0.4345703125 0.0390625 0.048828125
0 0.63984375 0.4951171875 0.0390625 0.048828125
0 0.41953125 0.6240234375 0.0390625 0.048828125
0 0.53203125 0.4013671875 0.0390625 0.048828125
0 0.42890625 0.3681640625 0.0390625 0.048828125
0 0.56640625 0.6435546875 0.0390625 0.048828125
0 0.26796875 0.6064453125 0.0390625 0.048828125
0 0.41015625 0.5634765625 0.0390625 0.048828125
0 0.30703125 0.5302734375 0.0390625 0.048828125
0 0.57578125 0.7021484375 0.0390625 0.048828125
0 0.29765625 0.4697265625 0.0390625 0.048828125
0 0.60546875 0.2529296875 0.0390625 0.048828125
0 0.53984375 0.4619140625 0.0390625 0.048828125
0 0.56015625 0.2666015625 0.0390625 0.048828125
0 0.70234375 0.6005859375 0.0390625 0.048828125
0 0.61171875 0.6279296875 0.0390625 0.048828125
0 0.20078125 0.4970703125 0.0390625 0.048828125
0 0.38984375 0.7607421875 0.0390625 0.048828125
0 0.23984375 0.7431640625 0.0390625 0.048828125
0 0.34453125 0.4560546875 0.0390625 0.048828125
0 0.37265625 0.6396484375 0.0390625 0.048828125
0 0.33515625 0.3935546875 0.0390625 0.048828125
0 0.52265625 0.3408203125 0.0390625 0.048828125
0 0.53046875 0.7177734375 0.0390625 0.048828125
0 0.66953125 0.3603515625 0.0390625 0.048828125
0 0.45703125 0.5498046875 0.0390625 0.048828125
0 0.63203125 0.4345703125 0.0390625 0.048828125
0 0.60390625 0.5673828125 0.0390625 0.048828125
0 0.34296875 0.7744140625 0.0390625 0.048828125
0 0.25859375 0.5439453125 0.0390625 0.048828125
0 0.67734375 0.4208984375 0.0390625 0.048828125
0 0.51328125 0.2783203125 0.0390625 0.048828125
0 0.65234375 0.2392578125 0.0390625 0.048828125
0 0.44765625 0.4892578125 0.0390625 0.048828125
0 0.49453125 0.4755859375 0.0390625 0.048828125
0 0.52109375 0.6572265625 0.0390625 0.048828125
0 0.23046875 0.6826171875 0.0390625 0.048828125
0 0.41953125 0.3056640625 0.0390625 0.048828125
0 0.22109375 0.6201171875 0.0390625 0.048828125
0 0.46640625 0.2919921875 0.0390625 0.048828125
0 0.64921875 0.5556640625 0.0390625 0.048828125
0 0.48359375 0.7314453125 0.0390625 0.048828125
0 0.68515625 0.4814453125 0.0390625 0.048828125
0 0.47578125 0.3544921875 0.0390625 0.048828125
0 0.33515625 0.7138671875 0.0390625 0.048828125
0 0.18203125 0.3720703125 0.0390625 0.048828125
0 0.51171875 0.5966796875 0.0390625 0.048828125
0 0.36328125 0.5771484375 0.0390625 0.048828125
0 0.69453125 0.5419921875 0.0390625 0.048828125
0 0.66015625 0.2998046875 0.0390625 0.048828125
0 0.32578125 0.6533203125 0.0390625 0.048828125
0 0.38203125 0.3798828125 0.0390625 0.048828125
0 0.62265625 0.3740234375 0.0390625 0.048828125
0 0.43671875 0.7470703125 0.0390625 0.048828125
0 0.24921875 0.4833984375 0.0390625 0.048828125
0 0.47421875 0.6708984375 0.0390625 0.048828125
0 0.28671875 0.4072265625 0.0390625 0.048828125
0 0.40078125 0.5029296875 0.0390625 0.048828125
0 0.65703125 0.6142578125 0.0390625 0.048828125
0 0.48515625 0.4150390625 0.0390625 0.048828125
0 0.62109375 0.6884765625 0.0390625 0.048828125
0 0.58671875 0.4482421875 0.0390625 0.048828125
0 0.21171875 0.5595703125 0.0390625 0.048828125
0 0.43828125 0.4287109375 0.0390625 0.048828125
0 0.28671875 0.7294921875 0.0390625 0.048828125
0 0.29609375 0.7900390625 0.0390625 0.048828125
0 0.55859375 0.5830078125 0.0390625 0.048828125
0 0.37265625 0.3193359375 0.0390625 0.048828125
0 0.32578125 0.3330078125 0.0390625 0.048828125
0 0.54921875 0.5224609375 0.0390625 0.048828125
0 0.59453125 0.5087890625 0.0390625 0.048828125
0 0.71171875 0.6611328125 0.0390625 0.048828125
0 0.24921875 0.8056640625 0.0390625 0.048828125
