0 0.68828125 0.3662109375 0.0390625 0.048828125
0 0.57265625 0.4423828125 0.0390625 0.048828125
0 0.61171875 0.2060546875 0.0390625 0.048828125
0 0.48671875 0.4580078125 0.0390625 0.048828125
0 0.50078125 0.7509765625 0.0390625 0.048828125
0 0.63515625 0.3173828125 0.0390625 0.048828125
0 0.60390625 0.3798828125 0.0390625 0.048828125
0 0.43359375 0.4091796875 0.0390625 0.048828125
0 0.47265625 0.1728515625 0.0390625 0.048828125
0 0.58046875 0.2685546875 0.0390625 0.048828125
0 0.38828125 0.1865234375 0.0390625 0.048828125
0 0.43359375 0.6435546875 0.0390625 0.048828125
0 0.52734375 0.2197265625 0.0390625 0.048828125
0 0.52109375 0.6279296875 0.0390625 0.048828125
0 0.41015625 0.2978515625 0.0390625 0.048828125
0 0.65859375 0.4287109375 0.0390625 0.048828125
0 0.66484375 0.2548828125 0.0390625 0.048828125
0 0.62734375 0.4912109375 0.0390625 0.048828125
0 0.55078125 0.3310546875 0.0390625 0.048828125
0 0.46484375 0.3466796875 0.0390625 0.048828125
0 0.71171875 0.4755859375 0.0390625 0.048828125
0 0.58671875 0.7333984375 0.0390625 0.048828125
0 0.55859375 0.1572265625 0.0390625 0.048828125
0 0.67265625 0.7177734375 0.0390625 0.048828125
0 0.37890625 0.3603515625 0.0390625 0.048828125
0 0.51953125 0.3955078125 0.0390625 0.048828125
0 0.66171875 0.6611328125 0.0390625 0.048828125
0 0.34453125 0.1923828125 0.0390625 0.048828125
0 0.71640625 0.7099609375 0.0390625 0.048828125
0 0.49609375 0.2841796875 0.0390625 0.048828125
0 0.63828125 0.5478515625 0.0390625 0.048828125
0 0.40078125 0.4736328125 0.0390625 0.048828125
0 0.45546875 0.5224609375 0.0390625 0.048828125
0 0.49921875 0.5146484375 0.0390625 0.048828125
0 0.42265625 0.5869140625 0.0390625 0.048828125
0 0.64921875 0.6044921875 0.0390625 0.048828125
0 0.74609375 0.6455078125 0.0390625 0.048828125
0 0.48828125 0.6923828125 0.0390625 0.048828125
0 0.63046875 0.7255859375 0.0390625 0.048828125
0 0.42109375 0.3544921875 0.0390625 0.048828125
0 0.58359375 0.4990234375 0.0390625 0.048828125
0 0.64296875 0.1455078125 0.0390625 0.048828125
0 0.72265625 0.5322265625 0.0390625 0.048828125
0 0.41171875 0.5302734375 0.0390625 0.048828125
0 0.39921875 0.2412109375 0.0390625 0.048828125
0 0.57578125 0.6767578125 0.0390625 0.048828125
0 0.54296875 0.7412109375 0.0390625 0.048828125
0 0.60703125 0.6123046875 0.0390625 0.048828125
0 0.56484375 0.6201171875 0.0390625 0.048828125
0 0.66953125 0.4833984375 0.0390625 0.048828125
0 0.55234375 0.5634765625 0.0390625 0.048828125
0 0.48515625 0.2275390625 0.0390625 0.048828125
0 0.54140625 0.5068359375 0.0390625 0.048828125
0 0.44296875 0.2353515625 0.0390625 0.048828125
0 0.75859375 0.7021484375 0.0390625 0.048828125
0 0.70390625 0.6533203125 0.0390625 0.048828125
0 0.69296875 0.5966796875 0.0390625 0.048828125
0 0.51640625 0.1650390625 0.0390625 0.048828125
0 0.50703125 0.3388671875 0.0390625 0.048828125
0 0.46640625 0.5791015625 0.0390625 0.048828125
0 0.62265625 0.2607421875 0.0390625 0.048828125
0 0.73515625 0.5888671875 0.0390625 0.048828125
0 0.68046875 0.5400390625 0.0390625 0.048828125
0 0.64609375 0.3720703125 0.0390625 0.048828125
0 0.51015625 0.5712890625 0.0390625 0.048828125
0 0.44453125 0.7001953125 0.0390625 0.048828125
0 0.56953125 0.2138671875 0.0390625 0.048828125
0 0.35546875 0.2490234375 0.0390625 0.048828125
0 0.43046875 0.1787109375 0.0390625 0.048828125
0 0.45546875 0.7587890625 0.0390625 0.048828125
0 0.59609375 0.5556640625 0.0390625 0.048828125
0 0.47734375 0.6357421875 0.0390625 0.048828125
0 0.56171875 0.3876953125 0.0390625 0.048828125
0 0.44453125 0.4658203125 0.0390625 0.048828125
0 0.47578125 0.4013671875 0.0390625 0.048828125
0 0.60078125 0.1513671875 0.0390625 0.048828125
0 0.61484375 0.4365234375 0.0390625 0.048828125
0 0.59296875 0.3251953125 0.0390625 0.048828125
0 0.65390625 0.2001953125 0.0390625 0.048828125
0 0.36796875 0.3056640625 0.0390625 0.048828125
0 0.45390625 0.2900390625 0.0390625 0.048828125
0 0.53828125 0.2763671875 0.0390625 0.048828125
0 0.53203125 0.6845703125 0.0390625 0.048828125
0 0.53046875 0.4501953125 0.0390625 0.048828125
0 0.67734375 0.3095703125 0.0390625 0.048828125
0 0.38984375 0.4169921875 0.0390625 0.048828125
0 0.70078125 0.4208984375 0.0390625 0.048828125
0 0.61796875 0.6689453125 0.0390625 0.048828125
