0 0.28046875 0.3486328125 0.0265625 0.041015625
0 0.28671875 0.4521484375 0.0265625 0.041015625
0 0.56015625 0.4970703125 0.0265625 0.041015625
0 0.40234375 0.6064453125 0.0265625 0.041015625
0 0.3875 0.3994140625 0.028125 0.041015625
0 0.46953125 0.6025390625 0.0265625 0.041015625
0 0.47734375 0.7060546875 0.0296875 0.041015625
0 0.39375 0.5029296875 0.028125 0.041015625
0 0.42890625 0.501953125 0.0296875 0.0390625
0 0.39140625 0.4521484375 0.0296875 0.041015625
0 0.55625 0.4462890625 0.028125 0.041015625
0 0.58203125 0.3466796875 0.0296875 0.041015625
0 0.52890625 0.4990234375 0.0265625 0.037109375
0 0.52421875 0.447265625 0.0265625 0.0390625
0 0.56484375 0.5478515625 0.0265625 0.037109375
0 0.43515625 0.6025390625 0.0296875 0.041015625
0 0.30546875 0.71484375 0.0265625 0.04296875
0 0.35625 0.4521484375 0.028125 0.041015625
0 0.48359375 0.3486328125 0.0296875 0.041015625
0 0.3328125 0.6083984375 0.028125 0.041015625
0 0.59765625 0.5458984375 0.0296875 0.041015625
0 0.3515625 0.3994140625 0.028125 0.041015625
0 0.4546875 0.3984375 0.028125 0.0390625
0 0.303125 0.6630859375 0.028125 0.041015625
0 0.60078125 0.5986328125 0.0296875 0.041015625
0 0.32265625 0.4521484375 0.0265625 0.041015625
0 0.50546875 0.6513671875 0.0265625 0.041015625
0 0.42578125 0.4521484375 0.0265625 0.041015625
0 0.36015625 0.5029296875 0.0265625 0.041015625
0 0.31796875 0.3994140625 0.0265625 0.041015625
0 0.5171875 0.3486328125 0.028125 0.041015625
0 0.36796875 0.6064453125 0.0296875 0.041015625
0 0.57109375 0.6494140625 0.0265625 0.041015625
0 0.52109375 0.3974609375 0.0296875 0.041015625
0 0.47421875 0.6552734375 0.0265625 0.041015625
0 0.6046875 0.6494140625 0.028125 0.041015625
0 0.32890625 0.5576171875 0.0265625 0.041015625
0 0.51015625 0.7041015625 0.0296875 0.041015625
0 0.43203125 0.5517578125 0.0265625 0.041015625
0 0.56875 0.599609375 0.028125 0.0390625
0 0.34921875 0.3486328125 0.0296875 0.041015625
0 0.25078125 0.4541015625 0.0265625 0.041015625
0 0.32578125 0.5048828125 0.0296875 0.041015625
0 0.26953125 0.7158203125 0.0265625 0.041015625
0 0.490625 0.4482421875 0.028125 0.041015625
0 0.45234375 0.3486328125 0.0296875 0.041015625
0 0.290625 0.5048828125 0.028125 0.041015625
0 0.26640625 0.6650390625 0.0296875 0.041015625
0 0.54375 0.7041015625 0.028125 0.041015625
0 0.49609375 0.4990234375 0.0296875 0.037109375
0 0.3140625 0.3486328125 0.028125 0.041015625
0 0.59375 0.4951171875 0.028125 0.041015625
0 0.575 0.7001953125 0.028125 0.041015625
0 0.4890625 0.3984375 0.028125 0.0390625
0 0.49921875 0.5498046875 0.0265625 0.041015625
0 0.36484375 0.5537109375 0.0265625 0.041015625
0 0.42109375 0.3994140625 0.0265625 0.041015625
0 0.44453125 0.7080078125 0.0265625 0.041015625
0 0.29921875 0.6083984375 0.0265625 0.041015625
0 0.53515625 0.6005859375 0.0265625 0.041015625
0 0.24453125 0.3486328125 0.0265625 0.041015625
0 0.2953125 0.55859375 0.028125 0.0390625
0 0.4609375 0.5009765625 0.028125 0.041015625
0 0.28203125 0.4013671875 0.0265625 0.044921875
0 0.259375 0.5595703125 0.028125 0.041015625
0 0.26328125 0.6103515625 0.0265625 0.041015625
0 0.50234375 0.6015625 0.0296875 0.0390625
0 0.3984375 0.5537109375 0.028125 0.041015625
0 0.33984375 0.7138671875 0.0296875 0.041015625
0 0.55390625 0.3974609375 0.0265625 0.041015625
0 0.58984375 0.4462890625 0.0265625 0.041015625
0 0.53203125 0.5498046875 0.0296875 0.041015625
0 0.55 0.3466796875 0.028125 0.041015625
0 0.375 0.7119140625 0.028125 0.041015625
0 0.4171875 0.3486328125 0.028125 0.041015625
0 0.246875 0.4033203125 0.028125 0.041015625
0 0.371875 0.6591796875 0.028125 0.041015625
0 0.465625 0.5517578125 0.028125 0.041015625
0 0.5859375 0.3955078125 0.028125 0.041015625
0 0.40546875 0.6572265625 0.0296875 0.041015625
0 0.40859375 0.7080078125 0.0265625 0.041015625
0 0.2546875 0.5048828125 0.028125 0.041015625
0 0.3375 0.6591796875 0.028125 0.041015625
0 0.60703125 0.6982421875 0.0296875 0.041015625
0 0.38515625 0.34765625 0.0296875 0.04296875
0 0.43984375 0.65625 0.0296875 0.0390625
0 0.5390625 0.6513671875 0.028125 0.041015625
0 0.45859375 0.4501953125 0.0296875 0.037109375
