0 0.70078125 0.6044921875 0.0546875 0.052734375
0 0.3140625 0.6318359375 0.05625 0.052734375
0 0.34765625 0.3232421875 0.0578125 0.052734375
0 0.715625 0.7099609375 0.05625 0.056640625
0 0.4109375 0.3271484375 0.05625 0.052734375
0 0.153125 0.3095703125 0.05625 0.052734375
0 0.50546875 0.5908203125 0.0578125 0.056640625
0 0.57734375 0.6474609375 0.0578125 0.052734375
0 0.440625 0.5869140625 0.05625 0.052734375
0 0.18203125 0.6240234375 0.0546875 0.052734375
0 0.24921875 0.6298828125 0.0578125 0.052734375
0 0.57265625 0.5966796875 0.0546875 0.052734375
0 0.75859375 0.5537109375 0.0546875 0.052734375
0 0.63046875 0.5458984375 0.0546875 0.052734375
0 0.60546875 0.337890625 0.0546875 0.0546875
0 0.37421875 0.5810546875 0.0546875 0.052734375
0 0.56640625 0.5419921875 0.0546875 0.056640625
0 0.5828125 0.7001953125 0.05625 0.052734375
0 0.21796875 0.3154296875 0.0578125 0.052734375
0 0.2875 0.37109375 0.05625 0.0546875
0 0.49609375 0.4853515625 0.0546875 0.052734375
0 0.61640625 0.4423828125 0.0578125 0.052734375
0 0.696875 0.55078125 0.05625 0.0546875
0 0.1578125 0.3623046875 0.05625 0.056640625
0 0.63515625 0.5986328125 0.0578125 0.052734375
0 0.47578125 0.330078125 0.0578125 0.0546875
0 0.5 0.5380859375 0.05625 0.052734375
0 0.45234375 0.693359375 0.0578125 0.0546875
0 0.38671875 0.689453125 0.0546875 0.0546875
0 0.30546875 0.5283203125 0.0578125 0.052734375
0 0.3828125 0.634765625 0.05625 0.0546875
0 0.2234375 0.3671875 0.05625 0.0546875
0 0.446875 0.6396484375 0.05625 0.052734375
0 0.64296875 0.65234375 0.0546875 0.0546875
0 0.109375 0.5693359375 0.05625 0.052734375
0 0.5125 0.6455078125 0.05625 0.052734375
0 0.75234375 0.5029296875 0.0546875 0.052734375
0 0.09765625 0.412109375 0.0515625 0.04296875
0 0.23984375 0.521484375 0.0546875 0.0546875
0 0.16171875 0.4140625 0.0578125 0.0546875
0 0.3703125 0.5302734375 0.05625 0.052734375
0 0.359375 0.42578125 0.05625 0.0546875
0 0.31015625 0.5791015625 0.0546875 0.052734375
0 0.31953125 0.6826171875 0.0578125 0.052734375
0 0.17734375 0.5712890625 0.0578125 0.052734375
0 0.2828125 0.3193359375 0.05625 0.056640625
0 0.68984375 0.4990234375 0.0578125 0.056640625
0 0.0921875 0.3583984375 0.059375 0.052734375
0 0.1140625 0.6201171875 0.05625 0.052734375
0 0.54609375 0.3857421875 0.0578125 0.052734375
0 0.3 0.4736328125 0.05625 0.056640625
0 0.48359375 0.3818359375 0.0546875 0.056640625
0 0.11953125 0.673828125 0.0578125 0.0546875
0 0.4234375 0.4306640625 0.05625 0.056640625
0 0.54140625 0.3330078125 0.0546875 0.052734375
0 0.353125 0.3740234375 0.05625 0.052734375
0 0.62421875 0.4931640625 0.0546875 0.052734375
0 0.1859375 0.677734375 0.05625 0.0546875
0 0.23515625 0.4697265625 0.0578125 0.052734375
0 0.7375 0.3994140625 0.05625 0.052734375
0 0.67421875 0.3935546875 0.0578125 0.052734375
0 0.5171875 0.6982421875 0.05625 0.052734375
0 0.5578125 0.490234375 0.05625 0.0546875
0 0.55390625 0.4365234375 0.0546875 0.052734375
0 0.74453125 0.4501953125 0.0578125 0.052734375
0 0.7671875 0.6064453125 0.05625 0.052734375
0 0.78046875 0.71484375 0.0578125 0.0546875
0 0.1671875 0.4677734375 0.05625 0.052734375
0 0.24375 0.576171875 0.05625 0.0546875
0 0.43515625 0.533203125 0.0578125 0.0546875
0 0.6671875 0.341796875 0.05625 0.0546875
0 0.4296875 0.482421875 0.05625 0.0546875
0 0.10703125 0.515625 0.0578125 0.0546875
0 0.2953125 0.421875 0.05625 0.0546875
0 0.41796875 0.3779296875 0.0578125 0.052734375
0 0.0875 0.3076171875 0.05625 0.052734375
0 0.68203125 0.4443359375 0.0546875 0.052734375
0 0.64921875 0.7060546875 0.0546875 0.052734375
0 0.1015625 0.4619140625 0.05625 0.052734375
0 0.48828125 0.4345703125 0.0578125 0.052734375
0 0.2296875 0.4189453125 0.05625 0.052734375
0 0.25234375 0.6806640625 0.0546875 0.052734375
0 0.171875 0.5185546875 0.05625 0.052734375
0 0.7734375 0.66015625 0.05625 0.0546875
0 0.70859375 0.6552734375 0.0578125 0.052734375
0 0.73125 0.345703125 0.05625 0.0546875
0 0.36484375 0.478515625 0.0578125 0.0546875
0 0.61171875 0.3916015625 0.0546875 0.052734375
