0 0.46875 0.30859375 0.040625 0.046875
0 0.3359375 0.345703125 0.040625 0.046875
0 0.603125 0.2705078125 0.040625 0.048828125
0 0.3859375 0.2978515625 0.040625 0.048828125
0 0.51875 0.259765625 0.0375 0.05078125
0 0.40625 0.1904296875 0.040625 0.048828125
0 0.43984375 0.4716796875 0.0390625 0.048828125
0 0.5140625 0.537109375 0.040625 0.046875
0 0.49375 0.6484375 0.040625 0.05078125
0 0.35546875 0.2392578125 0.0390625 0.048828125
0 0.4875 0.19921875 0.040625 0.046875
0 0.41875 0.357421875 0.040625 0.05078125
0 0.4359375 0.248046875 0.040625 0.05078125
0 0.5375 0.150390625 0.040625 0.05078125
0 0.621875 0.1611328125 0.0375 0.048828125
0 0.4203125 0.5810546875 0.040625 0.048828125
0 0.521875 0.484375 0.040625 0.05078125
0 0.37890625 0.5732421875 0.0390625 0.048828125
0 0.55 0.3203125 0.040625 0.05078125
0 0.5671875 0.7177734375 0.0375 0.048828125
0 0.3578125 0.685546875 0.040625 0.05078125
0 0.53125 0.4296875 0.040625 0.05078125
0 0.5828125 0.3798828125 0.040625 0.048828125
0 0.31640625 0.4541015625 0.0390625 0.048828125
0 0.4703125 0.533203125 0.040625 0.046875
0 0.30546875 0.5087890625 0.0390625 0.048828125
0 0.54375 0.599609375 0.040625 0.046875
0 0.578125 0.662109375 0.040625 0.046875
0 0.4609375 0.5859375 0.040625 0.05078125
0 0.3875 0.5185546875 0.040625 0.048828125
0 0.5703125 0.2099609375 0.040625 0.048828125
0 0.440625 0.6982421875 0.040625 0.048828125
0 0.41015625 0.6357421875 0.0390625 0.048828125
0 0.6625 0.166015625 0.040625 0.05078125
0 0.503125 0.59375 0.040625 0.05078125
0 0.27578125 0.671875 0.0390625 0.046875
0 0.45546875 0.140625 0.0390625 0.05078125
0 0.3265625 0.623046875 0.040625 0.05078125
0 0.4140625 0.1357421875 0.040625 0.048828125
0 0.5 0.369140625 0.0375 0.046875
0 0.36875 0.630859375 0.0375 0.05078125
0 0.4484375 0.4169921875 0.040625 0.048828125
0 0.6109375 0.2158203125 0.040625 0.048828125
0 0.60625 0.494140625 0.040625 0.05078125
0 0.5734375 0.4345703125 0.040625 0.048828125
0 0.459375 0.3623046875 0.040625 0.048828125
0 0.3578125 0.458984375 0.040625 0.05078125
0 0.3734375 0.1328125 0.040625 0.046875
0 0.65390625 0.220703125 0.0390625 0.05078125
0 0.596875 0.5517578125 0.040625 0.048828125
0 0.3984375 0.4638671875 0.040625 0.048828125
0 0.55390625 0.544921875 0.0390625 0.046875
0 0.634375 0.330078125 0.040625 0.05078125
0 0.4828125 0.703125 0.040625 0.05078125
0 0.33671875 0.568359375 0.0390625 0.05078125
0 0.296875 0.5625 0.040625 0.046875
0 0.3765625 0.3525390625 0.0375 0.048828125
0 0.57890625 0.1552734375 0.0390625 0.048828125
0 0.5296875 0.205078125 0.040625 0.05078125
0 0.5859375 0.6064453125 0.040625 0.048828125
0 0.59296875 0.3251953125 0.0390625 0.048828125
0 0.52421875 0.7099609375 0.0390625 0.048828125
0 0.509375 0.3154296875 0.040625 0.048828125
0 0.6140625 0.439453125 0.040625 0.05078125
0 0.325 0.3994140625 0.040625 0.048828125
0 0.4078125 0.412109375 0.040625 0.05078125
0 0.48984375 0.423828125 0.0390625 0.046875
0 0.3171875 0.6796875 0.03125 0.046875
0 0.48125 0.478515625 0.040625 0.046875
0 0.45 0.640625 0.040625 0.05078125
0 0.5421875 0.375 0.040625 0.05078125
0 0.39453125 0.2431640625 0.0390625 0.048828125
0 0.365625 0.404296875 0.040625 0.05078125
0 0.28671875 0.6171875 0.0390625 0.046875
0 0.496875 0.1455078125 0.040625 0.048828125
0 0.4765625 0.25390625 0.040625 0.046875
0 0.4265625 0.302734375 0.040625 0.05078125
0 0.625 0.384765625 0.040625 0.05078125
0 0.534375 0.654296875 0.0375 0.046875
0 0.3640625 0.18359375 0.040625 0.046875
0 0.5609375 0.265625 0.0375 0.05078125
0 0.42890625 0.5263671875 0.0390625 0.048828125
0 0.39921875 0.6904296875 0.0390625 0.048828125
0 0.44453125 0.1953125 0.0390625 0.05078125
0 0.346875 0.513671875 0.040625 0.05078125
0 0.3453125 0.29296875 0.040625 0.05078125
0 0.64296875 0.275390625 0.0390625 0.05078125
0 0.5640625 0.4892578125 0.040625 0.048828125
