0 0.36875 0.5146484375 0.05 0.056640625
0 0.4421875 0.3486328125 0.05 0.056640625
0 0.83359375 0.7392578125 0.0484375 0.056640625
0 0.3890625 0.654296875 0.05 0.0546875
0 0.42734375 0.5693359375 0.0515625 0.056640625
0 0.64765625 0.4375 0.0484375 0.0546875
0 0.3578125 0.443359375 0.05 0.0546875
0 0.40625 0.4296875 0.05 0.0546875
0 0.80390625 0.255859375 0.0484375 0.0546875
0 0.7796875 0.6845703125 0.05 0.056640625
0 0.62578125 0.3017578125 0.0515625 0.056640625
0 0.70390625 0.4921875 0.0515625 0.0546875
0 0.68203125 0.3583984375 0.0484375 0.056640625
0 0.46328125 0.48828125 0.0515625 0.0546875
0 0.5796875 0.3115234375 0.05 0.056640625
0 0.39375 0.361328125 0.05 0.05859375
0 0.68203125 0.642578125 0.0484375 0.05859375
0 0.53671875 0.326171875 0.0484375 0.0546875
0 0.6703125 0.576171875 0.05 0.0546875
0 0.54375 0.68359375 0.05 0.0546875
0 0.41171875 0.7939453125 0.0484375 0.056640625
0 0.52109375 0.544921875 0.0484375 0.0546875
0 0.74609375 0.765625 0.0515625 0.0546875
0 0.7375 0.4130859375 0.05 0.056640625
0 0.81171875 0.603515625 0.0515625 0.05859375
0 0.61328125 0.51953125 0.0515625 0.0546875
0 0.634375 0.6552734375 0.05 0.056640625
0 0.72578125 0.34765625 0.0484375 0.0546875
0 0.48515625 0.626953125 0.0484375 0.05859375
0 0.58984375 0.6689453125 0.0515625 0.056640625
0 0.5921875 0.3828125 0.05 0.0546875
0 0.69296875 0.4267578125 0.0484375 0.056640625
0 0.46953125 0.849609375 0.0515625 0.0546875
0 0.38046875 0.583984375 0.0484375 0.0546875
0 0.82421875 0.388671875 0.0515625 0.0546875
0 0.47578125 0.5595703125 0.0515625 0.056640625
0 0.496875 0.6953125 0.05 0.0546875
0 0.48984375 0.3359375 0.0484375 0.0546875
0 0.44921875 0.708984375 0.0484375 0.0546875
0 0.42109375 0.8642578125 0.0515625 0.056640625
0 0.41796875 0.501953125 0.0484375 0.05859375
0 0.71328125 0.5615234375 0.0484375 0.056640625
0 0.60390625 0.4501953125 0.0484375 0.056640625
0 0.53203125 0.6142578125 0.0484375 0.056640625
0 0.509375 0.4755859375 0.05 0.056640625
0 0.57734375 0.6005859375 0.0515625 0.056640625
0 0.76015625 0.265625 0.0484375 0.0546875
0 0.56328125 0.8193359375 0.0484375 0.056640625
0 0.72421875 0.62890625 0.0484375 0.0546875
0 0.7703125 0.3330078125 0.05 0.056640625
0 0.7921875 0.4677734375 0.05 0.056640625
0 0.6234375 0.5859375 0.05 0.0546875
0 0.68984375 0.7099609375 0.0484375 0.056640625
0 0.7375 0.7001953125 0.05 0.056640625
0 0.65546875 0.7939453125 0.0515625 0.056640625
0 0.43828125 0.640625 0.0515625 0.0546875
0 0.82421875 0.671875 0.0515625 0.0546875
0 0.55625 0.462890625 0.05 0.05859375
0 0.5171875 0.8349609375 0.05 0.056640625
0 0.61015625 0.806640625 0.0484375 0.05859375
0 0.56796875 0.53125 0.0484375 0.0546875
0 0.86875 0.658203125 0.05 0.05859375
0 0.34609375 0.373046875 0.0484375 0.0546875
0 0.45234375 0.4189453125 0.0484375 0.056640625
0 0.78203125 0.40234375 0.0515625 0.0546875
0 0.63671875 0.369140625 0.0484375 0.05859375
0 0.40234375 0.7236328125 0.0515625 0.056640625
0 0.671875 0.2890625 0.05 0.0546875
0 0.459375 0.7802734375 0.05 0.056640625
0 0.6578125 0.5068359375 0.05 0.056640625
0 0.7484375 0.482421875 0.05 0.0546875
0 0.81328125 0.322265625 0.0515625 0.05859375
0 0.71796875 0.2783203125 0.0484375 0.056640625
0 0.85546875 0.5908203125 0.0515625 0.056640625
0 0.7015625 0.779296875 0.05 0.0546875
0 0.49921875 0.4052734375 0.0515625 0.056640625
0 0.75703125 0.548828125 0.0484375 0.05859375
0 0.84609375 0.525390625 0.0484375 0.05859375
0 0.50546875 0.7646484375 0.0515625 0.056640625
0 0.76796875 0.6171875 0.0484375 0.0546875
0 0.83515625 0.45703125 0.0484375 0.0546875
0 0.64609375 0.724609375 0.0484375 0.0546875
0 0.790625 0.751953125 0.05 0.05859375
0 0.5453125 0.39453125 0.05 0.0546875
0 0.55390625 0.75 0.0515625 0.0546875
0 0.59921875 0.73828125 0.0484375 0.0546875
0 0.87734375 0.7255859375 0.0484375 0.056640625
0 0.80234375 0.537109375 0.0484375 0.0546875
