0 0.6375 0.82421875 0.046875 0.05078125
0 0.60546875 0.90625 0.0453125 0.05078125
0 0.7109375 0.85546875 0.046875 0.05078125
0 0.575 0.318359375 0.046875 0.05078125
0 0.815625 0.8076171875 0.046875 0.048828125
0 0.8265625 0.669921875 0.046875 0.05078125
0 0.75234375 0.6376953125 0.0453125 0.048828125
0 0.6484375 0.685546875 0.046875 0.05078125
0 0.66875 0.7421875 0.046875 0.05078125
0 0.7203125 0.7177734375 0.046875 0.048828125
0 0.784375 0.8896484375 0.046875 0.048828125
0 0.74375 0.7763671875 0.046875 0.048828125
0 0.6796875 0.603515625 0.046875 0.05078125
0 0.66875 0.408203125 0.046875 0.05078125
0 0.5734375 0.65234375 0.046875 0.05078125
0 0.7546875 0.3017578125 0.046875 0.048828125
0 0.4578125 0.505859375 0.046875 0.05078125
0 0.775 0.3603515625 0.046875 0.048828125
0 0.48984375 0.423828125 0.0453125 0.05078125
0 0.7875 0.2197265625 0.046875 0.048828125
0 0.59609375 0.3759765625 0.0453125 0.048828125
0 0.7953125 0.751953125 0.046875 0.05078125
0 0.82890625 0.3359375 0.0453125 0.05078125
0 0.70234375 0.326171875 0.0453125 0.05078125
0 0.60546875 0.572265625 0.0453125 0.05078125
0 0.6796875 0.26953125 0.046875 0.05078125
0 0.5640625 0.7919921875 0.046875 0.048828125
0 0.59375 0.7099609375 0.046875 0.048828125
0 0.85859375 0.58984375 0.0453125 0.05078125
0 0.61640625 0.765625 0.0453125 0.05078125
0 0.5640625 0.4580078125 0.046875 0.048828125
0 0.890625 0.841796875 0.046875 0.05078125
0 0.6484375 0.3515625 0.046875 0.05078125
0 0.5421875 0.734375 0.046875 0.05078125
0 0.5015625 0.6201171875 0.046875 0.048828125
0 0.46953125 0.3662109375 0.0453125 0.048828125
0 0.5328125 0.5380859375 0.046875 0.048828125
0 0.7109375 0.5234375 0.046875 0.05078125
0 0.784375 0.5556640625 0.046875 0.048828125
0 0.8171875 0.4736328125 0.046875 0.048828125
0 0.6796875 0.9375 0.046875 0.05078125
0 0.6375 0.490234375 0.046875 0.05078125
0 0.84921875 0.39453125 0.0453125 0.05078125
0 0.846875 0.728515625 0.046875 0.05078125
0 0.72265625 0.3837890625 0.0453125 0.048828125
0 0.521875 0.67578125 0.046875 0.05078125
0 0.7953125 0.41796875 0.046875 0.05078125
0 0.54375 0.400390625 0.046875 0.05078125
0 0.5125 0.482421875 0.046875 0.05078125
0 0.61640625 0.431640625 0.0453125 0.05078125
0 0.8078125 0.2783203125 0.046875 0.048828125
0 0.8703125 0.7841796875 0.046875 0.048828125
0 0.7734375 0.6943359375 0.046875 0.048828125
0 0.7 0.662109375 0.046875 0.05078125
0 0.6890625 0.7998046875 0.046875 0.048828125
0 0.628125 0.2939453125 0.046875 0.048828125
0 0.521875 0.341796875 0.046875 0.05078125
0 0.74375 0.4423828125 0.046875 0.048828125
0 0.62578125 0.6279296875 0.0453125 0.048828125
0 0.4375 0.4482421875 0.046875 0.048828125
0 0.8796875 0.646484375 0.046875 0.05078125
0 0.584375 0.513671875 0.046875 0.05078125
0 0.890625 0.5078125 0.046875 0.05078125
0 0.9015625 0.7041015625 0.046875 0.048828125
0 0.4171875 0.3896484375 0.046875 0.048828125
0 0.7640625 0.498046875 0.046875 0.05078125
0 0.73203125 0.580078125 0.0453125 0.05078125
0 0.553125 0.595703125 0.046875 0.05078125
0 0.83828125 0.8662109375 0.0453125 0.048828125
0 0.7640625 0.83203125 0.046875 0.05078125
0 0.73203125 0.9140625 0.0453125 0.05078125
0 0.690625 0.4658203125 0.046875 0.048828125
0 0.83828125 0.5322265625 0.0453125 0.048828125
0 0.9125 0.564453125 0.046875 0.05078125
0 0.80625 0.6142578125 0.046875 0.048828125
0 0.478125 0.5625 0.046875 0.05078125
0 0.6578125 0.5478515625 0.046875 0.048828125
0 0.8703125 0.4501953125 0.046875 0.048828125
0 0.734375 0.24609375 0.046875 0.05078125
0 0.6578125 0.8818359375 0.046875 0.048828125
0 0.628125 0.9619140625 0.046875 0.048828125
0 0.584375 0.84765625 0.046875 0.05078125
0 0.921875 0.759765625 0.046875 0.05078125
0 0.93359375 0.6220703125 0.0296875 0.048828125
