0 0.48828125 0.5244140625 0.0421875 0.048828125
0 0.4 0.521484375 0.040625 0.05078125
0 0.3546875 0.2919921875 0.040625 0.048828125
0 0.44296875 0.2919921875 0.0421875 0.048828125
0 0.31171875 0.5205078125 0.0390625 0.048828125
0 0.66484375 0.2353515625 0.0390625 0.048828125
0 0.575 0.3525390625 0.040625 0.052734375
0 0.3546875 0.234375 0.040625 0.05078125
0 0.53203125 0.525390625 0.0421875 0.05078125
0 0.48671875 0.29296875 0.0421875 0.05078125
0 0.71015625 0.2939453125 0.0390625 0.048828125
0 0.57578125 0.2939453125 0.0390625 0.048828125
0 0.53046875 0.29296875 0.0390625 0.05078125
0 0.4 0.5810546875 0.040625 0.048828125
0 0.57578125 0.4111328125 0.0390625 0.052734375
0 0.39765625 0.29296875 0.0421875 0.05078125
0 0.621875 0.5869140625 0.040625 0.052734375
0 0.57578125 0.525390625 0.0390625 0.05078125
0 0.44296875 0.5244140625 0.0421875 0.048828125
0 0.66640625 0.5869140625 0.0390625 0.052734375
0 0.26796875 0.3486328125 0.0421875 0.048828125
0 0.35546875 0.4072265625 0.0390625 0.048828125
0 0.6203125 0.3525390625 0.040625 0.052734375
0 0.3546875 0.349609375 0.040625 0.05078125
0 0.4875 0.349609375 0.040625 0.05078125
0 0.575 0.2373046875 0.040625 0.052734375
0 0.61953125 0.2939453125 0.0390625 0.048828125
0 0.27109375 0.5205078125 0.0390625 0.048828125
0 0.4875 0.58203125 0.040625 0.05078125
0 0.4421875 0.234375 0.040625 0.05078125
0 0.575 0.4697265625 0.040625 0.052734375
0 0.665625 0.2958984375 0.040625 0.052734375
0 0.44453125 0.58203125 0.0390625 0.05078125
0 0.5328125 0.5830078125 0.040625 0.048828125
0 0.31015625 0.291015625 0.0390625 0.05078125
0 0.62109375 0.64453125 0.0390625 0.05078125
0 0.62109375 0.5263671875 0.0390625 0.048828125
0 0.35546875 0.5234375 0.0390625 0.05078125
0 0.4421875 0.3525390625 0.040625 0.052734375
0 0.48515625 0.234375 0.0390625 0.05078125
0 0.31328125 0.580078125 0.0421875 0.05078125
0 0.66484375 0.353515625 0.0390625 0.05078125
0 0.26640625 0.291015625 0.0390625 0.05078125
0 0.39921875 0.3505859375 0.0390625 0.048828125
0 0.7109375 0.4716796875 0.040625 0.048828125
0 0.31171875 0.6357421875 0.0390625 0.052734375
0 0.5765625 0.5849609375 0.040625 0.048828125
0 0.40078125 0.638671875 0.0390625 0.05078125
0 0.4875 0.466796875 0.040625 0.05078125
0 0.7109375 0.4140625 0.040625 0.05078125
0 0.621875 0.4697265625 0.040625 0.052734375
0 0.35625 0.5791015625 0.040625 0.048828125
0 0.26953125 0.40625 0.0390625 0.05078125
0 0.53203125 0.6435546875 0.0421875 0.052734375
0 0.48828125 0.4091796875 0.0421875 0.048828125
0 0.3109375 0.349609375 0.040625 0.05078125
0 0.44296875 0.408203125 0.0421875 0.05078125
0 0.53046875 0.3505859375 0.0390625 0.048828125
0 0.71171875 0.5888671875 0.0390625 0.048828125
0 0.4 0.408203125 0.040625 0.05078125
0 0.5296875 0.2353515625 0.040625 0.048828125
0 0.665625 0.5283203125 0.040625 0.052734375
0 0.31328125 0.462890625 0.0421875 0.05078125
0 0.4 0.4658203125 0.040625 0.048828125
0 0.39765625 0.2333984375 0.0421875 0.048828125
0 0.71015625 0.3544921875 0.0390625 0.052734375
0 0.31171875 0.4072265625 0.0390625 0.048828125
0 0.7109375 0.53125 0.040625 0.05078125
0 0.6671875 0.6455078125 0.040625 0.052734375
0 0.265625 0.2333984375 0.040625 0.048828125
0 0.665625 0.4140625 0.040625 0.05078125
0 0.35625 0.46484375 0.040625 0.05078125
0 0.26796875 0.4638671875 0.0421875 0.048828125
0 0.66640625 0.4716796875 0.0390625 0.048828125
0 0.6203125 0.2353515625 0.040625 0.048828125
0 0.70859375 0.2373046875 0.0421875 0.052734375
0 0.44453125 0.6396484375 0.0390625 0.048828125
0 0.53203125 0.4111328125 0.0421875 0.052734375
0 0.3109375 0.234375 0.040625 0.05078125
0 0.7125 0.6484375 0.040625 0.05078125
0 0.48828125 0.640625 0.0421875 0.05078125
0 0.44453125 0.466796875 0.0390625 0.05078125
0 0.53203125 0.4677734375 0.0421875 0.048828125
0 0.2703125 0.6337890625 0.040625 0.048828125
0 0.6203125 0.4130859375 0.040625 0.048828125
0 0.2703125 0.5771484375 0.040625 0.052734375
0 0.35546875 0.638671875 0.0390625 0.05078125
0 0.5765625 0.6435546875 0.040625 0.052734375
