0 0.66171875 0.4208984375 0.0515625 0.064453125
0 0.50703125 0.513671875 0.0484375 0.0625
0 0.2515625 0.2333984375 0.05 0.060546875
0 0.4109375 0.673828125 0.05 0.0625
0 0.36171875 0.755859375 0.0484375 0.0625
0 0.553125 0.431640625 0.05 0.0625
0 0.60078125 0.3515625 0.0515625 0.0625
0 0.62265625 0.5751953125 0.0515625 0.060546875
0 0.48046875 0.8203125 0.0515625 0.0625
0 0.53046875 0.736328125 0.0515625 0.0625
0 0.27578125 0.4599609375 0.0484375 0.060546875
0 0.42109375 0.2197265625 0.0484375 0.064453125
0 0.45859375 0.59375 0.0515625 0.0625
0 0.52265625 0.662109375 0.0515625 0.0625
0 0.30078125 0.15234375 0.0484375 0.0625
0 0.475 0.744140625 0.05 0.06640625
0 0.63203125 0.6513671875 0.0484375 0.064453125
0 0.53671875 0.2841796875 0.0515625 0.064453125
0 0.37734375 0.9091796875 0.0515625 0.064453125
0 0.26015625 0.3095703125 0.0515625 0.064453125
0 0.39453125 0.5234375 0.0515625 0.06640625
0 0.37265625 0.298828125 0.0515625 0.0625
0 0.59140625 0.806640625 0.0515625 0.06640625
0 0.6390625 0.7255859375 0.05 0.064453125
0 0.38671875 0.44921875 0.0484375 0.06640625
0 0.32265625 0.37890625 0.0484375 0.0625
0 0.71171875 0.8720703125 0.0515625 0.064453125
0 0.34765625 0.6044921875 0.0484375 0.064453125
0 0.35390625 0.6806640625 0.0515625 0.060546875
0 0.30859375 0.228515625 0.0515625 0.06640625
0 0.58515625 0.2041015625 0.0484375 0.064453125
0 0.33984375 0.5302734375 0.0484375 0.064453125
0 0.61640625 0.501953125 0.0515625 0.06640625
0 0.5140625 0.5859375 0.05 0.06640625
0 0.6328125 0.123046875 0.05 0.06640625
0 0.46640625 0.669921875 0.0515625 0.06640625
0 0.575 0.65625 0.05 0.0625
0 0.54609375 0.357421875 0.0484375 0.0625
0 0.42421875 0.8251953125 0.0515625 0.064453125
0 0.26796875 0.3837890625 0.0515625 0.064453125
0 0.67109375 0.494140625 0.0484375 0.0625
0 0.44296875 0.443359375 0.0484375 0.06640625
0 0.4328125 0.9033203125 0.05 0.064453125
0 0.37890625 0.373046875 0.0484375 0.0625
0 0.64609375 0.2734375 0.0484375 0.0625
0 0.4671875 0.138671875 0.05 0.06640625
0 0.54609375 0.890625 0.0484375 0.06640625
0 0.48828125 0.89453125 0.0515625 0.0625
0 0.31484375 0.83984375 0.0515625 0.0625
0 0.36953125 0.8330078125 0.0484375 0.060546875
0 0.59296875 0.2783203125 0.0515625 0.064453125
0 0.42734375 0.29296875 0.0515625 0.0625
0 0.678125 0.5703125 0.05 0.06640625
0 0.58359375 0.7314453125 0.0515625 0.064453125
0 0.53046875 0.208984375 0.0515625 0.0625
0 0.57578125 0.126953125 0.0515625 0.0625
0 0.68671875 0.6455078125 0.0515625 0.064453125
0 0.56171875 0.5087890625 0.0515625 0.064453125
0 0.40234375 0.599609375 0.0515625 0.0625
0 0.35703125 0.1474609375 0.0484375 0.064453125
0 0.48984375 0.3623046875 0.0484375 0.064453125
0 0.2921875 0.6103515625 0.05 0.064453125
0 0.6 0.8828125 0.05 0.0625
0 0.56796875 0.58203125 0.0484375 0.0625
0 0.33203125 0.453125 0.0515625 0.0625
0 0.49765625 0.4384765625 0.0515625 0.060546875
0 0.43359375 0.3681640625 0.0515625 0.064453125
0 0.41171875 0.14453125 0.0515625 0.06640625
0 0.70234375 0.794921875 0.0484375 0.0625
0 0.4171875 0.7509765625 0.05 0.064453125
0 0.64765625 0.8017578125 0.0515625 0.060546875
0 0.60703125 0.427734375 0.0484375 0.06640625
0 0.32109375 0.9169921875 0.0515625 0.060546875
0 0.24609375 0.158203125 0.0515625 0.0625
0 0.2984375 0.6884765625 0.05 0.064453125
0 0.30546875 0.7626953125 0.0484375 0.064453125
0 0.48203125 0.2880859375 0.0484375 0.064453125
0 0.52109375 0.1337890625 0.0484375 0.060546875
0 0.65546875 0.3466796875 0.0515625 0.064453125
0 0.315625 0.3037109375 0.05 0.064453125
0 0.36484375 0.22265625 0.0484375 0.06640625
0 0.65546875 0.876953125 0.0515625 0.0625
0 0.28359375 0.53515625 0.0484375 0.0625
0 0.47578125 0.21484375 0.0515625 0.0625
0 0.45 0.51953125 0.05 0.0625
0 0.6953125 0.720703125 0.05 0.0625
0 0.5359375 0.814453125 0.05 0.0625
0 0.63984375 0.197265625 0.0515625 0.06640625
