0 0.57421875 0.7216796875 0.0390625 0.048828125
0 0.70703125 0.5498046875 0.0390625 0.048828125
0 0.52578125 0.5556640625 0.0390625 0.048828125
0 0.61328125 0.4404296875 0.0390625 0.048828125
0 0.47890625 0.5009765625 0.0390625 0.048828125
0 0.75078125 0.4912109375 0.0390625 0.048828125
0 0.80078125 0.6591796875 0.0390625 0.048828125
0 0.70546875 0.4365234375 0.0390625 0.048828125
0 0.74921875 0.3779296875 0.0390625 0.048828125
0 0.66171875 0.5498046875 0.0390625 0.048828125
0 0.52578125 0.6103515625 0.0390625 0.048828125
0 0.52265625 0.4423828125 0.0390625 0.048828125
0 0.61171875 0.3271484375 0.0390625 0.048828125
0 0.84296875 0.4873046875 0.0390625 0.048828125
0 0.61640625 0.5517578125 0.0390625 0.048828125
0 0.75234375 0.5478515625 0.0390625 0.048828125
0 0.84140625 0.3740234375 0.0390625 0.048828125
0 0.66484375 0.7177734375 0.0390625 0.048828125
0 0.66015625 0.4951171875 0.0390625 0.048828125
0 0.66171875 0.6064453125 0.0390625 0.048828125
0 0.88828125 0.3720703125 0.0390625 0.048828125
0 0.52421875 0.4990234375 0.0390625 0.048828125
0 0.48203125 0.6123046875 0.0390625 0.048828125
0 0.57265625 0.6650390625 0.0390625 0.048828125
0 0.61328125 0.3837890625 0.0390625 0.048828125
0 0.56796875 0.4404296875 0.0390625 0.048828125
0 0.52890625 0.7216796875 0.0390625 0.048828125
0 0.75078125 0.4345703125 0.0390625 0.048828125
0 0.66328125 0.6630859375 0.0390625 0.048828125
0 0.52109375 0.3310546875 0.0390625 0.048828125
0 0.43359375 0.5029296875 0.0390625 0.048828125
0 0.79765625 0.5458984375 0.0390625 0.048828125
0 0.79921875 0.6025390625 0.0390625 0.048828125
0 0.57109375 0.6083984375 0.0390625 0.048828125
0 0.88984375 0.4853515625 0.0390625 0.048828125
0 0.80078125 0.7158203125 0.0390625 0.048828125
0 0.75390625 0.6591796875 0.0390625 0.048828125
0 0.70390625 0.3798828125 0.0390625 0.048828125
0 0.61484375 0.4951171875 0.0390625 0.048828125
0 0.61953125 0.7197265625 0.0390625 0.048828125
0 0.89296875 0.6572265625 0.0390625 0.048828125
0 0.47734375 0.4443359375 0.0390625 0.048828125
0 0.47578125 0.3330078125 0.0390625 0.048828125
0 0.43671875 0.6142578125 0.0390625 0.048828125
0 0.48359375 0.7236328125 0.0390625 0.048828125
0 0.65859375 0.4384765625 0.0390625 0.048828125
0 0.43515625 0.5576171875 0.0390625 0.048828125
0 0.56640625 0.3291015625 0.0390625 0.048828125
0 0.56953125 0.4970703125 0.0390625 0.048828125
0 0.75546875 0.7158203125 0.0390625 0.048828125
0 0.88828125 0.4306640625 0.0390625 0.048828125
0 0.88828125 0.3154296875 0.0390625 0.048828125
0 0.43828125 0.7255859375 0.0390625 0.048828125
0 0.43828125 0.6689453125 0.0390625 0.048828125
0 0.61640625 0.6083984375 0.0390625 0.048828125
0 0.43203125 0.3896484375 0.0390625 0.048828125
0 0.84609375 0.6572265625 0.0390625 0.048828125
0 0.52734375 0.6669921875 0.0390625 0.048828125
0 0.84140625 0.3173828125 0.0390625 0.048828125
0 0.89140625 0.5986328125 0.0390625 0.048828125
0 0.47734375 0.3876953125 0.0390625 0.048828125
0 0.70859375 0.6611328125 0.0390625 0.048828125
0 0.57109375 0.5537109375 0.0390625 0.048828125
0 0.79609375 0.3759765625 0.0390625 0.048828125
0 0.52109375 0.3857421875 0.0390625 0.048828125
0 0.74921875 0.3212890625 0.0390625 0.048828125
0 0.79609375 0.4326171875 0.0390625 0.048828125
0 0.79765625 0.4892578125 0.0390625 0.048828125
0 0.70546875 0.4931640625 0.0390625 0.048828125
0 0.75390625 0.6044921875 0.0390625 0.048828125
0 0.71015625 0.7177734375 0.0390625 0.048828125
0 0.61796875 0.6630859375 0.0390625 0.048828125
0 0.88984375 0.5439453125 0.0390625 0.048828125
0 0.43046875 0.3330078125 0.0390625 0.048828125
0 0.56796875 0.3857421875 0.0390625 0.048828125
0 0.48359375 0.6689453125 0.0390625 0.048828125
0 0.48046875 0.5576171875 0.0390625 0.048828125
0 0.65703125 0.3251953125 0.0390625 0.048828125
0 0.65859375 0.3818359375 0.0390625 0.048828125
0 0.70390625 0.3232421875 0.0390625 0.048828125
0 0.84765625 0.7138671875 0.0390625 0.048828125
0 0.84453125 0.5439453125 0.0390625 0.048828125
0 0.43203125 0.4462890625 0.0390625 0.048828125
0 0.84453125 0.6005859375 0.0390625 0.048828125
0 0.70703125 0.6044921875 0.0390625 0.048828125
0 0.84296875 0.4306640625 0.0390625 0.048828125
0 0.79453125 0.3193359375 0.0390625 0.048828125
0 0.89296875 0.7138671875 0.0390625 0.048828125
