0 0.51484375 0.6103515625 0.0390625 0.048828125
0 0.61171875 0.5908203125 0.0390625 0.048828125
0 0.75078125 0.5009765625 0.0390625 0.048828125
0 0.67734375 0.3251953125 0.0390625 0.048828125
0 0.42578125 0.3095703125 0.0390625 0.048828125
0 0.58828125 0.4052734375 0.0390625 0.048828125
0 0.32734375 0.3291015625 0.0390625 0.048828125
0 0.22734375 0.3466796875 0.0390625 0.048828125
0 0.37421875 0.7001953125 0.0390625 0.048828125
0 0.35078125 0.5146484375 0.0390625 0.048828125
0 0.65390625 0.5205078125 0.0390625 0.048828125
0 0.34296875 0.4521484375 0.0390625 0.048828125
0 0.56484375 0.2216796875 0.0390625 0.048828125
0 0.72578125 0.3154296875 0.0390625 0.048828125
0 0.49921875 0.4853515625 0.0390625 0.048828125
0 0.40078125 0.5048828125 0.0390625 0.048828125
0 0.41640625 0.6298828125 0.0390625 0.048828125
0 0.58046875 0.3447265625 0.0390625 0.048828125
0 0.33515625 0.3916015625 0.0390625 0.048828125
0 0.44921875 0.4951171875 0.0390625 0.048828125
0 0.275 0.7216796875 0.0375 0.048828125
0 0.53984375 0.4150390625 0.0390625 0.048828125
0 0.68515625 0.3876953125 0.0390625 0.048828125
0 0.52265625 0.6728515625 0.0390625 0.048828125
0 0.66171875 0.5810546875 0.0390625 0.048828125
0 0.37734375 0.3193359375 0.0390625 0.048828125
0 0.73359375 0.3779296875 0.0390625 0.048828125
0 0.46640625 0.2392578125 0.0390625 0.048828125
0 0.47421875 0.3017578125 0.0390625 0.048828125
0 0.56328125 0.6005859375 0.0390625 0.048828125
0 0.66171875 0.2021484375 0.0390625 0.048828125
0 0.42421875 0.6904296875 0.0390625 0.048828125
0 0.30234375 0.5244140625 0.0390625 0.048828125
0 0.63671875 0.3955078125 0.0390625 0.048828125
0 0.48984375 0.4248046875 0.0390625 0.048828125
0 0.44140625 0.4345703125 0.0390625 0.048828125
0 0.52421875 0.2919921875 0.0390625 0.048828125
0 0.50703125 0.5478515625 0.0390625 0.048828125
0 0.76796875 0.6259765625 0.0390625 0.048828125
0 0.25234375 0.5341796875 0.0390625 0.048828125
0 0.35859375 0.5771484375 0.0390625 0.048828125
0 0.66953125 0.6435546875 0.0390625 0.048828125
0 0.26015625 0.5966796875 0.0390625 0.048828125
0 0.32421875 0.7099609375 0.0390625 0.048828125
0 0.59609375 0.4677734375 0.0390625 0.048828125
0 0.31796875 0.6494140625 0.0390625 0.048828125
0 0.61328125 0.2119140625 0.0390625 0.048828125
0 0.70234375 0.5107421875 0.0390625 0.048828125
0 0.28515625 0.3994140625 0.0390625 0.048828125
0 0.23671875 0.4091796875 0.0390625 0.048828125
0 0.55546875 0.5380859375 0.0390625 0.048828125
0 0.57265625 0.2822265625 0.0390625 0.048828125
0 0.48203125 0.3623046875 0.0390625 0.048828125
0 0.47421875 0.6806640625 0.0390625 0.048828125
0 0.75859375 0.5634765625 0.0390625 0.048828125
0 0.66953125 0.2646484375 0.0390625 0.048828125
0 0.26796875 0.6591796875 0.0390625 0.048828125
0 0.43359375 0.3720703125 0.0390625 0.048828125
0 0.54765625 0.4755859375 0.0390625 0.048828125
0 0.71796875 0.2548828125 0.0390625 0.048828125
0 0.24453125 0.4716796875 0.0390625 0.048828125
0 0.36640625 0.6396484375 0.0390625 0.048828125
0 0.74296875 0.4384765625 0.0390625 0.048828125
0 0.30859375 0.5869140625 0.0390625 0.048828125
0 0.69296875 0.4482421875 0.0390625 0.048828125
0 0.46484375 0.6201171875 0.0390625 0.048828125
0 0.51484375 0.2314453125 0.0390625 0.048828125
0 0.27734375 0.3388671875 0.0390625 0.048828125
0 0.60390625 0.5283203125 0.0390625 0.048828125
0 0.62109375 0.6533203125 0.0390625 0.048828125
0 0.38515625 0.3818359375 0.0390625 0.048828125
0 0.40859375 0.5673828125 0.0390625 0.048828125
0 0.57109375 0.6630859375 0.0390625 0.048828125
0 0.71171875 0.5712890625 0.0390625 0.048828125
0 0.62890625 0.3349609375 0.0390625 0.048828125
0 0.41796875 0.2490234375 0.0390625 0.048828125
0 0.21953125 0.2861328125 0.0390625 0.048828125
0 0.64453125 0.4580078125 0.0390625 0.048828125
0 0.71015625 0.1943359375 0.0390625 0.048828125
0 0.36796875 0.2587890625 0.0390625 0.048828125
0 0.31953125 0.2666015625 0.0390625 0.048828125
0 0.39296875 0.4423828125 0.0390625 0.048828125
0 0.45703125 0.5576171875 0.0390625 0.048828125
0 0.62109375 0.2724609375 0.0390625 0.048828125
0 0.26953125 0.2763671875 0.0390625 0.048828125
0 0.53046875 0.3544921875 0.0390625 0.048828125
0 0.71796875 0.6337890625 0.0390625 0.048828125
0 0.29453125 0.4619140625 0.0390625 0.048828125
