0 0.67734375 0.5244140625 0.0390625 0.048828125
0 0.48359375 0.7119140625 0.0390625 0.048828125
0 0.37734375 0.7412109375 0.0390625 0.048828125
0 0.65546875 0.3935546875 0.0390625 0.048828125
0 0.24921875 0.6396484375 0.0390625 0.048828125
0 0.49296875 0.6279296875 0.0390625 0.048828125
0 0.51484375 0.7587890625 0.0390625 0.048828125
0 0.28828125 0.6025390625 0.0390625 0.048828125
0 0.39609375 0.8740234375 0.0390625 0.048828125
0 0.40703125 0.7880859375 0.0390625 0.048828125
0 0.62578125 0.3486328125 0.0390625 0.048828125
0 0.56171875 0.6376953125 0.0390625 0.048828125
0 0.63359375 0.2666015625 0.0390625 0.048828125
0 0.33671875 0.7802734375 0.0390625 0.048828125
0 0.71640625 0.4853515625 0.0390625 0.048828125
0 0.35703125 0.6103515625 0.0390625 0.048828125
0 0.43671875 0.8349609375 0.0390625 0.048828125
0 0.39609375 0.5732421875 0.0390625 0.048828125
0 0.60078125 0.5986328125 0.0390625 0.048828125
0 0.33671875 0.4814453125 0.0390625 0.048828125
0 0.25859375 0.5556640625 0.0390625 0.048828125
0 0.51171875 0.4619140625 0.0390625 0.048828125
0 0.44609375 0.7509765625 0.0390625 0.048828125
0 0.38671875 0.6572265625 0.0390625 0.048828125
0 0.42265625 0.3232421875 0.0390625 0.048828125
0 0.48984375 0.3330078125 0.0390625 0.048828125
0 0.51953125 0.3779296875 0.0390625 0.048828125
0 0.60859375 0.5146484375 0.0390625 0.048828125
0 0.54140625 0.5068359375 0.0390625 0.048828125
0 0.42578125 0.6201171875 0.0390625 0.048828125
0 0.55859375 0.3408203125 0.0390625 0.048828125
0 0.58828125 0.3857421875 0.0390625 0.048828125
0 0.64765625 0.4775390625 0.0390625 0.048828125
0 0.69453125 0.3564453125 0.0390625 0.048828125
0 0.37578125 0.4443359375 0.0390625 0.048828125
0 0.57421875 0.1748046875 0.0390625 0.048828125
0 0.56640625 0.2568359375 0.0390625 0.048828125
0 0.53671875 0.2119140625 0.0390625 0.048828125
0 0.22890625 0.5107421875 0.0390625 0.048828125
0 0.57109375 0.5537109375 0.0390625 0.048828125
0 0.59609375 0.3037109375 0.0390625 0.048828125
0 0.47265625 0.4990234375 0.0390625 0.048828125
0 0.46484375 0.5810546875 0.0390625 0.048828125
0 0.43359375 0.5361328125 0.0390625 0.048828125
0 0.21953125 0.5947265625 0.0390625 0.048828125
0 0.53203125 0.5908203125 0.0390625 0.048828125
0 0.34453125 0.3974609375 0.0390625 0.048828125
0 0.30703125 0.4345703125 0.0390625 0.048828125
0 0.31796875 0.6494140625 0.0390625 0.048828125
0 0.78359375 0.4951171875 0.0390625 0.048828125
0 0.48203125 0.4150390625 0.0390625 0.048828125
0 0.40390625 0.4892578125 0.0390625 0.048828125
0 0.74609375 0.5322265625 0.0390625 0.048828125
0 0.34765625 0.6943359375 0.0390625 0.048828125
0 0.49765625 0.2490234375 0.0390625 0.048828125
0 0.29765625 0.5185546875 0.0390625 0.048828125
0 0.44296875 0.4521484375 0.0390625 0.048828125
0 0.41640625 0.7041015625 0.0390625 0.048828125
0 0.70703125 0.5693359375 0.0390625 0.048828125
0 0.54921875 0.4228515625 0.0390625 0.048828125
0 0.41328125 0.4072265625 0.0390625 0.048828125
0 0.63828125 0.5615234375 0.0390625 0.048828125
0 0.45234375 0.3701171875 0.0390625 0.048828125
0 0.47421875 0.7978515625 0.0390625 0.048828125
0 0.68515625 0.4404296875 0.0390625 0.048828125
0 0.18984375 0.5478515625 0.0390625 0.048828125
0 0.63046875 0.6455078125 0.0390625 0.048828125
0 0.27890625 0.6865234375 0.0390625 0.048828125
0 0.52265625 0.6748046875 0.0390625 0.048828125
0 0.32734375 0.5654296875 0.0390625 0.048828125
0 0.26796875 0.4736328125 0.0390625 0.048828125
0 0.75390625 0.4482421875 0.0390625 0.048828125
0 0.36640625 0.8271484375 0.0390625 0.048828125
0 0.72421875 0.4033203125 0.0390625 0.048828125
0 0.46015625 0.2861328125 0.0390625 0.048828125
0 0.61796875 0.4326171875 0.0390625 0.048828125
0 0.66953125 0.6083984375 0.0390625 0.048828125
0 0.36640625 0.5263671875 0.0390625 0.048828125
0 0.57890625 0.4697265625 0.0390625 0.048828125
0 0.38359375 0.3603515625 0.0390625 0.048828125
0 0.30859375 0.7333984375 0.0390625 0.048828125
0 0.45546875 0.6650390625 0.0390625 0.048828125
0 0.59140625 0.6826171875 0.0390625 0.048828125
0 0.60390625 0.2197265625 0.0390625 0.048828125
0 0.50234375 0.5439453125 0.0390625 0.048828125
0 0.55234375 0.7216796875 0.0390625 0.048828125
0 0.52890625 0.2939453125 0.0390625 0.048828125
0 0.66484375 0.3115234375 0.0390625 0.048828125
