0 0.94453125 0.5341796875 0.0640625 0.068359375
0 0.5546875 0.2509765625 0.0625 0.068359375
0 0.415625 0.6162109375 0.065625 0.072265625
0 0.57109375 0.6005859375 0.0640625 0.068359375
0 0.578125 0.7783203125 0.0625 0.072265625
0 0.26875 0.8037109375 0.0625 0.072265625
0 0.56171875 0.4287109375 0.0640625 0.072265625
0 0.77890625 0.373046875 0.0640625 0.0703125
0 0.31875 0.5908203125 0.065625 0.072265625
0 0.40625 0.4423828125 0.065625 0.072265625
0 0.63125 0.560546875 0.0625 0.0703125
0 0.7875 0.5458984375 0.0625 0.072265625
0 0.42109375 0.7900390625 0.0640625 0.072265625
0 0.2953125 0.6962890625 0.0625 0.072265625
0 0.1296875 0.53515625 0.0625 0.0703125
0 0.875 0.3984375 0.0625 0.0703125
0 0.25 0.4541015625 0.065625 0.072265625
0 0.71171875 0.236328125 0.0640625 0.0703125
0 0.4 0.2666015625 0.0625 0.072265625
0 0.3546875 0.65625 0.065625 0.0703125
0 0.48359375 0.7490234375 0.0640625 0.068359375
0 0.465625 0.40234375 0.0625 0.0703125
0 0.53515625 0.53515625 0.0640625 0.0703125
0 0.475 0.5751953125 0.0625 0.068359375
0 0.62421875 0.38671875 0.0640625 0.0703125
0 0.64921875 0.27734375 0.0640625 0.0703125
0 0.19921875 0.6708984375 0.0640625 0.072265625
0 0.2859375 0.5205078125 0.0625 0.072265625
0 0.846875 0.5048828125 0.065625 0.072265625
0 0.6578125 0.4541015625 0.0625 0.072265625
0 0.71796875 0.412109375 0.0640625 0.0703125
0 0.5015625 0.4677734375 0.0625 0.072265625
0 0.8203125 0.615234375 0.065625 0.0703125
0 0.640625 0.736328125 0.0625 0.0703125
0 0.259375 0.630859375 0.0625 0.0703125
0 0.70078125 0.6962890625 0.0640625 0.072265625
0 0.3875 0.72265625 0.0625 0.0703125
0 0.51796875 0.8173828125 0.0640625 0.072265625
0 0.2765625 0.34765625 0.065625 0.0703125
0 0.3609375 0.830078125 0.0625 0.0703125
0 0.3375 0.9404296875 0.065625 0.072265625
0 0.328125 0.7646484375 0.065625 0.072265625
0 0.3453125 0.48046875 0.065625 0.0703125
0 0.50859375 0.6416015625 0.0640625 0.072265625
0 0.61484375 0.2109375 0.0640625 0.0703125
0 0.684375 0.3466796875 0.0625 0.068359375
0 0.7046875 0.060546875 0.065625 0.0703125
0 0.45703125 0.8583984375 0.0640625 0.072265625
0 0.75234375 0.4794921875 0.0640625 0.072265625
0 0.54453125 0.7080078125 0.0640625 0.072265625
0 0.21640625 0.3876953125 0.0640625 0.068359375
0 0.5953125 0.494140625 0.0625 0.0703125
0 0.528125 0.361328125 0.0625 0.0703125
0 0.15625 0.4287109375 0.0625 0.072265625
0 0.6046875 0.669921875 0.0625 0.0703125
0 0.80703125 0.2646484375 0.0640625 0.072265625
0 0.33671875 0.306640625 0.0640625 0.0703125
0 0.4328125 0.33203125 0.065625 0.0703125
0 0.771875 0.1953125 0.0625 0.0703125
0 0.66484375 0.6298828125 0.0640625 0.072265625
0 0.4921875 0.2919921875 0.0625 0.072265625
0 0.09609375 0.46875 0.0640625 0.0703125
0 0.678125 0.1689453125 0.065625 0.072265625
0 0.72734375 0.58984375 0.0640625 0.0703125
0 0.4390625 0.5087890625 0.0625 0.072265625
0 0.7453125 0.3056640625 0.0625 0.072265625
0 0.22578125 0.5654296875 0.0640625 0.072265625
0 0.84140625 0.3310546875 0.0640625 0.072265625
0 0.459375 0.224609375 0.065625 0.0703125
0 0.5203125 0.185546875 0.065625 0.0703125
0 0.1890625 0.4951171875 0.065625 0.072265625
0 0.44765625 0.6826171875 0.0640625 0.072265625
0 0.69140625 0.51953125 0.0640625 0.0703125
0 0.396875 0.8994140625 0.0625 0.068359375
0 0.81484375 0.4375 0.0640625 0.0703125
0 0.73828125 0.1298828125 0.0640625 0.072265625
0 0.64140625 0.1005859375 0.0640625 0.068359375
0 0.3734375 0.373046875 0.0625 0.0703125
0 0.91015625 0.4677734375 0.0640625 0.072265625
0 0.58203125 0.1435546875 0.0640625 0.072265625
0 0.58828125 0.3193359375 0.0640625 0.072265625
0 0.3015625 0.8701171875 0.065625 0.072265625
0 0.3796875 0.548828125 0.065625 0.0703125
0 0.7609375 0.6552734375 0.0625 0.072265625
0 0.165625 0.6025390625 0.0625 0.072265625
0 0.31328125 0.4130859375 0.0640625 0.068359375
0 0.23203125 0.7392578125 0.0640625 0.072265625
0 0.88359375 0.57421875 0.0640625 0.0703125
