0 0.6796875 0.322265625 0.05 0.0546875
0 0.30625 0.5556640625 0.05 0.056640625
0 0.4171875 0.51171875 0.05 0.0546875
0 0.634375 0.1904296875 0.053125 0.056640625
0 0.8046875 0.4970703125 0.05 0.056640625
0 0.73671875 0.2978515625 0.0515625 0.052734375
0 0.45859375 0.6396484375 0.0515625 0.056640625
0 0.49375 0.5517578125 0.053125 0.052734375
0 0.55546875 0.1513671875 0.0484375 0.056640625
0 0.33984375 0.46875 0.0515625 0.0546875
0 0.5375 0.6826171875 0.05 0.056640625
0 0.5734375 0.5927734375 0.05 0.052734375
0 0.2625 0.4287109375 0.05 0.056640625
0 0.6921875 0.1650390625 0.05 0.056640625
0 0.6203125 0.3486328125 0.05 0.056640625
0 0.759375 0.36328125 0.05 0.0546875
0 0.50625 0.3974609375 0.05 0.056640625
0 0.6296875 0.5693359375 0.05 0.056640625
0 0.8640625 0.4716796875 0.05 0.056640625
0 0.24375 0.3642578125 0.05 0.056640625
0 0.8171875 0.337890625 0.05 0.0546875
0 0.38125 0.5986328125 0.05 0.056640625
0 0.4296875 0.3544921875 0.05 0.052734375
0 0.40234375 0.6630859375 0.0515625 0.052734375
0 0.721875 0.4541015625 0.05 0.056640625
0 0.5875 0.435546875 0.05 0.0546875
0 0.76796875 0.5869140625 0.0484375 0.052734375
0 0.39609375 0.4453125 0.0515625 0.05859375
0 0.5984375 0.279296875 0.05 0.0546875
0 0.3515625 0.3154296875 0.05 0.056640625
0 0.22890625 0.515625 0.0515625 0.05859375
0 0.4734375 0.4853515625 0.05 0.056640625
0 0.4640625 0.265625 0.05 0.0546875
0 0.5296875 0.4619140625 0.05 0.056640625
0 0.18671875 0.3876953125 0.0484375 0.056640625
0 0.31875 0.4052734375 0.05 0.056640625
0 0.715625 0.2294921875 0.05 0.056640625
0 0.425 0.7314453125 0.05 0.056640625
0 0.375 0.37890625 0.05 0.0546875
0 0.2765625 0.2744140625 0.053125 0.056640625
0 0.65234375 0.6357421875 0.0515625 0.052734375
0 0.271875 0.6455078125 0.05 0.056640625
0 0.25 0.58203125 0.05 0.0546875
0 0.5203125 0.2412109375 0.05 0.052734375
0 0.55 0.5263671875 0.053125 0.056640625
0 0.36875 0.7529296875 0.05 0.056640625
0 0.5140625 0.6171875 0.05 0.0546875
0 0.665625 0.478515625 0.05 0.0546875
0 0.1671875 0.3232421875 0.05 0.056640625
0 0.709375 0.6103515625 0.05 0.056640625
0 0.64296875 0.4130859375 0.0515625 0.056640625
0 0.3875 0.224609375 0.053125 0.0546875
0 0.36015625 0.5341796875 0.0484375 0.056640625
0 0.54296875 0.306640625 0.0515625 0.0546875
0 0.59375 0.6591796875 0.05 0.056640625
0 0.7828125 0.4287109375 0.05 0.056640625
0 0.28515625 0.4921875 0.0515625 0.0546875
0 0.828125 0.5625 0.05 0.0546875
0 0.6140625 0.1240234375 0.05 0.056640625
0 0.45 0.4208984375 0.053125 0.056640625
0 0.3484375 0.6884765625 0.053125 0.056640625
0 0.4078125 0.2919921875 0.05 0.056640625
0 0.296875 0.337890625 0.05 0.0546875
0 0.29140625 0.7109375 0.0515625 0.0546875
0 0.4859375 0.3310546875 0.05 0.056640625
0 0.6078125 0.50390625 0.05 0.0546875
0 0.4421875 0.201171875 0.05 0.0546875
0 0.73046875 0.0712890625 0.0515625 0.052734375
0 0.775 0.2041015625 0.05 0.056640625
0 0.7453125 0.51953125 0.053125 0.0546875
0 0.75 0.138671875 0.05 0.0546875
0 0.4796875 0.7060546875 0.05 0.052734375
0 0.840625 0.4052734375 0.053125 0.056640625
0 0.671875 0.09765625 0.05 0.0546875
0 0.43828125 0.5751953125 0.0484375 0.056640625
0 0.6875 0.5458984375 0.05 0.056640625
0 0.22265625 0.294921875 0.0515625 0.0546875
0 0.6546875 0.2568359375 0.05 0.056640625
0 0.88671875 0.5400390625 0.0515625 0.056640625
0 0.70078125 0.3876953125 0.0484375 0.056640625
0 0.3125 0.7763671875 0.05 0.052734375
0 0.5640625 0.3720703125 0.05 0.056640625
0 0.4984375 0.1748046875 0.05 0.056640625
0 0.79375 0.2724609375 0.05 0.056640625
0 0.325 0.6220703125 0.05 0.052734375
0 0.5765625 0.2158203125 0.05 0.056640625
0 0.2078125 0.4521484375 0.05 0.052734375
0 0.33046875 0.2509765625 0.0515625 0.056640625
