0 0.76171875 0.6181640625 0.0390625 0.048828125
0 0.66328125 0.6572265625 0.0390625 0.048828125
0 0.47578125 0.3291015625 0.0390625 0.048828125
0 0.70078125 0.3740234375 0.0390625 0.048828125
0 0.63671875 0.3310546875 0.0390625 0.048828125
0 0.64921875 0.5947265625 0.0390625 0.048828125
0 0.53984375 0.3701171875 0.0390625 0.048828125
0 0.86171875 0.5810546875 0.0390625 0.048828125
0 0.50234375 0.6513671875 0.0390625 0.048828125
0 0.42421875 0.5498046875 0.0390625 0.048828125
0 0.46015625 0.2685546875 0.0390625 0.048828125
0 0.84609375 0.5205078125 0.0390625 0.048828125
0 0.78515625 0.2724609375 0.0390625 0.048828125
0 0.71328125 0.6376953125 0.0390625 0.048828125
0 0.43828125 0.6103515625 0.0390625 0.048828125
0 0.53515625 0.5732421875 0.0390625 0.048828125
0 0.62265625 0.2705078125 0.0390625 0.048828125
0 0.81953125 0.1904296875 0.0390625 0.048828125
0 0.80078125 0.3349609375 0.0390625 0.048828125
0 0.73515625 0.2919921875 0.0390625 0.048828125
0 0.58828125 0.3505859375 0.0390625 0.048828125
0 0.58515625 0.5537109375 0.0390625 0.048828125
0 0.68671875 0.3115234375 0.0390625 0.048828125
0 0.90078125 0.2939453125 0.0390625 0.048828125
0 0.59921875 0.6142578125 0.0390625 0.048828125
0 0.41171875 0.2880859375 0.0390625 0.048828125
0 0.69765625 0.5771484375 0.0390625 0.048828125
0 0.42734375 0.3486328125 0.0390625 0.048828125
0 0.48671875 0.5908203125 0.0390625 0.048828125
0 0.55078125 0.6337890625 0.0390625 0.048828125
0 0.86640625 0.3759765625 0.0390625 0.048828125
0 0.91328125 0.5615234375 0.0390625 0.048828125
0 0.81171875 0.6005859375 0.0390625 0.048828125
0 0.68203125 0.5166015625 0.0390625 0.048828125
0 0.66796875 0.4541015625 0.0390625 0.048828125
0 0.52421875 0.3095703125 0.0390625 0.048828125
0 0.65234375 0.3935546875 0.0390625 0.048828125
0 0.56484375 0.6943359375 0.0390625 0.048828125
0 0.45703125 0.4697265625 0.0390625 0.048828125
0 0.89765625 0.5009765625 0.0390625 0.048828125
0 0.44140625 0.4091796875 0.0390625 0.048828125
0 0.85078125 0.3154296875 0.0390625 0.048828125
0 0.47265625 0.5302734375 0.0390625 0.048828125
0 0.49140625 0.3896484375 0.0390625 0.048828125
0 0.96328125 0.5439453125 0.0390625 0.048828125
0 0.76640625 0.4150390625 0.0390625 0.048828125
0 0.67109375 0.2509765625 0.0390625 0.048828125
0 0.60234375 0.4111328125 0.0390625 0.048828125
0 0.75078125 0.3544921875 0.0390625 0.048828125
0 0.88515625 0.2333984375 0.0390625 0.048828125
0 0.36328125 0.3076171875 0.0390625 0.048828125
0 0.83515625 0.2529296875 0.0390625 0.048828125
0 0.61796875 0.4736328125 0.0390625 0.048828125
0 0.74765625 0.5576171875 0.0390625 0.048828125
0 0.63359375 0.5341796875 0.0390625 0.048828125
0 0.50546875 0.4501953125 0.0390625 0.048828125
0 0.61484375 0.6748046875 0.0390625 0.048828125
0 0.57265625 0.2900390625 0.0390625 0.048828125
0 0.88203125 0.4384765625 0.0390625 0.048828125
0 0.45234375 0.6708984375 0.0390625 0.048828125
0 0.86953125 0.1708984375 0.0390625 0.048828125
0 0.70546875 0.1689453125 0.0390625 0.048828125
0 0.91640625 0.3564453125 0.0390625 0.048828125
0 0.73203125 0.4970703125 0.0390625 0.048828125
0 0.40859375 0.4892578125 0.0390625 0.048828125
0 0.55859375 0.2294921875 0.0390625 0.048828125
0 0.50859375 0.2490234375 0.0390625 0.048828125
0 0.94765625 0.4814453125 0.0390625 0.048828125
0 0.56953125 0.4931640625 0.0390625 0.048828125
0 0.52109375 0.5107421875 0.0390625 0.048828125
0 0.65546875 0.1904296875 0.0390625 0.048828125
0 0.83203125 0.4580078125 0.0390625 0.048828125
0 0.81640625 0.3955078125 0.0390625 0.048828125
0 0.46796875 0.7314453125 0.0390625 0.048828125
0 0.79765625 0.5380859375 0.0390625 0.048828125
0 0.37890625 0.3681640625 0.0390625 0.048828125
0 0.80390625 0.1279296875 0.0390625 0.048828125
0 0.72109375 0.2314453125 0.0390625 0.048828125
0 0.51640625 0.7138671875 0.0390625 0.048828125
0 0.71640625 0.4345703125 0.0390625 0.048828125
0 0.93203125 0.4189453125 0.0390625 0.048828125
0 0.39296875 0.4287109375 0.0390625 0.048828125
0 0.85546875 0.1083984375 0.0390625 0.048828125
0 0.78203125 0.4775390625 0.0390625 0.048828125
0 0.60703125 0.2099609375 0.0390625 0.048828125
0 0.76953125 0.2119140625 0.0390625 0.048828125
0 0.75546875 0.1494140625 0.0390625 0.048828125
0 0.55390625 0.4306640625 0.0390625 0.048828125
