0 0.56328125 0.6064453125 0.0390625 0.048828125
0 0.57578125 0.4189453125 0.0390625 0.048828125
0 0.58984375 0.2314453125 0.0390625 0.048828125
0 0.50078125 0.2490234375 0.0390625 0.048828125
0 0.38671875 0.3935546875 0.0390625 0.048828125
0 0.47265625 0.6259765625 0.0390625 0.048828125
0 0.48671875 0.4365234375 0.0390625 0.048828125
0 0.63046875 0.4697265625 0.0390625 0.048828125
0 0.68515625 0.5205078125 0.0390625 0.048828125
0 0.37578125 0.3330078125 0.0390625 0.048828125
0 0.45234375 0.5048828125 0.0390625 0.048828125
0 0.46171875 0.5654296875 0.0390625 0.048828125
0 0.63984375 0.7802734375 0.0390625 0.048828125
0 0.40078125 0.2041015625 0.0390625 0.048828125
0 0.39609375 0.4541015625 0.0390625 0.048828125
0 0.54140625 0.4873046875 0.0390625 0.048828125
0 0.61796875 0.6591796875 0.0390625 0.048828125
0 0.43828125 0.6962890625 0.0390625 0.048828125
0 0.64453125 0.2822265625 0.0390625 0.048828125
0 0.47578125 0.3759765625 0.0390625 0.048828125
0 0.58671875 0.4775390625 0.0390625 0.048828125
0 0.55078125 0.7998046875 0.0390625 0.048828125
0 0.46640625 0.3154296875 0.0390625 0.048828125
0 0.57421875 0.6669921875 0.0390625 0.048828125
0 0.41484375 0.8310546875 0.0390625 0.048828125
0 0.44921875 0.7587890625 0.0390625 0.048828125
0 0.31953125 0.2822265625 0.0390625 0.048828125
0 0.62890625 0.7197265625 0.0390625 0.048828125
0 0.66328125 0.6494140625 0.0390625 0.048828125
0 0.37265625 0.5849609375 0.0390625 0.048828125
0 0.41015625 0.2646484375 0.0390625 0.048828125
0 0.56484375 0.3583984375 0.0390625 0.048828125
0 0.51015625 0.3076171875 0.0390625 0.048828125
0 0.34140625 0.4033203125 0.0390625 0.048828125
0 0.55546875 0.2998046875 0.0390625 0.048828125
0 0.41796875 0.5751953125 0.0390625 0.048828125
0 0.70703125 0.6396484375 0.0390625 0.048828125
0 0.53984375 0.7373046875 0.0390625 0.048828125
0 0.49765625 0.4970703125 0.0390625 0.048828125
0 0.59921875 0.2900390625 0.0390625 0.048828125
0 0.48359375 0.6865234375 0.0390625 0.048828125
0 0.40390625 0.7685546875 0.0390625 0.048828125
0 0.49453125 0.7490234375 0.0390625 0.048828125
0 0.65234375 0.5888671875 0.0390625 0.048828125
0 0.62109375 0.4091796875 0.0390625 0.048828125
0 0.68515625 0.7705078125 0.0390625 0.048828125
0 0.55234375 0.5478515625 0.0390625 0.048828125
0 0.31015625 0.2197265625 0.0390625 0.048828125
0 0.36171875 0.5244140625 0.0390625 0.048828125
0 0.60703125 0.5986328125 0.0390625 0.048828125
0 0.52890625 0.6767578125 0.0390625 0.048828125
0 0.69609375 0.5791015625 0.0390625 0.048828125
0 0.40703125 0.5146484375 0.0390625 0.048828125
0 0.42109375 0.3251953125 0.0390625 0.048828125
0 0.57890625 0.1728515625 0.0390625 0.048828125
0 0.48984375 0.1884765625 0.0390625 0.048828125
0 0.67578125 0.4599609375 0.0390625 0.048828125
0 0.67421875 0.7099609375 0.0390625 0.048828125
0 0.66484375 0.4013671875 0.0390625 0.048828125
0 0.63359375 0.2236328125 0.0390625 0.048828125
0 0.59765625 0.5380859375 0.0390625 0.048828125
0 0.33046875 0.3427734375 0.0390625 0.048828125
0 0.38203125 0.6455078125 0.0390625 0.048828125
0 0.65390625 0.3408203125 0.0390625 0.048828125
0 0.36484375 0.2724609375 0.0390625 0.048828125
0 0.39296875 0.7060546875 0.0390625 0.048828125
0 0.62265625 0.1630859375 0.0390625 0.048828125
0 0.61015625 0.3505859375 0.0390625 0.048828125
0 0.53203125 0.4267578125 0.0390625 0.048828125
0 0.45546875 0.2568359375 0.0390625 0.048828125
0 0.59609375 0.7900390625 0.0390625 0.048828125
0 0.64140625 0.5283203125 0.0390625 0.048828125
0 0.53515625 0.1806640625 0.0390625 0.048828125
0 0.35078125 0.4638671875 0.0390625 0.048828125
0 0.42734375 0.6357421875 0.0390625 0.048828125
0 0.50546875 0.8095703125 0.0390625 0.048828125
0 0.35546875 0.2138671875 0.0390625 0.048828125
0 0.72890625 0.7607421875 0.0359375 0.052734375
0 0.44609375 0.1962890625 0.0390625 0.048828125
0 0.44140625 0.4443359375 0.0390625 0.048828125
0 0.46015625 0.8193359375 0.0390625 0.048828125
0 0.54453125 0.2392578125 0.0390625 0.048828125
0 0.71796875 0.7001953125 0.0390625 0.048828125
0 0.43203125 0.3857421875 0.0390625 0.048828125
0 0.58359375 0.7275390625 0.0390625 0.048828125
0 0.51796875 0.6181640625 0.0390625 0.048828125
0 0.52109375 0.3681640625 0.0390625 0.048828125
0 0.50703125 0.5556640625 0.0390625 0.048828125
