0 0.74765625 0.4228515625 0.0390625 0.048828125
0 0.64609375 0.1787109375 0.0390625 0.048828125
0 0.37578125 0.4853515625 0.0390625 0.048828125
0 0.58828125 0.2802734375 0.0390625 0.048828125
0 0.45078125 0.3095703125 0.0390625 0.048828125
0 0.52890625 0.2587890625 0.0390625 0.048828125
0 0.64921875 0.4267578125 0.0390625 0.048828125
0 0.75078125 0.5458984375 0.0390625 0.048828125
0 0.51171875 0.4560546875 0.0390625 0.048828125
0 0.47734375 0.7275390625 0.0390625 0.048828125
0 0.61015625 0.4521484375 0.0390625 0.048828125
0 0.39765625 0.6572265625 0.0390625 0.048828125
0 0.51484375 0.5791015625 0.0390625 0.048828125
0 0.47109375 0.3583984375 0.0390625 0.048828125
0 0.47265625 0.4814453125 0.0390625 0.048828125
0 0.37265625 0.3623046875 0.0390625 0.048828125
0 0.27734375 0.4892578125 0.0390625 0.048828125
0 0.29765625 0.5380859375 0.0390625 0.048828125
0 0.60859375 0.3291015625 0.0390625 0.048828125
0 0.61328125 0.5751953125 0.0390625 0.048828125
0 0.63359375 0.6240234375 0.0390625 0.048828125
0 0.65234375 0.5498046875 0.0390625 0.048828125
0 0.53515625 0.6259765625 0.0390625 0.048828125
0 0.43359375 0.5087890625 0.0390625 0.048828125
0 0.33671875 0.5107421875 0.0390625 0.048828125
0 0.39609375 0.5341796875 0.0390625 0.048828125
0 0.33359375 0.3896484375 0.0390625 0.048828125
0 0.45390625 0.5556640625 0.0390625 0.048828125
0 0.66640625 0.2275390625 0.0390625 0.048828125
0 0.39921875 0.7802734375 0.0390625 0.048828125
0 0.41640625 0.5830078125 0.0390625 0.048828125
0 0.41328125 0.4599609375 0.0390625 0.048828125
0 0.41171875 0.3369140625 0.0390625 0.048828125
0 0.59140625 0.5263671875 0.0390625 0.048828125
0 0.68671875 0.2763671875 0.0390625 0.048828125
0 0.37734375 0.6083984375 0.0390625 0.048828125
0 0.57421875 0.6005859375 0.0390625 0.048828125
0 0.62734375 0.2548828125 0.0390625 0.048828125
0 0.43671875 0.6298828125 0.0390625 0.048828125
0 0.54921875 0.3076171875 0.0390625 0.048828125
0 0.66953125 0.4755859375 0.0390625 0.048828125
0 0.57109375 0.4775390625 0.0390625 0.048828125
0 0.67265625 0.5986328125 0.0390625 0.048828125
0 0.78984375 0.5185546875 0.0390625 0.048828125
0 0.55546875 0.6748046875 0.0390625 0.048828125
0 0.29453125 0.4150390625 0.0390625 0.048828125
0 0.60703125 0.2060546875 0.0390625 0.048828125
0 0.62890625 0.3779296875 0.0390625 0.048828125
0 0.68828125 0.3994140625 0.0390625 0.048828125
0 0.43203125 0.3857421875 0.0390625 0.048828125
0 0.49140625 0.4072265625 0.0390625 0.048828125
0 0.64765625 0.3037109375 0.0390625 0.048828125
0 0.71171875 0.5712890625 0.0390625 0.048828125
0 0.55078125 0.4306640625 0.0390625 0.048828125
0 0.31796875 0.5849609375 0.0390625 0.048828125
0 0.58984375 0.4033203125 0.0390625 0.048828125
0 0.47578125 0.6044921875 0.0390625 0.048828125
0 0.35859375 0.6826171875 0.0390625 0.048828125
0 0.49609375 0.6533203125 0.0390625 0.048828125
0 0.55234375 0.5517578125 0.0390625 0.048828125
0 0.51015625 0.3330078125 0.0390625 0.048828125
0 0.53203125 0.5048828125 0.0390625 0.048828125
0 0.76953125 0.4697265625 0.0390625 0.048828125
0 0.45703125 0.6787109375 0.0390625 0.048828125
0 0.43828125 0.7529296875 0.0390625 0.048828125
0 0.70859375 0.4482421875 0.0390625 0.048828125
0 0.56953125 0.3544921875 0.0390625 0.048828125
0 0.33828125 0.6337890625 0.0390625 0.048828125
0 0.37890625 0.7314453125 0.0390625 0.048828125
0 0.31640625 0.4638671875 0.0390625 0.048828125
0 0.68984375 0.5224609375 0.0390625 0.048828125
0 0.73046875 0.4970703125 0.0390625 0.048828125
0 0.63046875 0.5009765625 0.0390625 0.048828125
0 0.35390625 0.4365234375 0.0390625 0.048828125
0 0.41796875 0.7041015625 0.0390625 0.048828125
0 0.66796875 0.3505859375 0.0390625 0.048828125
0 0.45234375 0.4326171875 0.0390625 0.048828125
0 0.48984375 0.2841796875 0.0390625 0.048828125
0 0.39296875 0.4111328125 0.0390625 0.048828125
0 0.72734375 0.3740234375 0.0390625 0.048828125
0 0.56796875 0.2314453125 0.0390625 0.048828125
0 0.51640625 0.7021484375 0.0390625 0.048828125
0 0.25703125 0.4404296875 0.0390625 0.048828125
0 0.70703125 0.3251953125 0.0390625 0.048828125
0 0.35703125 0.5595703125 0.0390625 0.048828125
0 0.49296875 0.5302734375 0.0390625 0.048828125
0 0.53046875 0.3818359375 0.0390625 0.048828125
0 0.59453125 0.6494140625 0.0390625 0.048828125
