0 0.72734375 0.7373046875 0.0390625 0.048828125
0 0.73984375 0.4697265625 0.0390625 0.048828125
0 0.77578125 0.5810546875 0.0390625 0.048828125
0 0.69140625 0.6259765625 0.0390625 0.048828125
0 0.80078125 0.5029296875 0.0390625 0.048828125
0 0.75078125 0.6591796875 0.0390625 0.048828125
0 0.71484375 0.5478515625 0.0390625 0.048828125
0 0.50234375 0.6630859375 0.0390625 0.048828125
0 0.52734375 0.5849609375 0.0390625 0.048828125
0 0.55234375 0.5048828125 0.0390625 0.048828125
0 0.33515625 0.6220703125 0.0390625 0.048828125
0 0.76484375 0.3916015625 0.0390625 0.048828125
0 0.44140625 0.6318359375 0.0390625 0.048828125
0 0.38671875 0.4619140625 0.0390625 0.048828125
0 0.73046875 0.2802734375 0.0390625 0.048828125
0 0.81171875 0.6904296875 0.0390625 0.048828125
0 0.66640625 0.7041015625 0.0390625 0.048828125
0 0.57734375 0.4267578125 0.0390625 0.048828125
0 0.41484375 0.7119140625 0.0390625 0.048828125
0 0.39765625 0.6552734375 0.0390625 0.048828125
0 0.79296875 0.6357421875 0.0390625 0.048828125
0 0.50859375 0.5283203125 0.0390625 0.048828125
0 0.44765625 0.4970703125 0.0390625 0.048828125
0 0.70390625 0.3583984375 0.0390625 0.048828125
0 0.46640625 0.5517578125 0.0390625 0.048828125
0 0.47734375 0.7431640625 0.0390625 0.048828125
0 0.36015625 0.5419921875 0.0390625 0.048828125
0 0.68046875 0.4365234375 0.0390625 0.048828125
0 0.55859375 0.3720703125 0.0390625 0.048828125
0 0.63046875 0.5947265625 0.0390625 0.048828125
0 0.65546875 0.5146484375 0.0390625 0.048828125
0 0.60234375 0.3486328125 0.0390625 0.048828125
0 0.53359375 0.4501953125 0.0390625 0.048828125
0 0.37890625 0.5986328125 0.0390625 0.048828125
0 0.42265625 0.5751953125 0.0390625 0.048828125
0 0.35390625 0.6787109375 0.0390625 0.048828125
0 0.51640625 0.3935546875 0.0390625 0.048828125
0 0.48359375 0.6083984375 0.0390625 0.048828125
0 0.60546875 0.6728515625 0.0390625 0.048828125
0 0.76953125 0.7138671875 0.0390625 0.048828125
0 0.42578125 0.9033203125 0.0390625 0.048828125
0 0.59453125 0.4833984375 0.0390625 0.048828125
0 0.85390625 0.6689453125 0.0390625 0.048828125
0 0.58203125 0.7509765625 0.0390625 0.048828125
0 0.61953125 0.4052734375 0.0390625 0.048828125
0 0.47265625 0.4169921875 0.0390625 0.048828125
0 0.64140625 0.7841796875 0.0390625 0.048828125
0 0.49140625 0.4736328125 0.0390625 0.048828125
0 0.52109375 0.7197265625 0.0390625 0.048828125
0 0.31640625 0.5654296875 0.0390625 0.048828125
0 0.56953125 0.5615234375 0.0390625 0.048828125
0 0.83515625 0.6123046875 0.0390625 0.048828125
0 0.45859375 0.6865234375 0.0390625 0.048828125
0 0.38984375 0.7919921875 0.0390625 0.048828125
0 0.45234375 0.8232421875 0.0390625 0.048828125
0 0.51328125 0.8564453125 0.0390625 0.048828125
0 0.49453125 0.7998046875 0.0390625 0.048828125
0 0.40390625 0.5185546875 0.0390625 0.048828125
0 0.81796875 0.5576171875 0.0390625 0.048828125
0 0.54453125 0.6396484375 0.0390625 0.048828125
0 0.64453125 0.3251953125 0.0390625 0.048828125
0 0.55703125 0.8310546875 0.0390625 0.048828125
0 0.29765625 0.5087890625 0.0390625 0.048828125
0 0.58828125 0.6162109375 0.0390625 0.048828125
0 0.53828125 0.7763671875 0.0390625 0.048828125
0 0.34296875 0.4873046875 0.0390625 0.048828125
0 0.43046875 0.4404296875 0.0390625 0.048828125
0 0.63828125 0.4599609375 0.0390625 0.048828125
0 0.43359375 0.7666015625 0.0390625 0.048828125
0 0.61171875 0.5380859375 0.0390625 0.048828125
0 0.56328125 0.6962890625 0.0390625 0.048828125
0 0.64765625 0.6494140625 0.0390625 0.048828125
0 0.62421875 0.7275390625 0.0390625 0.048828125
0 0.69765625 0.4931640625 0.0390625 0.048828125
0 0.37265625 0.7353515625 0.0390625 0.048828125
0 0.68515625 0.7607421875 0.0390625 0.048828125
0 0.67265625 0.5712890625 0.0390625 0.048828125
0 0.66171875 0.3818359375 0.0390625 0.048828125
0 0.40859375 0.8466796875 0.0390625 0.048828125
0 0.70859375 0.6806640625 0.0390625 0.048828125
0 0.72265625 0.4150390625 0.0390625 0.048828125
0 0.59921875 0.8076171875 0.0390625 0.048828125
0 0.68671875 0.3037109375 0.0390625 0.048828125
0 0.46953125 0.8798828125 0.0390625 0.048828125
0 0.73359375 0.6025390625 0.0390625 0.048828125
0 0.74765625 0.3369140625 0.0390625 0.048828125
0 0.75703125 0.5244140625 0.0390625 0.048828125
0 0.78203125 0.4462890625 0.0390625 0.048828125
