0 0.55 0.66015625 0.046875 0.05859375
0 0.78671875 0.45703125 0.0453125 0.05859375
0 0.678125 0.1376953125 0.046875 0.056640625
0 0.5796875 0.568359375 0.046875 0.05859375
0 0.6484375 0.2294921875 0.046875 0.060546875
0 0.75546875 0.548828125 0.0484375 0.05859375
0 0.64453125 0.7587890625 0.0484375 0.060546875
0 0.47265625 0.2490234375 0.0484375 0.060546875
0 0.54453125 0.2861328125 0.0453125 0.056640625
0 0.50703125 0.529296875 0.0453125 0.05859375
0 0.81640625 0.365234375 0.0453125 0.0625
0 0.47734375 0.623046875 0.0453125 0.0625
0 0.61484375 0.8505859375 0.0484375 0.056640625
0 0.571875 0.724609375 0.046875 0.05859375
0 0.44296875 0.33984375 0.0484375 0.05859375
0 0.5421875 0.81640625 0.046875 0.05859375
0 0.39140625 0.3681640625 0.0484375 0.060546875
0 0.77890625 0.61328125 0.0453125 0.0625
0 0.74609375 0.705078125 0.0453125 0.05859375
0 0.85078125 0.650390625 0.0484375 0.05859375
0 0.80859375 0.521484375 0.0453125 0.05859375
0 0.609375 0.4765625 0.046875 0.05859375
0 0.653125 0.60546875 0.046875 0.05859375
0 0.71640625 0.796875 0.0453125 0.05859375
0 0.95 0.7490234375 0.046875 0.060546875
0 0.6234375 0.6953125 0.046875 0.05859375
0 0.41328125 0.431640625 0.0484375 0.05859375
0 0.5203125 0.751953125 0.046875 0.0625
0 0.8828125 0.55859375 0.046875 0.05859375
0 0.5875 0.412109375 0.046875 0.05859375
0 0.82109375 0.7431640625 0.0484375 0.060546875
0 0.5765625 0.19140625 0.046875 0.05859375
0 0.53671875 0.44140625 0.0453125 0.05859375
0 0.6609375 0.44921875 0.046875 0.05859375
0 0.6828125 0.513671875 0.046875 0.0625
0 0.85859375 0.494140625 0.0484375 0.0625
0 0.72578125 0.6396484375 0.0484375 0.060546875
0 0.6171875 0.3203125 0.046875 0.05859375
0 0.55859375 0.50390625 0.0453125 0.0625
0 0.68828125 0.8876953125 0.0484375 0.060546875
0 0.46484375 0.4052734375 0.0484375 0.056640625
0 0.43515625 0.4970703125 0.0484375 0.060546875
0 0.74375 0.330078125 0.046875 0.05859375
0 0.7140625 0.421875 0.046875 0.05859375
0 0.82890625 0.5859375 0.0484375 0.05859375
0 0.51484375 0.3779296875 0.0453125 0.060546875
0 0.6265625 0.1640625 0.046875 0.05859375
0 0.36953125 0.302734375 0.0484375 0.05859375
0 0.42109375 0.2763671875 0.0484375 0.056640625
0 0.63125 0.541015625 0.046875 0.05859375
0 0.79765625 0.677734375 0.0453125 0.05859375
0 0.52890625 0.595703125 0.0453125 0.05859375
0 0.67421875 0.66796875 0.0484375 0.05859375
0 0.87421875 0.71484375 0.0484375 0.05859375
0 0.48515625 0.46875 0.0453125 0.05859375
0 0.84296875 0.806640625 0.0484375 0.05859375
0 0.58515625 0.9453125 0.0484375 0.05859375
0 0.6015625 0.6328125 0.046875 0.0625
0 0.52265625 0.220703125 0.0453125 0.05859375
0 0.690625 0.3583984375 0.046875 0.060546875
0 0.69609375 0.7314453125 0.0484375 0.056640625
0 0.70390625 0.576171875 0.0484375 0.05859375
0 0.73359375 0.484375 0.0484375 0.0625
0 0.765625 0.392578125 0.046875 0.05859375
0 0.7 0.19921875 0.046875 0.05859375
0 0.7515625 0.171875 0.046875 0.05859375
0 0.721875 0.263671875 0.046875 0.05859375
0 0.6703125 0.29296875 0.046875 0.05859375
0 0.73203125 0.109375 0.0484375 0.05859375
0 0.79453125 0.30078125 0.0453125 0.05859375
0 0.92578125 0.685546875 0.0484375 0.05859375
0 0.59296875 0.787109375 0.0484375 0.05859375
0 0.7734375 0.236328125 0.046875 0.0625
0 0.56328125 0.8779296875 0.0484375 0.060546875
0 0.6390625 0.384765625 0.046875 0.0625
0 0.49453125 0.3125 0.0484375 0.05859375
0 0.63671875 0.916015625 0.0484375 0.05859375
0 0.56640625 0.34765625 0.0453125 0.05859375
0 0.77109375 0.7685546875 0.0453125 0.060546875
0 0.83828125 0.4296875 0.0453125 0.05859375
0 0.49921875 0.6875 0.0453125 0.05859375
0 0.73828125 0.8603515625 0.0453125 0.056640625
0 0.45625 0.556640625 0.046875 0.05859375
0 0.59609375 0.2568359375 0.0453125 0.056640625
0 0.79140625 0.833984375 0.0484375 0.05859375
0 0.89609375 0.779296875 0.0484375 0.05859375
0 0.90390625 0.623046875 0.0484375 0.0625
0 0.66640625 0.82421875 0.0484375 0.05859375
