0 0.5109375 0.55859375 0.0375 0.05078125
0 0.36015625 0.447265625 0.0421875 0.046875
0 0.378125 0.2822265625 0.040625 0.048828125
0 0.278125 0.41796875 0.040625 0.05078125
0 0.40234375 0.462890625 0.0390625 0.05078125
0 0.634375 0.4912109375 0.040625 0.048828125
0 0.35625 0.216796875 0.040625 0.05078125
0 0.4609375 0.3134765625 0.040625 0.048828125
0 0.5953125 0.59375 0.040625 0.05078125
0 0.42578125 0.52734375 0.0390625 0.05078125
0 0.5484375 0.4609375 0.040625 0.05078125
0 0.43984375 0.248046875 0.0421875 0.05078125
0 0.609375 0.4228515625 0.040625 0.048828125
0 0.525 0.392578125 0.040625 0.05078125
0 0.6484375 0.322265625 0.040625 0.05078125
0 0.53359375 0.626953125 0.0390625 0.05078125
0 0.44453125 0.4765625 0.0390625 0.05078125
0 0.65390625 0.4404296875 0.0421875 0.048828125
0 0.4875 0.494140625 0.0375 0.05078125
0 0.30234375 0.59765625 0.0390625 0.05078125
0 0.553125 0.576171875 0.040625 0.05078125
0 0.47265625 0.662109375 0.0390625 0.05078125
0 0.5640625 0.29296875 0.040625 0.046875
0 0.31875 0.431640625 0.040625 0.05078125
0 0.640625 0.607421875 0.040625 0.05078125
0 0.571875 0.525390625 0.040625 0.05078125
0 0.17578125 0.552734375 0.0390625 0.05078125
0 0.51484375 0.677734375 0.0390625 0.05078125
0 0.26015625 0.583984375 0.0390625 0.05078125
0 0.696875 0.4541015625 0.040625 0.048828125
0 0.43984375 0.361328125 0.0421875 0.05078125
0 0.46328125 0.4267578125 0.0421875 0.048828125
0 0.44921875 0.595703125 0.0390625 0.05078125
0 0.42890625 0.646484375 0.0390625 0.05078125
0 0.41875 0.296875 0.040625 0.05078125
0 0.38671875 0.6298828125 0.0390625 0.048828125
0 0.5015625 0.328125 0.040625 0.05078125
0 0.7359375 0.3544921875 0.040625 0.048828125
0 0.603125 0.7109375 0.040625 0.05078125
0 0.3828125 0.5126953125 0.040625 0.048828125
0 0.5453125 0.34375 0.040625 0.046875
0 0.55859375 0.693359375 0.0421875 0.05078125
0 0.6734375 0.3896484375 0.040625 0.048828125
0 0.34453125 0.615234375 0.0421875 0.05078125
0 0.5296875 0.5078125 0.040625 0.05078125
0 0.3 0.482421875 0.040625 0.05078125
0 0.5875 0.3583984375 0.040625 0.048828125
0 0.21953125 0.56640625 0.0390625 0.05078125
0 0.46796875 0.544921875 0.0390625 0.05078125
0 0.2375 0.400390625 0.040625 0.05078125
0 0.50625 0.443359375 0.040625 0.05078125
0 0.3984375 0.34765625 0.040625 0.05078125
0 0.4828125 0.37890625 0.040625 0.05078125
0 0.3171875 0.31640625 0.040625 0.05078125
0 0.34140625 0.498046875 0.0390625 0.046875
0 0.421875 0.412109375 0.040625 0.05078125
0 0.56796875 0.4091796875 0.0390625 0.048828125
0 0.615625 0.541015625 0.040625 0.046875
0 0.36328125 0.5634765625 0.0390625 0.048828125
0 0.67734375 0.505859375 0.0421875 0.05078125
0 0.196875 0.501953125 0.040625 0.05078125
0 0.23828125 0.515625 0.0390625 0.05078125
0 0.6921875 0.33984375 0.040625 0.05078125
0 0.3390625 0.3818359375 0.040625 0.048828125
0 0.33671875 0.265625 0.0421875 0.05078125
0 0.2984375 0.365234375 0.040625 0.046875
0 0.215625 0.451171875 0.040625 0.05078125
0 0.5921875 0.474609375 0.040625 0.05078125
0 0.715625 0.404296875 0.040625 0.05078125
0 0.315625 0.203125 0.040625 0.05078125
0 0.659375 0.5556640625 0.040625 0.048828125
0 0.578125 0.6435546875 0.040625 0.048828125
0 0.49140625 0.609375 0.0390625 0.05078125
0 0.521875 0.2783203125 0.040625 0.048828125
0 0.3796875 0.396484375 0.040625 0.046875
0 0.6203125 0.6591796875 0.040625 0.048828125
0 0.27890625 0.533203125 0.0390625 0.05078125
0 0.32265625 0.546875 0.0390625 0.05078125
0 0.6078125 0.30859375 0.040625 0.05078125
0 0.25703125 0.3505859375 0.0421875 0.048828125
0 0.40546875 0.5791015625 0.0390625 0.048828125
0 0.296875 0.25 0.0375 0.05078125
0 0.48125 0.263671875 0.040625 0.05078125
0 0.3578125 0.330078125 0.040625 0.05078125
0 0.63046875 0.375 0.0421875 0.046875
0 0.3984375 0.232421875 0.040625 0.05078125
0 0.25703125 0.4677734375 0.0421875 0.048828125
0 0.2765625 0.2998046875 0.040625 0.048828125
