0 0.70390625 0.4765625 0.0390625 0.046875
0 0.62890625 0.337890625 0.0390625 0.046875
0 0.3171875 0.783203125 0.040625 0.046875
0 0.39609375 0.5224609375 0.0390625 0.044921875
0 0.33359375 0.5078125 0.0390625 0.046875
0 0.540625 0.275390625 0.0375 0.046875
0 0.34375 0.62890625 0.040625 0.046875
0 0.534375 0.67578125 0.040625 0.046875
0 0.753125 0.56640625 0.040625 0.046875
0 0.65078125 0.58203125 0.0390625 0.046875
0 0.4078125 0.6435546875 0.0375 0.048828125
0 0.559375 0.720703125 0.0375 0.046875
0 0.625 0.5380859375 0.0375 0.048828125
0 0.21640625 0.6015625 0.0390625 0.046875
0 0.603125 0.2900390625 0.040625 0.048828125
0 0.365625 0.873046875 0.0375 0.046875
0 0.384375 0.4013671875 0.040625 0.044921875
0 0.46171875 0.3388671875 0.0390625 0.048828125
0 0.24140625 0.6455078125 0.0390625 0.044921875
0 0.58671875 0.568359375 0.0390625 0.046875
0 0.29453125 0.5390625 0.0390625 0.046875
0 0.5015625 0.30859375 0.040625 0.046875
0 0.51171875 0.4306640625 0.0390625 0.048828125
0 0.39453125 0.720703125 0.0390625 0.046875
0 0.4828125 0.7802734375 0.0375 0.044921875
0 0.68984375 0.552734375 0.0390625 0.046875
0 0.5734375 0.6435546875 0.0375 0.048828125
0 0.48671875 0.384765625 0.0390625 0.046875
0 0.44453125 0.810546875 0.0390625 0.046875
0 0.41015625 0.4462890625 0.0390625 0.048828125
0 0.4984375 0.505859375 0.0375 0.046875
0 0.43515625 0.4921875 0.0390625 0.046875
0 0.5765625 0.4453125 0.040625 0.046875
0 0.4234375 0.37109375 0.0375 0.046875
0 0.36953125 0.67578125 0.0390625 0.046875
0 0.459375 0.5390625 0.040625 0.046875
0 0.48515625 0.5849609375 0.0390625 0.044921875
0 0.35625 0.7509765625 0.0375 0.048828125
0 0.615625 0.4150390625 0.0375 0.048828125
0 0.4453125 0.61328125 0.040625 0.046875
0 0.31953125 0.5849609375 0.0390625 0.044921875
0 0.59765625 0.689453125 0.0390625 0.046875
0 0.3703125 0.478515625 0.040625 0.046875
0 0.4328125 0.689453125 0.0375 0.046875
0 0.30625 0.6611328125 0.0375 0.048828125
0 0.65390625 0.3828125 0.0390625 0.046875
0 0.53671875 0.4765625 0.0390625 0.046875
0 0.61171875 0.61328125 0.0390625 0.046875
0 0.55 0.3984375 0.0375 0.046875
0 0.640625 0.458984375 0.0375 0.046875
0 0.678125 0.4296875 0.040625 0.046875
0 0.5890625 0.369140625 0.040625 0.046875
0 0.4578125 0.7353515625 0.0375 0.048828125
0 0.675 0.6279296875 0.0375 0.048828125
0 0.5625 0.5205078125 0.040625 0.048828125
0 0.2546875 0.5693359375 0.0375 0.048828125
0 0.6375 0.66015625 0.040625 0.046875
0 0.5203125 0.7509765625 0.040625 0.048828125
0 0.52734375 0.35546875 0.0390625 0.046875
0 0.42109375 0.568359375 0.0390625 0.046875
0 0.565625 0.3232421875 0.0375 0.048828125
0 0.26796875 0.69140625 0.0390625 0.046875
0 0.6640625 0.505859375 0.040625 0.046875
0 0.54921875 0.5966796875 0.0390625 0.044921875
0 0.4484375 0.416015625 0.0375 0.046875
0 0.26875 0.494140625 0.040625 0.046875
0 0.5234375 0.5537109375 0.0375 0.048828125
0 0.33046875 0.7060546875 0.0390625 0.044921875
0 0.72890625 0.5224609375 0.0390625 0.044921875
0 0.41875 0.7666015625 0.040625 0.044921875
0 0.3828125 0.599609375 0.0375 0.046875
0 0.28125 0.615234375 0.0375 0.046875
0 0.35703125 0.5537109375 0.0390625 0.048828125
0 0.30859375 0.4638671875 0.0390625 0.048828125
0 0.49609375 0.703125 0.0390625 0.046875
0 0.51015625 0.62890625 0.0390625 0.046875
0 0.346875 0.431640625 0.0375 0.046875
0 0.29296875 0.736328125 0.0390625 0.046875
0 0.47109375 0.66015625 0.0390625 0.046875
0 0.37890625 0.796875 0.0390625 0.046875
0 0.4734375 0.4619140625 0.0375 0.044921875
0 0.4046875 0.8427734375 0.040625 0.048828125
0 0.2296875 0.525390625 0.0375 0.046875
0 0.34296875 0.826171875 0.0390625 0.046875
0 0.60234375 0.4921875 0.0390625 0.046875
0 0.57890625 0.24609375 0.0390625 0.046875
0 0.19140625 0.5546875 0.0390625 0.046875
0 0.71328125 0.5966796875 0.0390625 0.044921875
