0 0.63984375 0.3662109375 0.0390625 0.048828125
0 0.54921875 0.3193359375 0.0390625 0.048828125
0 0.67578125 0.2509765625 0.0390625 0.048828125
0 0.52265625 0.5400390625 0.0390625 0.048828125
0 0.47578125 0.4892578125 0.0390625 0.048828125
0 0.68828125 0.4150390625 0.0390625 0.048828125
0 0.46640625 0.3818359375 0.0390625 0.048828125
0 0.72421875 0.3017578125 0.0390625 0.048828125
0 0.42421875 0.3857421875 0.0390625 0.048828125
0 0.69765625 0.5244140625 0.0390625 0.048828125
0 0.50078125 0.2685546875 0.0390625 0.048828125
0 0.38515625 0.4443359375 0.0390625 0.048828125
0 0.61328125 0.5869140625 0.0390625 0.048828125
0 0.53203125 0.6474609375 0.0390625 0.048828125
0 0.46171875 0.3271484375 0.0390625 0.048828125
0 0.81640625 0.3486328125 0.0390625 0.048828125
0 0.51484375 0.4326171875 0.0390625 0.048828125
0 0.70078125 0.5791015625 0.0390625 0.048828125
0 0.64921875 0.4736328125 0.0390625 0.048828125
0 0.60546875 0.4775390625 0.0390625 0.048828125
0 0.73671875 0.4658203125 0.0390625 0.048828125
0 0.37578125 0.3349609375 0.0390625 0.048828125
0 0.75078125 0.6279296875 0.0390625 0.048828125
0 0.81328125 0.2939453125 0.0390625 0.048828125
0 0.57578125 0.6435546875 0.0390625 0.048828125
0 0.82578125 0.4580078125 0.0390625 0.048828125
0 0.56171875 0.4814453125 0.0390625 0.048828125
0 0.52734375 0.5947265625 0.0390625 0.048828125
0 0.58828125 0.2607421875 0.0390625 0.048828125
0 0.74140625 0.5205078125 0.0390625 0.048828125
0 0.61015625 0.5322265625 0.0390625 0.048828125
0 0.65703125 0.5830078125 0.0390625 0.048828125
0 0.78984375 0.5712890625 0.0390625 0.048828125
0 0.56640625 0.5361328125 0.0390625 0.048828125
0 0.44140625 0.6025390625 0.0390625 0.048828125
0 0.41953125 0.3310546875 0.0390625 0.048828125
0 0.59296875 0.3154296875 0.0390625 0.048828125
0 0.83359375 0.5673828125 0.0390625 0.048828125
0 0.66171875 0.6376953125 0.0390625 0.048828125
0 0.77265625 0.3525390625 0.0390625 0.048828125
0 0.48515625 0.5986328125 0.0390625 0.048828125
0 0.48828125 0.6513671875 0.0390625 0.048828125
0 0.55703125 0.4287109375 0.0390625 0.048828125
0 0.78046875 0.4619140625 0.0390625 0.048828125
0 0.63671875 0.3115234375 0.0390625 0.048828125
0 0.43671875 0.5478515625 0.0390625 0.048828125
0 0.76484375 0.2431640625 0.0390625 0.048828125
0 0.39921875 0.6064453125 0.0390625 0.048828125
0 0.41484375 0.2763671875 0.0390625 0.048828125
0 0.57109375 0.5908203125 0.0390625 0.048828125
0 0.70546875 0.6318359375 0.0390625 0.048828125
0 0.80859375 0.2392578125 0.0390625 0.048828125
0 0.37265625 0.2802734375 0.0390625 0.048828125
0 0.78515625 0.5166015625 0.0390625 0.048828125
0 0.45859375 0.2724609375 0.0390625 0.048828125
0 0.73203125 0.4111328125 0.0390625 0.048828125
0 0.63203125 0.2568359375 0.0390625 0.048828125
0 0.51015625 0.3779296875 0.0390625 0.048828125
0 0.42890625 0.4404296875 0.0390625 0.048828125
0 0.65390625 0.5283203125 0.0390625 0.048828125
0 0.44609375 0.6552734375 0.0390625 0.048828125
0 0.40234375 0.6591796875 0.0390625 0.048828125
0 0.69296875 0.4697265625 0.0390625 0.048828125
0 0.76796875 0.2978515625 0.0390625 0.048828125
0 0.60078125 0.4228515625 0.0390625 0.048828125
0 0.83828125 0.6220703125 0.0390625 0.048828125
0 0.68046875 0.3056640625 0.0390625 0.048828125
0 0.51796875 0.4853515625 0.0390625 0.048828125
0 0.68359375 0.3603515625 0.0390625 0.048828125
0 0.43203125 0.4931640625 0.0390625 0.048828125
0 0.77578125 0.4072265625 0.0390625 0.048828125
0 0.59609375 0.3701171875 0.0390625 0.048828125
0 0.38984375 0.4970703125 0.0390625 0.048828125
0 0.54453125 0.2646484375 0.0390625 0.048828125
0 0.61796875 0.6396484375 0.0390625 0.048828125
0 0.74609375 0.5751953125 0.0390625 0.048828125
0 0.47109375 0.4365234375 0.0390625 0.048828125
0 0.64453125 0.4189453125 0.0390625 0.048828125
0 0.48046875 0.5439453125 0.0390625 0.048828125
0 0.71953125 0.2470703125 0.0390625 0.048828125
0 0.55390625 0.3740234375 0.0390625 0.048828125
0 0.39453125 0.5517578125 0.0390625 0.048828125
0 0.72890625 0.3564453125 0.0390625 0.048828125
0 0.50546875 0.3232421875 0.0390625 0.048828125
0 0.79453125 0.6259765625 0.0390625 0.048828125
0 0.38046875 0.3896484375 0.0390625 0.048828125
0 0.82890625 0.5126953125 0.0390625 0.048828125
0 0.82109375 0.4033203125 0.0390625 0.048828125
