0 0.315625 0.6083984375 0.059375 0.052734375
0 0.40703125 0.6494140625 0.0609375 0.052734375
0 0.4515625 0.57421875 0.059375 0.05078125
0 0.4375 0.708984375 0.059375 0.05078125
0 0.5296875 0.75 0.059375 0.05078125
0 0.29296875 0.21875 0.0609375 0.05078125
0 0.22109375 0.568359375 0.0609375 0.05078125
0 0.67734375 0.5771484375 0.0609375 0.052734375
0 0.71953125 0.5009765625 0.0609375 0.052734375
0 0.35546875 0.5322265625 0.0609375 0.052734375
0 0.54296875 0.6123046875 0.0609375 0.048828125
0 0.2734375 0.6875 0.059375 0.05078125
0 0.2375 0.431640625 0.059375 0.05078125
0 0.4953125 0.1640625 0.059375 0.05078125
0 0.4234375 0.513671875 0.059375 0.05078125
0 0.5828125 0.53515625 0.059375 0.05078125
0 0.42734375 0.18359375 0.0609375 0.05078125
0 0.41328125 0.3203125 0.0609375 0.05078125
0 0.453125 0.244140625 0.059375 0.05078125
0 0.546875 0.2841796875 0.059375 0.052734375
0 0.3296875 0.4736328125 0.059375 0.052734375
0 0.66328125 0.712890625 0.0609375 0.05078125
0 0.3015625 0.744140625 0.059375 0.05078125
0 0.665625 0.3818359375 0.059375 0.052734375
0 0.15703125 0.255859375 0.0609375 0.05078125
0 0.4890625 0.49609375 0.059375 0.05078125
0 0.759375 0.7548828125 0.059375 0.052734375
0 0.29140625 0.55078125 0.0609375 0.0546875
0 0.3296875 0.8046875 0.059375 0.05078125
0 0.46328125 0.435546875 0.0609375 0.05078125
0 0.5671875 0.671875 0.059375 0.05078125
0 0.26328125 0.490234375 0.0609375 0.05078125
0 0.5015625 0.69140625 0.059375 0.05078125
0 0.14296875 0.390625 0.0609375 0.05078125
0 0.3953125 0.787109375 0.059375 0.0546875
0 0.36953125 0.7275390625 0.0609375 0.052734375
0 0.35546875 0.86328125 0.0609375 0.05078125
0 0.31953125 0.2783203125 0.0609375 0.052734375
0 0.34296875 0.6689453125 0.0609375 0.052734375
0 0.5875 0.2060546875 0.059375 0.052734375
0 0.184375 0.3134765625 0.0625 0.048828125
0 0.09296875 0.275390625 0.0609375 0.05078125
0 0.3875 0.259765625 0.059375 0.05078125
0 0.2796875 0.3564453125 0.059375 0.052734375
0 0.50625 0.359375 0.0625 0.05078125
0 0.625 0.4599609375 0.059375 0.052734375
0 0.52109375 0.224609375 0.0609375 0.05078125
0 0.22734375 0.2373046875 0.0609375 0.052734375
0 0.3609375 0.203125 0.059375 0.05078125
0 0.6234375 0.791015625 0.059375 0.05078125
0 0.475 0.630859375 0.059375 0.05078125
0 0.55546875 0.4765625 0.0609375 0.05078125
0 0.796875 0.677734375 0.059375 0.05078125
0 0.196875 0.5078125 0.059375 0.05078125
0 0.4796875 0.30078125 0.059375 0.05078125
0 0.6375 0.6552734375 0.059375 0.052734375
0 0.36953125 0.396484375 0.0609375 0.0546875
0 0.77109375 0.619140625 0.0609375 0.05078125
0 0.515625 0.5546875 0.059375 0.05078125
0 0.396875 0.4541015625 0.059375 0.052734375
0 0.3828125 0.591796875 0.059375 0.0546875
0 0.5734375 0.341796875 0.059375 0.05078125
0 0.703125 0.6357421875 0.059375 0.052734375
0 0.4890625 0.826171875 0.059375 0.05078125
0 0.5609375 0.1484375 0.059375 0.0546875
0 0.5328125 0.419921875 0.059375 0.05078125
0 0.6109375 0.595703125 0.059375 0.05078125
0 0.55546875 0.810546875 0.0609375 0.05078125
0 0.42109375 0.8447265625 0.0609375 0.052734375
0 0.16953125 0.451171875 0.0609375 0.05078125
0 0.59921875 0.4013671875 0.0609375 0.052734375
0 0.7453125 0.55859375 0.059375 0.05078125
0 0.253125 0.2978515625 0.059375 0.052734375
0 0.46328125 0.767578125 0.0609375 0.0546875
0 0.6515625 0.51953125 0.059375 0.0546875
0 0.303125 0.4130859375 0.059375 0.052734375
0 0.61328125 0.2646484375 0.0609375 0.052734375
0 0.4375 0.37890625 0.059375 0.05078125
0 0.6390625 0.32421875 0.059375 0.0546875
0 0.2109375 0.373046875 0.059375 0.05078125
0 0.1171875 0.33203125 0.059375 0.05078125
0 0.34296875 0.3369140625 0.0609375 0.052734375
0 0.6890625 0.7724609375 0.059375 0.052734375
0 0.596875 0.73046875 0.059375 0.05078125
0 0.69140625 0.4423828125 0.0609375 0.052734375
0 0.825 0.73828125 0.059375 0.05078125
0 0.7296875 0.6953125 0.059375 0.0546875
0 0.246875 0.626953125 0.059375 0.05078125
