0 0.71171875 0.7451171875 0.0390625 0.048828125
0 0.54921875 0.3076171875 0.0390625 0.048828125
0 0.69921875 0.2275390625 0.0390625 0.048828125
0 0.68828125 0.5595703125 0.0390625 0.048828125
0 0.51015625 0.1982421875 0.0390625 0.048828125
0 0.64765625 0.4501953125 0.0390625 0.048828125
0 0.78671875 0.7021484375 0.0390625 0.048828125
0 0.58984375 0.4169921875 0.0390625 0.048828125
0 0.41484375 0.3134765625 0.0390625 0.048828125
0 0.68515625 0.4306640625 0.0390625 0.048828125
0 0.54765625 0.1787109375 0.0390625 0.048828125
0 0.61015625 0.4716796875 0.0390625 0.048828125
0 0.65078125 0.5791015625 0.0390625 0.048828125
0 0.57734375 0.7529296875 0.0390625 0.048828125
0 0.53671875 0.6435546875 0.0390625 0.048828125
0 0.51328125 0.4580078125 0.0390625 0.048828125
0 0.74921875 0.7236328125 0.0390625 0.048828125
0 0.67421875 0.7666015625 0.0390625 0.048828125
0 0.66015625 0.1201171875 0.0390625 0.048828125
0 0.55234375 0.4365234375 0.0390625 0.048828125
0 0.74609375 0.5927734375 0.0390625 0.048828125
0 0.49609375 0.5322265625 0.0390625 0.048828125
0 0.67109375 0.6337890625 0.0390625 0.048828125
0 0.57265625 0.4912109375 0.0390625 0.048828125
0 0.47109375 0.2177734375 0.0390625 0.048828125
0 0.65234375 0.7099609375 0.0390625 0.048828125
0 0.58828125 0.2880859375 0.0390625 0.048828125
0 0.72578125 0.5380859375 0.0390625 0.048828125
0 0.57421875 0.6220703125 0.0390625 0.048828125
0 0.61171875 0.6005859375 0.0390625 0.048828125
0 0.76328125 0.5185546875 0.0390625 0.048828125
0 0.55390625 0.5673828125 0.0390625 0.048828125
0 0.51171875 0.3271484375 0.0390625 0.048828125
0 0.64609375 0.3212890625 0.0390625 0.048828125
0 0.47421875 0.3486328125 0.0390625 0.048828125
0 0.43359375 0.2392578125 0.0390625 0.048828125
0 0.68203125 0.3017578125 0.0390625 0.048828125
0 0.73984375 0.3369140625 0.0390625 0.048828125
0 0.43515625 0.3681640625 0.0390625 0.048828125
0 0.62578125 0.2685546875 0.0390625 0.048828125
0 0.82421875 0.6806640625 0.0390625 0.048828125
0 0.72265625 0.4111328125 0.0390625 0.048828125
0 0.80390625 0.6279296875 0.0390625 0.048828125
0 0.62265625 0.1396484375 0.0390625 0.048828125
0 0.63515625 0.7880859375 0.0390625 0.048828125
0 0.78359375 0.5732421875 0.0390625 0.048828125
0 0.66328125 0.2490234375 0.0390625 0.048828125
0 0.60703125 0.3427734375 0.0390625 0.048828125
0 0.71953125 0.2822265625 0.0390625 0.048828125
0 0.70546875 0.4853515625 0.0390625 0.048828125
0 0.45546875 0.4228515625 0.0390625 0.048828125
0 0.76015625 0.3896484375 0.0390625 0.048828125
0 0.58515625 0.1591796875 0.0390625 0.048828125
0 0.53359375 0.5126953125 0.0390625 0.048828125
0 0.61484375 0.7314453125 0.0390625 0.048828125
0 0.59453125 0.6767578125 0.0390625 0.048828125
0 0.86015625 0.6611328125 0.0390625 0.048828125
0 0.56953125 0.3623046875 0.0390625 0.048828125
0 0.79921875 0.4970703125 0.0390625 0.048828125
0 0.49453125 0.4033203125 0.0390625 0.048828125
0 0.56796875 0.2333984375 0.0390625 0.048828125
0 0.69140625 0.6884765625 0.0390625 0.048828125
0 0.70234375 0.3564453125 0.0390625 0.048828125
0 0.45390625 0.2939453125 0.0390625 0.048828125
0 0.66484375 0.3759765625 0.0390625 0.048828125
0 0.70859375 0.6142578125 0.0390625 0.048828125
0 0.59296875 0.5458984375 0.0390625 0.048828125
0 0.72890625 0.6689453125 0.0390625 0.048828125
0 0.39453125 0.2587890625 0.0390625 0.048828125
0 0.53203125 0.3818359375 0.0390625 0.048828125
0 0.63046875 0.5263671875 0.0390625 0.048828125
0 0.59765625 0.8095703125 0.0390625 0.048828125
0 0.47578125 0.4775390625 0.0390625 0.048828125
0 0.81953125 0.5517578125 0.0390625 0.048828125
0 0.64296875 0.1943359375 0.0390625 0.048828125
0 0.76640625 0.6474609375 0.0390625 0.048828125
0 0.62734375 0.3974609375 0.0390625 0.048828125
0 0.63203125 0.6552734375 0.0390625 0.048828125
0 0.66796875 0.5048828125 0.0390625 0.048828125
0 0.83984375 0.6064453125 0.0390625 0.048828125
0 0.49140625 0.2724609375 0.0390625 0.048828125
0 0.53046875 0.2529296875 0.0390625 0.048828125
0 0.74296875 0.4638671875 0.0390625 0.048828125
0 0.51640625 0.5869140625 0.0390625 0.048828125
0 0.68046875 0.1748046875 0.0390625 0.048828125
0 0.78046875 0.4443359375 0.0390625 0.048828125
0 0.55703125 0.6982421875 0.0390625 0.048828125
0 0.60546875 0.2138671875 0.0390625 0.048828125
