0 0.29140625 0.4658203125 0.0390625 0.048828125
0 0.19453125 0.3564453125 0.0390625 0.048828125
0 0.52109375 0.3701171875 0.0390625 0.048828125
0 0.42109375 0.2607421875 0.0390625 0.048828125
0 0.39609375 0.7001953125 0.0390625 0.048828125
0 0.62109375 0.4814453125 0.0390625 0.048828125
0 0.52734375 0.4951171875 0.0390625 0.048828125
0 0.43671875 0.5693359375 0.0390625 0.048828125
0 0.19921875 0.4794921875 0.0390625 0.048828125
0 0.56015625 0.2392578125 0.0390625 0.048828125
0 0.19609375 0.4169921875 0.0390625 0.048828125
0 0.29765625 0.5888671875 0.0390625 0.048828125
0 0.42734375 0.3837890625 0.0390625 0.048828125
0 0.42421875 0.3232421875 0.0390625 0.048828125
0 0.60859375 0.2333984375 0.0390625 0.048828125
0 0.53359375 0.6181640625 0.0390625 0.048828125
0 0.30078125 0.6494140625 0.0390625 0.048828125
0 0.62734375 0.6064453125 0.0390625 0.048828125
0 0.20546875 0.6005859375 0.0390625 0.048828125
0 0.52421875 0.4326171875 0.0390625 0.048828125
0 0.20859375 0.6630859375 0.0390625 0.048828125
0 0.24921875 0.5341796875 0.0390625 0.048828125
0 0.16015625 0.6083984375 0.0390625 0.048828125
0 0.29453125 0.5263671875 0.0390625 0.048828125
0 0.24609375 0.4716796875 0.0390625 0.048828125
0 0.38359375 0.4521484375 0.0390625 0.048828125
0 0.28828125 0.4033203125 0.0390625 0.048828125
0 0.43359375 0.5087890625 0.0390625 0.048828125
0 0.57421875 0.4873046875 0.0390625 0.048828125
0 0.32890625 0.2744140625 0.0390625 0.048828125
0 0.28515625 0.3427734375 0.0390625 0.048828125
0 0.14765625 0.3623046875 0.0390625 0.048828125
0 0.16328125 0.6689453125 0.0390625 0.048828125
0 0.38671875 0.5146484375 0.0390625 0.048828125
0 0.62421875 0.5439453125 0.0390625 0.048828125
0 0.43984375 0.6318359375 0.0390625 0.048828125
0 0.30390625 0.7119140625 0.0390625 0.048828125
0 0.48671875 0.6240234375 0.0390625 0.048828125
0 0.61171875 0.2958984375 0.0390625 0.048828125
0 0.47421875 0.3779296875 0.0390625 0.048828125
0 0.34765625 0.6435546875 0.0390625 0.048828125
0 0.25546875 0.6572265625 0.0390625 0.048828125
0 0.25703125 0.7177734375 0.0390625 0.048828125
0 0.34453125 0.5830078125 0.0390625 0.048828125
0 0.33828125 0.4580078125 0.0390625 0.048828125
0 0.39296875 0.6376953125 0.0390625 0.048828125
0 0.24296875 0.4111328125 0.0390625 0.048828125
0 0.15703125 0.5458984375 0.0390625 0.048828125
0 0.48359375 0.5634765625 0.0390625 0.048828125
0 0.38984375 0.5751953125 0.0390625 0.048828125
0 0.38046875 0.3916015625 0.0390625 0.048828125
0 0.53671875 0.6806640625 0.0390625 0.048828125
0 0.53046875 0.5576171875 0.0390625 0.048828125
0 0.44296875 0.6943359375 0.0390625 0.048828125
0 0.57109375 0.4267578125 0.0390625 0.048828125
0 0.58359375 0.6748046875 0.0390625 0.048828125
0 0.23671875 0.2880859375 0.0390625 0.048828125
0 0.21171875 0.7236328125 0.0390625 0.048828125
0 0.20234375 0.5400390625 0.0390625 0.048828125
0 0.51640625 0.3095703125 0.0390625 0.048828125
0 0.43046875 0.4462890625 0.0390625 0.048828125
0 0.47109375 0.3154296875 0.0390625 0.048828125
0 0.33203125 0.3369140625 0.0390625 0.048828125
0 0.56796875 0.3642578125 0.0390625 0.048828125
0 0.37421875 0.2685546875 0.0390625 0.048828125
0 0.34140625 0.5205078125 0.0390625 0.048828125
0 0.33515625 0.3974609375 0.0390625 0.048828125
0 0.19140625 0.2939453125 0.0390625 0.048828125
0 0.63203125 0.6689453125 0.0390625 0.048828125
0 0.61484375 0.3564453125 0.0390625 0.048828125
0 0.58046875 0.6123046875 0.0390625 0.048828125
0 0.51328125 0.2470703125 0.0390625 0.048828125
0 0.56328125 0.3017578125 0.0390625 0.048828125
0 0.48046875 0.5009765625 0.0390625 0.048828125
0 0.57734375 0.5498046875 0.0390625 0.048828125
0 0.61796875 0.4189453125 0.0390625 0.048828125
0 0.15390625 0.4853515625 0.0390625 0.048828125
0 0.15078125 0.4248046875 0.0390625 0.048828125
0 0.28203125 0.2822265625 0.0390625 0.048828125
0 0.14453125 0.3017578125 0.0390625 0.048828125
0 0.25234375 0.5947265625 0.0390625 0.048828125
0 0.47734375 0.4404296875 0.0390625 0.048828125
0 0.35078125 0.7060546875 0.0390625 0.048828125
0 0.46796875 0.2548828125 0.0390625 0.048828125
0 0.48984375 0.6865234375 0.0390625 0.048828125
0 0.23984375 0.3486328125 0.0390625 0.048828125
0 0.37734375 0.3291015625 0.0390625 0.048828125
0 0.16484375 0.7314453125 0.0390625 0.048828125
