0 0.61171875 0.5478515625 0.0390625 0.048828125
0 0.55390625 0.7021484375 0.0390625 0.048828125
0 0.22578125 0.3564453125 0.0390625 0.048828125
0 0.59140625 0.4208984375 0.0390625 0.048828125
0 0.56171875 0.4990234375 0.0390625 0.048828125
0 0.38359375 0.6259765625 0.0390625 0.048828125
0 0.62109375 0.6123046875 0.0390625 0.048828125
0 0.58203125 0.6259765625 0.0390625 0.048828125
0 0.25859375 0.7978515625 0.0390625 0.048828125
0 0.27109375 0.4052734375 0.0390625 0.048828125
0 0.40390625 0.7509765625 0.0390625 0.048828125
0 0.33671875 0.5771484375 0.0390625 0.048828125
0 0.35703125 0.7001953125 0.0390625 0.048828125
0 0.53359375 0.5751953125 0.0390625 0.048828125
0 0.44140625 0.7392578125 0.0390625 0.048828125
0 0.59296875 0.6884765625 0.0390625 0.048828125
0 0.35234375 0.4404296875 0.0390625 0.048828125
0 0.47734375 0.7255859375 0.0390625 0.048828125
0 0.36328125 0.5009765625 0.0390625 0.048828125
0 0.46484375 0.3994140625 0.0390625 0.048828125
0 0.57109375 0.2939453125 0.0390625 0.048828125
0 0.48515625 0.5244140625 0.0390625 0.048828125
0 0.29765625 0.3291015625 0.0390625 0.048828125
0 0.31015625 0.6513671875 0.0390625 0.048828125
0 0.24609375 0.4794921875 0.0390625 0.048828125
0 0.41015625 0.5517578125 0.0390625 0.048828125
0 0.39140625 0.4267578125 0.0390625 0.048828125
0 0.32109375 0.7119140625 0.0390625 0.048828125
0 0.51328125 0.4482421875 0.0390625 0.048828125
0 0.42734375 0.4130859375 0.0390625 0.048828125
0 0.43046875 0.6748046875 0.0390625 0.048828125
0 0.34765625 0.6376953125 0.0390625 0.048828125
0 0.52265625 0.2451171875 0.0390625 0.048828125
0 0.60078125 0.4853515625 0.0390625 0.048828125
0 0.23984375 0.6767578125 0.0390625 0.048828125
0 0.52265625 0.5107421875 0.0390625 0.048828125
0 0.50234375 0.3857421875 0.0390625 0.048828125
0 0.51484375 0.7138671875 0.0390625 0.048828125
0 0.54140625 0.3720703125 0.0390625 0.048828125
0 0.56171875 0.2294921875 0.0390625 0.048828125
0 0.57109375 0.5615234375 0.0390625 0.048828125
0 0.32734375 0.5146484375 0.0390625 0.048828125
0 0.41953125 0.6142578125 0.0390625 0.048828125
0 0.47578125 0.4619140625 0.0390625 0.048828125
0 0.49609375 0.5869140625 0.0390625 0.048828125
0 0.43828125 0.4755859375 0.0390625 0.048828125
0 0.29453125 0.7861328125 0.0390625 0.048828125
0 0.44609375 0.2744140625 0.0390625 0.048828125
0 0.31796875 0.4541015625 0.0390625 0.048828125
0 0.28515625 0.7255859375 0.0390625 0.048828125
0 0.26484375 0.6025390625 0.0390625 0.048828125
0 0.40078125 0.4892578125 0.0390625 0.048828125
0 0.34453125 0.3779296875 0.0390625 0.048828125
0 0.30546875 0.3896484375 0.0390625 0.048828125
0 0.37109375 0.3017578125 0.0390625 0.048828125
0 0.55234375 0.4345703125 0.0390625 0.048828125
0 0.23515625 0.4169921875 0.0390625 0.048828125
0 0.45859375 0.6005859375 0.0390625 0.048828125
0 0.48359375 0.2587890625 0.0390625 0.048828125
0 0.40859375 0.2880859375 0.0390625 0.048828125
0 0.44765625 0.5380859375 0.0390625 0.048828125
0 0.19921875 0.4306640625 0.0390625 0.048828125
0 0.63203125 0.6767578125 0.0390625 0.048828125
0 0.54453125 0.6376953125 0.0390625 0.048828125
0 0.27421875 0.6630859375 0.0390625 0.048828125
0 0.39296875 0.6884765625 0.0390625 0.048828125
0 0.58046875 0.3583984375 0.0390625 0.048828125
0 0.36640625 0.7626953125 0.0390625 0.048828125
0 0.53203125 0.3076171875 0.0390625 0.048828125
0 0.37421875 0.5634765625 0.0390625 0.048828125
0 0.30078125 0.5888671875 0.0390625 0.048828125
0 0.24921875 0.7373046875 0.0390625 0.048828125
0 0.32890625 0.7744140625 0.0390625 0.048828125
0 0.21015625 0.4931640625 0.0390625 0.048828125
0 0.33359375 0.3154296875 0.0390625 0.048828125
0 0.50546875 0.6513671875 0.0390625 0.048828125
0 0.29140625 0.5283203125 0.0390625 0.048828125
0 0.21953125 0.5517578125 0.0390625 0.048828125
0 0.49453125 0.3232421875 0.0390625 0.048828125
0 0.28203125 0.4658203125 0.0390625 0.048828125
0 0.22890625 0.6142578125 0.0390625 0.048828125
0 0.38046875 0.3642578125 0.0390625 0.048828125
0 0.26171875 0.3427734375 0.0390625 0.048828125
0 0.46796875 0.6630859375 0.0390625 0.048828125
0 0.45546875 0.3369140625 0.0390625 0.048828125
0 0.41796875 0.3505859375 0.0390625 0.048828125
0 0.18984375 0.3701171875 0.0390625 0.048828125
0 0.25546875 0.5400390625 0.0390625 0.048828125
