0 0.6375 0.396484375 0.028125 0.04296875
0 0.63828125 0.5 0.0265625 0.0390625
0 0.371875 0.58203125 0.028125 0.0390625
0 0.53984375 0.66796875 0.0296875 0.04296875
0 0.5359375 0.462890625 0.028125 0.0390625
0 0.471875 0.6748046875 0.028125 0.041015625
0 0.47421875 0.77734375 0.0296875 0.0390625
0 0.5375 0.564453125 0.028125 0.0390625
0 0.50390625 0.568359375 0.0265625 0.04296875
0 0.5359375 0.5126953125 0.028125 0.041015625
0 0.37109375 0.5322265625 0.0265625 0.041015625
0 0.3359375 0.435546875 0.03125 0.0390625
0 0.40390625 0.580078125 0.0265625 0.0390625
0 0.403125 0.52734375 0.028125 0.0390625
0 0.37265625 0.6337890625 0.0265625 0.037109375
0 0.50625 0.6708984375 0.03125 0.041015625
0 0.6453125 0.763671875 0.03125 0.04296875
0 0.57109375 0.5087890625 0.0265625 0.041015625
0 0.434375 0.4228515625 0.03125 0.041015625
0 0.60859375 0.662109375 0.0265625 0.0390625
0 0.33984375 0.63671875 0.0265625 0.0390625
0 0.5703125 0.4580078125 0.028125 0.041015625
0 0.46953125 0.470703125 0.0265625 0.0390625
0 0.6421875 0.7099609375 0.028125 0.041015625
0 0.34140625 0.6875 0.0296875 0.0390625
0 0.60546875 0.5048828125 0.0296875 0.041015625
0 0.440625 0.728515625 0.028125 0.04296875
0 0.50234375 0.517578125 0.0265625 0.0390625
0 0.57109375 0.5595703125 0.0265625 0.041015625
0 0.60390625 0.4541015625 0.0265625 0.041015625
0 0.4015625 0.427734375 0.03125 0.0390625
0 0.57265625 0.6650390625 0.0296875 0.041015625
0 0.37578125 0.734375 0.0265625 0.0390625
0 0.403125 0.4775390625 0.028125 0.041015625
0 0.47265625 0.7255859375 0.0265625 0.041015625
0 0.34296875 0.73828125 0.0265625 0.04296875
0 0.6078125 0.6083984375 0.028125 0.041015625
0 0.440625 0.779296875 0.03125 0.0390625
0 0.5046875 0.6201171875 0.028125 0.041015625
0 0.37421875 0.6845703125 0.0296875 0.041015625
0 0.56875 0.4052734375 0.028125 0.041015625
0 0.67578125 0.49609375 0.0265625 0.04296875
0 0.60546875 0.5576171875 0.0296875 0.041015625
0 0.68046875 0.7607421875 0.0265625 0.041015625
0 0.43671875 0.5234375 0.0265625 0.04296875
0 0.4671875 0.4189453125 0.03125 0.041015625
0 0.64140625 0.5537109375 0.0265625 0.041015625
0 0.67890625 0.70703125 0.0296875 0.0390625
0 0.409375 0.783203125 0.028125 0.04296875
0 0.4375 0.5751953125 0.028125 0.041015625
0 0.603125 0.400390625 0.028125 0.0390625
0 0.3390625 0.5849609375 0.028125 0.041015625
0 0.3765625 0.78515625 0.028125 0.04296875
0 0.43515625 0.474609375 0.0265625 0.0390625
0 0.43828125 0.6259765625 0.0265625 0.041015625
0 0.57421875 0.6123046875 0.0265625 0.041015625
0 0.50234375 0.466796875 0.0265625 0.04296875
0 0.50703125 0.7744140625 0.0296875 0.041015625
0 0.6421875 0.6572265625 0.028125 0.041015625
0 0.40703125 0.6806640625 0.0296875 0.041015625
0 0.67265625 0.392578125 0.0296875 0.0390625
0 0.64140625 0.60546875 0.0265625 0.04296875
0 0.47109375 0.572265625 0.0265625 0.0390625
0 0.63984375 0.44921875 0.0296875 0.04296875
0 0.67734375 0.6025390625 0.0265625 0.041015625
0 0.6765625 0.654296875 0.028125 0.0390625
0 0.43984375 0.6787109375 0.0296875 0.037109375
0 0.53828125 0.6162109375 0.0265625 0.041015625
0 0.6109375 0.765625 0.028125 0.04296875
0 0.37109375 0.4814453125 0.0265625 0.037109375
0 0.33828125 0.5361328125 0.0265625 0.041015625
0 0.4046875 0.6298828125 0.028125 0.041015625
0 0.3703125 0.431640625 0.028125 0.04296875
0 0.57578125 0.767578125 0.0265625 0.04296875
0 0.50078125 0.4150390625 0.0296875 0.041015625
0 0.675 0.4453125 0.028125 0.0390625
0 0.575 0.716796875 0.028125 0.0390625
0 0.47109375 0.623046875 0.0265625 0.04296875
0 0.33828125 0.4853515625 0.0265625 0.041015625
0 0.5421875 0.7197265625 0.028125 0.041015625
0 0.5421875 0.7705078125 0.028125 0.041015625
0 0.67578125 0.548828125 0.0265625 0.04296875
0 0.609375 0.7119140625 0.028125 0.041015625
0 0.34375 0.7880859375 0.028125 0.041015625
0 0.53359375 0.4091796875 0.0296875 0.041015625
0 0.50703125 0.7216796875 0.0296875 0.041015625
0 0.40859375 0.732421875 0.0265625 0.0390625
0 0.46875 0.521484375 0.028125 0.04296875
