0 0.52578125 0.2998046875 0.0390625 0.048828125
0 0.66328125 0.3330078125 0.0390625 0.048828125
0 0.38671875 0.2666015625 0.0390625 0.048828125
0 0.61015625 0.2841796875 0.0390625 0.048828125
0 0.47265625 0.2509765625 0.0390625 0.048828125
0 0.58671875 0.1728515625 0.0390625 0.048828125
0 0.56015625 0.4697265625 0.0390625 0.048828125
0 0.48671875 0.5419921875 0.0390625 0.048828125
0 0.51015625 0.6572265625 0.0390625 0.048828125
0 0.63984375 0.2216796875 0.0390625 0.048828125
0 0.50234375 0.1865234375 0.0390625 0.048828125
0 0.57890625 0.3486328125 0.0390625 0.048828125
0 0.55703125 0.2353515625 0.0390625 0.048828125
0 0.44921875 0.1376953125 0.0390625 0.048828125
0 0.36328125 0.1533203125 0.0390625 0.048828125
0 0.58359375 0.5830078125 0.0390625 0.048828125
0 0.47578125 0.4853515625 0.0390625 0.048828125
0 0.62578125 0.5732421875 0.0390625 0.048828125
0 0.44140625 0.3154296875 0.0390625 0.048828125
0 0.43671875 0.7333984375 0.0390625 0.048828125
0 0.65078125 0.6884765625 0.0390625 0.048828125
0 0.46484375 0.4287109375 0.0390625 0.048828125
0 0.41015625 0.3798828125 0.0390625 0.048828125
0 0.68671875 0.4443359375 0.0390625 0.048828125
0 0.53046875 0.5341796875 0.0390625 0.048828125
0 0.69921875 0.5009765625 0.0390625 0.048828125
0 0.45703125 0.6083984375 0.0390625 0.048828125
0 0.42421875 0.6748046875 0.0390625 0.048828125
0 0.54140625 0.5908203125 0.0390625 0.048828125
0 0.61484375 0.5166015625 0.0390625 0.048828125
0 0.41796875 0.2021484375 0.0390625 0.048828125
0 0.56640625 0.7060546875 0.0390625 0.048828125
0 0.59609375 0.6396484375 0.0390625 0.048828125
0 0.32109375 0.1591796875 0.0390625 0.048828125
0 0.49921875 0.6005859375 0.0390625 0.048828125
0 0.73515625 0.6708984375 0.0390625 0.048828125
0 0.53359375 0.1240234375 0.0390625 0.048828125
0 0.68046875 0.6220703125 0.0390625 0.048828125
0 0.57578125 0.1162109375 0.0390625 0.048828125
0 0.49453125 0.3642578125 0.0390625 0.048828125
0 0.63828125 0.6318359375 0.0390625 0.048828125
0 0.54921875 0.4130859375 0.0390625 0.048828125
0 0.37578125 0.2099609375 0.0390625 0.048828125
0 0.38984375 0.5009765625 0.0390625 0.048828125
0 0.42109375 0.4365234375 0.0390625 0.048828125
0 0.53671875 0.3564453125 0.0390625 0.048828125
0 0.64453125 0.4521484375 0.0390625 0.048828125
0 0.61796875 0.1103515625 0.0390625 0.048828125
0 0.33203125 0.2158203125 0.0390625 0.048828125
0 0.40078125 0.5595703125 0.0390625 0.048828125
0 0.60234375 0.4599609375 0.0390625 0.048828125
0 0.44453125 0.5517578125 0.0390625 0.048828125
0 0.35546875 0.3310546875 0.0390625 0.048828125
0 0.52265625 0.7138671875 0.0390625 0.048828125
0 0.66953125 0.5654296875 0.0390625 0.048828125
0 0.71015625 0.5576171875 0.0390625 0.048828125
0 0.62109375 0.3408203125 0.0390625 0.048828125
0 0.40703125 0.1455078125 0.0390625 0.048828125
0 0.46015625 0.1943359375 0.0390625 0.048828125
0 0.41328125 0.6162109375 0.0390625 0.048828125
0 0.39765625 0.3232421875 0.0390625 0.048828125
0 0.48046875 0.7236328125 0.0390625 0.048828125
0 0.48359375 0.3076171875 0.0390625 0.048828125
0 0.37890625 0.4443359375 0.0390625 0.048828125
0 0.67578125 0.3876953125 0.0390625 0.048828125
0 0.59140625 0.4052734375 0.0390625 0.048828125
0 0.50703125 0.4208984375 0.0390625 0.048828125
0 0.6921875 0.6806640625 0.03125 0.048828125
0 0.51796875 0.4775390625 0.0390625 0.048828125
0 0.55390625 0.6474609375 0.0390625 0.048828125
0 0.45234375 0.3720703125 0.0390625 0.048828125
0 0.59921875 0.2275390625 0.0390625 0.048828125
0 0.63359375 0.3955078125 0.0390625 0.048828125
0 0.72265625 0.6142578125 0.0390625 0.048828125
0 0.49140625 0.1318359375 0.0390625 0.048828125
0 0.51484375 0.2431640625 0.0390625 0.048828125
0 0.56796875 0.2919921875 0.0390625 0.048828125
0 0.36640625 0.3876953125 0.0390625 0.048828125
0 0.46796875 0.6650390625 0.0390625 0.048828125
0 0.62890625 0.1650390625 0.0390625 0.048828125
0 0.42890625 0.2587890625 0.0390625 0.048828125
0 0.57265625 0.5263671875 0.0390625 0.048828125
0 0.60859375 0.6962890625 0.0390625 0.048828125
0 0.54609375 0.1806640625 0.0390625 0.048828125
0 0.65703125 0.5087890625 0.0390625 0.048828125
0 0.65234375 0.2763671875 0.0390625 0.048828125
0 0.34453125 0.2724609375 0.0390625 0.048828125
0 0.43359375 0.4931640625 0.0390625 0.048828125
