0 0.4703125 0.373046875 0.0625 0.05078125
0 0.590625 0.515625 0.0625 0.05078125
0 0.4453125 0.2041015625 0.0625 0.048828125
0 0.72421875 0.443359375 0.0609375 0.05078125
0 0.4359375 0.8037109375 0.0625 0.048828125
0 0.29375 0.4990234375 0.0625 0.048828125
0 0.209375 0.603515625 0.0625 0.05078125
0 0.28125 0.4150390625 0.0625 0.048828125
0 0.578125 0.4345703125 0.0625 0.048828125
0 0.196875 0.51953125 0.0625 0.05078125
0 0.7546875 0.30859375 0.0625 0.05078125
0 0.7671875 0.390625 0.0625 0.05078125
0 0.3640625 0.310546875 0.0625 0.05078125
0 0.6078125 0.298828125 0.0625 0.05078125
0 0.1671875 0.6552734375 0.0625 0.048828125
0 0.31875 0.6630859375 0.0625 0.048828125
0 0.4578125 0.2890625 0.0625 0.05078125
0 0.44375 0.5068359375 0.0625 0.048828125
0 0.646875 0.24609375 0.0625 0.05078125
0 0.30625 0.5810546875 0.0625 0.048828125
0 0.5078125 0.619140625 0.0625 0.05078125
0 0.60234375 0.59765625 0.0609375 0.05078125
0 0.4828125 0.455078125 0.0625 0.05078125
0 0.6203125 0.3828125 0.0625 0.05078125
0 0.32890625 0.74609375 0.0609375 0.05078125
0 0.659375 0.328125 0.0625 0.05078125
0 0.125 0.705078125 0.0625 0.05078125
0 0.41328125 0.6416015625 0.0609375 0.048828125
0 0.684375 0.4951171875 0.0625 0.048828125
0 0.465625 0.671875 0.0625 0.05078125
0 0.1125 0.625 0.0625 0.05078125
0 0.221875 0.685546875 0.0625 0.05078125
0 0.2859375 0.7978515625 0.0625 0.048828125
0 0.38359375 0.7734375 0.0609375 0.05078125
0 0.2640625 0.6328125 0.0625 0.05078125
0 0.4234375 0.7236328125 0.0625 0.048828125
0 0.3765625 0.39453125 0.0625 0.05078125
0 0.4015625 0.55859375 0.0625 0.05078125
0 0.5 0.236328125 0.0625 0.05078125
0 0.56015625 0.6494140625 0.0609375 0.048828125
0 0.7765625 0.47265625 0.0625 0.05078125
0 0.1796875 0.7373046875 0.0625 0.048828125
0 0.3890625 0.4765625 0.0625 0.05078125
0 0.7015625 0.2783203125 0.0625 0.048828125
0 0.54765625 0.5673828125 0.0609375 0.048828125
0 0.540625 0.1845703125 0.0625 0.048828125
0 0.553125 0.2666015625 0.0625 0.048828125
0 0.3609375 0.611328125 0.0625 0.05078125
0 0.525 0.40234375 0.0625 0.05078125
0 0.4953125 0.537109375 0.0625 0.05078125
0 0.4859375 0.15234375 0.0625 0.05078125
0 0.41875 0.3408203125 0.0625 0.048828125
0 0.37109375 0.693359375 0.0609375 0.05078125
0 0.671875 0.4130859375 0.0625 0.048828125
0 0.5125 0.3203125 0.0625 0.05078125
0 0.85859375 0.369140625 0.0609375 0.05078125
0 0.80625 0.3388671875 0.0625 0.048828125
0 0.565625 0.3505859375 0.0625 0.048828125
0 0.4453125 0.8857421875 0.0625 0.048828125
0 0.5375 0.484375 0.0625 0.05078125
0 0.51796875 0.701171875 0.0609375 0.05078125
0 0.3484375 0.529296875 0.0625 0.05078125
0 0.2390625 0.466796875 0.0625 0.05078125
0 0.34140625 0.826171875 0.0609375 0.05078125
0 0.6328125 0.46484375 0.0625 0.05078125
0 0.53046875 0.783203125 0.0609375 0.05078125
0 0.321875 0.36328125 0.0625 0.05078125
0 0.403125 0.2587890625 0.0625 0.048828125
0 0.43125 0.4248046875 0.0625 0.048828125
0 0.4875 0.833984375 0.0625 0.05078125
0 0.6421875 0.546875 0.0625 0.05078125
0 0.6546875 0.626953125 0.0625 0.05078125
0 0.2515625 0.55078125 0.0625 0.05078125
0 0.69453125 0.5771484375 0.0609375 0.048828125
0 0.478125 0.75390625 0.0625 0.05078125
0 0.81875 0.4208984375 0.0625 0.048828125
0 0.6125 0.6796875 0.0625 0.05078125
0 0.73671875 0.525390625 0.0609375 0.05078125
0 0.0703125 0.677734375 0.0625 0.05078125
0 0.234375 0.767578125 0.0625 0.05078125
0 0.57265625 0.7314453125 0.0609375 0.048828125
0 0.39375 0.85546875 0.0625 0.05078125
0 0.334375 0.447265625 0.0625 0.05078125
0 0.2765625 0.71484375 0.0625 0.05078125
0 0.45625 0.5888671875 0.0625 0.048828125
0 0.5953125 0.21484375 0.0625 0.05078125
0 0.1546875 0.5712890625 0.0625 0.048828125
0 0.7140625 0.361328125 0.0625 0.05078125
