0 0.3296875 0.4013671875 0.0375 0.048828125
0 0.7296875 0.2265625 0.0375 0.046875
0 0.6640625 0.408203125 0.040625 0.046875
0 0.5875 0.2685546875 0.040625 0.048828125
0 0.5484375 0.298828125 0.0375 0.046875
0 0.7140625 0.501953125 0.0375 0.046875
0 0.675 0.533203125 0.040625 0.046875
0 0.6125 0.3154296875 0.040625 0.048828125
0 0.7015625 0.37890625 0.040625 0.046875
0 0.7796875 0.5185546875 0.040625 0.048828125
0 0.6390625 0.1630859375 0.040625 0.048828125
0 0.8703125 0.380859375 0.0375 0.046875
0 0.45859375 0.4345703125 0.0390625 0.048828125
0 0.5609375 0.4208984375 0.040625 0.048828125
0 0.59921875 0.3935546875 0.0390625 0.048828125
0 0.49453125 0.6064453125 0.0390625 0.048828125
0 0.76796875 0.1953125 0.0390625 0.046875
0 0.84375 0.3359375 0.0375 0.046875
0 0.6375 0.564453125 0.0375 0.046875
0 0.39375 0.41796875 0.040625 0.046875
0 0.81875 0.2890625 0.0375 0.046875
0 0.8046875 0.3662109375 0.040625 0.048828125
0 0.46953125 0.55859375 0.0390625 0.046875
0 0.6390625 0.3642578125 0.040625 0.048828125
0 0.7796875 0.318359375 0.040625 0.046875
0 0.48125 0.6826171875 0.040625 0.048828125
0 0.509375 0.529296875 0.040625 0.046875
0 0.48515625 0.2822265625 0.0390625 0.048828125
0 0.753125 0.2734375 0.040625 0.046875
0 0.40703125 0.3408203125 0.0390625 0.048828125
0 0.6234375 0.6416015625 0.040625 0.048828125
0 0.753125 0.4736328125 0.040625 0.044921875
0 0.36875 0.3701171875 0.040625 0.048828125
0 0.6515625 0.2841796875 0.0375 0.048828125
0 0.584375 0.6708984375 0.0375 0.048828125
0 0.765625 0.3955078125 0.0375 0.048828125
0 0.728125 0.4267578125 0.040625 0.048828125
0 0.59921875 0.59375 0.0390625 0.046875
0 0.73984375 0.548828125 0.0390625 0.046875
0 0.48515625 0.4814453125 0.0390625 0.048828125
0 0.57265625 0.5458984375 0.0390625 0.048828125
0 0.58671875 0.46875 0.0390625 0.046875
0 0.54765625 0.4990234375 0.0390625 0.044921875
0 0.521875 0.453125 0.0375 0.046875
0 0.38046875 0.4951171875 0.0390625 0.048828125
0 0.41953125 0.4658203125 0.0390625 0.048828125
0 0.51171875 0.3291015625 0.0390625 0.048828125
0 0.534375 0.5771484375 0.040625 0.048828125
0 0.6765625 0.3330078125 0.040625 0.048828125
0 0.54609375 0.7021484375 0.0390625 0.048828125
0 0.71484375 0.3037109375 0.0390625 0.048828125
0 0.5234375 0.2529296875 0.0375 0.048828125
0 0.690625 0.2548828125 0.040625 0.048828125
0 0.62578125 0.439453125 0.0390625 0.046875
0 0.43359375 0.3896484375 0.0390625 0.048828125
0 0.83125 0.4111328125 0.040625 0.044921875
0 0.6109375 0.5166015625 0.0375 0.048828125
0 0.7921875 0.44140625 0.0375 0.046875
0 0.6625 0.6083984375 0.0375 0.048828125
0 0.4046875 0.5419921875 0.040625 0.048828125
0 0.85625 0.4580078125 0.0375 0.048828125
0 0.47265625 0.3583984375 0.0390625 0.048828125
0 0.44609375 0.3095703125 0.0390625 0.048828125
0 0.7171875 0.1025390625 0.040625 0.048828125
0 0.81796875 0.4892578125 0.0390625 0.048828125
0 0.57421875 0.3447265625 0.0390625 0.048828125
0 0.6890625 0.4560546875 0.0375 0.048828125
0 0.74140625 0.1494140625 0.0390625 0.044921875
0 0.703125 0.1796875 0.0375 0.046875
0 0.44375 0.5126953125 0.0375 0.044921875
0 0.79296875 0.2431640625 0.0390625 0.048828125
0 0.6265625 0.2392578125 0.0375 0.048828125
0 0.665625 0.2080078125 0.040625 0.048828125
0 0.496875 0.4052734375 0.0375 0.048828125
0 0.7015625 0.5791015625 0.040625 0.048828125
0 0.5625 0.2216796875 0.040625 0.048828125
0 0.35390625 0.4482421875 0.0390625 0.044921875
0 0.45625 0.63671875 0.040625 0.046875
0 0.50703125 0.73046875 0.0390625 0.046875
0 0.5359375 0.3759765625 0.040625 0.048828125
0 0.56015625 0.6220703125 0.0390625 0.048828125
0 0.740625 0.3486328125 0.0375 0.044921875
0 0.678125 0.1318359375 0.0375 0.048828125
0 0.65 0.486328125 0.040625 0.046875
0 0.43203125 0.5888671875 0.0390625 0.048828125
0 0.52109375 0.6533203125 0.0390625 0.048828125
0 0.6 0.1923828125 0.0375 0.048828125
0 0.89375 0.4287109375 0.040625 0.048828125
