0 0.675 0.357421875 0.040625 0.046875
0 0.55703125 0.439453125 0.0390625 0.046875
0 0.34375 0.24609375 0.040625 0.046875
0 0.48984375 0.5673828125 0.0390625 0.048828125
0 0.45625 0.6318359375 0.0375 0.048828125
0 0.58984375 0.3740234375 0.0390625 0.048828125
0 0.6234375 0.3095703125 0.0375 0.048828125
0 0.6515625 0.4775390625 0.0375 0.048828125
0 0.5515625 0.6708984375 0.040625 0.048828125
0 0.58671875 0.6044921875 0.0390625 0.048828125
0 0.37421875 0.4150390625 0.0390625 0.048828125
0 0.475 0.2236328125 0.040625 0.048828125
0 0.5234375 0.501953125 0.040625 0.046875
0 0.5765625 0.548828125 0.0375 0.046875
0 0.37890625 0.181640625 0.0390625 0.046875
0 0.54375 0.6142578125 0.040625 0.048828125
0 0.66171875 0.533203125 0.0390625 0.046875
0 0.5703125 0.263671875 0.040625 0.046875
0 0.47578125 0.74609375 0.0390625 0.046875
0 0.3546875 0.302734375 0.040625 0.046875
0 0.47109375 0.4541015625 0.0390625 0.048828125
0 0.44140625 0.28515625 0.0390625 0.046875
0 0.63828125 0.65234375 0.0390625 0.046875
0 0.671875 0.58984375 0.0375 0.046875
0 0.4609375 0.3984375 0.040625 0.046875
0 0.4078125 0.3505859375 0.0375 0.048828125
0 0.734375 0.6923828125 0.0375 0.044921875
0 0.43671875 0.51953125 0.0390625 0.046875
0 0.44609375 0.5751953125 0.0390625 0.048828125
0 0.3890625 0.2373046875 0.0375 0.048828125
0 0.603125 0.1982421875 0.0375 0.048828125
0 0.42734375 0.462890625 0.0390625 0.046875
0 0.64140625 0.4228515625 0.0390625 0.048828125
0 0.56640625 0.4921875 0.0390625 0.046875
0 0.6359375 0.1337890625 0.040625 0.048828125
0 0.53359375 0.55859375 0.0390625 0.046875
0 0.61875 0.541015625 0.040625 0.05078125
0 0.5796875 0.318359375 0.040625 0.046875
0 0.509375 0.6796875 0.040625 0.046875
0 0.3640625 0.359375 0.040625 0.046875
0 0.684375 0.412109375 0.040625 0.046875
0 0.503125 0.390625 0.040625 0.05078125
0 0.51875 0.7373046875 0.0375 0.048828125
0 0.45078125 0.341796875 0.0390625 0.046875
0 0.6546875 0.24609375 0.040625 0.046875
0 0.50859375 0.1591796875 0.0390625 0.048828125
0 0.60625 0.71875 0.040625 0.046875
0 0.56171875 0.7275390625 0.0390625 0.048828125
0 0.42265625 0.6982421875 0.0390625 0.048828125
0 0.465625 0.689453125 0.0375 0.046875
0 0.61328125 0.2548828125 0.0390625 0.048828125
0 0.484375 0.279296875 0.0375 0.046875
0 0.6953125 0.46875 0.040625 0.046875
0 0.628125 0.59765625 0.040625 0.05078125
0 0.559375 0.20703125 0.040625 0.046875
0 0.59375 0.142578125 0.040625 0.046875
0 0.7046875 0.5244140625 0.040625 0.048828125
0 0.6 0.4306640625 0.040625 0.048828125
0 0.48046875 0.5107421875 0.0390625 0.048828125
0 0.42265625 0.173828125 0.0390625 0.05078125
0 0.53671875 0.3271484375 0.0390625 0.048828125
0 0.39453125 0.5283203125 0.0390625 0.048828125
0 0.6484375 0.708984375 0.040625 0.046875
0 0.6078125 0.484375 0.040625 0.05078125
0 0.41796875 0.4072265625 0.0390625 0.048828125
0 0.546875 0.3828125 0.0375 0.046875
0 0.49375 0.333984375 0.040625 0.05078125
0 0.46484375 0.16796875 0.0390625 0.046875
0 0.725 0.6376953125 0.040625 0.048828125
0 0.49921875 0.623046875 0.0390625 0.046875
0 0.68203125 0.64453125 0.0390625 0.05078125
0 0.63125 0.3662109375 0.0375 0.048828125
0 0.4328125 0.755859375 0.040625 0.046875
0 0.3359375 0.1904296875 0.040625 0.048828125
0 0.40234375 0.5859375 0.0390625 0.046875
0 0.4125 0.6416015625 0.040625 0.048828125
0 0.52734375 0.2705078125 0.0390625 0.048828125
0 0.55078125 0.1513671875 0.0390625 0.048828125
0 0.6640625 0.3017578125 0.040625 0.048828125
0 0.39765625 0.2939453125 0.0390625 0.048828125
0 0.4328125 0.23046875 0.040625 0.05078125
0 0.690625 0.701171875 0.040625 0.05078125
0 0.384375 0.4716796875 0.040625 0.048828125
0 0.51875 0.2158203125 0.0375 0.048828125
0 0.51328125 0.447265625 0.0390625 0.05078125
0 0.71484375 0.5810546875 0.0390625 0.048828125
0 0.5953125 0.6640625 0.0375 0.05078125
0 0.646875 0.1904296875 0.040625 0.048828125
