0 0.6796875 0.6142578125 0.046875 0.056640625
0 0.375 0.5771484375 0.04375 0.060546875
0 0.5953125 0.6982421875 0.046875 0.060546875
0 0.7734375 0.4326171875 0.046875 0.056640625
0 0.68828125 0.5185546875 0.0453125 0.056640625
0 0.39375 0.8154296875 0.046875 0.060546875
0 0.76484375 0.5263671875 0.0453125 0.060546875
0 0.2921875 0.6611328125 0.046875 0.056640625
0 0.2640625 0.5166015625 0.046875 0.060546875
0 0.38203125 0.4833984375 0.0453125 0.056640625
0 0.80625 0.4833984375 0.046875 0.056640625
0 0.4578125 0.4912109375 0.046875 0.060546875
0 0.4859375 0.6357421875 0.046875 0.056640625
0 0.50859375 0.3544921875 0.0453125 0.060546875
0 0.50390625 0.8740234375 0.0453125 0.056640625
0 0.46640625 0.3994140625 0.0453125 0.060546875
0 0.51171875 0.7802734375 0.0453125 0.060546875
0 0.70546875 0.3291015625 0.0453125 0.060546875
0 0.4765625 0.7294921875 0.04375 0.060546875
0 0.5703125 0.5517578125 0.046875 0.060546875
0 0.428125 0.8662109375 0.046875 0.060546875
0 0.40234375 0.7216796875 0.0453125 0.056640625
0 0.4734375 0.3037109375 0.046875 0.060546875
0 0.5609375 0.6474609375 0.04375 0.060546875
0 0.71484375 0.6650390625 0.0453125 0.056640625
0 0.6703125 0.2763671875 0.04375 0.060546875
0 0.7390625 0.3798828125 0.046875 0.060546875
0 0.61953125 0.4169921875 0.0484375 0.056640625
0 0.7984375 0.5810546875 0.046875 0.060546875
0 0.284375 0.7548828125 0.046875 0.060546875
0 0.4203125 0.9580078125 0.046875 0.060546875
0 0.60390625 0.6064453125 0.0453125 0.060546875
0 0.59375 0.26953125 0.04375 0.05859375
0 0.53515625 0.5009765625 0.0484375 0.060546875
0 0.45234375 0.5849609375 0.0453125 0.056640625
0 0.6296875 0.7490234375 0.046875 0.060546875
0 0.634375 0.2255859375 0.046875 0.060546875
0 0.55859375 0.2177734375 0.0453125 0.056640625
0 0.35234375 0.8564453125 0.0453125 0.060546875
0 0.49453125 0.5439453125 0.0453125 0.056640625
0 0.840625 0.5380859375 0.046875 0.056640625
0 0.584375 0.3642578125 0.046875 0.060546875
0 0.5015625 0.4501953125 0.04375 0.060546875
0 0.55 0.3125 0.046875 0.05859375
0 0.215625 0.6533203125 0.04375 0.060546875
0 0.25625 0.6103515625 0.046875 0.056640625
0 0.325 0.7119140625 0.04375 0.056640625
0 0.515625 0.26171875 0.046875 0.05859375
0 0.18125 0.6025390625 0.04375 0.060546875
0 0.57734375 0.4580078125 0.0484375 0.056640625
0 0.3671875 0.6708984375 0.04375 0.056640625
0 0.38984375 0.3896484375 0.0453125 0.060546875
0 0.73125 0.4755859375 0.046875 0.060546875
0 0.4171875 0.5341796875 0.04375 0.056640625
0 0.4359375 0.7724609375 0.046875 0.056640625
0 0.4234375 0.4404296875 0.046875 0.060546875
0 0.4078125 0.6279296875 0.046875 0.060546875
0 0.31796875 0.8056640625 0.0453125 0.060546875
0 0.29921875 0.5693359375 0.0484375 0.056640625
0 0.75625 0.6220703125 0.046875 0.060546875
0 0.44375 0.6787109375 0.046875 0.060546875
0 0.221875 0.5595703125 0.046875 0.056640625
0 0.3609375 0.7646484375 0.046875 0.060546875
0 0.33984375 0.5263671875 0.0453125 0.060546875
0 0.5203125 0.6904296875 0.046875 0.056640625
0 0.653125 0.4677734375 0.04375 0.056640625
0 0.3875 0.9072265625 0.04375 0.060546875
0 0.34765625 0.4326171875 0.0453125 0.056640625
0 0.6265625 0.3203125 0.046875 0.05859375
0 0.4703125 0.8232421875 0.046875 0.056640625
0 0.54375 0.4072265625 0.04375 0.056640625
0 0.66171875 0.37109375 0.0484375 0.05859375
0 0.5265625 0.5966796875 0.04375 0.060546875
0 0.30546875 0.4755859375 0.0453125 0.060546875
0 0.696875 0.4248046875 0.046875 0.060546875
0 0.64453125 0.5634765625 0.0484375 0.056640625
0 0.43203125 0.345703125 0.0453125 0.05859375
0 0.63828125 0.6572265625 0.0453125 0.060546875
0 0.334375 0.6201171875 0.046875 0.056640625
0 0.671875 0.7080078125 0.046875 0.060546875
0 0.58828125 0.7919921875 0.0453125 0.056640625
0 0.72265625 0.5712890625 0.0453125 0.060546875
0 0.6125 0.5087890625 0.046875 0.056640625
0 0.55390625 0.7412109375 0.0453125 0.056640625
0 0.5453125 0.833984375 0.046875 0.05859375
0 0.6 0.1728515625 0.046875 0.056640625
0 0.46171875 0.9169921875 0.0453125 0.060546875
0 0.25078125 0.7041015625 0.0453125 0.060546875
