0 0.75390625 0.52734375 0.0421875 0.0703125
0 0.34765625 0.30078125 0.0421875 0.0703125
0 0.47109375 0.412109375 0.0421875 0.0703125
0 0.45546875 0.3310546875 0.0421875 0.068359375
0 0.30703125 0.599609375 0.0421875 0.0703125
0 0.42890625 0.708984375 0.0421875 0.0703125
0 0.73671875 0.4453125 0.0421875 0.0703125
0 0.59609375 0.5234375 0.0421875 0.0703125
0 0.59296875 0.25 0.0421875 0.0703125
0 0.23046875 0.458984375 0.0421875 0.0703125
0 0.44609375 0.791015625 0.0421875 0.0703125
0 0.56640625 0.6328125 0.0421875 0.0703125
0 0.32421875 0.677734375 0.0421875 0.0703125
0 0.44296875 0.521484375 0.0421875 0.0703125
0 0.73984375 0.716796875 0.0421875 0.0703125
0 0.25859375 0.353515625 0.0421875 0.0703125
0 0.68828125 0.197265625 0.0421875 0.0703125
0 0.48515625 0.2216796875 0.0421875 0.068359375
0 0.53671875 0.740234375 0.0421875 0.0703125
0 0.57890625 0.443359375 0.0421875 0.0703125
0 0.35703125 0.84375 0.0421875 0.0703125
0 0.47421875 0.68359375 0.0421875 0.0703125
0 0.35078125 0.572265625 0.0421875 0.0703125
0 0.54921875 0.548828125 0.0421875 0.0703125
0 0.70546875 0.552734375 0.0421875 0.0703125
0 0.59921875 0.7958984375 0.0421875 0.068359375
0 0.68984375 0.470703125 0.0421875 0.0703125
0 0.50078125 0.302734375 0.0421875 0.0703125
0 0.41796875 0.900390625 0.0421875 0.0703125
0 0.31953125 0.41015625 0.0421875 0.0703125
0 0.57734375 0.166015625 0.0421875 0.0703125
0 0.50859375 0.849609375 0.0421875 0.0703125
0 0.58359375 0.71484375 0.0421875 0.0703125
0 0.67265625 0.3896484375 0.0421875 0.068359375
0 0.67578125 0.662109375 0.0421875 0.0703125
0 0.63046875 0.689453125 0.0421875 0.0703125
0 0.69296875 0.74609375 0.0421875 0.0703125
0 0.45859375 0.6025390625 0.0421875 0.068359375
0 0.65859375 0.580078125 0.0421875 0.0703125
0 0.65703125 0.3056640625 0.0421875 0.068359375
0 0.33671875 0.490234375 0.0421875 0.0703125
0 0.67265625 0.11328125 0.0421875 0.0703125
0 0.55390625 0.8212890625 0.0421875 0.068359375
0 0.63984375 0.2216796875 0.0421875 0.068359375
0 0.38046875 0.46484375 0.0421875 0.0703125
0 0.50390625 0.578125 0.0421875 0.0703125
0 0.64140625 0.4990234375 0.0421875 0.068359375
0 0.33984375 0.76171875 0.0421875 0.0703125
0 0.72265625 0.63671875 0.0421875 0.0703125
0 0.56484375 0.359375 0.0421875 0.0703125
0 0.27578125 0.4345703125 0.0421875 0.068359375
0 0.62734375 0.4150390625 0.0421875 0.068359375
0 0.61015625 0.3310546875 0.0421875 0.068359375
0 0.37265625 0.9248046875 0.0421875 0.068359375
0 0.27890625 0.70703125 0.0421875 0.0703125
0 0.53203125 0.193359375 0.0421875 0.0703125
0 0.32734375 0.94921875 0.0421875 0.0703125
0 0.40078125 0.818359375 0.0421875 0.0703125
0 0.46328125 0.875 0.0421875 0.0703125
0 0.62578125 0.140625 0.0421875 0.0703125
0 0.42578125 0.439453125 0.0421875 0.0703125
0 0.70390625 0.27734375 0.0421875 0.0703125
0 0.38515625 0.736328125 0.0421875 0.0703125
0 0.31015625 0.869140625 0.0421875 0.0703125
0 0.29609375 0.787109375 0.0421875 0.0703125
0 0.21484375 0.37890625 0.0421875 0.0703125
0 0.39765625 0.546875 0.0421875 0.0703125
0 0.64609375 0.771484375 0.0421875 0.0703125
0 0.52109375 0.658203125 0.0421875 0.0703125
0 0.290625 0.515625 0.04375 0.0703125
0 0.48671875 0.49609375 0.0421875 0.0703125
0 0.26328125 0.623046875 0.0421875 0.0703125
0 0.41328125 0.6279296875 0.0421875 0.068359375
0 0.36484375 0.384765625 0.0421875 0.0703125
0 0.71953125 0.361328125 0.0421875 0.0703125
0 0.54765625 0.27734375 0.0421875 0.0703125
0 0.53359375 0.46875 0.0421875 0.0703125
0 0.78671875 0.6923828125 0.0421875 0.068359375
0 0.41015625 0.35546875 0.0421875 0.0703125
0 0.49140625 0.765625 0.0421875 0.0703125
0 0.77109375 0.6083984375 0.0421875 0.068359375
0 0.51640625 0.38671875 0.0421875 0.0703125
0 0.61328125 0.60546875 0.0421875 0.0703125
0 0.30390625 0.328125 0.0421875 0.0703125
0 0.43984375 0.24609375 0.0421875 0.0703125
0 0.36796875 0.65625 0.0421875 0.0703125
0 0.24609375 0.5439453125 0.0421875 0.068359375
0 0.39296875 0.275390625 0.0421875 0.0703125
