0 0.334375 0.6416015625 0.040625 0.060546875
0 0.4515625 0.5400390625 0.040625 0.060546875
0 0.425 0.8251953125 0.04375 0.060546875
0 0.54140625 0.5166015625 0.0421875 0.060546875
0 0.5078125 0.166015625 0.04375 0.0625
0 0.3921875 0.6943359375 0.04375 0.060546875
0 0.4234375 0.6181640625 0.04375 0.060546875
0 0.6 0.5693359375 0.04375 0.060546875
0 0.5734375 0.8544921875 0.04375 0.060546875
0 0.4546875 0.7490234375 0.04375 0.060546875
0 0.6609375 0.8330078125 0.04375 0.060546875
0 0.5859375 0.2880859375 0.04375 0.060546875
0 0.51328125 0.8037109375 0.0421875 0.060546875
0 0.49375 0.3154296875 0.04375 0.060546875
0 0.63125 0.7001953125 0.04375 0.060546875
0 0.36171875 0.5634765625 0.0421875 0.060546875
0 0.36640625 0.7724609375 0.0421875 0.060546875
0 0.390625 0.4873046875 0.04375 0.060546875
0 0.48125 0.671875 0.040625 0.0625
0 0.57109375 0.6474609375 0.0421875 0.060546875
0 0.303125 0.5107421875 0.04375 0.060546875
0 0.41875 0.1943359375 0.04375 0.060546875
0 0.484375 0.8818359375 0.04375 0.060546875
0 0.3296875 0.21875 0.04375 0.0625
0 0.6609375 0.623046875 0.04375 0.0625
0 0.51015625 0.5927734375 0.0421875 0.060546875
0 0.3453125 0.2861328125 0.04375 0.060546875
0 0.70625 0.8212890625 0.04375 0.060546875
0 0.2828125 0.2333984375 0.04375 0.060546875
0 0.5421875 0.7236328125 0.04375 0.060546875
0 0.37578125 0.4189453125 0.0421875 0.060546875
0 0.63125 0.4892578125 0.04375 0.060546875
0 0.5703125 0.4365234375 0.04375 0.060546875
0 0.5234375 0.4482421875 0.04375 0.060546875
0 0.6015625 0.3564453125 0.04375 0.060546875
0 0.3609375 0.3544921875 0.04375 0.060546875
0 0.25703125 0.3134765625 0.0421875 0.060546875
0 0.5265625 0.2353515625 0.04375 0.060546875
0 0.3734375 0.2060546875 0.04375 0.060546875
0 0.61640625 0.6337890625 0.0421875 0.060546875
0 0.4359375 0.4755859375 0.04375 0.060546875
0 0.3953125 0.9013671875 0.04375 0.060546875
0 0.2875 0.4462890625 0.04375 0.060546875
0 0.615625 0.4248046875 0.04375 0.060546875
0 0.64609375 0.7685546875 0.0421875 0.060546875
0 0.434375 0.2626953125 0.04375 0.060546875
0 0.4640625 0.1826171875 0.04375 0.060546875
0 0.4046875 0.33984375 0.04375 0.0625
0 0.4484375 0.3271484375 0.04375 0.060546875
0 0.346875 0.4990234375 0.04375 0.060546875
0 0.465625 0.3955078125 0.040625 0.060546875
0 0.55703125 0.791015625 0.0421875 0.0625
0 0.4796875 0.4599609375 0.04375 0.060546875
0 0.60078125 0.7783203125 0.0421875 0.060546875
0 0.2390625 0.2451171875 0.04375 0.060546875
0 0.30078125 0.2978515625 0.0421875 0.060546875
0 0.315625 0.3662109375 0.04375 0.060546875
0 0.528125 0.8662109375 0.04375 0.060546875
0 0.52734375 0.6591796875 0.0421875 0.060546875
0 0.55625 0.3681640625 0.04375 0.060546875
0 0.41015625 0.7626953125 0.0421875 0.060546875
0 0.271875 0.3779296875 0.04375 0.060546875
0 0.33203125 0.4345703125 0.0421875 0.060546875
0 0.3796875 0.6298828125 0.04375 0.060546875
0 0.51015625 0.3818359375 0.0421875 0.060546875
0 0.57109375 0.2236328125 0.0421875 0.060546875
0 0.46875 0.8134765625 0.04375 0.060546875
0 0.6921875 0.7548828125 0.040625 0.060546875
0 0.6171875 0.8447265625 0.04375 0.060546875
0 0.55625 0.1533203125 0.04375 0.060546875
0 0.4203125 0.4072265625 0.04375 0.060546875
0 0.540625 0.3037109375 0.04375 0.060546875
0 0.4671875 0.6064453125 0.04375 0.060546875
0 0.5859375 0.501953125 0.04375 0.0625
0 0.55625 0.5810546875 0.04375 0.060546875
0 0.43984375 0.8916015625 0.0421875 0.060546875
0 0.4078125 0.55078125 0.040625 0.0625
0 0.4375 0.6826171875 0.040625 0.060546875
0 0.38125 0.8369140625 0.04375 0.064453125
0 0.675 0.6884765625 0.04375 0.060546875
0 0.5859375 0.7138671875 0.04375 0.060546875
0 0.4984375 0.7353515625 0.04375 0.060546875
0 0.4796875 0.2470703125 0.04375 0.060546875
0 0.496875 0.5283203125 0.04375 0.060546875
0 0.3484375 0.7080078125 0.04375 0.060546875
0 0.6453125 0.5576171875 0.04375 0.060546875
0 0.3171875 0.5771484375 0.04375 0.060546875
0 0.390625 0.2744140625 0.04375 0.060546875
