0 0.43984375 0.7177734375 0.0484375 0.052734375
0 0.86953125 0.5478515625 0.0484375 0.052734375
0 0.45234375 0.4443359375 0.0484375 0.052734375
0 0.28359375 0.439453125 0.0484375 0.0546875
0 0.36484375 0.5322265625 0.0484375 0.052734375
0 0.65546875 0.5859375 0.0484375 0.0546875
0 0.70546875 0.4521484375 0.0484375 0.052734375
0 0.28515625 0.3486328125 0.0484375 0.052734375
0 0.78046875 0.6376953125 0.0484375 0.052734375
0 0.24140625 0.3935546875 0.0484375 0.052734375
0 0.50546875 0.216796875 0.0484375 0.0546875
0 0.528125 0.6279296875 0.046875 0.052734375
0 0.46015625 0.2607421875 0.0484375 0.052734375
0 0.64375 0.8583984375 0.046875 0.052734375
0 0.73671875 0.6787109375 0.0484375 0.052734375
0 0.33203125 0.3037109375 0.0484375 0.052734375
0 0.62421875 0.3583984375 0.0484375 0.052734375
0 0.69140625 0.7236328125 0.0484375 0.052734375
0 0.58046875 0.4033203125 0.0484375 0.052734375
0 0.5359375 0.4482421875 0.046875 0.052734375
0 0.82890625 0.5009765625 0.0484375 0.052734375
0 0.73984375 0.5908203125 0.0484375 0.052734375
0 0.60703125 0.7216796875 0.0484375 0.052734375
0 0.2390625 0.4833984375 0.046875 0.052734375
0 0.54921875 0.1728515625 0.0484375 0.052734375
0 0.48828125 0.5810546875 0.0484375 0.052734375
0 0.62109375 0.4501953125 0.0484375 0.052734375
0 0.82421875 0.5927734375 0.0484375 0.052734375
0 0.40859375 0.48828125 0.0484375 0.0546875
0 0.66875 0.314453125 0.046875 0.0546875
0 0.57578125 0.4951171875 0.0484375 0.052734375
0 0.4125 0.3974609375 0.046875 0.052734375
0 0.86328125 0.6396484375 0.0484375 0.052734375
0 0.52421875 0.7197265625 0.0484375 0.052734375
0 0.56484375 0.7666015625 0.0484375 0.052734375
0 0.19609375 0.4375 0.0484375 0.0546875
0 0.37265625 0.3505859375 0.0484375 0.052734375
0 0.54609375 0.2626953125 0.0484375 0.052734375
0 0.6609375 0.4970703125 0.046875 0.052734375
0 0.48359375 0.6728515625 0.0484375 0.052734375
0 0.58359375 0.3115234375 0.0484375 0.052734375
0 0.40078125 0.6708984375 0.0484375 0.052734375
0 0.32421875 0.48828125 0.0484375 0.0546875
0 0.5203125 0.8115234375 0.046875 0.052734375
0 0.69609375 0.6328125 0.0484375 0.0546875
0 0.49765625 0.4013671875 0.0484375 0.052734375
0 0.68828125 0.8154296875 0.0484375 0.052734375
0 0.73046875 0.7705078125 0.0484375 0.052734375
0 0.61328125 0.6298828125 0.0484375 0.052734375
0 0.63046875 0.267578125 0.0484375 0.0546875
0 0.57265625 0.583984375 0.0484375 0.0546875
0 0.78828125 0.4541015625 0.0484375 0.052734375
0 0.69921875 0.5439453125 0.0484375 0.052734375
0 0.46484375 0.169921875 0.0484375 0.0546875
0 0.4203125 0.2138671875 0.046875 0.052734375
0 0.44921875 0.53515625 0.0484375 0.0546875
0 0.56796875 0.6748046875 0.0484375 0.052734375
0 0.60390625 0.8134765625 0.0484375 0.052734375
0 0.53203125 0.5400390625 0.0484375 0.052734375
0 0.55859375 0.8583984375 0.0484375 0.052734375
0 0.32734375 0.3955078125 0.0484375 0.052734375
0 0.77421875 0.7255859375 0.0484375 0.052734375
0 0.45703125 0.3525390625 0.0484375 0.052734375
0 0.74921875 0.4072265625 0.0484375 0.052734375
0 0.74453125 0.4990234375 0.0484375 0.052734375
0 0.59921875 0.90234375 0.0484375 0.0546875
0 0.50078125 0.3076171875 0.0484375 0.052734375
0 0.36015625 0.6240234375 0.0484375 0.052734375
0 0.784375 0.5458984375 0.046875 0.052734375
0 0.4046875 0.5791015625 0.046875 0.052734375
0 0.36796875 0.4423828125 0.0484375 0.052734375
0 0.64765625 0.7685546875 0.0484375 0.052734375
0 0.54140625 0.3564453125 0.0484375 0.052734375
0 0.58984375 0.21875 0.0484375 0.0546875
0 0.37578125 0.2587890625 0.0484375 0.052734375
0 0.50859375 0.1240234375 0.0484375 0.052734375
0 0.70859375 0.3603515625 0.0484375 0.052734375
0 0.81953125 0.68359375 0.0484375 0.0546875
0 0.6515625 0.6767578125 0.046875 0.052734375
0 0.66484375 0.4052734375 0.0484375 0.052734375
0 0.61640625 0.5419921875 0.0484375 0.052734375
0 0.4453125 0.6259765625 0.046875 0.052734375
0 0.49296875 0.4931640625 0.0484375 0.052734375
0 0.31953125 0.5771484375 0.0484375 0.052734375
0 0.2796875 0.5322265625 0.046875 0.052734375
0 0.41640625 0.3056640625 0.0484375 0.052734375
0 0.48046875 0.7646484375 0.0484375 0.052734375
0 0.9078125 0.5947265625 0.046875 0.052734375
