0 0.82265625 0.4658203125 0.0390625 0.048828125
0 0.49921875 0.3251953125 0.0390625 0.048828125
0 0.71328125 0.2294921875 0.0390625 0.048828125
0 0.58828125 0.5126953125 0.0390625 0.048828125
0 0.37734375 0.6064453125 0.0390625 0.048828125
0 0.80078125 0.4189453125 0.0390625 0.048828125
0 0.34765625 0.4365234375 0.0390625 0.048828125
0 0.28828125 0.4189453125 0.0390625 0.048828125
0 0.55390625 0.2197265625 0.0390625 0.048828125
0 0.39921875 0.6533203125 0.0390625 0.048828125
0 0.43671875 0.6259765625 0.0390625 0.048828125
0 0.64765625 0.5322265625 0.0390625 0.048828125
0 0.31015625 0.4658203125 0.0390625 0.048828125
0 0.47421875 0.5966796875 0.0390625 0.048828125
0 0.32578125 0.3896484375 0.0390625 0.048828125
0 0.59765625 0.3154296875 0.0390625 0.048828125
0 0.61015625 0.5595703125 0.0390625 0.048828125
0 0.52265625 0.3720703125 0.0390625 0.048828125
0 0.56015625 0.3427734375 0.0390625 0.048828125
0 0.49609375 0.6435546875 0.0390625 0.048828125
0 0.57265625 0.5869140625 0.0390625 0.048828125
0 0.53515625 0.6162109375 0.0390625 0.048828125
0 0.68671875 0.5029296875 0.0390625 0.048828125
0 0.62578125 0.4853515625 0.0390625 0.048828125
0 0.64140625 0.4091796875 0.0390625 0.048828125
0 0.44609375 0.4287109375 0.0390625 0.048828125
0 0.43046875 0.5029296875 0.0390625 0.048828125
0 0.57578125 0.2685546875 0.0390625 0.048828125
0 0.65859375 0.3330078125 0.0390625 0.048828125
0 0.48984375 0.5224609375 0.0390625 0.048828125
0 0.41484375 0.5771484375 0.0390625 0.048828125
0 0.47734375 0.2763671875 0.0390625 0.048828125
0 0.76328125 0.4482421875 0.0390625 0.048828125
0 0.40859375 0.4560546875 0.0390625 0.048828125
0 0.38671875 0.4091796875 0.0390625 0.048828125
0 0.48359375 0.3994140625 0.0390625 0.048828125
0 0.55078125 0.5400390625 0.0390625 0.048828125
0 0.61953125 0.3623046875 0.0390625 0.048828125
0 0.51796875 0.6904296875 0.0390625 0.048828125
0 0.56640625 0.4658203125 0.0390625 0.048828125
0 0.53828125 0.2958984375 0.0390625 0.048828125
0 0.61484375 0.2392578125 0.0390625 0.048828125
0 0.78515625 0.4951171875 0.0390625 0.048828125
0 0.46796875 0.4755859375 0.0390625 0.048828125
0 0.67421875 0.2587890625 0.0390625 0.048828125
0 0.67109375 0.5791015625 0.0390625 0.048828125
0 0.35390625 0.5595703125 0.0390625 0.048828125
0 0.44296875 0.7470703125 0.0390625 0.048828125
0 0.46171875 0.3525390625 0.0390625 0.048828125
0 0.70234375 0.4287109375 0.0390625 0.048828125
0 0.40234375 0.3330078125 0.0390625 0.048828125
0 0.69140625 0.1826171875 0.0390625 0.048828125
0 0.69609375 0.3056640625 0.0390625 0.048828125
0 0.45859375 0.6728515625 0.0390625 0.048828125
0 0.63671875 0.2861328125 0.0390625 0.048828125
0 0.42421875 0.3818359375 0.0390625 0.048828125
0 0.74609375 0.5224609375 0.0390625 0.048828125
0 0.73515625 0.2783203125 0.0390625 0.048828125
0 0.51171875 0.5693359375 0.0390625 0.048828125
0 0.66328125 0.4560546875 0.0390625 0.048828125
0 0.77890625 0.3720703125 0.0390625 0.048828125
0 0.59453125 0.6337890625 0.0390625 0.048828125
0 0.72421875 0.4755859375 0.0390625 0.048828125
0 0.45234375 0.5498046875 0.0390625 0.048828125
0 0.73984375 0.3994140625 0.0390625 0.048828125
0 0.36484375 0.3623046875 0.0390625 0.048828125
0 0.37109375 0.4833984375 0.0390625 0.048828125
0 0.59296875 0.1923828125 0.0390625 0.048828125
0 0.33203125 0.5126953125 0.0390625 0.048828125
0 0.52734375 0.4931640625 0.0390625 0.048828125
0 0.43984375 0.3056640625 0.0390625 0.048828125
0 0.58203125 0.3896484375 0.0390625 0.048828125
0 0.39296875 0.5302734375 0.0390625 0.048828125
0 0.60390625 0.4384765625 0.0390625 0.048828125
0 0.65234375 0.2119140625 0.0390625 0.048828125
0 0.51640625 0.2490234375 0.0390625 0.048828125
0 0.70859375 0.5498046875 0.0390625 0.048828125
0 0.42109375 0.7001953125 0.0390625 0.048828125
0 0.71796875 0.3525390625 0.0390625 0.048828125
0 0.54453125 0.4189453125 0.0390625 0.048828125
0 0.75703125 0.3251953125 0.0390625 0.048828125
0 0.68046875 0.3818359375 0.0390625 0.048828125
0 0.66953125 0.1337890625 0.0390625 0.048828125
0 0.63046875 0.1630859375 0.0390625 0.048828125
0 0.50546875 0.4462890625 0.0390625 0.048828125
0 0.63203125 0.6064453125 0.0390625 0.048828125
0 0.55703125 0.6630859375 0.0390625 0.048828125
0 0.48046875 0.7197265625 0.0390625 0.048828125
