0 0.37734375 0.6435546875 0.0390625 0.048828125
0 0.28046875 0.7529296875 0.0390625 0.048828125
0 0.60703125 0.7392578125 0.0390625 0.048828125
0 0.50703125 0.8486328125 0.0390625 0.048828125
0 0.48203125 0.4091796875 0.0390625 0.048828125
0 0.70703125 0.6279296875 0.0390625 0.048828125
0 0.61328125 0.6142578125 0.0390625 0.048828125
0 0.52265625 0.5400390625 0.0390625 0.048828125
0 0.28515625 0.6298828125 0.0390625 0.048828125
0 0.64609375 0.8701171875 0.0390625 0.048828125
0 0.28203125 0.6923828125 0.0390625 0.048828125
0 0.38359375 0.5205078125 0.0390625 0.048828125
0 0.51328125 0.7255859375 0.0390625 0.048828125
0 0.51015625 0.7861328125 0.0390625 0.048828125
0 0.69453125 0.8759765625 0.0390625 0.048828125
0 0.61953125 0.4912109375 0.0390625 0.048828125
0 0.38671875 0.4599609375 0.0390625 0.048828125
0 0.71328125 0.5029296875 0.0390625 0.048828125
0 0.29140625 0.5087890625 0.0390625 0.048828125
0 0.61015625 0.6767578125 0.0390625 0.048828125
0 0.29453125 0.4462890625 0.0390625 0.048828125
0 0.33515625 0.5751953125 0.0390625 0.048828125
0 0.24609375 0.5009765625 0.0390625 0.048828125
0 0.38046875 0.5830078125 0.0390625 0.048828125
0 0.33203125 0.6376953125 0.0390625 0.048828125
0 0.46953125 0.6572265625 0.0390625 0.048828125
0 0.37421875 0.7060546875 0.0390625 0.048828125
0 0.51953125 0.6005859375 0.0390625 0.048828125
0 0.66015625 0.6220703125 0.0390625 0.048828125
0 0.41484375 0.8349609375 0.0390625 0.048828125
0 0.37109375 0.7666015625 0.0390625 0.048828125
0 0.23359375 0.7470703125 0.0390625 0.048828125
0 0.24921875 0.4404296875 0.0390625 0.048828125
0 0.47265625 0.5947265625 0.0390625 0.048828125
0 0.71015625 0.5654296875 0.0390625 0.048828125
0 0.52578125 0.4775390625 0.0390625 0.048828125
0 0.38984375 0.3974609375 0.0390625 0.048828125
0 0.57265625 0.4853515625 0.0390625 0.048828125
0 0.69765625 0.8134765625 0.0390625 0.048828125
0 0.56015625 0.7314453125 0.0390625 0.048828125
0 0.43359375 0.4658203125 0.0390625 0.048828125
0 0.34140625 0.4521484375 0.0390625 0.048828125
0 0.34296875 0.3916015625 0.0390625 0.048828125
0 0.43046875 0.5263671875 0.0390625 0.048828125
0 0.42421875 0.6513671875 0.0390625 0.048828125
0 0.47890625 0.4716796875 0.0390625 0.048828125
0 0.32890625 0.6982421875 0.0390625 0.048828125
0 0.24296875 0.5634765625 0.0390625 0.048828125
0 0.56953125 0.5458984375 0.0390625 0.048828125
0 0.47578125 0.5341796875 0.0390625 0.048828125
0 0.46640625 0.7177734375 0.0390625 0.048828125
0 0.62265625 0.4287109375 0.0390625 0.048828125
0 0.61640625 0.5517578125 0.0390625 0.048828125
0 0.52890625 0.4150390625 0.0390625 0.048828125
0 0.65703125 0.6826171875 0.0390625 0.048828125
0 0.66953125 0.4345703125 0.0390625 0.048828125
0 0.32265625 0.8212890625 0.0390625 0.048828125
0 0.29765625 0.3857421875 0.0390625 0.048828125
0 0.28828125 0.5693359375 0.0390625 0.048828125
0 0.60234375 0.7998046875 0.0390625 0.048828125
0 0.51640625 0.6630859375 0.0390625 0.048828125
0 0.55703125 0.7939453125 0.0390625 0.048828125
0 0.41796875 0.7724609375 0.0390625 0.048828125
0 0.65390625 0.7451171875 0.0390625 0.048828125
0 0.46015625 0.8408203125 0.0390625 0.048828125
0 0.42734375 0.5888671875 0.0390625 0.048828125
0 0.42109375 0.7119140625 0.0390625 0.048828125
0 0.27734375 0.8154296875 0.0390625 0.048828125
0 0.71796875 0.4404296875 0.0390625 0.048828125
0 0.70078125 0.7529296875 0.0390625 0.048828125
0 0.66640625 0.4970703125 0.0390625 0.048828125
0 0.59921875 0.8623046875 0.0390625 0.048828125
0 0.64921875 0.8076171875 0.0390625 0.048828125
0 0.56640625 0.6083984375 0.0390625 0.048828125
0 0.66328125 0.5595703125 0.0390625 0.048828125
0 0.70390625 0.6904296875 0.0390625 0.048828125
0 0.23984375 0.6240234375 0.0390625 0.048828125
0 0.23671875 0.6845703125 0.0390625 0.048828125
0 0.36796875 0.8271484375 0.0390625 0.048828125
0 0.23046875 0.8076171875 0.0390625 0.048828125
0 0.33828125 0.5146484375 0.0390625 0.048828125
0 0.56328125 0.6689453125 0.0390625 0.048828125
0 0.43671875 0.4033203125 0.0390625 0.048828125
0 0.55390625 0.8544921875 0.0390625 0.048828125
0 0.57578125 0.4228515625 0.0390625 0.048828125
0 0.32578125 0.7607421875 0.0390625 0.048828125
0 0.46328125 0.7802734375 0.0390625 0.048828125
0 0.25078125 0.3779296875 0.0390625 0.048828125
