0 0.81484375 0.48828125 0.0515625 0.0703125
0 0.32265625 0.2578125 0.0515625 0.0703125
0 0.47265625 0.37109375 0.0515625 0.0703125
0 0.45390625 0.2890625 0.0515625 0.0703125
0 0.27265625 0.5615234375 0.0515625 0.072265625
0 0.42109375 0.6728515625 0.0515625 0.072265625
0 0.79453125 0.4052734375 0.0515625 0.072265625
0 0.62421875 0.4853515625 0.0515625 0.072265625
0 0.61953125 0.20703125 0.0515625 0.0703125
0 0.17890625 0.419921875 0.0515625 0.0703125
0 0.44140625 0.7548828125 0.0515625 0.072265625
0 0.58671875 0.595703125 0.0515625 0.0703125
0 0.29296875 0.6416015625 0.0515625 0.072265625
0 0.43671875 0.482421875 0.0515625 0.0703125
0 0.79921875 0.681640625 0.0515625 0.0703125
0 0.21328125 0.3115234375 0.0515625 0.072265625
0 0.73515625 0.15234375 0.0515625 0.0703125
0 0.48828125 0.177734375 0.0515625 0.0703125
0 0.55234375 0.7041015625 0.0515625 0.072265625
0 0.60390625 0.40234375 0.0515625 0.0703125
0 0.33203125 0.80859375 0.0515625 0.0703125
0 0.47578125 0.646484375 0.0515625 0.0703125
0 0.32578125 0.533203125 0.0515625 0.0703125
0 0.56640625 0.5107421875 0.0515625 0.072265625
0 0.75703125 0.513671875 0.0515625 0.0703125
0 0.628125 0.7607421875 0.05 0.072265625
0 0.73671875 0.431640625 0.0515625 0.0703125
0 0.50703125 0.2607421875 0.0515625 0.072265625
0 0.40703125 0.865234375 0.0515625 0.0703125
0 0.28671875 0.369140625 0.0515625 0.0703125
0 0.60078125 0.12109375 0.0515625 0.0703125
0 0.5171875 0.814453125 0.05 0.0703125
0 0.60703125 0.677734375 0.0515625 0.0703125
0 0.71640625 0.3486328125 0.0515625 0.072265625
0 0.72109375 0.6240234375 0.0515625 0.072265625
0 0.66484375 0.65234375 0.0515625 0.0703125
0 0.74140625 0.708984375 0.0515625 0.0703125
0 0.45546875 0.564453125 0.0515625 0.0703125
0 0.7 0.5419921875 0.05 0.072265625
0 0.69765625 0.263671875 0.0515625 0.0703125
0 0.3078125 0.451171875 0.05 0.0703125
0 0.71640625 0.0673828125 0.0515625 0.072265625
0 0.57265625 0.7861328125 0.0515625 0.072265625
0 0.67734375 0.177734375 0.0515625 0.0703125
0 0.36171875 0.42578125 0.0515625 0.0703125
0 0.51171875 0.5390625 0.0515625 0.0703125
0 0.67890625 0.458984375 0.0515625 0.0703125
0 0.31171875 0.7265625 0.0515625 0.0703125
0 0.778125 0.5986328125 0.05 0.072265625
0 0.58515625 0.3173828125 0.0515625 0.072265625
0 0.23359375 0.39453125 0.0515625 0.0703125
0 0.6609375 0.3740234375 0.05 0.072265625
0 0.63984375 0.2890625 0.0515625 0.0703125
0 0.35234375 0.8916015625 0.0515625 0.072265625
0 0.23828125 0.669921875 0.0515625 0.0703125
0 0.54609375 0.150390625 0.0515625 0.0703125
0 0.29765625 0.9169921875 0.0515625 0.072265625
0 0.3859375 0.783203125 0.05 0.0703125
0 0.46171875 0.83984375 0.0515625 0.0703125
0 0.65859375 0.095703125 0.0515625 0.0703125
0 0.41640625 0.400390625 0.0515625 0.0703125
0 0.75546875 0.2353515625 0.0515625 0.072265625
0 0.36796875 0.701171875 0.0515625 0.0703125
0 0.27734375 0.833984375 0.0515625 0.0703125
0 0.25859375 0.751953125 0.0515625 0.0703125
0 0.16015625 0.337890625 0.0515625 0.0703125
0 0.38203125 0.5078125 0.0515625 0.0703125
0 0.68359375 0.7353515625 0.0515625 0.072265625
0 0.53203125 0.62109375 0.0515625 0.0703125
0 0.25234375 0.4765625 0.0515625 0.0703125
0 0.490625 0.45703125 0.05 0.0703125
0 0.21953125 0.583984375 0.0515625 0.0703125
0 0.40234375 0.58984375 0.0515625 0.0703125
0 0.34296875 0.3427734375 0.0515625 0.072265625
0 0.77421875 0.3203125 0.0515625 0.0703125
0 0.56484375 0.2353515625 0.0515625 0.072265625
0 0.54765625 0.427734375 0.0515625 0.0703125
0 0.85546875 0.6552734375 0.0515625 0.072265625
0 0.39765625 0.314453125 0.0515625 0.0703125
0 0.49609375 0.7294921875 0.0515625 0.072265625
0 0.83515625 0.5703125 0.0515625 0.0703125
0 0.52734375 0.345703125 0.0515625 0.0703125
0 0.64453125 0.5673828125 0.0515625 0.072265625
0 0.26875 0.2861328125 0.05 0.072265625
0 0.43359375 0.2041015625 0.0515625 0.072265625
0 0.346875 0.619140625 0.05 0.0703125
0 0.19921875 0.5048828125 0.0515625 0.072265625
0 0.37734375 0.232421875 0.0515625 0.0703125
