0 0.50234375 0.3916015625 0.0390625 0.048828125
0 0.67734375 0.3916015625 0.0390625 0.048828125
0 0.58828125 0.6279296875 0.0390625 0.048828125
0 0.58984375 0.3916015625 0.0390625 0.048828125
0 0.76328125 0.3916015625 0.0390625 0.048828125
0 0.67421875 0.6279296875 0.0390625 0.048828125
0 0.76171875 0.5087890625 0.0390625 0.048828125
0 0.93359375 0.3916015625 0.0390625 0.048828125
0 0.63046875 0.6865234375 0.0390625 0.048828125
0 0.50078125 0.6279296875 0.0390625 0.048828125
0 0.76015625 0.6279296875 0.0390625 0.048828125
0 0.67578125 0.4501953125 0.0390625 0.048828125
0 0.59140625 0.3330078125 0.0390625 0.048828125
0 0.63515625 0.3330078125 0.0390625 0.048828125
0 0.76171875 0.5693359375 0.0390625 0.048828125
0 0.54609375 0.3916015625 0.0390625 0.048828125
0 0.84921875 0.3916015625 0.0390625 0.048828125
0 0.71796875 0.6279296875 0.0390625 0.048828125
0 0.80546875 0.3916015625 0.0390625 0.048828125
0 0.58671875 0.6865234375 0.0390625 0.048828125
0 0.88984375 0.5693359375 0.0390625 0.048828125
0 0.84609375 0.6259765625 0.0390625 0.048828125
0 0.54765625 0.3330078125 0.0390625 0.048828125
0 0.58828125 0.5693359375 0.0390625 0.048828125
0 0.58984375 0.4501953125 0.0390625 0.048828125
0 0.80546875 0.4501953125 0.0390625 0.048828125
0 0.88828125 0.6279296875 0.0390625 0.048828125
0 0.63203125 0.6279296875 0.0390625 0.048828125
0 0.67578125 0.5693359375 0.0390625 0.048828125
0 0.67578125 0.5087890625 0.0390625 0.048828125
0 0.71640625 0.6865234375 0.0390625 0.048828125
0 0.67734375 0.3330078125 0.0390625 0.048828125
0 0.80234375 0.6865234375 0.0390625 0.048828125
0 0.63359375 0.4501953125 0.0390625 0.048828125
0 0.71953125 0.4501953125 0.0390625 0.048828125
0 0.80234375 0.6279296875 0.0390625 0.048828125
0 0.84765625 0.5087890625 0.0390625 0.048828125
0 0.89140625 0.4501953125 0.0390625 0.048828125
0 0.54453125 0.6865234375 0.0390625 0.048828125
0 0.85078125 0.2744140625 0.0390625 0.048828125
0 0.76171875 0.4501953125 0.0390625 0.048828125
0 0.63359375 0.3916015625 0.0390625 0.048828125
0 0.67421875 0.6865234375 0.0390625 0.048828125
0 0.93046875 0.6279296875 0.0390625 0.048828125
0 0.76484375 0.2744140625 0.0390625 0.048828125
0 0.54453125 0.5693359375 0.0390625 0.048828125
0 0.54609375 0.4501953125 0.0390625 0.048828125
0 0.50390625 0.3310546875 0.0390625 0.048828125
0 0.58828125 0.5107421875 0.0390625 0.048828125
0 0.54609375 0.5087890625 0.0390625 0.048828125
0 0.88984375 0.5087890625 0.0390625 0.048828125
0 0.89140625 0.3916015625 0.0390625 0.048828125
0 0.93515625 0.3330078125 0.0390625 0.048828125
0 0.50078125 0.6884765625 0.0390625 0.048828125
0 0.84921875 0.3330078125 0.0390625 0.048828125
0 0.84609375 0.5693359375 0.0390625 0.048828125
0 0.80390625 0.5087890625 0.0390625 0.048828125
0 0.63515625 0.2724609375 0.0390625 0.048828125
0 0.54453125 0.6279296875 0.0390625 0.048828125
0 0.72109375 0.3330078125 0.0390625 0.048828125
0 0.71953125 0.3916015625 0.0390625 0.048828125
0 0.50234375 0.5693359375 0.0390625 0.048828125
0 0.84765625 0.4501953125 0.0390625 0.048828125
0 0.76328125 0.3330078125 0.0390625 0.048828125
0 0.54765625 0.2724609375 0.0390625 0.048828125
0 0.80390625 0.5673828125 0.0390625 0.048828125
0 0.50234375 0.4501953125 0.0390625 0.048828125
0 0.67890625 0.2744140625 0.0390625 0.048828125
0 0.88828125 0.6865234375 0.0390625 0.048828125
0 0.63203125 0.5087890625 0.0390625 0.048828125
0 0.93046875 0.6865234375 0.0390625 0.048828125
0 0.63203125 0.5693359375 0.0390625 0.048828125
0 0.93671875 0.2744140625 0.0390625 0.048828125
0 0.76015625 0.6865234375 0.0390625 0.048828125
0 0.59140625 0.2724609375 0.0390625 0.048828125
0 0.80703125 0.3330078125 0.0390625 0.048828125
0 0.50234375 0.5087890625 0.0390625 0.048828125
0 0.71953125 0.5107421875 0.0390625 0.048828125
0 0.71796875 0.5693359375 0.0390625 0.048828125
0 0.89296875 0.3330078125 0.0390625 0.048828125
0 0.50390625 0.2724609375 0.0390625 0.048828125
0 0.72109375 0.2744140625 0.0390625 0.048828125
0 0.84453125 0.6865234375 0.0390625 0.048828125
0 0.93359375 0.4521484375 0.0390625 0.048828125
0 0.89296875 0.2744140625 0.0390625 0.048828125
0 0.93203125 0.5693359375 0.0390625 0.048828125
0 0.80703125 0.2744140625 0.0390625 0.048828125
0 0.93203125 0.5087890625 0.0390625 0.048828125
