0 0.42734375 0.818359375 0.0390625 0.046875
0 0.2953125 0.521484375 0.0375 0.046875
0 0.2328125 0.599609375 0.0375 0.046875
0 0.6171875 0.509765625 0.0375 0.046875
0 0.4921875 0.740234375 0.0375 0.046875
0 0.678125 0.4306640625 0.0375 0.044921875
0 0.55546875 0.662109375 0.0390625 0.046875
0 0.32890625 0.5576171875 0.0390625 0.044921875
0 0.26484375 0.6337890625 0.0390625 0.044921875
0 0.55390625 0.5859375 0.0390625 0.046875
0 0.35859375 0.4453125 0.0390625 0.046875
0 0.61875 0.5859375 0.0375 0.046875
0 0.42578125 0.58984375 0.0390625 0.046875
0 0.5796875 0.322265625 0.040625 0.046875
0 0.45078125 0.3291015625 0.0390625 0.044921875
0 0.54609375 0.287109375 0.0390625 0.046875
0 0.3953125 0.62890625 0.0375 0.046875
0 0.484375 0.365234375 0.040625 0.046875
0 0.4890625 0.513671875 0.0375 0.046875
0 0.71015625 0.3916015625 0.0390625 0.044921875
0 0.64375 0.3203125 0.0375 0.046875
0 0.509375 0.1767578125 0.0375 0.044921875
0 0.39140625 0.4794921875 0.0390625 0.044921875
0 0.5171875 0.400390625 0.0375 0.046875
0 0.54296875 0.2138671875 0.0390625 0.044921875
0 0.46015625 0.703125 0.0390625 0.046875
0 0.4578125 0.552734375 0.0375 0.046875
0 0.4578125 0.626953125 0.0375 0.046875
0 0.3265625 0.4814453125 0.0375 0.044921875
0 0.42578125 0.666015625 0.0390625 0.046875
0 0.54765625 0.3623046875 0.0390625 0.048828125
0 0.48671875 0.4375 0.0390625 0.046875
0 0.6453125 0.396484375 0.0375 0.046875
0 0.3953125 0.7060546875 0.0375 0.044921875
0 0.3625 0.6689453125 0.0375 0.044921875
0 0.67578125 0.357421875 0.0390625 0.046875
0 0.3890625 0.4052734375 0.0375 0.044921875
0 0.29765625 0.6708984375 0.0390625 0.044921875
0 0.7125 0.4677734375 0.0375 0.044921875
0 0.5234375 0.701171875 0.0375 0.046875
0 0.41953125 0.3681640625 0.0390625 0.048828125
0 0.41796875 0.2919921875 0.0390625 0.044921875
0 0.3625 0.5927734375 0.0375 0.044921875
0 0.47890625 0.2158203125 0.0390625 0.044921875
0 0.2640625 0.560546875 0.040625 0.046875
0 0.26328125 0.484375 0.0390625 0.046875
0 0.4484375 0.255859375 0.0375 0.046875
0 0.64921875 0.546875 0.0390625 0.046875
0 0.425 0.5166015625 0.040625 0.044921875
0 0.3875 0.33203125 0.0375 0.046875
0 0.55 0.435546875 0.0375 0.046875
0 0.35703125 0.3701171875 0.0390625 0.048828125
0 0.5859375 0.623046875 0.0375 0.046875
0 0.5859375 0.548828125 0.0375 0.046875
0 0.3296875 0.7080078125 0.0375 0.044921875
0 0.5234375 0.625 0.0375 0.046875
0 0.51953125 0.474609375 0.0390625 0.046875
0 0.490625 0.6640625 0.0375 0.046875
0 0.74296875 0.4287109375 0.0390625 0.044921875
0 0.61015625 0.28515625 0.0390625 0.046875
0 0.61328125 0.359375 0.0390625 0.046875
0 0.45546875 0.4765625 0.0390625 0.046875
0 0.46015625 0.779296875 0.0390625 0.046875
0 0.6796875 0.5068359375 0.0375 0.044921875
0 0.3625 0.7451171875 0.0375 0.044921875
0 0.5765625 0.2509765625 0.0375 0.044921875
0 0.52109375 0.55078125 0.0390625 0.046875
0 0.3265625 0.408203125 0.0375 0.046875
0 0.421875 0.4423828125 0.0375 0.044921875
0 0.29765625 0.59765625 0.0390625 0.046875
0 0.51171875 0.2529296875 0.0390625 0.044921875
0 0.3609375 0.517578125 0.0375 0.046875
0 0.58203125 0.3984375 0.0390625 0.046875
0 0.584375 0.47265625 0.0375 0.046875
0 0.2953125 0.4453125 0.0375 0.046875
0 0.3296875 0.6318359375 0.0375 0.044921875
0 0.39296875 0.5556640625 0.0390625 0.044921875
0 0.5140625 0.3271484375 0.040625 0.044921875
0 0.490625 0.58984375 0.0375 0.046875
0 0.48125 0.2900390625 0.0375 0.044921875
0 0.23046875 0.5224609375 0.0390625 0.048828125
0 0.42734375 0.7421875 0.0390625 0.046875
0 0.64765625 0.470703125 0.0390625 0.046875
0 0.5515625 0.5107421875 0.0375 0.048828125
0 0.3953125 0.7802734375 0.0375 0.048828125
0 0.2 0.5625 0.0375 0.046875
0 0.453125 0.4033203125 0.040625 0.044921875
0 0.61484375 0.43359375 0.0390625 0.046875
