0 0.52265625 0.544921875 0.0390625 0.05078125
0 0.44921875 0.3798828125 0.0421875 0.052734375
0 0.21640625 0.5087890625 0.0390625 0.052734375
0 0.29296875 0.6767578125 0.0390625 0.052734375
0 0.63515625 0.634765625 0.0390625 0.05078125
0 0.4109375 0.453125 0.040625 0.05078125
0 0.40234375 0.39453125 0.0421875 0.05078125
0 0.5609375 0.47265625 0.040625 0.05078125
0 0.4765625 0.560546875 0.040625 0.05078125
0 0.67109375 0.5625 0.0390625 0.05078125
0 0.25390625 0.75 0.0390625 0.05078125
0 0.62578125 0.576171875 0.0421875 0.05078125
0 0.646875 0.3837890625 0.040625 0.048828125
0 0.5875 0.650390625 0.040625 0.05078125
0 0.515625 0.484375 0.040625 0.05078125
0 0.31484375 0.482421875 0.0390625 0.05078125
0 0.69296875 0.3681640625 0.0390625 0.048828125
0 0.38984375 0.6474609375 0.0390625 0.052734375
0 0.59609375 0.708984375 0.0421875 0.05078125
0 0.54140625 0.6640625 0.0421875 0.05078125
0 0.5359375 0.291015625 0.040625 0.046875
0 0.38046875 0.5859375 0.0421875 0.05078125
0 0.67734375 0.2490234375 0.0390625 0.048828125
0 0.50546875 0.42578125 0.0390625 0.05078125
0 0.30390625 0.421875 0.0421875 0.05078125
0 0.503125 0.73828125 0.040625 0.05078125
0 0.48515625 0.6181640625 0.0390625 0.052734375
0 0.68984375 0.6806640625 0.0390625 0.048828125
0 0.48828125 0.3046875 0.0421875 0.05078125
0 0.4296875 0.57421875 0.040625 0.05078125
0 0.4671875 0.4990234375 0.040625 0.052734375
0 0.5828125 0.2763671875 0.040625 0.048828125
0 0.6546875 0.4443359375 0.040625 0.048828125
0 0.54453125 0.3525390625 0.0390625 0.048828125
0 0.45390625 0.7509765625 0.0390625 0.048828125
0 0.26640625 0.494140625 0.0390625 0.05078125
0 0.49453125 0.6767578125 0.0421875 0.052734375
0 0.34296875 0.662109375 0.0390625 0.05078125
0 0.353125 0.40625 0.040625 0.05078125
0 0.4078125 0.7646484375 0.040625 0.048828125
0 0.2359375 0.630859375 0.040625 0.05078125
0 0.684375 0.3095703125 0.040625 0.048828125
0 0.49765625 0.365234375 0.0390625 0.05078125
0 0.4203125 0.513671875 0.040625 0.05078125
0 0.60859375 0.45703125 0.0390625 0.05078125
0 0.284375 0.615234375 0.040625 0.05078125
0 0.2453125 0.689453125 0.040625 0.05078125
0 0.3921875 0.333984375 0.040625 0.05078125
0 0.31171875 0.7939453125 0.0421875 0.048828125
0 0.27578125 0.5546875 0.0390625 0.05078125
0 0.37109375 0.5283203125 0.0390625 0.052734375
0 0.20625 0.447265625 0.040625 0.05078125
0 0.57890625 0.591796875 0.0421875 0.05078125
0 0.3625 0.466796875 0.040625 0.05078125
0 0.6625 0.50390625 0.040625 0.05078125
0 0.2953125 0.3603515625 0.040625 0.052734375
0 0.53125 0.603515625 0.040625 0.05078125
0 0.43671875 0.6328125 0.0390625 0.05078125
0 0.62890625 0.2646484375 0.0390625 0.048828125
0 0.45859375 0.439453125 0.0390625 0.046875
0 0.359375 0.7802734375 0.040625 0.048828125
0 0.7109375 0.4892578125 0.040625 0.052734375
0 0.6390625 0.3251953125 0.040625 0.048828125
0 0.303125 0.734375 0.040625 0.05078125
0 0.4390625 0.318359375 0.040625 0.05078125
0 0.54921875 0.72265625 0.0421875 0.05078125
0 0.3515625 0.720703125 0.040625 0.05078125
0 0.56953125 0.53125 0.0390625 0.05078125
0 0.22734375 0.5703125 0.0390625 0.05078125
0 0.73671875 0.6669921875 0.0390625 0.052734375
0 0.553125 0.412109375 0.040625 0.05078125
0 0.64375 0.693359375 0.040625 0.05078125
0 0.7203125 0.55078125 0.040625 0.05078125
0 0.61796875 0.5166015625 0.0421875 0.048828125
0 0.34375 0.345703125 0.040625 0.05078125
0 0.25703125 0.435546875 0.0421875 0.05078125
0 0.6 0.3974609375 0.040625 0.048828125
0 0.728125 0.6083984375 0.040625 0.052734375
0 0.2625 0.80859375 0.040625 0.05078125
0 0.446875 0.69140625 0.040625 0.05078125
0 0.70234375 0.4296875 0.0421875 0.046875
0 0.1984375 0.38671875 0.040625 0.05078125
0 0.32421875 0.541015625 0.0390625 0.05078125
0 0.68046875 0.62109375 0.0421875 0.05078125
0 0.33359375 0.6015625 0.0421875 0.05078125
0 0.59140625 0.3369140625 0.0390625 0.048828125
0 0.39921875 0.705078125 0.0390625 0.05078125
0 0.246875 0.373046875 0.040625 0.05078125
