0 0.50234375 0.5107421875 0.0421875 0.052734375
0 0.69609375 0.2744140625 0.0421875 0.048828125
0 0.3921875 0.4228515625 0.040625 0.048828125
0 0.75078125 0.556640625 0.0390625 0.05078125
0 0.61484375 0.5966796875 0.0421875 0.048828125
0 0.63671875 0.4716796875 0.0390625 0.048828125
0 0.52578125 0.384765625 0.0390625 0.05078125
0 0.4265625 0.3525390625 0.040625 0.048828125
0 0.3796875 0.6044921875 0.040625 0.048828125
0 0.41640625 0.2978515625 0.0390625 0.048828125
0 0.49140625 0.6904296875 0.0390625 0.052734375
0 0.3359375 0.6181640625 0.040625 0.048828125
0 0.56875 0.6103515625 0.040625 0.048828125
0 0.79609375 0.5439453125 0.0390625 0.052734375
0 0.62578125 0.4150390625 0.0390625 0.048828125
0 0.46015625 0.2822265625 0.0390625 0.048828125
0 0.68203125 0.4580078125 0.0390625 0.048828125
0 0.57109375 0.3720703125 0.0421875 0.052734375
0 0.3453125 0.673828125 0.040625 0.05078125
0 0.65 0.2880859375 0.040625 0.048828125
0 0.44609375 0.703125 0.0421875 0.05078125
0 0.29140625 0.392578125 0.0390625 0.05078125
0 0.4578125 0.5234375 0.040625 0.05078125
0 0.4359375 0.6474609375 0.040625 0.048828125
0 0.59453125 0.24609375 0.0390625 0.05078125
0 0.58046875 0.6669921875 0.0390625 0.048828125
0 0.67109375 0.6376953125 0.0421875 0.048828125
0 0.30390625 0.4501953125 0.0390625 0.048828125
0 0.73828125 0.5 0.0390625 0.05078125
0 0.53671875 0.44140625 0.0390625 0.05078125
0 0.64921875 0.5263671875 0.0390625 0.048828125
0 0.76171875 0.61328125 0.0390625 0.05078125
0 0.640625 0.2314453125 0.040625 0.048828125
0 0.4484375 0.4658203125 0.040625 0.048828125
0 0.71640625 0.6240234375 0.0421875 0.048828125
0 0.51640625 0.328125 0.0390625 0.05078125
0 0.603125 0.5400390625 0.040625 0.048828125
0 0.3578125 0.4912109375 0.040625 0.048828125
0 0.58046875 0.427734375 0.0390625 0.05078125
0 0.40234375 0.4775390625 0.0421875 0.048828125
0 0.51328125 0.564453125 0.0390625 0.05078125
0 0.73203125 0.2041015625 0.0390625 0.048828125
0 0.33671875 0.3798828125 0.0390625 0.048828125
0 0.7640625 0.375 0.040625 0.05078125
0 0.38984375 0.6611328125 0.0421875 0.048828125
0 0.28046875 0.3359375 0.0390625 0.05078125
0 0.55859375 0.5537109375 0.0421875 0.048828125
0 0.46796875 0.580078125 0.0390625 0.05078125
0 0.38203125 0.3681640625 0.0421875 0.048828125
0 0.68671875 0.2197265625 0.0390625 0.048828125
0 0.4921875 0.4541015625 0.040625 0.052734375
0 0.69453125 0.5146484375 0.0390625 0.048828125
0 0.7515625 0.318359375 0.040625 0.05078125
0 0.37109375 0.3115234375 0.0421875 0.048828125
0 0.36953125 0.5478515625 0.0421875 0.048828125
0 0.60390625 0.3017578125 0.0421875 0.048828125
0 0.66015625 0.3447265625 0.0421875 0.048828125
0 0.4140625 0.5341796875 0.040625 0.048828125
0 0.70625 0.3310546875 0.040625 0.048828125
0 0.4703125 0.3408203125 0.040625 0.052734375
0 0.71875 0.3876953125 0.040625 0.048828125
0 0.48046875 0.3974609375 0.0390625 0.052734375
0 0.32578125 0.32421875 0.0421875 0.05078125
0 0.55 0.2587890625 0.040625 0.052734375
0 0.78359375 0.4873046875 0.0390625 0.052734375
0 0.56015625 0.3154296875 0.0421875 0.052734375
0 0.34765625 0.4365234375 0.0390625 0.048828125
0 0.74296875 0.2607421875 0.0390625 0.048828125
0 0.659375 0.5830078125 0.040625 0.048828125
0 0.728125 0.4423828125 0.040625 0.048828125
0 0.67265625 0.4013671875 0.0421875 0.048828125
0 0.3234375 0.5615234375 0.040625 0.048828125
0 0.48046875 0.6337890625 0.0390625 0.052734375
0 0.4015625 0.716796875 0.040625 0.05078125
0 0.7734375 0.4306640625 0.040625 0.052734375
0 0.59296875 0.4833984375 0.0390625 0.048828125
0 0.625 0.6533203125 0.040625 0.048828125
0 0.52421875 0.62109375 0.0390625 0.05078125
0 0.61640625 0.3583984375 0.0421875 0.048828125
0 0.534375 0.6787109375 0.040625 0.048828125
0 0.4359375 0.4091796875 0.040625 0.048828125
0 0.3140625 0.5068359375 0.040625 0.048828125
0 0.80703125 0.6005859375 0.0390625 0.052734375
0 0.546875 0.4970703125 0.040625 0.048828125
0 0.5046875 0.271484375 0.040625 0.05078125
0 0.42421875 0.5908203125 0.0390625 0.048828125
0 0.70546875 0.5712890625 0.0390625 0.048828125
0 0.3578125 0.7294921875 0.040625 0.048828125
