0 0.41953125 0.3662109375 0.0390625 0.044921875
0 0.5484375 0.5380859375 0.0375 0.044921875
0 0.6796875 0.3662109375 0.0375 0.044921875
0 0.6359375 0.4228515625 0.0375 0.044921875
0 0.67734375 0.5380859375 0.0390625 0.044921875
0 0.8078125 0.3662109375 0.0375 0.044921875
0 0.50390625 0.5947265625 0.0390625 0.048828125
0 0.72265625 0.3095703125 0.0390625 0.048828125
0 0.8046875 0.6494140625 0.0375 0.048828125
0 0.5921875 0.48046875 0.0375 0.046875
0 0.7640625 0.4248046875 0.0375 0.048828125
0 0.41875 0.4228515625 0.040625 0.044921875
0 0.63359375 0.5947265625 0.0390625 0.048828125
0 0.590625 0.6513671875 0.0375 0.048828125
0 0.41796875 0.5380859375 0.0390625 0.044921875
0 0.3734375 0.5380859375 0.040625 0.044921875
0 0.37421875 0.421875 0.0390625 0.046875
0 0.7203125 0.48046875 0.0375 0.046875
0 0.50546875 0.4228515625 0.0390625 0.044921875
0 0.678125 0.48046875 0.040625 0.046875
0 0.546875 0.7099609375 0.0375 0.044921875
0 0.675 0.7080078125 0.0375 0.044921875
0 0.50625 0.3076171875 0.0375 0.048828125
0 0.6796875 0.4228515625 0.0375 0.044921875
0 0.546875 0.595703125 0.0375 0.046875
0 0.72265625 0.3671875 0.0390625 0.046875
0 0.54765625 0.65234375 0.0390625 0.046875
0 0.4625 0.48046875 0.040625 0.046875
0 0.675 0.650390625 0.0375 0.046875
0 0.46328125 0.3662109375 0.0390625 0.044921875
0 0.50625 0.3671875 0.0375 0.046875
0 0.375 0.3642578125 0.040625 0.048828125
0 0.55 0.4228515625 0.0375 0.044921875
0 0.80625 0.48046875 0.0375 0.046875
0 0.5046875 0.48046875 0.0375 0.046875
0 0.80625 0.5361328125 0.0375 0.044921875
0 0.71875 0.650390625 0.0375 0.046875
0 0.68046875 0.30859375 0.0390625 0.046875
0 0.503125 0.7099609375 0.0375 0.044921875
0 0.55 0.3662109375 0.0375 0.044921875
0 0.59375 0.3662109375 0.0375 0.044921875
0 0.7640625 0.3671875 0.0375 0.046875
0 0.634375 0.537109375 0.040625 0.046875
0 0.459375 0.65234375 0.0375 0.046875
0 0.5046875 0.5380859375 0.0375 0.044921875
0 0.371875 0.65234375 0.0375 0.046875
0 0.54921875 0.48046875 0.0390625 0.046875
0 0.41796875 0.48046875 0.0390625 0.046875
0 0.6375 0.3095703125 0.0375 0.048828125
0 0.7625 0.5947265625 0.0375 0.048828125
0 0.5921875 0.5380859375 0.0375 0.044921875
0 0.41953125 0.3076171875 0.0390625 0.048828125
0 0.6359375 0.4794921875 0.0375 0.048828125
0 0.371875 0.595703125 0.0375 0.046875
0 0.721875 0.4228515625 0.040625 0.044921875
0 0.80703125 0.4228515625 0.0390625 0.044921875
0 0.71875 0.5927734375 0.0375 0.044921875
0 0.37109375 0.7119140625 0.0390625 0.044921875
0 0.6765625 0.5927734375 0.040625 0.044921875
0 0.503125 0.65234375 0.0375 0.046875
0 0.8078125 0.310546875 0.0375 0.046875
0 0.4640625 0.30859375 0.040625 0.046875
0 0.7625 0.537109375 0.0375 0.046875
0 0.71953125 0.5380859375 0.0390625 0.044921875
0 0.59140625 0.5947265625 0.0390625 0.048828125
0 0.37421875 0.4814453125 0.0390625 0.048828125
0 0.3765625 0.3076171875 0.0375 0.048828125
0 0.765625 0.3095703125 0.040625 0.048828125
0 0.7609375 0.7060546875 0.0375 0.048828125
0 0.71875 0.7080078125 0.0375 0.044921875
0 0.63671875 0.3671875 0.0390625 0.046875
0 0.415625 0.65234375 0.0375 0.046875
0 0.5515625 0.30859375 0.040625 0.046875
0 0.4171875 0.595703125 0.040625 0.046875
0 0.46328125 0.4228515625 0.0390625 0.044921875
0 0.4609375 0.5947265625 0.0375 0.048828125
0 0.46015625 0.5380859375 0.0390625 0.044921875
0 0.59375 0.30859375 0.0375 0.046875
0 0.6328125 0.708984375 0.040625 0.046875
0 0.803125 0.7060546875 0.040625 0.048828125
0 0.4140625 0.7099609375 0.0375 0.044921875
0 0.76328125 0.4794921875 0.0390625 0.048828125
0 0.59296875 0.4228515625 0.0390625 0.044921875
0 0.63359375 0.6513671875 0.0390625 0.048828125
0 0.76171875 0.6494140625 0.0390625 0.048828125
0 0.80546875 0.5927734375 0.0390625 0.044921875
0 0.590625 0.708984375 0.0375 0.046875
0 0.45859375 0.708984375 0.0390625 0.046875
