0 0.8359375 0.54296875 0.04375 0.05859375
0 0.603125 0.2763671875 0.04375 0.060546875
0 0.4875 0.548828125 0.04375 0.05859375
0 0.590625 0.5546875 0.040625 0.05859375
0 0.5828125 0.6953125 0.04375 0.05859375
0 0.38046875 0.681640625 0.0421875 0.0546875
0 0.596875 0.4169921875 0.04375 0.060546875
0 0.7390625 0.3974609375 0.04375 0.056640625
0 0.428125 0.517578125 0.04375 0.05859375
0 0.49375 0.4111328125 0.040625 0.060546875
0 0.63203125 0.5302734375 0.0421875 0.060546875
0 0.73359375 0.5341796875 0.0421875 0.056640625
0 0.48125 0.6884765625 0.04375 0.056640625
0 0.4046875 0.6005859375 0.04375 0.056640625
0 0.30859375 0.453125 0.0421875 0.0546875
0 0.8 0.4287109375 0.04375 0.056640625
0 0.39140625 0.4033203125 0.0421875 0.056640625
0 0.70546875 0.283203125 0.0421875 0.05859375
0 0.5015625 0.2705078125 0.04375 0.060546875
0 0.44609375 0.5751953125 0.0453125 0.056640625
0 0.5234375 0.6611328125 0.040625 0.060546875
0 0.53515625 0.3857421875 0.0421875 0.060546875
0 0.5703125 0.4990234375 0.04375 0.060546875
0 0.5296875 0.5234375 0.04375 0.05859375
0 0.6390625 0.390625 0.040625 0.0546875
0 0.66171875 0.3076171875 0.0421875 0.060546875
0 0.34453125 0.5693359375 0.0453125 0.056640625
0 0.41015625 0.4599609375 0.0421875 0.056640625
0 0.775 0.5087890625 0.040625 0.056640625
0 0.65625 0.4462890625 0.04375 0.056640625
0 0.6984375 0.421875 0.04375 0.0546875
0 0.5546875 0.4423828125 0.04375 0.060546875
0 0.7515625 0.5947265625 0.04375 0.056640625
0 0.6265625 0.6689453125 0.04375 0.056640625
0 0.3859375 0.5439453125 0.04375 0.056640625
0 0.6671875 0.6435546875 0.04375 0.056640625
0 0.46328125 0.6318359375 0.0421875 0.056640625
0 0.540625 0.720703125 0.04375 0.05859375
0 0.415625 0.3212890625 0.04375 0.056640625
0 0.4390625 0.712890625 0.04375 0.0546875
0 0.415625 0.7958984375 0.04375 0.060546875
0 0.421875 0.6572265625 0.040625 0.056640625
0 0.45234375 0.4345703125 0.0421875 0.056640625
0 0.546875 0.580078125 0.040625 0.05859375
0 0.6453125 0.251953125 0.04375 0.05859375
0 0.68046875 0.3662109375 0.0421875 0.056640625
0 0.71328125 0.1416015625 0.0421875 0.060546875
0 0.49921875 0.74609375 0.0453125 0.05859375
0 0.71484375 0.4775390625 0.0421875 0.056640625
0 0.565625 0.63671875 0.04375 0.05859375
0 0.375 0.3466796875 0.04375 0.056640625
0 0.61328125 0.4736328125 0.0421875 0.060546875
0 0.57890625 0.361328125 0.0421875 0.05859375
0 0.3328125 0.3720703125 0.04375 0.056640625
0 0.60703125 0.6123046875 0.0421875 0.056640625
0 0.765625 0.3154296875 0.040625 0.056640625
0 0.4578125 0.296875 0.04375 0.0546875
0 0.51875 0.326171875 0.040625 0.05859375
0 0.74765625 0.2568359375 0.0421875 0.056640625
0 0.65 0.587890625 0.04375 0.0546875
0 0.56015625 0.3017578125 0.0421875 0.060546875
0 0.29140625 0.3974609375 0.0453125 0.056640625
0 0.6890625 0.2265625 0.04375 0.05859375
0 0.6921875 0.5634765625 0.040625 0.056640625
0 0.5109375 0.4677734375 0.04375 0.060546875
0 0.721875 0.3408203125 0.040625 0.056640625
0 0.36875 0.4873046875 0.040625 0.056640625
0 0.7828125 0.3720703125 0.04375 0.056640625
0 0.54375 0.2451171875 0.04375 0.060546875
0 0.584375 0.2197265625 0.04375 0.060546875
0 0.35 0.4287109375 0.040625 0.056640625
0 0.50546875 0.60546875 0.0421875 0.05859375
0 0.6734375 0.5029296875 0.040625 0.056640625
0 0.4578125 0.7705078125 0.04375 0.060546875
0 0.7578125 0.453125 0.04375 0.0546875
0 0.7296875 0.2001953125 0.04375 0.056640625
0 0.6703125 0.1669921875 0.04375 0.060546875
0 0.47734375 0.3525390625 0.0421875 0.056640625
0 0.81875 0.486328125 0.040625 0.05859375
0 0.62734375 0.1953125 0.0421875 0.05859375
0 0.6203125 0.3349609375 0.040625 0.056640625
0 0.39765625 0.7373046875 0.0453125 0.056640625
0 0.46875 0.4921875 0.04375 0.05859375
0 0.709375 0.619140625 0.04375 0.0546875
0 0.32734375 0.5107421875 0.0421875 0.060546875
0 0.434375 0.3779296875 0.04375 0.056640625
0 0.36171875 0.6259765625 0.0421875 0.056640625
0 0.79375 0.5673828125 0.040625 0.060546875
