0 0.15703125 0.3291015625 0.0390625 0.048828125
0 0.20546875 0.3935546875 0.0390625 0.048828125
0 0.24921875 0.6416015625 0.0390625 0.048828125
0 0.25078125 0.5791015625 0.0390625 0.048828125
0 0.19921875 0.5751953125 0.0390625 0.048828125
0 0.45078125 0.5966796875 0.0390625 0.048828125
0 0.35703125 0.3486328125 0.0390625 0.048828125
0 0.40078125 0.5927734375 0.0390625 0.048828125
0 0.55234375 0.4853515625 0.0390625 0.048828125
0 0.44921875 0.6572265625 0.0390625 0.048828125
0 0.45234375 0.5361328125 0.0390625 0.048828125
0 0.20078125 0.5146484375 0.0390625 0.048828125
0 0.50390625 0.4208984375 0.0390625 0.048828125
0 0.40234375 0.5322265625 0.0390625 0.048828125
0 0.55078125 0.5439453125 0.0390625 0.048828125
0 0.49921875 0.6611328125 0.0390625 0.048828125
0 0.60234375 0.4892578125 0.0390625 0.048828125
0 0.45546875 0.3564453125 0.0390625 0.048828125
0 0.60078125 0.5478515625 0.0390625 0.048828125
0 0.29921875 0.6455078125 0.0390625 0.048828125
0 0.20390625 0.4541015625 0.0390625 0.048828125
0 0.30546875 0.4033203125 0.0390625 0.048828125
0 0.35390625 0.4677734375 0.0390625 0.048828125
0 0.25234375 0.5205078125 0.0390625 0.048828125
0 0.50078125 0.6005859375 0.0390625 0.048828125
0 0.40390625 0.4716796875 0.0390625 0.048828125
0 0.55390625 0.4248046875 0.0390625 0.048828125
0 0.60078125 0.6083984375 0.0390625 0.048828125
0 0.40546875 0.4130859375 0.0390625 0.048828125
0 0.54921875 0.6650390625 0.0390625 0.048828125
0 0.30078125 0.5830078125 0.0390625 0.048828125
0 0.15078125 0.5107421875 0.0390625 0.048828125
0 0.14921875 0.5712890625 0.0390625 0.048828125
0 0.34921875 0.6494140625 0.0390625 0.048828125
0 0.25390625 0.4580078125 0.0390625 0.048828125
0 0.30703125 0.3427734375 0.0390625 0.048828125
0 0.35546875 0.4072265625 0.0390625 0.048828125
0 0.09609375 0.6298828125 0.0390625 0.048828125
0 0.60546875 0.3115234375 0.0390625 0.048828125
0 0.35234375 0.5263671875 0.0390625 0.048828125
0 0.50234375 0.4794921875 0.0390625 0.048828125
0 0.54921875 0.7255859375 0.0390625 0.048828125
0 0.24609375 0.7021484375 0.0390625 0.048828125
0 0.44921875 0.7177734375 0.0390625 0.048828125
0 0.19765625 0.6376953125 0.0390625 0.048828125
0 0.59921875 0.6689453125 0.0390625 0.048828125
0 0.15234375 0.4501953125 0.0390625 0.048828125
0 0.10859375 0.2646484375 0.0390625 0.048828125
0 0.55546875 0.3662109375 0.0390625 0.048828125
0 0.30234375 0.5224609375 0.0390625 0.048828125
0 0.34765625 0.7099609375 0.0390625 0.048828125
0 0.55078125 0.6044921875 0.0390625 0.048828125
0 0.50546875 0.3623046875 0.0390625 0.048828125
0 0.45703125 0.2978515625 0.0390625 0.048828125
0 0.59921875 0.7294921875 0.0390625 0.048828125
0 0.50703125 0.3037109375 0.0390625 0.048828125
0 0.50234375 0.5400390625 0.0390625 0.048828125
0 0.45234375 0.4755859375 0.0390625 0.048828125
0 0.39921875 0.6533203125 0.0390625 0.048828125
0 0.39921875 0.7138671875 0.0390625 0.048828125
0 0.30390625 0.4638671875 0.0390625 0.048828125
0 0.30859375 0.2841796875 0.0390625 0.048828125
0 0.40859375 0.2939453125 0.0390625 0.048828125
0 0.25859375 0.2802734375 0.0390625 0.048828125
0 0.49921875 0.7216796875 0.0390625 0.048828125
0 0.60234375 0.4287109375 0.0390625 0.048828125
0 0.45546875 0.4169921875 0.0390625 0.048828125
0 0.15546875 0.3896484375 0.0390625 0.048828125
0 0.35078125 0.5869140625 0.0390625 0.048828125
0 0.14609375 0.6337890625 0.0390625 0.048828125
0 0.29765625 0.7060546875 0.0390625 0.048828125
0 0.09921875 0.5068359375 0.0390625 0.048828125
0 0.25703125 0.3388671875 0.0390625 0.048828125
0 0.10234375 0.4462890625 0.0390625 0.048828125
0 0.15859375 0.2685546875 0.0390625 0.048828125
0 0.14453125 0.6943359375 0.0390625 0.048828125
0 0.20703125 0.3349609375 0.0390625 0.048828125
0 0.60390625 0.3701171875 0.0390625 0.048828125
0 0.09765625 0.5673828125 0.0390625 0.048828125
0 0.25546875 0.3994140625 0.0390625 0.048828125
0 0.35859375 0.2880859375 0.0390625 0.048828125
0 0.20859375 0.2744140625 0.0390625 0.048828125
0 0.40703125 0.3525390625 0.0390625 0.048828125
0 0.19609375 0.6982421875 0.0390625 0.048828125
0 0.10546875 0.3251953125 0.0390625 0.048828125
0 0.55546875 0.3076171875 0.0390625 0.048828125
0 0.10390625 0.3857421875 0.0390625 0.048828125
0 0.09296875 0.6904296875 0.0390625 0.048828125
