0 0.80078125 0.6103515625 0.0390625 0.048828125
0 0.65078125 0.2822265625 0.0390625 0.048828125
0 0.56015625 0.7333984375 0.0390625 0.048828125
0 0.63515625 0.5283203125 0.0390625 0.048828125
0 0.52265625 0.4384765625 0.0390625 0.048828125
0 0.69921875 0.2685546875 0.0390625 0.048828125
0 0.47421875 0.4521484375 0.0390625 0.048828125
0 0.44765625 0.6396484375 0.0390625 0.048828125
0 0.62734375 0.4697265625 0.0390625 0.048828125
0 0.50390625 0.6865234375 0.0390625 0.048828125
0 0.36171875 0.3642578125 0.0390625 0.048828125
0 0.39296875 0.5947265625 0.0390625 0.048828125
0 0.51171875 0.7470703125 0.0390625 0.048828125
0 0.57109375 0.4248046875 0.0390625 0.048828125
0 0.74609375 0.2529296875 0.0390625 0.048828125
0 0.41796875 0.4072265625 0.0390625 0.048828125
0 0.68515625 0.5166015625 0.0390625 0.048828125
0 0.80546875 0.2978515625 0.0390625 0.048828125
0 0.75078125 0.6220703125 0.0390625 0.048828125
0 0.74296875 0.5634765625 0.0390625 0.048828125
0 0.72578125 0.4443359375 0.0390625 0.048828125
0 0.54609375 0.6142578125 0.0390625 0.048828125
0 0.75859375 0.6826171875 0.0390625 0.048828125
0 0.70703125 0.3271484375 0.0390625 0.048828125
0 0.53046875 0.4970703125 0.0390625 0.048828125
0 0.58671875 0.5419921875 0.0390625 0.048828125
0 0.75703125 0.3115234375 0.0390625 0.048828125
0 0.80859375 0.6708984375 0.0390625 0.048828125
0 0.42578125 0.4658203125 0.0390625 0.048828125
0 0.65859375 0.7080078125 0.0390625 0.048828125
0 0.49609375 0.6279296875 0.0390625 0.048828125
0 0.65859375 0.3408203125 0.0390625 0.048828125
0 0.86484375 0.3427734375 0.0390625 0.048828125
0 0.78359375 0.4892578125 0.0390625 0.048828125
0 0.70078125 0.6357421875 0.0390625 0.048828125
0 0.73359375 0.5029296875 0.0390625 0.048828125
0 0.55234375 0.6728515625 0.0390625 0.048828125
0 0.64453125 0.5888671875 0.0390625 0.048828125
0 0.76484375 0.3701171875 0.0390625 0.048828125
0 0.90078125 0.5849609375 0.0390625 0.048828125
0 0.57890625 0.4833984375 0.0390625 0.048828125
0 0.60234375 0.2958984375 0.0390625 0.048828125
0 0.41328125 0.7724609375 0.0390625 0.048828125
0 0.85859375 0.6572265625 0.0390625 0.048828125
0 0.66796875 0.3994140625 0.0390625 0.048828125
0 0.38515625 0.5361328125 0.0390625 0.048828125
0 0.79609375 0.2392578125 0.0390625 0.048828125
0 0.53828125 0.5556640625 0.0390625 0.048828125
0 0.60234375 0.6611328125 0.0390625 0.048828125
0 0.81484375 0.3564453125 0.0390625 0.048828125
0 0.39921875 0.6533203125 0.0390625 0.048828125
0 0.61015625 0.3544921875 0.0390625 0.048828125
0 0.82421875 0.4169921875 0.0390625 0.048828125
0 0.36953125 0.4208984375 0.0390625 0.048828125
0 0.56171875 0.3681640625 0.0390625 0.048828125
0 0.46171875 0.7587890625 0.0390625 0.048828125
0 0.85078125 0.5966796875 0.0390625 0.048828125
0 0.67578125 0.4580078125 0.0390625 0.048828125
0 0.48984375 0.5673828125 0.0390625 0.048828125
0 0.77421875 0.4306640625 0.0390625 0.048828125
0 0.44140625 0.5810546875 0.0390625 0.048828125
0 0.55390625 0.3095703125 0.0390625 0.048828125
0 0.46484375 0.3935546875 0.0390625 0.048828125
0 0.65078125 0.6474609375 0.0390625 0.048828125
0 0.61015625 0.7216796875 0.0390625 0.048828125
0 0.87265625 0.4013671875 0.0390625 0.048828125
0 0.79140625 0.5498046875 0.0390625 0.048828125
0 0.51328125 0.3818359375 0.0390625 0.048828125
0 0.70859375 0.6962890625 0.0390625 0.048828125
0 0.69296875 0.5751953125 0.0390625 0.048828125
0 0.37734375 0.4775390625 0.0390625 0.048828125
0 0.85546875 0.2841796875 0.0390625 0.048828125
0 0.84140625 0.5361328125 0.0390625 0.048828125
0 0.41015625 0.3505859375 0.0390625 0.048828125
0 0.43359375 0.5224609375 0.0390625 0.048828125
0 0.45703125 0.3369140625 0.0390625 0.048828125
0 0.48203125 0.5087890625 0.0390625 0.048828125
0 0.40703125 0.7119140625 0.0390625 0.048828125
0 0.90859375 0.6455078125 0.0390625 0.048828125
0 0.88203125 0.4619140625 0.0390625 0.048828125
0 0.89140625 0.5224609375 0.0390625 0.048828125
0 0.45546875 0.7001953125 0.0390625 0.048828125
0 0.83203125 0.4755859375 0.0390625 0.048828125
0 0.84453125 0.2236328125 0.0390625 0.048828125
0 0.50546875 0.3232421875 0.0390625 0.048828125
0 0.59453125 0.6005859375 0.0390625 0.048828125
0 0.61953125 0.4111328125 0.0390625 0.048828125
0 0.71640625 0.3857421875 0.0390625 0.048828125
