0 0.65703125 0.5185546875 0.0484375 0.076171875
0 0.75703125 0.6884765625 0.0484375 0.072265625
0 0.38671875 0.634765625 0.0453125 0.07421875
0 0.490625 0.8046875 0.046875 0.07421875
0 0.56015625 0.1640625 0.0453125 0.07421875
0 0.28515625 0.4609375 0.0453125 0.07421875
0 0.39296875 0.451171875 0.0453125 0.07421875
0 0.50234375 0.3505859375 0.0453125 0.072265625
0 0.7640625 0.5068359375 0.046875 0.072265625
0 0.33125 0.8212890625 0.046875 0.072265625
0 0.7609375 0.6005859375 0.046875 0.076171875
0 0.6625 0.337890625 0.046875 0.07421875
0 0.49453125 0.625 0.0453125 0.07421875
0 0.49296875 0.712890625 0.0453125 0.07421875
0 0.275 0.8251953125 0.046875 0.076171875
0 0.396875 0.26953125 0.046875 0.07421875
0 0.6640625 0.248046875 0.046875 0.07421875
0 0.2890625 0.27734375 0.046875 0.07421875
0 0.76796875 0.330078125 0.0453125 0.07421875
0 0.38984375 0.54296875 0.0484375 0.07421875
0 0.7703125 0.23828125 0.046875 0.07421875
0 0.7125 0.421875 0.046875 0.07421875
0 0.81953125 0.322265625 0.0453125 0.07421875
0 0.659375 0.4296875 0.046875 0.07421875
0 0.709375 0.513671875 0.046875 0.07421875
0 0.5515625 0.5283203125 0.046875 0.076171875
0 0.65390625 0.6103515625 0.0453125 0.076171875
0 0.50078125 0.4404296875 0.0453125 0.072265625
0 0.33828125 0.45703125 0.0484375 0.07421875
0 0.59609375 0.7958984375 0.0453125 0.072265625
0 0.65234375 0.69921875 0.0453125 0.07421875
0 0.8109375 0.685546875 0.046875 0.07421875
0 0.821875 0.2333984375 0.046875 0.076171875
0 0.55390625 0.4365234375 0.0484375 0.076171875
0 0.28671875 0.369140625 0.0453125 0.07421875
0 0.5046875 0.2587890625 0.046875 0.072265625
0 0.66640625 0.15625 0.0453125 0.07421875
0 0.45078125 0.2646484375 0.0453125 0.076171875
0 0.27734375 0.7333984375 0.0453125 0.076171875
0 0.440625 0.626953125 0.046875 0.07421875
0 0.61015625 0.2509765625 0.0453125 0.072265625
0 0.71640625 0.240234375 0.0453125 0.07421875
0 0.7203125 0.1533203125 0.046875 0.072265625
0 0.60859375 0.3408203125 0.0453125 0.072265625
0 0.60390625 0.5244140625 0.0484375 0.072265625
0 0.55859375 0.255859375 0.0453125 0.07421875
0 0.70703125 0.603515625 0.0484375 0.07421875
0 0.81796875 0.4140625 0.0453125 0.07421875
0 0.44921875 0.3544921875 0.0453125 0.076171875
0 0.55625 0.34765625 0.046875 0.07421875
0 0.5484375 0.6171875 0.046875 0.07421875
0 0.39921875 0.1767578125 0.0453125 0.072265625
0 0.39453125 0.3583984375 0.0453125 0.072265625
0 0.50703125 0.1669921875 0.0453125 0.072265625
0 0.3359375 0.544921875 0.046875 0.07421875
0 0.34453125 0.1806640625 0.0453125 0.076171875
0 0.70234375 0.7841796875 0.0453125 0.076171875
0 0.771875 0.1484375 0.046875 0.07421875
0 0.76640625 0.419921875 0.0453125 0.07421875
0 0.38671875 0.7236328125 0.0453125 0.076171875
0 0.49765625 0.5322265625 0.0484375 0.072265625
0 0.43828125 0.71875 0.0453125 0.07421875
0 0.5984375 0.7041015625 0.046875 0.072265625
0 0.3328125 0.6376953125 0.046875 0.072265625
0 0.54453125 0.798828125 0.0453125 0.07421875
0 0.60625 0.4326171875 0.046875 0.072265625
0 0.6015625 0.6142578125 0.046875 0.072265625
0 0.75546875 0.7802734375 0.0484375 0.072265625
0 0.2890625 0.1845703125 0.046875 0.072265625
0 0.27890625 0.64453125 0.0453125 0.07421875
0 0.34296875 0.2724609375 0.0453125 0.076171875
0 0.38515625 0.8154296875 0.0453125 0.076171875
0 0.3328125 0.7294921875 0.046875 0.072265625
0 0.44609375 0.4462890625 0.0484375 0.076171875
0 0.34140625 0.3642578125 0.0453125 0.076171875
0 0.28203125 0.552734375 0.0484375 0.07421875
0 0.81640625 0.50390625 0.0453125 0.07421875
0 0.8140625 0.59375 0.046875 0.07421875
0 0.65078125 0.7890625 0.0453125 0.07421875
0 0.80859375 0.7744140625 0.0484375 0.076171875
0 0.7140625 0.3330078125 0.046875 0.072265625
0 0.44375 0.53515625 0.046875 0.07421875
0 0.6125 0.1591796875 0.046875 0.072265625
0 0.43671875 0.80859375 0.0453125 0.07421875
0 0.45234375 0.1728515625 0.0453125 0.076171875
0 0.70390625 0.6953125 0.0453125 0.07421875
0 0.54609375 0.708984375 0.0453125 0.07421875
0 0.82578125 0.1416015625 0.0453125 0.076171875
