0 0.59765625 0.3818359375 0.0390625 0.048828125
0 0.48984375 0.4267578125 0.0390625 0.048828125
0 0.46796875 0.5205078125 0.0390625 0.048828125
0 0.32421875 0.4951171875 0.0390625 0.048828125
0 0.58515625 0.6416015625 0.0390625 0.048828125
0 0.44296875 0.6162109375 0.0390625 0.048828125
0 0.40390625 0.3798828125 0.0390625 0.048828125
0 0.31484375 0.3310546875 0.0390625 0.048828125
0 0.56171875 0.7392578125 0.0390625 0.048828125
0 0.35546875 0.5654296875 0.0390625 0.048828125
0 0.23515625 0.4462890625 0.0390625 0.048828125
0 0.51171875 0.3349609375 0.0390625 0.048828125
0 0.57578125 0.4755859375 0.0390625 0.048828125
0 0.42578125 0.2880859375 0.0390625 0.048828125
0 0.64140625 0.4072265625 0.0390625 0.048828125
0 0.68359375 0.4287109375 0.0390625 0.048828125
0 0.2265625 0.287109375 0.034375 0.03515625
0 0.66328125 0.5244140625 0.0390625 0.048828125
0 0.33828125 0.2431640625 0.0390625 0.048828125
0 0.34296875 0.6123046875 0.0390625 0.048828125
0 0.34765625 0.4013671875 0.0390625 0.048828125
0 0.25390625 0.5634765625 0.0390625 0.048828125
0 0.38046875 0.4716796875 0.0390625 0.048828125
0 0.31015625 0.5400390625 0.0390625 0.048828125
0 0.22265625 0.4931640625 0.0390625 0.048828125
0 0.55546875 0.3583984375 0.0390625 0.048828125
0 0.24765625 0.3994140625 0.0390625 0.048828125
0 0.36015625 0.3544921875 0.0390625 0.048828125
0 0.29765625 0.5888671875 0.0390625 0.048828125
0 0.55390625 0.5693359375 0.0390625 0.048828125
0 0.67421875 0.4775390625 0.0390625 0.048828125
0 0.41171875 0.5439453125 0.0390625 0.048828125
0 0.53046875 0.6650390625 0.0390625 0.048828125
0 0.38671875 0.6396484375 0.0390625 0.048828125
0 0.58828125 0.4287109375 0.0390625 0.048828125
0 0.61953125 0.4990234375 0.0390625 0.048828125
0 0.63046875 0.4521484375 0.0390625 0.048828125
0 0.53359375 0.4521484375 0.0390625 0.048828125
0 0.61796875 0.7158203125 0.0390625 0.048828125
0 0.59765625 0.5947265625 0.0390625 0.048828125
0 0.27109375 0.3076171875 0.0390625 0.048828125
0 0.52265625 0.4970703125 0.0390625 0.048828125
0 0.57421875 0.6904296875 0.0390625 0.048828125
0 0.33671875 0.4482421875 0.0390625 0.048828125
0 0.54453125 0.4033203125 0.0390625 0.048828125
0 0.64140625 0.6181640625 0.0390625 0.048828125
0 0.60859375 0.5478515625 0.0390625 0.048828125
0 0.43515625 0.4501953125 0.0390625 0.048828125
0 0.39921875 0.5908203125 0.0390625 0.048828125
0 0.44765625 0.4033203125 0.0390625 0.048828125
0 0.26640625 0.5166015625 0.0390625 0.048828125
0 0.26015625 0.3544921875 0.0390625 0.048828125
0 0.23828125 0.2392578125 0.0390625 0.048828125
0 0.47421875 0.6884765625 0.0390625 0.048828125
0 0.42421875 0.4970703125 0.0390625 0.048828125
0 0.41484375 0.3349609375 0.0390625 0.048828125
0 0.51015625 0.5458984375 0.0390625 0.048828125
0 0.27890625 0.4697265625 0.0390625 0.048828125
0 0.48671875 0.6396484375 0.0390625 0.048828125
0 0.65234375 0.5712890625 0.0390625 0.048828125
0 0.17578125 0.4697265625 0.0390625 0.048828125
0 0.39140625 0.4248046875 0.0390625 0.048828125
0 0.20859375 0.5400390625 0.0390625 0.048828125
0 0.49921875 0.5927734375 0.0390625 0.048828125
0 0.50078125 0.3798828125 0.0390625 0.048828125
0 0.29140625 0.4228515625 0.0390625 0.048828125
0 0.36796875 0.5185546875 0.0390625 0.048828125
0 0.63046875 0.6669921875 0.0390625 0.048828125
0 0.56484375 0.5224609375 0.0390625 0.048828125
0 0.46953125 0.3115234375 0.0390625 0.048828125
0 0.32734375 0.2861328125 0.0390625 0.048828125
0 0.37109375 0.3115234375 0.0390625 0.048828125
0 0.18984375 0.4228515625 0.0390625 0.048828125
0 0.38203125 0.2646484375 0.0390625 0.048828125
0 0.60546875 0.7646484375 0.0390625 0.048828125
0 0.45859375 0.3564453125 0.0390625 0.048828125
0 0.54296875 0.6162109375 0.0390625 0.048828125
0 0.30390625 0.3779296875 0.0390625 0.048828125
0 0.47890625 0.4736328125 0.0390625 0.048828125
0 0.45546875 0.5673828125 0.0390625 0.048828125
0 0.51796875 0.7138671875 0.0390625 0.048828125
0 0.29453125 0.2138671875 0.0390625 0.048828125
0 0.21484375 0.3310546875 0.0390625 0.048828125
0 0.20234375 0.3759765625 0.0390625 0.048828125
0 0.16328125 0.5146484375 0.0390625 0.048828125
0 0.24921875 0.1962890625 0.0296875 0.033203125
0 0.28203125 0.263671875 0.0328125 0.03515625
0 0.43046875 0.6630859375 0.0390625 0.048828125
