0 0.9 0.4287109375 0.04375 0.064453125
0 0.84765625 0.5146484375 0.0421875 0.064453125
0 0.8 0.8447265625 0.04375 0.064453125
0 0.7984375 0.7607421875 0.04375 0.064453125
0 0.85390625 0.7568359375 0.0421875 0.064453125
0 0.58203125 0.7841796875 0.0421875 0.064453125
0 0.68359375 0.455078125 0.0421875 0.06640625
0 0.63515625 0.7802734375 0.0421875 0.064453125
0 0.47109375 0.63671875 0.0421875 0.06640625
0 0.58359375 0.865234375 0.0421875 0.06640625
0 0.5796875 0.7041015625 0.04375 0.064453125
0 0.85234375 0.67578125 0.0421875 0.06640625
0 0.52421875 0.55078125 0.0421875 0.06640625
0 0.63359375 0.69921875 0.0421875 0.06640625
0 0.47265625 0.71484375 0.0421875 0.06640625
0 0.52890625 0.8701171875 0.0421875 0.064453125
0 0.41640625 0.6416015625 0.0421875 0.064453125
0 0.57578125 0.4658203125 0.0421875 0.064453125
0 0.41875 0.7197265625 0.04375 0.064453125
0 0.74609375 0.849609375 0.0421875 0.06640625
0 0.84921875 0.5947265625 0.0421875 0.064453125
0 0.7390625 0.5283203125 0.04375 0.064453125
0 0.68671875 0.61328125 0.0421875 0.06640625
0 0.79609375 0.68359375 0.0421875 0.06640625
0 0.52734375 0.7900390625 0.0421875 0.064453125
0 0.63203125 0.6181640625 0.0421875 0.064453125
0 0.46953125 0.5556640625 0.0421875 0.064453125
0 0.41875 0.7998046875 0.04375 0.064453125
0 0.63046875 0.5400390625 0.0421875 0.064453125
0 0.47421875 0.8759765625 0.0421875 0.064453125
0 0.74453125 0.7666015625 0.0421875 0.064453125
0 0.90703125 0.6708984375 0.0421875 0.064453125
0 0.90859375 0.7509765625 0.0421875 0.064453125
0 0.69140625 0.8544921875 0.0421875 0.064453125
0 0.79453125 0.6005859375 0.0421875 0.064453125
0 0.73671875 0.447265625 0.0421875 0.06640625
0 0.68515625 0.5322265625 0.0421875 0.064453125
0 0.96640625 0.8291015625 0.0421875 0.064453125
0 0.41328125 0.4052734375 0.0421875 0.064453125
0 0.68828125 0.69140625 0.0421875 0.06640625
0 0.52578125 0.62890625 0.0421875 0.06640625
0 0.47421875 0.9560546875 0.0421875 0.064453125
0 0.80390625 0.9248046875 0.0421875 0.064453125
0 0.58359375 0.9462890625 0.0421875 0.064453125
0 0.85546875 0.8388671875 0.0421875 0.064453125
0 0.42109375 0.880859375 0.0421875 0.06640625
0 0.90546875 0.58984375 0.0421875 0.06640625
0 0.95234375 0.3427734375 0.0421875 0.064453125
0 0.46796875 0.4775390625 0.0421875 0.064453125
0 0.74296875 0.6865234375 0.0421875 0.064453125
0 0.69296875 0.935546875 0.0421875 0.06640625
0 0.47265625 0.794921875 0.0421875 0.06640625
0 0.52265625 0.4736328125 0.0421875 0.064453125
0 0.57421875 0.3876953125 0.0421875 0.064453125
0 0.42109375 0.9619140625 0.0421875 0.064453125
0 0.52109375 0.3955078125 0.0421875 0.064453125
0 0.52578125 0.7099609375 0.0421875 0.064453125
0 0.5796875 0.6240234375 0.04375 0.064453125
0 0.63671875 0.8603515625 0.0421875 0.064453125
0 0.63671875 0.9404296875 0.0421875 0.064453125
0 0.74140625 0.6083984375 0.0421875 0.064453125
0 0.73515625 0.369140625 0.0421875 0.06640625
0 0.62734375 0.3818359375 0.0421875 0.064453125
0 0.78984375 0.3642578125 0.0421875 0.064453125
0 0.52890625 0.951171875 0.0421875 0.06640625
0 0.41640625 0.5615234375 0.0421875 0.064453125
0 0.57578125 0.5458984375 0.0421875 0.064453125
0 0.90234375 0.5087890625 0.0421875 0.064453125
0 0.68984375 0.7724609375 0.0421875 0.064453125
0 0.91171875 0.833984375 0.0421875 0.06640625
0 0.74765625 0.9306640625 0.0421875 0.064453125
0 0.96328125 0.6650390625 0.0421875 0.064453125
0 0.79140625 0.4423828125 0.0421875 0.064453125
0 0.959375 0.5849609375 0.04375 0.064453125
0 0.8984375 0.3486328125 0.04375 0.064453125
0 0.91328125 0.9150390625 0.0421875 0.064453125
0 0.84609375 0.4365234375 0.0421875 0.064453125
0 0.41484375 0.4833984375 0.0421875 0.064453125
0 0.96484375 0.7451171875 0.0421875 0.064453125
0 0.79296875 0.5224609375 0.0421875 0.064453125
0 0.68203125 0.3740234375 0.0421875 0.064453125
0 0.84453125 0.3564453125 0.0421875 0.064453125
0 0.62890625 0.4599609375 0.0421875 0.064453125
0 0.85703125 0.919921875 0.0421875 0.06640625
0 0.95546875 0.423828125 0.0421875 0.06640625
0 0.46796875 0.400390625 0.0421875 0.06640625
0 0.95703125 0.5048828125 0.0421875 0.064453125
0 0.96953125 0.9091796875 0.0421875 0.064453125
