0 0.4328125 0.451171875 0.05625 0.0625
0 0.26796875 0.591796875 0.0578125 0.0625
0 0.59765625 0.310546875 0.0578125 0.0625
0 0.67109375 0.31640625 0.0578125 0.0625
0 0.50625 0.458984375 0.05625 0.0625
0 0.4875 0.6142578125 0.05625 0.064453125
0 0.45078125 0.296875 0.0578125 0.0625
0 0.81953125 0.3310546875 0.0578125 0.064453125
0 0.28828125 0.435546875 0.0578125 0.0625
0 0.615625 0.15625 0.05625 0.0625
0 0.65234375 0.474609375 0.0578125 0.0625
0 0.71015625 0.63671875 0.0578125 0.0625
0 0.88359375 0.416015625 0.0578125 0.0625
0 0.634375 0.62890625 0.05625 0.0625
0 0.72578125 0.4814453125 0.0578125 0.064453125
0 0.34140625 0.599609375 0.0578125 0.0625
0 0.8765625 0.49609375 0.05625 0.0625
0 0.4421875 0.373046875 0.05625 0.0625
0 0.41484375 0.607421875 0.0578125 0.0625
0 0.7625 0.16796875 0.05625 0.0625
0 0.60703125 0.2333984375 0.0578125 0.064453125
0 0.57890625 0.466796875 0.0578125 0.0625
0 0.5609375 0.62109375 0.05625 0.0625
0 0.3984375 0.134765625 0.05625 0.0625
0 0.496875 0.537109375 0.05625 0.0625
0 0.378125 0.2890625 0.05625 0.0625
0 0.23359375 0.2734375 0.0578125 0.0625
0 0.74453125 0.32421875 0.0578125 0.0625
0 0.66171875 0.39453125 0.0578125 0.0625
0 0.83515625 0.17578125 0.0578125 0.0625
0 0.89296875 0.337890625 0.0578125 0.0625
0 0.2453125 0.1982421875 0.05625 0.064453125
0 0.94296875 0.58203125 0.0578125 0.0625
0 0.52421875 0.302734375 0.0578125 0.0625
0 0.359375 0.443359375 0.05625 0.0625
0 0.54296875 0.1484375 0.0578125 0.0625
0 0.196875 0.583984375 0.05625 0.0625
0 0.8515625 0.732421875 0.05625 0.0625
0 0.22421875 0.3515625 0.0578125 0.0625
0 0.92734375 0.7421875 0.0578125 0.0625
0 0.85859375 0.654296875 0.0578125 0.0625
0 0.46953125 0.140625 0.0578125 0.0625
0 0.86796875 0.57421875 0.0578125 0.0625
0 0.70078125 0.716796875 0.0578125 0.0625
0 0.30703125 0.28125 0.0578125 0.0625
0 0.6890625 0.1640625 0.05625 0.0625
0 0.38984375 0.2109375 0.0578125 0.0625
0 0.77578125 0.724609375 0.0578125 0.0625
0 0.8015625 0.48828125 0.05625 0.0625
0 0.27734375 0.513671875 0.0578125 0.0625
0 0.8265625 0.25390625 0.05625 0.0625
0 0.32578125 0.12890625 0.0578125 0.0625
0 0.71640625 0.55859375 0.0578125 0.0625
0 0.64296875 0.55078125 0.0578125 0.0625
0 0.29765625 0.359375 0.0578125 0.0625
0 0.33203125 0.677734375 0.0578125 0.0625
0 0.7921875 0.56640625 0.05625 0.0625
0 0.68046875 0.240234375 0.0578125 0.0625
0 0.46015625 0.21875 0.0578125 0.0625
0 0.35078125 0.521484375 0.0578125 0.0625
0 0.78515625 0.64453125 0.0578125 0.0625
0 0.5515625 0.69921875 0.05625 0.0625
0 0.47890625 0.69140625 0.0578125 0.0625
0 0.51484375 0.380859375 0.0578125 0.0625
0 0.215625 0.4296875 0.05625 0.0625
0 0.90234375 0.26171875 0.0578125 0.0625
0 0.93359375 0.662109375 0.0578125 0.0625
0 0.959375 0.423828125 0.05625 0.0625
0 0.81015625 0.408203125 0.0578125 0.0625
0 0.96796875 0.345703125 0.0578125 0.0625
0 0.9109375 0.18359375 0.05625 0.0625
0 0.1859375 0.662109375 0.05625 0.0625
0 0.40546875 0.68359375 0.0578125 0.0625
0 0.4234375 0.529296875 0.05625 0.0625
0 0.5703125 0.544921875 0.05625 0.0625
0 0.36875 0.3662109375 0.05625 0.064453125
0 0.9859375 0.189453125 0.028125 0.05859375
0 0.73515625 0.400390625 0.0578125 0.0625
0 0.753125 0.24609375 0.05625 0.0625
0 0.62734375 0.708984375 0.0578125 0.0625
0 0.20625 0.505859375 0.05625 0.0625
0 0.25859375 0.669921875 0.0578125 0.0625
0 0.53359375 0.2265625 0.0578125 0.0625
0 0.25390625 0.12109375 0.0578125 0.0625
0 0.31640625 0.205078125 0.0578125 0.0625
0 0.953125 0.50390625 0.059375 0.0625
0 0.58828125 0.38671875 0.0578125 0.0625
0 0.9765625 0.267578125 0.046875 0.0625
