0 0.8 0.4208984375 0.053125 0.056640625
0 0.65625 0.1572265625 0.053125 0.056640625
0 0.31953125 0.5185546875 0.0515625 0.052734375
0 0.5859375 0.2744140625 0.053125 0.056640625
0 0.4078125 0.3173828125 0.053125 0.056640625
0 0.5078125 0.2548828125 0.053125 0.056640625
0 0.6703125 0.431640625 0.053125 0.05859375
0 0.8078125 0.5556640625 0.053125 0.056640625
0 0.4953125 0.4755859375 0.053125 0.056640625
0 0.4609375 0.7783203125 0.053125 0.056640625
0 0.621875 0.462890625 0.053125 0.05859375
0 0.35546875 0.708984375 0.0515625 0.05859375
0 0.503125 0.6123046875 0.053125 0.056640625
0 0.4375 0.3701171875 0.053125 0.056640625
0 0.44375 0.5068359375 0.053125 0.056640625
0 0.309375 0.3818359375 0.053125 0.056640625
0 0.190625 0.5302734375 0.053125 0.056640625
0 0.2203125 0.58203125 0.053125 0.05859375
0 0.61328125 0.328125 0.0515625 0.05859375
0 0.6296875 0.6005859375 0.053125 0.056640625
0 0.659375 0.6513671875 0.053125 0.056640625
0 0.68125 0.5693359375 0.053125 0.056640625
0 0.53125 0.662109375 0.053125 0.05859375
0 0.3953125 0.5400390625 0.053125 0.056640625
0 0.26875 0.55078125 0.053125 0.05859375
0 0.346875 0.5712890625 0.053125 0.056640625
0 0.2609375 0.416015625 0.053125 0.05859375
0 0.4234375 0.58984375 0.053125 0.05859375
0 0.68515625 0.208984375 0.0515625 0.05859375
0 0.36171875 0.84375 0.0515625 0.05859375
0 0.3765625 0.6240234375 0.053125 0.056640625
0 0.365625 0.4873046875 0.053125 0.052734375
0 0.359375 0.3505859375 0.053125 0.056640625
0 0.60078125 0.5478515625 0.0515625 0.056640625
0 0.7125 0.2626953125 0.053125 0.056640625
0 0.32578125 0.654296875 0.0515625 0.05859375
0 0.58125 0.6318359375 0.053125 0.056640625
0 0.634375 0.2431640625 0.053125 0.056640625
0 0.4046875 0.6748046875 0.053125 0.056640625
0 0.53515625 0.3076171875 0.0515625 0.056640625
0 0.7 0.4853515625 0.053125 0.056640625
0 0.57109375 0.4931640625 0.0515625 0.056640625
0 0.70859375 0.6201171875 0.0515625 0.056640625
0 0.85859375 0.5224609375 0.0515625 0.056640625
0 0.5609375 0.7138671875 0.053125 0.056640625
0 0.209375 0.447265625 0.053125 0.05859375
0 0.60703125 0.1904296875 0.0515625 0.056640625
0 0.64296875 0.3798828125 0.0515625 0.056640625
0 0.72109375 0.3974609375 0.0515625 0.056640625
0 0.3875 0.4033203125 0.053125 0.056640625
0 0.465625 0.423828125 0.053125 0.05859375
0 0.6640625 0.294921875 0.053125 0.0546875
0 0.759375 0.5869140625 0.053125 0.056640625
0 0.54375 0.4443359375 0.053125 0.056640625
0 0.24765625 0.6337890625 0.0515625 0.056640625
0 0.5921875 0.4111328125 0.053125 0.056640625
0 0.4546875 0.6435546875 0.053125 0.056640625
0 0.3046875 0.7392578125 0.053125 0.056640625
0 0.4828125 0.6962890625 0.053125 0.056640625
0 0.55 0.5791015625 0.053125 0.056640625
0 0.4859375 0.3388671875 0.053125 0.056640625
0 0.521875 0.5283203125 0.053125 0.056640625
0 0.82890625 0.470703125 0.0515625 0.05859375
0 0.43359375 0.7275390625 0.0515625 0.056640625
0 0.4125 0.8095703125 0.053125 0.056640625
0 0.7484375 0.4521484375 0.053125 0.056640625
0 0.56484375 0.3583984375 0.0515625 0.056640625
0 0.27734375 0.685546875 0.0515625 0.05859375
0 0.334375 0.7919921875 0.053125 0.056640625
0 0.24140625 0.4990234375 0.0515625 0.056640625
0 0.728125 0.53515625 0.053125 0.05859375
0 0.78046875 0.5048828125 0.0515625 0.056640625
0 0.64921875 0.5166015625 0.0515625 0.056640625
0 0.2875 0.4658203125 0.053125 0.056640625
0 0.3828125 0.7587890625 0.053125 0.056640625
0 0.6921875 0.3466796875 0.053125 0.056640625
0 0.4171875 0.455078125 0.053125 0.05859375
0 0.459375 0.2861328125 0.053125 0.056640625
0 0.3390625 0.4345703125 0.053125 0.056640625
0 0.7703125 0.3662109375 0.053125 0.056640625
0 0.55625 0.2216796875 0.053125 0.056640625
0 0.5125 0.7470703125 0.053125 0.056640625
0 0.1625 0.4775390625 0.053125 0.056640625
0 0.7421875 0.3154296875 0.053125 0.056640625
0 0.2984375 0.6025390625 0.053125 0.056640625
0 0.4734375 0.55859375 0.053125 0.05859375
0 0.51484375 0.3916015625 0.0515625 0.052734375
0 0.609375 0.6826171875 0.053125 0.056640625
