0 0.3953125 0.3310546875 0.040625 0.056640625
0 0.1859375 0.5400390625 0.040625 0.056640625
0 0.2921875 0.8486328125 0.040625 0.056640625
0 0.3703125 0.421875 0.040625 0.0546875
0 0.3171875 0.7578125 0.040625 0.0546875
0 0.2125 0.44921875 0.040625 0.0546875
0 0.3078125 0.23828125 0.040625 0.0546875
0 0.4765625 0.7314453125 0.040625 0.056640625
0 0.41015625 0.6982421875 0.0421875 0.056640625
0 0.4375 0.4580078125 0.040625 0.056640625
0 0.16171875 0.630859375 0.0421875 0.0546875
0 0.4625 0.3642578125 0.040625 0.056640625
0 0.33125 0.146484375 0.040625 0.0546875
0 0.37421875 0.26953125 0.0421875 0.0546875
0 0.5015625 0.640625 0.040625 0.0546875
0 0.3984375 0.177734375 0.040625 0.0546875
0 0.546875 0.611328125 0.040625 0.0546875
0 0.1890625 0.38671875 0.040625 0.0546875
0 0.215625 0.2958984375 0.040625 0.056640625
0 0.12265625 0.353515625 0.0421875 0.0546875
0 0.165625 0.4775390625 0.040625 0.056640625
0 0.346875 0.513671875 0.040625 0.0546875
0 0.30390625 0.388671875 0.0421875 0.0546875
0 0.240625 0.205078125 0.040625 0.0546875
0 0.03125 0.259765625 0.040625 0.0546875
0 0.328125 0.2998046875 0.040625 0.056640625
0 0.5265625 0.548828125 0.040625 0.0546875
0 0.4203125 0.240234375 0.040625 0.0546875
0 0.096875 0.4443359375 0.040625 0.056640625
0 0.3671875 0.576171875 0.040625 0.0546875
0 0.146875 0.2626953125 0.040625 0.056640625
0 0.384375 0.791015625 0.040625 0.0546875
0 0.4140625 0.544921875 0.040625 0.0546875
0 0.30078125 0.5419921875 0.0421875 0.056640625
0 0.2796875 0.48046875 0.040625 0.0546875
0 0.11875 0.5068359375 0.040625 0.056640625
0 0.2375 0.357421875 0.040625 0.0546875
0 0.34375 0.6669921875 0.040625 0.056640625
0 0.3921875 0.484375 0.040625 0.0546875
0 0.26484375 0.11328125 0.0421875 0.0546875
0 0.48046875 0.578125 0.0421875 0.0546875
0 0.5046875 0.486328125 0.040625 0.0546875
0 0.22890625 0.662109375 0.0421875 0.0546875
0 0.253125 0.5712890625 0.040625 0.056640625
0 0.14375 0.416015625 0.040625 0.0546875
0 0.434375 0.6064453125 0.040625 0.056640625
0 0.33828125 0.8203125 0.0421875 0.0546875
0 0.56875 0.673828125 0.040625 0.0546875
0 0.5234375 0.7021484375 0.040625 0.056640625
0 0.325 0.451171875 0.040625 0.0546875
0 0.1703125 0.32421875 0.040625 0.0546875
0 0.4171875 0.3935546875 0.040625 0.056640625
0 0.2828125 0.3291015625 0.040625 0.056640625
0 0.1 0.291015625 0.040625 0.0546875
0 0.459375 0.515625 0.040625 0.0546875
0 0.12578125 0.2001953125 0.0421875 0.056640625
0 0.35625 0.0537109375 0.040625 0.056640625
0 0.35 0.3603515625 0.040625 0.056640625
0 0.43125 0.759765625 0.040625 0.0546875
0 0.2765625 0.6337890625 0.040625 0.056640625
0 0.2609375 0.2666015625 0.040625 0.056640625
0 0.2578125 0.419921875 0.040625 0.0546875
0 0.23359375 0.51171875 0.0421875 0.0546875
0 0.2078125 0.6025390625 0.040625 0.056640625
0 0.271875 0.7890625 0.040625 0.0546875
0 0.225 0.818359375 0.040625 0.0546875
0 0.25 0.7265625 0.040625 0.0546875
0 0.2953125 0.6953125 0.040625 0.0546875
0 0.2453125 0.8798828125 0.040625 0.056640625
0 0.1828125 0.693359375 0.040625 0.0546875
0 0.05390625 0.322265625 0.0421875 0.0546875
0 0.353125 0.208984375 0.040625 0.0546875
0 0.2046875 0.755859375 0.040625 0.0546875
0 0.378125 0.1181640625 0.040625 0.056640625
0 0.321875 0.6044921875 0.040625 0.056640625
0 0.45625 0.6689453125 0.040625 0.056640625
0 0.3109375 0.0849609375 0.040625 0.056640625
0 0.3890625 0.6376953125 0.040625 0.056640625
0 0.1921875 0.2333984375 0.040625 0.056640625
0 0.140625 0.5693359375 0.040625 0.056640625
0 0.440625 0.302734375 0.040625 0.0546875
0 0.21875 0.142578125 0.040625 0.0546875
0 0.48359375 0.4287109375 0.0421875 0.056640625
0 0.3640625 0.728515625 0.040625 0.0546875
0 0.171875 0.1708984375 0.040625 0.056640625
0 0.078125 0.228515625 0.040625 0.0546875
0 0.075 0.3828125 0.040625 0.0546875
0 0.2859375 0.17578125 0.040625 0.0546875
