0 0.5171875 0.5419921875 0.046875 0.048828125
0 0.4421875 0.375 0.05 0.046875
0 0.14921875 0.4609375 0.0484375 0.046875
0 0.2265625 0.6328125 0.05 0.046875
0 0.64453125 0.64453125 0.0484375 0.046875
0 0.38828125 0.4384765625 0.0484375 0.048828125
0 0.38359375 0.3818359375 0.0484375 0.048828125
0 0.5703125 0.478515625 0.046875 0.046875
0 0.46015625 0.548828125 0.0484375 0.046875
0 0.69609375 0.580078125 0.0484375 0.046875
0 0.1734375 0.6962890625 0.05 0.048828125
0 0.6390625 0.587890625 0.046875 0.046875
0 0.68203125 0.408203125 0.0484375 0.05078125
0 0.5859375 0.6513671875 0.046875 0.048828125
0 0.51328125 0.484375 0.0484375 0.046875
0 0.26953125 0.451171875 0.0484375 0.046875
0 0.7390625 0.40234375 0.05 0.046875
0 0.3453125 0.619140625 0.05 0.05078125
0 0.59140625 0.7080078125 0.0484375 0.048828125
0 0.5296875 0.6572265625 0.05 0.048828125
0 0.5546875 0.3046875 0.05 0.05078125
0 0.340625 0.560546875 0.046875 0.046875
0 0.73046875 0.28515625 0.0484375 0.046875
0 0.50546875 0.427734375 0.0484375 0.046875
0 0.26171875 0.392578125 0.0484375 0.046875
0 0.4765625 0.7216796875 0.05 0.048828125
0 0.465625 0.60546875 0.046875 0.046875
0 0.7078125 0.6953125 0.046875 0.046875
0 0.4953125 0.3095703125 0.05 0.048828125
0 0.40078125 0.556640625 0.0484375 0.046875
0 0.45234375 0.490234375 0.0484375 0.05078125
0 0.6125 0.298828125 0.046875 0.046875
0 0.6859375 0.466796875 0.05 0.046875
0 0.559375 0.36328125 0.046875 0.046875
0 0.415625 0.7265625 0.05 0.046875
0 0.20859375 0.45703125 0.0484375 0.046875
0 0.4703125 0.662109375 0.05 0.046875
0 0.2875 0.625 0.046875 0.046875
0 0.32265625 0.384765625 0.0484375 0.046875
0 0.3578125 0.7333984375 0.05 0.048828125
0 0.1609375 0.580078125 0.05 0.046875
0 0.734375 0.345703125 0.046875 0.046875
0 0.5015625 0.3671875 0.05 0.046875
0 0.39453125 0.49609375 0.0484375 0.046875
0 0.628125 0.4716796875 0.05 0.048828125
0 0.2203125 0.572265625 0.05 0.046875
0 0.1671875 0.63671875 0.05 0.046875
0 0.3765625 0.322265625 0.05 0.046875
0 0.2390625 0.74609375 0.05 0.046875
0 0.21640625 0.5146484375 0.0484375 0.048828125
0 0.33515625 0.50390625 0.0484375 0.046875
0 0.140625 0.4033203125 0.05 0.048828125
0 0.58125 0.5947265625 0.05 0.048828125
0 0.3296875 0.4453125 0.046875 0.046875
0 0.690625 0.5234375 0.046875 0.046875
0 0.2578125 0.3330078125 0.05 0.048828125
0 0.521875 0.5986328125 0.05 0.048828125
0 0.4046875 0.61328125 0.05 0.046875
0 0.66953125 0.29296875 0.0484375 0.046875
0 0.44765625 0.43359375 0.0484375 0.05078125
0 0.2984375 0.73828125 0.05 0.046875
0 0.74921875 0.515625 0.0484375 0.046875
0 0.67734375 0.3515625 0.0484375 0.05078125
0 0.234375 0.689453125 0.046875 0.046875
0 0.4359375 0.31640625 0.05 0.046875
0 0.5328125 0.71484375 0.046875 0.046875
0 0.2921875 0.681640625 0.05 0.046875
0 0.575 0.53515625 0.05 0.046875
0 0.1546875 0.521484375 0.05 0.046875
0 0.765625 0.689453125 0.05 0.046875
0 0.56484375 0.419921875 0.0484375 0.046875
0 0.65078125 0.701171875 0.0484375 0.046875
0 0.75546875 0.576171875 0.0484375 0.046875
0 0.634375 0.53125 0.05 0.046875
0 0.315625 0.3271484375 0.046875 0.048828125
0 0.20390625 0.400390625 0.0484375 0.046875
0 0.62421875 0.4140625 0.0484375 0.046875
0 0.7609375 0.6328125 0.046875 0.046875
0 0.178125 0.7529296875 0.046875 0.048828125
0 0.4109375 0.669921875 0.05 0.046875
0 0.7453125 0.458984375 0.05 0.046875
0 0.13671875 0.345703125 0.0484375 0.046875
0 0.27578125 0.5087890625 0.0484375 0.048828125
0 0.70234375 0.63671875 0.0484375 0.046875
0 0.28203125 0.5673828125 0.0484375 0.048828125
0 0.61796875 0.3564453125 0.0484375 0.048828125
0 0.35390625 0.677734375 0.0484375 0.046875
0 0.19609375 0.337890625 0.0484375 0.046875
