0 0.52109375 0.6240234375 0.0390625 0.048828125
0 0.70078125 0.4833984375 0.0390625 0.048828125
0 0.56953125 0.8759765625 0.0390625 0.048828125
0 0.48671875 0.8115234375 0.0390625 0.048828125
0 0.51484375 0.4072265625 0.0390625 0.048828125
0 0.55546875 0.4384765625 0.0390625 0.048828125
0 0.52734375 0.8427734375 0.0390625 0.048828125
0 0.71171875 0.3505859375 0.0390625 0.048828125
0 0.33984375 0.7685546875 0.0390625 0.048828125
0 0.43984375 0.5615234375 0.0390625 0.048828125
0 0.53984375 0.3564453125 0.0390625 0.048828125
0 0.68671875 0.4013671875 0.0390625 0.048828125
0 0.58671875 0.6044921875 0.0390625 0.048828125
0 0.68359375 0.7509765625 0.0390625 0.048828125
0 0.32265625 0.6845703125 0.0390625 0.048828125
0 0.60234375 0.6884765625 0.0390625 0.048828125
0 0.40546875 0.7470703125 0.0390625 0.048828125
0 0.78203125 0.5478515625 0.0390625 0.048828125
0 0.41484375 0.6123046875 0.0390625 0.048828125
0 0.62109375 0.4208984375 0.0390625 0.048828125
0 0.55078125 0.2216796875 0.0390625 0.048828125
0 0.64296875 0.7197265625 0.0390625 0.048828125
0 0.48046875 0.5927734375 0.0390625 0.048828125
0 0.63515625 0.5029296875 0.0390625 0.048828125
0 0.47421875 0.3759765625 0.0390625 0.048828125
0 0.67734375 0.5341796875 0.0390625 0.048828125
0 0.74140625 0.5166015625 0.0390625 0.048828125
0 0.57734375 0.7392578125 0.0390625 0.048828125
0 0.63515625 0.8564453125 0.0390625 0.048828125
0 0.66796875 0.6689453125 0.0390625 0.048828125
0 0.53671875 0.7080078125 0.0390625 0.048828125
0 0.61015625 0.9072265625 0.0390625 0.048828125
0 0.55234375 0.7919921875 0.0390625 0.048828125
0 0.38046875 0.7998046875 0.0390625 0.048828125
0 0.36484375 0.7158203125 0.0390625 0.048828125
0 0.50546875 0.5419921875 0.0390625 0.048828125
0 0.46171875 0.8642578125 0.0390625 0.048828125
0 0.76640625 0.4638671875 0.0390625 0.048828125
0 0.71640625 0.5654296875 0.0390625 0.048828125
0 0.37421875 0.5810546875 0.0390625 0.048828125
0 0.56171875 0.6572265625 0.0390625 0.048828125
0 0.58046875 0.3876953125 0.0390625 0.048828125
0 0.44921875 0.4267578125 0.0390625 0.048828125
0 0.58671875 0.9599609375 0.0390625 0.048828125
0 0.45546875 0.6455078125 0.0390625 0.048828125
0 0.659375 0.8037109375 0.0375 0.048828125
0 0.73359375 0.6494140625 0.0390625 0.048828125
0 0.75703125 0.5986328125 0.0390625 0.048828125
0 0.83203125 0.4443359375 0.0390625 0.048828125
0 0.61015625 0.5537109375 0.0390625 0.048828125
0 0.48984375 0.4580078125 0.0390625 0.048828125
0 0.59609375 0.4716796875 0.0390625 0.048828125
0 0.39921875 0.5302734375 0.0390625 0.048828125
0 0.58984375 0.2548828125 0.0390625 0.048828125
0 0.49609375 0.6767578125 0.0390625 0.048828125
0 0.62734375 0.6376953125 0.0390625 0.048828125
0 0.52421875 0.2724609375 0.0390625 0.048828125
0 0.53046875 0.4912109375 0.0390625 0.048828125
0 0.75234375 0.3818359375 0.0390625 0.048828125
0 0.66015625 0.4521484375 0.0390625 0.048828125
0 0.60546875 0.3369140625 0.0390625 0.048828125
0 0.61796875 0.7724609375 0.0390625 0.048828125
0 0.34765625 0.6318359375 0.0390625 0.048828125
0 0.51171875 0.7607421875 0.0390625 0.048828125
0 0.42421875 0.4775390625 0.0390625 0.048828125
0 0.72578125 0.4326171875 0.0390625 0.048828125
0 0.57109375 0.5224609375 0.0390625 0.048828125
0 0.47109375 0.7275390625 0.0390625 0.048828125
0 0.49921875 0.3232421875 0.0390625 0.048828125
0 0.42109375 0.8330078125 0.0390625 0.048828125
0 0.54453125 0.9287109375 0.0390625 0.048828125
0 0.65234375 0.5849609375 0.0390625 0.048828125
0 0.44609375 0.7802734375 0.0390625 0.048828125
0 0.38984375 0.6650390625 0.0390625 0.048828125
0 0.50390625 0.8955078125 0.0390625 0.048828125
0 0.79140625 0.4130859375 0.0390625 0.048828125
0 0.54609375 0.5732421875 0.0390625 0.048828125
0 0.29765625 0.7373046875 0.0390625 0.048828125
0 0.56484375 0.3056640625 0.0390625 0.048828125
0 0.67109375 0.3173828125 0.0390625 0.048828125
0 0.63046875 0.2861328125 0.0390625 0.048828125
0 0.46484375 0.5107421875 0.0390625 0.048828125
0 0.70859375 0.7001953125 0.0390625 0.048828125
0 0.64609375 0.3701171875 0.0390625 0.048828125
0 0.80703125 0.4970703125 0.0390625 0.048828125
0 0.69296875 0.6181640625 0.0390625 0.048828125
0 0.59453125 0.8232421875 0.0390625 0.048828125
0 0.43046875 0.6962890625 0.0390625 0.048828125
