0 0.540625 0.5537109375 0.046875 0.052734375
0 0.74453125 0.41015625 0.0453125 0.05078125
0 0.5984375 0.8076171875 0.04375 0.052734375
0 0.5046875 0.7431640625 0.046875 0.052734375
0 0.5328125 0.3369140625 0.046875 0.052734375
0 0.5796875 0.3662109375 0.046875 0.052734375
0 0.5515625 0.7734375 0.046875 0.05078125
0 0.75546875 0.2763671875 0.0453125 0.052734375
0 0.3375 0.7021484375 0.046875 0.052734375
0 0.45 0.4912109375 0.046875 0.052734375
0 0.5609375 0.2841796875 0.046875 0.052734375
0 0.728125 0.328125 0.046875 0.05078125
0 0.615625 0.533203125 0.046875 0.05078125
0 0.7265625 0.6806640625 0.046875 0.052734375
0 0.3171875 0.6171875 0.046875 0.05078125
0 0.63359375 0.6171875 0.0453125 0.05078125
0 0.41171875 0.6806640625 0.0453125 0.052734375
0 0.8375 0.4736328125 0.046875 0.052734375
0 0.421875 0.54296875 0.046875 0.05078125
0 0.65390625 0.3486328125 0.0453125 0.052734375
0 0.5734375 0.1494140625 0.046875 0.052734375
0 0.6796875 0.6484375 0.046875 0.05078125
0 0.4953125 0.5234375 0.04375 0.05078125
0 0.6703125 0.4306640625 0.046875 0.048828125
0 0.48671875 0.3046875 0.0453125 0.05078125
0 0.71875 0.4619140625 0.046875 0.052734375
0 0.790625 0.443359375 0.046875 0.05078125
0 0.60546875 0.6689453125 0.0453125 0.052734375
0 0.671875 0.7861328125 0.046875 0.048828125
0 0.7078125 0.5966796875 0.046875 0.052734375
0 0.56015625 0.638671875 0.0453125 0.05078125
0 0.64375 0.8369140625 0.046875 0.052734375
0 0.5796875 0.7216796875 0.046875 0.052734375
0 0.38359375 0.7333984375 0.0453125 0.052734375
0 0.365625 0.6484375 0.046875 0.05078125
0 0.52265625 0.4716796875 0.0453125 0.052734375
0 0.4765625 0.796875 0.046875 0.05078125
0 0.81875 0.3896484375 0.046875 0.052734375
0 0.7625 0.4912109375 0.046875 0.052734375
0 0.37578125 0.5126953125 0.0453125 0.052734375
0 0.5875 0.5869140625 0.046875 0.052734375
0 0.6078125 0.3154296875 0.046875 0.048828125
0 0.4578125 0.3564453125 0.046875 0.052734375
0 0.6171875 0.8916015625 0.046875 0.048828125
0 0.46875 0.5771484375 0.046875 0.052734375
0 0.69921875 0.7333984375 0.0453125 0.052734375
0 0.7828125 0.5771484375 0.046875 0.052734375
0 0.809375 0.525390625 0.046875 0.05078125
0 0.8921875 0.369140625 0.046875 0.05078125
0 0.6421875 0.4814453125 0.046875 0.052734375
0 0.5046875 0.3857421875 0.046875 0.052734375
0 0.62578125 0.3994140625 0.0453125 0.052734375
0 0.40390625 0.4619140625 0.0453125 0.052734375
0 0.6171875 0.1806640625 0.046875 0.052734375
0 0.51484375 0.6064453125 0.0453125 0.052734375
0 0.66171875 0.5673828125 0.0453125 0.052734375
0 0.54296875 0.2001953125 0.0453125 0.048828125
0 0.5515625 0.419921875 0.046875 0.05078125
0 0.8015625 0.3076171875 0.046875 0.048828125
0 0.6984375 0.3798828125 0.046875 0.052734375
0 0.6359375 0.2646484375 0.046875 0.052734375
0 0.6515625 0.7021484375 0.046875 0.052734375
0 0.3453125 0.5654296875 0.046875 0.052734375
0 0.5328125 0.6923828125 0.046875 0.052734375
0 0.43125 0.408203125 0.04375 0.05078125
0 0.77265625 0.3583984375 0.0453125 0.052734375
0 0.59765625 0.4521484375 0.0453125 0.052734375
0 0.48671875 0.658203125 0.0453125 0.05078125
0 0.51484375 0.2509765625 0.0453125 0.052734375
0 0.4296875 0.7646484375 0.046875 0.052734375
0 0.57109375 0.8603515625 0.0453125 0.052734375
0 0.690625 0.513671875 0.046875 0.05078125
0 0.4578125 0.7119140625 0.046875 0.052734375
0 0.39375 0.5966796875 0.046875 0.052734375
0 0.525 0.8271484375 0.046875 0.052734375
0 0.8453125 0.3388671875 0.046875 0.052734375
0 0.56875 0.501953125 0.046875 0.05078125
0 0.2890625 0.6708984375 0.046875 0.048828125
0 0.5890625 0.2333984375 0.046875 0.052734375
0 0.71015625 0.2431640625 0.0453125 0.052734375
0 0.6640625 0.212890625 0.046875 0.05078125
0 0.4765625 0.4404296875 0.046875 0.048828125
0 0.7546875 0.62890625 0.046875 0.05078125
0 0.68203125 0.2958984375 0.0453125 0.052734375
0 0.86484375 0.4228515625 0.0453125 0.048828125
0 0.73671875 0.5458984375 0.0453125 0.048828125
0 0.62578125 0.75390625 0.0453125 0.05078125
0 0.440625 0.6279296875 0.046875 0.052734375
