0 0.215625 0.4091796875 0.040625 0.052734375
0 0.4140625 0.1689453125 0.040625 0.052734375
0 0.540625 0.5869140625 0.040625 0.052734375
0 0.60625 0.6220703125 0.040625 0.052734375
0 0.28125 0.4443359375 0.040625 0.052734375
0 0.3859375 0.251953125 0.040625 0.05078125
0 0.4421875 0.0849609375 0.040625 0.052734375
0 0.5296875 0.7314453125 0.040625 0.052734375
0 0.2046875 0.5537109375 0.040625 0.052734375
0 0.3484375 0.1328125 0.040625 0.05078125
0 0.2703125 0.5888671875 0.040625 0.052734375
0 0.5125 0.6728515625 0.040625 0.052734375
0 0.328125 0.4208984375 0.040625 0.052734375
0 0.2515625 0.5283203125 0.040625 0.052734375
0 0.14921875 0.373046875 0.0421875 0.05078125
0 0.346875 0.4794921875 0.040625 0.052734375
0 0.4125 0.515625 0.040625 0.05078125
0 0.4765625 0.5517578125 0.040625 0.052734375
0 0.178125 0.2900390625 0.040625 0.052734375
0 0.3171875 0.5634765625 0.040625 0.052734375
0 0.5765625 0.7060546875 0.040625 0.052734375
0 0.465625 0.6953125 0.040625 0.05078125
0 0.4484375 0.634765625 0.040625 0.05078125
0 0.3828125 0.5986328125 0.040625 0.052734375
0 0.515625 0.3232421875 0.040625 0.052734375
0 0.29375 0.8525390625 0.040625 0.052734375
0 0.35625 0.3349609375 0.040625 0.052734375
0 0.4515625 0.2880859375 0.040625 0.052734375
0 0.2640625 0.3857421875 0.040625 0.052734375
0 0.478125 0.2041015625 0.040625 0.052734375
0 0.48359375 0.755859375 0.0421875 0.05078125
0 0.5703125 0.5029296875 0.040625 0.052734375
0 0.39375 0.45703125 0.040625 0.05078125
0 0.18671875 0.4931640625 0.0421875 0.052734375
0 0.3203125 0.2158203125 0.040625 0.052734375
0 0.234375 0.4697265625 0.040625 0.052734375
0 0.33515625 0.6240234375 0.0421875 0.052734375
0 0.2453125 0.3251953125 0.040625 0.052734375
0 0.421875 0.373046875 0.040625 0.05078125
0 0.4875 0.4091796875 0.040625 0.052734375
0 0.3640625 0.5400390625 0.040625 0.052734375
0 0.240625 0.6728515625 0.040625 0.052734375
0 0.4578125 0.4931640625 0.040625 0.052734375
0 0.41875 0.720703125 0.040625 0.05078125
0 0.4 0.6591796875 0.040625 0.052734375
0 0.30625 0.7080078125 0.040625 0.052734375
0 0.559375 0.6474609375 0.040625 0.052734375
0 0.3 0.5048828125 0.040625 0.052734375
0 0.5046875 0.4677734375 0.040625 0.052734375
0 0.253125 0.1806640625 0.040625 0.052734375
0 0.37109375 0.7431640625 0.0421875 0.052734375
0 0.375 0.3955078125 0.040625 0.052734375
0 0.3109375 0.3603515625 0.040625 0.052734375
0 0.2734375 0.2412109375 0.040625 0.052734375
0 0.4359375 0.7783203125 0.040625 0.052734375
0 0.3890625 0.8037109375 0.040625 0.052734375
0 0.4390625 0.431640625 0.040625 0.05078125
0 0.3953125 0.107421875 0.040625 0.05078125
0 0.16875 0.4345703125 0.040625 0.052734375
0 0.4296875 0.576171875 0.040625 0.05078125
0 0.353125 0.6845703125 0.040625 0.052734375
0 0.2765625 0.7939453125 0.040625 0.052734375
0 0.534375 0.3837890625 0.040625 0.052734375
0 0.4328125 0.2294921875 0.040625 0.052734375
0 0.2078125 0.2060546875 0.040625 0.052734375
0 0.290625 0.2998046875 0.040625 0.052734375
0 0.496875 0.2646484375 0.040625 0.052734375
0 0.4953125 0.6123046875 0.040625 0.052734375
0 0.1609375 0.2294921875 0.040625 0.052734375
0 0.2875 0.6494140625 0.040625 0.052734375
0 0.4609375 0.1435546875 0.040625 0.052734375
0 0.3234375 0.7685546875 0.040625 0.052734375
0 0.6234375 0.6826171875 0.040625 0.052734375
0 0.2265625 0.2646484375 0.040625 0.052734375
0 0.46875 0.3486328125 0.040625 0.052734375
0 0.5234375 0.5283203125 0.040625 0.052734375
0 0.196875 0.3486328125 0.040625 0.052734375
0 0.403125 0.3125 0.040625 0.05078125
0 0.365625 0.193359375 0.040625 0.05078125
0 0.3015625 0.1552734375 0.040625 0.052734375
0 0.5515625 0.4443359375 0.040625 0.052734375
0 0.3390625 0.2763671875 0.040625 0.052734375
0 0.25859375 0.7333984375 0.0421875 0.052734375
0 0.3421875 0.8291015625 0.040625 0.052734375
0 0.22265625 0.6142578125 0.0421875 0.052734375
0 0.13046875 0.3125 0.0390625 0.05078125
0 0.5875 0.5634765625 0.040625 0.052734375
