0 0.36171875 0.3583984375 0.0390625 0.048828125
0 0.51171875 0.3759765625 0.0390625 0.048828125
0 0.53828125 0.6904296875 0.0390625 0.048828125
0 0.67265625 0.6455078125 0.0390625 0.048828125
0 0.58359375 0.6748046875 0.0390625 0.048828125
0 0.34765625 0.2978515625 0.0390625 0.048828125
0 0.49765625 0.3154296875 0.0390625 0.048828125
0 0.52265625 0.6298828125 0.0390625 0.048828125
0 0.68671875 0.7041015625 0.0390625 0.048828125
0 0.47578125 0.8427734375 0.0390625 0.048828125
0 0.45234375 0.3310546875 0.0390625 0.048828125
0 0.68828125 0.5087890625 0.0390625 0.048828125
0 0.66015625 0.3916015625 0.0390625 0.048828125
0 0.60078125 0.3447265625 0.0390625 0.048828125
0 0.59765625 0.7353515625 0.0390625 0.048828125
0 0.43828125 0.2705078125 0.0390625 0.048828125
0 0.46171875 0.7802734375 0.0390625 0.048828125
0 0.43203125 0.6572265625 0.0390625 0.048828125
0 0.44765625 0.7197265625 0.0390625 0.048828125
0 0.37265625 0.6142578125 0.0390625 0.048828125
0 0.51484375 0.1826171875 0.0390625 0.048828125
0 0.74765625 0.7509765625 0.0390625 0.048828125
0 0.30078125 0.3095703125 0.0390625 0.048828125
0 0.60390625 0.1533203125 0.0390625 0.048828125
0 0.62890625 0.4658203125 0.0390625 0.048828125
0 0.55703125 0.3583984375 0.0390625 0.048828125
0 0.38671875 0.6728515625 0.0390625 0.048828125
0 0.62890625 0.6591796875 0.0390625 0.048828125
0 0.42421875 0.2099609375 0.0390625 0.048828125
0 0.57109375 0.4208984375 0.0390625 0.048828125
0 0.58671875 0.2880859375 0.0390625 0.048828125
0 0.61171875 0.7958984375 0.0390625 0.048828125
0 0.38984375 0.4794921875 0.0390625 0.048828125
0 0.44921875 0.5244140625 0.0390625 0.048828125
0 0.48046875 0.4501953125 0.0390625 0.048828125
0 0.61328125 0.5986328125 0.0390625 0.048828125
0 0.41640625 0.7958984375 0.0390625 0.048828125
0 0.56640625 0.8115234375 0.0390625 0.048828125
0 0.59921875 0.5400390625 0.0390625 0.048828125
0 0.50703125 0.7666015625 0.0390625 0.048828125
0 0.57265625 0.2255859375 0.0390625 0.048828125
0 0.47890625 0.6435546875 0.0390625 0.048828125
0 0.49296875 0.7041015625 0.0390625 0.048828125
0 0.40703125 0.3447265625 0.0390625 0.048828125
0 0.46328125 0.5849609375 0.0390625 0.048828125
0 0.40078125 0.7353515625 0.0390625 0.048828125
0 0.43515625 0.4638671875 0.0390625 0.048828125
0 0.67421875 0.4521484375 0.0390625 0.048828125
0 0.53984375 0.4951171875 0.0390625 0.048828125
0 0.42109375 0.4033203125 0.0390625 0.048828125
0 0.64296875 0.7197265625 0.0390625 0.048828125
0 0.52578125 0.4345703125 0.0390625 0.048828125
0 0.33359375 0.2353515625 0.0390625 0.048828125
0 0.52109375 0.8271484375 0.0390625 0.048828125
0 0.73203125 0.6884765625 0.0390625 0.048828125
0 0.37578125 0.4189453125 0.0390625 0.048828125
0 0.41796875 0.5986328125 0.0390625 0.048828125
0 0.28671875 0.2490234375 0.0390625 0.048828125
0 0.61484375 0.4072265625 0.0390625 0.048828125
0 0.70234375 0.7646484375 0.0390625 0.048828125
0 0.58515625 0.4814453125 0.0390625 0.048828125
0 0.55859375 0.1669921875 0.0390625 0.048828125
0 0.46640625 0.3896484375 0.0390625 0.048828125
0 0.55234375 0.7509765625 0.0390625 0.048828125
0 0.64609375 0.3310546875 0.0390625 0.048828125
0 0.56796875 0.6142578125 0.0390625 0.048828125
0 0.39296875 0.2841796875 0.0390625 0.048828125
0 0.65703125 0.7802734375 0.0390625 0.048828125
0 0.35859375 0.5537109375 0.0390625 0.048828125
0 0.54296875 0.3017578125 0.0390625 0.048828125
0 0.48359375 0.2568359375 0.0390625 0.048828125
0 0.65859375 0.5849609375 0.0390625 0.048828125
0 0.31640625 0.3720703125 0.0390625 0.048828125
0 0.37890625 0.2236328125 0.0390625 0.048828125
0 0.71796875 0.6298828125 0.0390625 0.048828125
0 0.50859375 0.5693359375 0.0390625 0.048828125
0 0.55390625 0.5556640625 0.0390625 0.048828125
0 0.61796875 0.2119140625 0.0390625 0.048828125
0 0.52890625 0.2431640625 0.0390625 0.048828125
0 0.49453125 0.5087890625 0.0390625 0.048828125
0 0.70234375 0.5712890625 0.0390625 0.048828125
0 0.40390625 0.5380859375 0.0390625 0.048828125
0 0.33046875 0.4326171875 0.0390625 0.048828125
0 0.46953125 0.1962890625 0.0390625 0.048828125
0 0.43046875 0.8583984375 0.0390625 0.048828125
0 0.34453125 0.4931640625 0.0390625 0.048828125
0 0.64296875 0.5224609375 0.0390625 0.048828125
0 0.63203125 0.2744140625 0.0390625 0.048828125
