0 0.82890625 0.3955078125 0.0390625 0.048828125
0 0.52890625 0.2900390625 0.0390625 0.048828125
0 0.67578125 0.5537109375 0.0390625 0.048828125
0 0.37734375 0.4462890625 0.0390625 0.048828125
0 0.66640625 0.3076171875 0.0390625 0.048828125
0 0.51484375 0.4638671875 0.0390625 0.048828125
0 0.39140625 0.2744140625 0.0390625 0.048828125
0 0.68828125 0.3798828125 0.0390625 0.048828125
0 0.58203125 0.6826171875 0.0390625 0.048828125
0 0.78828125 0.3740234375 0.0390625 0.048828125
0 0.53828125 0.5361328125 0.0390625 0.048828125
0 0.45390625 0.3681640625 0.0390625 0.048828125
0 0.58671875 0.2626953125 0.0390625 0.048828125
0 0.70234375 0.7509765625 0.0390625 0.048828125
0 0.77421875 0.5478515625 0.0390625 0.048828125
0 0.65390625 0.4814453125 0.0390625 0.048828125
0 0.57734375 0.5595703125 0.0390625 0.048828125
0 0.48828125 0.2666015625 0.0390625 0.048828125
0 0.50234375 0.6376953125 0.0390625 0.048828125
0 0.30234375 0.5244140625 0.0390625 0.048828125
0 0.34296875 0.5478515625 0.0390625 0.048828125
0 0.50546875 0.2158203125 0.0390625 0.048828125
0 0.63046875 0.4072265625 0.0390625 0.048828125
0 0.31953125 0.4736328125 0.0390625 0.048828125
0 0.42578125 0.1728515625 0.0390625 0.048828125
0 0.62734375 0.2841796875 0.0390625 0.048828125
0 0.43984375 0.5419921875 0.0390625 0.048828125
0 0.55078125 0.3623046875 0.0390625 0.048828125
0 0.79140625 0.4970703125 0.0390625 0.048828125
0 0.73828125 0.6494140625 0.0390625 0.048828125
0 0.69296875 0.5029296875 0.0390625 0.048828125
0 0.48046875 0.5634765625 0.0390625 0.048828125
0 0.63984375 0.6552734375 0.0390625 0.048828125
0 0.40078125 0.5185546875 0.0390625 0.048828125
0 0.33828125 0.4248046875 0.0390625 0.048828125
0 0.40859375 0.2216796875 0.0390625 0.048828125
0 0.49296875 0.3916015625 0.0390625 0.048828125
0 0.35546875 0.3740234375 0.0390625 0.048828125
0 0.47578125 0.4404296875 0.0390625 0.048828125
0 0.59140625 0.3857421875 0.0390625 0.048828125
0 0.76953125 0.4248046875 0.0390625 0.048828125
0 0.59609375 0.5087890625 0.0390625 0.048828125
0 0.73359375 0.5244140625 0.0390625 0.048828125
0 0.66171875 0.7275390625 0.0390625 0.048828125
0 0.44921875 0.2451171875 0.0390625 0.048828125
0 0.61328125 0.4580078125 0.0390625 0.048828125
0 0.70703125 0.3291015625 0.0390625 0.048828125
0 0.61796875 0.5810546875 0.0390625 0.048828125
0 0.59921875 0.6318359375 0.0390625 0.048828125
0 0.46171875 0.6142578125 0.0390625 0.048828125
0 0.51015625 0.3408203125 0.0390625 0.048828125
0 0.60859375 0.3349609375 0.0390625 0.048828125
0 0.45859375 0.4912109375 0.0390625 0.048828125
0 0.75703125 0.5986328125 0.0390625 0.048828125
0 0.55546875 0.4853515625 0.0390625 0.048828125
0 0.75234375 0.4755859375 0.0390625 0.048828125
0 0.41328125 0.3466796875 0.0390625 0.048828125
0 0.74765625 0.3525390625 0.0390625 0.048828125
0 0.39609375 0.3974609375 0.0390625 0.048828125
0 0.72890625 0.4013671875 0.0390625 0.048828125
0 0.53359375 0.4130859375 0.0390625 0.048828125
0 0.71171875 0.4521484375 0.0390625 0.048828125
0 0.64921875 0.3564453125 0.0390625 0.048828125
0 0.71953125 0.7001953125 0.0390625 0.048828125
0 0.71640625 0.5771484375 0.0390625 0.048828125
0 0.68046875 0.6767578125 0.0390625 0.048828125
0 0.43046875 0.2958984375 0.0390625 0.048828125
0 0.57265625 0.4365234375 0.0390625 0.048828125
0 0.56015625 0.6083984375 0.0390625 0.048828125
0 0.69765625 0.6259765625 0.0390625 0.048828125
0 0.46640625 0.1943359375 0.0390625 0.048828125
0 0.56796875 0.3134765625 0.0390625 0.048828125
0 0.41796875 0.4697265625 0.0390625 0.048828125
0 0.54140625 0.6591796875 0.0390625 0.048828125
0 0.65703125 0.6044921875 0.0390625 0.048828125
0 0.43515625 0.4189453125 0.0390625 0.048828125
0 0.63515625 0.5302734375 0.0390625 0.048828125
0 0.47109375 0.3173828125 0.0390625 0.048828125
0 0.36015625 0.4970703125 0.0390625 0.048828125
0 0.42265625 0.5927734375 0.0390625 0.048828125
0 0.62265625 0.7041015625 0.0390625 0.048828125
0 0.54609375 0.2392578125 0.0390625 0.048828125
0 0.38203125 0.5693359375 0.0390625 0.048828125
0 0.49765625 0.5146484375 0.0390625 0.048828125
0 0.81015625 0.4462890625 0.0390625 0.048828125
0 0.51953125 0.5869140625 0.0390625 0.048828125
0 0.67109375 0.4306640625 0.0390625 0.048828125
0 0.37265625 0.3232421875 0.0390625 0.048828125
