0 0.4 0.375 0.040625 0.0625
0 0.22109375 0.6904296875 0.0421875 0.064453125
0 0.51875 0.48046875 0.040625 0.0625
0 0.14609375 0.3330078125 0.0421875 0.064453125
0 0.28046875 0.2724609375 0.0390625 0.060546875
0 0.26796875 0.435546875 0.0390625 0.0625
0 0.38515625 0.5380859375 0.0421875 0.064453125
0 0.4890625 0.5712890625 0.040625 0.064453125
0 0.5171875 0.2470703125 0.040625 0.064453125
0 0.503125 0.6416015625 0.040625 0.060546875
0 0.39921875 0.1435546875 0.0390625 0.060546875
0 0.56171875 0.2265625 0.0390625 0.0625
0 0.32578125 0.25390625 0.0390625 0.0625
0 0.10078125 0.3525390625 0.0421875 0.060546875
0 0.28203125 0.5078125 0.0421875 0.0625
0 0.46015625 0.6630859375 0.0390625 0.064453125
0 0.22109375 0.455078125 0.0421875 0.0625
0 0.3421875 0.5576171875 0.040625 0.064453125
0 0.546875 0.1552734375 0.040625 0.060546875
0 0.26640625 0.6708984375 0.0421875 0.060546875
0 0.44375 0.1240234375 0.040625 0.064453125
0 0.62265625 0.51171875 0.0421875 0.0625
0 0.44453125 0.35546875 0.0390625 0.0625
0 0.4578125 0.193359375 0.040625 0.0625
0 0.3265625 0.720703125 0.040625 0.0625
0 0.31015625 0.181640625 0.0421875 0.0625
0 0.22109375 0.22265625 0.0421875 0.0625
0 0.60703125 0.4404296875 0.0390625 0.064453125
0 0.16171875 0.4052734375 0.0390625 0.060546875
0 0.37109375 0.4677734375 0.0390625 0.064453125
0 0.2515625 0.3642578125 0.040625 0.060546875
0 0.13203125 0.26171875 0.0390625 0.0625
0 0.28203125 0.7421875 0.0421875 0.0625
0 0.45859375 0.4287109375 0.0421875 0.064453125
0 0.17578125 0.2421875 0.0390625 0.0625
0 0.39921875 0.6103515625 0.0390625 0.064453125
0 0.296875 0.3447265625 0.040625 0.064453125
0 0.54765625 0.3896484375 0.0390625 0.064453125
0 0.3265625 0.4853515625 0.040625 0.064453125
0 0.50390625 0.408203125 0.0421875 0.0625
0 0.384375 0.3056640625 0.040625 0.064453125
0 0.18984375 0.783203125 0.0390625 0.0625
0 0.5765625 0.53125 0.040625 0.0625
0 0.14609375 0.5673828125 0.0421875 0.064453125
0 0.503125 0.173828125 0.040625 0.0625
0 0.63671875 0.5830078125 0.0390625 0.064453125
0 0.34140625 0.3251953125 0.0390625 0.060546875
0 0.4296875 0.2841796875 0.040625 0.060546875
0 0.53359375 0.5498046875 0.0390625 0.060546875
0 0.23515625 0.76171875 0.0390625 0.0625
0 0.41484375 0.4462890625 0.0390625 0.064453125
0 0.20625 0.3828125 0.040625 0.0625
0 0.1609375 0.6396484375 0.040625 0.064453125
0 0.546875 0.6220703125 0.040625 0.064453125
0 0.53203125 0.3173828125 0.0421875 0.064453125
0 0.31171875 0.6513671875 0.0421875 0.064453125
0 0.25234375 0.5986328125 0.0390625 0.064453125
0 0.48828125 0.337890625 0.0390625 0.0625
0 0.20703125 0.6171875 0.0390625 0.0625
0 0.4453125 0.5908203125 0.040625 0.060546875
0 0.19140625 0.546875 0.0421875 0.0625
0 0.43046875 0.51953125 0.0421875 0.0625
0 0.5921875 0.6025390625 0.040625 0.060546875
0 0.3703125 0.701171875 0.040625 0.0625
0 0.11640625 0.423828125 0.0390625 0.0625
0 0.35625 0.6298828125 0.040625 0.060546875
0 0.5625 0.458984375 0.040625 0.0625
0 0.1765625 0.7119140625 0.040625 0.060546875
0 0.23671875 0.2919921875 0.0421875 0.064453125
0 0.1765625 0.4765625 0.040625 0.0625
0 0.23671875 0.5263671875 0.0421875 0.064453125
0 0.57734375 0.298828125 0.0421875 0.0625
0 0.41328125 0.21484375 0.0421875 0.0625
0 0.48671875 0.1044921875 0.0421875 0.060546875
0 0.13125 0.4970703125 0.040625 0.064453125
0 0.3109375 0.4169921875 0.040625 0.064453125
0 0.26640625 0.201171875 0.0421875 0.0625
0 0.3703125 0.234375 0.040625 0.0625
0 0.29609375 0.5791015625 0.0390625 0.064453125
0 0.35625 0.1630859375 0.040625 0.064453125
0 0.47421875 0.5 0.0390625 0.0625
0 0.59140625 0.3681640625 0.0390625 0.060546875
0 0.08671875 0.28125 0.0390625 0.0625
0 0.35703125 0.396484375 0.0421875 0.0625
0 0.415625 0.681640625 0.040625 0.0625
0 0.4734375 0.2646484375 0.040625 0.064453125
0 0.19140625 0.3115234375 0.0421875 0.060546875
0 0.53125 0.0830078125 0.040625 0.064453125
