0 0.32734375 0.2177734375 0.0390625 0.048828125
0 0.27890625 0.6123046875 0.0390625 0.048828125
0 0.48046875 0.5302734375 0.0390625 0.048828125
0 0.51640625 0.6376953125 0.0390625 0.048828125
0 0.44296875 0.4208984375 0.0390625 0.048828125
0 0.36796875 0.2001953125 0.0390625 0.048828125
0 0.16640625 0.2880859375 0.0390625 0.048828125
0 0.40234375 0.4384765625 0.0390625 0.048828125
0 0.20390625 0.3974609375 0.0390625 0.048828125
0 0.40546875 0.3115234375 0.0390625 0.048828125
0 0.24140625 0.5048828125 0.0390625 0.048828125
0 0.31640625 0.7197265625 0.0390625 0.048828125
0 0.45390625 0.7255859375 0.0390625 0.048828125
0 0.47578125 0.6552734375 0.0390625 0.048828125
0 0.10703125 0.2490234375 0.0390625 0.048828125
0 0.26328125 0.4345703125 0.0390625 0.048828125
0 0.36484375 0.3291015625 0.0390625 0.048828125
0 0.43984375 0.5478515625 0.0390625 0.048828125
0 0.35546875 0.7041015625 0.0390625 0.048828125
0 0.24453125 0.3798828125 0.0390625 0.048828125
0 0.22578125 0.3251953125 0.0390625 0.048828125
0 0.31953125 0.5966796875 0.0390625 0.048828125
0 0.43671875 0.6708984375 0.0390625 0.048828125
0 0.41796875 0.6181640625 0.0390625 0.048828125
0 0.28203125 0.4892578125 0.0390625 0.048828125
0 0.39609375 0.6884765625 0.0390625 0.048828125
0 0.39921875 0.5634765625 0.0390625 0.048828125
0 0.34921875 0.1455078125 0.0390625 0.048828125
0 0.14453125 0.3603515625 0.0390625 0.048828125
0 0.20546875 0.2705078125 0.0390625 0.048828125
0 0.34296875 0.4013671875 0.0390625 0.048828125
0 0.30546875 0.2919921875 0.0390625 0.048828125
0 0.38046875 0.5087890625 0.0390625 0.048828125
0 0.26796875 0.1806640625 0.0390625 0.048828125
0 0.24609375 0.2529296875 0.0390625 0.048828125
0 0.55703125 0.6220703125 0.0390625 0.048828125
0 0.26484375 0.3076171875 0.0390625 0.048828125
0 0.18203125 0.4677734375 0.0390625 0.048828125
0 0.48359375 0.4033203125 0.0390625 0.048828125
0 0.32421875 0.3466796875 0.0390625 0.048828125
0 0.35859375 0.5791015625 0.0390625 0.048828125
0 0.25859375 0.6845703125 0.0390625 0.048828125
0 0.42421875 0.3662109375 0.0390625 0.048828125
0 0.36171875 0.4560546875 0.0390625 0.048828125
0 0.42734375 0.2392578125 0.0390625 0.048828125
0 0.49453125 0.7080078125 0.0390625 0.048828125
0 0.22109375 0.5751953125 0.0390625 0.048828125
0 0.28671875 0.2353515625 0.0390625 0.048828125
0 0.32109375 0.4716796875 0.0390625 0.048828125
0 0.38359375 0.3837890625 0.0390625 0.048828125
0 0.26015625 0.5595703125 0.0390625 0.048828125
0 0.42109375 0.4931640625 0.0390625 0.048828125
0 0.30234375 0.4169921875 0.0390625 0.048828125
0 0.52109375 0.5126953125 0.0390625 0.048828125
0 0.30078125 0.5419921875 0.0390625 0.048828125
0 0.33984375 0.5263671875 0.0390625 0.048828125
0 0.18671875 0.2158203125 0.0390625 0.048828125
0 0.45859375 0.6005859375 0.0390625 0.048828125
0 0.18515625 0.3427734375 0.0390625 0.048828125
0 0.37421875 0.7587890625 0.0390625 0.048828125
0 0.28359375 0.3642578125 0.0390625 0.048828125
0 0.22265625 0.4521484375 0.0390625 0.048828125
0 0.40859375 0.1826171875 0.0390625 0.048828125
0 0.49765625 0.5849609375 0.0390625 0.048828125
0 0.39140625 0.1279296875 0.0390625 0.048828125
0 0.33515625 0.7744140625 0.0390625 0.048828125
0 0.33828125 0.6513671875 0.0390625 0.048828125
0 0.37734375 0.6337890625 0.0390625 0.048828125
0 0.53515625 0.6923828125 0.0390625 0.048828125
0 0.38671875 0.2568359375 0.0390625 0.048828125
0 0.14609375 0.2333984375 0.0390625 0.048828125
0 0.34609375 0.2744140625 0.0390625 0.048828125
0 0.44609375 0.2939453125 0.0390625 0.048828125
0 0.46484375 0.3486328125 0.0390625 0.048828125
0 0.46171875 0.4755859375 0.0390625 0.048828125
0 0.27578125 0.7373046875 0.0390625 0.048828125
0 0.22734375 0.1982421875 0.0390625 0.048828125
0 0.57578125 0.6767578125 0.0390625 0.048828125
0 0.29765625 0.6669921875 0.0390625 0.048828125
0 0.50234375 0.4580078125 0.0390625 0.048828125
0 0.30859375 0.1630859375 0.0390625 0.048828125
0 0.41484375 0.7412109375 0.0390625 0.048828125
0 0.23828125 0.6298828125 0.0390625 0.048828125
0 0.53828125 0.5673828125 0.0390625 0.048828125
0 0.12578125 0.3056640625 0.0390625 0.048828125
0 0.20234375 0.5224609375 0.0390625 0.048828125
0 0.29453125 0.7900390625 0.0390625 0.048828125
0 0.16484375 0.4150390625 0.0390625 0.048828125
