0 0.55625 0.541015625 0.040625 0.046875
0 0.49140625 0.630859375 0.0390625 0.05078125
0 0.42890625 0.5927734375 0.0390625 0.048828125
0 0.640625 0.505859375 0.0375 0.046875
0 0.63671875 0.634765625 0.0390625 0.046875
0 0.57421875 0.595703125 0.0390625 0.046875
0 0.659375 0.5625 0.040625 0.046875
0 0.46953125 0.150390625 0.0390625 0.046875
0 0.42109375 0.2890625 0.0390625 0.05078125
0 0.44140625 0.3427734375 0.0390625 0.048828125
0 0.55390625 0.6689453125 0.0390625 0.048828125
0 0.51484375 0.556640625 0.0390625 0.05078125
0 0.49296875 0.08203125 0.0390625 0.046875
0 0.496875 0.50390625 0.040625 0.046875
0 0.47265625 0.57421875 0.0390625 0.046875
0 0.32578125 0.146484375 0.0421875 0.046875
0 0.5984375 0.5244140625 0.040625 0.048828125
0 0.41171875 0.5390625 0.0390625 0.046875
0 0.54765625 0.2421875 0.0390625 0.05078125
0 0.71875 0.5986328125 0.040625 0.048828125
0 0.584375 0.34765625 0.0375 0.046875
0 0.38046875 0.306640625 0.0390625 0.046875
0 0.42578125 0.7216796875 0.0390625 0.048828125
0 0.565625 0.2939453125 0.040625 0.048828125
0 0.53046875 0.1884765625 0.0390625 0.048828125
0 0.2828125 0.1611328125 0.040625 0.048828125
0 0.52421875 0.3095703125 0.0390625 0.048828125
0 0.41015625 0.1142578125 0.0390625 0.048828125
0 0.33828125 0.322265625 0.0390625 0.05078125
0 0.36796875 0.12890625 0.0390625 0.046875
0 0.2578125 0.2314453125 0.040625 0.048828125
0 0.46484375 0.2734375 0.0390625 0.046875
0 0.5515625 0.119140625 0.0375 0.05078125
0 0.58046875 0.470703125 0.0390625 0.046875
0 0.48359375 0.3271484375 0.0390625 0.048828125
0 0.29609375 0.337890625 0.0390625 0.046875
0 0.3859375 0.18359375 0.040625 0.046875
0 0.40625 0.6650390625 0.0375 0.048828125
0 0.6265625 0.33203125 0.040625 0.05078125
0 0.31328125 0.392578125 0.0390625 0.046875
0 0.42734375 0.166015625 0.0390625 0.05078125
0 0.4875 0.2041015625 0.0375 0.048828125
0 0.4359375 0.46875 0.040625 0.046875
0 0.36953125 0.5556640625 0.0390625 0.048828125
0 0.40390625 0.2373046875 0.0390625 0.048828125
0 0.57109375 0.171875 0.0390625 0.046875
0 0.31953125 0.26953125 0.0390625 0.046875
0 0.34375 0.1982421875 0.040625 0.048828125
0 0.61796875 0.5771484375 0.0390625 0.048828125
0 0.50078125 0.380859375 0.0390625 0.046875
0 0.70078125 0.5439453125 0.0390625 0.048828125
0 0.27578125 0.2841796875 0.0390625 0.048828125
0 0.453125 0.521484375 0.040625 0.05078125
0 0.37578125 0.4296875 0.0390625 0.046875
0 0.39375 0.482421875 0.040625 0.046875
0 0.35546875 0.3759765625 0.0390625 0.048828125
0 0.5109375 0.134765625 0.0375 0.046875
0 0.6078125 0.279296875 0.0375 0.046875
0 0.54140625 0.365234375 0.0390625 0.05078125
0 0.66171875 0.4375 0.0390625 0.046875
0 0.4453125 0.21875 0.040625 0.046875
0 0.38671875 0.6103515625 0.0390625 0.048828125
0 0.44921875 0.6484375 0.0390625 0.046875
0 0.64375 0.3828125 0.040625 0.046875
0 0.46796875 0.703125 0.0390625 0.046875
0 0.2390625 0.173828125 0.040625 0.046875
0 0.58984375 0.224609375 0.0390625 0.046875
0 0.56171875 0.416015625 0.0390625 0.046875
0 0.53359375 0.61328125 0.0390625 0.046875
0 0.52109375 0.435546875 0.0390625 0.046875
0 0.50625 0.2578125 0.040625 0.046875
0 0.46015625 0.396484375 0.0390625 0.046875
0 0.3515625 0.501953125 0.040625 0.046875
0 0.36171875 0.251953125 0.0390625 0.046875
0 0.53828125 0.48828125 0.0390625 0.05078125
0 0.68125 0.4921875 0.0375 0.046875
0 0.3984375 0.3603515625 0.0375 0.048828125
0 0.41796875 0.4140625 0.0390625 0.046875
0 0.60234375 0.40234375 0.0390625 0.046875
0 0.47734375 0.44921875 0.0390625 0.046875
0 0.3 0.21484375 0.040625 0.046875
0 0.45078125 0.0986328125 0.0390625 0.048828125
0 0.67734375 0.615234375 0.0390625 0.046875
0 0.5109375 0.68359375 0.0375 0.046875
0 0.59453125 0.650390625 0.0390625 0.046875
0 0.33203125 0.447265625 0.0390625 0.046875
0 0.62109375 0.455078125 0.0390625 0.05078125
0 0.53359375 0.068359375 0.0390625 0.046875
