0 0.2734375 0.52734375 0.05 0.05078125
0 0.2703125 0.6201171875 0.05 0.048828125
0 0.44375 0.521484375 0.05 0.05078125
0 0.7015625 0.330078125 0.05 0.05078125
0 0.65625 0.46875 0.05 0.05078125
0 0.7421875 0.3759765625 0.05 0.048828125
0 0.571875 0.470703125 0.05 0.05078125
0 0.4953125 0.1953125 0.05 0.05078125
0 0.4453125 0.427734375 0.05 0.05078125
0 0.39921875 0.662109375 0.0515625 0.05078125
0 0.3546875 0.802734375 0.05 0.05078125
0 0.26875 0.71484375 0.05 0.05078125
0 0.32109375 0.291015625 0.0515625 0.05078125
0 0.396875 0.84765625 0.05 0.05078125
0 0.225 0.763671875 0.05 0.05078125
0 0.4859375 0.5654296875 0.05 0.048828125
0 0.3125 0.666015625 0.05 0.05078125
0 0.2265625 0.669921875 0.05 0.05078125
0 0.4546875 0.1484375 0.05 0.05078125
0 0.096875 0.533203125 0.05 0.05078125
0 0.3578125 0.6171875 0.05 0.05078125
0 0.4015625 0.5703125 0.05 0.05078125
0 0.1421875 0.484375 0.05 0.05078125
0 0.275 0.4326171875 0.05 0.048828125
0 0.53125 0.42578125 0.05 0.05078125
0 0.6140625 0.423828125 0.05 0.05078125
0 0.4515625 0.2421875 0.05 0.05078125
0 0.3109375 0.759765625 0.05 0.05078125
0 0.4109375 0.197265625 0.05 0.05078125
0 0.528125 0.51953125 0.05 0.05078125
0 0.3671875 0.2421875 0.05 0.05078125
0 0.6171875 0.333984375 0.05 0.05078125
0 0.315625 0.572265625 0.05 0.05078125
0 0.4875 0.474609375 0.05 0.05078125
0 0.5 0.1015625 0.05 0.05078125
0 0.396875 0.7548828125 0.05 0.048828125
0 0.49375 0.2890625 0.05 0.05078125
0 0.3171875 0.478515625 0.05 0.05078125
0 0.1390625 0.673828125 0.05 0.05078125
0 0.6984375 0.421875 0.05 0.05078125
0 0.2765625 0.33984375 0.05 0.05078125
0 0.525 0.703125 0.05 0.05078125
0 0.31875 0.38671875 0.05 0.05078125
0 0.403125 0.4765625 0.05 0.05078125
0 0.053125 0.583984375 0.05 0.05078125
0 0.6578125 0.3779296875 0.05 0.048828125
0 0.58125 0.1953125 0.05 0.05078125
0 0.5734375 0.3798828125 0.05 0.048828125
0 0.609375 0.607421875 0.05 0.05078125
0 0.653125 0.5595703125 0.05 0.048828125
0 0.45 0.3359375 0.05 0.05078125
0 0.5328125 0.333984375 0.05 0.05078125
0 0.359375 0.525390625 0.05 0.05078125
0 0.4078125 0.2890625 0.05 0.05078125
0 0.6109375 0.517578125 0.05 0.05078125
0 0.26875 0.8095703125 0.05 0.048828125
0 0.56953125 0.5634765625 0.0515625 0.048828125
0 0.096875 0.6279296875 0.05 0.048828125
0 0.3546875 0.7109375 0.05 0.05078125
0 0.440625 0.70703125 0.05 0.05078125
0 0.140625 0.580078125 0.05 0.05078125
0 0.353125 0.896484375 0.05 0.05078125
0 0.48125 0.7509765625 0.05 0.048828125
0 0.22890625 0.576171875 0.0515625 0.05078125
0 0.5421875 0.1484375 0.05 0.05078125
0 0.440625 0.61328125 0.05 0.05078125
0 0.4390625 0.798828125 0.05 0.05078125
0 0.1828125 0.71875 0.05 0.05078125
0 0.3625 0.337890625 0.05 0.05078125
0 0.3609375 0.4296875 0.05 0.05078125
0 0.6953125 0.513671875 0.05 0.05078125
0 0.578125 0.287109375 0.05 0.05078125
0 0.1875 0.4365234375 0.05 0.048828125
0 0.525 0.609375 0.05 0.05078125
0 0.4828125 0.658203125 0.05 0.05078125
0 0.1828125 0.6259765625 0.05 0.048828125
0 0.4890625 0.3828125 0.05 0.05078125
0 0.2328125 0.388671875 0.05 0.05078125
0 0.73984375 0.466796875 0.0515625 0.05078125
0 0.621875 0.23828125 0.05 0.05078125
0 0.1875 0.529296875 0.05 0.05078125
0 0.4046875 0.384765625 0.05 0.05078125
0 0.5375 0.240234375 0.05 0.05078125
0 0.78125 0.419921875 0.05 0.05078125
0 0.3109375 0.8515625 0.05 0.05078125
0 0.66171875 0.28515625 0.0515625 0.05078125
0 0.23125 0.48046875 0.05 0.05078125
0 0.5671875 0.654296875 0.05 0.05078125
