0 0.4828125 0.623046875 0.05 0.05859375
0 0.7875 0.6142578125 0.05 0.056640625
0 0.3828125 0.4365234375 0.05 0.056640625
0 0.615625 0.3740234375 0.05 0.056640625
0 0.39375 0.7900390625 0.05 0.056640625
0 0.40625 0.859375 0.05 0.05859375
0 0.6875 0.423828125 0.05 0.05859375
0 0.7609375 0.4775390625 0.05 0.056640625
0 0.640625 0.796875 0.05 0.05859375
0 0.5546875 0.67578125 0.05 0.05859375
0 0.45625 0.48828125 0.05 0.05859375
0 0.86171875 0.666015625 0.0515625 0.05859375
0 0.6609375 0.2880859375 0.05 0.060546875
0 0.3375 0.8056640625 0.05 0.056640625
0 0.35 0.875 0.05 0.05859375
0 0.3703125 0.3681640625 0.05 0.060546875
0 0.6734375 0.3564453125 0.05 0.056640625
0 0.3125 0.3837890625 0.05 0.056640625
0 0.6984375 0.78125 0.05 0.05859375
0 0.5265625 0.5400390625 0.05 0.060546875
0 0.3390625 0.5185546875 0.05 0.056640625
0 0.325 0.4521484375 0.05 0.056640625
0 0.46875 0.5537109375 0.05 0.056640625
0 0.8453125 0.5986328125 0.05 0.056640625
0 0.8328125 0.5302734375 0.05 0.056640625
0 0.775 0.544921875 0.05 0.05859375
0 0.62578125 0.7294921875 0.0484375 0.056640625
0 0.73125 0.3408203125 0.05 0.056640625
0 0.571875 0.4560546875 0.05 0.056640625
0 0.540625 0.6083984375 0.05 0.056640625
0 0.465625 0.84375 0.05 0.05859375
0 0.5671875 0.7451171875 0.05 0.056640625
0 0.6859375 0.7138671875 0.05 0.056640625
0 0.60078125 0.306640625 0.0484375 0.05859375
0 0.409375 0.572265625 0.05 0.0546875
0 0.89375 0.5166015625 0.05 0.056640625
0 0.26875 0.46875 0.05 0.05859375
0 0.715625 0.560546875 0.05 0.05859375
0 0.38125 0.72265625 0.05 0.05859375
0 0.8765625 0.7373046875 0.05 0.056640625
0 0.628125 0.4404296875 0.05 0.056640625
0 0.7 0.4931640625 0.05 0.056640625
0 0.9078125 0.583984375 0.05 0.05859375
0 0.54375 0.3212890625 0.053125 0.056640625
0 0.5984375 0.5927734375 0.05 0.056640625
0 0.75859375 0.7666015625 0.0484375 0.060546875
0 0.3078125 0.6708984375 0.05 0.056640625
0 0.4390625 0.7060546875 0.05 0.056640625
0 0.5828125 0.8115234375 0.05 0.056640625
0 0.7796875 0.2568359375 0.05 0.056640625
0 0.74296875 0.6982421875 0.0515625 0.056640625
0 0.321875 0.73828125 0.053125 0.05859375
0 0.4515625 0.775390625 0.05 0.0546875
0 0.6109375 0.6611328125 0.05 0.060546875
0 0.4265625 0.3525390625 0.05 0.060546875
0 0.39765625 0.50390625 0.0484375 0.05859375
0 0.8171875 0.7529296875 0.05 0.056640625
0 0.584375 0.525390625 0.05 0.05859375
0 0.5578125 0.388671875 0.05 0.05859375
0 0.81875 0.462890625 0.05 0.05859375
0 0.36640625 0.6552734375 0.0484375 0.056640625
0 0.671875 0.6455078125 0.05 0.060546875
0 0.49921875 0.404296875 0.0484375 0.05859375
0 0.8015625 0.68359375 0.05 0.05859375
0 0.85 0.3095703125 0.05 0.056640625
0 0.64296875 0.509765625 0.0515625 0.05859375
0 0.74609375 0.4091796875 0.0484375 0.060546875
0 0.509375 0.7587890625 0.05 0.060546875
0 0.4953125 0.6904296875 0.05 0.056640625
0 0.934375 0.7216796875 0.05 0.056640625
0 0.51171875 0.4716796875 0.0484375 0.056640625
0 0.87890625 0.4453125 0.0484375 0.05859375
0 0.71875 0.2744140625 0.05 0.056640625
0 0.2546875 0.3994140625 0.05 0.056640625
0 0.80625 0.3916015625 0.05 0.056640625
0 0.2953125 0.6015625 0.05 0.05859375
0 0.35390625 0.5859375 0.0484375 0.05859375
0 0.28125 0.5361328125 0.05 0.056640625
0 0.921875 0.6513671875 0.05 0.056640625
0 0.7296875 0.6279296875 0.05 0.056640625
0 0.8640625 0.376953125 0.05 0.0546875
0 0.52265625 0.8271484375 0.0515625 0.056640625
0 0.4421875 0.4208984375 0.053125 0.056640625
0 0.8375 0.2392578125 0.05 0.060546875
0 0.425 0.640625 0.05 0.05859375
0 0.7921875 0.32421875 0.05 0.05859375
0 0.484375 0.3388671875 0.05 0.056640625
0 0.65625 0.5771484375 0.05 0.056640625
