0 0.44375 0.2451171875 0.04375 0.060546875
0 0.4109375 0.716796875 0.04375 0.05859375
0 0.6171875 0.60546875 0.04375 0.05859375
0 0.66015625 0.73046875 0.0421875 0.0625
0 0.5734375 0.4775390625 0.04375 0.060546875
0 0.4859375 0.2216796875 0.04375 0.060546875
0 0.2796875 0.33984375 0.04375 0.0625
0 0.53125 0.501953125 0.04375 0.05859375
0 0.3234375 0.466796875 0.04375 0.0625
0 0.5296875 0.3515625 0.04375 0.0625
0 0.3671875 0.59375 0.04375 0.05859375
0 0.45390625 0.841796875 0.0421875 0.05859375
0 0.5984375 0.8388671875 0.04375 0.060546875
0 0.61796875 0.75390625 0.0421875 0.0625
0 0.21640625 0.298828125 0.0421875 0.0625
0 0.38671875 0.5078125 0.0421875 0.05859375
0 0.4875 0.375 0.04375 0.0625
0 0.575 0.62890625 0.04375 0.05859375
0 0.49375 0.8212890625 0.04375 0.060546875
0 0.365625 0.443359375 0.04375 0.0625
0 0.34296875 0.3798828125 0.0421875 0.060546875
0 0.453125 0.6953125 0.04375 0.0625
0 0.578125 0.775390625 0.04375 0.0625
0 0.55546875 0.71484375 0.0421875 0.05859375
0 0.409375 0.5703125 0.04375 0.0625
0 0.5359375 0.798828125 0.04375 0.0625
0 0.534375 0.650390625 0.04375 0.0625
0 0.465625 0.158203125 0.04375 0.05859375
0 0.26015625 0.4287109375 0.0421875 0.060546875
0 0.31875 0.31640625 0.04375 0.0625
0 0.46796875 0.462890625 0.0421875 0.05859375
0 0.425 0.3359375 0.04375 0.05859375
0 0.51171875 0.5869140625 0.0421875 0.060546875
0 0.38125 0.205078125 0.04375 0.05859375
0 0.3609375 0.29296875 0.04375 0.0625
0 0.70234375 0.708984375 0.0421875 0.05859375
0 0.3828125 0.3564453125 0.040625 0.060546875
0 0.30390625 0.552734375 0.0421875 0.0625
0 0.615625 0.4541015625 0.04375 0.060546875
0 0.446875 0.3984375 0.04375 0.0625
0 0.4921875 0.671875 0.04375 0.0625
0 0.3921875 0.8046875 0.04375 0.0625
0 0.5515625 0.4140625 0.040625 0.0625
0 0.490625 0.5263671875 0.04375 0.060546875
0 0.55 0.263671875 0.04375 0.0625
0 0.640625 0.8154296875 0.04375 0.060546875
0 0.3484375 0.677734375 0.04375 0.0625
0 0.403125 0.26953125 0.04375 0.0625
0 0.4484375 0.546875 0.04375 0.0625
0 0.51015625 0.4375 0.0421875 0.0625
0 0.3890625 0.65625 0.040625 0.0625
0 0.55390625 0.564453125 0.0421875 0.0625
0 0.4265625 0.4833984375 0.040625 0.060546875
0 0.659375 0.5810546875 0.04375 0.060546875
0 0.43046875 0.6328125 0.0421875 0.0625
0 0.4703125 0.611328125 0.040625 0.05859375
0 0.29765625 0.25390625 0.0421875 0.0625
0 0.59765625 0.69140625 0.0421875 0.05859375
0 0.3015625 0.4052734375 0.040625 0.060546875
0 0.51640625 0.884765625 0.0421875 0.0625
0 0.4046875 0.4228515625 0.04375 0.060546875
0 0.3453125 0.53125 0.040625 0.05859375
0 0.528125 0.197265625 0.04375 0.0625
0 0.6375 0.66796875 0.04375 0.0625
0 0.5078125 0.134765625 0.040625 0.05859375
0 0.475 0.9052734375 0.04375 0.060546875
0 0.47421875 0.7587890625 0.0421875 0.060546875
0 0.5140625 0.7353515625 0.040625 0.060546875
0 0.68125 0.79296875 0.04375 0.0625
0 0.509375 0.287109375 0.04375 0.0625
0 0.25546875 0.27734375 0.0421875 0.0625
0 0.4671875 0.3125 0.04375 0.05859375
0 0.571875 0.326171875 0.04375 0.05859375
0 0.59296875 0.390625 0.0421875 0.0625
0 0.5953125 0.541015625 0.040625 0.0625
0 0.41171875 0.865234375 0.0421875 0.05859375
0 0.340625 0.23046875 0.04375 0.0625
0 0.7234375 0.771484375 0.04375 0.0625
0 0.43125 0.78125 0.04375 0.0625
0 0.63671875 0.517578125 0.0421875 0.0625
0 0.4234375 0.181640625 0.04375 0.05859375
0 0.5578125 0.861328125 0.040625 0.0625
0 0.36875 0.7412109375 0.04375 0.060546875
0 0.6796875 0.64453125 0.04375 0.0625
0 0.2375 0.365234375 0.04375 0.05859375
0 0.3265625 0.6171875 0.040625 0.05859375
0 0.434375 0.927734375 0.04375 0.05859375
0 0.2828125 0.490234375 0.040625 0.0625
