0 0.81171875 0.6416015625 0.0390625 0.048828125
0 0.66171875 0.3134765625 0.0390625 0.048828125
0 0.57109375 0.7646484375 0.0390625 0.048828125
0 0.64609375 0.5595703125 0.0390625 0.048828125
0 0.53359375 0.4697265625 0.0390625 0.048828125
0 0.71015625 0.2998046875 0.0390625 0.048828125
0 0.48515625 0.4833984375 0.0390625 0.048828125
0 0.45859375 0.6708984375 0.0390625 0.048828125
0 0.63828125 0.5009765625 0.0390625 0.048828125
0 0.51484375 0.7177734375 0.0390625 0.048828125
0 0.37265625 0.3955078125 0.0390625 0.048828125
0 0.40390625 0.6259765625 0.0390625 0.048828125
0 0.52265625 0.7783203125 0.0390625 0.048828125
0 0.58203125 0.4560546875 0.0390625 0.048828125
0 0.75703125 0.2841796875 0.0390625 0.048828125
0 0.42890625 0.4384765625 0.0390625 0.048828125
0 0.69609375 0.5478515625 0.0390625 0.048828125
0 0.81640625 0.3291015625 0.0390625 0.048828125
0 0.76171875 0.6533203125 0.0390625 0.048828125
0 0.75390625 0.5947265625 0.0390625 0.048828125
0 0.73671875 0.4755859375 0.0390625 0.048828125
0 0.55703125 0.6455078125 0.0390625 0.048828125
0 0.76953125 0.7138671875 0.0390625 0.048828125
0 0.71796875 0.3583984375 0.0390625 0.048828125
0 0.54140625 0.5283203125 0.0390625 0.048828125
0 0.59765625 0.5732421875 0.0390625 0.048828125
0 0.76796875 0.3427734375 0.0390625 0.048828125
0 0.81953125 0.7021484375 0.0390625 0.048828125
0 0.43671875 0.4970703125 0.0390625 0.048828125
0 0.66953125 0.7392578125 0.0390625 0.048828125
0 0.50703125 0.6591796875 0.0390625 0.048828125
0 0.66953125 0.3720703125 0.0390625 0.048828125
0 0.87578125 0.3740234375 0.0390625 0.048828125
0 0.79453125 0.5205078125 0.0390625 0.048828125
0 0.71171875 0.6669921875 0.0390625 0.048828125
0 0.74453125 0.5341796875 0.0390625 0.048828125
0 0.56328125 0.7041015625 0.0390625 0.048828125
0 0.65546875 0.6201171875 0.0390625 0.048828125
0 0.77578125 0.4013671875 0.0390625 0.048828125
0 0.91171875 0.6162109375 0.0390625 0.048828125
0 0.58984375 0.5146484375 0.0390625 0.048828125
0 0.61328125 0.3271484375 0.0390625 0.048828125
0 0.42421875 0.8037109375 0.0390625 0.048828125
0 0.86953125 0.6884765625 0.0390625 0.048828125
0 0.67890625 0.4306640625 0.0390625 0.048828125
0 0.39609375 0.5673828125 0.0390625 0.048828125
0 0.80703125 0.2705078125 0.0390625 0.048828125
0 0.54921875 0.5869140625 0.0390625 0.048828125
0 0.61328125 0.6923828125 0.0390625 0.048828125
0 0.82578125 0.3876953125 0.0390625 0.048828125
0 0.41015625 0.6845703125 0.0390625 0.048828125
0 0.62109375 0.3857421875 0.0390625 0.048828125
0 0.83515625 0.4482421875 0.0390625 0.048828125
0 0.38046875 0.4521484375 0.0390625 0.048828125
0 0.57265625 0.3994140625 0.0390625 0.048828125
0 0.47265625 0.7900390625 0.0390625 0.048828125
0 0.86171875 0.6279296875 0.0390625 0.048828125
0 0.68671875 0.4892578125 0.0390625 0.048828125
0 0.50078125 0.5986328125 0.0390625 0.048828125
0 0.78515625 0.4619140625 0.0390625 0.048828125
0 0.45234375 0.6123046875 0.0390625 0.048828125
0 0.56484375 0.3408203125 0.0390625 0.048828125
0 0.47578125 0.4248046875 0.0390625 0.048828125
0 0.66171875 0.6787109375 0.0390625 0.048828125
0 0.62109375 0.7529296875 0.0390625 0.048828125
0 0.88359375 0.4326171875 0.0390625 0.048828125
0 0.80234375 0.5810546875 0.0390625 0.048828125
0 0.52421875 0.4130859375 0.0390625 0.048828125
0 0.71953125 0.7275390625 0.0390625 0.048828125
0 0.70390625 0.6064453125 0.0390625 0.048828125
0 0.38828125 0.5087890625 0.0390625 0.048828125
0 0.86640625 0.3154296875 0.0390625 0.048828125
0 0.85234375 0.5673828125 0.0390625 0.048828125
0 0.42109375 0.3818359375 0.0390625 0.048828125
0 0.44453125 0.5537109375 0.0390625 0.048828125
0 0.46796875 0.3681640625 0.0390625 0.048828125
0 0.49296875 0.5400390625 0.0390625 0.048828125
0 0.41796875 0.7431640625 0.0390625 0.048828125
0 0.91953125 0.6767578125 0.0390625 0.048828125
0 0.89296875 0.4931640625 0.0390625 0.048828125
0 0.90234375 0.5537109375 0.0390625 0.048828125
0 0.46640625 0.7314453125 0.0390625 0.048828125
0 0.84296875 0.5068359375 0.0390625 0.048828125
0 0.85546875 0.2548828125 0.0390625 0.048828125
0 0.51640625 0.3544921875 0.0390625 0.048828125
0 0.60546875 0.6318359375 0.0390625 0.048828125
0 0.63046875 0.4423828125 0.0390625 0.048828125
0 0.72734375 0.4169921875 0.0390625 0.048828125
