0 0.50859375 0.59765625 0.0390625 0.046875
0 0.67109375 0.578125 0.0390625 0.046875
0 0.57265625 0.375 0.0390625 0.046875
0 0.58984375 0.587890625 0.0390625 0.046875
0 0.753125 0.572265625 0.0375 0.046875
0 0.65390625 0.365234375 0.0390625 0.046875
0 0.74296875 0.466796875 0.0390625 0.046875
0 0.91171875 0.5546875 0.0390625 0.046875
0 0.61015625 0.3173828125 0.0390625 0.044921875
0 0.49140625 0.3837890625 0.0390625 0.044921875
0 0.73359375 0.359375 0.0390625 0.046875
0 0.6671875 0.52734375 0.0375 0.046875
0 0.59609375 0.640625 0.0390625 0.04296875
0 0.63671875 0.63671875 0.0390625 0.046875
0 0.73984375 0.41015625 0.0390625 0.046875
0 0.54921875 0.591796875 0.0390625 0.046875
0 0.83203125 0.5625 0.0390625 0.046875
0 0.69453125 0.361328125 0.0390625 0.046875
0 0.79140625 0.56640625 0.0390625 0.046875
0 0.56953125 0.322265625 0.0390625 0.046875
0 0.86015625 0.3984375 0.0390625 0.046875
0 0.81484375 0.3515625 0.0390625 0.046875
0 0.5546875 0.64453125 0.0375 0.046875
0 0.57734375 0.427734375 0.0390625 0.04296875
0 0.58671875 0.533203125 0.0390625 0.046875
0 0.78828125 0.513671875 0.0390625 0.046875
0 0.85390625 0.345703125 0.0390625 0.046875
0 0.61484375 0.37109375 0.0359375 0.046875
0 0.659375 0.419921875 0.0375 0.046875
0 0.66328125 0.47265625 0.0359375 0.046875
0 0.6890625 0.310546875 0.0375 0.046875
0 0.67578125 0.6328125 0.0390625 0.046875
0 0.77109375 0.30078125 0.0390625 0.046875
0 0.62734375 0.5302734375 0.0390625 0.044921875
0 0.70859375 0.521484375 0.0390625 0.046875
0 0.77421875 0.353515625 0.0390625 0.046875
0 0.8234375 0.45703125 0.0375 0.046875
0 0.86875 0.505859375 0.0375 0.046875
0 0.52890625 0.326171875 0.0390625 0.046875
0 0.8421875 0.66796875 0.0375 0.046875
0 0.74765625 0.517578125 0.0390625 0.046875
0 0.63046875 0.583984375 0.0390625 0.046875
0 0.65078125 0.314453125 0.0390625 0.046875
0 0.89375 0.3408203125 0.0375 0.044921875
0 0.7609375 0.67578125 0.0375 0.046875
0 0.5359375 0.431640625 0.0375 0.046875
0 0.54609375 0.5390625 0.0390625 0.046875
0 0.5140625 0.650390625 0.0375 0.046875
0 0.58046875 0.48046875 0.0390625 0.046875
0 0.54140625 0.4873046875 0.0390625 0.044921875
0 0.86328125 0.453125 0.0390625 0.046875
0 0.871875 0.55859375 0.0375 0.04296875
0 0.91796875 0.6064453125 0.0390625 0.044921875
0 0.4875 0.328125 0.0375 0.046875
0 0.83671875 0.615234375 0.0390625 0.046875
0 0.81953125 0.40234375 0.0390625 0.046875
0 0.78203125 0.4609375 0.0390625 0.046875
0 0.640625 0.69140625 0.0375 0.046875
0 0.53203125 0.3798828125 0.0390625 0.044921875
0 0.71640625 0.626953125 0.0390625 0.046875
0 0.71171875 0.576171875 0.0359375 0.046875
0 0.49765625 0.435546875 0.0390625 0.046875
0 0.828125 0.5107421875 0.0375 0.044921875
0 0.75703125 0.623046875 0.0390625 0.046875
0 0.559375 0.69921875 0.0375 0.046875
0 0.7796875 0.408203125 0.0375 0.046875
0 0.50546875 0.54296875 0.0390625 0.046875
0 0.68125 0.6845703125 0.0375 0.044921875
0 0.85 0.29296875 0.0375 0.046875
0 0.62109375 0.478515625 0.0390625 0.046875
0 0.88984375 0.2890625 0.0359375 0.046875
0 0.61796875 0.423828125 0.0390625 0.046875
0 0.92109375 0.66015625 0.0390625 0.046875
0 0.73046875 0.3046875 0.0390625 0.046875
0 0.6 0.6953125 0.0375 0.046875
0 0.79765625 0.62109375 0.0390625 0.046875
0 0.50078125 0.490234375 0.0390625 0.046875
0 0.7046875 0.46875 0.0375 0.046875
0 0.69921875 0.4140625 0.0390625 0.046875
0 0.87734375 0.611328125 0.0390625 0.046875
0 0.51796875 0.705078125 0.0359375 0.046875
0 0.71953125 0.681640625 0.0390625 0.046875
0 0.809375 0.296875 0.0375 0.04296875
0 0.90859375 0.4990234375 0.0390625 0.044921875
0 0.88046875 0.6640625 0.0390625 0.046875
0 0.8984375 0.39453125 0.0375 0.046875
0 0.8015625 0.671875 0.0375 0.046875
0 0.90234375 0.4482421875 0.0390625 0.044921875
