0 0.61328125 0.7001953125 0.0390625 0.048828125
0 0.81328125 0.5166015625 0.0390625 0.048828125
0 0.71171875 0.2451171875 0.0390625 0.048828125
0 0.63671875 0.6201171875 0.0390625 0.048828125
0 0.68828125 0.3251953125 0.0390625 0.048828125
0 0.78828125 0.5966796875 0.0390625 0.048828125
0 0.69765625 0.7822265625 0.0390625 0.048828125
0 0.53515625 0.3486328125 0.0390625 0.048828125
0 0.59921875 0.3779296875 0.0390625 0.048828125
0 0.57265625 0.5888671875 0.0390625 0.048828125
0 0.83671875 0.4365234375 0.0390625 0.048828125
0 0.54921875 0.6708984375 0.0390625 0.048828125
0 0.67421875 0.8623046875 0.0390625 0.048828125
0 0.63359375 0.7548828125 0.0390625 0.048828125
0 0.51171875 0.4287109375 0.0390625 0.048828125
0 0.61015625 0.8349609375 0.0390625 0.048828125
0 0.46796875 0.4541015625 0.0390625 0.048828125
0 0.81015625 0.6513671875 0.0390625 0.048828125
0 0.78515625 0.7314453125 0.0390625 0.048828125
0 0.87421875 0.6806640625 0.0390625 0.048828125
0 0.83359375 0.5712890625 0.0390625 0.048828125
0 0.66015625 0.5400390625 0.0390625 0.048828125
0 0.70078125 0.6494140625 0.0390625 0.048828125
0 0.76171875 0.8115234375 0.0390625 0.048828125
0 0.96171875 0.7626953125 0.0390625 0.048828125
0 0.67734375 0.7275390625 0.0390625 0.048828125
0 0.48828125 0.5087890625 0.0390625 0.048828125
0 0.58984375 0.7802734375 0.0390625 0.048828125
0 0.89921875 0.6005859375 0.0390625 0.048828125
0 0.63984375 0.4853515625 0.0390625 0.048828125
0 0.85078125 0.7607421875 0.0390625 0.048828125
0 0.62421875 0.2958984375 0.0390625 0.048828125
0 0.59609375 0.5126953125 0.0390625 0.048828125
0 0.70390625 0.5146484375 0.0390625 0.048828125
0 0.72421875 0.5693359375 0.0390625 0.048828125
0 0.87734375 0.5458984375 0.0390625 0.048828125
0 0.76484375 0.6767578125 0.0390625 0.048828125
0 0.66328125 0.4052734375 0.0390625 0.048828125
0 0.61640625 0.5654296875 0.0390625 0.048828125
0 0.73828125 0.8916015625 0.0390625 0.048828125
0 0.53203125 0.4833984375 0.0390625 0.048828125
0 0.50859375 0.5634765625 0.0390625 0.048828125
0 0.77265625 0.4091796875 0.0390625 0.048828125
0 0.74921875 0.4892578125 0.0390625 0.048828125
0 0.85390625 0.6259765625 0.0390625 0.048828125
0 0.57578125 0.4580078125 0.0390625 0.048828125
0 0.66796875 0.2705078125 0.0390625 0.048828125
0 0.44765625 0.3994140625 0.0390625 0.048828125
0 0.49140625 0.3740234375 0.0390625 0.048828125
0 0.68046875 0.5947265625 0.0390625 0.048828125
0 0.82890625 0.7060546875 0.0390625 0.048828125
0 0.59296875 0.6455078125 0.0390625 0.048828125
0 0.72109375 0.7021484375 0.0390625 0.048828125
0 0.89609375 0.7353515625 0.0390625 0.048828125
0 0.55234375 0.5380859375 0.0390625 0.048828125
0 0.87109375 0.8154296875 0.0390625 0.048828125
0 0.65078125 0.9443359375 0.0390625 0.048828125
0 0.65703125 0.6748046875 0.0390625 0.048828125
0 0.57890625 0.3232421875 0.0390625 0.048828125
0 0.72734375 0.4345703125 0.0390625 0.048828125
0 0.74140625 0.7568359375 0.0390625 0.048828125
0 0.74453125 0.6220703125 0.0390625 0.048828125
0 0.76796875 0.5419921875 0.0390625 0.048828125
0 0.79296875 0.4619140625 0.0390625 0.048828125
0 0.73203125 0.2978515625 0.0390625 0.048828125
0 0.77578125 0.2724609375 0.0390625 0.048828125
0 0.75234375 0.3525390625 0.0390625 0.048828125
0 0.70859375 0.3798828125 0.0390625 0.048828125
0 0.75703125 0.2177734375 0.0390625 0.048828125
0 0.81640625 0.3818359375 0.0390625 0.048828125
0 0.93984375 0.7080078125 0.0390625 0.048828125
0 0.65390625 0.8076171875 0.0390625 0.048828125
0 0.79609375 0.3271484375 0.0390625 0.048828125
0 0.63046875 0.8876953125 0.0390625 0.048828125
0 0.68359375 0.4599609375 0.0390625 0.048828125
0 0.55546875 0.4033203125 0.0390625 0.048828125
0 0.69453125 0.9169921875 0.0390625 0.048828125
0 0.61953125 0.4306640625 0.0390625 0.048828125
0 0.80703125 0.7861328125 0.0390625 0.048828125
0 0.85703125 0.4912109375 0.0390625 0.048828125
0 0.56953125 0.7255859375 0.0390625 0.048828125
0 0.78203125 0.8662109375 0.0390625 0.048828125
0 0.52890625 0.6142578125 0.0390625 0.048828125
0 0.64296875 0.3505859375 0.0390625 0.048828125
0 0.82734375 0.8408203125 0.0390625 0.048828125
0 0.91640625 0.7900390625 0.0390625 0.048828125
0 0.91953125 0.6552734375 0.0390625 0.048828125
0 0.71796875 0.8369140625 0.0390625 0.048828125
