0 0.5671875 0.2763671875 0.05 0.083984375
0 0.59140625 0.6611328125 0.0515625 0.083984375
0 0.2875 0.2197265625 0.05 0.083984375
0 0.51875 0.3779296875 0.05 0.083984375
0 0.30625 0.5048828125 0.05 0.083984375
0 0.403125 0.3017578125 0.05 0.083984375
0 0.42265625 0.5849609375 0.0515625 0.080078125
0 0.3953125 0.2041015625 0.05 0.083984375
0 0.4828125 0.6767578125 0.05 0.083984375
0 0.3140625 0.6005859375 0.05 0.080078125
0 0.2515625 0.5107421875 0.05 0.083984375
0 0.51328125 0.2841796875 0.0515625 0.080078125
0 0.0953125 0.6298828125 0.05 0.083984375
0 0.575 0.3740234375 0.05 0.083984375
0 0.190625 0.4248046875 0.05 0.083984375
0 0.5265625 0.4755859375 0.05 0.083984375
0 0.2046875 0.6171875 0.053125 0.08203125
0 0.5375 0.669921875 0.05 0.08203125
0 0.215625 0.8076171875 0.053125 0.083984375
0 0.61015625 0.0751953125 0.0515625 0.083984375
0 0.259375 0.6083984375 0.05 0.083984375
0 0.075 0.345703125 0.05 0.08203125
0 0.41484375 0.4912109375 0.0515625 0.083984375
0 0.6234375 0.267578125 0.05 0.08203125
0 0.17734375 0.2353515625 0.0515625 0.083984375
0 0.184375 0.328125 0.05 0.08203125
0 0.2796875 0.1220703125 0.05 0.083984375
0 0.4640625 0.3857421875 0.053125 0.080078125
0 0.36015625 0.4990234375 0.0515625 0.080078125
0 0.53203125 0.5732421875 0.0515625 0.083984375
0 0.0828125 0.4384765625 0.05 0.083984375
0 0.37890625 0.7880859375 0.0515625 0.083984375
0 0.50625 0.1884765625 0.05 0.083984375
0 0.19609375 0.5205078125 0.0515625 0.083984375
0 0.15 0.6220703125 0.05 0.083984375
0 0.0875 0.5361328125 0.05 0.083984375
0 0.615625 0.1708984375 0.05 0.080078125
0 0.40859375 0.3935546875 0.0515625 0.083984375
0 0.62890625 0.3642578125 0.0515625 0.083984375
0 0.3359375 0.1142578125 0.05 0.080078125
0 0.171875 0.1376953125 0.05 0.083984375
0 0.13125 0.3369140625 0.05 0.083984375
0 0.390625 0.1064453125 0.05 0.083984375
0 0.3 0.4091796875 0.05 0.083984375
0 0.29296875 0.3125 0.0515625 0.08203125
0 0.63515625 0.4619140625 0.0515625 0.083984375
0 0.45859375 0.2919921875 0.0515625 0.083984375
0 0.4890625 0.7724609375 0.05 0.083984375
0 0.06171875 0.1533203125 0.0515625 0.083984375
0 0.5 0.0908203125 0.05 0.083984375
0 0.1421875 0.52734375 0.05 0.08203125
0 0.5859375 0.5634765625 0.05 0.083984375
0 0.3546875 0.4033203125 0.05 0.083984375
0 0.428125 0.6806640625 0.053125 0.083984375
0 0.6 0.7587890625 0.053125 0.083984375
0 0.325 0.7919921875 0.05 0.083984375
0 0.34140625 0.2099609375 0.0515625 0.083984375
0 0.434375 0.7783203125 0.05 0.083984375
0 0.365625 0.5927734375 0.05 0.083984375
0 0.21015625 0.7099609375 0.0515625 0.083984375
0 0.10078125 0.7255859375 0.0515625 0.083984375
0 0.56171875 0.1787109375 0.0515625 0.083984375
0 0.1359375 0.4345703125 0.05 0.083984375
0 0.5453125 0.765625 0.05 0.08203125
0 0.31875 0.6982421875 0.05 0.080078125
0 0.6484375 0.65234375 0.053125 0.08203125
0 0.23203125 0.2275390625 0.0515625 0.080078125
0 0.3734375 0.6904296875 0.05 0.083984375
0 0.2703125 0.7998046875 0.05 0.080078125
0 0.478125 0.5791015625 0.05 0.083984375
0 0.64296875 0.556640625 0.0515625 0.08203125
0 0.10625 0.8203125 0.05 0.08203125
0 0.44375 0.0966796875 0.05 0.083984375
0 0.1609375 0.81640625 0.05 0.08203125
0 0.06875 0.248046875 0.05 0.08203125
0 0.1234375 0.2392578125 0.05 0.083984375
0 0.22421875 0.130859375 0.0515625 0.08203125
0 0.246875 0.4189453125 0.05 0.083984375
0 0.346875 0.3056640625 0.05 0.083984375
0 0.45078125 0.1943359375 0.0515625 0.083984375
0 0.1546875 0.71875 0.05 0.08203125
0 0.5546875 0.0810546875 0.05 0.083984375
0 0.58046875 0.4658203125 0.0515625 0.083984375
0 0.4703125 0.4833984375 0.05 0.080078125
0 0.23984375 0.3212890625 0.0515625 0.083984375
0 0.115625 0.1474609375 0.05 0.083984375
0 0.6546875 0.75 0.05 0.08203125
0 0.265625 0.703125 0.05 0.08203125
