0 0.46484375 0.2685546875 0.0390625 0.048828125
0 0.33671875 0.2822265625 0.0390625 0.048828125
0 0.56171875 0.0791015625 0.0390625 0.048828125
0 0.32578125 0.2236328125 0.0390625 0.048828125
0 0.49765625 0.2041015625 0.0390625 0.048828125
0 0.50234375 0.5009765625 0.0390625 0.048828125
0 0.37421875 0.5185546875 0.0390625 0.048828125
0 0.58671875 0.4892578125 0.0390625 0.048828125
0 0.31171875 0.4072265625 0.0390625 0.048828125
0 0.26484375 0.1103515625 0.0390625 0.048828125
0 0.36484375 0.4599609375 0.0390625 0.048828125
0 0.40234375 0.1552734375 0.0390625 0.048828125
0 0.38359375 0.5791015625 0.0390625 0.048828125
0 0.48828125 0.6845703125 0.0390625 0.048828125
0 0.59140625 0.2529296875 0.0390625 0.048828125
0 0.45078125 0.4482421875 0.0390625 0.048828125
0 0.53046875 0.1416015625 0.0390625 0.048828125
0 0.36015625 0.1611328125 0.0390625 0.048828125
0 0.27421875 0.1708984375 0.0390625 0.048828125
0 0.53515625 0.4365234375 0.0390625 0.048828125
0 0.34921875 0.6435546875 0.0390625 0.048828125
0 0.35859375 0.7041015625 0.0390625 0.048828125
0 0.56796875 0.3740234375 0.0390625 0.048828125
0 0.34609375 0.3427734375 0.0390625 0.048828125
0 0.39765625 0.3955078125 0.0390625 0.048828125
0 0.56328125 0.6123046875 0.0390625 0.048828125
0 0.44140625 0.3896484375 0.0390625 0.048828125
0 0.46953125 0.5654296875 0.0390625 0.048828125
0 0.41171875 0.2138671875 0.0390625 0.048828125
0 0.60078125 0.3095703125 0.0390625 0.048828125
0 0.59609375 0.5478515625 0.0390625 0.048828125
0 0.47421875 0.3251953125 0.0390625 0.048828125
0 0.30234375 0.3466796875 0.0390625 0.048828125
0 0.51171875 0.5595703125 0.0390625 0.048828125
0 0.51640625 0.3212890625 0.0390625 0.048828125
0 0.47890625 0.6259765625 0.0390625 0.048828125
0 0.43671875 0.6318359375 0.0390625 0.048828125
0 0.39296875 0.0966796875 0.0390625 0.048828125
0 0.40703125 0.4541015625 0.0390625 0.048828125
0 0.55859375 0.3154296875 0.0390625 0.048828125
0 0.32109375 0.4658203125 0.0390625 0.048828125
0 0.41640625 0.5126953125 0.0390625 0.048828125
0 0.43046875 0.3310546875 0.0390625 0.048828125
0 0.57421875 0.6708984375 0.0390625 0.048828125
0 0.46015625 0.5068359375 0.0390625 0.048828125
0 0.52578125 0.3779296875 0.0390625 0.048828125
0 0.55390625 0.5537109375 0.0390625 0.048828125
0 0.62890625 0.4833984375 0.0390625 0.048828125
0 0.42578125 0.5712890625 0.0390625 0.048828125
0 0.40234375 0.6982421875 0.0390625 0.048828125
0 0.65859375 0.6591796875 0.0390625 0.048828125
0 0.61953125 0.4267578125 0.0390625 0.048828125
0 0.53984375 0.2001953125 0.0390625 0.048828125
0 0.38828125 0.3369140625 0.0390625 0.048828125
0 0.48828125 0.1455078125 0.0390625 0.048828125
0 0.43671875 0.0927734375 0.0390625 0.048828125
0 0.63828125 0.5419921875 0.0390625 0.048828125
0 0.35078125 0.1025390625 0.0390625 0.048828125
0 0.64765625 0.6005859375 0.0390625 0.048828125
0 0.54921875 0.2568359375 0.0390625 0.048828125
0 0.33984375 0.5849609375 0.0390625 0.048828125
0 0.37890625 0.2783203125 0.0390625 0.048828125
0 0.44609375 0.6904296875 0.0390625 0.048828125
0 0.50703125 0.2626953125 0.0390625 0.048828125
0 0.61640625 0.6650390625 0.0328125 0.048828125
0 0.57265625 0.1376953125 0.0390625 0.048828125
0 0.39296875 0.6376953125 0.0390625 0.048828125
0 0.60546875 0.6064453125 0.0390625 0.048828125
0 0.36953125 0.2197265625 0.0390625 0.048828125
0 0.57734375 0.4306640625 0.0390625 0.048828125
0 0.49296875 0.4423828125 0.0390625 0.048828125
0 0.45546875 0.2099609375 0.0390625 0.048828125
0 0.53203125 0.6787109375 0.0390625 0.048828125
0 0.35546875 0.4013671875 0.0390625 0.048828125
0 0.47890625 0.0888671875 0.0390625 0.048828125
0 0.61015625 0.3681640625 0.0390625 0.048828125
0 0.29296875 0.2880859375 0.0390625 0.048828125
0 0.42265625 0.2724609375 0.0390625 0.048828125
0 0.52109375 0.0830078125 0.0390625 0.048828125
0 0.54453125 0.4951171875 0.0390625 0.048828125
0 0.31640625 0.1650390625 0.0390625 0.048828125
0 0.30703125 0.1064453125 0.0390625 0.048828125
0 0.52109375 0.6181640625 0.0390625 0.048828125
0 0.28203125 0.2294921875 0.0390625 0.048828125
0 0.44609375 0.1513671875 0.0390625 0.048828125
0 0.58046875 0.1943359375 0.0390625 0.048828125
0 0.48359375 0.3837890625 0.0390625 0.048828125
0 0.33046875 0.5244140625 0.0390625 0.048828125
