0 0.5484375 0.3720703125 0.040625 0.048828125
0 0.61171875 0.3466796875 0.0390625 0.048828125
0 0.6328125 0.4248046875 0.040625 0.048828125
0 0.634375 0.2958984375 0.040625 0.048828125
0 0.696875 0.267578125 0.040625 0.046875
0 0.5046875 0.7353515625 0.040625 0.048828125
0 0.4859375 0.396484375 0.040625 0.046875
0 0.7796875 0.4501953125 0.040625 0.048828125
0 0.79921875 0.5263671875 0.0390625 0.048828125
0 0.56875 0.4501953125 0.0375 0.048828125
0 0.6953125 0.3984375 0.040625 0.05078125
0 0.52890625 0.29296875 0.0390625 0.05078125
0 0.484375 0.5263671875 0.040625 0.048828125
0 0.62890625 0.8125 0.0390625 0.046875
0 0.609375 0.4755859375 0.040625 0.048828125
0 0.7140625 0.4755859375 0.040625 0.048828125
0 0.5875 0.7841796875 0.0375 0.048828125
0 0.5890625 0.6552734375 0.040625 0.048828125
0 0.609375 0.7333984375 0.040625 0.048828125
0 0.67265625 0.7080078125 0.0390625 0.048828125
0 0.546875 0.5009765625 0.040625 0.048828125
0 0.78125 0.3193359375 0.040625 0.048828125
0 0.55078125 0.2412109375 0.0390625 0.048828125
0 0.75625 0.6298828125 0.040625 0.048828125
0 0.42109375 0.681640625 0.0390625 0.05078125
0 0.6515625 0.5009765625 0.040625 0.048828125
0 0.8453125 0.29296875 0.0375 0.05078125
0 0.5296875 0.4248046875 0.040625 0.048828125
0 0.5734375 0.1904296875 0.040625 0.048828125
0 0.63046875 0.552734375 0.0390625 0.05078125
0 0.71640625 0.345703125 0.0390625 0.046875
0 0.50625 0.4755859375 0.0375 0.048828125
0 0.67421875 0.3193359375 0.0390625 0.048828125
0 0.42109375 0.552734375 0.0390625 0.05078125
0 0.615625 0.2158203125 0.040625 0.048828125
0 0.5921875 0.26953125 0.040625 0.05078125
0 0.59453125 0.1376953125 0.0390625 0.048828125
0 0.52578125 0.681640625 0.0390625 0.05078125
0 0.571875 0.3203125 0.040625 0.046875
0 0.69140625 0.7841796875 0.0390625 0.048828125
0 0.4421875 0.6298828125 0.040625 0.048828125
0 0.38125 0.6552734375 0.040625 0.048828125
0 0.56796875 0.7080078125 0.0390625 0.048828125
0 0.50703125 0.6044921875 0.0390625 0.048828125
0 0.6515625 0.6298828125 0.040625 0.048828125
0 0.7359375 0.552734375 0.0375 0.05078125
0 0.65078125 0.7587890625 0.0390625 0.048828125
0 0.46328125 0.7080078125 0.0390625 0.048828125
0 0.546875 0.7587890625 0.040625 0.048828125
0 0.76015625 0.2412109375 0.0390625 0.048828125
0 0.653125 0.3720703125 0.040625 0.048828125
0 0.69375 0.5263671875 0.040625 0.048828125
0 0.86328125 0.3720703125 0.0390625 0.048828125
0 0.4671875 0.4501953125 0.040625 0.048828125
0 0.63046875 0.681640625 0.0390625 0.05078125
0 0.759375 0.3720703125 0.0375 0.048828125
0 0.56796875 0.5791015625 0.0390625 0.048828125
0 0.8421875 0.423828125 0.040625 0.046875
0 0.67265625 0.4501953125 0.0390625 0.048828125
0 0.5890625 0.5263671875 0.040625 0.048828125
0 0.5921875 0.396484375 0.040625 0.046875
0 0.69375 0.6552734375 0.040625 0.048828125
0 0.8 0.3984375 0.040625 0.05078125
0 0.67734375 0.19140625 0.0390625 0.046875
0 0.6703125 0.8369140625 0.040625 0.048828125
0 0.6734375 0.5791015625 0.0375 0.048828125
0 0.7375 0.423828125 0.040625 0.046875
0 0.71796875 0.2158203125 0.0390625 0.048828125
0 0.6359375 0.1640625 0.040625 0.05078125
0 0.44296875 0.5009765625 0.0390625 0.048828125
0 0.7140625 0.6044921875 0.040625 0.048828125
0 0.82109375 0.4755859375 0.0390625 0.048828125
0 0.48515625 0.6552734375 0.0390625 0.048828125
0 0.65546875 0.2412109375 0.0390625 0.048828125
0 0.7578125 0.5 0.040625 0.046875
0 0.52578125 0.552734375 0.0390625 0.05078125
0 0.71328125 0.7333984375 0.0390625 0.048828125
0 0.609375 0.6044921875 0.040625 0.048828125
0 0.73515625 0.681640625 0.0390625 0.05078125
0 0.46328125 0.5791015625 0.0390625 0.048828125
0 0.4 0.6044921875 0.040625 0.048828125
0 0.546875 0.6298828125 0.040625 0.048828125
0 0.80234375 0.267578125 0.0390625 0.046875
0 0.7390625 0.2958984375 0.040625 0.048828125
0 0.77734375 0.578125 0.0390625 0.046875
0 0.8859375 0.3193359375 0.040625 0.048828125
0 0.821875 0.345703125 0.0375 0.046875
0 0.50703125 0.3466796875 0.0390625 0.048828125
