0 0.31171875 0.2626953125 0.0390625 0.048828125
0 0.29921875 0.5302734375 0.0390625 0.048828125
0 0.26328125 0.4189453125 0.0390625 0.048828125
0 0.34765625 0.3740234375 0.0390625 0.048828125
0 0.23828125 0.4970703125 0.0390625 0.048828125
0 0.28828125 0.3408203125 0.0390625 0.048828125
0 0.32421875 0.4521484375 0.0390625 0.048828125
0 0.53671875 0.3369140625 0.0390625 0.048828125
0 0.51171875 0.4150390625 0.0390625 0.048828125
0 0.48671875 0.4951171875 0.0390625 0.048828125
0 0.70390625 0.3779296875 0.0390625 0.048828125
0 0.27421875 0.6083984375 0.0390625 0.048828125
0 0.59765625 0.3681640625 0.0390625 0.048828125
0 0.65234375 0.5380859375 0.0390625 0.048828125
0 0.30859375 0.7197265625 0.0390625 0.048828125
0 0.22734375 0.3095703125 0.0390625 0.048828125
0 0.37265625 0.2958984375 0.0390625 0.048828125
0 0.46171875 0.5732421875 0.0390625 0.048828125
0 0.62421875 0.2880859375 0.0390625 0.048828125
0 0.64140625 0.3447265625 0.0390625 0.048828125
0 0.24609375 0.3642578125 0.0390625 0.048828125
0 0.53046875 0.4716796875 0.0390625 0.048828125
0 0.59140625 0.5029296875 0.0390625 0.048828125
0 0.33515625 0.6416015625 0.0390625 0.048828125
0 0.57265625 0.4482421875 0.0390625 0.048828125
0 0.56171875 0.2568359375 0.0390625 0.048828125
0 0.67890625 0.4580078125 0.0390625 0.048828125
0 0.35859375 0.5634765625 0.0390625 0.048828125
0 0.48046875 0.6279296875 0.0390625 0.048828125
0 0.40859375 0.4052734375 0.0390625 0.048828125
0 0.38359375 0.4853515625 0.0390625 0.048828125
0 0.43671875 0.6513671875 0.0390625 0.048828125
0 0.50546875 0.5498046875 0.0390625 0.048828125
0 0.66015625 0.4013671875 0.0390625 0.048828125
0 0.61640625 0.4248046875 0.0390625 0.048828125
0 0.68515625 0.3212890625 0.0390625 0.048828125
0 0.52265625 0.6064453125 0.0390625 0.048828125
0 0.55546875 0.3916015625 0.0390625 0.048828125
0 0.43359375 0.3271484375 0.0390625 0.048828125
0 0.26953125 0.2861328125 0.0390625 0.048828125
0 0.61328125 0.0966796875 0.0390625 0.048828125
0 0.44453125 0.5166015625 0.0390625 0.048828125
0 0.18515625 0.3310546875 0.0390625 0.048828125
0 0.45703125 0.2490234375 0.0390625 0.048828125
0 0.41953125 0.5947265625 0.0390625 0.048828125
0 0.56640625 0.5830078125 0.0390625 0.048828125
0 0.39765625 0.2158203125 0.0390625 0.048828125
0 0.54765625 0.5263671875 0.0390625 0.048828125
0 0.51796875 0.2802734375 0.0390625 0.048828125
0 0.72265625 0.4345703125 0.0390625 0.048828125
0 0.46953125 0.4384765625 0.0390625 0.048828125
0 0.20390625 0.3876953125 0.0390625 0.048828125
0 0.58046875 0.3134765625 0.0390625 0.048828125
0 0.64921875 0.2080078125 0.0390625 0.048828125
0 0.58671875 0.1767578125 0.0390625 0.048828125
0 0.52578125 0.1435546875 0.0390625 0.048828125
0 0.54453125 0.2001953125 0.0390625 0.048828125
0 0.63515625 0.4814453125 0.0390625 0.048828125
0 0.22109375 0.4423828125 0.0390625 0.048828125
0 0.49453125 0.3603515625 0.0390625 0.048828125
0 0.39453125 0.6748046875 0.0390625 0.048828125
0 0.48203125 0.1689453125 0.0390625 0.048828125
0 0.74140625 0.4912109375 0.0390625 0.048828125
0 0.45078125 0.3837890625 0.0390625 0.048828125
0 0.50078125 0.2236328125 0.0390625 0.048828125
0 0.69609375 0.5126953125 0.0390625 0.048828125
0 0.60859375 0.5595703125 0.0390625 0.048828125
0 0.40078125 0.5400390625 0.0390625 0.048828125
0 0.60546875 0.2333984375 0.0390625 0.048828125
0 0.42734375 0.4619140625 0.0390625 0.048828125
0 0.47578125 0.3037109375 0.0390625 0.048828125
0 0.39140625 0.3505859375 0.0390625 0.048828125
0 0.41484375 0.2724609375 0.0390625 0.048828125
0 0.34140625 0.5068359375 0.0390625 0.048828125
0 0.66640625 0.2646484375 0.0390625 0.048828125
0 0.35390625 0.2392578125 0.0390625 0.048828125
0 0.36640625 0.4287109375 0.0390625 0.048828125
0 0.37734375 0.6181640625 0.0390625 0.048828125
0 0.63046875 0.1533203125 0.0390625 0.048828125
0 0.33046875 0.3193359375 0.0390625 0.048828125
0 0.31640625 0.5849609375 0.0390625 0.048828125
0 0.43984375 0.1923828125 0.0390625 0.048828125
0 0.35234375 0.6962890625 0.0390625 0.048828125
0 0.56953125 0.1201171875 0.0390625 0.048828125
0 0.30546875 0.3974609375 0.0390625 0.048828125
0 0.29140625 0.6630859375 0.0390625 0.048828125
0 0.28203125 0.4755859375 0.0390625 0.048828125
0 0.25703125 0.5537109375 0.0390625 0.048828125
