0 0.56015625 0.5732421875 0.0390625 0.048828125
0 0.19921875 0.6142578125 0.0390625 0.048828125
0 0.47734375 0.4521484375 0.0390625 0.048828125
0 0.43671875 0.3896484375 0.0390625 0.048828125
0 0.38671875 0.5048828125 0.0390625 0.048828125
0 0.21171875 0.3759765625 0.0390625 0.048828125
0 0.43828125 0.3291015625 0.0390625 0.048828125
0 0.56328125 0.5146484375 0.0390625 0.048828125
0 0.47421875 0.5107421875 0.0390625 0.048828125
0 0.33828125 0.5615234375 0.0390625 0.048828125
0 0.16484375 0.3720703125 0.0390625 0.048828125
0 0.39140625 0.3876953125 0.0390625 0.048828125
0 0.46640625 0.6865234375 0.0390625 0.048828125
0 0.34921875 0.3251953125 0.0390625 0.048828125
0 0.33515625 0.6201171875 0.0390625 0.048828125
0 0.15078125 0.6708984375 0.0390625 0.048828125
0 0.28671875 0.6787109375 0.0390625 0.048828125
0 0.25078125 0.4970703125 0.0390625 0.048828125
0 0.60390625 0.5771484375 0.0390625 0.048828125
0 0.47265625 0.5693359375 0.0390625 0.048828125
0 0.55078125 0.7509765625 0.0390625 0.048828125
0 0.34765625 0.3837890625 0.0390625 0.048828125
0 0.38046875 0.6240234375 0.0390625 0.048828125
0 0.25390625 0.4384765625 0.0390625 0.048828125
0 0.24765625 0.5576171875 0.0390625 0.048828125
0 0.61171875 0.3994140625 0.0390625 0.048828125
0 0.37421875 0.7412109375 0.0390625 0.048828125
0 0.29921875 0.4404296875 0.0390625 0.048828125
0 0.51640625 0.5712890625 0.0390625 0.048828125
0 0.42265625 0.6845703125 0.0390625 0.048828125
0 0.38984375 0.4462890625 0.0390625 0.048828125
0 0.42734375 0.5654296875 0.0390625 0.048828125
0 0.29140625 0.6181640625 0.0390625 0.048828125
0 0.61484375 0.3408203125 0.0390625 0.048828125
0 0.19609375 0.6748046875 0.0390625 0.048828125
0 0.51953125 0.5126953125 0.0390625 0.048828125
0 0.38359375 0.5634765625 0.0390625 0.048828125
0 0.52421875 0.3955078125 0.0390625 0.048828125
0 0.39453125 0.3271484375 0.0390625 0.048828125
0 0.20546875 0.4951171875 0.0390625 0.048828125
0 0.42578125 0.6259765625 0.0390625 0.048828125
0 0.29453125 0.5595703125 0.0390625 0.048828125
0 0.25859375 0.3173828125 0.0390625 0.048828125
0 0.20859375 0.4345703125 0.0390625 0.048828125
0 0.46328125 0.7451171875 0.0390625 0.048828125
0 0.16171875 0.4326171875 0.0390625 0.048828125
0 0.52109375 0.4541015625 0.0390625 0.048828125
0 0.29609375 0.4990234375 0.0390625 0.048828125
0 0.60078125 0.6357421875 0.0390625 0.048828125
0 0.37734375 0.6826171875 0.0390625 0.048828125
0 0.48046875 0.3916015625 0.0390625 0.048828125
0 0.51015625 0.6884765625 0.0390625 0.048828125
0 0.57109375 0.3388671875 0.0390625 0.048828125
0 0.52734375 0.3349609375 0.0390625 0.048828125
0 0.21328125 0.3154296875 0.0390625 0.048828125
0 0.51328125 0.6298828125 0.0390625 0.048828125
0 0.30234375 0.3818359375 0.0390625 0.048828125
0 0.19296875 0.7333984375 0.0390625 0.048828125
0 0.48359375 0.3330078125 0.0390625 0.048828125
0 0.16015625 0.4931640625 0.0390625 0.048828125
0 0.43359375 0.4482421875 0.0390625 0.048828125
0 0.25703125 0.3779296875 0.0390625 0.048828125
0 0.23828125 0.7353515625 0.0390625 0.048828125
0 0.60703125 0.5185546875 0.0390625 0.048828125
0 0.16796875 0.3115234375 0.0390625 0.048828125
0 0.14765625 0.7314453125 0.0390625 0.048828125
0 0.59765625 0.6943359375 0.0390625 0.048828125
0 0.56484375 0.4560546875 0.0390625 0.048828125
0 0.34140625 0.5029296875 0.0390625 0.048828125
0 0.50703125 0.7470703125 0.0390625 0.048828125
0 0.30390625 0.3212890625 0.0390625 0.048828125
0 0.20234375 0.5537109375 0.0390625 0.048828125
0 0.24609375 0.6162109375 0.0390625 0.048828125
0 0.55390625 0.6904296875 0.0390625 0.048828125
0 0.59453125 0.7529296875 0.0390625 0.048828125
0 0.60859375 0.4580078125 0.0390625 0.048828125
0 0.46953125 0.6279296875 0.0390625 0.048828125
0 0.24296875 0.6767578125 0.0390625 0.048828125
0 0.15390625 0.6123046875 0.0390625 0.048828125
0 0.32890625 0.7392578125 0.0390625 0.048828125
0 0.15703125 0.5517578125 0.0390625 0.048828125
0 0.56796875 0.3974609375 0.0390625 0.048828125
0 0.28515625 0.7373046875 0.0390625 0.048828125
0 0.55703125 0.6318359375 0.0390625 0.048828125
0 0.43046875 0.5068359375 0.0390625 0.048828125
0 0.34453125 0.4443359375 0.0390625 0.048828125
0 0.33203125 0.6806640625 0.0390625 0.048828125
0 0.41953125 0.7431640625 0.0390625 0.048828125
