0 0.2546875 0.3115234375 0.04375 0.056640625
0 0.58671875 0.5712890625 0.0421875 0.056640625
0 0.48828125 0.5205078125 0.0421875 0.056640625
0 0.2953125 0.16796875 0.04375 0.05859375
0 0.14140625 0.501953125 0.0421875 0.05859375
0 0.203125 0.283203125 0.04375 0.05859375
0 0.45 0.662109375 0.04375 0.05859375
0 0.41875 0.564453125 0.04375 0.05859375
0 0.365625 0.123046875 0.04375 0.05859375
0 0.5578125 0.474609375 0.04375 0.05859375
0 0.3796875 0.708984375 0.04375 0.05859375
0 0.3484375 0.6083984375 0.04375 0.056640625
0 0.6265625 0.431640625 0.04375 0.05859375
0 0.24296875 0.1376953125 0.0421875 0.056640625
0 0.30703125 0.33984375 0.0421875 0.05859375
0 0.1828125 0.35546875 0.04375 0.05859375
0 0.40859375 0.39453125 0.0421875 0.05859375
0 0.2984375 0.5830078125 0.04375 0.056640625
0 0.0890625 0.474609375 0.04375 0.05859375
0 0.64375 0.3603515625 0.04375 0.056640625
0 0.13125 0.328125 0.04375 0.05859375
0 0.51953125 0.6171875 0.0421875 0.05859375
0 0.478125 0.3486328125 0.04375 0.056640625
0 0.5 0.6875 0.04375 0.05859375
0 0.215625 0.455078125 0.04375 0.05859375
0 0.3359375 0.4375 0.04375 0.05859375
0 0.17421875 0.6015625 0.0421875 0.05859375
0 0.50703125 0.4482421875 0.0421875 0.056640625
0 0.32578125 0.265625 0.0421875 0.05859375
0 0.546875 0.306640625 0.04375 0.05859375
0 0.65625 0.52734375 0.04375 0.05859375
0 0.43828125 0.4921875 0.0421875 0.05859375
0 0.446875 0.251953125 0.04375 0.05859375
0 0.38828125 0.46484375 0.0421875 0.05859375
0 0.69375 0.388671875 0.04375 0.05859375
0 0.5765625 0.404296875 0.04375 0.05859375
0 0.221875 0.208984375 0.04375 0.05859375
0 0.4796875 0.76171875 0.04375 0.05859375
0 0.5265625 0.376953125 0.04375 0.05859375
0 0.6140625 0.2626953125 0.04375 0.056640625
0 0.27734375 0.6552734375 0.0421875 0.056640625
0 0.61796875 0.6689453125 0.0421875 0.056640625
0 0.63671875 0.599609375 0.0421875 0.05859375
0 0.396875 0.2236328125 0.04375 0.056640625
0 0.36875 0.537109375 0.04375 0.05859375
0 0.5296875 0.787109375 0.04375 0.05859375
0 0.4 0.63671875 0.04375 0.05859375
0 0.265625 0.4833984375 0.04375 0.056640625
0 0.7125 0.31640625 0.04375 0.05859375
0 0.22578125 0.626953125 0.0421875 0.05859375
0 0.2859375 0.4111328125 0.04375 0.056640625
0 0.515625 0.20703125 0.04375 0.05859375
0 0.53828125 0.5458984375 0.0421875 0.056640625
0 0.37578125 0.294921875 0.0421875 0.05859375
0 0.3296875 0.6806640625 0.04375 0.056640625
0 0.16171875 0.427734375 0.0421875 0.05859375
0 0.60546875 0.501953125 0.0421875 0.05859375
0 0.1203125 0.57421875 0.04375 0.05859375
0 0.3140625 0.09375 0.04375 0.05859375
0 0.459375 0.4208984375 0.04375 0.056640625
0 0.5484375 0.71484375 0.04375 0.05859375
0 0.496875 0.279296875 0.04375 0.05859375
0 0.5953125 0.33203125 0.04375 0.05859375
0 0.5984375 0.740234375 0.04375 0.05859375
0 0.428125 0.3232421875 0.04375 0.056640625
0 0.3171875 0.51171875 0.04375 0.05859375
0 0.465625 0.1796875 0.04375 0.05859375
0 0.21015625 0.03515625 0.0421875 0.05859375
0 0.1703125 0.181640625 0.04375 0.05859375
0 0.19453125 0.52734375 0.0421875 0.05859375
0 0.19140625 0.109375 0.0421875 0.05859375
0 0.43125 0.734375 0.04375 0.05859375
0 0.11015625 0.400390625 0.0421875 0.05859375
0 0.2625 0.0654296875 0.04375 0.056640625
0 0.46953125 0.58984375 0.0421875 0.05859375
0 0.246875 0.5546875 0.04375 0.05859375
0 0.6625 0.2861328125 0.04375 0.056640625
0 0.27578125 0.240234375 0.0421875 0.05859375
0 0.06875 0.548828125 0.04375 0.05859375
0 0.234375 0.3837890625 0.04375 0.056640625
0 0.5796875 0.8125 0.04375 0.05859375
0 0.35703125 0.3671875 0.0421875 0.05859375
0 0.415625 0.1513671875 0.04375 0.056640625
0 0.1515625 0.255859375 0.04375 0.05859375
0 0.56953125 0.6435546875 0.0421875 0.056640625
0 0.346875 0.1953125 0.04375 0.05859375
0 0.675 0.4580078125 0.04375 0.056640625
0 0.565625 0.234375 0.04375 0.05859375
