0 0.46015625 0.30859375 0.0578125 0.05859375
0 0.28359375 0.333984375 0.0578125 0.05859375
0 0.58515625 0.0859375 0.0578125 0.05859375
0 0.2640625 0.267578125 0.05625 0.05859375
0 0.50078125 0.234375 0.0578125 0.05859375
0 0.52578125 0.572265625 0.0578125 0.05859375
0 0.34765625 0.599609375 0.0546875 0.05859375
0 0.63984375 0.552734375 0.0578125 0.05859375
0 0.253125 0.4765625 0.05625 0.05859375
0 0.17421875 0.140625 0.0578125 0.05859375
0 0.33203125 0.5341796875 0.0578125 0.056640625
0 0.36796875 0.18359375 0.0578125 0.05859375
0 0.36328125 0.669921875 0.0546875 0.05859375
0 0.51484375 0.78125 0.0578125 0.05859375
0 0.634375 0.28125 0.05625 0.05859375
0 0.44921875 0.515625 0.0578125 0.05859375
0 0.54453125 0.1591796875 0.0578125 0.056640625
0 0.3078125 0.1953125 0.05625 0.05859375
0 0.190625 0.2109375 0.05625 0.05859375
0 0.56640625 0.49609375 0.0578125 0.05859375
0 0.31875 0.74609375 0.05625 0.05859375
0 0.33515625 0.8125 0.0578125 0.05859375
0 0.61015625 0.421875 0.0578125 0.05859375
0 0.29921875 0.40234375 0.0578125 0.05859375
0 0.37265625 0.45703125 0.0578125 0.05859375
0 0.61484375 0.6953125 0.0578125 0.05859375
0 0.4328125 0.44921875 0.05625 0.05859375
0 0.48203125 0.6474609375 0.0578125 0.060546875
0 0.38359375 0.25 0.0578125 0.05859375
0 0.65078125 0.345703125 0.0578125 0.05859375
0 0.65625 0.619140625 0.05625 0.05859375
0 0.4765625 0.373046875 0.05625 0.05859375
0 0.23828125 0.41015625 0.0546875 0.05859375
0 0.53984375 0.638671875 0.0546875 0.05859375
0 0.53359375 0.365234375 0.0578125 0.05859375
0 0.4984375 0.7158203125 0.05625 0.056640625
0 0.44140625 0.7265625 0.0578125 0.05859375
0 0.3515625 0.1181640625 0.05625 0.056640625
0 0.3890625 0.525390625 0.05625 0.05859375
0 0.59375 0.357421875 0.05625 0.05859375
0 0.26953125 0.544921875 0.0578125 0.05859375
0 0.40546875 0.591796875 0.0578125 0.05859375
0 0.41640625 0.3828125 0.0578125 0.05859375
0 0.634375 0.7607421875 0.05625 0.056640625
0 0.465625 0.580078125 0.05625 0.05859375
0 0.55 0.4296875 0.05625 0.05859375
0 0.59921875 0.6279296875 0.0578125 0.060546875
0 0.69921875 0.544921875 0.0578125 0.05859375
0 0.421875 0.6572265625 0.05625 0.056640625
0 0.39453125 0.8046875 0.0578125 0.05859375
0 0.7484375 0.7421875 0.05625 0.05859375
0 0.68359375 0.48046875 0.0578125 0.05859375
0 0.5609375 0.224609375 0.05625 0.05859375
0 0.35703125 0.392578125 0.0578125 0.05859375
0 0.484375 0.166015625 0.05625 0.05859375
0 0.4109375 0.111328125 0.05625 0.05859375
0 0.715625 0.6083984375 0.05625 0.060546875
0 0.29140625 0.126953125 0.0578125 0.05859375
0 0.73203125 0.67578125 0.0578125 0.05859375
0 0.57734375 0.2890625 0.0578125 0.05859375
0 0.30234375 0.677734375 0.0578125 0.05859375
0 0.340625 0.326171875 0.05625 0.05859375
0 0.45703125 0.79296875 0.0578125 0.05859375
0 0.5171875 0.2998046875 0.05625 0.056640625
0 0.69140625 0.75 0.0453125 0.05859375
0 0.6015625 0.15234375 0.05625 0.05859375
0 0.37890625 0.734375 0.0578125 0.05859375
0 0.67265625 0.68359375 0.0578125 0.05859375
0 0.32421875 0.259765625 0.0578125 0.05859375
0 0.62421875 0.4853515625 0.0546875 0.060546875
0 0.509375 0.5048828125 0.05625 0.060546875
0 0.44375 0.2421875 0.05625 0.05859375
0 0.57421875 0.7734375 0.0578125 0.05859375
0 0.315625 0.46875 0.05625 0.05859375
0 0.46953125 0.1015625 0.0546875 0.05859375
0 0.6671875 0.412109375 0.05625 0.05859375
0 0.2234375 0.3427734375 0.05625 0.060546875
0 0.4 0.318359375 0.05625 0.05859375
0 0.528125 0.09375 0.05625 0.05859375
0 0.5828125 0.5625 0.05625 0.0546875
0 0.24765625 0.2001953125 0.0578125 0.060546875
0 0.23125 0.13671875 0.05625 0.05859375
0 0.55546875 0.703125 0.0578125 0.05859375
0 0.2046875 0.275390625 0.05625 0.05859375
0 0.42734375 0.1767578125 0.0578125 0.056640625
0 0.61484375 0.216796875 0.0578125 0.05859375
0 0.49296875 0.439453125 0.0578125 0.0546875
0 0.2859375 0.611328125 0.05625 0.05859375
