0 0.51328125 0.4384765625 0.0390625 0.048828125
0 0.35859375 0.5498046875 0.0390625 0.048828125
0 0.37265625 0.7197265625 0.0390625 0.048828125
0 0.27421875 0.5791015625 0.0390625 0.048828125
0 0.40078125 0.5341796875 0.0390625 0.048828125
0 0.63828125 0.5126953125 0.0390625 0.048828125
0 0.34921875 0.7861328125 0.0390625 0.048828125
0 0.45859375 0.6904296875 0.0390625 0.048828125
0 0.60078125 0.4072265625 0.0390625 0.048828125
0 0.42578125 0.4677734375 0.0390625 0.048828125
0 0.55078125 0.5419921875 0.0390625 0.048828125
0 0.43515625 0.7568359375 0.0390625 0.048828125
0 0.61171875 0.5810546875 0.0390625 0.048828125
0 0.52578125 0.6103515625 0.0390625 0.048828125
0 0.64921875 0.6845703125 0.0390625 0.048828125
0 0.53828125 0.3701171875 0.0390625 0.048828125
0 0.44453125 0.5205078125 0.0390625 0.048828125
0 0.65703125 0.5654296875 0.0390625 0.048828125
0 0.48828125 0.5048828125 0.0390625 0.048828125
0 0.30234375 0.3935546875 0.0390625 0.048828125
0 0.55703125 0.4228515625 0.0390625 0.048828125
0 0.47578125 0.3310546875 0.0390625 0.048828125
0 0.56328125 0.7138671875 0.0390625 0.048828125
0 0.31640625 0.5654296875 0.0390625 0.048828125
0 0.64609375 0.3935546875 0.0390625 0.048828125
0 0.57578125 0.4755859375 0.0390625 0.048828125
0 0.17265625 0.4365234375 0.0390625 0.048828125
0 0.51953125 0.3173828125 0.0390625 0.048828125
0 0.25859375 0.4072265625 0.0390625 0.048828125
0 0.70078125 0.5517578125 0.0390625 0.048828125
0 0.43828125 0.6396484375 0.0390625 0.048828125
0 0.46328125 0.5732421875 0.0390625 0.048828125
0 0.45078125 0.3994140625 0.0390625 0.048828125
0 0.43203125 0.3466796875 0.0390625 0.048828125
0 0.41484375 0.7060546875 0.0390625 0.048828125
0 0.38828125 0.3623046875 0.0390625 0.048828125
0 0.50078125 0.6767578125 0.0390625 0.048828125
0 0.73828125 0.6552734375 0.0390625 0.048828125
0 0.61015625 0.2861328125 0.0390625 0.048828125
0 0.38359375 0.4833984375 0.0390625 0.048828125
0 0.54453125 0.6611328125 0.0390625 0.048828125
0 0.56484375 0.3017578125 0.0390625 0.048828125
0 0.67578125 0.6181640625 0.0390625 0.048828125
0 0.34453125 0.3779296875 0.0390625 0.048828125
0 0.53203125 0.4912109375 0.0390625 0.048828125
0 0.29765625 0.5126953125 0.0390625 0.048828125
0 0.58828125 0.6474609375 0.0390625 0.048828125
0 0.21640625 0.4228515625 0.0390625 0.048828125
0 0.46953125 0.4521484375 0.0390625 0.048828125
0 0.23203125 0.5947265625 0.0390625 0.048828125
0 0.50703125 0.5576171875 0.0390625 0.048828125
0 0.39609375 0.6533203125 0.0390625 0.048828125
0 0.48203125 0.6240234375 0.0390625 0.048828125
0 0.31171875 0.6826171875 0.0390625 0.048828125
0 0.33984375 0.4970703125 0.0390625 0.048828125
0 0.42109375 0.5869140625 0.0390625 0.048828125
0 0.56796875 0.5947265625 0.0390625 0.048828125
0 0.61953125 0.4599609375 0.0390625 0.048828125
0 0.36328125 0.4306640625 0.0390625 0.048828125
0 0.68203125 0.4970703125 0.0390625 0.048828125
0 0.19296875 0.4892578125 0.0390625 0.048828125
0 0.23515625 0.4755859375 0.0390625 0.048828125
0 0.69453125 0.6689453125 0.0390625 0.048828125
0 0.33515625 0.6162109375 0.0390625 0.048828125
0 0.33046875 0.7353515625 0.0390625 0.048828125
0 0.29296875 0.6318359375 0.0390625 0.048828125
0 0.21171875 0.5419921875 0.0390625 0.048828125
0 0.59453125 0.5283203125 0.0390625 0.048828125
0 0.71953125 0.6025390625 0.0390625 0.048828125
0 0.30859375 0.7998046875 0.0390625 0.048828125
0 0.66484375 0.4462890625 0.0390625 0.048828125
0 0.58359375 0.3544921875 0.0390625 0.048828125
0 0.49453125 0.3857421875 0.0390625 0.048828125
0 0.51953125 0.7275390625 0.0390625 0.048828125
0 0.37734375 0.6025390625 0.0390625 0.048828125
0 0.62734375 0.3388671875 0.0390625 0.048828125
0 0.27734375 0.4599609375 0.0390625 0.048828125
0 0.32109375 0.4462890625 0.0390625 0.048828125
0 0.60703125 0.6982421875 0.0390625 0.048828125
0 0.25078125 0.6455078125 0.0390625 0.048828125
0 0.40703125 0.4150390625 0.0390625 0.048828125
0 0.28984375 0.7490234375 0.0390625 0.048828125
0 0.47734375 0.7431640625 0.0390625 0.048828125
0 0.35390625 0.6689453125 0.0390625 0.048828125
0 0.63203125 0.6318359375 0.0390625 0.048828125
0 0.39296875 0.7724609375 0.0390625 0.048828125
0 0.25390625 0.5263671875 0.0390625 0.048828125
0 0.26953125 0.6982421875 0.0390625 0.048828125
