0 0.67265625 0.267578125 0.0578125 0.05859375
0 0.51484375 0.3232421875 0.0578125 0.060546875
0 0.48359375 0.4384765625 0.0578125 0.060546875
0 0.27265625 0.4072265625 0.0578125 0.060546875
0 0.6546875 0.5888671875 0.05625 0.060546875
0 0.446875 0.5576171875 0.05625 0.060546875
0 0.38984375 0.2646484375 0.0578125 0.060546875
0 0.25859375 0.205078125 0.0578125 0.05859375
0 0.6203125 0.7080078125 0.05625 0.060546875
0 0.31796875 0.494140625 0.0578125 0.05859375
0 0.1421875 0.3466796875 0.05625 0.060546875
0 0.54765625 0.2099609375 0.0578125 0.060546875
0 0.64140625 0.3837890625 0.0578125 0.060546875
0 0.42109375 0.1513671875 0.0578125 0.060546875
0 0.7375 0.2998046875 0.05625 0.060546875
0 0.79921875 0.3251953125 0.0578125 0.060546875
0 0.1296875 0.150390625 0.05 0.04296875
0 0.76953125 0.4443359375 0.0578125 0.060546875
0 0.29296875 0.0966796875 0.0578125 0.060546875
0 0.3 0.5517578125 0.05625 0.060546875
0 0.30703125 0.2919921875 0.0578125 0.060546875
0 0.16953125 0.4912109375 0.0578125 0.060546875
0 0.35546875 0.3779296875 0.0578125 0.060546875
0 0.25234375 0.462890625 0.0578125 0.05859375
0 0.12421875 0.4052734375 0.0578125 0.060546875
0 0.61171875 0.2392578125 0.0578125 0.060546875
0 0.16015625 0.2900390625 0.0578125 0.060546875
0 0.32578125 0.2333984375 0.0578125 0.060546875
0 0.23359375 0.5224609375 0.0578125 0.060546875
0 0.60859375 0.4990234375 0.0578125 0.060546875
0 0.78515625 0.3857421875 0.0578125 0.060546875
0 0.40078125 0.4677734375 0.0578125 0.060546875
0 0.575 0.6171875 0.05625 0.05859375
0 0.3640625 0.5849609375 0.05625 0.060546875
0 0.659375 0.3251953125 0.05625 0.060546875
0 0.70546875 0.4130859375 0.0578125 0.060546875
0 0.72109375 0.3544921875 0.0578125 0.060546875
0 0.57890625 0.3544921875 0.0578125 0.060546875
0 0.703125 0.6796875 0.05625 0.05859375
0 0.67265625 0.5302734375 0.0578125 0.060546875
0 0.19453125 0.1767578125 0.0578125 0.060546875
0 0.56328125 0.4091796875 0.0578125 0.060546875
0 0.6390625 0.6484375 0.05625 0.05859375
0 0.29140625 0.349609375 0.0578125 0.05859375
0 0.5953125 0.2939453125 0.05625 0.060546875
0 0.7375 0.5595703125 0.05625 0.060546875
0 0.6890625 0.47265625 0.05625 0.05859375
0 0.43515625 0.3525390625 0.0578125 0.060546875
0 0.3828125 0.525390625 0.05625 0.05859375
0 0.45390625 0.2939453125 0.0578125 0.060546875
0 0.18828125 0.4345703125 0.0578125 0.060546875
0 0.17890625 0.2333984375 0.0578125 0.060546875
0 0.146875 0.091796875 0.05625 0.05859375
0 0.4921875 0.6455078125 0.05625 0.060546875
0 0.41953125 0.4091796875 0.0578125 0.060546875
0 0.40546875 0.2099609375 0.0578125 0.060546875
0 0.54453125 0.4697265625 0.0578125 0.060546875
0 0.20625 0.3759765625 0.05625 0.060546875
0 0.5109375 0.5849609375 0.05625 0.060546875
0 0.753125 0.5009765625 0.05625 0.060546875
0 0.05546875 0.3759765625 0.0578125 0.060546875
0 0.37109375 0.3212890625 0.0578125 0.060546875
0 0.103125 0.462890625 0.05625 0.05859375
0 0.52890625 0.5283203125 0.0578125 0.060546875
0 0.53125 0.2646484375 0.05625 0.060546875
0 0.22421875 0.318359375 0.0578125 0.05859375
0 0.33671875 0.4365234375 0.0578125 0.060546875
0 0.72109375 0.6201171875 0.0578125 0.060546875
0 0.625 0.4404296875 0.05625 0.060546875
0 0.48515625 0.1806640625 0.0578125 0.060546875
0 0.27734375 0.1494140625 0.0578125 0.060546875
0 0.34140625 0.1806640625 0.0578125 0.060546875
0 0.07578125 0.318359375 0.0578125 0.05859375
0 0.35703125 0.123046875 0.0578125 0.05859375
0 0.684375 0.7392578125 0.05625 0.060546875
0 0.46953125 0.236328125 0.0578125 0.05859375
0 0.59296875 0.5576171875 0.0578125 0.060546875
0 0.24296875 0.2626953125 0.0578125 0.060546875
0 0.49921875 0.380859375 0.0578125 0.05859375
0 0.46484375 0.4970703125 0.0578125 0.060546875
0 0.55625 0.6767578125 0.05625 0.060546875
0 0.22890625 0.060546875 0.0578125 0.05859375
0 0.1125 0.205078125 0.05625 0.05859375
0 0.09453125 0.2607421875 0.0578125 0.060546875
0 0.03671875 0.431640625 0.0578125 0.05859375
0 0.1625 0.0380859375 0.04375 0.041015625
0 0.2109375 0.1220703125 0.046875 0.044921875
0 0.428125 0.6142578125 0.05625 0.060546875
