0 0.696875 0.373046875 0.053125 0.05859375
0 0.7140625 0.6982421875 0.053125 0.060546875
0 0.7625 0.5625 0.053125 0.05859375
0 0.6484375 0.5078125 0.053125 0.05859375
0 0.796875 0.6572265625 0.053125 0.060546875
0 0.7296875 0.4677734375 0.053125 0.060546875
0 0.6796875 0.6025390625 0.053125 0.060546875
0 0.390625 0.462890625 0.053125 0.05859375
0 0.425 0.5576171875 0.053125 0.060546875
0 0.459375 0.6552734375 0.053125 0.060546875
0 0.1625 0.5126953125 0.053125 0.060546875
0 0.7484375 0.79296875 0.053125 0.05859375
0 0.3078125 0.5009765625 0.053125 0.060546875
0 0.2328125 0.70703125 0.053125 0.05859375
0 0.7015625 0.927734375 0.053125 0.05859375
0 0.8125 0.4296875 0.053125 0.05859375
0 0.6140625 0.4130859375 0.053125 0.060546875
0 0.4921875 0.75 0.053125 0.05859375
0 0.271875 0.4033203125 0.053125 0.060546875
0 0.2484375 0.47265625 0.053125 0.05859375
0 0.7859375 0.49609375 0.053125 0.05859375
0 0.39921875 0.626953125 0.0546875 0.05859375
0 0.315625 0.6640625 0.053125 0.05859375
0 0.665625 0.8330078125 0.053125 0.060546875
0 0.3421875 0.59765625 0.053125 0.05859375
0 0.35625 0.365234375 0.053125 0.05859375
0 0.196875 0.6103515625 0.053125 0.060546875
0 0.6328125 0.73828125 0.053125 0.05859375
0 0.4671875 0.81640625 0.053125 0.05859375
0 0.565625 0.5458984375 0.053125 0.060546875
0 0.59921875 0.6435546875 0.0546875 0.060546875
0 0.5265625 0.845703125 0.053125 0.05859375
0 0.4328125 0.7216796875 0.053125 0.060546875
0 0.221875 0.541015625 0.053125 0.05859375
0 0.2828125 0.5693359375 0.053125 0.060546875
0 0.1890625 0.443359375 0.053125 0.05859375
0 0.409375 0.791015625 0.053125 0.05859375
0 0.365625 0.529296875 0.053125 0.05859375
0 0.53125 0.451171875 0.053125 0.05859375
0 0.7546875 0.4013671875 0.053125 0.060546875
0 0.2859375 0.1708984375 0.053125 0.060546875
0 0.515625 0.681640625 0.053125 0.05859375
0 0.86875 0.455078125 0.053125 0.05859375
0 0.49921875 0.35546875 0.0546875 0.05859375
0 0.55 0.7763671875 0.053125 0.060546875
0 0.35 0.76171875 0.053125 0.05859375
0 0.5796875 0.3154296875 0.053125 0.060546875
0 0.37578125 0.693359375 0.0546875 0.05859375
0 0.415625 0.3935546875 0.053125 0.060546875
0 0.1375 0.58203125 0.053125 0.05859375
0 0.4828125 0.5859375 0.053125 0.05859375
0 0.84375 0.5244140625 0.053125 0.060546875
0 0.33125 0.4345703125 0.053125 0.060546875
0 0.2375 0.3056640625 0.053125 0.060546875
0 0.321875 0.267578125 0.053125 0.05859375
0 0.40625 0.2275390625 0.053125 0.060546875
0 0.3796875 0.296875 0.053125 0.05859375
0 0.25625 0.638671875 0.053125 0.05859375
0 0.8203125 0.5908203125 0.053125 0.060546875
0 0.4484375 0.4912109375 0.053125 0.060546875
0 0.584375 0.8740234375 0.053125 0.060546875
0 0.465625 0.2587890625 0.053125 0.060546875
0 0.1125 0.650390625 0.053125 0.05859375
0 0.5078125 0.51953125 0.053125 0.05859375
0 0.4390625 0.3251953125 0.053125 0.060546875
0 0.1734375 0.6767578125 0.053125 0.060546875
0 0.2921875 0.7333984375 0.053125 0.060546875
0 0.57578125 0.7099609375 0.0546875 0.060546875
0 0.296875 0.3369140625 0.053125 0.060546875
0 0.5390625 0.615234375 0.053125 0.05859375
0 0.4734375 0.421875 0.053125 0.05859375
0 0.5890625 0.4794921875 0.053125 0.060546875
0 0.55625 0.384765625 0.053125 0.05859375
0 0.65625 0.669921875 0.053125 0.05859375
0 0.2140625 0.375 0.053125 0.05859375
0 0.6390625 0.34375 0.053125 0.05859375
0 0.621875 0.57421875 0.053125 0.05859375
0 0.6078125 0.8046875 0.053125 0.05859375
0 0.2625 0.2392578125 0.053125 0.060546875
0 0.671875 0.44140625 0.053125 0.05859375
0 0.690625 0.7646484375 0.053125 0.060546875
0 0.521875 0.287109375 0.053125 0.05859375
0 0.6421875 0.8994140625 0.053125 0.060546875
0 0.3453125 0.19921875 0.053125 0.05859375
0 0.70625 0.5361328125 0.053125 0.060546875
0 0.725 0.859375 0.053125 0.05859375
0 0.7375 0.630859375 0.053125 0.05859375
0 0.771875 0.7265625 0.053125 0.05859375
