0 0.60390625 0.81640625 0.0546875 0.0546875
0 0.5671875 0.904296875 0.053125 0.0546875
0 0.690625 0.8505859375 0.053125 0.052734375
0 0.5328125 0.2744140625 0.053125 0.052734375
0 0.81171875 0.7998046875 0.0546875 0.052734375
0 0.82421875 0.6513671875 0.0546875 0.052734375
0 0.73828125 0.6171875 0.0546875 0.0546875
0 0.6171875 0.6689453125 0.053125 0.052734375
0 0.640625 0.728515625 0.053125 0.0546875
0 0.70078125 0.703125 0.0546875 0.0546875
0 0.77421875 0.8876953125 0.0546875 0.052734375
0 0.72734375 0.7646484375 0.0546875 0.052734375
0 0.65390625 0.5810546875 0.0546875 0.052734375
0 0.640625 0.37109375 0.053125 0.0546875
0 0.53046875 0.6328125 0.0546875 0.0546875
0 0.73984375 0.2578125 0.0546875 0.0546875
0 0.396875 0.4755859375 0.053125 0.052734375
0 0.7640625 0.3193359375 0.053125 0.052734375
0 0.43359375 0.388671875 0.0546875 0.0546875
0 0.77890625 0.169921875 0.0546875 0.0546875
0 0.55625 0.3369140625 0.053125 0.052734375
0 0.7875 0.7392578125 0.053125 0.052734375
0 0.8265625 0.2939453125 0.053125 0.052734375
0 0.6796875 0.283203125 0.053125 0.0546875
0 0.5671875 0.546875 0.053125 0.0546875
0 0.65390625 0.2236328125 0.0546875 0.052734375
0 0.51953125 0.7822265625 0.0546875 0.052734375
0 0.55390625 0.6943359375 0.0546875 0.052734375
0 0.8609375 0.56640625 0.053125 0.0546875
0 0.58046875 0.7548828125 0.0546875 0.052734375
0 0.51953125 0.4248046875 0.0546875 0.052734375
0 0.89765625 0.8359375 0.0546875 0.0546875
0 0.6171875 0.3115234375 0.053125 0.052734375
0 0.49375 0.7197265625 0.053125 0.052734375
0 0.44609375 0.5986328125 0.0546875 0.052734375
0 0.409375 0.326171875 0.053125 0.0546875
0 0.4828125 0.5107421875 0.053125 0.052734375
0 0.690625 0.4951171875 0.053125 0.052734375
0 0.77421875 0.529296875 0.0546875 0.0546875
0 0.81328125 0.4423828125 0.0546875 0.052734375
0 0.65390625 0.9384765625 0.0546875 0.052734375
0 0.60390625 0.458984375 0.0546875 0.0546875
0 0.85 0.3564453125 0.053125 0.052734375
0 0.84765625 0.7138671875 0.0546875 0.052734375
0 0.703125 0.345703125 0.053125 0.0546875
0 0.4703125 0.658203125 0.053125 0.0546875
0 0.7875 0.3818359375 0.053125 0.052734375
0 0.49609375 0.3623046875 0.0546875 0.052734375
0 0.459375 0.4501953125 0.053125 0.052734375
0 0.58046875 0.396484375 0.0546875 0.0546875
0 0.80234375 0.2314453125 0.0546875 0.052734375
0 0.87421875 0.7734375 0.0546875 0.0546875
0 0.76171875 0.677734375 0.0546875 0.0546875
0 0.67734375 0.6435546875 0.0546875 0.052734375
0 0.66484375 0.791015625 0.0546875 0.0546875
0 0.59296875 0.2490234375 0.0546875 0.052734375
0 0.4703125 0.30078125 0.053125 0.0546875
0 0.72734375 0.4072265625 0.0546875 0.052734375
0 0.59140625 0.6064453125 0.0546875 0.052734375
0 0.37265625 0.4140625 0.0546875 0.0546875
0 0.88515625 0.6259765625 0.0546875 0.052734375
0 0.54375 0.484375 0.053125 0.0546875
0 0.89765625 0.478515625 0.0546875 0.0546875
0 0.9109375 0.6884765625 0.053125 0.052734375
0 0.34921875 0.3515625 0.0546875 0.0546875
0 0.75078125 0.4677734375 0.0546875 0.052734375
0 0.7140625 0.5556640625 0.053125 0.052734375
0 0.50703125 0.572265625 0.0546875 0.0546875
0 0.8375 0.861328125 0.053125 0.0546875
0 0.75078125 0.8251953125 0.0546875 0.052734375
0 0.7140625 0.9130859375 0.053125 0.052734375
0 0.66640625 0.43359375 0.0546875 0.0546875
0 0.8375 0.50390625 0.053125 0.0546875
0 0.9234375 0.5380859375 0.053125 0.052734375
0 0.80078125 0.591796875 0.0546875 0.0546875
0 0.4203125 0.5361328125 0.053125 0.052734375
0 0.62734375 0.5205078125 0.0546875 0.052734375
0 0.87421875 0.416015625 0.0546875 0.0546875
0 0.71640625 0.1982421875 0.0546875 0.052734375
0 0.62734375 0.87890625 0.0546875 0.0546875
0 0.59296875 0.9638671875 0.0546875 0.052734375
0 0.54375 0.8427734375 0.053125 0.052734375
0 0.934375 0.748046875 0.053125 0.0546875
0 0.9484375 0.6005859375 0.034375 0.052734375
