0 0.9171875 0.6298828125 0.075 0.064453125
0 0.5828125 0.6298828125 0.075 0.064453125
0 0.753125 0.310546875 0.075 0.06640625
0 0.75 0.6298828125 0.075 0.064453125
0 0.4171875 0.6298828125 0.075 0.064453125
0 0.58828125 0.310546875 0.0734375 0.06640625
0 0.4203125 0.4716796875 0.075 0.064453125
0 0.090625 0.6298828125 0.075 0.064453125
0 0.671875 0.2314453125 0.075 0.064453125
0 0.9203125 0.310546875 0.075 0.06640625
0 0.4234375 0.310546875 0.075 0.06640625
0 0.5859375 0.55078125 0.075 0.06640625
0 0.746875 0.708984375 0.075 0.06640625
0 0.6625 0.708984375 0.075 0.06640625
0 0.4203125 0.3896484375 0.075 0.064453125
0 0.834375 0.6298828125 0.075 0.064453125
0 0.253125 0.6298828125 0.075 0.064453125
0 0.5046875 0.310546875 0.075 0.06640625
0 0.3375 0.6298828125 0.075 0.064453125
0 0.75625 0.2314453125 0.075 0.064453125
0 0.175 0.3896484375 0.075 0.064453125
0 0.259375 0.3125 0.075 0.06640625
0 0.83125 0.708984375 0.075 0.06640625
0 0.753125 0.3896484375 0.075 0.064453125
0 0.75 0.55078125 0.075 0.06640625
0 0.3375 0.55078125 0.075 0.06640625
0 0.178125 0.310546875 0.075 0.06640625
0 0.66875 0.310546875 0.075 0.06640625
0 0.5859375 0.3896484375 0.075 0.064453125
0 0.5859375 0.4716796875 0.075 0.064453125
0 0.5078125 0.2314453125 0.075 0.064453125
0 0.5828125 0.708984375 0.075 0.06640625
0 0.3421875 0.2314453125 0.075 0.064453125
0 0.665625 0.55078125 0.075 0.06640625
0 0.5015625 0.55078125 0.075 0.06640625
0 0.3421875 0.310546875 0.075 0.06640625
0 0.25625 0.4716796875 0.075 0.064453125
0 0.171875 0.55078125 0.075 0.06640625
0 0.8375 0.2314453125 0.075 0.064453125
0 0.25 0.7880859375 0.075 0.064453125
0 0.4203125 0.55078125 0.075 0.06640625
0 0.665625 0.6298828125 0.075 0.064453125
0 0.58828125 0.2314453125 0.0734375 0.064453125
0 0.096875 0.310546875 0.075 0.06640625
0 0.4140625 0.7880859375 0.075 0.064453125
0 0.8375 0.3896484375 0.075 0.064453125
0 0.834375 0.55078125 0.075 0.06640625
0 0.9140625 0.7109375 0.075 0.06640625
0 0.753125 0.46875 0.075 0.06640625
0 0.834375 0.4716796875 0.075 0.064453125
0 0.175 0.4716796875 0.075 0.064453125
0 0.171875 0.6298828125 0.075 0.064453125
0 0.08828125 0.708984375 0.0734375 0.06640625
0 0.9203125 0.228515625 0.075 0.06640625
0 0.253125 0.708984375 0.075 0.06640625
0 0.259375 0.3896484375 0.075 0.064453125
0 0.33984375 0.4716796875 0.0734375 0.064453125
0 0.6625 0.791015625 0.075 0.06640625
0 0.8375 0.310546875 0.075 0.06640625
0 0.4984375 0.708984375 0.075 0.06640625
0 0.5015625 0.6298828125 0.075 0.064453125
0 0.9171875 0.3896484375 0.075 0.064453125
0 0.25625 0.55078125 0.075 0.06640625
0 0.4171875 0.708984375 0.075 0.06640625
0 0.83125 0.791015625 0.075 0.06640625
0 0.33984375 0.392578125 0.0734375 0.06640625
0 0.9171875 0.55078125 0.075 0.06640625
0 0.5796875 0.7880859375 0.075 0.064453125
0 0.178125 0.2314453125 0.075 0.064453125
0 0.66875 0.4716796875 0.075 0.064453125
0 0.096875 0.2314453125 0.075 0.064453125
0 0.66875 0.3896484375 0.075 0.064453125
0 0.0859375 0.7880859375 0.075 0.064453125
0 0.4234375 0.2314453125 0.075 0.064453125
0 0.746875 0.791015625 0.075 0.06640625
0 0.334375 0.708984375 0.075 0.06640625
0 0.9171875 0.4716796875 0.075 0.064453125
0 0.5015625 0.46875 0.075 0.06640625
0 0.5046875 0.3896484375 0.075 0.064453125
0 0.16875 0.708984375 0.075 0.06640625
0 0.9140625 0.791015625 0.075 0.06640625
0 0.4984375 0.7880859375 0.075 0.064453125
0 0.2625 0.2314453125 0.075 0.064453125
0 0.090625 0.5478515625 0.075 0.064453125
0 0.16875 0.7880859375 0.075 0.064453125
0 0.09375 0.3896484375 0.075 0.064453125
0 0.334375 0.7880859375 0.075 0.064453125
0 0.09375 0.4716796875 0.075 0.064453125
