0 0.50234375 0.466796875 0.0453125 0.0625
0 0.67421875 0.599609375 0.0453125 0.0625
0 0.66015625 0.806640625 0.0453125 0.0625
0 0.765625 0.634765625 0.046875 0.0625
0 0.62734375 0.58203125 0.0453125 0.0625
0 0.3671875 0.560546875 0.04375 0.05859375
0 0.6875 0.88671875 0.046875 0.0625
0 0.5671875 0.7734375 0.04375 0.05859375
0 0.40703125 0.431640625 0.0453125 0.0625
0 0.59921875 0.501953125 0.0453125 0.0625
0 0.4640625 0.59375 0.04375 0.0625
0 0.59296875 0.853515625 0.0453125 0.05859375
0 0.396875 0.6435546875 0.04375 0.060546875
0 0.4921875 0.677734375 0.04375 0.0625
0 0.3578125 0.76953125 0.046875 0.0625
0 0.47421875 0.3837890625 0.0453125 0.064453125
0 0.57890625 0.56640625 0.0453125 0.0625
0 0.346875 0.625 0.04375 0.0625
0 0.53046875 0.5478515625 0.0453125 0.060546875
0 0.7328125 0.408203125 0.04375 0.0625
0 0.45390625 0.44921875 0.0453125 0.0625
0 0.54296875 0.3359375 0.0453125 0.0625
0 0.4515625 0.8046875 0.04375 0.0625
0 0.7203125 0.6181640625 0.04375 0.060546875
0 0.35703125 0.4150390625 0.0453125 0.060546875
0 0.4359375 0.513671875 0.04375 0.0625
0 0.87421875 0.4580078125 0.0453125 0.060546875
0 0.49375 0.318359375 0.04375 0.0625
0 0.78125 0.423828125 0.04375 0.0625
0 0.3 0.609375 0.04375 0.0625
0 0.5875 0.7109375 0.04375 0.05859375
0 0.55859375 0.6298828125 0.0453125 0.060546875
0 0.57109375 0.41796875 0.0453125 0.0625
0 0.5890625 0.353515625 0.04375 0.0625
0 0.6140625 0.79296875 0.046875 0.0625
0 0.6375 0.37109375 0.04375 0.0625
0 0.5203125 0.7578125 0.04375 0.0625
0 0.26015625 0.736328125 0.0453125 0.0625
0 0.3953125 0.283203125 0.04375 0.0625
0 0.6453125 0.51953125 0.04375 0.0625
0 0.471875 0.740234375 0.04375 0.0625
0 0.44375 0.30078125 0.04375 0.0625
0 0.328125 0.689453125 0.04375 0.0625
0 0.6859375 0.3896484375 0.04375 0.060546875
0 0.48203125 0.53125 0.0453125 0.0625
0 0.73828125 0.552734375 0.0453125 0.05859375
0 0.4234375 0.724609375 0.04375 0.0625
0 0.82734375 0.44140625 0.0453125 0.0625
0 0.55078125 0.4833984375 0.0453125 0.060546875
0 0.8125 0.65234375 0.046875 0.0625
0 0.5109375 0.611328125 0.046875 0.0625
0 0.63359375 0.7265625 0.0453125 0.0625
0 0.5390625 0.69140625 0.046875 0.0625
0 0.7265625 0.7607421875 0.04375 0.060546875
0 0.6921875 0.5341796875 0.04375 0.064453125
0 0.60546875 0.646484375 0.0453125 0.0625
0 0.4453125 0.66015625 0.04375 0.0625
0 0.3875 0.49609375 0.04375 0.0625
0 0.665625 0.453125 0.04375 0.0625
0 0.31875 0.541015625 0.04375 0.0625
0 0.85390625 0.521484375 0.0453125 0.0625
0 0.80703125 0.505859375 0.0453125 0.0625
0 0.30859375 0.751953125 0.0453125 0.0625
0 0.7 0.6796875 0.04375 0.0625
0 0.70625 0.82421875 0.04375 0.0625
0 0.746875 0.6982421875 0.04375 0.060546875
0 0.83359375 0.5859375 0.0453125 0.0625
0 0.415625 0.580078125 0.04375 0.0625
0 0.2796875 0.671875 0.04375 0.0625
0 0.7328125 0.9033203125 0.04375 0.060546875
0 0.33671875 0.478515625 0.0453125 0.0625
0 0.425 0.3662109375 0.046875 0.064453125
0 0.52265625 0.40234375 0.0453125 0.05859375
0 0.5 0.8203125 0.04375 0.0625
0 0.65390625 0.6640625 0.0453125 0.0625
0 0.37734375 0.3486328125 0.0453125 0.064453125
0 0.7609375 0.48828125 0.04375 0.0625
0 0.7125 0.47265625 0.04375 0.05859375
0 0.403125 0.7861328125 0.04375 0.060546875
0 0.79296875 0.71484375 0.0453125 0.0625
0 0.61875 0.435546875 0.046875 0.0625
0 0.75078125 0.8408203125 0.0453125 0.060546875
0 0.546875 0.837890625 0.04375 0.0625
0 0.6796875 0.744140625 0.04375 0.0625
0 0.375 0.7060546875 0.04375 0.060546875
0 0.63984375 0.873046875 0.0453125 0.0625
0 0.7875 0.568359375 0.04375 0.0625
0 0.77265625 0.779296875 0.0453125 0.0625
