0 0.49765625 0.4833984375 0.0390625 0.048828125
0 0.43203125 0.5654296875 0.0390625 0.048828125
0 0.33359375 0.3623046875 0.0390625 0.048828125
0 0.39921875 0.3623046875 0.0390625 0.048828125
0 0.49765625 0.5654296875 0.0390625 0.048828125
0 0.17109375 0.4052734375 0.0390625 0.048828125
0 0.43203125 0.4833984375 0.0390625 0.048828125
0 0.56171875 0.4833984375 0.0390625 0.048828125
0 0.26953125 0.3623046875 0.0390625 0.048828125
0 0.33359375 0.1982421875 0.0390625 0.048828125
0 0.33359375 0.2802734375 0.0390625 0.048828125
0 0.39921875 0.2802734375 0.0390625 0.048828125
0 0.23671875 0.3232421875 0.0390625 0.048828125
0 0.46484375 0.3623046875 0.0390625 0.048828125
0 0.30234375 0.4853515625 0.0390625 0.048828125
0 0.23671875 0.4853515625 0.0390625 0.048828125
0 0.23671875 0.4052734375 0.0390625 0.048828125
0 0.33515625 0.4443359375 0.0390625 0.048828125
0 0.36640625 0.1572265625 0.0390625 0.048828125
0 0.39921875 0.1982421875 0.0390625 0.048828125
0 0.56171875 0.4013671875 0.0390625 0.048828125
0 0.30234375 0.4033203125 0.0390625 0.048828125
0 0.52890625 0.3603515625 0.0390625 0.048828125
0 0.59453125 0.4423828125 0.0390625 0.048828125
0 0.36640625 0.4853515625 0.0390625 0.048828125
0 0.52890625 0.6865234375 0.0390625 0.048828125
0 0.30234375 0.3212890625 0.0390625 0.048828125
0 0.36640625 0.5654296875 0.0390625 0.048828125
0 0.30078125 0.1572265625 0.0390625 0.048828125
0 0.56171875 0.5634765625 0.0390625 0.048828125
0 0.62734375 0.4814453125 0.0390625 0.048828125
0 0.39921875 0.6064453125 0.0390625 0.048828125
0 0.46484375 0.7685546875 0.0390625 0.048828125
0 0.49609375 0.4013671875 0.0390625 0.048828125
0 0.39921875 0.6884765625 0.0390625 0.048828125
0 0.49765625 0.6455078125 0.0390625 0.048828125
0 0.49765625 0.7275390625 0.0390625 0.048828125
0 0.39921875 0.4443359375 0.0390625 0.048828125
0 0.23515625 0.2392578125 0.0390625 0.048828125
0 0.43203125 0.2392578125 0.0390625 0.048828125
0 0.39921875 0.5244140625 0.0390625 0.048828125
0 0.33359375 0.1162109375 0.0390625 0.048828125
0 0.46484375 0.2802734375 0.0390625 0.048828125
0 0.65859375 0.5224609375 0.0390625 0.048828125
0 0.33515625 0.6064453125 0.0390625 0.048828125
0 0.30078125 0.2392578125 0.0390625 0.048828125
0 0.13671875 0.3642578125 0.0390625 0.048828125
0 0.46484375 0.6865234375 0.0390625 0.048828125
0 0.62578125 0.5634765625 0.0390625 0.048828125
0 0.33515625 0.5263671875 0.0390625 0.048828125
0 0.20234375 0.2822265625 0.0390625 0.048828125
0 0.20390625 0.3642578125 0.0390625 0.048828125
0 0.30234375 0.5673828125 0.0390625 0.048828125
0 0.52890625 0.4423828125 0.0390625 0.048828125
0 0.59453125 0.5224609375 0.0390625 0.048828125
0 0.46484375 0.5244140625 0.0390625 0.048828125
0 0.56171875 0.6455078125 0.0390625 0.048828125
0 0.36640625 0.2392578125 0.0390625 0.048828125
0 0.43203125 0.7275390625 0.0390625 0.048828125
0 0.36640625 0.4033203125 0.0390625 0.048828125
0 0.16953125 0.3232421875 0.0390625 0.048828125
0 0.36640625 0.3212890625 0.0390625 0.048828125
0 0.46484375 0.4423828125 0.0390625 0.048828125
0 0.43203125 0.4033203125 0.0390625 0.048828125
0 0.56171875 0.3193359375 0.0390625 0.048828125
0 0.49609375 0.3193359375 0.0390625 0.048828125
0 0.43203125 0.6474609375 0.0390625 0.048828125
0 0.46484375 0.1982421875 0.0390625 0.048828125
0 0.26796875 0.2802734375 0.0390625 0.048828125
0 0.46484375 0.6064453125 0.0390625 0.048828125
0 0.49609375 0.2392578125 0.0390625 0.048828125
0 0.43203125 0.1572265625 0.0390625 0.048828125
0 0.26953125 0.4443359375 0.0390625 0.048828125
0 0.39921875 0.1162109375 0.0390625 0.048828125
0 0.59453125 0.3603515625 0.0390625 0.048828125
0 0.36796875 0.6474609375 0.0390625 0.048828125
0 0.52890625 0.2783203125 0.0390625 0.048828125
0 0.36640625 0.0751953125 0.0390625 0.048828125
0 0.62734375 0.4013671875 0.0390625 0.048828125
0 0.26953125 0.5263671875 0.0390625 0.048828125
0 0.65859375 0.4404296875 0.0390625 0.048828125
0 0.43203125 0.3212890625 0.0390625 0.048828125
0 0.52890625 0.6044921875 0.0390625 0.048828125
0 0.52890625 0.5224609375 0.0390625 0.048828125
0 0.69140625 0.4814453125 0.0390625 0.048828125
0 0.26796875 0.1982421875 0.0390625 0.048828125
0 0.59453125 0.6044921875 0.0390625 0.048828125
0 0.20390625 0.4462890625 0.0390625 0.048828125
