0 0.6484375 0.48828125 0.040625 0.05078125
0 0.5671875 0.3798828125 0.040625 0.048828125
0 0.48515625 0.2734375 0.0390625 0.046875
0 0.73125 0.48828125 0.0375 0.05078125
0 0.64765625 0.3798828125 0.0390625 0.048828125
0 0.56484375 0.271484375 0.0390625 0.046875
0 0.53125 0.5390625 0.040625 0.046875
0 0.4484375 0.4326171875 0.0375 0.048828125
0 0.4515625 0.5390625 0.040625 0.046875
0 0.53359375 0.6455078125 0.0390625 0.048828125
0 0.6890625 0.48828125 0.040625 0.05078125
0 0.77109375 0.43359375 0.0421875 0.046875
0 0.6875 0.32421875 0.040625 0.05078125
0 0.52578125 0.3798828125 0.0390625 0.048828125
0 0.7296875 0.43359375 0.040625 0.046875
0 0.60546875 0.32421875 0.0390625 0.05078125
0 0.728125 0.32421875 0.040625 0.05078125
0 0.49140625 0.5390625 0.0390625 0.046875
0 0.4453125 0.326171875 0.040625 0.046875
0 0.7265625 0.271484375 0.040625 0.046875
0 0.6921875 0.54296875 0.040625 0.05078125
0 0.45390625 0.64453125 0.0390625 0.046875
0 0.4140625 0.64453125 0.040625 0.046875
0 0.734375 0.5966796875 0.040625 0.048828125
0 0.6921875 0.595703125 0.040625 0.05078125
0 0.68828125 0.43359375 0.0390625 0.046875
0 0.49375 0.6455078125 0.040625 0.048828125
0 0.4109375 0.4326171875 0.040625 0.048828125
0 0.6875 0.3798828125 0.040625 0.048828125
0 0.77421875 0.54296875 0.0390625 0.05078125
0 0.64609375 0.32421875 0.0390625 0.05078125
0 0.37109375 0.4326171875 0.0390625 0.048828125
0 0.6078125 0.43359375 0.040625 0.046875
0 0.7328125 0.54296875 0.040625 0.05078125
0 0.6046875 0.271484375 0.040625 0.046875
0 0.52578125 0.32421875 0.0390625 0.05078125
0 0.61171875 0.595703125 0.0390625 0.05078125
0 0.77265625 0.48828125 0.0390625 0.05078125
0 0.5734375 0.6484375 0.040625 0.05078125
0 0.6109375 0.486328125 0.040625 0.046875
0 0.4109375 0.4853515625 0.040625 0.048828125
0 0.528125 0.486328125 0.040625 0.046875
0 0.41171875 0.5380859375 0.0390625 0.048828125
0 0.3671875 0.326171875 0.040625 0.046875
0 0.6125 0.6484375 0.040625 0.05078125
0 0.40703125 0.326171875 0.0390625 0.046875
0 0.77109375 0.3798828125 0.0421875 0.048828125
0 0.76875 0.32421875 0.040625 0.05078125
0 0.48515625 0.326171875 0.0390625 0.046875
0 0.56953125 0.541015625 0.0421875 0.05078125
0 0.571875 0.5927734375 0.040625 0.048828125
0 0.525 0.2734375 0.040625 0.046875
0 0.64765625 0.43359375 0.0390625 0.046875
0 0.4859375 0.3798828125 0.040625 0.048828125
0 0.453125 0.591796875 0.040625 0.046875
0 0.4453125 0.2734375 0.040625 0.046875
0 0.65234375 0.595703125 0.0390625 0.05078125
0 0.6859375 0.271484375 0.040625 0.046875
0 0.565625 0.32421875 0.040625 0.05078125
0 0.53203125 0.5927734375 0.0390625 0.048828125
0 0.52734375 0.4326171875 0.0390625 0.048828125
0 0.5671875 0.43359375 0.040625 0.046875
0 0.3734375 0.5380859375 0.040625 0.048828125
0 0.56796875 0.486328125 0.0390625 0.046875
0 0.490625 0.486328125 0.040625 0.046875
0 0.45078125 0.4853515625 0.0390625 0.048828125
0 0.60625 0.3798828125 0.040625 0.048828125
0 0.3703125 0.3798828125 0.040625 0.048828125
0 0.4921875 0.591796875 0.040625 0.046875
0 0.65390625 0.6494140625 0.0390625 0.048828125
0 0.775 0.5966796875 0.040625 0.048828125
0 0.446875 0.3798828125 0.040625 0.048828125
0 0.41328125 0.591796875 0.0390625 0.046875
0 0.7296875 0.3798828125 0.040625 0.048828125
0 0.40859375 0.3798828125 0.0421875 0.048828125
0 0.7765625 0.650390625 0.040625 0.05078125
0 0.4875 0.4326171875 0.040625 0.048828125
0 0.76875 0.2685546875 0.040625 0.048828125
0 0.365625 0.2734375 0.040625 0.046875
0 0.40546875 0.2734375 0.0390625 0.046875
0 0.734375 0.650390625 0.040625 0.05078125
0 0.6109375 0.541015625 0.040625 0.05078125
0 0.6515625 0.541015625 0.040625 0.05078125
0 0.3765625 0.5908203125 0.040625 0.048828125
0 0.371875 0.4853515625 0.040625 0.048828125
0 0.6453125 0.271484375 0.040625 0.046875
0 0.37734375 0.642578125 0.0390625 0.05078125
0 0.69375 0.6494140625 0.040625 0.048828125
