0 0.43828125 0.4970703125 0.0390625 0.048828125
0 0.31328125 0.5361328125 0.0390625 0.048828125
0 0.30078125 0.4833984375 0.0390625 0.048828125
0 0.40234375 0.7333984375 0.0390625 0.048828125
0 0.71328125 0.5283203125 0.0390625 0.048828125
0 0.72578125 0.5810546875 0.0390625 0.048828125
0 0.55234375 0.4091796875 0.0390625 0.048828125
0 0.62109375 0.3310546875 0.0390625 0.048828125
0 0.57734375 0.5126953125 0.0390625 0.048828125
0 0.27578125 0.3798828125 0.0390625 0.048828125
0 0.44453125 0.7216796875 0.0390625 0.048828125
0 0.46328125 0.6025390625 0.0390625 0.048828125
0 0.48515625 0.3173828125 0.0390625 0.048828125
0 0.37890625 0.6279296875 0.0390625 0.048828125
0 0.68515625 0.5947265625 0.0390625 0.048828125
0 0.45078125 0.5498046875 0.0390625 0.048828125
0 0.42109375 0.6142578125 0.0390625 0.048828125
0 0.60078125 0.6181640625 0.0390625 0.048828125
0 0.52578125 0.3037109375 0.0390625 0.048828125
0 0.33671875 0.6396484375 0.0390625 0.048828125
0 0.65546875 0.6591796875 0.0390625 0.048828125
0 0.37265625 0.4052734375 0.0390625 0.048828125
0 0.51796875 0.6435546875 0.0390625 0.048828125
0 0.73984375 0.6357421875 0.0390625 0.048828125
0 0.56015625 0.6298828125 0.0390625 0.048828125
0 0.23359375 0.3916015625 0.0390625 0.048828125
0 0.58828125 0.5654296875 0.0390625 0.048828125
0 0.54765625 0.5771484375 0.0390625 0.048828125
0 0.69765625 0.6474609375 0.0390625 0.048828125
0 0.47421875 0.6552734375 0.0390625 0.048828125
0 0.51015625 0.4208984375 0.0390625 0.048828125
0 0.58046875 0.3447265625 0.0390625 0.048828125
0 0.52265625 0.4736328125 0.0390625 0.048828125
0 0.66015625 0.4873046875 0.0390625 0.048828125
0 0.68828125 0.4228515625 0.0390625 0.048828125
0 0.40859375 0.5615234375 0.0390625 0.048828125
0 0.30546875 0.7060546875 0.0390625 0.048828125
0 0.49296875 0.5380859375 0.0390625 0.048828125
0 0.41484375 0.3935546875 0.0390625 0.048828125
0 0.34296875 0.4697265625 0.0390625 0.048828125
0 0.65078125 0.2666015625 0.0390625 0.048828125
0 0.61328125 0.6708984375 0.0390625 0.048828125
0 0.48046875 0.4853515625 0.0390625 0.048828125
0 0.44296875 0.3291015625 0.0390625 0.048828125
0 0.48671875 0.7080078125 0.0390625 0.048828125
0 0.57109375 0.6845703125 0.0390625 0.048828125
0 0.66328125 0.3193359375 0.0390625 0.048828125
0 0.32421875 0.5869140625 0.0390625 0.048828125
0 0.64765625 0.4365234375 0.0390625 0.048828125
0 0.33046875 0.4189453125 0.0390625 0.048828125
0 0.61796875 0.5009765625 0.0390625 0.048828125
0 0.26953125 0.5478515625 0.0390625 0.048828125
0 0.31640625 0.7587890625 0.0390625 0.048828125
0 0.38515625 0.4580078125 0.0390625 0.048828125
0 0.34765625 0.6923828125 0.0390625 0.048828125
0 0.35546875 0.5224609375 0.0390625 0.048828125
0 0.49765625 0.3681640625 0.0390625 0.048828125
0 0.28828125 0.4306640625 0.0390625 0.048828125
0 0.36640625 0.5751953125 0.0390625 0.048828125
0 0.46796875 0.4326171875 0.0390625 0.048828125
0 0.24609375 0.4443359375 0.0390625 0.048828125
0 0.70234375 0.4755859375 0.0390625 0.048828125
0 0.38984375 0.6806640625 0.0390625 0.048828125
0 0.60546875 0.4482421875 0.0390625 0.048828125
0 0.63515625 0.3837890625 0.0390625 0.048828125
0 0.29296875 0.6533203125 0.0390625 0.048828125
0 0.63046875 0.5537109375 0.0390625 0.048828125
0 0.60859375 0.2783203125 0.0390625 0.048828125
0 0.59296875 0.3955078125 0.0390625 0.048828125
0 0.50546875 0.5908203125 0.0390625 0.048828125
0 0.39765625 0.5107421875 0.0390625 0.048828125
0 0.36015625 0.3544921875 0.0390625 0.048828125
0 0.40234375 0.3427734375 0.0390625 0.048828125
0 0.42734375 0.4462890625 0.0390625 0.048828125
0 0.31796875 0.3681640625 0.0390625 0.048828125
0 0.56484375 0.4599609375 0.0390625 0.048828125
0 0.53984375 0.3564453125 0.0390625 0.048828125
0 0.45546875 0.3818359375 0.0390625 0.048828125
0 0.35859375 0.7451171875 0.0390625 0.048828125
0 0.64296875 0.6064453125 0.0390625 0.048828125
0 0.67578125 0.3701171875 0.0390625 0.048828125
0 0.67265625 0.5400390625 0.0390625 0.048828125
0 0.56796875 0.2919921875 0.0390625 0.048828125
0 0.52890625 0.6962890625 0.0390625 0.048828125
0 0.43359375 0.6669921875 0.0390625 0.048828125
0 0.53515625 0.5244140625 0.0390625 0.048828125
0 0.25703125 0.4970703125 0.0390625 0.048828125
0 0.28203125 0.6005859375 0.0390625 0.048828125
