0 0.403125 0.392578125 0.028125 0.046875
0 0.43515625 0.392578125 0.0265625 0.046875
0 0.59921875 0.2255859375 0.0296875 0.044921875
0 0.3515625 0.7255859375 0.028125 0.044921875
0 0.46875 0.39453125 0.028125 0.046875
0 0.48671875 0.734375 0.0296875 0.046875
0 0.51171875 0.337890625 0.0296875 0.046875
0 0.5828125 0.3388671875 0.028125 0.044921875
0 0.36875 0.615234375 0.028125 0.046875
0 0.44375 0.7900390625 0.03125 0.048828125
0 0.5625 0.4521484375 0.03125 0.048828125
0 0.4609375 0.44921875 0.028125 0.04296875
0 0.503125 0.619140625 0.028125 0.046875
0 0.46015625 0.6767578125 0.0296875 0.048828125
0 0.39375 0.6708984375 0.028125 0.044921875
0 0.57265625 0.625 0.0296875 0.046875
0 0.39609375 0.4462890625 0.0265625 0.044921875
0 0.58828125 0.283203125 0.0296875 0.046875
0 0.41875 0.73046875 0.03125 0.046875
0 0.4125 0.337890625 0.025 0.04296875
0 0.38515625 0.728515625 0.0265625 0.046875
0 0.45234375 0.732421875 0.0265625 0.046875
0 0.503125 0.39453125 0.025 0.046875
0 0.4953125 0.6796875 0.028125 0.046875
0 0.5640625 0.2255859375 0.028125 0.044921875
0 0.5546875 0.283203125 0.028125 0.046875
0 0.55625 0.7412109375 0.03125 0.048828125
0 0.51328125 0.794921875 0.0296875 0.05078125
0 0.42578125 0.673828125 0.0265625 0.04296875
0 0.53046875 0.6806640625 0.0296875 0.048828125
0 0.478125 0.337890625 0.025 0.04296875
0 0.53046875 0.2255859375 0.0265625 0.044921875
0 0.38671875 0.2822265625 0.0265625 0.044921875
0 0.54609375 0.337890625 0.0265625 0.04296875
0 0.52109375 0.7373046875 0.0265625 0.044921875
0 0.47734375 0.5625 0.0265625 0.046875
0 0.37734375 0.5576171875 0.0265625 0.044921875
0 0.36171875 0.4453125 0.0296875 0.046875
0 0.5203125 0.2822265625 0.028125 0.044921875
0 0.359375 0.6689453125 0.025 0.044921875
0 0.40234375 0.6162109375 0.0265625 0.044921875
0 0.4515625 0.505859375 0.028125 0.046875
0 0.3703125 0.3916015625 0.025 0.044921875
0 0.6234375 0.2822265625 0.03125 0.048828125
0 0.42890625 0.2265625 0.0265625 0.04296875
0 0.5125 0.564453125 0.028125 0.04296875
0 0.45234375 0.28125 0.0265625 0.046875
0 0.5484375 0.7978515625 0.028125 0.048828125
0 0.58125 0.5673828125 0.028125 0.044921875
0 0.3265625 0.6669921875 0.028125 0.048828125
0 0.478125 0.79296875 0.028125 0.046875
0 0.4859375 0.505859375 0.028125 0.046875
0 0.3421875 0.78125 0.028125 0.046875
0 0.53828125 0.3955078125 0.0265625 0.048828125
0 0.46875 0.619140625 0.028125 0.046875
0 0.409375 0.787109375 0.025 0.046875
0 0.565625 0.6826171875 0.028125 0.044921875
0 0.44453125 0.3369140625 0.0296875 0.044921875
0 0.52890625 0.451171875 0.0265625 0.04296875
0 0.4203125 0.28125 0.028125 0.046875
0 0.42890625 0.447265625 0.0265625 0.046875
0 0.57265625 0.396484375 0.0296875 0.046875
0 0.546875 0.56640625 0.03125 0.046875
0 0.31796875 0.724609375 0.0265625 0.04296875
0 0.53828125 0.62109375 0.0265625 0.046875
0 0.434375 0.6171875 0.028125 0.046875
0 0.39609375 0.2275390625 0.0296875 0.048828125
0 0.41953125 0.5048828125 0.0265625 0.044921875
0 0.37890625 0.3369140625 0.0296875 0.044921875
0 0.4609375 0.2275390625 0.028125 0.048828125
0 0.3765625 0.7841796875 0.028125 0.048828125
0 0.61640625 0.3388671875 0.0265625 0.044921875
0 0.4859375 0.2822265625 0.028125 0.048828125
0 0.309375 0.7802734375 0.028125 0.048828125
0 0.590625 0.509765625 0.028125 0.046875
0 0.38515625 0.50390625 0.0265625 0.046875
0 0.353125 0.501953125 0.025 0.04296875
0 0.63203125 0.224609375 0.0234375 0.04296875
0 0.49453125 0.4501953125 0.0296875 0.044921875
0 0.409375 0.55859375 0.025 0.046875
0 0.60625 0.3955078125 0.03125 0.048828125
0 0.55625 0.5087890625 0.028125 0.044921875
0 0.34453125 0.556640625 0.0265625 0.046875
0 0.44453125 0.560546875 0.0296875 0.04296875
0 0.52109375 0.5078125 0.0296875 0.046875
0 0.5984375 0.453125 0.028125 0.046875
0 0.33515625 0.6123046875 0.0265625 0.041015625
0 0.49453125 0.2265625 0.0265625 0.04296875
