0 0.3640625 0.076171875 0.059375 0.0625
0 0.4796875 0.74609375 0.059375 0.0625
0 0.2125 0.66796875 0.059375 0.0625
0 0.63671875 0.71484375 0.0609375 0.0625
0 0.3453125 0.70703125 0.059375 0.0625
0 0.3640625 0.6328125 0.059375 0.0625
0 0.55703125 0.451171875 0.0609375 0.0625
0 0.39296875 0.80078125 0.0609375 0.0625
0 0.5765625 0.375 0.059375 0.0625
0 0.44140625 0.337890625 0.0609375 0.0625
0 0.28984375 0.375 0.0609375 0.0625
0 0.528125 0.8427734375 0.059375 0.060546875
0 0.49921875 0.6728515625 0.0609375 0.060546875
0 0.25859375 0.76171875 0.0609375 0.0625
0 0.421875 0.4111328125 0.059375 0.060546875
0 0.3375 0.4658203125 0.059375 0.060546875
0 0.49921875 0.11328125 0.0609375 0.0625
0 0.78359375 0.43359375 0.0609375 0.0625
0 0.71328125 0.4140625 0.0609375 0.0625
0 0.821875 0.28125 0.059375 0.0625
0 0.6171875 0.7880859375 0.059375 0.060546875
0 0.50859375 0.357421875 0.0609375 0.0625
0 0.43203125 0.6533203125 0.0609375 0.060546875
0 0.44140625 0.896484375 0.0609375 0.0625
0 0.4125 0.169921875 0.059375 0.0625
0 0.634375 0.150390625 0.059375 0.0625
0 0.37421875 0.318359375 0.0609375 0.0625
0 0.296875 0.61328125 0.059375 0.0625
0 0.64609375 0.39453125 0.0609375 0.0625
0 0.57890625 0.9384765625 0.0609375 0.060546875
0 0.6078125 0.544921875 0.059375 0.0625
0 0.32578125 0.2265625 0.0609375 0.0625
0 0.665625 0.884765625 0.059375 0.0625
0 0.4703125 0.5048828125 0.059375 0.060546875
0 0.69453125 0.48828125 0.0609375 0.0625
0 0.70390625 0.734375 0.0609375 0.0625
0 0.59765625 0.865234375 0.0609375 0.0625
0 0.32578125 0.78125 0.0609375 0.0625
0 0.7546875 0.26171875 0.059375 0.0625
0 0.23203125 0.59375 0.0609375 0.0625
0 0.4609375 0.8232421875 0.059375 0.060546875
0 0.5953125 0.30078125 0.059375 0.0625
0 0.56640625 0.6923828125 0.0609375 0.060546875
0 0.61484375 0.224609375 0.0609375 0.0625
0 0.54765625 0.7685546875 0.0609375 0.060546875
0 0.51875 0.5986328125 0.059375 0.060546875
0 0.803125 0.357421875 0.059375 0.0625
0 0.5375 0.525390625 0.059375 0.0625
0 0.54765625 0.20703125 0.0609375 0.0625
0 0.7453125 0.583984375 0.059375 0.0625
0 0.403125 0.4853515625 0.059375 0.060546875
0 0.27734375 0.6875 0.0609375 0.0625
0 0.38359375 0.5595703125 0.0609375 0.060546875
0 0.6875 0.80859375 0.059375 0.0625
0 0.7328125 0.337890625 0.059375 0.0625
0 0.675 0.564453125 0.059375 0.0625
0 0.4796875 0.1875 0.059375 0.0625
0 0.4125 0.7265625 0.059375 0.0625
0 0.25078125 0.51953125 0.0609375 0.0625
0 0.48984375 0.431640625 0.0609375 0.0625
0 0.3546875 0.3916015625 0.059375 0.060546875
0 0.7640625 0.5078125 0.059375 0.0625
0 0.665625 0.318359375 0.059375 0.0625
0 0.30859375 0.30078125 0.0609375 0.0625
0 0.4609375 0.263671875 0.059375 0.0625
0 0.68515625 0.244140625 0.0609375 0.0625
0 0.17421875 0.8154296875 0.0609375 0.060546875
0 0.72578125 0.658203125 0.0609375 0.0625
0 0.30625 0.8544921875 0.059375 0.060546875
0 0.45078125 0.5791015625 0.0609375 0.060546875
0 0.3453125 0.1533203125 0.059375 0.060546875
0 0.528125 0.28125 0.059375 0.0625
0 0.84375 0.205078125 0.059375 0.0625
0 0.62734375 0.46875 0.0609375 0.0625
0 0.2390625 0.8349609375 0.059375 0.060546875
0 0.43203125 0.0966796875 0.0609375 0.060546875
0 0.65546875 0.638671875 0.0609375 0.0625
0 0.31640625 0.5400390625 0.0609375 0.060546875
0 0.19296875 0.7412109375 0.0609375 0.060546875
0 0.2703125 0.4462890625 0.059375 0.060546875
0 0.58828125 0.6181640625 0.0609375 0.060546875
0 0.39296875 0.244140625 0.0609375 0.0625
0 0.64609375 0.9609375 0.0609375 0.0625
0 0.50859375 0.916015625 0.0609375 0.0625
0 0.77421875 0.1875 0.0609375 0.0625
0 0.56640625 0.130859375 0.0609375 0.0625
0 0.37421875 0.875 0.0609375 0.0625
0 0.70390625 0.16796875 0.0609375 0.0625
