0 0.3140625 0.529296875 0.046875 0.05859375
0 0.16875 0.3330078125 0.046875 0.060546875
0 0.2390625 0.5263671875 0.046875 0.060546875
0 0.4953125 0.8681640625 0.046875 0.060546875
0 0.0921875 0.42578125 0.046875 0.05859375
0 0.240625 0.4306640625 0.046875 0.060546875
0 0.315625 0.43359375 0.046875 0.05859375
0 0.4203125 0.8662109375 0.046875 0.060546875
0 0.571875 0.6826171875 0.046875 0.060546875
0 0.1671875 0.4287109375 0.046875 0.060546875
0 0.4953125 0.775390625 0.046875 0.05859375
0 0.1640625 0.5244140625 0.046875 0.060546875
0 0.3578125 0.2919921875 0.046875 0.060546875
0 0.5703125 0.7783203125 0.046875 0.060546875
0 0.3125 0.6240234375 0.046875 0.060546875
0 0.3890625 0.53125 0.046875 0.05859375
0 0.4296875 0.3896484375 0.046875 0.060546875
0 0.49921875 0.6796875 0.0453125 0.05859375
0 0.359375 0.1962890625 0.046875 0.060546875
0 0.31796875 0.337890625 0.0453125 0.05859375
0 0.2375 0.6220703125 0.046875 0.060546875
0 0.3453125 0.8642578125 0.046875 0.060546875
0 0.61328125 0.541015625 0.0453125 0.05859375
0 0.390625 0.435546875 0.046875 0.05859375
0 0.646875 0.6845703125 0.046875 0.060546875
0 0.5015625 0.48828125 0.046875 0.05859375
0 0.284375 0.19140625 0.046875 0.05859375
0 0.43125 0.2939453125 0.046875 0.060546875
0 0.41875 0.9638671875 0.046875 0.060546875
0 0.1265625 0.4736328125 0.046875 0.060546875
0 0.6109375 0.6337890625 0.046875 0.060546875
0 0.3109375 0.7197265625 0.046875 0.060546875
0 0.42265625 0.7705078125 0.0453125 0.060546875
0 0.24375 0.3349609375 0.046875 0.060546875
0 0.3546875 0.3876953125 0.046875 0.060546875
0 0.38515625 0.72265625 0.0453125 0.05859375
0 0.4640625 0.5341796875 0.046875 0.060546875
0 0.3203125 0.2421875 0.046875 0.05859375
0 0.428125 0.4853515625 0.046875 0.060546875
0 0.6484375 0.5888671875 0.046875 0.060546875
0 0.38125 0.9140625 0.046875 0.05859375
0 0.465625 0.4404296875 0.046875 0.060546875
0 0.20390625 0.478515625 0.0453125 0.05859375
0 0.321875 0.146484375 0.046875 0.05859375
0 0.3828125 0.818359375 0.046875 0.05859375
0 0.425 0.6748046875 0.046875 0.060546875
0 0.3921875 0.33984375 0.046875 0.05859375
0 0.1265625 0.572265625 0.046875 0.05859375
0 0.30859375 0.8154296875 0.0453125 0.060546875
0 0.20625 0.380859375 0.046875 0.05859375
0 0.28046875 0.3857421875 0.0453125 0.060546875
0 0.353125 0.4833984375 0.046875 0.060546875
0 0.053125 0.4716796875 0.046875 0.060546875
0 0.3875 0.626953125 0.046875 0.05859375
0 0.1296875 0.3779296875 0.046875 0.060546875
0 0.4671875 0.3447265625 0.046875 0.060546875
0 0.5046875 0.392578125 0.046875 0.05859375
0 0.278125 0.4814453125 0.046875 0.060546875
0 0.2734375 0.765625 0.046875 0.05859375
0 0.609375 0.7294921875 0.046875 0.060546875
0 0.2359375 0.7177734375 0.046875 0.060546875
0 0.08984375 0.521484375 0.0453125 0.05859375
0 0.1625 0.6201171875 0.046875 0.060546875
0 0.2828125 0.287109375 0.046875 0.05859375
0 0.5390625 0.5361328125 0.046875 0.060546875
0 0.4265625 0.5810546875 0.046875 0.060546875
0 0.3484375 0.7685546875 0.046875 0.060546875
0 0.4578125 0.8212890625 0.046875 0.060546875
0 0.3515625 0.5791015625 0.046875 0.060546875
0 0.2 0.669921875 0.046875 0.05859375
0 0.2078125 0.28515625 0.046875 0.05859375
0 0.5328125 0.8232421875 0.046875 0.060546875
0 0.534375 0.7275390625 0.046875 0.060546875
0 0.5765625 0.4912109375 0.046875 0.060546875
0 0.2015625 0.57421875 0.046875 0.05859375
0 0.39453125 0.244140625 0.0453125 0.05859375
0 0.459375 0.7255859375 0.046875 0.060546875
0 0.5734375 0.5869140625 0.046875 0.060546875
0 0.45625 0.9169921875 0.046875 0.060546875
0 0.2453125 0.2392578125 0.046875 0.060546875
0 0.684375 0.63671875 0.046875 0.05859375
0 0.4625 0.6298828125 0.046875 0.060546875
0 0.540625 0.4423828125 0.046875 0.060546875
0 0.35 0.6748046875 0.046875 0.060546875
0 0.5359375 0.6318359375 0.046875 0.060546875
0 0.49921875 0.583984375 0.0453125 0.05859375
0 0.2765625 0.5771484375 0.046875 0.060546875
0 0.275 0.669921875 0.046875 0.05859375
