0 0.7234375 0.4677734375 0.040625 0.048828125
0 0.771875 0.5087890625 0.040625 0.048828125
0 0.57265625 0.3017578125 0.0390625 0.048828125
0 0.70703125 0.3662109375 0.0390625 0.048828125
0 0.64375 0.4931640625 0.040625 0.048828125
0 0.675 0.4306640625 0.040625 0.048828125
0 0.61015625 0.2900390625 0.0390625 0.048828125
0 0.740625 0.5732421875 0.040625 0.048828125
0 0.821875 0.5498046875 0.040625 0.048828125
0 0.62734375 0.3916015625 0.0390625 0.048828125
0 0.62109375 0.607421875 0.0390625 0.046875
0 0.5515625 0.681640625 0.040625 0.046875
0 0.65859375 0.3271484375 0.0390625 0.048828125
0 0.87265625 0.5908203125 0.0390625 0.048828125
0 0.60390625 0.5048828125 0.0390625 0.048828125
0 0.6609375 0.5966796875 0.040625 0.048828125
0 0.42578125 0.4013671875 0.0390625 0.048828125
0 0.575 0.5673828125 0.040625 0.048828125
0 0.4890625 0.5400390625 0.040625 0.048828125
0 0.66875 0.6474609375 0.040625 0.048828125
0 0.6921875 0.5322265625 0.040625 0.048828125
0 0.475 0.7041015625 0.0375 0.048828125
0 0.70859375 0.6357421875 0.0390625 0.044921875
0 0.45078125 0.552734375 0.0390625 0.046875
0 0.68828125 0.263671875 0.0390625 0.046875
0 0.5890625 0.404296875 0.040625 0.046875
0 0.7546875 0.4072265625 0.040625 0.048828125
0 0.50546875 0.6416015625 0.0390625 0.048828125
0 0.5578125 0.4658203125 0.040625 0.048828125
0 0.50234375 0.3779296875 0.0390625 0.044921875
0 0.45546875 0.337890625 0.0390625 0.046875
0 0.53515625 0.580078125 0.0390625 0.046875
0 0.51875 0.478515625 0.0375 0.046875
0 0.52890625 0.5302734375 0.0390625 0.048828125
0 0.471875 0.4404296875 0.040625 0.048828125
0 0.6125 0.5576171875 0.040625 0.048828125
0 0.62890625 0.66015625 0.0390625 0.046875
0 0.73828125 0.3046875 0.0390625 0.046875
0 0.4578125 0.6044921875 0.0375 0.048828125
0 0.778125 0.2900390625 0.040625 0.048828125
0 0.48046875 0.490234375 0.0390625 0.046875
0 0.65234375 0.5458984375 0.0390625 0.048828125
0 0.4671875 0.654296875 0.0375 0.046875
0 0.54140625 0.3662109375 0.0390625 0.048828125
0 0.46328125 0.3896484375 0.0390625 0.048828125
0 0.54296875 0.6298828125 0.0390625 0.048828125
0 0.63515625 0.4423828125 0.0390625 0.048828125
0 0.5109375 0.4267578125 0.0375 0.048828125
0 0.78828125 0.6142578125 0.0390625 0.048828125
0 0.8453125 0.4326171875 0.040625 0.048828125
0 0.61875 0.341796875 0.040625 0.046875
0 0.85390625 0.486328125 0.0390625 0.046875
0 0.49375 0.3271484375 0.0375 0.048828125
0 0.79453125 0.3935546875 0.0390625 0.048828125
0 0.44296875 0.5009765625 0.0390625 0.048828125
0 0.434375 0.451171875 0.040625 0.046875
0 0.57890625 0.3525390625 0.0390625 0.048828125
0 0.59140625 0.6708984375 0.0390625 0.048828125
0 0.803125 0.4453125 0.040625 0.046875
0 0.5953125 0.4541015625 0.040625 0.044921875
0 0.7296875 0.2509765625 0.040625 0.048828125
0 0.5140625 0.6923828125 0.040625 0.044921875
0 0.809375 0.2255859375 0.040625 0.048828125
0 0.70078125 0.5830078125 0.0390625 0.048828125
0 0.82734375 0.3310546875 0.0390625 0.048828125
0 0.746875 0.3525390625 0.040625 0.048828125
0 0.496875 0.5908203125 0.040625 0.048828125
0 0.7484375 0.6259765625 0.040625 0.044921875
0 0.8140625 0.4970703125 0.040625 0.048828125
0 0.4171875 0.3505859375 0.040625 0.048828125
0 0.5828125 0.619140625 0.040625 0.046875
0 0.68359375 0.4814453125 0.0390625 0.048828125
0 0.6671875 0.3798828125 0.040625 0.044921875
0 0.76328125 0.4580078125 0.0390625 0.048828125
0 0.65 0.2763671875 0.040625 0.048828125
0 0.78671875 0.3427734375 0.0390625 0.048828125
0 0.54921875 0.416015625 0.0390625 0.046875
0 0.71484375 0.41796875 0.0390625 0.046875
0 0.6984375 0.3154296875 0.040625 0.048828125
0 0.56640625 0.5166015625 0.0390625 0.048828125
0 0.73203125 0.5224609375 0.0390625 0.048828125
0 0.78046875 0.5615234375 0.0390625 0.044921875
0 0.83046875 0.6005859375 0.0390625 0.048828125
0 0.5328125 0.3154296875 0.040625 0.048828125
0 0.83671875 0.3818359375 0.0390625 0.048828125
0 0.81796875 0.27734375 0.0390625 0.046875
0 0.86171875 0.5380859375 0.0390625 0.048828125
0 0.76953125 0.2392578125 0.0390625 0.044921875
