0 0.50390625 0.6318359375 0.0484375 0.048828125
0 0.290625 0.2080078125 0.046875 0.052734375
0 0.37265625 0.5693359375 0.0453125 0.048828125
0 0.3359375 0.271484375 0.046875 0.05078125
0 0.33125 0.3896484375 0.046875 0.052734375
0 0.4625 0.5703125 0.046875 0.05078125
0 0.3734375 0.509765625 0.046875 0.05078125
0 0.3265625 0.5087890625 0.046875 0.048828125
0 0.3765625 0.4501953125 0.046875 0.048828125
0 0.46796875 0.4541015625 0.0484375 0.048828125
0 0.5203125 0.2802734375 0.046875 0.052734375
0 0.465625 0.5126953125 0.0375 0.044921875
0 0.409375 0.7490234375 0.046875 0.048828125
0 0.43046875 0.2744140625 0.0453125 0.048828125
0 0.2875 0.326171875 0.046875 0.05078125
0 0.42578125 0.39453125 0.0484375 0.05078125
0 0.28125 0.5078125 0.046875 0.05078125
0 0.2859375 0.3876953125 0.046875 0.048828125
0 0.23828125 0.3251953125 0.0484375 0.048828125
0 0.42578125 0.3349609375 0.0484375 0.048828125
0 0.234375 0.5068359375 0.046875 0.048828125
0 0.22734375 0.6259765625 0.0484375 0.048828125
0 0.41171875 0.6884765625 0.0484375 0.048828125
0 0.28828125 0.2666015625 0.0484375 0.048828125
0 0.334375 0.3310546875 0.046875 0.048828125
0 0.27265625 0.6875 0.0453125 0.05078125
0 0.2359375 0.4453125 0.046875 0.05078125
0 0.328125 0.44921875 0.046875 0.05078125
0 0.42265625 0.4521484375 0.0453125 0.052734375
0 0.19296875 0.2626953125 0.0484375 0.048828125
0 0.38359375 0.2724609375 0.0484375 0.048828125
0 0.17734375 0.685546875 0.0484375 0.05078125
0 0.50859375 0.5751953125 0.0484375 0.048828125
0 0.5109375 0.5146484375 0.046875 0.048828125
0 0.23046875 0.56640625 0.0453125 0.05078125
0 0.1953125 0.201171875 0.046875 0.05078125
0 0.36484375 0.6875 0.0453125 0.05078125
0 0.32421875 0.568359375 0.0453125 0.05078125
0 0.23671875 0.384765625 0.0484375 0.05078125
0 0.31875 0.6884765625 0.046875 0.048828125
0 0.41328125 0.62890625 0.0484375 0.05078125
0 0.47734375 0.2177734375 0.0484375 0.048828125
0 0.27421875 0.626953125 0.0453125 0.05078125
0 0.38515625 0.2119140625 0.0484375 0.048828125
0 0.4609375 0.6298828125 0.046875 0.048828125
0 0.32109375 0.6279296875 0.0484375 0.048828125
0 0.3859375 0.15234375 0.046875 0.05078125
0 0.24375 0.2041015625 0.046875 0.048828125
0 0.1875 0.384765625 0.046875 0.05078125
0 0.31640625 0.748046875 0.0453125 0.05078125
0 0.43203125 0.21484375 0.0453125 0.05078125
0 0.18671875 0.4443359375 0.0484375 0.048828125
0 0.24140625 0.263671875 0.0453125 0.05078125
0 0.3375 0.2109375 0.046875 0.05078125
0 0.18203125 0.5654296875 0.0453125 0.048828125
0 0.378125 0.3935546875 0.046875 0.048828125
0 0.19140625 0.3232421875 0.0453125 0.048828125
0 0.1953125 0.1416015625 0.046875 0.048828125
0 0.49921875 0.75 0.0453125 0.05078125
0 0.41640625 0.5703125 0.0453125 0.05078125
0 0.26953125 0.7470703125 0.0484375 0.048828125
0 0.24296875 0.1455078125 0.0484375 0.052734375
0 0.29375 0.1484375 0.046875 0.05078125
0 0.4703125 0.3955078125 0.046875 0.048828125
0 0.45390625 0.748046875 0.0484375 0.05078125
0 0.28203125 0.447265625 0.0453125 0.05078125
0 0.22421875 0.6865234375 0.0453125 0.048828125
0 0.36875 0.6298828125 0.046875 0.048828125
0 0.478125 0.1591796875 0.046875 0.052734375
0 0.47265625 0.3359375 0.0453125 0.05078125
0 0.434375 0.1552734375 0.046875 0.048828125
0 0.278125 0.5673828125 0.046875 0.048828125
0 0.51953125 0.3388671875 0.0484375 0.048828125
0 0.45703125 0.6904296875 0.0453125 0.048828125
0 0.52265625 0.2197265625 0.0453125 0.052734375
0 0.38203125 0.33203125 0.0453125 0.05078125
0 0.515625 0.3974609375 0.046875 0.048828125
0 0.36328125 0.748046875 0.0484375 0.05078125
0 0.33828125 0.150390625 0.0484375 0.05078125
0 0.4765625 0.27734375 0.046875 0.05078125
0 0.5125 0.45703125 0.046875 0.05078125
0 0.503125 0.689453125 0.046875 0.05078125
0 0.18515625 0.50390625 0.0484375 0.05078125
0 0.18046875 0.625 0.0453125 0.05078125
0 0.4203125 0.5107421875 0.046875 0.048828125
0 0.52421875 0.1611328125 0.0453125 0.048828125
0 0.22265625 0.74609375 0.0453125 0.05078125
0 0.17421875 0.7470703125 0.0453125 0.048828125
