0 0.25703125 0.388671875 0.0390625 0.046875
0 0.4140625 0.333984375 0.0375 0.046875
0 0.24140625 0.458984375 0.0390625 0.046875
0 0.384375 0.4755859375 0.040625 0.048828125
0 0.45703125 0.65625 0.0390625 0.046875
0 0.47265625 0.5859375 0.0390625 0.046875
0 0.40078125 0.404296875 0.0390625 0.046875
0 0.35 0.61328125 0.0375 0.046875
0 0.4390625 0.724609375 0.0375 0.046875
0 0.21953125 0.4140625 0.0390625 0.046875
0 0.50859375 0.6767578125 0.0390625 0.048828125
0 0.2375 0.34375 0.0375 0.046875
0 0.46796875 0.35546875 0.0390625 0.046875
0 0.27265625 0.3193359375 0.0390625 0.048828125
0 0.36796875 0.546875 0.0390625 0.046875
0 0.48984375 0.515625 0.0390625 0.046875
0 0.52578125 0.60546875 0.0390625 0.046875
0 0.29140625 0.365234375 0.0390625 0.046875
0 0.40234375 0.51953125 0.0390625 0.046875
0 0.33203125 0.68359375 0.0390625 0.046875
0 0.43359375 0.37890625 0.0390625 0.046875
0 0.25859375 0.50390625 0.0390625 0.046875
0 0.49140625 0.74609375 0.0390625 0.046875
0 0.32734375 0.33984375 0.0390625 0.046875
0 0.54140625 0.53515625 0.0390625 0.046875
0 0.4296875 0.263671875 0.040625 0.046875
0 0.41796875 0.44921875 0.0390625 0.046875
0 0.31171875 0.41015625 0.0390625 0.046875
0 0.43671875 0.4951171875 0.0390625 0.048828125
0 0.42109375 0.794921875 0.0390625 0.046875
0 0.36953125 0.658203125 0.0390625 0.046875
0 0.45234375 0.423828125 0.0390625 0.046875
0 0.38671875 0.8203125 0.0390625 0.046875
0 0.31484375 0.640625 0.0390625 0.046875
0 0.50625 0.4453125 0.040625 0.046875
0 0.29375 0.48046875 0.0375 0.046875
0 0.38671875 0.58984375 0.0390625 0.046875
0 0.55703125 0.466796875 0.0390625 0.046875
0 0.30703125 0.29296875 0.0390625 0.046875
0 0.56171875 0.6953125 0.0390625 0.046875
0 0.57890625 0.6240234375 0.0390625 0.048828125
0 0.50859375 0.560546875 0.0390625 0.046875
0 0.48203125 0.28515625 0.0390625 0.046875
0 0.49140625 0.630859375 0.0390625 0.046875
0 0.27578125 0.435546875 0.0390625 0.046875
0 0.47421875 0.701171875 0.0390625 0.046875
0 0.41953125 0.564453125 0.0390625 0.046875
0 0.44921875 0.30859375 0.0390625 0.046875
0 0.62890625 0.64453125 0.0390625 0.046875
0 0.52421875 0.490234375 0.0390625 0.046875
0 0.59453125 0.5546875 0.0390625 0.046875
0 0.44296875 0.193359375 0.0390625 0.046875
0 0.37734375 0.2431640625 0.0390625 0.048828125
0 0.45703125 0.771484375 0.0390625 0.046875
0 0.36953125 0.775390625 0.0390625 0.046875
0 0.46484375 0.23828125 0.0390625 0.046875
0 0.36171875 0.314453125 0.0390625 0.046875
0 0.35234375 0.728515625 0.0390625 0.046875
0 0.40390625 0.75 0.0390625 0.046875
0 0.40390625 0.634765625 0.0390625 0.046875
0 0.4390625 0.611328125 0.0375 0.046875
0 0.59609375 0.669921875 0.0390625 0.046875
0 0.38671875 0.705078125 0.0390625 0.046875
0 0.52109375 0.375 0.0390625 0.046875
0 0.53984375 0.419921875 0.0390625 0.046875
0 0.41015625 0.21875 0.0390625 0.046875
0 0.47265625 0.4697265625 0.0390625 0.048828125
0 0.33203125 0.5703125 0.0390625 0.046875
0 0.39609375 0.291015625 0.0390625 0.046875
0 0.27890625 0.548828125 0.0390625 0.046875
0 0.34609375 0.384765625 0.0390625 0.046875
0 0.61328125 0.599609375 0.0390625 0.046875
0 0.29609375 0.595703125 0.0390625 0.046875
0 0.33984375 0.26953125 0.0390625 0.046875
0 0.38046875 0.357421875 0.0390625 0.046875
0 0.4546875 0.5400390625 0.0375 0.048828125
0 0.33046875 0.455078125 0.0390625 0.046875
0 0.365625 0.431640625 0.0375 0.046875
0 0.42109375 0.6796875 0.0390625 0.046875
0 0.34765625 0.501953125 0.0390625 0.046875
0 0.3140625 0.525390625 0.040625 0.046875
0 0.4875 0.400390625 0.0375 0.046875
0 0.56171875 0.578125 0.0390625 0.046875
0 0.52578125 0.72265625 0.0390625 0.046875
0 0.20078125 0.369140625 0.0390625 0.046875
0 0.54375 0.650390625 0.0375 0.05078125
0 0.503125 0.330078125 0.0375 0.046875
0 0.57734375 0.5107421875 0.0390625 0.048828125
