0 0.20078125 0.2841796875 0.0390625 0.048828125
0 0.13671875 0.4091796875 0.0390625 0.048828125
0 0.18671875 0.4580078125 0.0390625 0.048828125
0 0.15078125 0.2353515625 0.0390625 0.048828125
0 0.31640625 0.4912109375 0.0390625 0.048828125
0 0.30390625 0.6630859375 0.0390625 0.048828125
0 0.26796875 0.4423828125 0.0390625 0.048828125
0 0.40390625 0.5302734375 0.0390625 0.048828125
0 0.36171875 0.7666015625 0.0390625 0.048828125
0 0.23671875 0.5048828125 0.0390625 0.048828125
0 0.36484375 0.5380859375 0.0390625 0.048828125
0 0.38671875 0.4228515625 0.0390625 0.048828125
0 0.11953125 0.2978515625 0.0390625 0.048828125
0 0.16953125 0.3466796875 0.0390625 0.048828125
0 0.24921875 0.3330078125 0.0390625 0.048828125
0 0.43359375 0.4697265625 0.0390625 0.048828125
0 0.35234375 0.7099609375 0.0390625 0.048828125
0 0.23203125 0.7353515625 0.0390625 0.048828125
0 0.37421875 0.5927734375 0.0390625 0.048828125
0 0.39140625 0.7021484375 0.0390625 0.048828125
0 0.32890625 0.3193359375 0.0390625 0.048828125
0 0.35546875 0.4833984375 0.0390625 0.048828125
0 0.23203125 0.2236328125 0.0390625 0.048828125
0 0.20546875 0.5673828125 0.0390625 0.048828125
0 0.28515625 0.5537109375 0.0390625 0.048828125
0 0.42265625 0.6396484375 0.0390625 0.048828125
0 0.35078125 0.2041015625 0.0390625 0.048828125
0 0.31171875 0.2099609375 0.0390625 0.048828125
0 0.41640625 0.3623046875 0.0390625 0.048828125
0 0.29921875 0.3818359375 0.0390625 0.048828125
0 0.32109375 0.2646484375 0.0390625 0.048828125
0 0.37734375 0.3681640625 0.0390625 0.048828125
0 0.30703125 0.4365234375 0.0390625 0.048828125
0 0.25390625 0.6162109375 0.0390625 0.048828125
0 0.41328125 0.5849609375 0.0390625 0.048828125
0 0.46015625 0.6318359375 0.0390625 0.048828125
0 0.26328125 0.6708984375 0.0390625 0.048828125
0 0.17421875 0.6318359375 0.0390625 0.048828125
0 0.42578125 0.4150390625 0.0390625 0.048828125
0 0.32578125 0.5458984375 0.0390625 0.048828125
0 0.25859375 0.3876953125 0.0390625 0.048828125
0 0.36796875 0.3134765625 0.0390625 0.048828125
0 0.33828125 0.3740234375 0.0390625 0.048828125
0 0.27265625 0.2177734375 0.0390625 0.048828125
0 0.40078125 0.7587890625 0.0390625 0.048828125
0 0.31328125 0.7197265625 0.0390625 0.048828125
0 0.18359375 0.6865234375 0.0390625 0.048828125
0 0.21953125 0.3955078125 0.0390625 0.048828125
0 0.46953125 0.6865234375 0.0390625 0.048828125
0 0.15546875 0.5205078125 0.0390625 0.048828125
0 0.29453125 0.6083984375 0.0390625 0.048828125
0 0.20078125 0.7998046875 0.0390625 0.048828125
0 0.28984375 0.3271484375 0.0390625 0.048828125
0 0.24609375 0.5615234375 0.0390625 0.048828125
0 0.19609375 0.5126953125 0.0390625 0.048828125
0 0.34296875 0.6552734375 0.0390625 0.048828125
0 0.28203125 0.7822265625 0.0390625 0.048828125
0 0.24140625 0.2783203125 0.0390625 0.048828125
0 0.39921875 0.2529296875 0.0390625 0.048828125
0 0.16015625 0.2900390625 0.0390625 0.048828125
0 0.27734375 0.4970703125 0.0390625 0.048828125
0 0.33359375 0.6005859375 0.0390625 0.048828125
0 0.21015625 0.3388671875 0.0390625 0.048828125
0 0.11015625 0.2412109375 0.0390625 0.048828125
0 0.27265625 0.7275390625 0.0390625 0.048828125
0 0.16484375 0.5751953125 0.0390625 0.048828125
0 0.17890625 0.4013671875 0.0390625 0.048828125
0 0.21484375 0.6240234375 0.0390625 0.048828125
0 0.19296875 0.2294921875 0.0390625 0.048828125
0 0.14609375 0.4638671875 0.0390625 0.048828125
0 0.22734375 0.4501953125 0.0390625 0.048828125
0 0.45234375 0.5771484375 0.0390625 0.048828125
0 0.43984375 0.7490234375 0.0390625 0.048828125
0 0.28046875 0.2724609375 0.0390625 0.048828125
0 0.22421875 0.6787109375 0.0390625 0.048828125
0 0.36015625 0.2587890625 0.0390625 0.048828125
0 0.38203125 0.6474609375 0.0390625 0.048828125
0 0.19140625 0.7431640625 0.0390625 0.048828125
0 0.43046875 0.6943359375 0.0390625 0.048828125
0 0.34765625 0.4287109375 0.0390625 0.048828125
0 0.38984375 0.1982421875 0.0390625 0.048828125
0 0.39453125 0.4775390625 0.0390625 0.048828125
0 0.24140625 0.7919921875 0.0390625 0.048828125
0 0.40859375 0.3076171875 0.0390625 0.048828125
0 0.47890625 0.7412109375 0.0390625 0.048828125
0 0.32109375 0.7744140625 0.0390625 0.048828125
0 0.44296875 0.5244140625 0.0390625 0.048828125
0 0.12890625 0.3525390625 0.0390625 0.048828125
