0 0.4125 0.7861328125 0.05625 0.076171875
0 0.35 0.6904296875 0.05625 0.076171875
0 0.40390625 0.6142578125 0.0546875 0.076171875
0 0.390625 0.2724609375 0.05625 0.076171875
0 0.68125 0.6669921875 0.05625 0.076171875
0 0.3390625 0.3447265625 0.05625 0.076171875
0 0.7375 0.6787109375 0.05625 0.076171875
0 0.44375 0.2021484375 0.05625 0.076171875
0 0.2828125 0.4189453125 0.05625 0.076171875
0 0.4640625 0.7099609375 0.05625 0.076171875
0 0.628125 0.6572265625 0.05625 0.076171875
0 0.7328125 0.5927734375 0.05625 0.076171875
0 0.2359375 0.6689453125 0.05625 0.076171875
0 0.2890625 0.5927734375 0.05625 0.076171875
0 0.571875 0.6455078125 0.05625 0.076171875
0 0.4578125 0.5380859375 0.05625 0.076171875
0 0.503125 0.2958984375 0.05625 0.076171875
0 0.5765625 0.73046875 0.05625 0.078125
0 0.7921875 0.6884765625 0.05625 0.076171875
0 0.278125 0.2470703125 0.05625 0.076171875
0 0.34375 0.5166015625 0.05625 0.076171875
0 0.5546875 0.2255859375 0.05625 0.076171875
0 0.296875 0.7666015625 0.05625 0.076171875
0 0.5203125 0.7216796875 0.05625 0.076171875
0 0.51875 0.6357421875 0.05625 0.076171875
0 0.22890625 0.4951171875 0.0546875 0.076171875
0 0.6234375 0.5712890625 0.05625 0.076171875
0 0.6640625 0.2509765625 0.05625 0.076171875
0 0.396875 0.4423828125 0.05625 0.076171875
0 0.221875 0.3212890625 0.05625 0.076171875
0 0.7421875 0.7607421875 0.05625 0.076171875
0 0.33203125 0.1748046875 0.0546875 0.076171875
0 0.621875 0.4892578125 0.05625 0.076171875
0 0.2203125 0.2353515625 0.05625 0.076171875
0 0.5703125 0.5595703125 0.05625 0.076171875
0 0.6796875 0.5830078125 0.05625 0.076171875
0 0.6859375 0.751953125 0.05625 0.078125
0 0.72890625 0.5107421875 0.0546875 0.076171875
0 0.4515625 0.3701171875 0.05625 0.076171875
0 0.778125 0.4365234375 0.05625 0.076171875
0 0.215625 0.1494140625 0.05625 0.076171875
0 0.771875 0.2724609375 0.05625 0.076171875
0 0.509375 0.4638671875 0.05625 0.076171875
0 0.29375 0.6787109375 0.05625 0.076171875
0 0.7828125 0.51953125 0.05625 0.078125
0 0.2875 0.5068359375 0.05625 0.076171875
0 0.6125 0.3212890625 0.05625 0.076171875
0 0.565625 0.4775390625 0.05625 0.076171875
0 0.675 0.498046875 0.05625 0.078125
0 0.6375 0.8251953125 0.05625 0.076171875
0 0.746875 0.8466796875 0.05625 0.076171875
0 0.721875 0.3447265625 0.05625 0.076171875
0 0.5625 0.3935546875 0.05625 0.076171875
0 0.525 0.8076171875 0.05625 0.076171875
0 0.58125 0.8154296875 0.05625 0.076171875
0 0.3484375 0.6025390625 0.05625 0.076171875
0 0.690625 0.8349609375 0.05625 0.076171875
0 0.55859375 0.30859375 0.0546875 0.078125
0 0.5140625 0.5498046875 0.05625 0.076171875
0 0.340625 0.4306640625 0.05625 0.076171875
0 0.2734375 0.1611328125 0.05625 0.076171875
0 0.7875 0.6044921875 0.05625 0.076171875
0 0.796875 0.7705078125 0.05625 0.076171875
0 0.61015625 0.23828125 0.0546875 0.078125
0 0.6328125 0.7392578125 0.05625 0.076171875
0 0.46875 0.7978515625 0.05625 0.076171875
0 0.3953125 0.357421875 0.05625 0.078125
0 0.28046875 0.3330078125 0.0546875 0.076171875
0 0.446875 0.2841796875 0.05625 0.076171875
0 0.334375 0.259765625 0.05625 0.078125
0 0.4015625 0.5283203125 0.05625 0.076171875
0 0.7171875 0.2626953125 0.05625 0.076171875
0 0.6703125 0.4150390625 0.05625 0.076171875
0 0.725 0.427734375 0.05625 0.078125
0 0.225 0.4091796875 0.05625 0.076171875
0 0.50703125 0.3818359375 0.0546875 0.076171875
0 0.23125 0.5810546875 0.05625 0.076171875
0 0.453125 0.4560546875 0.05625 0.076171875
0 0.7734375 0.3544921875 0.05625 0.076171875
0 0.4078125 0.7001953125 0.05625 0.076171875
0 0.6171875 0.4033203125 0.05625 0.076171875
0 0.3875 0.189453125 0.05625 0.078125
0 0.2375 0.7548828125 0.05625 0.076171875
0 0.4625 0.6240234375 0.05625 0.076171875
0 0.66875 0.3330078125 0.05625 0.076171875
0 0.5 0.2138671875 0.05625 0.076171875
0 0.80078125 0.8564453125 0.0546875 0.076171875
0 0.3546875 0.7763671875 0.05625 0.076171875
