0 0.49140625 0.3974609375 0.0390625 0.048828125
0 0.60390625 0.7119140625 0.0390625 0.048828125
0 0.55390625 0.4013671875 0.0390625 0.048828125
0 0.51328125 0.5908203125 0.0390625 0.048828125
0 0.32578125 0.5791015625 0.0390625 0.048828125
0 0.46640625 0.2822265625 0.0390625 0.048828125
0 0.69921875 0.6787109375 0.0390625 0.048828125
0 0.39609375 0.4306640625 0.0390625 0.048828125
0 0.53984375 0.7099609375 0.0390625 0.048828125
0 0.46171875 0.3583984375 0.0390625 0.048828125
0 0.67265625 0.5615234375 0.0390625 0.048828125
0 0.45703125 0.4345703125 0.0390625 0.048828125
0 0.60078125 0.7919921875 0.0390625 0.048828125
0 0.51640625 0.5146484375 0.0390625 0.048828125
0 0.45078125 0.5869140625 0.0390625 0.048828125
0 0.54296875 0.6318359375 0.0390625 0.048828125
0 0.42109375 0.5458984375 0.0390625 0.048828125
0 0.26640625 0.4990234375 0.0390625 0.048828125
0 0.70546875 0.5244140625 0.0390625 0.048828125
0 0.27109375 0.4208984375 0.0390625 0.048828125
0 0.39921875 0.3544921875 0.0390625 0.048828125
0 0.50703125 0.7470703125 0.0390625 0.048828125
0 0.57890625 0.5166015625 0.0390625 0.048828125
0 0.45390625 0.5107421875 0.0390625 0.048828125
0 0.64609375 0.4443359375 0.0390625 0.048828125
0 0.35859375 0.5439453125 0.0390625 0.048828125
0 0.57578125 0.5947265625 0.0390625 0.048828125
0 0.64296875 0.5205078125 0.0390625 0.048828125
0 0.60546875 0.6357421875 0.0390625 0.048828125
0 0.43203125 0.3173828125 0.0390625 0.048828125
0 0.41328125 0.7021484375 0.0390625 0.048828125
0 0.60859375 0.5576171875 0.0390625 0.048828125
0 0.58203125 0.4404296875 0.0390625 0.048828125
0 0.70234375 0.6025390625 0.0390625 0.048828125
0 0.36171875 0.4658203125 0.0390625 0.048828125
0 0.50390625 0.8251953125 0.0390625 0.048828125
0 0.54921875 0.4775390625 0.0390625 0.048828125
0 0.61171875 0.4814453125 0.0390625 0.048828125
0 0.49453125 0.3212890625 0.0390625 0.048828125
0 0.52734375 0.2861328125 0.0390625 0.048828125
0 0.44765625 0.6650390625 0.0390625 0.048828125
0 0.54609375 0.5537109375 0.0390625 0.048828125
0 0.38359375 0.6611328125 0.0390625 0.048828125
0 0.35546875 0.6201171875 0.0390625 0.048828125
0 0.42421875 0.4697265625 0.0390625 0.048828125
0 0.32890625 0.5029296875 0.0390625 0.048828125
0 0.44296875 0.7431640625 0.0390625 0.048828125
0 0.33359375 0.4267578125 0.0390625 0.048828125
0 0.29609375 0.5400390625 0.0390625 0.048828125
0 0.51015625 0.6689453125 0.0390625 0.048828125
0 0.38828125 0.5830078125 0.0390625 0.048828125
0 0.39140625 0.5068359375 0.0390625 0.048828125
0 0.58671875 0.3642578125 0.0390625 0.048828125
0 0.30078125 0.4619140625 0.0390625 0.048828125
0 0.52421875 0.3623046875 0.0390625 0.048828125
0 0.55703125 0.3251953125 0.0390625 0.048828125
0 0.30390625 0.3857421875 0.0390625 0.048828125
0 0.40390625 0.2783203125 0.0390625 0.048828125
0 0.41640625 0.6240234375 0.0390625 0.048828125
0 0.66953125 0.6376953125 0.0390625 0.048828125
0 0.53671875 0.7880859375 0.0390625 0.048828125
0 0.23828125 0.4580078125 0.0390625 0.048828125
0 0.63984375 0.5986328125 0.0390625 0.048828125
0 0.51953125 0.4384765625 0.0390625 0.048828125
0 0.67578125 0.4853515625 0.0390625 0.048828125
0 0.36640625 0.3896484375 0.0390625 0.048828125
0 0.63671875 0.6748046875 0.0390625 0.048828125
0 0.48359375 0.5498046875 0.0390625 0.048828125
0 0.47734375 0.7060546875 0.0390625 0.048828125
0 0.63359375 0.7529296875 0.0390625 0.048828125
0 0.56953125 0.7509765625 0.0390625 0.048828125
0 0.57265625 0.6728515625 0.0390625 0.048828125
0 0.48671875 0.4736328125 0.0390625 0.048828125
0 0.42890625 0.3935546875 0.0390625 0.048828125
0 0.76640625 0.6064453125 0.0390625 0.048828125
0 0.33671875 0.3505859375 0.0390625 0.048828125
0 0.37109375 0.3134765625 0.0390625 0.048828125
0 0.56796875 0.8291015625 0.0390625 0.048828125
0 0.49921875 0.2451171875 0.0390625 0.048828125
0 0.47421875 0.7841796875 0.0390625 0.048828125
0 0.73359375 0.6416015625 0.0390625 0.048828125
0 0.66640625 0.7158203125 0.0390625 0.048828125
0 0.53515625 0.8662109375 0.0390625 0.048828125
0 0.46953125 0.2060546875 0.0390625 0.048828125
0 0.48046875 0.6279296875 0.0390625 0.048828125
0 0.61640625 0.4052734375 0.0390625 0.048828125
0 0.43671875 0.2412109375 0.0390625 0.048828125
0 0.73515625 0.5654296875 0.0390625 0.048828125
