0 0.42109375 0.6083984375 0.0515625 0.064453125
0 0.428125 0.4697265625 0.053125 0.064453125
0 0.48203125 0.4013671875 0.0515625 0.060546875
0 0.3859375 0.2568359375 0.05 0.060546875
0 0.27109375 0.5400390625 0.0515625 0.060546875
0 0.26484375 0.6826171875 0.0515625 0.060546875
0 0.36796875 0.6796875 0.0515625 0.0625
0 0.22109375 0.470703125 0.0515625 0.0625
0 0.43125 0.3994140625 0.05 0.064453125
0 0.4140625 0.74609375 0.05 0.0625
0 0.53203125 0.3984375 0.0515625 0.0625
0 0.47734375 0.4677734375 0.0515625 0.060546875
0 0.22734375 0.326171875 0.0515625 0.0625
0 0.178125 0.2568359375 0.053125 0.060546875
0 0.17265625 0.3984375 0.0484375 0.0625
0 0.27421875 0.4697265625 0.0484375 0.064453125
0 0.51484375 0.744140625 0.0515625 0.0625
0 0.27734375 0.3994140625 0.0515625 0.064453125
0 0.10234375 0.7568359375 0.0515625 0.060546875
0 0.16953125 0.4697265625 0.0515625 0.064453125
0 0.23125 0.2568359375 0.05 0.060546875
0 0.38046875 0.3984375 0.0515625 0.0625
0 0.3828125 0.3291015625 0.053125 0.060546875
0 0.215625 0.6123046875 0.05 0.060546875
0 0.32890625 0.3984375 0.0515625 0.0625
0 0.46484375 0.7451171875 0.0515625 0.064453125
0 0.115625 0.470703125 0.053125 0.0625
0 0.125 0.2548828125 0.05 0.064453125
0 0.16328125 0.6142578125 0.0515625 0.064453125
0 0.37890625 0.4677734375 0.0515625 0.060546875
0 0.43515625 0.3310546875 0.0515625 0.064453125
0 0.36953125 0.6103515625 0.0515625 0.060546875
0 0.47578125 0.5380859375 0.0515625 0.060546875
0 0.1609375 0.68359375 0.053125 0.0625
0 0.43671875 0.2587890625 0.0515625 0.064453125
0 0.32265625 0.5390625 0.0515625 0.0625
0 0.3203125 0.6083984375 0.053125 0.064453125
0 0.22578125 0.3984375 0.0515625 0.0625
0 0.06171875 0.470703125 0.0515625 0.0625
0 0.21015625 0.68359375 0.0515625 0.0625
0 0.10546875 0.6845703125 0.0515625 0.060546875
0 0.42421875 0.5390625 0.0515625 0.0625
0 0.21953125 0.5400390625 0.0515625 0.060546875
0 0.36328125 0.7490234375 0.0515625 0.060546875
0 0.28203125 0.3271484375 0.0515625 0.064453125
0 0.06796875 0.326171875 0.0515625 0.0625
0 0.31171875 0.7509765625 0.0515625 0.064453125
0 0.51796875 0.673828125 0.0515625 0.0625
0 0.1125 0.5400390625 0.05 0.060546875
0 0.28359375 0.2587890625 0.0515625 0.064453125
0 0.26796875 0.6103515625 0.0515625 0.060546875
0 0.48828125 0.259765625 0.0515625 0.0625
0 0.16484375 0.5419921875 0.0515625 0.064453125
0 0.48515625 0.3291015625 0.0484375 0.060546875
0 0.20859375 0.7529296875 0.0515625 0.064453125
0 0.17578125 0.326171875 0.0515625 0.0625
0 0.3734375 0.5400390625 0.05 0.060546875
0 0.11953125 0.3994140625 0.0515625 0.064453125
0 0.41953125 0.6787109375 0.0515625 0.064453125
0 0.2609375 0.751953125 0.05 0.0625
0 0.52421875 0.5380859375 0.0484375 0.060546875
0 0.32421875 0.4697265625 0.0515625 0.064453125
0 0.52890625 0.4677734375 0.0515625 0.060546875
0 0.15546875 0.75390625 0.0484375 0.0625
0 0.52109375 0.607421875 0.0515625 0.0625
0 0.33515625 0.259765625 0.0515625 0.0625
0 0.471875 0.607421875 0.05 0.0625
0 0.33203125 0.3291015625 0.0484375 0.060546875
0 0.3171875 0.6806640625 0.05 0.064453125
0 0.05703125 0.54296875 0.0515625 0.0625
0 0.0703125 0.2548828125 0.053125 0.064453125
0 0.12265625 0.3271484375 0.0515625 0.064453125
0 0.0515625 0.6865234375 0.05 0.064453125
0 0.10859375 0.6123046875 0.0515625 0.060546875
0 0.06484375 0.3984375 0.0484375 0.0625
0 0.04765625 0.7587890625 0.0484375 0.064453125
0 0.5390625 0.259765625 0.05 0.0625
0 0.46796875 0.6748046875 0.0484375 0.064453125
0 0.53359375 0.3291015625 0.0515625 0.060546875
0 0.05546875 0.6142578125 0.0515625 0.064453125
0 0.01640625 0.255859375 0.0203125 0.05859375
0 0.01484375 0.326171875 0.0171875 0.0625
