0 0.5515625 0.6083984375 0.05625 0.060546875
0 0.5109375 0.3271484375 0.05625 0.060546875
0 0.74375 0.6123046875 0.05625 0.060546875
0 0.2890625 0.443359375 0.05625 0.0625
0 0.4015625 0.486328125 0.05625 0.0625
0 0.4390625 0.56640625 0.05625 0.0625
0 0.6296875 0.5703125 0.05625 0.0625
0 0.3453125 0.466796875 0.05625 0.0625
0 0.5171875 0.73046875 0.05625 0.05859375
0 0.575 0.7509765625 0.05625 0.060546875
0 0.26875 0.7060546875 0.053125 0.060546875
0 0.4578125 0.5087890625 0.05625 0.060546875
0 0.3828125 0.748046875 0.05625 0.0625
0 0.590625 0.4892578125 0.05625 0.060546875
0 0.63125 0.7734375 0.05625 0.0625
0 0.70625 0.7353515625 0.05625 0.060546875
0 0.3828125 0.5478515625 0.05625 0.060546875
0 0.4015625 0.6865234375 0.05625 0.060546875
0 0.6859375 0.58984375 0.05625 0.0625
0 0.3625 0.60546875 0.05625 0.0625
0 0.2109375 0.68359375 0.05625 0.0625
0 0.6875 0.796875 0.05625 0.0625
0 0.25 0.5634765625 0.05625 0.060546875
0 0.590625 0.689453125 0.05625 0.0625
0 0.3203125 0.3271484375 0.05625 0.060546875
0 0.7765625 0.4921875 0.05625 0.0625
0 0.3265625 0.5244140625 0.05625 0.060546875
0 0.3265625 0.7255859375 0.05625 0.060546875
0 0.7625 0.55078125 0.05625 0.0625
0 0.2109375 0.482421875 0.05625 0.0625
0 0.475 0.447265625 0.05625 0.0625
0 0.646875 0.5087890625 0.05625 0.060546875
0 0.2890625 0.64453125 0.05625 0.0625
0 0.70625 0.53125 0.05625 0.0625
0 0.3984375 0.2880859375 0.05625 0.060546875
0 0.3625 0.4052734375 0.05625 0.060546875
0 0.4390625 0.7705078125 0.05625 0.060546875
0 0.5171875 0.5283203125 0.05625 0.060546875
0 0.41875 0.427734375 0.05625 0.0625
0 0.3484375 0.6669921875 0.05625 0.060546875
0 0.5734375 0.5478515625 0.05625 0.060546875
0 0.303125 0.3857421875 0.05625 0.060546875
0 0.2328125 0.625 0.05625 0.0625
0 0.534375 0.46875 0.05625 0.05859375
0 0.1546875 0.6640625 0.05625 0.0625
0 0.5375 0.669921875 0.05625 0.0625
0 0.6828125 0.388671875 0.05625 0.0625
0 0.6671875 0.6513671875 0.05625 0.060546875
0 0.7953125 0.427734375 0.05625 0.0625
0 0.4359375 0.3662109375 0.05625 0.060546875
0 0.19375 0.5439453125 0.05625 0.060546875
0 0.6640625 0.4501953125 0.05625 0.060546875
0 0.5671875 0.34765625 0.05625 0.05859375
0 0.65 0.7119140625 0.05625 0.060546875
0 0.6234375 0.369140625 0.05625 0.0625
0 0.5515625 0.8125 0.05625 0.0625
0 0.2671875 0.5048828125 0.05625 0.060546875
0 0.4578125 0.708984375 0.05625 0.0625
0 0.7390625 0.408203125 0.05625 0.0625
0 0.81875 0.572265625 0.05625 0.05859375
0 0.2640625 0.3076171875 0.05625 0.060546875
0 0.7828125 0.6962890625 0.05625 0.060546875
0 0.2296875 0.427734375 0.05625 0.0625
0 0.5515625 0.408203125 0.05625 0.0625
0 0.478125 0.6474609375 0.05625 0.060546875
0 0.7625 0.7548828125 0.05625 0.060546875
0 0.66875 0.8583984375 0.053125 0.060546875
0 0.4546875 0.3076171875 0.05625 0.060546875
0 0.340625 0.2685546875 0.053125 0.060546875
0 0.74375 0.8193359375 0.05625 0.060546875
0 0.3796875 0.34765625 0.05625 0.05859375
0 0.7265625 0.673828125 0.05625 0.0625
0 0.6078125 0.427734375 0.05625 0.0625
0 0.175 0.6025390625 0.053125 0.060546875
0 0.246875 0.3662109375 0.05625 0.060546875
0 0.4921875 0.388671875 0.05625 0.0625
0 0.421875 0.626953125 0.05625 0.05859375
0 0.7203125 0.4697265625 0.05625 0.060546875
0 0.8 0.634765625 0.05625 0.0625
0 0.4953125 0.5859375 0.05625 0.0625
0 0.8359375 0.51171875 0.05625 0.0625
0 0.4953125 0.79296875 0.05625 0.0625
0 0.30625 0.5859375 0.05625 0.0625
0 0.6109375 0.6318359375 0.05625 0.060546875
0 0.8546875 0.4501953125 0.05625 0.060546875
0 0.7234375 0.880859375 0.05625 0.0625
0 0.2828125 0.25 0.05625 0.0625
0 0.6109375 0.833984375 0.05625 0.05859375
