0 0.48671875 0.3095703125 0.0390625 0.048828125
0 0.46171875 0.4970703125 0.0390625 0.048828125
0 0.62265625 0.6572265625 0.0390625 0.048828125
0 0.29921875 0.3388671875 0.0390625 0.048828125
0 0.43671875 0.6845703125 0.0390625 0.048828125
0 0.58828125 0.3564453125 0.0390625 0.048828125
0 0.47265625 0.1884765625 0.0390625 0.048828125
0 0.57421875 0.2353515625 0.0390625 0.048828125
0 0.64921875 0.4697265625 0.0390625 0.048828125
0 0.36015625 0.4521484375 0.0390625 0.048828125
0 0.38984375 0.6904296875 0.0390625 0.048828125
0 0.63828125 0.7763671875 0.0390625 0.048828125
0 0.66328125 0.5908203125 0.0390625 0.048828125
0 0.56171875 0.5439453125 0.0390625 0.048828125
0 0.42890625 0.6240234375 0.0390625 0.048828125
0 0.38671875 0.2646484375 0.0390625 0.048828125
0 0.42265625 0.5654296875 0.0390625 0.048828125
0 0.45390625 0.4384765625 0.0390625 0.048828125
0 0.33828125 0.2705078125 0.0390625 0.048828125
0 0.44765625 0.3779296875 0.0390625 0.048828125
0 0.53671875 0.7294921875 0.0390625 0.048828125
0 0.40078125 0.3857421875 0.0390625 0.048828125
0 0.41484375 0.5048828125 0.0390625 0.048828125
0 0.45078125 0.8037109375 0.0390625 0.048828125
0 0.47578125 0.6181640625 0.0390625 0.048828125
0 0.39609375 0.7509765625 0.0390625 0.048828125
0 0.33515625 0.6376953125 0.0390625 0.048828125
0 0.58203125 0.2958984375 0.0390625 0.048828125
0 0.57578125 0.6630859375 0.0390625 0.048828125
0 0.51484375 0.5498046875 0.0390625 0.048828125
0 0.61640625 0.5966796875 0.0390625 0.048828125
0 0.48984375 0.7373046875 0.0390625 0.048828125
0 0.43984375 0.3173828125 0.0390625 0.048828125
0 0.63515625 0.3486328125 0.0390625 0.048828125
0 0.42578125 0.1962890625 0.0390625 0.048828125
0 0.37421875 0.5712890625 0.0390625 0.048828125
0 0.50078125 0.4306640625 0.0390625 0.048828125
0 0.52265625 0.6103515625 0.0390625 0.048828125
0 0.55546875 0.4833984375 0.0390625 0.048828125
0 0.52890625 0.6708984375 0.0390625 0.048828125
0 0.60234375 0.4775390625 0.0390625 0.048828125
0 0.32890625 0.5791015625 0.0390625 0.048828125
0 0.35390625 0.3916015625 0.0390625 0.048828125
0 0.62265625 0.2275390625 0.0390625 0.048828125
0 0.48046875 0.2490234375 0.0390625 0.048828125
0 0.40390625 0.8095703125 0.0390625 0.048828125
0 0.28515625 0.2177734375 0.0390625 0.048828125
0 0.31328125 0.4580078125 0.0390625 0.048828125
0 0.34921875 0.7568359375 0.0390625 0.048828125
0 0.59609375 0.4169921875 0.0390625 0.048828125
0 0.39296875 0.3251953125 0.0390625 0.048828125
0 0.61640625 0.1669921875 0.0390625 0.048828125
0 0.36796875 0.5126953125 0.0390625 0.048828125
0 0.65703125 0.5302734375 0.0390625 0.048828125
0 0.58984375 0.7822265625 0.0390625 0.048828125
0 0.29140625 0.2783203125 0.0390625 0.048828125
0 0.49453125 0.3701171875 0.0390625 0.048828125
0 0.49765625 0.7958984375 0.0390625 0.048828125
0 0.63046875 0.7158203125 0.0390625 0.048828125
0 0.52734375 0.2431640625 0.0390625 0.048828125
0 0.52109375 0.1806640625 0.0390625 0.048828125
0 0.56796875 0.1728515625 0.0390625 0.048828125
0 0.64296875 0.4091796875 0.0390625 0.048828125
0 0.56953125 0.6044921875 0.0390625 0.048828125
0 0.54765625 0.4248046875 0.0390625 0.048828125
0 0.67734375 0.7099609375 0.0390625 0.048828125
0 0.62890625 0.2880859375 0.0390625 0.048828125
0 0.43359375 0.2568359375 0.0390625 0.048828125
0 0.54140625 0.3642578125 0.0390625 0.048828125
0 0.34296875 0.6982421875 0.0390625 0.048828125
0 0.61015625 0.5361328125 0.0390625 0.048828125
0 0.40703125 0.4443359375 0.0390625 0.048828125
0 0.37890625 0.2041015625 0.0390625 0.048828125
0 0.58359375 0.7236328125 0.0390625 0.048828125
0 0.53515625 0.3037109375 0.0390625 0.048828125
0 0.46796875 0.5576171875 0.0390625 0.048828125
0 0.34609375 0.3310546875 0.0390625 0.048828125
0 0.48203125 0.6767578125 0.0390625 0.048828125
0 0.35703125 0.8173828125 0.0390625 0.048828125
0 0.33203125 0.2119140625 0.0390625 0.048828125
0 0.54453125 0.7900390625 0.0390625 0.048828125
0 0.32109375 0.5185546875 0.0390625 0.048828125
0 0.44296875 0.7431640625 0.0390625 0.048828125
0 0.38203125 0.6318359375 0.0390625 0.048828125
0 0.50859375 0.4912109375 0.0390625 0.048828125
0 0.68515625 0.7705078125 0.0390625 0.048828125
0 0.30703125 0.3994140625 0.0390625 0.048828125
0 0.67109375 0.6494140625 0.0390625 0.048828125
