0 0.38828125 0.6484375 0.0453125 0.0546875
0 0.53515625 0.203125 0.0453125 0.0546875
0 0.46328125 0.6484375 0.0453125 0.0546875
0 0.46171875 0.201171875 0.0453125 0.0546875
0 0.38828125 0.73828125 0.0453125 0.0546875
0 0.57265625 0.248046875 0.0453125 0.0546875
0 0.31484375 0.646484375 0.0453125 0.0546875
0 0.46328125 0.740234375 0.0453125 0.0546875
0 0.35234375 0.873046875 0.0453125 0.0546875
0 0.46328125 0.830078125 0.0453125 0.0546875
0 0.6109375 0.650390625 0.04375 0.0546875
0 0.20234375 0.6015625 0.0453125 0.0546875
0 0.38828125 0.5595703125 0.0453125 0.052734375
0 0.20234375 0.6923828125 0.0453125 0.052734375
0 0.27734375 0.513671875 0.0453125 0.0546875
0 0.6109375 0.5625 0.04375 0.0546875
0 0.31484375 0.5576171875 0.0453125 0.052734375
0 0.31484375 0.73828125 0.0453125 0.0546875
0 0.20234375 0.51171875 0.0453125 0.0546875
0 0.35078125 0.3359375 0.0453125 0.0546875
0 0.42734375 0.875 0.0453125 0.0546875
0 0.53671875 0.6484375 0.0453125 0.0546875
0 0.38828125 0.830078125 0.0453125 0.0546875
0 0.68515625 0.5625 0.0453125 0.0546875
0 0.64921875 0.515625 0.0453125 0.0546875
0 0.46328125 0.5595703125 0.0453125 0.052734375
0 0.27890625 0.603515625 0.0453125 0.0546875
0 0.27734375 0.4228515625 0.0453125 0.052734375
0 0.53671875 0.380859375 0.0453125 0.0546875
0 0.72265625 0.4296875 0.0453125 0.0546875
0 0.425 0.3359375 0.04375 0.0546875
0 0.35234375 0.603515625 0.0453125 0.0546875
0 0.46328125 0.470703125 0.0453125 0.0546875
0 0.49921875 0.3359375 0.0453125 0.0546875
0 0.38828125 0.470703125 0.0453125 0.0546875
0 0.53671875 0.5595703125 0.0453125 0.052734375
0 0.42734375 0.603515625 0.0453125 0.0546875
0 0.49921875 0.24609375 0.0453125 0.0546875
0 0.646875 0.427734375 0.04375 0.0546875
0 0.38828125 0.2900390625 0.0453125 0.052734375
0 0.425 0.4248046875 0.04375 0.052734375
0 0.31484375 0.8271484375 0.0453125 0.052734375
0 0.42734375 0.783203125 0.0453125 0.0546875
0 0.24140625 0.646484375 0.0453125 0.0546875
0 0.68515625 0.47265625 0.0453125 0.0546875
0 0.53671875 0.29296875 0.0453125 0.0546875
0 0.35078125 0.783203125 0.0453125 0.0546875
0 0.53671875 0.470703125 0.0453125 0.0546875
0 0.35078125 0.4248046875 0.0453125 0.052734375
0 0.50078125 0.783203125 0.0453125 0.0546875
0 0.16640625 0.5576171875 0.0453125 0.052734375
0 0.53671875 0.740234375 0.0453125 0.0546875
0 0.6109375 0.3837890625 0.04375 0.052734375
0 0.50078125 0.6943359375 0.0453125 0.052734375
0 0.46328125 0.380859375 0.0453125 0.0546875
0 0.27734375 0.6923828125 0.0453125 0.052734375
0 0.35234375 0.513671875 0.0453125 0.0546875
0 0.24140625 0.5576171875 0.0453125 0.052734375
0 0.50078125 0.427734375 0.0453125 0.0546875
0 0.425 0.24609375 0.04375 0.0546875
0 0.46328125 0.29296875 0.0453125 0.0546875
0 0.49921875 0.158203125 0.0453125 0.0546875
0 0.16640625 0.646484375 0.0453125 0.0546875
0 0.57265625 0.337890625 0.0453125 0.0546875
0 0.57421875 0.697265625 0.0453125 0.0546875
0 0.6109375 0.29296875 0.04375 0.0546875
0 0.27734375 0.78125 0.0453125 0.0546875
0 0.6109375 0.47265625 0.04375 0.0546875
0 0.12890625 0.6015625 0.0453125 0.0546875
0 0.76015625 0.47265625 0.0453125 0.0546875
0 0.72265625 0.5185546875 0.0453125 0.052734375
0 0.24140625 0.73828125 0.0453125 0.0546875
0 0.24140625 0.46875 0.0453125 0.0546875
0 0.50078125 0.60546875 0.0453125 0.0546875
0 0.42734375 0.513671875 0.0453125 0.0546875
0 0.646875 0.337890625 0.04375 0.0546875
0 0.38828125 0.380859375 0.0453125 0.0546875
0 0.64921875 0.607421875 0.0453125 0.0546875
0 0.68515625 0.3837890625 0.0453125 0.052734375
0 0.42734375 0.6943359375 0.0453125 0.052734375
0 0.31484375 0.46875 0.0453125 0.0546875
0 0.50078125 0.515625 0.0453125 0.0546875
0 0.35234375 0.6943359375 0.0453125 0.052734375
0 0.57265625 0.427734375 0.0453125 0.0546875
0 0.57421875 0.60546875 0.0453125 0.0546875
0 0.31484375 0.37890625 0.0453125 0.0546875
0 0.38828125 0.91796875 0.0453125 0.0546875
0 0.57265625 0.515625 0.0453125 0.0546875
