0 0.715625 0.7255859375 0.059375 0.052734375
0 0.703125 0.603515625 0.059375 0.05078125
0 0.4109375 0.4970703125 0.059375 0.056640625
0 0.84921875 0.6533203125 0.0609375 0.052734375
0 0.64609375 0.7314453125 0.0609375 0.052734375
0 0.6140625 0.423828125 0.059375 0.05078125
0 0.55703125 0.5517578125 0.0609375 0.052734375
0 0.45390625 0.2470703125 0.0640625 0.052734375
0 0.6015625 0.2998046875 0.059375 0.052734375
0 0.321875 0.3193359375 0.059375 0.052734375
0 0.44296875 0.8076171875 0.0609375 0.052734375
0 0.73515625 0.2275390625 0.0609375 0.052734375
0 0.54453125 0.4267578125 0.0609375 0.052734375
0 0.3984375 0.3740234375 0.059375 0.052734375
0 0.85703125 0.716796875 0.0640625 0.05078125
0 0.66484375 0.2333984375 0.0609375 0.052734375
0 0.8109375 0.2861328125 0.059375 0.052734375
0 0.65234375 0.7939453125 0.0609375 0.052734375
0 0.525 0.2412109375 0.059375 0.052734375
0 0.6203125 0.4853515625 0.059375 0.052734375
0 0.5 0.6787109375 0.059375 0.052734375
0 0.46171875 0.3076171875 0.0609375 0.052734375
0 0.709375 0.6630859375 0.059375 0.056640625
0 0.6078125 0.3603515625 0.059375 0.052734375
0 0.35390625 0.6259765625 0.0609375 0.052734375
0 0.67109375 0.2939453125 0.0609375 0.052734375
0 0.34140625 0.5009765625 0.0609375 0.052734375
0 0.690625 0.4794921875 0.059375 0.052734375
0 0.4234375 0.6201171875 0.059375 0.052734375
0 0.5125 0.8017578125 0.059375 0.052734375
0 0.76015625 0.4736328125 0.0609375 0.052734375
0 0.51875 0.1806640625 0.059375 0.052734375
0 0.46796875 0.3720703125 0.0609375 0.052734375
0 0.48671875 0.5537109375 0.0609375 0.052734375
0 0.55078125 0.4873046875 0.0609375 0.052734375
0 0.403125 0.4384765625 0.0625 0.052734375
0 0.63359375 0.6064453125 0.0609375 0.052734375
0 0.74765625 0.3525390625 0.0609375 0.052734375
0 0.50625 0.7412109375 0.059375 0.052734375
0 0.65859375 0.1689453125 0.0609375 0.052734375
0 0.75390625 0.4130859375 0.0609375 0.052734375
0 0.43046875 0.6845703125 0.0609375 0.052734375
0 0.8234375 0.4072265625 0.059375 0.052734375
0 0.53203125 0.3056640625 0.0609375 0.052734375
0 0.72890625 0.1669921875 0.0609375 0.052734375
0 0.38515625 0.2490234375 0.0609375 0.052734375
0 0.8171875 0.3466796875 0.059375 0.052734375
0 0.415625 0.5595703125 0.0625 0.052734375
0 0.36484375 0.75 0.0640625 0.05078125
0 0.315625 0.2548828125 0.059375 0.052734375
0 0.76640625 0.537109375 0.0609375 0.05078125
0 0.8046875 0.2216796875 0.059375 0.052734375
0 0.309375 0.1943359375 0.059375 0.052734375
0 0.696875 0.5400390625 0.059375 0.052734375
0 0.6265625 0.5458984375 0.059375 0.052734375
0 0.83671875 0.5322265625 0.0609375 0.052734375
0 0.56328125 0.6123046875 0.0609375 0.052734375
0 0.49375 0.6181640625 0.059375 0.052734375
0 0.56953125 0.6748046875 0.0609375 0.052734375
0 0.77890625 0.6591796875 0.0609375 0.052734375
0 0.34765625 0.5654296875 0.0609375 0.052734375
0 0.5890625 0.1748046875 0.059375 0.052734375
0 0.7921875 0.783203125 0.059375 0.05078125
0 0.325 0.3798828125 0.059375 0.052734375
0 0.77265625 0.5986328125 0.0609375 0.052734375
0 0.36015625 0.6884765625 0.0609375 0.052734375
0 0.86171875 0.7783203125 0.0609375 0.052734375
0 0.57578125 0.736328125 0.0609375 0.05078125
0 0.5953125 0.2353515625 0.059375 0.052734375
0 0.721875 0.7861328125 0.059375 0.052734375
0 0.47421875 0.4326171875 0.0609375 0.052734375
0 0.78515625 0.7197265625 0.0609375 0.052734375
0 0.67578125 0.357421875 0.0640625 0.05078125
0 0.3921875 0.3134765625 0.059375 0.052734375
0 0.37265625 0.8134765625 0.0609375 0.052734375
0 0.58203125 0.798828125 0.0609375 0.0546875
0 0.43671875 0.7451171875 0.0609375 0.052734375
0 0.53828125 0.3662109375 0.0609375 0.052734375
0 0.63984375 0.669921875 0.0609375 0.05078125
0 0.84296875 0.5927734375 0.0609375 0.052734375
0 0.37578125 0.1884765625 0.0609375 0.052734375
0 0.33515625 0.4404296875 0.0609375 0.052734375
0 0.74140625 0.291015625 0.0609375 0.05078125
0 0.83046875 0.470703125 0.0609375 0.05078125
0 0.44921875 0.1826171875 0.0609375 0.052734375
0 0.7984375 0.1630859375 0.059375 0.052734375
0 0.48046875 0.4931640625 0.0609375 0.052734375
0 0.68359375 0.4150390625 0.0609375 0.052734375
