0 0.278125 0.740234375 0.05 0.0546875
0 0.41328125 0.486328125 0.0515625 0.0546875
0 0.628125 0.5185546875 0.05 0.056640625
0 0.340625 0.6787109375 0.05 0.056640625
0 0.56796875 0.57421875 0.0515625 0.0546875
0 0.4484375 0.693359375 0.05 0.0546875
0 0.471875 0.4287109375 0.05 0.056640625
0 0.50859375 0.6337890625 0.0515625 0.056640625
0 0.39921875 0.6171875 0.0515625 0.0546875
0 0.5328125 0.37109375 0.05 0.0546875
0 0.5265625 0.4375 0.05 0.0546875
0 0.46640625 0.4951171875 0.0515625 0.056640625
0 0.29765625 0.5380859375 0.0515625 0.056640625
0 0.40703125 0.552734375 0.0515625 0.0546875
0 0.58515625 0.37890625 0.0515625 0.0546875
0 0.32890625 0.203125 0.0515625 0.0546875
0 0.37578125 0.279296875 0.0515625 0.0546875
0 0.2484375 0.462890625 0.05 0.0546875
0 0.31171875 0.4052734375 0.0515625 0.056640625
0 0.24296875 0.529296875 0.0515625 0.0546875
0 0.5796875 0.447265625 0.05 0.0546875
0 0.5921875 0.314453125 0.05 0.05859375
0 0.36015625 0.48046875 0.0515625 0.0546875
0 0.3171875 0.337890625 0.05 0.0546875
0 0.23671875 0.595703125 0.0515625 0.0546875
0 0.4953125 0.767578125 0.05 0.0546875
0 0.41875 0.419921875 0.05 0.0546875
0 0.6390625 0.3876953125 0.05 0.056640625
0 0.46015625 0.560546875 0.0515625 0.0546875
0 0.26640625 0.873046875 0.0515625 0.0546875
0 0.53671875 0.908203125 0.0515625 0.0546875
0 0.42734375 0.892578125 0.0484375 0.0546875
0 0.26796875 0.2626953125 0.0515625 0.056640625
0 0.346875 0.6123046875 0.05 0.056640625
0 0.29140625 0.6044921875 0.0515625 0.056640625
0 0.53828125 0.306640625 0.0515625 0.0546875
0 0.2546875 0.396484375 0.05 0.0546875
0 0.5953125 0.84765625 0.05 0.05859375
0 0.434375 0.82421875 0.05 0.0546875
0 0.5890625 0.9150390625 0.05 0.056640625
0 0.4796875 0.36328125 0.05 0.0546875
0 0.35234375 0.544921875 0.0515625 0.0546875
0 0.3703125 0.345703125 0.05 0.0546875
0 0.30390625 0.4716796875 0.0515625 0.056640625
0 0.48984375 0.83203125 0.0515625 0.0546875
0 0.325 0.8115234375 0.05 0.056640625
0 0.51875 0.5029296875 0.05 0.056640625
0 0.43828125 0.2216796875 0.0515625 0.056640625
0 0.3875 0.7529296875 0.05 0.056640625
0 0.22890625 0.6640625 0.0515625 0.0546875
0 0.4421875 0.76171875 0.05 0.0546875
0 0.59921875 0.2470703125 0.0515625 0.056640625
0 0.33515625 0.7451171875 0.0515625 0.056640625
0 0.56171875 0.642578125 0.0515625 0.0546875
0 0.2703125 0.806640625 0.05 0.0546875
0 0.603125 0.78125 0.05 0.05859375
0 0.54921875 0.7744140625 0.0484375 0.056640625
0 0.503125 0.7001953125 0.05 0.056640625
0 0.38359375 0.212890625 0.0515625 0.0546875
0 0.48359375 0.8984375 0.0515625 0.0546875
0 0.39375 0.6845703125 0.05 0.056640625
0 0.57578125 0.51171875 0.0515625 0.0546875
0 0.31953125 0.87890625 0.0515625 0.0546875
0 0.2171875 0.796875 0.05 0.0546875
0 0.5453125 0.240234375 0.05 0.0546875
0 0.62265625 0.583984375 0.0515625 0.0546875
0 0.63203125 0.4521484375 0.0515625 0.056640625
0 0.55625 0.70703125 0.05 0.05859375
0 0.3234375 0.26953125 0.05 0.0546875
0 0.2859375 0.6708984375 0.05 0.056640625
0 0.45390625 0.626953125 0.0515625 0.0546875
0 0.61484375 0.6484375 0.0515625 0.0546875
0 0.51328125 0.5693359375 0.0515625 0.056640625
0 0.64609375 0.3212890625 0.0515625 0.056640625
0 0.2625 0.3291015625 0.05 0.056640625
0 0.48515625 0.296875 0.0515625 0.0546875
0 0.38046875 0.8193359375 0.0484375 0.056640625
0 0.4328125 0.2880859375 0.05 0.056640625
0 0.49140625 0.23046875 0.0515625 0.0546875
0 0.37421875 0.8857421875 0.0515625 0.056640625
0 0.60859375 0.71484375 0.0515625 0.0546875
0 0.6515625 0.255859375 0.05 0.0546875
0 0.5421875 0.8408203125 0.05 0.056640625
0 0.425 0.3544921875 0.05 0.056640625
0 0.36640625 0.4140625 0.0515625 0.0546875
0 0.27421875 0.1953125 0.0515625 0.05859375
0 0.21171875 0.865234375 0.0515625 0.0546875
0 0.2234375 0.73046875 0.05 0.0546875
