0 0.50859375 0.625 0.0453125 0.06640625
0 0.40703125 0.263671875 0.0453125 0.06640625
0 0.44921875 0.1748046875 0.0453125 0.068359375
0 0.54921875 0.53515625 0.0453125 0.06640625
0 0.49140625 0.083984375 0.0453125 0.06640625
0 0.29140625 0.216796875 0.0453125 0.06640625
0 0.21953125 0.4736328125 0.0453125 0.068359375
0 0.43671875 0.490234375 0.0453125 0.06640625
0 0.49921875 0.55078125 0.0453125 0.06640625
0 0.51171875 0.236328125 0.0453125 0.06640625
0 0.39765625 0.1875 0.0453125 0.06640625
0 0.39609375 0.580078125 0.0453125 0.06640625
0 0.56953125 0.68359375 0.0453125 0.06640625
0 0.25859375 0.771484375 0.0453125 0.06640625
0 0.33515625 0.126953125 0.0453125 0.06640625
0 0.46640625 0.712890625 0.0453125 0.06640625
0 0.4171875 0.33984375 0.046875 0.06640625
0 0.55390625 0.1455078125 0.0453125 0.068359375
0 0.30234375 0.29296875 0.0453125 0.06640625
0 0.40390625 0.654296875 0.0453125 0.06640625
0 0.47734375 0.7890625 0.0453125 0.06640625
0 0.30078125 0.68359375 0.0453125 0.06640625
0 0.32109375 0.833984375 0.0453125 0.06640625
0 0.45703125 0.638671875 0.0453125 0.06640625
0 0.36328125 0.7421875 0.0453125 0.06640625
0 0.44609375 0.564453125 0.0453125 0.06640625
0 0.61171875 0.595703125 0.0453125 0.06640625
0 0.37578125 0.427734375 0.0453125 0.06640625
0 0.48828125 0.4765625 0.0453125 0.06640625
0 0.26171875 0.3828125 0.0453125 0.06640625
0 0.59140625 0.447265625 0.0453125 0.06640625
0 0.27890625 0.921875 0.0453125 0.06640625
0 0.53671875 0.84765625 0.0453125 0.06640625
0 0.540625 0.4609375 0.046875 0.06640625
0 0.35546875 0.279296875 0.0453125 0.06640625
0 0.47890625 0.40234375 0.0453125 0.06640625
0 0.35390625 0.66796875 0.0453125 0.06640625
0 0.34453125 0.205078125 0.0453125 0.06640625
0 0.43515625 0.876953125 0.0453125 0.06640625
0 0.32265625 0.4443359375 0.0453125 0.068359375
0 0.19765625 0.322265625 0.0453125 0.06640625
0 0.25078125 0.30859375 0.0453125 0.06640625
0 0.52734375 0.771484375 0.0453125 0.06640625
0 0.36484375 0.353515625 0.0453125 0.06640625
0 0.38671875 0.11328125 0.0453125 0.06640625
0 0.58203125 0.373046875 0.0453125 0.06640625
0 0.28046875 0.5322265625 0.0453125 0.068359375
0 0.53046875 0.384765625 0.0453125 0.06640625
0 0.17734375 0.169921875 0.0453125 0.06640625
0 0.34296875 0.59375 0.0453125 0.06640625
0 0.58984375 0.830078125 0.0453125 0.06640625
0 0.57109375 0.296875 0.0453125 0.06640625
0 0.46796875 0.32421875 0.0453125 0.06640625
0 0.43828125 0.09765625 0.0453125 0.06640625
0 0.41484375 0.7265625 0.0453125 0.06640625
0 0.23984375 0.623046875 0.0453125 0.06640625
0 0.23984375 0.23046875 0.0453125 0.06640625
0 0.62890625 0.7421875 0.0453125 0.06640625
0 0.28984375 0.609375 0.0453125 0.06640625
0 0.31171875 0.369140625 0.0453125 0.06640625
0 0.63984375 0.818359375 0.0453125 0.06640625
0 0.33359375 0.51953125 0.0453125 0.06640625
0 0.37421875 0.818359375 0.0453125 0.06640625
0 0.42421875 0.8046875 0.0453125 0.06640625
0 0.54453125 0.068359375 0.0453125 0.06640625
0 0.38203125 0.892578125 0.0453125 0.06640625
0 0.23046875 0.154296875 0.0453125 0.06640625
0 0.52109375 0.310546875 0.0453125 0.06640625
0 0.45859375 0.25 0.0453125 0.06640625
0 0.57890625 0.759765625 0.0453125 0.06640625
0 0.42578125 0.4150390625 0.0453125 0.068359375
0 0.51953125 0.697265625 0.0453125 0.06640625
0 0.60078125 0.521484375 0.0453125 0.06640625
0 0.2484375 0.697265625 0.046875 0.06640625
0 0.38515625 0.505859375 0.0453125 0.06640625
0 0.31171875 0.759765625 0.0453125 0.06640625
0 0.48671875 0.86328125 0.0453125 0.06640625
0 0.50078125 0.162109375 0.0453125 0.06640625
0 0.33203125 0.90625 0.0453125 0.06640625
0 0.18671875 0.244140625 0.0453125 0.06640625
0 0.26953125 0.45703125 0.0453125 0.06640625
0 0.62109375 0.6708984375 0.0453125 0.068359375
0 0.55859375 0.609375 0.0453125 0.06640625
0 0.22890625 0.548828125 0.0453125 0.06640625
0 0.56171875 0.220703125 0.0453125 0.06640625
0 0.26953125 0.84765625 0.0453125 0.06640625
0 0.20859375 0.396484375 0.0453125 0.06640625
0 0.28359375 0.140625 0.0453125 0.06640625
