0 0.4859375 0.7216796875 0.05 0.064453125
0 0.67890625 0.6591796875 0.0515625 0.064453125
0 0.62890625 0.4150390625 0.0515625 0.064453125
0 0.57421875 0.2509765625 0.0515625 0.064453125
0 0.30390625 0.5419921875 0.0515625 0.064453125
0 0.578125 0.1708984375 0.05 0.064453125
0 0.38359375 0.2294921875 0.0515625 0.064453125
0 0.63359375 0.3349609375 0.0515625 0.064453125
0 0.43515625 0.4736328125 0.0515625 0.064453125
0 0.24765625 0.3740234375 0.0515625 0.064453125
0 0.35234375 0.7880859375 0.0515625 0.064453125
0 0.2890625 0.7841796875 0.05 0.064453125
0 0.41640625 0.7939453125 0.0515625 0.064453125
0 0.29296875 0.7021484375 0.0515625 0.064453125
0 0.54296875 0.8076171875 0.0515625 0.064453125
0 0.446875 0.2353515625 0.05 0.064453125
0 0.68203125 0.5810546875 0.0515625 0.064453125
0 0.24453125 0.4541015625 0.0515625 0.064453125
0 0.48984375 0.6396484375 0.0515625 0.064453125
0 0.58203125 0.0908203125 0.0515625 0.064453125
0 0.54921875 0.7275390625 0.0515625 0.064453125
0 0.49765625 0.4794921875 0.0515625 0.064453125
0 0.49453125 0.5595703125 0.0515625 0.064453125
0 0.25234375 0.2939453125 0.0515625 0.064453125
0 0.43828125 0.3955078125 0.0515625 0.064453125
0 0.70078125 0.2626953125 0.0515625 0.064453125
0 0.6171875 0.6533203125 0.05 0.064453125
0 0.37109375 0.4677734375 0.0515625 0.064453125
0 0.66640625 0.9033203125 0.0515625 0.064453125
0 0.23828125 0.5341796875 0.0515625 0.064453125
0 0.29765625 0.6220703125 0.0515625 0.064453125
0 0.69453125 0.3427734375 0.0515625 0.064453125
0 0.3875 0.1494140625 0.05 0.064453125
0 0.31953125 0.2216796875 0.0515625 0.064453125
0 0.61328125 0.7353515625 0.0515625 0.064453125
0 0.453125 0.1552734375 0.05 0.064453125
0 0.4203125 0.7138671875 0.05 0.064453125
0 0.5390625 0.8896484375 0.05 0.064453125
0 0.64609375 0.0986328125 0.0515625 0.064453125
0 0.56640625 0.4072265625 0.0515625 0.064453125
0 0.44296875 0.3154296875 0.0515625 0.064453125
0 0.3671875 0.5458984375 0.05 0.064453125
0 0.3484375 0.8681640625 0.05 0.064453125
0 0.328125 0.0615234375 0.05 0.064453125
0 0.51484375 0.1630859375 0.0515625 0.064453125
0 0.50234375 0.4033203125 0.0515625 0.064453125
0 0.62578125 0.4931640625 0.0515625 0.064453125
0 0.6375 0.2548828125 0.05 0.064453125
0 0.56953125 0.3271484375 0.0515625 0.064453125
0 0.25625 0.2138671875 0.05 0.064453125
0 0.36328125 0.6259765625 0.0515625 0.064453125
0 0.21953125 0.8583984375 0.0515625 0.064453125
0 0.51875 0.0830078125 0.05 0.064453125
0 0.30703125 0.4619140625 0.0515625 0.064453125
0 0.35703125 0.7099609375 0.0515625 0.064453125
0 0.55390625 0.6474609375 0.0515625 0.064453125
0 0.31640625 0.3017578125 0.0515625 0.064453125
0 0.68828125 0.5009765625 0.0515625 0.064453125
0 0.28359375 0.8642578125 0.0515625 0.064453125
0 0.37890625 0.3076171875 0.0515625 0.064453125
0 0.56171875 0.4873046875 0.0515625 0.064453125
0 0.32421875 0.1416015625 0.0515625 0.064453125
0 0.70546875 0.1826171875 0.0515625 0.064453125
0 0.41171875 0.8759765625 0.0515625 0.064453125
0 0.60703125 0.8154296875 0.0515625 0.064453125
0 0.39140625 0.0693359375 0.0515625 0.064453125
0 0.69140625 0.4208984375 0.0515625 0.064453125
0 0.64140625 0.1748046875 0.0515625 0.064453125
0 0.55703125 0.5673828125 0.0515625 0.064453125
0 0.51015625 0.2431640625 0.0515625 0.064453125
0 0.45546875 0.0751953125 0.0515625 0.064453125
0 0.6703125 0.8193359375 0.05 0.064453125
0 0.4796875 0.8017578125 0.05 0.064453125
0 0.62109375 0.5732421875 0.0515625 0.064453125
0 0.37578125 0.3876953125 0.0515625 0.064453125
0 0.31171875 0.3818359375 0.0515625 0.064453125
0 0.22421875 0.7763671875 0.0515625 0.064453125
0 0.60234375 0.8955078125 0.0515625 0.064453125
0 0.4265625 0.6337890625 0.05 0.064453125
0 0.43046875 0.5537109375 0.0515625 0.064453125
0 0.26484375 0.0537109375 0.0515625 0.064453125
0 0.709375 0.1025390625 0.05 0.064453125
0 0.50625 0.3232421875 0.05 0.064453125
0 0.2296875 0.6962890625 0.05 0.064453125
0 0.47578125 0.8818359375 0.0515625 0.064453125
0 0.6765625 0.7392578125 0.05 0.064453125
0 0.23359375 0.6142578125 0.0515625 0.064453125
0 0.26015625 0.1337890625 0.0515625 0.064453125
