0 0.8265625 0.5830078125 0.040625 0.048828125
0 0.7828125 0.5390625 0.040625 0.046875
0 0.65 0.4072265625 0.0375 0.048828125
0 0.496875 0.4365234375 0.040625 0.048828125
0 0.7375 0.4951171875 0.0375 0.044921875
0 0.6546875 0.4580078125 0.0375 0.048828125
0 0.74609375 0.59765625 0.0390625 0.046875
0 0.5 0.4873046875 0.0375 0.048828125
0 0.58828125 0.6240234375 0.0390625 0.048828125
0 0.6328125 0.6689453125 0.0375 0.044921875
0 0.7625 0.2822265625 0.0375 0.048828125
0 0.6078125 0.3642578125 0.040625 0.048828125
0 0.64375 0.3056640625 0.040625 0.044921875
0 0.790625 0.640625 0.040625 0.046875
0 0.45390625 0.39453125 0.0390625 0.046875
0 0.6953125 0.451171875 0.040625 0.046875
0 0.54609375 0.5810546875 0.0390625 0.048828125
0 0.48828125 0.3369140625 0.0390625 0.044921875
0 0.7296875 0.3916015625 0.0375 0.044921875
0 0.49296875 0.3876953125 0.0390625 0.044921875
0 0.6046875 0.3134765625 0.0375 0.048828125
0 0.58125 0.5234375 0.0375 0.046875
0 0.69921875 0.5009765625 0.0390625 0.048828125
0 0.5078125 0.5869140625 0.0375 0.044921875
0 0.70625 0.6044921875 0.0375 0.048828125
0 0.6625 0.5595703125 0.0375 0.048828125
0 0.5734375 0.421875 0.0375 0.046875
0 0.80703125 0.326171875 0.0390625 0.046875
0 0.62421875 0.56640625 0.0390625 0.046875
0 0.54921875 0.6298828125 0.0390625 0.044921875
0 0.775 0.435546875 0.040625 0.046875
0 0.4765625 0.6953125 0.040625 0.046875
0 0.81484375 0.4296875 0.0390625 0.046875
0 0.8734375 0.6279296875 0.0375 0.044921875
0 0.83125 0.6337890625 0.0375 0.048828125
0 0.53828125 0.4794921875 0.0390625 0.048828125
0 0.80234375 0.2744140625 0.0390625 0.044921875
0 0.51484375 0.6875 0.0390625 0.046875
0 0.61171875 0.4150390625 0.0390625 0.048828125
0 0.7703125 0.384765625 0.0375 0.046875
0 0.5640625 0.3212890625 0.040625 0.048828125
0 0.615625 0.4658203125 0.040625 0.048828125
0 0.703125 0.5517578125 0.040625 0.048828125
0 0.5421875 0.5302734375 0.040625 0.048828125
0 0.52734375 0.328125 0.0390625 0.046875
0 0.46875 0.59375 0.040625 0.046875
0 0.67109375 0.6611328125 0.0390625 0.044921875
0 0.82265625 0.53125 0.0390625 0.046875
0 0.846875 0.3173828125 0.0375 0.044921875
0 0.534375 0.4296875 0.040625 0.046875
0 0.5296875 0.3798828125 0.0375 0.044921875
0 0.75 0.6484375 0.0375 0.046875
0 0.64765625 0.357421875 0.0390625 0.046875
0 0.4578125 0.4443359375 0.0375 0.048828125
0 0.61953125 0.515625 0.0390625 0.046875
0 0.66640625 0.6103515625 0.0390625 0.044921875
0 0.78671875 0.5908203125 0.0390625 0.048828125
0 0.5921875 0.67578125 0.040625 0.046875
0 0.86875 0.5751953125 0.0375 0.044921875
0 0.65859375 0.5087890625 0.0390625 0.048828125
0 0.46171875 0.4931640625 0.0390625 0.044921875
0 0.69140625 0.3994140625 0.0390625 0.044921875
0 0.56875 0.3720703125 0.0375 0.048828125
0 0.7421875 0.544921875 0.0375 0.046875
0 0.7265625 0.341796875 0.0375 0.046875
0 0.5109375 0.6376953125 0.0375 0.044921875
0 0.71015625 0.6552734375 0.0390625 0.048828125
0 0.6875 0.3486328125 0.040625 0.044921875
0 0.85546875 0.419921875 0.0390625 0.046875
0 0.721875 0.2900390625 0.0375 0.048828125
0 0.503125 0.5361328125 0.0375 0.044921875
0 0.86328125 0.5244140625 0.0390625 0.044921875
0 0.81875 0.4794921875 0.040625 0.048828125
0 0.84375 0.2646484375 0.0375 0.044921875
0 0.46484375 0.5439453125 0.0390625 0.044921875
0 0.62734375 0.6171875 0.0390625 0.046875
0 0.8515625 0.369140625 0.0375 0.046875
0 0.77890625 0.48828125 0.0390625 0.046875
0 0.5765625 0.47265625 0.0375 0.046875
0 0.45078125 0.34375 0.0390625 0.046875
0 0.6828125 0.2978515625 0.0375 0.044921875
0 0.58515625 0.5732421875 0.0390625 0.048828125
0 0.765625 0.3330078125 0.0375 0.048828125
0 0.47265625 0.64453125 0.0390625 0.046875
0 0.734375 0.4423828125 0.0375 0.044921875
0 0.553125 0.6806640625 0.0375 0.044921875
0 0.859375 0.47265625 0.0375 0.046875
0 0.8109375 0.3759765625 0.040625 0.048828125
