0 0.35234375 0.6748046875 0.0765625 0.064453125
0 0.70078125 0.7900390625 0.0765625 0.064453125
0 0.41796875 0.4580078125 0.0765625 0.060546875
0 0.34921875 0.6044921875 0.0765625 0.064453125
0 0.48984375 0.3115234375 0.0765625 0.064453125
0 0.33828125 0.4619140625 0.0765625 0.064453125
0 0.44453125 0.7392578125 0.0765625 0.064453125
0 0.28359375 0.8193359375 0.0765625 0.064453125
0 0.68125 0.5810546875 0.075 0.064453125
0 0.74609375 0.3662109375 0.0765625 0.064453125
0 0.5078125 0.521484375 0.071875 0.0625
0 0.53984375 0.8720703125 0.0765625 0.060546875
0 0.48671875 0.2412109375 0.0765625 0.060546875
0 0.60546875 0.6552734375 0.0765625 0.064453125
0 0.79921875 0.9248046875 0.0765625 0.064453125
0 0.37578125 0.8837890625 0.0765625 0.064453125
0 0.69296875 0.7216796875 0.0765625 0.060546875
0 0.58359375 0.4462890625 0.0734375 0.064453125
0 0.5796875 0.3759765625 0.071875 0.064453125
0 0.88359375 0.9228515625 0.0765625 0.064453125
0 0.73515625 0.2236328125 0.0765625 0.064453125
0 0.27109375 0.6787109375 0.0734375 0.064453125
0 0.52109375 0.6611328125 0.0765625 0.064453125
0 0.4140625 0.3876953125 0.075 0.064453125
0 0.76328125 0.5751953125 0.0734375 0.064453125
0 0.2421875 0.3291015625 0.075 0.060546875
0 0.33046875 0.3935546875 0.0765625 0.060546875
0 0.32421875 0.3232421875 0.0734375 0.064453125
0 0.75703125 0.5048828125 0.0765625 0.064453125
0 0.26484375 0.6083984375 0.0765625 0.060546875
0 0.3796875 0.9541015625 0.075 0.064453125
0 0.78984375 0.8544921875 0.0734375 0.064453125
0 0.83203125 0.3583984375 0.0734375 0.064453125
0 0.8625 0.7099609375 0.071875 0.064453125
0 0.57421875 0.3056640625 0.0765625 0.060546875
0 0.52890625 0.7333984375 0.0765625 0.064453125
0 0.7421875 0.294921875 0.075 0.0625
0 0.65234375 0.2314453125 0.0734375 0.064453125
0 0.67421875 0.5107421875 0.0765625 0.064453125
0 0.25390625 0.4677734375 0.0765625 0.064453125
0 0.46328125 0.9482421875 0.0765625 0.064453125
0 0.43125 0.5966796875 0.071875 0.064453125
0 0.7765625 0.7158203125 0.075 0.064453125
0 0.42578125 0.5263671875 0.0765625 0.064453125
0 0.78359375 0.7861328125 0.0765625 0.060546875
0 0.6109375 0.7255859375 0.071875 0.064453125
0 0.85703125 0.6396484375 0.0765625 0.064453125
0 0.3203125 0.2529296875 0.071875 0.064453125
0 0.84140625 0.4990234375 0.0765625 0.060546875
0 0.534375 0.8037109375 0.071875 0.064453125
0 0.66953125 0.4404296875 0.0765625 0.064453125
0 0.63203125 0.9365234375 0.0765625 0.060546875
0 0.61640625 0.796875 0.0765625 0.0625
0 0.29140625 0.8896484375 0.0765625 0.064453125
0 0.36796875 0.8134765625 0.0765625 0.064453125
0 0.43671875 0.6689453125 0.0765625 0.064453125
0 0.54765625 0.9423828125 0.0765625 0.064453125
0 0.25703125 0.5400390625 0.0765625 0.064453125
0 0.58984375 0.5166015625 0.0765625 0.064453125
0 0.45546875 0.8779296875 0.0765625 0.064453125
0 0.51328125 0.5908203125 0.0765625 0.064453125
0 0.49765625 0.3818359375 0.0765625 0.064453125
0 0.36015625 0.7421875 0.0765625 0.0625
0 0.8359375 0.4306640625 0.071875 0.064453125
0 0.82578125 0.2880859375 0.0765625 0.064453125
0 0.62421875 0.8681640625 0.0765625 0.064453125
0 0.2765625 0.7490234375 0.075 0.064453125
0 0.65625 0.3017578125 0.071875 0.064453125
0 0.76953125 0.6455078125 0.0765625 0.064453125
0 0.66171875 0.3701171875 0.0765625 0.060546875
0 0.87578125 0.8505859375 0.0765625 0.060546875
0 0.68671875 0.6513671875 0.0734375 0.064453125
0 0.40234375 0.2470703125 0.0765625 0.064453125
0 0.50234375 0.4521484375 0.0765625 0.064453125
0 0.59765625 0.5859375 0.0765625 0.0625
0 0.45234375 0.8076171875 0.0765625 0.060546875
0 0.7078125 0.8603515625 0.075 0.064453125
0 0.34140625 0.5322265625 0.0765625 0.064453125
0 0.24609375 0.3974609375 0.0765625 0.064453125
0 0.75390625 0.4345703125 0.0765625 0.060546875
0 0.57109375 0.2373046875 0.0765625 0.064453125
0 0.84921875 0.5693359375 0.0765625 0.064453125
0 0.7140625 0.9326171875 0.071875 0.064453125
0 0.40703125 0.3173828125 0.0765625 0.064453125
0 0.86796875 0.7802734375 0.0765625 0.064453125
0 0.23828125 0.2587890625 0.0765625 0.064453125
0 0.29765625 0.9599609375 0.0734375 0.060546875
0 0.81796875 0.2197265625 0.0765625 0.060546875
