0 0.33046875 0.3388671875 0.0390625 0.048828125
0 0.16640625 0.2744140625 0.0390625 0.048828125
0 0.23046875 0.3662109375 0.0390625 0.048828125
0 0.39296875 0.4306640625 0.0390625 0.048828125
0 0.25703125 0.4951171875 0.0390625 0.048828125
0 0.30234375 0.2080078125 0.0390625 0.048828125
0 0.26796875 0.2451171875 0.0390625 0.048828125
0 0.29921875 0.2919921875 0.0390625 0.048828125
0 0.45546875 0.5224609375 0.0390625 0.048828125
0 0.54921875 0.6611328125 0.0390625 0.048828125
0 0.38984375 0.5146484375 0.0390625 0.048828125
0 0.42890625 0.3935546875 0.0390625 0.048828125
0 0.12890625 0.3935546875 0.0390625 0.048828125
0 0.22734375 0.4501953125 0.0390625 0.048828125
0 0.52109375 0.5322265625 0.0390625 0.048828125
0 0.31953125 0.5869140625 0.0390625 0.048828125
0 0.36484375 0.3017578125 0.0390625 0.048828125
0 0.28828125 0.5419921875 0.0390625 0.048828125
0 0.25390625 0.5771484375 0.0390625 0.048828125
0 0.36171875 0.3857421875 0.0390625 0.048828125
0 0.29140625 0.4580078125 0.0390625 0.048828125
0 0.39609375 0.3466796875 0.0390625 0.048828125
0 0.31640625 0.6689453125 0.0390625 0.048828125
0 0.27109375 0.1611328125 0.0390625 0.048828125
0 0.44765625 0.6884765625 0.0390625 0.048828125
0 0.30546875 0.1220703125 0.0390625 0.048828125
0 0.46328125 0.3564453125 0.0390625 0.048828125
0 0.51796875 0.6162109375 0.0390625 0.048828125
0 0.13203125 0.3115234375 0.0390625 0.048828125
0 0.16328125 0.3564453125 0.0390625 0.048828125
0 0.35390625 0.5498046875 0.0390625 0.048828125
0 0.58359375 0.6259765625 0.0390625 0.048828125
0 0.45859375 0.4404296875 0.0390625 0.048828125
0 0.48671875 0.5693359375 0.0390625 0.048828125
0 0.42421875 0.4775390625 0.0390625 0.048828125
0 0.19140625 0.4853515625 0.0390625 0.048828125
0 0.52578125 0.4501953125 0.0390625 0.048828125
0 0.58828125 0.5419921875 0.0390625 0.048828125
0 0.32734375 0.4208984375 0.0390625 0.048828125
0 0.35078125 0.6337890625 0.0390625 0.048828125
0 0.19921875 0.3193359375 0.0390625 0.048828125
0 0.19453125 0.4033203125 0.0390625 0.048828125
0 0.23359375 0.2822265625 0.0390625 0.048828125
0 0.38203125 0.6787109375 0.0390625 0.048828125
0 0.32421875 0.5048828125 0.0390625 0.048828125
0 0.38515625 0.5966796875 0.0390625 0.048828125
0 0.55703125 0.4951171875 0.0390625 0.048828125
0 0.36953125 0.2158203125 0.0390625 0.048828125
0 0.37734375 0.7607421875 0.0390625 0.048828125
0 0.33359375 0.2548828125 0.0390625 0.048828125
0 0.43203125 0.3095703125 0.0390625 0.048828125
0 0.33671875 0.1689453125 0.0390625 0.048828125
0 0.26171875 0.4130859375 0.0390625 0.048828125
0 0.37265625 0.1318359375 0.0390625 0.048828125
0 0.26484375 0.3291015625 0.0390625 0.048828125
0 0.34140625 0.0849609375 0.0390625 0.048828125
0 0.40078125 0.2626953125 0.0390625 0.048828125
0 0.61953125 0.5888671875 0.0390625 0.048828125
0 0.51328125 0.6982421875 0.0390625 0.048828125
0 0.48984375 0.4873046875 0.0390625 0.048828125
0 0.47890625 0.7353515625 0.0390625 0.048828125
0 0.45078125 0.6064453125 0.0390625 0.048828125
0 0.41640625 0.6435546875 0.0390625 0.048828125
0 0.55234375 0.5791015625 0.0390625 0.048828125
0 0.48203125 0.6513671875 0.0390625 0.048828125
0 0.40390625 0.1787109375 0.0390625 0.048828125
0 0.49921875 0.3193359375 0.0390625 0.048828125
0 0.41328125 0.7255859375 0.0390625 0.048828125
0 0.49453125 0.4033203125 0.0390625 0.048828125
0 0.43515625 0.2255859375 0.0390625 0.048828125
0 0.44296875 0.7705078125 0.0390625 0.048828125
0 0.40859375 0.8076171875 0.0390625 0.048828125
0 0.53046875 0.3662109375 0.0390625 0.048828125
0 0.46796875 0.2724609375 0.0390625 0.048828125
0 0.59296875 0.4580078125 0.0390625 0.048828125
0 0.34609375 0.7158203125 0.0390625 0.048828125
0 0.56171875 0.4111328125 0.0390625 0.048828125
0 0.35859375 0.4677734375 0.0390625 0.048828125
0 0.42109375 0.5595703125 0.0390625 0.048828125
0 0.16015625 0.4404296875 0.0390625 0.048828125
0 0.65546875 0.5517578125 0.0390625 0.048828125
0 0.28515625 0.6240234375 0.0390625 0.048828125
0 0.20078125 0.2353515625 0.0390625 0.048828125
0 0.29609375 0.3759765625 0.0390625 0.048828125
0 0.23671875 0.1982421875 0.0390625 0.048828125
0 0.62421875 0.5048828125 0.0390625 0.048828125
0 0.22265625 0.5322265625 0.0390625 0.048828125
0 0.09765625 0.3486328125 0.0390625 0.048828125
