0 0.67890625 0.6259765625 0.0390625 0.048828125
0 0.62890625 0.5771484375 0.0390625 0.048828125
0 0.72734375 0.6748046875 0.0390625 0.048828125
0 0.51640625 0.1728515625 0.0390625 0.048828125
0 0.56796875 0.2236328125 0.0390625 0.048828125
0 0.50859375 0.3603515625 0.0390625 0.048828125
0 0.57890625 0.5283203125 0.0390625 0.048828125
0 0.49921875 0.5498046875 0.0390625 0.048828125
0 0.77578125 0.7236328125 0.0390625 0.048828125
0 0.63828125 0.3896484375 0.0390625 0.048828125
0 0.63671875 0.1455078125 0.0390625 0.048828125
0 0.66796875 0.5673828125 0.0390625 0.048828125
0 0.48984375 0.7392578125 0.0390625 0.048828125
0 0.69765625 0.4990234375 0.0390625 0.048828125
0 0.68671875 0.4404296875 0.0390625 0.048828125
0 0.56953125 0.7177734375 0.0390625 0.048828125
0 0.69765625 0.2529296875 0.0390625 0.048828125
0 0.61015625 0.7080078125 0.0390625 0.048828125
0 0.62734375 0.3310546875 0.0390625 0.048828125
0 0.64765625 0.2041015625 0.0390625 0.048828125
0 0.54921875 0.5986328125 0.0390625 0.048828125
0 0.52890625 0.4794921875 0.0390625 0.048828125
0 0.55859375 0.4091796875 0.0390625 0.048828125
0 0.57734375 0.2822265625 0.0390625 0.048828125
0 0.42734375 0.3798828125 0.0390625 0.048828125
0 0.43671875 0.1904296875 0.0390625 0.048828125
0 0.45703125 0.3095703125 0.0390625 0.048828125
0 0.61953125 0.7666015625 0.0390625 0.048828125
0 0.44765625 0.4990234375 0.0390625 0.048828125
0 0.53828125 0.7880859375 0.0390625 0.048828125
0 0.49765625 0.3017578125 0.0390625 0.048828125
0 0.73671875 0.4892578125 0.0390625 0.048828125
0 0.44765625 0.2509765625 0.0390625 0.048828125
0 0.54765625 0.3505859375 0.0390625 0.048828125
0 0.53984375 0.5380859375 0.0390625 0.048828125
0 0.71640625 0.3701171875 0.0390625 0.048828125
0 0.43828125 0.4404296875 0.0390625 0.048828125
0 0.67734375 0.3818359375 0.0390625 0.048828125
0 0.48828125 0.4892578125 0.0390625 0.048828125
0 0.66015625 0.7568359375 0.0390625 0.048828125
0 0.49921875 0.7998046875 0.0390625 0.048828125
0 0.50859375 0.6083984375 0.0390625 0.048828125
0 0.47734375 0.4306640625 0.0390625 0.048828125
0 0.58828125 0.3408203125 0.0390625 0.048828125
0 0.53828125 0.2919921875 0.0390625 0.048828125
0 0.71796875 0.6162109375 0.0390625 0.048828125
0 0.70703125 0.3115234375 0.0390625 0.048828125
0 0.76640625 0.6630859375 0.0390625 0.048828125
0 0.52734375 0.2314453125 0.0390625 0.048828125
0 0.59765625 0.1533203125 0.0390625 0.048828125
0 0.67734375 0.1357421875 0.0390625 0.048828125
0 0.58984375 0.5869140625 0.0390625 0.048828125
0 0.55859375 0.6572265625 0.0390625 0.048828125
0 0.51796875 0.4189453125 0.0390625 0.048828125
0 0.56796875 0.4697265625 0.0390625 0.048828125
0 0.60859375 0.2138671875 0.0390625 0.048828125
0 0.68671875 0.1943359375 0.0390625 0.048828125
0 0.66796875 0.3212890625 0.0390625 0.048828125
0 0.64921875 0.4501953125 0.0390625 0.048828125
0 0.59921875 0.6474609375 0.0390625 0.048828125
0 0.61796875 0.2724609375 0.0390625 0.048828125
0 0.52890625 0.7275390625 0.0390625 0.048828125
0 0.63984375 0.6376953125 0.0390625 0.048828125
0 0.51953125 0.6689453125 0.0390625 0.048828125
0 0.73828125 0.7333984375 0.0390625 0.048828125
0 0.69921875 0.7451171875 0.0390625 0.048828125
0 0.55703125 0.1630859375 0.0390625 0.048828125
0 0.65703125 0.2626953125 0.0390625 0.048828125
0 0.74609375 0.5478515625 0.0390625 0.048828125
0 0.61796875 0.5185546875 0.0390625 0.048828125
0 0.64921875 0.6962890625 0.0390625 0.048828125
0 0.59921875 0.3994140625 0.0390625 0.048828125
0 0.68828125 0.6865234375 0.0390625 0.048828125
0 0.48671875 0.2412109375 0.0390625 0.048828125
0 0.46796875 0.3701171875 0.0390625 0.048828125
0 0.45859375 0.5595703125 0.0390625 0.048828125
0 0.60859375 0.4599609375 0.0390625 0.048828125
0 0.57890625 0.7783203125 0.0390625 0.048828125
0 0.47734375 0.1806640625 0.0390625 0.048828125
0 0.46953125 0.6201171875 0.0390625 0.048828125
0 0.40546875 0.2607421875 0.0390625 0.048828125
0 0.72734375 0.4287109375 0.0390625 0.048828125
0 0.39453125 0.2001953125 0.0390625 0.048828125
0 0.47890625 0.6787109375 0.0390625 0.048828125
0 0.41640625 0.3193359375 0.0390625 0.048828125
0 0.70703125 0.5576171875 0.0390625 0.048828125
0 0.75703125 0.6064453125 0.0390625 0.048828125
0 0.65859375 0.5087890625 0.0390625 0.048828125
