0 0.36953125 0.3828125 0.0796875 0.05078125
0 0.56953125 0.6328125 0.0796875 0.05078125
0 0.50703125 0.69921875 0.0796875 0.05078125
0 0.31171875 0.451171875 0.0796875 0.05078125
0 0.446875 0.767578125 0.075 0.046875
0 0.76171875 0.6552734375 0.0796875 0.048828125
0 0.85703125 0.46875 0.0796875 0.05078125
0 0.49921875 0.47265625 0.0796875 0.05078125
0 0.3921875 0.435546875 0.075 0.05078125
0 0.39921875 0.6611328125 0.0796875 0.048828125
0 0.590625 0.685546875 0.078125 0.05078125
0 0.559375 0.40625 0.075 0.05078125
0 0.265625 0.3466796875 0.078125 0.048828125
0 0.765625 0.2578125 0.078125 0.05078125
0 0.69921875 0.724609375 0.0796875 0.05078125
0 0.43203125 0.3173828125 0.0796875 0.048828125
0 0.54453125 0.580078125 0.0796875 0.05078125
0 0.340625 0.728515625 0.078125 0.05078125
0 0.73671875 0.603515625 0.0796875 0.05078125
0 0.53671875 0.353515625 0.0796875 0.05078125
0 0.40703125 0.265625 0.0796875 0.05078125
0 0.703125 0.32421875 0.078125 0.05078125
0 0.65703125 0.220703125 0.0796875 0.05078125
0 0.453125 0.369140625 0.078125 0.05078125
0 0.59921875 0.287109375 0.0796875 0.05078125
0 0.478125 0.421875 0.078125 0.05078125
0 0.203125 0.412109375 0.078125 0.05078125
0 0.60703125 0.513671875 0.0796875 0.05078125
0 0.4171875 0.48828125 0.075 0.046875
0 0.796875 0.53515625 0.075 0.05078125
0 0.2515625 0.5185546875 0.075 0.048828125
0 0.71953125 0.154296875 0.0796875 0.05078125
0 0.303125 0.228515625 0.078125 0.05078125
0 0.33203125 0.50390625 0.0796875 0.046875
0 0.653125 0.6171875 0.078125 0.05078125
0 0.440625 0.5390625 0.078125 0.05078125
0 0.61953125 0.33984375 0.0796875 0.05078125
0 0.678125 0.669921875 0.078125 0.05078125
0 0.465625 0.19921875 0.078125 0.05078125
0 0.690625 0.498046875 0.078125 0.05078125
0 0.90703125 0.57421875 0.0796875 0.05078125
0 0.821875 0.587890625 0.075 0.05078125
0 0.32421875 0.28125 0.0796875 0.05078125
0 0.6296875 0.564453125 0.075 0.05078125
0 0.615625 0.736328125 0.078125 0.05078125
0 0.27421875 0.568359375 0.0796875 0.05078125
0 0.7515625 0.4306640625 0.075 0.048828125
0 0.35703125 0.556640625 0.0796875 0.05078125
0 0.953125 0.681640625 0.078125 0.05078125
0 0.64453125 0.3916015625 0.0796875 0.048828125
0 0.21953125 0.244140625 0.0796875 0.05078125
0 0.296875 0.623046875 0.075 0.05078125
0 0.4640625 0.5947265625 0.075 0.048828125
0 0.53203125 0.75390625 0.0796875 0.05078125
0 0.5140625 0.302734375 0.075 0.05078125
0 0.81171875 0.3623046875 0.0796875 0.048828125
0 0.84453125 0.640625 0.0796875 0.05078125
0 0.16171875 0.310546875 0.0796875 0.05078125
0 0.728125 0.376953125 0.078125 0.05078125
0 0.715625 0.548828125 0.078125 0.046875
0 0.13671875 0.2578125 0.0796875 0.05078125
0 0.665625 0.443359375 0.078125 0.05078125
0 0.57421875 0.236328125 0.0796875 0.05078125
0 0.490625 0.25 0.078125 0.05078125
0 0.36171875 0.783203125 0.0796875 0.05078125
0 0.553125 0.18359375 0.078125 0.05078125
0 0.86953125 0.6962890625 0.0796875 0.048828125
0 0.378125 0.609375 0.078125 0.05078125
0 0.48671875 0.646484375 0.0796875 0.05078125
0 0.24453125 0.294921875 0.0796875 0.05078125
0 0.52421875 0.52734375 0.0796875 0.05078125
0 0.346875 0.33203125 0.075 0.05078125
0 0.228125 0.46484375 0.078125 0.05078125
0 0.790625 0.310546875 0.078125 0.05078125
0 0.58203125 0.45703125 0.0796875 0.05078125
0 0.6796875 0.271484375 0.075 0.05078125
0 0.38671875 0.212890625 0.0796875 0.05078125
0 0.42421875 0.712890625 0.0796875 0.05078125
0 0.63203125 0.169921875 0.0796875 0.05078125
0 0.93203125 0.626953125 0.0796875 0.05078125
0 0.77421875 0.482421875 0.0796875 0.046875
0 0.18203125 0.361328125 0.0796875 0.05078125
0 0.290625 0.3984375 0.078125 0.05078125
0 0.83671875 0.4140625 0.0796875 0.05078125
0 0.31953125 0.67578125 0.0796875 0.05078125
0 0.740625 0.205078125 0.078125 0.046875
0 0.88203125 0.521484375 0.0796875 0.05078125
0 0.78203125 0.7109375 0.0796875 0.05078125
