0 0.65859375 0.6240234375 0.0390625 0.048828125
0 0.41328125 0.6083984375 0.0390625 0.048828125
0 0.62109375 0.5595703125 0.0390625 0.048828125
0 0.63046875 0.4521484375 0.0390625 0.048828125
0 0.64921875 0.7314453125 0.0390625 0.048828125
0 0.49765625 0.5771484375 0.0390625 0.048828125
0 0.47109375 0.4052734375 0.0390625 0.048828125
0 0.59609375 0.3857421875 0.0390625 0.048828125
0 0.37890625 0.5439453125 0.0390625 0.048828125
0 0.71328125 0.4755859375 0.0390625 0.048828125
0 0.64140625 0.3427734375 0.0390625 0.048828125
0 0.45234375 0.6201171875 0.0390625 0.048828125
0 0.38671875 0.4365234375 0.0390625 0.048828125
0 0.46171875 0.5126953125 0.0390625 0.048828125
0 0.55078125 0.4287109375 0.0390625 0.048828125
0 0.34765625 0.4248046875 0.0390625 0.048828125
0 0.48828125 0.6845703125 0.0390625 0.048828125
0 0.33984375 0.5322265625 0.0390625 0.048828125
0 0.37421875 0.5966796875 0.0390625 0.048828125
0 0.69453125 0.6904296875 0.0390625 0.048828125
0 0.44921875 0.6728515625 0.0390625 0.048828125
0 0.43515625 0.3408203125 0.0390625 0.048828125
0 0.58671875 0.4931640625 0.0390625 0.048828125
0 0.74921875 0.5400390625 0.0390625 0.048828125
0 0.70859375 0.5283203125 0.0390625 0.048828125
0 0.73671875 0.7001953125 0.0390625 0.048828125
0 0.61328125 0.6650390625 0.0390625 0.048828125
0 0.40078125 0.2744140625 0.0390625 0.048828125
0 0.48046875 0.2978515625 0.0390625 0.048828125
0 0.41015625 0.6611328125 0.0390625 0.048828125
0 0.67734375 0.4091796875 0.0390625 0.048828125
0 0.42578125 0.4482421875 0.0390625 0.048828125
0 0.75390625 0.4873046875 0.0390625 0.048828125
0 0.53203125 0.6416015625 0.0390625 0.048828125
0 0.57265625 0.6552734375 0.0390625 0.048828125
0 0.35234375 0.3720703125 0.0390625 0.048828125
0 0.76484375 0.3779296875 0.0390625 0.048828125
0 0.56015625 0.3212890625 0.0390625 0.048828125
0 0.57734375 0.6005859375 0.0390625 0.048828125
0 0.38203125 0.4892578125 0.0390625 0.048828125
0 0.68984375 0.7431640625 0.0390625 0.048828125
0 0.53671875 0.5888671875 0.0390625 0.048828125
0 0.68203125 0.3544921875 0.0390625 0.048828125
0 0.54609375 0.4833984375 0.0390625 0.048828125
0 0.66796875 0.5166015625 0.0390625 0.048828125
0 0.51484375 0.3642578125 0.0390625 0.048828125
0 0.35703125 0.3173828125 0.0390625 0.048828125
0 0.75859375 0.4306640625 0.0390625 0.048828125
0 0.72265625 0.3662109375 0.0390625 0.048828125
0 0.74453125 0.5947265625 0.0390625 0.048828125
0 0.60078125 0.3330078125 0.0390625 0.048828125
0 0.33046875 0.6376953125 0.0390625 0.048828125
0 0.71796875 0.4208984375 0.0390625 0.048828125
0 0.39140625 0.3837890625 0.0390625 0.048828125
0 0.51015625 0.4169921875 0.0390625 0.048828125
0 0.50546875 0.4716796875 0.0390625 0.048828125
0 0.67265625 0.4638671875 0.0390625 0.048828125
0 0.69921875 0.6357421875 0.0390625 0.048828125
0 0.59140625 0.4404296875 0.0390625 0.048828125
0 0.55546875 0.3740234375 0.0390625 0.048828125
0 0.62578125 0.5048828125 0.0390625 0.048828125
0 0.61796875 0.6123046875 0.0390625 0.048828125
0 0.52890625 0.6962890625 0.0390625 0.048828125
0 0.63671875 0.3974609375 0.0390625 0.048828125
0 0.36171875 0.2626953125 0.0390625 0.048828125
0 0.51953125 0.3095703125 0.0390625 0.048828125
0 0.65390625 0.6767578125 0.0390625 0.048828125
0 0.49296875 0.6318359375 0.0390625 0.048828125
0 0.45703125 0.5654296875 0.0390625 0.048828125
0 0.42265625 0.5009765625 0.0390625 0.048828125
0 0.50078125 0.5244140625 0.0390625 0.048828125
0 0.46640625 0.4599609375 0.0390625 0.048828125
0 0.70390625 0.5830078125 0.0390625 0.048828125
0 0.66328125 0.5712890625 0.0390625 0.048828125
0 0.39609375 0.3291015625 0.0390625 0.048828125
0 0.60859375 0.7197265625 0.0390625 0.048828125
0 0.33515625 0.5849609375 0.0390625 0.048828125
0 0.58203125 0.5478515625 0.0390625 0.048828125
0 0.34296875 0.4794921875 0.0390625 0.048828125
0 0.56796875 0.7080078125 0.0390625 0.048828125
0 0.47578125 0.3525390625 0.0390625 0.048828125
0 0.36953125 0.6494140625 0.0390625 0.048828125
0 0.43984375 0.2861328125 0.0390625 0.048828125
0 0.43046875 0.3935546875 0.0390625 0.048828125
0 0.41796875 0.5537109375 0.0390625 0.048828125
0 0.54140625 0.5361328125 0.0390625 0.048828125
0 0.73984375 0.6474609375 0.0390625 0.048828125
0 0.73203125 0.7548828125 0.0390625 0.048828125
