0 0.46171875 0.4716796875 0.0390625 0.048828125
0 0.72265625 0.4853515625 0.0390625 0.048828125
0 0.67734375 0.5380859375 0.0390625 0.048828125
0 0.59140625 0.5341796875 0.0390625 0.048828125
0 0.45078125 0.6923828125 0.0390625 0.048828125
0 0.54140625 0.6416015625 0.0390625 0.048828125
0 0.57734375 0.7548828125 0.0390625 0.048828125
0 0.61640625 0.8134765625 0.0390625 0.048828125
0 0.41171875 0.5810546875 0.0390625 0.048828125
0 0.62890625 0.6474609375 0.0390625 0.048828125
0 0.70390625 0.8193359375 0.0390625 0.048828125
0 0.44296875 0.8017578125 0.0390625 0.048828125
0 0.54765625 0.5322265625 0.0390625 0.048828125
0 0.59609375 0.4228515625 0.0390625 0.048828125
0 0.58828125 0.5888671875 0.0390625 0.048828125
0 0.71484375 0.6513671875 0.0390625 0.048828125
0 0.41484375 0.5244140625 0.0390625 0.048828125
0 0.63359375 0.5361328125 0.0390625 0.048828125
0 0.66484375 0.7607421875 0.0390625 0.048828125
0 0.50078125 0.5849609375 0.0390625 0.048828125
0 0.53359375 0.7529296875 0.0390625 0.048828125
0 0.54921875 0.4775390625 0.0390625 0.048828125
0 0.67421875 0.5947265625 0.0390625 0.048828125
0 0.71796875 0.5966796875 0.0390625 0.048828125
0 0.58515625 0.6455078125 0.0390625 0.048828125
0 0.39921875 0.7998046875 0.0390625 0.048828125
0 0.36484375 0.6337890625 0.0390625 0.048828125
0 0.57421875 0.8095703125 0.0390625 0.048828125
0 0.71171875 0.7080078125 0.0390625 0.048828125
0 0.55234375 0.4208984375 0.0390625 0.048828125
0 0.63828125 0.4248046875 0.0390625 0.048828125
0 0.75078125 0.7666015625 0.0390625 0.048828125
0 0.31328125 0.7412109375 0.0390625 0.048828125
0 0.37265625 0.4677734375 0.0390625 0.048828125
0 0.40234375 0.7451171875 0.0390625 0.048828125
0 0.32578125 0.5224609375 0.0390625 0.048828125
0 0.49765625 0.6396484375 0.0390625 0.048828125
0 0.46328125 0.4169921875 0.0390625 0.048828125
0 0.76171875 0.5986328125 0.0390625 0.048828125
0 0.76640625 0.4873046875 0.0390625 0.048828125
0 0.63203125 0.5927734375 0.0390625 0.048828125
0 0.48984375 0.7490234375 0.0390625 0.048828125
0 0.53046875 0.8076171875 0.0390625 0.048828125
0 0.36171875 0.6884765625 0.0390625 0.048828125
0 0.66015625 0.8154296875 0.0390625 0.048828125
0 0.53828125 0.6962890625 0.0390625 0.048828125
0 0.36796875 0.5791015625 0.0390625 0.048828125
0 0.37421875 0.4130859375 0.0390625 0.048828125
0 0.50390625 0.5302734375 0.0390625 0.048828125
0 0.35390625 0.7978515625 0.0390625 0.048828125
0 0.72578125 0.4287109375 0.0390625 0.048828125
0 0.66796875 0.7060546875 0.0390625 0.048828125
0 0.76328125 0.5419921875 0.0390625 0.048828125
0 0.41796875 0.4697265625 0.0390625 0.048828125
0 0.32421875 0.5771484375 0.0390625 0.048828125
0 0.68046875 0.4833984375 0.0390625 0.048828125
0 0.45859375 0.5283203125 0.0390625 0.048828125
0 0.62421875 0.7021484375 0.0390625 0.048828125
0 0.44609375 0.7470703125 0.0390625 0.048828125
0 0.48671875 0.8056640625 0.0390625 0.048828125
0 0.45703125 0.5830078125 0.0390625 0.048828125
0 0.31953125 0.6318359375 0.0390625 0.048828125
0 0.75703125 0.6552734375 0.0390625 0.048828125
0 0.63671875 0.4814453125 0.0390625 0.048828125
0 0.37109375 0.5224609375 0.0390625 0.048828125
0 0.32890625 0.4658203125 0.0390625 0.048828125
0 0.45390625 0.6376953125 0.0390625 0.048828125
0 0.50703125 0.4189453125 0.0390625 0.048828125
0 0.50546875 0.4755859375 0.0390625 0.048828125
0 0.75390625 0.7099609375 0.0390625 0.048828125
0 0.31796875 0.6865234375 0.0390625 0.048828125
0 0.62109375 0.7568359375 0.0390625 0.048828125
0 0.40546875 0.6904296875 0.0390625 0.048828125
0 0.35859375 0.7431640625 0.0390625 0.048828125
0 0.59296875 0.4794921875 0.0390625 0.048828125
0 0.68203125 0.4267578125 0.0390625 0.048828125
0 0.72109375 0.5419921875 0.0390625 0.048828125
0 0.70703125 0.7626953125 0.0390625 0.048828125
0 0.33046875 0.4111328125 0.0390625 0.048828125
0 0.58203125 0.7001953125 0.0390625 0.048828125
0 0.49453125 0.6943359375 0.0390625 0.048828125
0 0.40859375 0.6357421875 0.0390625 0.048828125
0 0.54453125 0.5869140625 0.0390625 0.048828125
0 0.41953125 0.4150390625 0.0390625 0.048828125
0 0.31015625 0.7958984375 0.0390625 0.048828125
0 0.67109375 0.6494140625 0.0390625 0.048828125
0 0.74609375 0.8212890625 0.0390625 0.048828125
0 0.76796875 0.4306640625 0.0390625 0.048828125
