0 0.36015625 0.4345703125 0.0390625 0.048828125
0 0.28671875 0.4833984375 0.0390625 0.048828125
0 0.43359375 0.3857421875 0.0390625 0.048828125
0 0.41171875 0.6533203125 0.0390625 0.048828125
0 0.64453125 0.4365234375 0.0390625 0.048828125
0 0.56484375 0.3642578125 0.0390625 0.048828125
0 0.48515625 0.6044921875 0.0390625 0.048828125
0 0.30078125 0.4091796875 0.0390625 0.048828125
0 0.63984375 0.6279296875 0.0390625 0.048828125
0 0.46328125 0.5556640625 0.0390625 0.048828125
0 0.39609375 0.7275390625 0.0390625 0.048828125
0 0.39765625 0.4111328125 0.0390625 0.048828125
0 0.71171875 0.5810546875 0.0390625 0.048828125
0 0.56640625 0.6787109375 0.0390625 0.048828125
0 0.33046875 0.5810546875 0.0390625 0.048828125
0 0.21015625 0.5322265625 0.0390625 0.048828125
0 0.24921875 0.5068359375 0.0390625 0.048828125
0 0.35859375 0.7529296875 0.0390625 0.048828125
0 0.43359375 0.7021484375 0.0390625 0.048828125
0 0.53671875 0.5068359375 0.0390625 0.048828125
0 0.29921875 0.7294921875 0.0390625 0.048828125
0 0.67578125 0.6044921875 0.0390625 0.048828125
0 0.50703125 0.6533203125 0.0390625 0.048828125
0 0.22578125 0.4580078125 0.0390625 0.048828125
0 0.55859375 0.5556640625 0.0390625 0.048828125
0 0.32421875 0.4580078125 0.0390625 0.048828125
0 0.30859375 0.5322265625 0.0390625 0.048828125
0 0.61015625 0.4599609375 0.0390625 0.048828125
0 0.55078125 0.4345703125 0.0390625 0.048828125
0 0.37421875 0.6787109375 0.0390625 0.048828125
0 0.33671875 0.7041015625 0.0390625 0.048828125
0 0.38984375 0.6044921875 0.0390625 0.048828125
0 0.57421875 0.4833984375 0.0390625 0.048828125
0 0.38359375 0.4833984375 0.0390625 0.048828125
0 0.47109375 0.3623046875 0.0390625 0.048828125
0 0.59453125 0.5322265625 0.0390625 0.048828125
0 0.34609375 0.5068359375 0.0390625 0.048828125
0 0.41953125 0.4599609375 0.0390625 0.048828125
0 0.37578125 0.3623046875 0.0390625 0.048828125
0 0.41328125 0.3388671875 0.0390625 0.048828125
0 0.62265625 0.3876953125 0.0390625 0.048828125
0 0.50703125 0.3388671875 0.0390625 0.048828125
0 0.49296875 0.4111328125 0.0390625 0.048828125
0 0.65390625 0.5556640625 0.0390625 0.048828125
0 0.55703125 0.2431640625 0.0390625 0.048828125
0 0.48515625 0.2900390625 0.0390625 0.048828125
0 0.31484375 0.6552734375 0.0390625 0.048828125
0 0.54453125 0.6298828125 0.0390625 0.048828125
0 0.50078125 0.5322265625 0.0390625 0.048828125
0 0.52265625 0.5810546875 0.0390625 0.048828125
0 0.33828125 0.3857421875 0.0390625 0.048828125
0 0.44921875 0.6298828125 0.0390625 0.048828125
0 0.18828125 0.4833984375 0.0390625 0.048828125
0 0.27109375 0.5556640625 0.0390625 0.048828125
0 0.25390625 0.6298828125 0.0390625 0.048828125
0 0.47109375 0.6787109375 0.0390625 0.048828125
0 0.23203125 0.5810546875 0.0390625 0.048828125
0 0.68984375 0.5322265625 0.0390625 0.048828125
0 0.45703125 0.4345703125 0.0390625 0.048828125
0 0.54296875 0.3154296875 0.0390625 0.048828125
0 0.44921875 0.3154296875 0.0390625 0.048828125
0 0.51484375 0.4599609375 0.0390625 0.048828125
0 0.58671875 0.4111328125 0.0390625 0.048828125
0 0.26484375 0.4345703125 0.0390625 0.048828125
0 0.27734375 0.6787109375 0.0390625 0.048828125
0 0.41796875 0.7783203125 0.0390625 0.048828125
0 0.42734375 0.5810546875 0.0390625 0.048828125
0 0.60390625 0.6533203125 0.0390625 0.048828125
0 0.34296875 0.8271484375 0.0390625 0.048828125
0 0.44140625 0.5068359375 0.0390625 0.048828125
0 0.60078125 0.3388671875 0.0390625 0.048828125
0 0.66796875 0.4833984375 0.0390625 0.048828125
0 0.58046875 0.6044921875 0.0390625 0.048828125
0 0.40546875 0.5322265625 0.0390625 0.048828125
0 0.52109375 0.2666015625 0.0390625 0.048828125
0 0.32109375 0.7783203125 0.0390625 0.048828125
0 0.52890625 0.3876953125 0.0390625 0.048828125
0 0.35234375 0.6298828125 0.0390625 0.048828125
0 0.57890625 0.2919921875 0.0390625 0.048828125
0 0.47890625 0.4833984375 0.0390625 0.048828125
0 0.49296875 0.7275390625 0.0390625 0.048828125
0 0.36796875 0.5556640625 0.0390625 0.048828125
0 0.61796875 0.5810546875 0.0390625 0.048828125
0 0.29296875 0.6044921875 0.0390625 0.048828125
0 0.52890625 0.7021484375 0.0390625 0.048828125
0 0.63203125 0.5068359375 0.0390625 0.048828125
0 0.38046875 0.8017578125 0.0390625 0.048828125
0 0.45546875 0.7529296875 0.0390625 0.048828125
