0 0.39140625 0.3505859375 0.0390625 0.048828125
0 0.49140625 0.6005859375 0.0390625 0.048828125
0 0.57890625 0.2119140625 0.0390625 0.048828125
0 0.73828125 0.3212890625 0.0390625 0.048828125
0 0.62421875 0.6064453125 0.0390625 0.048828125
0 0.71328125 0.2119140625 0.0390625 0.048828125
0 0.59921875 0.4970703125 0.0390625 0.048828125
0 0.78828125 0.5400390625 0.0390625 0.048828125
0 0.76328125 0.4306640625 0.0390625 0.048828125
0 0.41640625 0.4560546875 0.0390625 0.048828125
0 0.60390625 0.3193359375 0.0390625 0.048828125
0 0.79296875 0.3583984375 0.0390625 0.048828125
0 0.49921875 0.2451171875 0.0390625 0.048828125
0 0.70546875 0.5732421875 0.0390625 0.048828125
0 0.46640625 0.4931640625 0.0390625 0.048828125
0 0.75078125 0.3759765625 0.0390625 0.048828125
0 0.81796875 0.4677734375 0.0390625 0.048828125
0 0.57578125 0.3896484375 0.0390625 0.048828125
0 0.46328125 0.6708984375 0.0390625 0.048828125
0 0.76796875 0.2490234375 0.0390625 0.048828125
0 0.70078125 0.1572265625 0.0390625 0.048828125
0 0.65234375 0.5341796875 0.0390625 0.048828125
0 0.52265625 0.3525390625 0.0390625 0.048828125
0 0.55078125 0.2822265625 0.0390625 0.048828125
0 0.62734375 0.4267578125 0.0390625 0.048828125
0 0.72578125 0.2666015625 0.0390625 0.048828125
0 0.59140625 0.2646484375 0.0390625 0.048828125
0 0.73515625 0.5009765625 0.0390625 0.048828125
0 0.51953125 0.5302734375 0.0390625 0.048828125
0 0.43984375 0.5634765625 0.0390625 0.048828125
0 0.54296875 0.6376953125 0.0390625 0.048828125
0 0.86015625 0.4501953125 0.0390625 0.048828125
0 0.68046875 0.4638671875 0.0390625 0.048828125
0 0.47890625 0.5478515625 0.0390625 0.048828125
0 0.61171875 0.5517578125 0.0390625 0.048828125
0 0.51015625 0.2998046875 0.0390625 0.048828125
0 0.56328125 0.3369140625 0.0390625 0.048828125
0 0.58671875 0.4443359375 0.0390625 0.048828125
0 0.38046875 0.2978515625 0.0390625 0.048828125
0 0.55859375 0.5146484375 0.0390625 0.048828125
0 0.77578125 0.4853515625 0.0390625 0.048828125
0 0.45546875 0.4404296875 0.0390625 0.048828125
0 0.63203125 0.2470703125 0.0390625 0.048828125
0 0.71015625 0.3935546875 0.0390625 0.048828125
0 0.53515625 0.4072265625 0.0390625 0.048828125
0 0.66015625 0.1748046875 0.0390625 0.048828125
0 0.67265625 0.2294921875 0.0390625 0.048828125
0 0.44296875 0.3876953125 0.0390625 0.048828125
0 0.74296875 0.1396484375 0.0390625 0.048828125
0 0.49453125 0.4228515625 0.0390625 0.048828125
0 0.61484375 0.3720703125 0.0390625 0.048828125
0 0.87265625 0.5068359375 0.0390625 0.048828125
0 0.57109375 0.5673828125 0.0390625 0.048828125
0 0.53828125 0.2294921875 0.0390625 0.048828125
0 0.81015625 0.2314453125 0.0390625 0.048828125
0 0.74765625 0.5556640625 0.0390625 0.048828125
0 0.83515625 0.3408203125 0.0390625 0.048828125
0 0.69765625 0.3388671875 0.0390625 0.048828125
0 0.68515625 0.2841796875 0.0390625 0.048828125
0 0.41953125 0.2802734375 0.0390625 0.048828125
0 0.40390625 0.4033203125 0.0390625 0.048828125
0 0.65703125 0.3564453125 0.0390625 0.048828125
0 0.69296875 0.5185546875 0.0390625 0.048828125
0 0.50390625 0.6552734375 0.0390625 0.048828125
0 0.47109375 0.3173828125 0.0390625 0.048828125
0 0.72265625 0.4462890625 0.0390625 0.048828125
0 0.45859375 0.2626953125 0.0390625 0.048828125
0 0.54765625 0.4599609375 0.0390625 0.048828125
0 0.61953125 0.1943359375 0.0390625 0.048828125
0 0.45234375 0.6162109375 0.0390625 0.048828125
0 0.78515625 0.1220703125 0.0390625 0.048828125
0 0.84765625 0.3955078125 0.0390625 0.048828125
0 0.82265625 0.2861328125 0.0390625 0.048828125
0 0.58359375 0.6220703125 0.0390625 0.048828125
0 0.66796875 0.4091796875 0.0390625 0.048828125
0 0.48359375 0.3701171875 0.0390625 0.048828125
0 0.79765625 0.1767578125 0.0390625 0.048828125
0 0.43203125 0.3330078125 0.0390625 0.048828125
0 0.63984375 0.4814453125 0.0390625 0.048828125
0 0.50703125 0.4775390625 0.0390625 0.048828125
0 0.64453125 0.3017578125 0.0390625 0.048828125
0 0.78046875 0.3037109375 0.0390625 0.048828125
0 0.66484375 0.5888671875 0.0390625 0.048828125
0 0.75546875 0.1943359375 0.0390625 0.048828125
0 0.53203125 0.5849609375 0.0390625 0.048828125
0 0.42734375 0.5107421875 0.0390625 0.048828125
0 0.80546875 0.4130859375 0.0390625 0.048828125
0 0.83046875 0.5224609375 0.0390625 0.048828125
