0 0.51015625 0.2080078125 0.0484375 0.060546875
0 0.71328125 0.4248046875 0.0484375 0.060546875
0 0.32421875 0.64453125 0.0484375 0.0625
0 0.54921875 0.39453125 0.0484375 0.0625
0 0.67421875 0.240234375 0.0484375 0.0625
0 0.62109375 0.365234375 0.0484375 0.0625
0 0.60234375 0.2724609375 0.0484375 0.060546875
0 0.68515625 0.4853515625 0.0484375 0.060546875
0 0.58828125 0.5791015625 0.0484375 0.060546875
0 0.27734375 0.615234375 0.0484375 0.0625
0 0.64140625 0.4560546875 0.0484375 0.060546875
0 0.39296875 0.767578125 0.0484375 0.0625
0 0.45078125 0.48828125 0.0484375 0.0625
0 0.38515625 0.365234375 0.0484375 0.0625
0 0.74765625 0.2109375 0.0484375 0.0625
0 0.33046875 0.490234375 0.0484375 0.0625
0 0.65390625 0.1474609375 0.0484375 0.060546875
0 0.41796875 0.7041015625 0.0484375 0.060546875
0 0.52890625 0.3017578125 0.0484375 0.060546875
0 0.51015625 0.7626953125 0.0484375 0.060546875
0 0.4234375 0.5498046875 0.05 0.060546875
0 0.76484375 0.3017578125 0.0484375 0.060546875
0 0.65390625 0.6982421875 0.0484375 0.060546875
0 0.43671875 0.240234375 0.0484375 0.0625
0 0.79296875 0.240234375 0.0484375 0.0625
0 0.29921875 0.7060546875 0.0484375 0.060546875
0 0.51640625 0.6103515625 0.0484375 0.060546875
0 0.73203125 0.5146484375 0.0484375 0.060546875
0 0.52265625 0.4560546875 0.0484375 0.060546875
0 0.58203125 0.1787109375 0.0484375 0.060546875
0 0.56484375 0.0859375 0.0484375 0.0625
0 0.83671875 0.2724609375 0.0484375 0.060546875
0 0.55703125 0.240234375 0.0484375 0.0625
0 0.48515625 0.826171875 0.0484375 0.0625
0 0.53046875 0.85546875 0.0484375 0.0625
0 0.56171875 0.6396484375 0.0484375 0.060546875
0 0.64921875 0.3017578125 0.0484375 0.060546875
0 0.47578125 0.4267578125 0.0484375 0.060546875
0 0.46484375 0.7333984375 0.0484375 0.060546875
0 0.60234375 0.8212890625 0.0484375 0.060546875
0 0.48359375 0.2724609375 0.0484375 0.060546875
0 0.40390625 0.4580078125 0.0484375 0.060546875
0 0.49765625 0.51953125 0.0484375 0.0625
0 0.35703125 0.4267578125 0.0484375 0.060546875
0 0.46953125 0.5810546875 0.0484375 0.060546875
0 0.66640625 0.39453125 0.0484375 0.0625
0 0.45703125 0.3330078125 0.0484375 0.060546875
0 0.75703125 0.4541015625 0.0484375 0.060546875
0 0.54140625 0.5498046875 0.0484375 0.060546875
0 0.60859375 0.6689453125 0.0484375 0.060546875
0 0.39765625 0.61328125 0.0484375 0.0625
0 0.46484375 0.1787109375 0.0484375 0.060546875
0 0.55703125 0.7919921875 0.0484375 0.060546875
0 0.37734375 0.51953125 0.0484375 0.0625
0 0.37109375 0.6748046875 0.0484375 0.060546875
0 0.49140625 0.671875 0.0484375 0.0625
0 0.43125 0.3974609375 0.05 0.060546875
0 0.57421875 0.3330078125 0.0484375 0.060546875
0 0.69296875 0.3330078125 0.0484375 0.060546875
0 0.34609375 0.7353515625 0.0484375 0.060546875
0 0.35234375 0.5830078125 0.0484375 0.060546875
0 0.78203125 0.39453125 0.0484375 0.0625
0 0.4390625 0.796875 0.05 0.0625
0 0.70078125 0.1787109375 0.0484375 0.060546875
0 0.63359375 0.6083984375 0.0484375 0.060546875
0 0.59453125 0.4267578125 0.0484375 0.060546875
0 0.53671875 0.701171875 0.0484375 0.0625
0 0.61015625 0.115234375 0.0484375 0.0625
0 0.58203125 0.73046875 0.0484375 0.0625
0 0.44453125 0.642578125 0.0484375 0.0625
0 0.73828125 0.36328125 0.0484375 0.0625
0 0.56953125 0.48828125 0.0484375 0.0625
0 0.25234375 0.6767578125 0.0484375 0.060546875
0 0.68046875 0.6376953125 0.0484375 0.060546875
0 0.62734375 0.759765625 0.0484375 0.0625
0 0.61328125 0.517578125 0.0484375 0.0625
0 0.30546875 0.5517578125 0.0484375 0.060546875
0 0.53828125 0.1474609375 0.0484375 0.060546875
0 0.81171875 0.3310546875 0.0484375 0.060546875
0 0.49140625 0.115234375 0.0484375 0.0625
0 0.503125 0.365234375 0.05 0.0625
0 0.57734375 0.8828125 0.0484375 0.0625
0 0.66015625 0.546875 0.0484375 0.0625
0 0.72109375 0.2724609375 0.0484375 0.060546875
0 0.62890625 0.2109375 0.0484375 0.0625
0 0.51796875 0.0537109375 0.0484375 0.060546875
0 0.41015625 0.3017578125 0.0484375 0.060546875
0 0.70546875 0.576171875 0.0484375 0.0625
