0 0.325 0.2890625 0.04375 0.05859375
0 0.36953125 0.21875 0.0453125 0.05859375
0 0.4203125 0.283203125 0.04375 0.05859375
0 0.184375 0.361328125 0.04375 0.05859375
0 0.2296875 0.291015625 0.04375 0.05859375
0 0.1234375 0.15625 0.04375 0.05859375
0 0.428125 0.4189453125 0.04375 0.056640625
0 0.1375 0.4296875 0.04375 0.05859375
0 0.22109375 0.154296875 0.0453125 0.05859375
0 0.28125 0.35546875 0.04375 0.05859375
0 0.096875 0.6396484375 0.04375 0.056640625
0 0.31796875 0.1513671875 0.0453125 0.056640625
0 0.14375 0.568359375 0.04375 0.05859375
0 0.13125 0.29296875 0.04375 0.05859375
0 0.28828125 0.4931640625 0.0453125 0.056640625
0 0.3359375 0.490234375 0.04375 0.05859375
0 0.27734375 0.2890625 0.0453125 0.05859375
0 0.1921875 0.5654296875 0.04375 0.056640625
0 0.18046875 0.29296875 0.0453125 0.05859375
0 0.2703125 0.154296875 0.04375 0.05859375
0 0.0375 0.435546875 0.04375 0.05859375
0 0.3734375 0.2861328125 0.04375 0.056640625
0 0.46484375 0.216796875 0.0453125 0.05859375
0 0.471875 0.349609375 0.04375 0.05859375
0 0.34296875 0.6259765625 0.0453125 0.056640625
0 0.2421875 0.5625 0.04375 0.05859375
0 0.365625 0.1513671875 0.04375 0.056640625
0 0.084375 0.365234375 0.04375 0.05859375
0 0.321875 0.21875 0.04375 0.05859375
0 0.08828125 0.4326171875 0.0453125 0.056640625
0 0.4859375 0.619140625 0.04375 0.05859375
0 0.2390625 0.49609375 0.04375 0.05859375
0 0.0765625 0.2255859375 0.04375 0.056640625
0 0.4140625 0.1484375 0.04375 0.05859375
0 0.521875 0.4140625 0.04375 0.05859375
0 0.12734375 0.2255859375 0.0453125 0.056640625
0 0.09375 0.572265625 0.04375 0.05859375
0 0.38359375 0.48828125 0.0453125 0.05859375
0 0.46875 0.28125 0.04375 0.05859375
0 0.5125 0.21484375 0.04375 0.05859375
0 0.3796875 0.4208984375 0.04375 0.056640625
0 0.19609375 0.634765625 0.0453125 0.05859375
0 0.134375 0.36328125 0.04375 0.05859375
0 0.14140625 0.5 0.0453125 0.05859375
0 0.51796875 0.3466796875 0.0453125 0.056640625
0 0.2328125 0.3583984375 0.04375 0.056640625
0 0.1734375 0.15625 0.04375 0.05859375
0 0.190625 0.498046875 0.04375 0.05859375
0 0.0296875 0.2978515625 0.04375 0.056640625
0 0.3765625 0.353515625 0.04375 0.05859375
0 0.475 0.416015625 0.04375 0.05859375
0 0.04375 0.57421875 0.04375 0.05859375
0 0.0796875 0.294921875 0.04375 0.05859375
0 0.3328125 0.423828125 0.04375 0.05859375
0 0.3875 0.556640625 0.04375 0.05859375
0 0.090625 0.501953125 0.04375 0.05859375
0 0.1765625 0.2236328125 0.04375 0.056640625
0 0.43828125 0.62109375 0.0453125 0.05859375
0 0.390625 0.623046875 0.04375 0.05859375
0 0.2734375 0.220703125 0.04375 0.05859375
0 0.3390625 0.55859375 0.04375 0.05859375
0 0.4828125 0.55078125 0.04375 0.05859375
0 0.42421875 0.3515625 0.0453125 0.05859375
0 0.284375 0.423828125 0.04375 0.05859375
0 0.32890625 0.353515625 0.0453125 0.05859375
0 0.0265625 0.228515625 0.04375 0.05859375
0 0.528125 0.548828125 0.04375 0.05859375
0 0.1859375 0.427734375 0.04375 0.05859375
0 0.225 0.220703125 0.04375 0.05859375
0 0.43125 0.486328125 0.04375 0.05859375
0 0.04609375 0.64453125 0.0453125 0.05859375
0 0.4609375 0.1484375 0.04375 0.05859375
0 0.040625 0.5048828125 0.04375 0.056640625
0 0.4171875 0.216796875 0.04375 0.05859375
0 0.2921875 0.560546875 0.04375 0.05859375
0 0.146875 0.63671875 0.04375 0.05859375
0 0.23515625 0.427734375 0.0453125 0.05859375
0 0.53203125 0.6171875 0.0453125 0.05859375
0 0.07421875 0.158203125 0.0453125 0.05859375
0 0.47890625 0.484375 0.0453125 0.05859375
0 0.5140625 0.28125 0.04375 0.05859375
0 0.03359375 0.365234375 0.0453125 0.05859375
0 0.525 0.4814453125 0.04375 0.056640625
0 0.434375 0.5537109375 0.04375 0.056640625
0 0.29375 0.6279296875 0.04375 0.056640625
0 0.2453125 0.6328125 0.04375 0.05859375
0 0.0234375 0.158203125 0.04375 0.05859375
0 0.509375 0.146484375 0.04375 0.05859375
