0 0.71171875 0.6728515625 0.0390625 0.048828125
0 0.69921875 0.5634765625 0.0390625 0.048828125
0 0.51171875 0.4814453125 0.0390625 0.048828125
0 0.68828125 0.4521484375 0.0390625 0.048828125
0 0.55078125 0.4169921875 0.0390625 0.048828125
0 0.46328125 0.4326171875 0.0390625 0.048828125
0 0.63984375 0.4033203125 0.0390625 0.048828125
0 0.47265625 0.5439453125 0.0390625 0.048828125
0 0.56171875 0.5283203125 0.0390625 0.048828125
0 0.28984375 0.5166015625 0.0390625 0.048828125
0 0.38515625 0.5595703125 0.0390625 0.048828125
0 0.60078125 0.4658203125 0.0390625 0.048828125
0 0.64921875 0.5146484375 0.0390625 0.048828125
0 0.58984375 0.3544921875 0.0390625 0.048828125
0 0.33046875 0.4541015625 0.0390625 0.048828125
0 0.66171875 0.6259765625 0.0390625 0.048828125
0 0.27421875 0.3466796875 0.0390625 0.048828125
0 0.36328125 0.3330078125 0.0390625 0.048828125
0 0.61171875 0.5771484375 0.0390625 0.048828125
0 0.63359375 0.3486328125 0.0390625 0.048828125
0 0.42421875 0.4951171875 0.0390625 0.048828125
0 0.67890625 0.3408203125 0.0390625 0.048828125
0 0.37890625 0.5029296875 0.0390625 0.048828125
0 0.53515625 0.7041015625 0.0390625 0.048828125
0 0.37421875 0.4462890625 0.0390625 0.048828125
0 0.43515625 0.6064453125 0.0390625 0.048828125
0 0.41796875 0.4384765625 0.0390625 0.048828125
0 0.57265625 0.6396484375 0.0390625 0.048828125
0 0.62421875 0.6884765625 0.0390625 0.048828125
0 0.35859375 0.7353515625 0.0390625 0.048828125
0 0.58515625 0.2998046875 0.0390625 0.048828125
0 0.36953125 0.3896484375 0.0390625 0.048828125
0 0.45703125 0.3759765625 0.0390625 0.048828125
0 0.34140625 0.5654296875 0.0390625 0.048828125
0 0.41328125 0.3818359375 0.0390625 0.048828125
0 0.25078125 0.5810546875 0.0390625 0.048828125
0 0.44765625 0.7197265625 0.0390625 0.048828125
0 0.48515625 0.6552734375 0.0390625 0.048828125
0 0.45234375 0.3193359375 0.0390625 0.048828125
0 0.50234375 0.3681640625 0.0390625 0.048828125
0 0.62890625 0.2919921875 0.0390625 0.048828125
0 0.30234375 0.6318359375 0.0390625 0.048828125
0 0.42890625 0.5517578125 0.0390625 0.048828125
0 0.52421875 0.5927734375 0.0390625 0.048828125
0 0.23984375 0.4677734375 0.0390625 0.048828125
0 0.59453125 0.4111328125 0.0390625 0.048828125
0 0.46796875 0.4873046875 0.0390625 0.048828125
0 0.39609375 0.6708984375 0.0390625 0.048828125
0 0.30859375 0.6884765625 0.0390625 0.048828125
0 0.54609375 0.3623046875 0.0390625 0.048828125
0 0.28046875 0.4033203125 0.0390625 0.048828125
0 0.39140625 0.6142578125 0.0390625 0.048828125
0 0.34609375 0.6220703125 0.0390625 0.048828125
0 0.29609375 0.5732421875 0.0390625 0.048828125
0 0.32421875 0.3974609375 0.0390625 0.048828125
0 0.49609375 0.3134765625 0.0390625 0.048828125
0 0.40859375 0.3251953125 0.0390625 0.048828125
0 0.54140625 0.3056640625 0.0390625 0.048828125
0 0.33515625 0.5087890625 0.0390625 0.048828125
0 0.67421875 0.2861328125 0.0390625 0.048828125
0 0.51796875 0.5361328125 0.0390625 0.048828125
0 0.35234375 0.6806640625 0.0390625 0.048828125
0 0.50703125 0.4248046875 0.0390625 0.048828125
0 0.55546875 0.4736328125 0.0390625 0.048828125
0 0.26328125 0.6962890625 0.0390625 0.048828125
0 0.60546875 0.5205078125 0.0390625 0.048828125
0 0.64453125 0.4580078125 0.0390625 0.048828125
0 0.47890625 0.5986328125 0.0390625 0.048828125
0 0.25703125 0.6396484375 0.0390625 0.048828125
0 0.23515625 0.4111328125 0.0390625 0.048828125
0 0.44140625 0.6630859375 0.0390625 0.048828125
0 0.26953125 0.7529296875 0.0390625 0.048828125
0 0.56796875 0.5849609375 0.0390625 0.048828125
0 0.68359375 0.3974609375 0.0390625 0.048828125
0 0.52890625 0.6474609375 0.0390625 0.048828125
0 0.31484375 0.7451171875 0.0390625 0.048828125
0 0.28515625 0.4599609375 0.0390625 0.048828125
0 0.65546875 0.5693359375 0.0390625 0.048828125
0 0.61796875 0.6318359375 0.0390625 0.048828125
0 0.69296875 0.5068359375 0.0390625 0.048828125
0 0.40234375 0.7275390625 0.0390625 0.048828125
0 0.58046875 0.6962890625 0.0390625 0.048828125
0 0.31953125 0.3408203125 0.0390625 0.048828125
0 0.66796875 0.6806640625 0.0390625 0.048828125
0 0.70546875 0.6181640625 0.0390625 0.048828125
0 0.49140625 0.7119140625 0.0390625 0.048828125
0 0.23046875 0.3544921875 0.0390625 0.048828125
0 0.24609375 0.5244140625 0.0390625 0.048828125
