0 0.48828125 0.4306640625 0.0453125 0.052734375
0 0.38046875 0.6875 0.0421875 0.05078125
0 0.41796875 0.75390625 0.0453125 0.05078125
0 0.52421875 0.5009765625 0.0453125 0.052734375
0 0.45390625 0.8232421875 0.0453125 0.048828125
0 0.2734375 0.71484375 0.04375 0.05078125
0 0.21328125 0.5244140625 0.0453125 0.048828125
0 0.41796875 0.525390625 0.0453125 0.05078125
0 0.47734375 0.4853515625 0.0453125 0.048828125
0 0.47734375 0.71484375 0.0453125 0.05078125
0 0.36875 0.7421875 0.04375 0.05078125
0 0.38203125 0.45703125 0.0453125 0.05078125
0 0.54921875 0.3935546875 0.0421875 0.048828125
0 0.2625 0.30859375 0.04375 0.05078125
0 0.309375 0.783203125 0.04375 0.05078125
0 0.45390625 0.365234375 0.0453125 0.05078125
0 0.39453125 0.6328125 0.0453125 0.05078125
0 0.51328125 0.783203125 0.0453125 0.05078125
0 0.2859375 0.662109375 0.04375 0.05078125
0 0.39296875 0.404296875 0.0421875 0.05078125
0 0.4671875 0.3115234375 0.04375 0.052734375
0 0.2984375 0.376953125 0.04375 0.05078125
0 0.321875 0.26953125 0.04375 0.05078125
0 0.44140625 0.41796875 0.0453125 0.05078125
0 0.35859375 0.337890625 0.0453125 0.05078125
0 0.42890625 0.47265625 0.0453125 0.05078125
0 0.58359375 0.458984375 0.0453125 0.05078125
0 0.35859375 0.56640625 0.0453125 0.05078125
0 0.46484375 0.5380859375 0.0453125 0.048828125
0 0.25 0.59375 0.04375 0.05078125
0 0.56015625 0.56640625 0.0453125 0.05078125
0 0.2859375 0.2021484375 0.04375 0.052734375
0 0.52421875 0.2734375 0.0453125 0.05078125
0 0.51328125 0.5546875 0.0453125 0.05078125
0 0.33359375 0.673828125 0.0421875 0.05078125
0 0.45390625 0.5927734375 0.0453125 0.048828125
0 0.34609375 0.3916015625 0.0421875 0.052734375
0 0.32109375 0.7265625 0.0421875 0.05078125
0 0.43046875 0.24609375 0.0453125 0.05078125
0 0.309375 0.552734375 0.04375 0.05078125
0 0.18828125 0.6328125 0.0453125 0.05078125
0 0.23671875 0.646484375 0.0453125 0.05078125
0 0.51328125 0.326171875 0.0453125 0.05078125
0 0.3453125 0.6201171875 0.04375 0.052734375
0 0.35625 0.794921875 0.04375 0.05078125
0 0.55 0.6201171875 0.04375 0.052734375
0 0.2734375 0.4853515625 0.04375 0.048828125
0 0.50078125 0.607421875 0.0453125 0.05078125
0 0.16484375 0.7421875 0.0453125 0.05078125
0 0.3328125 0.4453125 0.04375 0.05078125
0 0.5734375 0.287109375 0.04375 0.05078125
0 0.53671875 0.673828125 0.0453125 0.05078125
0 0.44140625 0.646484375 0.0453125 0.05078125
0 0.40546875 0.810546875 0.0453125 0.05078125
0 0.40703125 0.353515625 0.0453125 0.05078125
0 0.2390625 0.416015625 0.04375 0.05078125
0 0.22421875 0.701171875 0.0453125 0.05078125
0 0.60703125 0.3544921875 0.0453125 0.048828125
0 0.2859375 0.4306640625 0.04375 0.052734375
0 0.296875 0.60546875 0.04375 0.05078125
0 0.6203125 0.2998046875 0.04375 0.048828125
0 0.321875 0.498046875 0.04375 0.05078125
0 0.37109375 0.28515625 0.0453125 0.05078125
0 0.41796875 0.296875 0.0453125 0.05078125
0 0.503125 0.8388671875 0.04375 0.052734375
0 0.38203125 0.23046875 0.0453125 0.05078125
0 0.2125 0.755859375 0.04375 0.05078125
0 0.4890625 0.662109375 0.04375 0.05078125
0 0.42890625 0.701171875 0.0453125 0.05078125
0 0.56015625 0.3388671875 0.0453125 0.048828125
0 0.40546875 0.578125 0.0453125 0.05078125
0 0.50078125 0.37890625 0.0453125 0.05078125
0 0.57109375 0.513671875 0.0453125 0.05078125
0 0.25 0.36328125 0.04375 0.05078125
0 0.36875 0.5107421875 0.04375 0.052734375
0 0.31171875 0.32421875 0.0453125 0.05078125
0 0.47734375 0.2578125 0.0453125 0.05078125
0 0.46484375 0.7685546875 0.0453125 0.052734375
0 0.33515625 0.216796875 0.0453125 0.05078125
0 0.175 0.6875 0.04375 0.05078125
0 0.26015625 0.5380859375 0.0453125 0.048828125
0 0.59609375 0.40625 0.0421875 0.05078125
0 0.53515625 0.4462890625 0.0453125 0.048828125
0 0.22578125 0.46875 0.0421875 0.05078125
0 0.52421875 0.7294921875 0.0453125 0.052734375
0 0.275 0.255859375 0.04375 0.05078125
0 0.20078125 0.578125 0.0453125 0.05078125
0 0.26015625 0.7705078125 0.0453125 0.048828125
