0 0.29140625 0.1572265625 0.0453125 0.083984375
0 0.23984375 0.2626953125 0.0453125 0.083984375
0 0.28359375 0.34765625 0.0453125 0.0859375
0 0.27265625 0.73046875 0.0453125 0.0859375
0 0.50859375 0.2900390625 0.0453125 0.083984375
0 0.23203125 0.6484375 0.0453125 0.0859375
0 0.55390625 0.2763671875 0.0453125 0.083984375
0 0.31640625 0.80859375 0.0453125 0.0859375
0 0.18671875 0.56640625 0.0453125 0.0859375
0 0.33359375 0.2421875 0.0453125 0.0859375
0 0.465625 0.30078125 0.046875 0.0859375
0 0.55078125 0.3720703125 0.0453125 0.083984375
0 0.14765625 0.287109375 0.0453125 0.0859375
0 0.19140625 0.3720703125 0.0453125 0.083984375
0 0.41953125 0.314453125 0.0453125 0.0859375
0 0.32734375 0.43359375 0.0453125 0.0859375
0 0.36328125 0.703125 0.0453125 0.0859375
0 0.42421875 0.21875 0.0453125 0.0859375
0 0.59765625 0.2666015625 0.0453125 0.083984375
0 0.18203125 0.7578125 0.0453125 0.0859375
0 0.23515625 0.45703125 0.0453125 0.0859375
0 0.40546875 0.78125 0.0453125 0.0859375
0 0.19765625 0.177734375 0.0453125 0.0859375
0 0.37890625 0.228515625 0.0453125 0.0859375
0 0.37734375 0.32421875 0.0453125 0.0859375
0 0.14296875 0.4814453125 0.0453125 0.083984375
0 0.46171875 0.396484375 0.0453125 0.0859375
0 0.49453125 0.75390625 0.0453125 0.0859375
0 0.27890625 0.5390625 0.0453125 0.0859375
0 0.13671875 0.67578125 0.0453125 0.0859375
0 0.55859375 0.1845703125 0.0453125 0.083984375
0 0.22578125 0.83984375 0.0453125 0.0859375
0 0.46015625 0.48828125 0.0453125 0.0859375
0 0.13515625 0.771484375 0.0453125 0.0859375
0 0.41796875 0.41015625 0.0453125 0.0859375
0 0.50703125 0.3828125 0.0453125 0.0859375
0 0.51328125 0.1953125 0.0453125 0.0859375
0 0.54765625 0.46484375 0.0453125 0.0859375
0 0.32265625 0.62109375 0.0453125 0.0859375
0 0.58671875 0.5458984375 0.0453125 0.083984375
0 0.13203125 0.8671875 0.0453125 0.0859375
0 0.58203125 0.73046875 0.0453125 0.0859375
0 0.36953125 0.515625 0.0453125 0.0859375
0 0.19453125 0.2763671875 0.0453125 0.083984375
0 0.59140625 0.4541015625 0.0453125 0.083984375
0 0.18984375 0.4677734375 0.0453125 0.083984375
0 0.45234375 0.67578125 0.0453125 0.0859375
0 0.41484375 0.501953125 0.0453125 0.0859375
0 0.50390625 0.478515625 0.0453125 0.0859375
0 0.47265625 0.11328125 0.0453125 0.0859375
0 0.56171875 0.0888671875 0.0453125 0.083984375
0 0.54140625 0.6484375 0.0453125 0.0859375
0 0.41328125 0.59375 0.0453125 0.0859375
0 0.38203125 0.1328125 0.0453125 0.0859375
0 0.42734375 0.123046875 0.0453125 0.0859375
0 0.23828125 0.361328125 0.0453125 0.0859375
0 0.51640625 0.1025390625 0.0453125 0.083984375
0 0.409375 0.689453125 0.046875 0.0859375
0 0.37265625 0.419921875 0.0453125 0.0859375
0 0.23359375 0.552734375 0.0453125 0.0859375
0 0.17890625 0.853515625 0.0453125 0.0859375
0 0.59453125 0.3583984375 0.0453125 0.083984375
0 0.60234375 0.173828125 0.0453125 0.0859375
0 0.45078125 0.767578125 0.0453125 0.0859375
0 0.46953125 0.208984375 0.0453125 0.0859375
0 0.33671875 0.1435546875 0.0453125 0.083984375
0 0.27734375 0.634765625 0.0453125 0.0859375
0 0.18359375 0.662109375 0.0453125 0.0859375
0 0.31796875 0.716796875 0.0453125 0.0859375
0 0.22734375 0.744140625 0.0453125 0.0859375
0 0.28203125 0.443359375 0.0453125 0.0859375
0 0.53828125 0.740234375 0.0453125 0.0859375
0 0.50078125 0.5703125 0.0453125 0.0859375
0 0.54296875 0.556640625 0.0453125 0.0859375
0 0.13828125 0.5771484375 0.0453125 0.083984375
0 0.36796875 0.607421875 0.0453125 0.0859375
0 0.14453125 0.3857421875 0.0453125 0.083984375
0 0.32421875 0.525390625 0.0453125 0.0859375
0 0.58359375 0.638671875 0.0453125 0.0859375
0 0.28828125 0.2529296875 0.0453125 0.083984375
0 0.45703125 0.583984375 0.0453125 0.0859375
0 0.27109375 0.822265625 0.0453125 0.0859375
0 0.14921875 0.19140625 0.0453125 0.0859375
0 0.33203125 0.337890625 0.0453125 0.0859375
0 0.49765625 0.662109375 0.0453125 0.0859375
0 0.36171875 0.794921875 0.0453125 0.0859375
0 0.60546875 0.078125 0.0453125 0.0859375
0 0.24453125 0.16796875 0.0453125 0.0859375
