0 0.17578125 0.5126953125 0.0484375 0.052734375
0 0.3421875 0.6806640625 0.046875 0.052734375
0 0.41328125 0.4150390625 0.0484375 0.052734375
0 0.2828125 0.1123046875 0.046875 0.052734375
0 0.36796875 0.2861328125 0.0484375 0.052734375
0 0.61328125 0.4501953125 0.0484375 0.052734375
0 0.13046875 0.3837890625 0.0484375 0.052734375
0 0.578125 0.5810546875 0.046875 0.052734375
0 0.49453125 0.498046875 0.0484375 0.05078125
0 0.2171875 0.5556640625 0.046875 0.052734375
0 0.3828125 0.7197265625 0.046875 0.052734375
0 0.534375 0.4541015625 0.046875 0.052734375
0 0.4609375 0.630859375 0.046875 0.05078125
0 0.2515625 0.333984375 0.046875 0.05078125
0 0.28515625 0.201171875 0.0484375 0.05078125
0 0.415625 0.501953125 0.046875 0.05078125
0 0.4625 0.7158203125 0.046875 0.052734375
0 0.4921875 0.4130859375 0.046875 0.052734375
0 0.4515625 0.369140625 0.046875 0.05078125
0 0.58125 0.66796875 0.046875 0.05078125
0 0.20625 0.205078125 0.046875 0.05078125
0 0.128125 0.296875 0.046875 0.05078125
0 0.371875 0.3740234375 0.046875 0.052734375
0 0.29453125 0.46484375 0.0484375 0.05078125
0 0.3265625 0.2451171875 0.046875 0.052734375
0 0.65625 0.5771484375 0.046875 0.052734375
0 0.2984375 0.5517578125 0.046875 0.052734375
0 0.4984375 0.5849609375 0.046875 0.052734375
0 0.4234375 0.6767578125 0.046875 0.052734375
0 0.50390625 0.7568359375 0.0484375 0.052734375
0 0.33046875 0.33203125 0.0484375 0.05078125
0 0.25859375 0.59765625 0.0484375 0.05078125
0 0.165625 0.2509765625 0.046875 0.052734375
0 0.334375 0.4189453125 0.046875 0.052734375
0 0.215625 0.466796875 0.046875 0.05078125
0 0.0890625 0.3427734375 0.046875 0.052734375
0 0.6171875 0.537109375 0.046875 0.05078125
0 0.33984375 0.59375 0.0484375 0.05078125
0 0.4453125 0.1953125 0.046875 0.05078125
0 0.5328125 0.3671875 0.046875 0.05078125
0 0.246875 0.2470703125 0.046875 0.052734375
0 0.696875 0.533203125 0.046875 0.05078125
0 0.6109375 0.36328125 0.046875 0.05078125
0 0.571875 0.4091796875 0.046875 0.052734375
0 0.38125 0.634765625 0.046875 0.05078125
0 0.44921875 0.2822265625 0.0484375 0.052734375
0 0.365625 0.19921875 0.046875 0.05078125
0 0.325 0.1552734375 0.046875 0.052734375
0 0.253125 0.4228515625 0.046875 0.052734375
0 0.5359375 0.5390625 0.046875 0.05078125
0 0.25625 0.5107421875 0.046875 0.052734375
0 0.41875 0.5888671875 0.046875 0.052734375
0 0.3734375 0.4609375 0.046875 0.05078125
0 0.3 0.638671875 0.046875 0.05078125
0 0.171875 0.42578125 0.046875 0.05078125
0 0.3234375 0.06640625 0.046875 0.05078125
0 0.2109375 0.3818359375 0.046875 0.052734375
0 0.378125 0.5478515625 0.046875 0.052734375
0 0.45625 0.5439453125 0.046875 0.052734375
0 0.290625 0.3779296875 0.046875 0.052734375
0 0.2078125 0.29296875 0.046875 0.05078125
0 0.04921875 0.3876953125 0.0484375 0.052734375
0 0.1703125 0.337890625 0.046875 0.05078125
0 0.53984375 0.626953125 0.0484375 0.05078125
0 0.2890625 0.2900390625 0.046875 0.052734375
0 0.5703125 0.3212890625 0.046875 0.052734375
0 0.134375 0.470703125 0.046875 0.05078125
0 0.5421875 0.7138671875 0.046875 0.052734375
0 0.425 0.76171875 0.046875 0.05078125
0 0.4875 0.23828125 0.046875 0.05078125
0 0.3359375 0.505859375 0.046875 0.05078125
0 0.40390625 0.1533203125 0.0484375 0.052734375
0 0.5015625 0.671875 0.046875 0.05078125
0 0.4078125 0.2412109375 0.046875 0.052734375
0 0.490625 0.326171875 0.046875 0.05078125
0 0.409375 0.328125 0.046875 0.05078125
0 0.6546875 0.4921875 0.046875 0.05078125
0 0.24375 0.1572265625 0.046875 0.052734375
0 0.653125 0.404296875 0.046875 0.05078125
0 0.69453125 0.4462890625 0.0484375 0.052734375
0 0.465625 0.802734375 0.046875 0.05078125
0 0.528125 0.2802734375 0.046875 0.052734375
0 0.57578125 0.49609375 0.0484375 0.05078125
0 0.0921875 0.4296875 0.046875 0.05078125
0 0.3625 0.1103515625 0.046875 0.052734375
0 0.4546875 0.4560546875 0.046875 0.052734375
0 0.734375 0.4873046875 0.046875 0.052734375
0 0.61875 0.6220703125 0.046875 0.052734375
