0 0.546875 0.6455078125 0.05625 0.056640625
0 0.7484375 0.1279296875 0.05625 0.056640625
0 0.6984375 0.5517578125 0.05625 0.056640625
0 0.70234375 0.2080078125 0.0578125 0.056640625
0 0.725 0.3408203125 0.05625 0.056640625
0 0.5890625 0.5673828125 0.05625 0.056640625
0 0.6875 0.4833984375 0.05625 0.056640625
0 0.74453125 0.4736328125 0.0578125 0.056640625
0 0.678125 0.4169921875 0.05625 0.056640625
0 0.56875 0.4365234375 0.05625 0.056640625
0 0.48203125 0.2529296875 0.0578125 0.056640625
0 0.578125 0.50390625 0.04375 0.05078125
0 0.6765625 0.7587890625 0.05625 0.056640625
0 0.590625 0.2294921875 0.05625 0.056640625
0 0.76875 0.2626953125 0.05625 0.056640625
0 0.6109375 0.36328125 0.05625 0.05859375
0 0.79921875 0.4638671875 0.0578125 0.056640625
0 0.77890625 0.3310546875 0.0578125 0.056640625
0 0.828125 0.2529296875 0.05625 0.056640625
0 0.60390625 0.2958984375 0.0546875 0.056640625
0 0.85625 0.453125 0.05625 0.0546875
0 0.878125 0.5849609375 0.05625 0.056640625
0 0.665625 0.6923828125 0.05625 0.056640625
0 0.759375 0.1953125 0.05625 0.05859375
0 0.7125 0.2744140625 0.05625 0.056640625
0 0.83125 0.6630859375 0.05625 0.052734375
0 0.8453125 0.3857421875 0.05625 0.056640625
0 0.73671875 0.4072265625 0.0578125 0.056640625
0 0.6234375 0.4267578125 0.05625 0.056640625
0 0.8734375 0.1728515625 0.05625 0.056640625
0 0.6453125 0.2177734375 0.05625 0.056640625
0 0.946875 0.6416015625 0.05625 0.056640625
0 0.53671875 0.5810546875 0.0578125 0.056640625
0 0.525 0.5146484375 0.05625 0.056640625
0 0.86796875 0.5185546875 0.0578125 0.056640625
0 0.86171875 0.1044921875 0.0578125 0.056640625
0 0.721875 0.6826171875 0.05625 0.056640625
0 0.7546875 0.541015625 0.05625 0.05859375
0 0.8359375 0.3193359375 0.05625 0.056640625
0 0.77734375 0.673828125 0.0546875 0.0546875
0 0.65625 0.625 0.05625 0.05859375
0 0.5265625 0.1748046875 0.05625 0.056640625
0 0.8234375 0.5966796875 0.05625 0.052734375
0 0.6375 0.1513671875 0.05625 0.056640625
0 0.59921875 0.634765625 0.0578125 0.05859375
0 0.7671875 0.6083984375 0.05625 0.056640625
0 0.628125 0.0849609375 0.05625 0.056640625
0 0.8046875 0.1162109375 0.05625 0.056640625
0 0.89375 0.3076171875 0.05625 0.052734375
0 0.7875 0.740234375 0.05625 0.0546875
0 0.58125 0.1630859375 0.05625 0.056640625
0 0.9046875 0.375 0.05625 0.0546875
0 0.815625 0.1826171875 0.05625 0.056640625
0 0.69375 0.1416015625 0.05625 0.056640625
0 0.9265625 0.5087890625 0.05625 0.056640625
0 0.66796875 0.3525390625 0.0578125 0.056640625
0 0.884375 0.2392578125 0.05625 0.056640625
0 0.85390625 0.0380859375 0.0578125 0.056640625
0 0.56875 0.7763671875 0.05625 0.056640625
0 0.64375 0.5615234375 0.05625 0.056640625
0 0.84375 0.7294921875 0.05625 0.056640625
0 0.79921875 0.0498046875 0.0578125 0.056640625
0 0.7390625 0.0615234375 0.05625 0.056640625
0 0.55625 0.373046875 0.05625 0.05859375
0 0.6234375 0.765625 0.05625 0.05859375
0 0.7890625 0.3974609375 0.05625 0.056640625
0 0.890625 0.6513671875 0.05625 0.056640625
0 0.7109375 0.6181640625 0.05625 0.056640625
0 0.51796875 0.1083984375 0.0546875 0.056640625
0 0.5484375 0.3056640625 0.05625 0.056640625
0 0.57109375 0.0966796875 0.0578125 0.056640625
0 0.8109375 0.5302734375 0.05625 0.056640625
0 0.4921875 0.3193359375 0.05625 0.056640625
0 0.6109375 0.7021484375 0.05625 0.056640625
0 0.471875 0.1845703125 0.05625 0.056640625
0 0.65625 0.2841796875 0.05625 0.056640625
0 0.50390625 0.3837890625 0.0546875 0.056640625
0 0.73046875 0.7490234375 0.0578125 0.056640625
0 0.684375 0.0712890625 0.05625 0.056640625
0 0.53671875 0.2421875 0.0578125 0.05859375
0 0.5140625 0.4501953125 0.05625 0.056640625
0 0.55625 0.7080078125 0.05625 0.056640625
0 0.9140625 0.44140625 0.05625 0.0546875
0 0.934375 0.5751953125 0.05625 0.056640625
0 0.63203125 0.494140625 0.0546875 0.05859375
0 0.4640625 0.1181640625 0.05625 0.056640625
0 0.9 0.71875 0.05625 0.05859375
0 0.959375 0.7119140625 0.05625 0.056640625
