0 0.24921875 0.5810546875 0.0390625 0.048828125
0 0.20078125 0.5341796875 0.0390625 0.048828125
0 0.39921875 0.7705078125 0.0390625 0.048828125
0 0.26171875 0.6923828125 0.0390625 0.048828125
0 0.33359375 0.5615234375 0.0390625 0.048828125
0 0.29765625 0.6259765625 0.0390625 0.048828125
0 0.35859375 0.7822265625 0.0390625 0.048828125
0 0.23671875 0.4677734375 0.0390625 0.048828125
0 0.15078125 0.4873046875 0.0390625 0.048828125
0 0.34609375 0.6708984375 0.0390625 0.048828125
0 0.36328125 0.4404296875 0.0390625 0.048828125
0 0.43984375 0.3662109375 0.0390625 0.048828125
0 0.31015625 0.7373046875 0.0390625 0.048828125
0 0.10078125 0.4384765625 0.0390625 0.048828125
0 0.37578125 0.5517578125 0.0390625 0.048828125
0 0.32109375 0.4501953125 0.0390625 0.048828125
0 0.55703125 0.6767578125 0.0390625 0.048828125
0 0.41015625 0.4873046875 0.0390625 0.048828125
0 0.49765625 0.5224609375 0.0390625 0.048828125
0 0.31484375 0.3935546875 0.0390625 0.048828125
0 0.28515625 0.5146484375 0.0390625 0.048828125
0 0.52109375 0.3486328125 0.0390625 0.048828125
0 0.27265625 0.4033203125 0.0390625 0.048828125
0 0.53828125 0.5126953125 0.0390625 0.048828125
0 0.27578125 0.8037109375 0.0390625 0.048828125
0 0.38671875 0.6611328125 0.0390625 0.048828125
0 0.21328125 0.6455078125 0.0390625 0.048828125
0 0.48671875 0.4130859375 0.0390625 0.048828125
0 0.42265625 0.5966796875 0.0390625 0.048828125
0 0.47578125 0.6962890625 0.0390625 0.048828125
0 0.52265625 0.7412109375 0.0390625 0.048828125
0 0.45234375 0.4775390625 0.0390625 0.048828125
0 0.46328125 0.5869140625 0.0390625 0.048828125
0 0.45703125 0.5322265625 0.0390625 0.048828125
0 0.51015625 0.6318359375 0.0390625 0.048828125
0 0.36953125 0.4951171875 0.0390625 0.048828125
0 0.35703125 0.3837890625 0.0390625 0.048828125
0 0.22578125 0.7568359375 0.0390625 0.048828125
0 0.53359375 0.4580078125 0.0390625 0.048828125
0 0.18359375 0.7685546875 0.0390625 0.048828125
0 0.50390625 0.5771484375 0.0390625 0.048828125
0 0.32734375 0.5048828125 0.0390625 0.048828125
0 0.52734375 0.4033203125 0.0390625 0.048828125
0 0.43515625 0.7060546875 0.0390625 0.048828125
0 0.51640625 0.6865234375 0.0390625 0.048828125
0 0.44609375 0.4228515625 0.0390625 0.048828125
0 0.33984375 0.6162109375 0.0390625 0.048828125
0 0.46953125 0.6416015625 0.0390625 0.048828125
0 0.18828125 0.4208984375 0.0390625 0.048828125
0 0.12109375 0.6103515625 0.0390625 0.048828125
0 0.35234375 0.7255859375 0.0390625 0.048828125
0 0.11484375 0.5517578125 0.0390625 0.048828125
0 0.48203125 0.7509765625 0.0390625 0.048828125
0 0.17109375 0.6552734375 0.0390625 0.048828125
0 0.54453125 0.5673828125 0.0390625 0.048828125
0 0.55078125 0.6220703125 0.0390625 0.048828125
0 0.39453125 0.7158203125 0.0390625 0.048828125
0 0.39765625 0.3759765625 0.0390625 0.048828125
0 0.16484375 0.6005859375 0.0390625 0.048828125
0 0.38203125 0.6064453125 0.0390625 0.048828125
0 0.23203125 0.8134765625 0.0390625 0.048828125
0 0.48046875 0.3583984375 0.0390625 0.048828125
0 0.14765625 0.8349609375 0.0390625 0.048828125
0 0.27890625 0.4599609375 0.0390625 0.048828125
0 0.13359375 0.7216796875 0.0390625 0.048828125
0 0.21953125 0.7021484375 0.0390625 0.048828125
0 0.49296875 0.4677734375 0.0390625 0.048828125
0 0.23046875 0.4111328125 0.0390625 0.048828125
0 0.15703125 0.5439453125 0.0390625 0.048828125
0 0.56328125 0.7314453125 0.0390625 0.048828125
0 0.40390625 0.4306640625 0.0390625 0.048828125
0 0.29140625 0.5712890625 0.0390625 0.048828125
0 0.30390625 0.6806640625 0.0390625 0.048828125
0 0.20703125 0.5888671875 0.0390625 0.048828125
0 0.31640625 0.7919921875 0.0390625 0.048828125
0 0.17734375 0.7119140625 0.0390625 0.048828125
0 0.42890625 0.6513671875 0.0390625 0.048828125
0 0.25546875 0.6357421875 0.0390625 0.048828125
0 0.26796875 0.7470703125 0.0390625 0.048828125
0 0.41640625 0.5419921875 0.0390625 0.048828125
0 0.24296875 0.5244140625 0.0390625 0.048828125
0 0.19453125 0.4775390625 0.0390625 0.048828125
0 0.14453125 0.4306640625 0.0390625 0.048828125
0 0.44140625 0.7607421875 0.0390625 0.048828125
0 0.12734375 0.6650390625 0.0390625 0.048828125
0 0.14140625 0.7783203125 0.0390625 0.048828125
0 0.10859375 0.4970703125 0.0390625 0.048828125
0 0.18984375 0.8232421875 0.0390625 0.048828125
