0 0.34921875 0.2880859375 0.0515625 0.056640625
0 0.56328125 0.5556640625 0.0515625 0.056640625
0 0.471875 0.7783203125 0.05 0.056640625
0 0.76328125 0.671875 0.0515625 0.0546875
0 0.7 0.5478515625 0.05 0.056640625
0 0.4984375 0.4345703125 0.05 0.056640625
0 0.33515625 0.1298828125 0.0515625 0.056640625
0 0.59453125 0.6162109375 0.0515625 0.056640625
0 0.6796875 0.6435546875 0.05 0.056640625
0 0.71015625 0.7041015625 0.0515625 0.056640625
0 0.6265625 0.6767578125 0.05 0.056640625
0 0.4859375 0.2763671875 0.05 0.056640625
0 0.2328125 0.2001953125 0.05 0.056640625
0 0.44765625 0.4677734375 0.0515625 0.056640625
0 0.41484375 0.4091796875 0.0515625 0.056640625
0 0.54921875 0.3994140625 0.0515625 0.056640625
0 0.2796875 0.416015625 0.05 0.0546875
0 0.2984375 0.3212890625 0.05 0.056640625
0 0.4796875 0.5283203125 0.05 0.056640625
0 0.28359375 0.1669921875 0.0515625 0.056640625
0 0.30625 0.7236328125 0.05 0.056640625
0 0.33046875 0.3818359375 0.0515625 0.056640625
0 0.4328125 0.3125 0.05 0.0546875
0 0.45078125 0.2158203125 0.0515625 0.056640625
0 0.4265625 0.5634765625 0.05 0.056640625
0 0.4 0.9052734375 0.05 0.056640625
0 0.465625 0.373046875 0.05 0.0546875
0 0.51875 0.3369140625 0.05 0.056640625
0 0.4 0.251953125 0.05 0.0546875
0 0.4921875 0.685546875 0.05 0.0546875
0 0.39609375 0.5029296875 0.0515625 0.056640625
0 0.24765625 0.357421875 0.0515625 0.0546875
0 0.38203125 0.3486328125 0.0515625 0.056640625
0 0.58203125 0.4609375 0.0515625 0.0546875
0 0.3859375 0.0947265625 0.05 0.056640625
0 0.26171875 0.5107421875 0.0515625 0.056640625
0 0.61484375 0.521484375 0.0515625 0.0546875
0 0.41875 0.1552734375 0.05 0.056640625
0 0.64765625 0.58203125 0.0515625 0.0546875
0 0.13046875 0.2724609375 0.0515625 0.056640625
0 0.21484375 0.296875 0.0515625 0.0546875
0 0.36796875 0.8447265625 0.0515625 0.056640625
0 0.41875 0.8115234375 0.05 0.056640625
0 0.45078125 0.8720703125 0.0515625 0.056640625
0 0.54296875 0.6494140625 0.0515625 0.056640625
0 0.659375 0.7392578125 0.05 0.056640625
0 0.24296875 0.6044921875 0.0515625 0.056640625
0 0.31640625 0.2275390625 0.0515625 0.056640625
0 0.52265625 0.74609375 0.0515625 0.0546875
0 0.36328125 0.4423828125 0.0515625 0.056640625
0 0.53046875 0.4951171875 0.0515625 0.056640625
0 0.57578125 0.7119140625 0.0515625 0.056640625
0 0.40859375 0.65625 0.0515625 0.0546875
0 0.51015625 0.5888671875 0.0515625 0.056640625
0 0.11484375 0.3642578125 0.0515625 0.056640625
0 0.265625 0.2607421875 0.05 0.056640625
0 0.29453125 0.5712890625 0.0515625 0.056640625
0 0.36796875 0.1904296875 0.0515625 0.056640625
0 0.50234375 0.8408203125 0.0515625 0.056640625
0 0.3125 0.4765625 0.05 0.0546875
0 0.33671875 0.7841796875 0.0515625 0.056640625
0 0.459375 0.6220703125 0.05 0.056640625
0 0.18203125 0.236328125 0.0515625 0.0546875
0 0.14765625 0.4248046875 0.0515625 0.056640625
0 0.50390625 0.1806640625 0.0515625 0.056640625
0 0.43671875 0.05859375 0.0515625 0.0546875
0 0.38828125 0.7509765625 0.0515625 0.056640625
0 0.16328125 0.3310546875 0.0515625 0.056640625
0 0.32421875 0.6318359375 0.0515625 0.056640625
0 0.3453125 0.537109375 0.05 0.0546875
0 0.56953125 0.3037109375 0.0515625 0.056640625
0 0.60625 0.7724609375 0.05 0.056640625
0 0.471875 0.119140625 0.05 0.0546875
0 0.19609375 0.3916015625 0.0515625 0.056640625
0 0.55546875 0.8076171875 0.0515625 0.056640625
0 0.66796875 0.4853515625 0.0515625 0.056640625
0 0.17734375 0.4853515625 0.0515625 0.056640625
0 0.4390625 0.7197265625 0.05 0.056640625
0 0.2734375 0.6650390625 0.05 0.056640625
0 0.08203125 0.3056640625 0.0515625 0.056640625
0 0.73046875 0.6083984375 0.0515625 0.056640625
0 0.35703125 0.6923828125 0.0515625 0.056640625
0 0.53671875 0.2431640625 0.0515625 0.056640625
0 0.63515625 0.4248046875 0.0515625 0.056640625
0 0.22890625 0.4521484375 0.0515625 0.056640625
0 0.60234375 0.3642578125 0.0515625 0.056640625
0 0.37578125 0.5986328125 0.0515625 0.056640625
0 0.21015625 0.5439453125 0.0515625 0.056640625
