0 0.63984375 0.8212890625 0.0671875 0.068359375
0 0.80390625 0.6181640625 0.0671875 0.064453125
0 0.85703125 0.18359375 0.0671875 0.06640625
0 0.62421875 0.3095703125 0.0703125 0.064453125
0 0.49140625 0.2236328125 0.0671875 0.068359375
0 0.86953125 0.6982421875 0.0671875 0.068359375
0 0.36484375 0.720703125 0.0671875 0.06640625
0 0.70234375 0.244140625 0.0671875 0.06640625
0 0.71875 0.7548828125 0.06875 0.068359375
0 0.47421875 0.3671875 0.0671875 0.06640625
0 0.6078125 0.453125 0.06875 0.06640625
0 0.68671875 0.3876953125 0.0671875 0.064453125
0 0.60078125 0.5234375 0.0671875 0.06640625
0 0.63984375 0.1640625 0.0671875 0.06640625
0 0.81484375 0.544921875 0.0671875 0.06640625
0 0.4140625 0.2900390625 0.06875 0.068359375
0 0.43515625 0.7255859375 0.0703125 0.064453125
0 0.42734375 0.798828125 0.0671875 0.06640625
0 0.55390625 0.3017578125 0.0671875 0.064453125
0 0.57421875 0.7412109375 0.0671875 0.064453125
0 0.78984375 0.7626953125 0.0671875 0.068359375
0 0.82109375 0.4736328125 0.0671875 0.068359375
0 0.73203125 0.6103515625 0.0671875 0.064453125
0 0.44375 0.6533203125 0.06875 0.068359375
0 0.74140625 0.5380859375 0.0671875 0.068359375
0 0.72421875 0.6806640625 0.0671875 0.064453125
0 0.53671875 0.4453125 0.0671875 0.06640625
0 0.51171875 0.6611328125 0.0671875 0.068359375
0 0.56171875 0.23046875 0.0671875 0.06640625
0 0.65390625 0.67578125 0.0703125 0.06640625
0 0.85546875 0.84375 0.0703125 0.06640625
0 0.45703125 0.5107421875 0.0671875 0.064453125
0 0.50078125 0.15234375 0.0671875 0.06640625
0 0.615625 0.3818359375 0.06875 0.068359375
0 0.87734375 0.623046875 0.0671875 0.06640625
0 0.48984375 0.8779296875 0.0703125 0.068359375
0 0.4984375 0.8056640625 0.06875 0.068359375
0 0.51953125 0.5908203125 0.0671875 0.068359375
0 0.6625 0.6044921875 0.06875 0.068359375
0 0.43046875 0.146484375 0.0671875 0.06640625
0 0.78203125 0.8349609375 0.0703125 0.064453125
0 0.91953125 0.2607421875 0.0671875 0.068359375
0 0.70234375 0.900390625 0.0671875 0.06640625
0 0.83671875 0.3291015625 0.0671875 0.068359375
0 0.6703125 0.5302734375 0.06875 0.068359375
0 0.79765625 0.6904296875 0.0671875 0.068359375
0 0.50390625 0.7333984375 0.0671875 0.064453125
0 0.63203125 0.892578125 0.0671875 0.06640625
0 0.75703125 0.392578125 0.0671875 0.06640625
0 0.88515625 0.552734375 0.0671875 0.06640625
0 0.56796875 0.8134765625 0.0671875 0.068359375
0 0.74921875 0.466796875 0.0671875 0.06640625
0 0.38203125 0.576171875 0.0671875 0.06640625
0 0.77421875 0.2490234375 0.0671875 0.064453125
0 0.6453125 0.7470703125 0.06875 0.068359375
0 0.34765625 0.8623046875 0.0671875 0.068359375
0 0.37265625 0.6474609375 0.0671875 0.068359375
0 0.44921875 0.5810546875 0.0671875 0.064453125
0 0.82890625 0.400390625 0.0671875 0.06640625
0 0.54609375 0.3740234375 0.0671875 0.068359375
0 0.56953125 0.1591796875 0.0703125 0.068359375
0 0.48203125 0.2958984375 0.0671875 0.064453125
0 0.89453125 0.4814453125 0.0671875 0.068359375
0 0.35703125 0.791015625 0.0671875 0.06640625
0 0.40546875 0.361328125 0.0703125 0.06640625
0 0.39453125 0.43359375 0.0671875 0.06640625
0 0.56015625 0.884765625 0.0671875 0.06640625
0 0.90234375 0.40625 0.0671875 0.06640625
0 0.76640625 0.3212890625 0.0671875 0.068359375
0 0.42265625 0.2197265625 0.0703125 0.068359375
0 0.58359375 0.66796875 0.0671875 0.06640625
0 0.41953125 0.8701171875 0.0671875 0.068359375
0 0.67734375 0.4580078125 0.0671875 0.064453125
0 0.9265625 0.1884765625 0.06875 0.064453125
0 0.38984375 0.5048828125 0.0671875 0.068359375
0 0.91171875 0.3349609375 0.0671875 0.064453125
0 0.465625 0.4384765625 0.06875 0.068359375
0 0.59140625 0.5966796875 0.0671875 0.068359375
0 0.6328125 0.236328125 0.06875 0.06640625
0 0.78359375 0.1787109375 0.0671875 0.064453125
0 0.71171875 0.1708984375 0.0671875 0.064453125
0 0.846875 0.91796875 0.06875 0.06640625
0 0.84609375 0.2548828125 0.0671875 0.068359375
0 0.52890625 0.5185546875 0.0671875 0.064453125
0 0.71171875 0.8271484375 0.0671875 0.064453125
0 0.86328125 0.76953125 0.0671875 0.06640625
0 0.69453125 0.3154296875 0.0671875 0.068359375
0 0.77578125 0.91015625 0.0671875 0.06640625
