0 0.51328125 0.6904296875 0.0390625 0.048828125
0 0.53828125 0.5029296875 0.0390625 0.048828125
0 0.37734375 0.3427734375 0.0390625 0.048828125
0 0.70078125 0.6611328125 0.0390625 0.048828125
0 0.56328125 0.3154296875 0.0390625 0.048828125
0 0.41171875 0.6435546875 0.0390625 0.048828125
0 0.52734375 0.8115234375 0.0390625 0.048828125
0 0.42578125 0.7646484375 0.0390625 0.048828125
0 0.35078125 0.5302734375 0.0390625 0.048828125
0 0.63984375 0.5478515625 0.0390625 0.048828125
0 0.61015625 0.3095703125 0.0390625 0.048828125
0 0.36171875 0.2236328125 0.0390625 0.048828125
0 0.33671875 0.4091796875 0.0390625 0.048828125
0 0.43828125 0.4560546875 0.0390625 0.048828125
0 0.57109375 0.3759765625 0.0390625 0.048828125
0 0.61328125 0.7353515625 0.0390625 0.048828125
0 0.57734375 0.4345703125 0.0390625 0.048828125
0 0.54609375 0.5615234375 0.0390625 0.048828125
0 0.66171875 0.7294921875 0.0390625 0.048828125
0 0.55234375 0.6220703125 0.0390625 0.048828125
0 0.46328125 0.2705078125 0.0390625 0.048828125
0 0.59921875 0.6142578125 0.0390625 0.048828125
0 0.58515625 0.4951171875 0.0390625 0.048828125
0 0.54921875 0.1962890625 0.0390625 0.048828125
0 0.52421875 0.3818359375 0.0390625 0.048828125
0 0.60390625 0.2490234375 0.0390625 0.048828125
0 0.66484375 0.3623046875 0.0390625 0.048828125
0 0.41796875 0.7041015625 0.0390625 0.048828125
0 0.42421875 0.3369140625 0.0390625 0.048828125
0 0.48515625 0.4501953125 0.0390625 0.048828125
0 0.38359375 0.4033203125 0.0390625 0.048828125
0 0.51015625 0.2626953125 0.0390625 0.048828125
0 0.56015625 0.6826171875 0.0390625 0.048828125
0 0.36484375 0.6513671875 0.0390625 0.048828125
0 0.57421875 0.8037109375 0.0390625 0.048828125
0 0.62578125 0.4287109375 0.0390625 0.048828125
0 0.49921875 0.5693359375 0.0390625 0.048828125
0 0.47734375 0.3896484375 0.0390625 0.048828125
0 0.44453125 0.5166015625 0.0390625 0.048828125
0 0.47109375 0.3291015625 0.0390625 0.048828125
0 0.39765625 0.5224609375 0.0390625 0.048828125
0 0.67109375 0.4208984375 0.0390625 0.048828125
0 0.64609375 0.6083984375 0.0390625 0.048828125
0 0.37734375 0.7724609375 0.0390625 0.048828125
0 0.51953125 0.7509765625 0.0390625 0.048828125
0 0.59609375 0.1904296875 0.0390625 0.048828125
0 0.71484375 0.7822265625 0.0390625 0.048828125
0 0.68671875 0.5419921875 0.0390625 0.048828125
0 0.65078125 0.2431640625 0.0390625 0.048828125
0 0.40390625 0.5830078125 0.0390625 0.048828125
0 0.60703125 0.6748046875 0.0390625 0.048828125
0 0.38359375 0.8330078125 0.0390625 0.048828125
0 0.63203125 0.4873046875 0.0390625 0.048828125
0 0.34296875 0.4697265625 0.0390625 0.048828125
0 0.41015625 0.2177734375 0.0390625 0.048828125
0 0.70859375 0.7216796875 0.0390625 0.048828125
0 0.50546875 0.6298828125 0.0390625 0.048828125
0 0.50234375 0.2041015625 0.0390625 0.048828125
0 0.36953125 0.2841796875 0.0390625 0.048828125
0 0.47265625 0.7568359375 0.0390625 0.048828125
0 0.47890625 0.8193359375 0.0390625 0.048828125
0 0.43203125 0.8271484375 0.0390625 0.048828125
0 0.35703125 0.5908203125 0.0390625 0.048828125
0 0.43046875 0.3955078125 0.0390625 0.048828125
0 0.45234375 0.5751953125 0.0390625 0.048828125
0 0.32265625 0.2900390625 0.0390625 0.048828125
0 0.37109375 0.7119140625 0.0390625 0.048828125
0 0.56640625 0.7431640625 0.0390625 0.048828125
0 0.45859375 0.6357421875 0.0390625 0.048828125
0 0.65703125 0.3017578125 0.0390625 0.048828125
0 0.38984375 0.4638671875 0.0390625 0.048828125
0 0.59296875 0.5556640625 0.0390625 0.048828125
0 0.62109375 0.7958984375 0.0390625 0.048828125
0 0.41640625 0.2763671875 0.0390625 0.048828125
0 0.46484375 0.6962890625 0.0390625 0.048828125
0 0.53203125 0.4423828125 0.0390625 0.048828125
0 0.65390625 0.6689453125 0.0390625 0.048828125
0 0.51796875 0.3232421875 0.0390625 0.048828125
0 0.64296875 0.1826171875 0.0390625 0.048828125
0 0.66796875 0.7880859375 0.0390625 0.048828125
0 0.45546875 0.2099609375 0.0390625 0.048828125
0 0.67890625 0.4814453125 0.0390625 0.048828125
0 0.55703125 0.2568359375 0.0390625 0.048828125
0 0.61796875 0.3681640625 0.0390625 0.048828125
0 0.49140625 0.5087890625 0.0390625 0.048828125
0 0.31484375 0.2294921875 0.0390625 0.048828125
0 0.69296875 0.6005859375 0.0390625 0.048828125
0 0.32890625 0.3505859375 0.0390625 0.048828125
