0 0.3640625 0.58984375 0.065625 0.0546875
0 0.53125 0.6748046875 0.065625 0.052734375
0 0.446875 0.6337890625 0.065625 0.052734375
0 0.509375 0.3486328125 0.065625 0.052734375
0 0.265625 0.7490234375 0.06875 0.052734375
0 0.1671875 0.384765625 0.065625 0.0546875
0 0.25 0.42578125 0.065625 0.0546875
0 0.29375 0.875 0.065625 0.0546875
0 0.184375 0.705078125 0.065625 0.0546875
0 0.6125 0.7197265625 0.06875 0.056640625
0 0.28125 0.548828125 0.065625 0.0546875
0 0.4296875 0.3076171875 0.065625 0.052734375
0 0.59375 0.3896484375 0.065625 0.052734375
0 0.2640625 0.4873046875 0.065625 0.052734375
0 0.38125 0.6513671875 0.065625 0.052734375
0 0.13125 0.2646484375 0.065625 0.052734375
0 0.696875 0.7646484375 0.06875 0.052734375
0 0.5625 0.80078125 0.065625 0.0546875
0 0.528125 0.408203125 0.065625 0.0546875
0 0.1375 0.5263671875 0.065625 0.052734375
0 0.296875 0.3466796875 0.065625 0.052734375
0 0.1984375 0.505859375 0.065625 0.0546875
0 0.46171875 0.6953125 0.0671875 0.0546875
0 0.346875 0.5283203125 0.065625 0.052734375
0 0.3609375 0.326171875 0.06875 0.0546875
0 0.3796875 0.3876953125 0.06875 0.052734375
0 0.546875 0.73828125 0.06875 0.0546875
0 0.2140625 0.3056640625 0.065625 0.052734375
0 0.184375 0.443359375 0.065625 0.0546875
0 0.346875 0.79296875 0.065625 0.0546875
0 0.4453125 0.369140625 0.06875 0.0546875
0 0.4609375 0.4287109375 0.065625 0.052734375
0 0.2796875 0.28515625 0.065625 0.0546875
0 0.3453125 0.2646484375 0.065625 0.052734375
0 0.15 0.587890625 0.065625 0.0546875
0 0.23125 0.8896484375 0.065625 0.052734375
0 0.39375 0.1845703125 0.065625 0.052734375
0 0.4125 0.5107421875 0.065625 0.052734375
0 0.2625 0.2255859375 0.065625 0.052734375
0 0.196875 0.24609375 0.065625 0.0546875
0 0.2328125 0.6259765625 0.065625 0.052734375
0 0.11875 0.46484375 0.065625 0.0546875
0 0.4765625 0.2255859375 0.065625 0.052734375
0 0.2984375 0.6083984375 0.065625 0.052734375
0 0.3296875 0.466796875 0.065625 0.0546875
0 0.4125 0.7744140625 0.065625 0.052734375
0 0.5796875 0.595703125 0.065625 0.0546875
0 0.06953125 0.28515625 0.0671875 0.0546875
0 0.5140625 0.615234375 0.065625 0.0546875
0 0.2 0.7666015625 0.06875 0.052734375
0 0.559375 0.2646484375 0.06875 0.052734375
0 0.596875 0.65625 0.065625 0.0546875
0 0.6109375 0.451171875 0.065625 0.0546875
0 0.3625 0.8544921875 0.065625 0.052734375
0 0.33125 0.7314453125 0.06875 0.052734375
0 0.215625 0.828125 0.065625 0.0546875
0 0.2796875 0.810546875 0.065625 0.0546875
0 0.2328125 0.3671875 0.065625 0.0546875
0 0.5453125 0.47265625 0.065625 0.0546875
0 0.328125 0.205078125 0.065625 0.0546875
0 0.6296875 0.513671875 0.065625 0.0546875
0 0.5625 0.533203125 0.065625 0.0546875
0 0.25 0.6875 0.065625 0.0546875
0 0.4296875 0.5693359375 0.065625 0.052734375
0 0.4296875 0.8359375 0.065625 0.0546875
0 0.63125 0.7822265625 0.06875 0.052734375
0 0.4953125 0.5517578125 0.065625 0.052734375
0 0.478125 0.4921875 0.065625 0.0546875
0 0.525 0.1416015625 0.065625 0.052734375
0 0.4109375 0.24609375 0.065625 0.0546875
0 0.215625 0.5673828125 0.065625 0.052734375
0 0.4953125 0.818359375 0.065625 0.0546875
0 0.1671875 0.6435546875 0.065625 0.052734375
0 0.3953125 0.44921875 0.065625 0.0546875
0 0.478125 0.7568359375 0.065625 0.052734375
0 0.4953125 0.28515625 0.065625 0.0546875
0 0.1484375 0.326171875 0.065625 0.0546875
0 0.084375 0.34375 0.065625 0.0546875
0 0.459375 0.1640625 0.065625 0.0546875
0 0.315625 0.669921875 0.065625 0.0546875
0 0.57890625 0.328125 0.0671875 0.0546875
0 0.6640625 0.638671875 0.065625 0.0546875
0 0.315625 0.4072265625 0.065625 0.056640625
0 0.646875 0.5751953125 0.065625 0.056640625
0 0.1015625 0.4052734375 0.065625 0.052734375
0 0.54375 0.205078125 0.065625 0.0546875
0 0.68125 0.7001953125 0.065625 0.052734375
0 0.396875 0.712890625 0.06875 0.0546875
