0 0.275 0.26953125 0.0625 0.0546875
0 0.184375 0.41015625 0.0625 0.0546875
0 0.265625 0.453125 0.0625 0.0546875
0 0.19375 0.2265625 0.0625 0.0546875
0 0.46875 0.466796875 0.0625 0.0546875
0 0.46171875 0.6474609375 0.0609375 0.052734375
0 0.38984375 0.423828125 0.0609375 0.0546875
0 0.60625 0.494140625 0.0625 0.0546875
0 0.559375 0.74609375 0.0625 0.05078125
0 0.346875 0.494140625 0.0625 0.0546875
0 0.546875 0.5068359375 0.0625 0.052734375
0 0.57265625 0.3837890625 0.0609375 0.052734375
0 0.15078125 0.296875 0.0609375 0.0546875
0 0.23125 0.33984375 0.0625 0.0546875
0 0.35234375 0.3125 0.0609375 0.0546875
0 0.6484375 0.42578125 0.0625 0.0546875
0 0.540625 0.689453125 0.0625 0.05078125
0 0.35703125 0.7353515625 0.0609375 0.052734375
0 0.565625 0.5625 0.0625 0.05078125
0 0.60078125 0.6748046875 0.0609375 0.052734375
0 0.475 0.28515625 0.0625 0.0546875
0 0.52734375 0.451171875 0.0609375 0.05078125
0 0.31875 0.2001953125 0.0625 0.052734375
0 0.303125 0.564453125 0.0625 0.0546875
0 0.42578125 0.537109375 0.0609375 0.0546875
0 0.64375 0.6044921875 0.0625 0.052734375
0 0.49921875 0.16015625 0.0609375 0.0546875
0 0.440625 0.1728515625 0.0625 0.052734375
0 0.61328125 0.3154296875 0.0609375 0.052734375
0 0.4328125 0.35546875 0.0625 0.0546875
0 0.459375 0.228515625 0.0625 0.0546875
0 0.55390625 0.328125 0.0609375 0.0546875
0 0.45 0.4111328125 0.0625 0.052734375
0 0.3828125 0.607421875 0.0625 0.0546875
0 0.625 0.548828125 0.0625 0.05078125
0 0.70078125 0.58984375 0.0609375 0.05078125
0 0.40078125 0.662109375 0.0609375 0.05078125
0 0.26015625 0.63671875 0.0609375 0.0546875
0 0.63125 0.369140625 0.0625 0.0546875
0 0.4875 0.521484375 0.0625 0.05078125
0 0.37109375 0.3681640625 0.0609375 0.052734375
0 0.53515625 0.2724609375 0.0609375 0.052734375
0 0.49375 0.3408203125 0.0625 0.052734375
0 0.38046875 0.1875 0.0609375 0.0546875
0 0.6203125 0.732421875 0.0625 0.05078125
0 0.48046875 0.7060546875 0.0609375 0.052734375
0 0.27890625 0.6923828125 0.0609375 0.052734375
0 0.3125 0.3828125 0.0625 0.0546875
0 0.71953125 0.64453125 0.0609375 0.0546875
0 0.221875 0.5234375 0.0625 0.0546875
0 0.44453125 0.591796875 0.0609375 0.05078125
0 0.31328125 0.8076171875 0.0609375 0.052734375
0 0.415625 0.2998046875 0.059375 0.052734375
0 0.365625 0.5517578125 0.0625 0.052734375
0 0.284375 0.5078125 0.0625 0.05078125
0 0.521875 0.6328125 0.0625 0.05078125
0 0.4375 0.775390625 0.0625 0.05078125
0 0.3375 0.255859375 0.0625 0.0546875
0 0.578125 0.2041015625 0.0625 0.052734375
0 0.2125 0.28125 0.0625 0.05078125
0 0.409375 0.478515625 0.0625 0.05078125
0 0.503125 0.5771484375 0.0625 0.052734375
0 0.29375 0.32421875 0.0625 0.05078125
0 0.13203125 0.23828125 0.0609375 0.05078125
0 0.41875 0.720703125 0.0625 0.0546875
0 0.240625 0.578125 0.0625 0.05078125
0 0.25078125 0.39453125 0.0609375 0.05078125
0 0.321875 0.6220703125 0.0625 0.052734375
0 0.2578125 0.212890625 0.0625 0.0546875
0 0.203125 0.46484375 0.0625 0.05078125
0 0.328125 0.4384765625 0.0625 0.052734375
0 0.68515625 0.5341796875 0.0609375 0.052734375
0 0.678125 0.71484375 0.0625 0.0546875
0 0.39765625 0.2431640625 0.0609375 0.052734375
0 0.340625 0.677734375 0.0625 0.0546875
0 0.51796875 0.216796875 0.0609375 0.0546875
0 0.58203125 0.619140625 0.0609375 0.05078125
0 0.2953125 0.75 0.0625 0.0546875
0 0.659375 0.66015625 0.0625 0.05078125
0 0.5125 0.396484375 0.0625 0.0546875
0 0.559375 0.1474609375 0.0625 0.052734375
0 0.5875 0.439453125 0.0625 0.0546875
0 0.375 0.79296875 0.0625 0.0546875
0 0.596875 0.259765625 0.0625 0.0546875
0 0.73828125 0.7001953125 0.0609375 0.052734375
0 0.496875 0.76171875 0.0625 0.0546875
0 0.6671875 0.4814453125 0.0625 0.052734375
0 0.16953125 0.3515625 0.0609375 0.05078125
