0 0.3953125 0.67578125 0.028125 0.046875
0 0.4078125 0.798828125 0.028125 0.046875
0 0.49609375 0.59765625 0.0265625 0.046875
0 0.29765625 0.4404296875 0.0296875 0.048828125
0 0.53125 0.5927734375 0.028125 0.044921875
0 0.459375 0.23828125 0.028125 0.046875
0 0.471875 0.357421875 0.028125 0.046875
0 0.328125 0.375 0.028125 0.046875
0 0.3828125 0.552734375 0.028125 0.046875
0 0.525 0.5322265625 0.028125 0.044921875
0 0.321875 0.6875 0.03125 0.046875
0 0.425 0.6083984375 0.028125 0.048828125
0 0.41875 0.5478515625 0.028125 0.044921875
0 0.5078125 0.71875 0.028125 0.046875
0 0.309375 0.5634765625 0.03125 0.048828125
0 0.33359375 0.435546875 0.0265625 0.046875
0 0.4296875 0.3017578125 0.028125 0.044921875
0 0.4421875 0.421875 0.028125 0.046875
0 0.28515625 0.3173828125 0.0296875 0.048828125
0 0.4796875 0.78515625 0.028125 0.046875
0 0.4125 0.48828125 0.028125 0.046875
0 0.321875 0.3134765625 0.028125 0.048828125
0 0.4484375 0.482421875 0.028125 0.046875
0 0.43125 0.6689453125 0.028125 0.044921875
0 0.33359375 0.8115234375 0.0296875 0.048828125
0 0.546875 0.4091796875 0.028125 0.044921875
0 0.51953125 0.4736328125 0.0265625 0.044921875
0 0.3140625 0.6259765625 0.028125 0.048828125
0 0.49453125 0.234375 0.0265625 0.046875
0 0.465625 0.2978515625 0.028125 0.044921875
0 0.3765625 0.4921875 0.028125 0.046875
0 0.4609375 0.603515625 0.028125 0.046875
0 0.340625 0.498046875 0.028125 0.046875
0 0.58984375 0.826171875 0.0265625 0.05078125
0 0.50078125 0.2939453125 0.0296875 0.044921875
0 0.4359375 0.3623046875 0.028125 0.044921875
0 0.56015625 0.5283203125 0.0265625 0.044921875
0 0.4671875 0.6630859375 0.028125 0.044921875
0 0.33984375 0.8740234375 0.0296875 0.048828125
0 0.57265625 0.6474609375 0.0265625 0.044921875
0 0.47265625 0.724609375 0.0265625 0.046875
0 0.58515625 0.7666015625 0.0265625 0.044921875
0 0.578125 0.7060546875 0.028125 0.044921875
0 0.478125 0.41796875 0.028125 0.046875
0 0.4375 0.73046875 0.028125 0.046875
0 0.30390625 0.501953125 0.0296875 0.046875
0 0.3453125 0.55859375 0.028125 0.046875
0 0.3640625 0.37109375 0.028125 0.046875
0 0.37578125 0.8671875 0.0296875 0.05078125
0 0.53515625 0.2900390625 0.0265625 0.044921875
0 0.290625 0.37890625 0.028125 0.046875
0 0.48984375 0.537109375 0.0265625 0.046875
0 0.35234375 0.619140625 0.0296875 0.046875
0 0.35859375 0.3095703125 0.0296875 0.048828125
0 0.32734375 0.7490234375 0.0296875 0.048828125
0 0.5375 0.65234375 0.028125 0.046875
0 0.35859375 0.681640625 0.0296875 0.046875
0 0.3890625 0.6142578125 0.028125 0.044921875
0 0.4015625 0.736328125 0.028125 0.046875
0 0.50703125 0.353515625 0.0265625 0.046875
0 0.54296875 0.7119140625 0.0265625 0.044921875
0 0.4234375 0.2412109375 0.028125 0.044921875
0 0.44921875 0.8525390625 0.0296875 0.048828125
0 0.39453125 0.3056640625 0.0265625 0.044921875
0 0.40625 0.4267578125 0.028125 0.044921875
0 0.5421875 0.3486328125 0.028125 0.044921875
0 0.4125 0.8603515625 0.028125 0.048828125
0 0.5015625 0.658203125 0.028125 0.046875
0 0.36875 0.8046875 0.028125 0.046875
0 0.56640625 0.5869140625 0.0296875 0.044921875
0 0.4546875 0.54296875 0.028125 0.046875
0 0.36484375 0.7431640625 0.0296875 0.048828125
0 0.55390625 0.46875 0.0296875 0.046875
0 0.36875 0.431640625 0.028125 0.046875
0 0.5140625 0.7783203125 0.028125 0.044921875
0 0.38828125 0.2451171875 0.0296875 0.048828125
0 0.55625 0.8330078125 0.028125 0.048828125
0 0.51171875 0.4130859375 0.0265625 0.044921875
0 0.44296875 0.791015625 0.0265625 0.046875
0 0.40078125 0.3662109375 0.0296875 0.048828125
0 0.3515625 0.2490234375 0.028125 0.048828125
0 0.55 0.7724609375 0.028125 0.044921875
0 0.48359375 0.478515625 0.0265625 0.046875
0 0.48515625 0.8466796875 0.0265625 0.048828125
0 0.51953125 0.83984375 0.0265625 0.046875
0 0.52890625 0.23046875 0.0296875 0.046875
0 0.27890625 0.2548828125 0.0234375 0.033203125
0 0.315625 0.2529296875 0.025 0.044921875
