0 0.43515625 0.7314453125 0.0390625 0.048828125
0 0.59765625 0.5595703125 0.0390625 0.048828125
0 0.28515625 0.3837890625 0.0390625 0.048828125
0 0.46640625 0.5830078125 0.0390625 0.048828125
0 0.56640625 0.7060546875 0.0390625 0.048828125
0 0.52421875 0.6064453125 0.0390625 0.048828125
0 0.50859375 0.6806640625 0.0390625 0.048828125
0 0.57578125 0.5107421875 0.0390625 0.048828125
0 0.49765625 0.4365234375 0.0390625 0.048828125
0 0.24765625 0.4072265625 0.0390625 0.048828125
0 0.53984375 0.5341796875 0.0390625 0.048828125
0 0.33984375 0.2861328125 0.0390625 0.048828125
0 0.38671875 0.5087890625 0.0390625 0.048828125
0 0.33359375 0.6064453125 0.0390625 0.048828125
0 0.62578125 0.7294921875 0.0390625 0.048828125
0 0.28984375 0.5068359375 0.0390625 0.048828125
0 0.55078125 0.7802734375 0.0390625 0.048828125
0 0.36015625 0.3369140625 0.0390625 0.048828125
0 0.44921875 0.6572265625 0.0390625 0.048828125
0 0.43515625 0.2900390625 0.0390625 0.048828125
0 0.36484375 0.4599609375 0.0390625 0.048828125
0 0.63984375 0.6572265625 0.0390625 0.048828125
0 0.55078125 0.3408203125 0.0390625 0.048828125
0 0.37578125 0.7060546875 0.0390625 0.048828125
0 0.66171875 0.7060546875 0.0390625 0.048828125
0 0.26484375 0.3349609375 0.0390625 0.048828125
0 0.43984375 0.4111328125 0.0390625 0.048828125
0 0.61328125 0.4873046875 0.0390625 0.048828125
0 0.44453125 0.5341796875 0.0390625 0.048828125
0 0.49296875 0.7548828125 0.0390625 0.048828125
0 0.47890625 0.8291015625 0.0390625 0.048828125
0 0.69765625 0.6806640625 0.0390625 0.048828125
0 0.47265625 0.7060546875 0.0390625 0.048828125
0 0.41484375 0.2392578125 0.0390625 0.048828125
0 0.45078125 0.2158203125 0.0390625 0.048828125
0 0.47578125 0.3876953125 0.0390625 0.048828125
0 0.54609375 0.6572265625 0.0390625 0.048828125
0 0.40703125 0.5576171875 0.0390625 0.048828125
0 0.39765625 0.3134765625 0.0390625 0.048828125
0 0.50859375 0.2431640625 0.0390625 0.048828125
0 0.41328125 0.6806640625 0.0390625 0.048828125
0 0.34921875 0.5322265625 0.0390625 0.048828125
0 0.42421875 0.4833984375 0.0390625 0.048828125
0 0.31171875 0.5576171875 0.0390625 0.048828125
0 0.40234375 0.4345703125 0.0390625 0.048828125
0 0.56015625 0.5830078125 0.0390625 0.048828125
0 0.39140625 0.6318359375 0.0390625 0.048828125
0 0.63359375 0.5361328125 0.0390625 0.048828125
0 0.46015625 0.4599609375 0.0390625 0.048828125
0 0.51328125 0.3642578125 0.0390625 0.048828125
0 0.34453125 0.4091796875 0.0390625 0.048828125
0 0.39765625 0.7548828125 0.0390625 0.048828125
0 0.47265625 0.2666015625 0.0390625 0.048828125
0 0.32734375 0.4833984375 0.0390625 0.048828125
0 0.32265625 0.3603515625 0.0390625 0.048828125
0 0.41953125 0.3623046875 0.0390625 0.048828125
0 0.37109375 0.5810546875 0.0390625 0.048828125
0 0.48671875 0.6318359375 0.0390625 0.048828125
0 0.58203125 0.6318359375 0.0390625 0.048828125
0 0.30234375 0.3115234375 0.0390625 0.048828125
0 0.30703125 0.4326171875 0.0390625 0.048828125
0 0.65390625 0.5830078125 0.0390625 0.048828125
0 0.37734375 0.2626953125 0.0390625 0.048828125
0 0.58828125 0.7548828125 0.0390625 0.048828125
0 0.53359375 0.4130859375 0.0390625 0.048828125
0 0.50234375 0.5576171875 0.0390625 0.048828125
0 0.45546875 0.3388671875 0.0390625 0.048828125
0 0.51484375 0.8056640625 0.0390625 0.048828125
0 0.49296875 0.3154296875 0.0390625 0.048828125
0 0.38203125 0.3857421875 0.0390625 0.048828125
0 0.61796875 0.6083984375 0.0390625 0.048828125
0 0.48203125 0.5087890625 0.0390625 0.048828125
0 0.22734375 0.3583984375 0.0390625 0.048828125
0 0.57109375 0.3896484375 0.0390625 0.048828125
0 0.52890625 0.2919921875 0.0390625 0.048828125
0 0.51796875 0.4853515625 0.0390625 0.048828125
0 0.26953125 0.4580078125 0.0390625 0.048828125
0 0.45703125 0.7802734375 0.0390625 0.048828125
0 0.67734375 0.6337890625 0.0390625 0.048828125
0 0.41953125 0.8056640625 0.0390625 0.048828125
0 0.42890625 0.6064453125 0.0390625 0.048828125
0 0.48828125 0.1943359375 0.0390625 0.048828125
0 0.55546875 0.4619140625 0.0390625 0.048828125
0 0.60390625 0.6806640625 0.0390625 0.048828125
0 0.53046875 0.7294921875 0.0390625 0.048828125
0 0.44140625 0.8544921875 0.0390625 0.048828125
0 0.35390625 0.6572265625 0.0390625 0.048828125
0 0.59140625 0.4384765625 0.0390625 0.048828125
