0 0.634375 0.3935546875 0.040625 0.048828125
0 0.5953125 0.3369140625 0.040625 0.048828125
0 0.55234375 0.392578125 0.0421875 0.05078125
0 0.76015625 0.44921875 0.0421875 0.046875
0 0.71875 0.3935546875 0.040625 0.048828125
0 0.80859375 0.2802734375 0.0390625 0.048828125
0 0.5484375 0.501953125 0.040625 0.05078125
0 0.80078125 0.505859375 0.0390625 0.046875
0 0.72421875 0.2802734375 0.0390625 0.048828125
0 0.67421875 0.447265625 0.0390625 0.05078125
0 0.8375 0.67578125 0.040625 0.05078125
0 0.6390625 0.2802734375 0.040625 0.048828125
0 0.796875 0.6181640625 0.040625 0.048828125
0 0.80390625 0.3935546875 0.0390625 0.048828125
0 0.66953125 0.560546875 0.0390625 0.05078125
0 0.628125 0.5595703125 0.040625 0.048828125
0 0.67734375 0.392578125 0.0390625 0.05078125
0 0.753125 0.6171875 0.040625 0.05078125
0 0.7625 0.39453125 0.040625 0.05078125
0 0.68046875 0.28125 0.0390625 0.05078125
0 0.8875 0.5078125 0.040625 0.05078125
0 0.59375 0.392578125 0.040625 0.05078125
0 0.51328125 0.337890625 0.0421875 0.05078125
0 0.509375 0.4453125 0.040625 0.05078125
0 0.6234375 0.669921875 0.040625 0.05078125
0 0.71015625 0.6171875 0.0421875 0.05078125
0 0.59765625 0.28125 0.0421875 0.05078125
0 0.84609375 0.451171875 0.0390625 0.05078125
0 0.63671875 0.3359375 0.0421875 0.05078125
0 0.84296875 0.5078125 0.0390625 0.05078125
0 0.49921875 0.66796875 0.0390625 0.05078125
0 0.7125 0.560546875 0.040625 0.05078125
0 0.85078125 0.3369140625 0.0421875 0.048828125
0 0.55625 0.2802734375 0.040625 0.048828125
0 0.465625 0.5009765625 0.040625 0.048828125
0 0.80703125 0.337890625 0.0390625 0.05078125
0 0.840625 0.62109375 0.040625 0.046875
0 0.58671875 0.55859375 0.0421875 0.05078125
0 0.5109375 0.390625 0.040625 0.046875
0 0.47109375 0.3359375 0.0390625 0.05078125
0 0.5890625 0.5029296875 0.040625 0.048828125
0 0.7515625 0.6748046875 0.040625 0.048828125
0 0.80234375 0.451171875 0.0390625 0.05078125
0 0.79765625 0.5625 0.0390625 0.05078125
0 0.46796875 0.4453125 0.0421875 0.05078125
0 0.7171875 0.447265625 0.040625 0.05078125
0 0.76640625 0.28125 0.0421875 0.05078125
0 0.75390625 0.5615234375 0.0390625 0.048828125
0 0.8921875 0.39453125 0.040625 0.05078125
0 0.59140625 0.447265625 0.0421875 0.05078125
0 0.50703125 0.501953125 0.0421875 0.05078125
0 0.88359375 0.623046875 0.0421875 0.05078125
0 0.8484375 0.39453125 0.040625 0.05078125
0 0.6296875 0.50390625 0.040625 0.05078125
0 0.584375 0.6142578125 0.040625 0.052734375
0 0.8421875 0.5625 0.040625 0.05078125
0 0.7640625 0.3369140625 0.040625 0.048828125
0 0.54140625 0.66796875 0.0421875 0.05078125
0 0.5828125 0.6689453125 0.040625 0.048828125
0 0.67890625 0.3369140625 0.0390625 0.048828125
0 0.62578125 0.6142578125 0.0421875 0.052734375
0 0.50078125 0.611328125 0.0390625 0.05078125
0 0.55 0.4462890625 0.040625 0.048828125
0 0.67265625 0.5029296875 0.0390625 0.048828125
0 0.6328125 0.4462890625 0.040625 0.048828125
0 0.89375 0.337890625 0.040625 0.05078125
0 0.4609375 0.611328125 0.040625 0.05078125
0 0.7578125 0.50390625 0.040625 0.05078125
0 0.72265625 0.3359375 0.0390625 0.05078125
0 0.5453125 0.55859375 0.040625 0.05078125
0 0.88359375 0.6787109375 0.0421875 0.052734375
0 0.515625 0.28125 0.040625 0.05078125
0 0.8859375 0.564453125 0.040625 0.046875
0 0.5546875 0.3359375 0.040625 0.05078125
0 0.66796875 0.6162109375 0.0390625 0.048828125
0 0.79453125 0.67578125 0.0421875 0.05078125
0 0.715625 0.505859375 0.0375 0.046875
0 0.459375 0.6669921875 0.040625 0.048828125
0 0.85234375 0.28125 0.0390625 0.05078125
0 0.5046875 0.556640625 0.040625 0.046875
0 0.4703125 0.392578125 0.040625 0.05078125
0 0.88984375 0.451171875 0.0421875 0.05078125
0 0.46328125 0.5546875 0.0421875 0.05078125
0 0.54375 0.6123046875 0.040625 0.048828125
0 0.6671875 0.669921875 0.040625 0.05078125
0 0.7078125 0.673828125 0.040625 0.05078125
0 0.896875 0.2802734375 0.040625 0.048828125
0 0.47265625 0.28125 0.0390625 0.05078125
