0 0.4625 0.66796875 0.046875 0.0546875
0 0.63984375 0.4814453125 0.0453125 0.052734375
0 0.63359375 0.6806640625 0.0453125 0.052734375
0 0.65078125 0.2802734375 0.0453125 0.052734375
0 0.47265625 0.4658203125 0.0453125 0.052734375
0 0.4125 0.2216796875 0.046875 0.052734375
0 0.70078125 0.7255859375 0.0453125 0.056640625
0 0.50859375 0.853515625 0.0453125 0.0546875
0 0.62578125 0.41796875 0.0453125 0.0546875
0 0.32421875 0.3154296875 0.0453125 0.052734375
0 0.3390625 0.3759765625 0.046875 0.056640625
0 0.58359375 0.234375 0.0453125 0.0546875
0 0.59609375 0.759765625 0.0453125 0.0546875
0 0.45859375 0.4072265625 0.0453125 0.052734375
0 0.76796875 0.76953125 0.0453125 0.0546875
0 0.3953125 0.6220703125 0.046875 0.052734375
0 0.5296875 0.7138671875 0.046875 0.052734375
0 0.50859375 0.3896484375 0.0453125 0.052734375
0 0.56953125 0.1728515625 0.0453125 0.052734375
0 0.47890625 0.267578125 0.0453125 0.0546875
0 0.32890625 0.576171875 0.0453125 0.0546875
0 0.58984375 0.4951171875 0.0453125 0.056640625
0 0.40390625 0.419921875 0.0453125 0.0546875
0 0.37421875 0.76171875 0.0453125 0.0546875
0 0.41875 0.484375 0.046875 0.0546875
0 0.57421875 0.435546875 0.0484375 0.0546875
0 0.51640625 0.1884765625 0.0453125 0.052734375
0 0.45 0.6044921875 0.046875 0.056640625
0 0.49375 0.328125 0.046875 0.0546875
0 0.61953125 0.619140625 0.0453125 0.0546875
0 0.4265625 0.744140625 0.046875 0.0546875
0 0.54375 0.7744140625 0.046875 0.052734375
0 0.28671875 0.392578125 0.0453125 0.0546875
0 0.5671875 0.6357421875 0.046875 0.056640625
0 0.31640625 0.5166015625 0.0453125 0.056640625
0 0.55234375 0.5732421875 0.0453125 0.052734375
0 0.54609375 0.310546875 0.0453125 0.0546875
0 0.45625 0.869140625 0.046875 0.0546875
0 0.44140625 0.8076171875 0.0453125 0.052734375
0 0.38046875 0.560546875 0.0453125 0.0546875
0 0.678125 0.40234375 0.046875 0.0546875
0 0.70703125 0.5244140625 0.0453125 0.052734375
0 0.41015625 0.6826171875 0.0453125 0.052734375
0 0.5 0.5908203125 0.046875 0.052734375
0 0.721875 0.5859375 0.046875 0.0546875
0 0.271875 0.3310546875 0.046875 0.052734375
0 0.55859375 0.3720703125 0.0453125 0.052734375
0 0.39140625 0.361328125 0.0453125 0.0546875
0 0.5984375 0.2978515625 0.046875 0.052734375
0 0.29921875 0.453125 0.0453125 0.0546875
0 0.58203125 0.6962890625 0.0453125 0.052734375
0 0.671875 0.6015625 0.046875 0.0546875
0 0.36015625 0.701171875 0.0453125 0.0546875
0 0.55859375 0.8359375 0.0453125 0.0546875
0 0.6859375 0.6650390625 0.046875 0.052734375
0 0.3765625 0.2978515625 0.046875 0.052734375
0 0.6109375 0.8212890625 0.046875 0.052734375
0 0.5375 0.51171875 0.046875 0.0546875
0 0.48515625 0.52734375 0.0453125 0.0546875
0 0.715625 0.7880859375 0.046875 0.052734375
0 0.36796875 0.4990234375 0.0453125 0.052734375
0 0.3890625 0.826171875 0.046875 0.0546875
0 0.6359375 0.21875 0.046875 0.0546875
0 0.25703125 0.267578125 0.0453125 0.0546875
0 0.73828125 0.6474609375 0.0453125 0.052734375
0 0.51484375 0.6494140625 0.0453125 0.052734375
0 0.3453125 0.6396484375 0.046875 0.052734375
0 0.6046875 0.5576171875 0.046875 0.052734375
0 0.4328125 0.544921875 0.046875 0.0546875
0 0.665625 0.3408203125 0.046875 0.052734375
0 0.309375 0.251953125 0.046875 0.0546875
0 0.6484375 0.7412109375 0.046875 0.052734375
0 0.44375 0.34375 0.046875 0.0546875
0 0.62109375 0.1572265625 0.0453125 0.052734375
0 0.753125 0.7109375 0.046875 0.0546875
0 0.3609375 0.236328125 0.046875 0.0546875
0 0.46484375 0.2060546875 0.0453125 0.052734375
0 0.49140625 0.7900390625 0.0453125 0.052734375
0 0.61328125 0.3564453125 0.0453125 0.052734375
0 0.4265625 0.2822265625 0.046875 0.052734375
0 0.47734375 0.728515625 0.0453125 0.0546875
0 0.53125 0.251953125 0.046875 0.0546875
0 0.66328125 0.802734375 0.0453125 0.0546875
0 0.65546875 0.5400390625 0.0484375 0.052734375
0 0.5234375 0.451171875 0.046875 0.0546875
0 0.69296875 0.4638671875 0.0453125 0.052734375
0 0.40390625 0.88671875 0.0453125 0.0546875
0 0.3515625 0.4384765625 0.046875 0.052734375
