0 0.6703125 0.626953125 0.040625 0.05078125
0 0.6234375 0.578125 0.040625 0.05078125
0 0.7171875 0.67578125 0.040625 0.05078125
0 0.521875 0.1845703125 0.040625 0.048828125
0 0.571875 0.2353515625 0.040625 0.048828125
0 0.51015625 0.36328125 0.0390625 0.05078125
0 0.57578125 0.5283203125 0.0421875 0.048828125
0 0.496875 0.5458984375 0.040625 0.048828125
0 0.7640625 0.724609375 0.040625 0.046875
0 0.63671875 0.396484375 0.0390625 0.05078125
0 0.64140625 0.1611328125 0.0390625 0.048828125
0 0.66171875 0.5693359375 0.0390625 0.048828125
0 0.48359375 0.7294921875 0.0390625 0.048828125
0 0.69296875 0.50390625 0.0390625 0.05078125
0 0.6828125 0.447265625 0.040625 0.05078125
0 0.56171875 0.7119140625 0.0390625 0.048828125
0 0.69765625 0.267578125 0.0421875 0.05078125
0 0.6015625 0.703125 0.040625 0.05078125
0 0.62734375 0.3388671875 0.0421875 0.048828125
0 0.65 0.21875 0.040625 0.05078125
0 0.54453125 0.595703125 0.0421875 0.05078125
0 0.528125 0.4794921875 0.040625 0.048828125
0 0.55859375 0.4130859375 0.0390625 0.048828125
0 0.5796875 0.291015625 0.040625 0.046875
0 0.43125 0.3798828125 0.040625 0.048828125
0 0.44453125 0.197265625 0.0390625 0.05078125
0 0.4609375 0.3134765625 0.040625 0.048828125
0 0.61015625 0.7607421875 0.0390625 0.048828125
0 0.44765625 0.49609375 0.0421875 0.05078125
0 0.53046875 0.7783203125 0.0421875 0.048828125
0 0.5015625 0.3076171875 0.040625 0.052734375
0 0.73046875 0.49609375 0.0421875 0.05078125
0 0.45390625 0.255859375 0.0421875 0.05078125
0 0.5484375 0.35546875 0.040625 0.05078125
0 0.5375 0.537109375 0.040625 0.05078125
0 0.71328125 0.3798828125 0.0390625 0.048828125
0 0.43984375 0.4384765625 0.0390625 0.048828125
0 0.675 0.390625 0.040625 0.046875
0 0.48828125 0.4873046875 0.0390625 0.048828125
0 0.65 0.7529296875 0.040625 0.048828125
0 0.49140625 0.7880859375 0.0390625 0.048828125
0 0.50546875 0.603515625 0.0421875 0.05078125
0 0.47890625 0.4306640625 0.0421875 0.048828125
0 0.5890625 0.34765625 0.040625 0.05078125
0 0.540625 0.298828125 0.040625 0.046875
0 0.70859375 0.619140625 0.0390625 0.05078125
0 0.70625 0.32421875 0.040625 0.046875
0 0.75546875 0.6640625 0.0421875 0.05078125
0 0.53125 0.240234375 0.040625 0.046875
0 0.60234375 0.16796875 0.0421875 0.05078125
0 0.68046875 0.1533203125 0.0390625 0.048828125
0 0.58515625 0.5859375 0.0390625 0.05078125
0 0.553125 0.65234375 0.040625 0.05078125
0 0.51953125 0.4208984375 0.0390625 0.048828125
0 0.56640625 0.4716796875 0.0390625 0.048828125
0 0.61171875 0.2265625 0.0390625 0.05078125
0 0.68828125 0.2109375 0.0390625 0.05078125
0 0.66796875 0.33203125 0.0390625 0.046875
0 0.64609375 0.455078125 0.0421875 0.05078125
0 0.5921875 0.64453125 0.040625 0.05078125
0 0.61875 0.2841796875 0.040625 0.048828125
0 0.521875 0.7197265625 0.040625 0.048828125
0 0.63203125 0.63671875 0.0390625 0.05078125
0 0.51484375 0.662109375 0.0390625 0.05078125
0 0.7265625 0.732421875 0.040625 0.046875
0 0.68828125 0.7431640625 0.0390625 0.048828125
0 0.56171875 0.17578125 0.0390625 0.05078125
0 0.65703125 0.2744140625 0.0390625 0.052734375
0 0.7390625 0.5537109375 0.040625 0.048828125
0 0.61328125 0.5205078125 0.0390625 0.048828125
0 0.64140625 0.693359375 0.0390625 0.05078125
0 0.5984375 0.404296875 0.040625 0.05078125
0 0.67890625 0.685546875 0.0421875 0.05078125
0 0.49140625 0.2490234375 0.0390625 0.052734375
0 0.4703125 0.3720703125 0.040625 0.048828125
0 0.45703125 0.5546875 0.0390625 0.05078125
0 0.60546875 0.462890625 0.0390625 0.05078125
0 0.56953125 0.7705078125 0.0421875 0.048828125
0 0.48359375 0.1904296875 0.0390625 0.052734375
0 0.46640625 0.61328125 0.0421875 0.05078125
0 0.41171875 0.263671875 0.0390625 0.05078125
0 0.72265625 0.4375 0.0421875 0.05078125
0 0.40234375 0.205078125 0.0421875 0.05078125
0 0.47421875 0.6708984375 0.0421875 0.048828125
0 0.42109375 0.3212890625 0.0390625 0.048828125
0 0.7 0.5615234375 0.040625 0.048828125
0 0.74765625 0.6103515625 0.0390625 0.048828125
0 0.65390625 0.5126953125 0.0421875 0.048828125
