0 0.42109375 0.7177734375 0.0390625 0.048828125
0 0.58359375 0.5458984375 0.0390625 0.048828125
0 0.27109375 0.3701171875 0.0390625 0.048828125
0 0.45234375 0.5693359375 0.0390625 0.048828125
0 0.55234375 0.6923828125 0.0390625 0.048828125
0 0.51015625 0.5927734375 0.0390625 0.048828125
0 0.49453125 0.6669921875 0.0390625 0.048828125
0 0.56171875 0.4970703125 0.0390625 0.048828125
0 0.48359375 0.4228515625 0.0390625 0.048828125
0 0.23359375 0.3935546875 0.0390625 0.048828125
0 0.52578125 0.5205078125 0.0390625 0.048828125
0 0.32578125 0.2724609375 0.0390625 0.048828125
0 0.37265625 0.4951171875 0.0390625 0.048828125
0 0.31953125 0.5927734375 0.0390625 0.048828125
0 0.61171875 0.7158203125 0.0390625 0.048828125
0 0.27578125 0.4931640625 0.0390625 0.048828125
0 0.53671875 0.7666015625 0.0390625 0.048828125
0 0.34609375 0.3232421875 0.0390625 0.048828125
0 0.43515625 0.6435546875 0.0390625 0.048828125
0 0.42109375 0.2763671875 0.0390625 0.048828125
0 0.35078125 0.4462890625 0.0390625 0.048828125
0 0.62578125 0.6435546875 0.0390625 0.048828125
0 0.53671875 0.3271484375 0.0390625 0.048828125
0 0.36171875 0.6923828125 0.0390625 0.048828125
0 0.64765625 0.6923828125 0.0390625 0.048828125
0 0.25078125 0.3212890625 0.0390625 0.048828125
0 0.42578125 0.3974609375 0.0390625 0.048828125
0 0.59921875 0.4736328125 0.0390625 0.048828125
0 0.43046875 0.5205078125 0.0390625 0.048828125
0 0.47890625 0.7412109375 0.0390625 0.048828125
0 0.46484375 0.8154296875 0.0390625 0.048828125
0 0.68359375 0.6669921875 0.0390625 0.048828125
0 0.45859375 0.6923828125 0.0390625 0.048828125
0 0.40078125 0.2255859375 0.0390625 0.048828125
0 0.43671875 0.2021484375 0.0390625 0.048828125
0 0.46171875 0.3740234375 0.0390625 0.048828125
0 0.53203125 0.6435546875 0.0390625 0.048828125
0 0.39296875 0.5439453125 0.0390625 0.048828125
0 0.38359375 0.2998046875 0.0390625 0.048828125
0 0.49453125 0.2294921875 0.0390625 0.048828125
0 0.39921875 0.6669921875 0.0390625 0.048828125
0 0.33515625 0.5185546875 0.0390625 0.048828125
0 0.41015625 0.4697265625 0.0390625 0.048828125
0 0.29765625 0.5439453125 0.0390625 0.048828125
0 0.38828125 0.4208984375 0.0390625 0.048828125
0 0.54609375 0.5693359375 0.0390625 0.048828125
0 0.37734375 0.6181640625 0.0390625 0.048828125
0 0.61953125 0.5224609375 0.0390625 0.048828125
0 0.44609375 0.4462890625 0.0390625 0.048828125
0 0.49921875 0.3505859375 0.0390625 0.048828125
0 0.33046875 0.3955078125 0.0390625 0.048828125
0 0.38359375 0.7412109375 0.0390625 0.048828125
0 0.45859375 0.2529296875 0.0390625 0.048828125
0 0.31328125 0.4697265625 0.0390625 0.048828125
0 0.30859375 0.3466796875 0.0390625 0.048828125
0 0.40546875 0.3486328125 0.0390625 0.048828125
0 0.35703125 0.5673828125 0.0390625 0.048828125
0 0.47265625 0.6181640625 0.0390625 0.048828125
0 0.56796875 0.6181640625 0.0390625 0.048828125
0 0.28828125 0.2978515625 0.0390625 0.048828125
0 0.29296875 0.4189453125 0.0390625 0.048828125
0 0.63984375 0.5693359375 0.0390625 0.048828125
0 0.36328125 0.2490234375 0.0390625 0.048828125
0 0.57421875 0.7412109375 0.0390625 0.048828125
0 0.51953125 0.3994140625 0.0390625 0.048828125
0 0.48828125 0.5439453125 0.0390625 0.048828125
0 0.44140625 0.3251953125 0.0390625 0.048828125
0 0.50078125 0.7919921875 0.0390625 0.048828125
0 0.47890625 0.3017578125 0.0390625 0.048828125
0 0.36796875 0.3720703125 0.0390625 0.048828125
0 0.60390625 0.5947265625 0.0390625 0.048828125
0 0.46796875 0.4951171875 0.0390625 0.048828125
0 0.21328125 0.3447265625 0.0390625 0.048828125
0 0.55703125 0.3759765625 0.0390625 0.048828125
0 0.51484375 0.2783203125 0.0390625 0.048828125
0 0.50390625 0.4716796875 0.0390625 0.048828125
0 0.25546875 0.4443359375 0.0390625 0.048828125
0 0.44296875 0.7666015625 0.0390625 0.048828125
0 0.66328125 0.6201171875 0.0390625 0.048828125
0 0.40546875 0.7919921875 0.0390625 0.048828125
0 0.41484375 0.5927734375 0.0390625 0.048828125
0 0.47421875 0.1806640625 0.0390625 0.048828125
0 0.54140625 0.4482421875 0.0390625 0.048828125
0 0.58984375 0.6669921875 0.0390625 0.048828125
0 0.51640625 0.7158203125 0.0390625 0.048828125
0 0.42734375 0.8408203125 0.0390625 0.048828125
0 0.33984375 0.6435546875 0.0390625 0.048828125
0 0.57734375 0.4248046875 0.0390625 0.048828125
