0 0.44921875 0.6220703125 0.0390625 0.048828125
0 0.28828125 0.1689453125 0.0390625 0.048828125
0 0.33828125 0.5458984375 0.0390625 0.048828125
0 0.32421875 0.2373046875 0.0390625 0.048828125
0 0.31328125 0.3583984375 0.0390625 0.048828125
0 0.41640625 0.5556640625 0.0390625 0.048828125
0 0.34296875 0.4853515625 0.0390625 0.048828125
0 0.30234375 0.4794921875 0.0390625 0.048828125
0 0.34921875 0.4248046875 0.0390625 0.048828125
0 0.42734375 0.4365234375 0.0390625 0.048828125
0 0.48359375 0.2646484375 0.0390625 0.048828125
0 0.42265625 0.4970703125 0.0296875 0.044921875
0 0.36015625 0.7314453125 0.0390625 0.048828125
0 0.40546875 0.2509765625 0.0390625 0.048828125
0 0.27890625 0.2900390625 0.0390625 0.048828125
0 0.39453125 0.3720703125 0.0390625 0.048828125
0 0.26328125 0.4736328125 0.0390625 0.048828125
0 0.27421875 0.3525390625 0.0390625 0.048828125
0 0.23671875 0.2841796875 0.0390625 0.048828125
0 0.39765625 0.3115234375 0.0390625 0.048828125
0 0.22265625 0.4677734375 0.0390625 0.048828125
0 0.21015625 0.5888671875 0.0390625 0.048828125
0 0.36640625 0.6708984375 0.0390625 0.048828125
0 0.28359375 0.2294921875 0.0390625 0.048828125
0 0.31953125 0.2978515625 0.0390625 0.048828125
0 0.24609375 0.6552734375 0.0390625 0.048828125
0 0.22734375 0.4052734375 0.0390625 0.048828125
0 0.30703125 0.4189453125 0.0390625 0.048828125
0 0.38828125 0.4306640625 0.0390625 0.048828125
0 0.20078125 0.2158203125 0.0390625 0.048828125
0 0.36484375 0.2431640625 0.0390625 0.048828125
0 0.16328125 0.6435546875 0.0390625 0.048828125
0 0.45546875 0.5634765625 0.0390625 0.048828125
0 0.46171875 0.5029296875 0.0390625 0.048828125
0 0.21640625 0.5283203125 0.0390625 0.048828125
0 0.20703125 0.1533203125 0.0390625 0.048828125
0 0.32578125 0.6650390625 0.0390625 0.048828125
0 0.29765625 0.5400390625 0.0390625 0.048828125
0 0.23203125 0.3447265625 0.0390625 0.048828125
0 0.28515625 0.6611328125 0.0390625 0.048828125
0 0.37109375 0.6103515625 0.0390625 0.048828125
0 0.44921875 0.1982421875 0.0390625 0.048828125
0 0.25078125 0.5947265625 0.0390625 0.048828125
0 0.36953125 0.1826171875 0.0390625 0.048828125
0 0.41171875 0.6162109375 0.0390625 0.048828125
0 0.29140625 0.6005859375 0.0390625 0.048828125
0 0.37421875 0.1220703125 0.0390625 0.048828125
0 0.24765625 0.1611328125 0.0390625 0.048828125
0 0.18984375 0.3388671875 0.0390625 0.048828125
0 0.28046875 0.7216796875 0.0390625 0.048828125
0 0.41015625 0.1904296875 0.0390625 0.048828125
0 0.18515625 0.3994140625 0.0390625 0.048828125
0 0.24296875 0.2216796875 0.0390625 0.048828125
0 0.32890625 0.1767578125 0.0390625 0.048828125
0 0.17421875 0.5224609375 0.0390625 0.048828125
0 0.35390625 0.3662109375 0.0390625 0.048828125
0 0.19609375 0.2763671875 0.0390625 0.048828125
0 0.21015625 0.0927734375 0.0390625 0.048828125
0 0.43828125 0.7412109375 0.0390625 0.048828125
0 0.37734375 0.5517578125 0.0390625 0.048828125
0 0.23984375 0.7158203125 0.0390625 0.048828125
0 0.25078125 0.1005859375 0.0390625 0.048828125
0 0.29453125 0.1083984375 0.0390625 0.048828125
0 0.43359375 0.3779296875 0.0390625 0.048828125
0 0.39921875 0.7353515625 0.0390625 0.048828125
0 0.26796875 0.4130859375 0.0390625 0.048828125
0 0.20390625 0.6494140625 0.0390625 0.048828125
0 0.33203125 0.6064453125 0.0390625 0.048828125
0 0.45390625 0.1376953125 0.0390625 0.048828125
0 0.43828125 0.3173828125 0.0390625 0.048828125
0 0.41484375 0.1298828125 0.0390625 0.048828125
0 0.25703125 0.5341796875 0.0390625 0.048828125
0 0.47890625 0.3251953125 0.0390625 0.048828125
0 0.40546875 0.6767578125 0.0390625 0.048828125
0 0.48828125 0.2041015625 0.0390625 0.048828125
0 0.36015625 0.3037109375 0.0390625 0.048828125
0 0.47265625 0.3837890625 0.0390625 0.048828125
0 0.32109375 0.7255859375 0.0390625 0.048828125
0 0.33359375 0.1142578125 0.0390625 0.048828125
0 0.44453125 0.2587890625 0.0390625 0.048828125
0 0.46640625 0.4443359375 0.0390625 0.048828125
0 0.44453125 0.6806640625 0.0390625 0.048828125
0 0.18046875 0.4599609375 0.0390625 0.048828125
0 0.16953125 0.5830078125 0.0390625 0.048828125
0 0.38359375 0.4912109375 0.0390625 0.048828125
0 0.49296875 0.1435546875 0.0390625 0.048828125
0 0.19921875 0.7099609375 0.0390625 0.048828125
0 0.15703125 0.7060546875 0.0390625 0.048828125
