0 0.65078125 0.3671875 0.0390625 0.046875
0 0.5140625 0.2626953125 0.040625 0.048828125
0 0.4703125 0.3212890625 0.040625 0.048828125
0 0.515625 0.4306640625 0.0375 0.048828125
0 0.4703125 0.3779296875 0.040625 0.048828125
0 0.696875 0.4208984375 0.040625 0.048828125
0 0.51640625 0.7783203125 0.0390625 0.048828125
0 0.4265625 0.5517578125 0.040625 0.048828125
0 0.6546875 0.7724609375 0.040625 0.048828125
0 0.6546875 0.71484375 0.040625 0.046875
0 0.51640625 0.375 0.0390625 0.05078125
0 0.56015625 0.4873046875 0.0390625 0.048828125
0 0.4703125 0.6630859375 0.040625 0.048828125
0 0.51640625 0.603515625 0.0390625 0.05078125
0 0.60546875 0.3115234375 0.0390625 0.048828125
0 0.65078125 0.30859375 0.0390625 0.05078125
0 0.60625 0.2548828125 0.040625 0.048828125
0 0.51640625 0.4892578125 0.0390625 0.044921875
0 0.4265625 0.4365234375 0.040625 0.048828125
0 0.3796875 0.4384765625 0.040625 0.048828125
0 0.471875 0.7216796875 0.040625 0.048828125
0 0.60625 0.5419921875 0.040625 0.048828125
0 0.51640625 0.546875 0.0390625 0.05078125
0 0.56015625 0.2568359375 0.0390625 0.048828125
0 0.6046875 0.3701171875 0.040625 0.048828125
0 0.7 0.6552734375 0.0375 0.048828125
0 0.4265625 0.2099609375 0.040625 0.048828125
0 0.6546875 0.6552734375 0.040625 0.048828125
0 0.51875 0.7197265625 0.040625 0.048828125
0 0.6984375 0.537109375 0.040625 0.05078125
0 0.38203125 0.2685546875 0.0390625 0.048828125
0 0.5609375 0.5439453125 0.0375 0.048828125
0 0.51640625 0.2021484375 0.0390625 0.048828125
0 0.4265625 0.4931640625 0.040625 0.048828125
0 0.65234375 0.5986328125 0.0390625 0.048828125
0 0.65078125 0.1923828125 0.0390625 0.048828125
0 0.70078125 0.5966796875 0.0390625 0.048828125
0 0.60625 0.4853515625 0.040625 0.048828125
0 0.471875 0.7802734375 0.040625 0.048828125
0 0.3796875 0.6103515625 0.040625 0.048828125
0 0.60859375 0.599609375 0.0390625 0.046875
0 0.5640625 0.775390625 0.040625 0.05078125
0 0.51640625 0.6630859375 0.0390625 0.048828125
0 0.38125 0.3251953125 0.0375 0.048828125
0 0.5625 0.603515625 0.040625 0.05078125
0 0.38203125 0.4951171875 0.0390625 0.048828125
0 0.56015625 0.4296875 0.0390625 0.046875
0 0.38203125 0.7822265625 0.0390625 0.048828125
0 0.6984375 0.48046875 0.040625 0.05078125
0 0.38125 0.7255859375 0.0375 0.048828125
0 0.60625 0.4267578125 0.040625 0.048828125
0 0.38125 0.5517578125 0.0375 0.048828125
0 0.471875 0.6064453125 0.040625 0.048828125
0 0.4265625 0.265625 0.040625 0.046875
0 0.3796875 0.2109375 0.040625 0.046875
0 0.38203125 0.6669921875 0.0390625 0.048828125
0 0.5140625 0.318359375 0.040625 0.05078125
0 0.5625 0.6591796875 0.040625 0.048828125
0 0.4703125 0.548828125 0.040625 0.046875
0 0.56015625 0.3720703125 0.0390625 0.048828125
0 0.6078125 0.6572265625 0.0375 0.048828125
0 0.425 0.3232421875 0.0375 0.048828125
0 0.4265625 0.607421875 0.040625 0.046875
0 0.4703125 0.4345703125 0.040625 0.048828125
0 0.559375 0.2001953125 0.0375 0.048828125
0 0.3796875 0.3818359375 0.040625 0.048828125
0 0.65078125 0.251953125 0.0390625 0.05078125
0 0.4703125 0.4912109375 0.040625 0.048828125
0 0.69765625 0.365234375 0.0390625 0.05078125
0 0.4703125 0.2646484375 0.040625 0.048828125
0 0.703125 0.7705078125 0.040625 0.048828125
0 0.65234375 0.4833984375 0.0390625 0.048828125
0 0.42734375 0.6669921875 0.0390625 0.048828125
0 0.4265625 0.7236328125 0.040625 0.048828125
0 0.70078125 0.7138671875 0.0390625 0.048828125
0 0.56015625 0.3154296875 0.0390625 0.048828125
0 0.6515625 0.4248046875 0.0375 0.048828125
0 0.696875 0.1923828125 0.040625 0.048828125
0 0.5625 0.7197265625 0.040625 0.048828125
0 0.4265625 0.3798828125 0.040625 0.048828125
0 0.4265625 0.78125 0.040625 0.046875
0 0.696875 0.306640625 0.040625 0.046875
0 0.65234375 0.541015625 0.0390625 0.046875
0 0.60859375 0.7158203125 0.0390625 0.048828125
0 0.609375 0.7734375 0.0375 0.046875
0 0.6046875 0.197265625 0.040625 0.046875
0 0.4703125 0.20703125 0.040625 0.046875
0 0.696875 0.2490234375 0.040625 0.048828125
