0 0.56171875 0.5029296875 0.0390625 0.048828125
0 0.68671875 0.4638671875 0.0390625 0.048828125
0 0.69921875 0.5166015625 0.0390625 0.048828125
0 0.59765625 0.2666015625 0.0390625 0.048828125
0 0.28671875 0.4716796875 0.0390625 0.048828125
0 0.27421875 0.4189453125 0.0390625 0.048828125
0 0.44765625 0.5908203125 0.0390625 0.048828125
0 0.37890625 0.6689453125 0.0390625 0.048828125
0 0.42265625 0.4873046875 0.0390625 0.048828125
0 0.72421875 0.6201171875 0.0390625 0.048828125
0 0.55546875 0.2783203125 0.0390625 0.048828125
0 0.53671875 0.3974609375 0.0390625 0.048828125
0 0.51484375 0.6826171875 0.0390625 0.048828125
0 0.62109375 0.3720703125 0.0390625 0.048828125
0 0.31484375 0.4052734375 0.0390625 0.048828125
0 0.54921875 0.4501953125 0.0390625 0.048828125
0 0.57890625 0.3857421875 0.0390625 0.048828125
0 0.39921875 0.3818359375 0.0390625 0.048828125
0 0.47421875 0.6962890625 0.0390625 0.048828125
0 0.66328125 0.3603515625 0.0390625 0.048828125
0 0.34453125 0.3408203125 0.0390625 0.048828125
0 0.62734375 0.5947265625 0.0390625 0.048828125
0 0.48203125 0.3564453125 0.0390625 0.048828125
0 0.26015625 0.3642578125 0.0390625 0.048828125
0 0.43984375 0.3701171875 0.0390625 0.048828125
0 0.76640625 0.6083984375 0.0390625 0.048828125
0 0.41171875 0.4345703125 0.0390625 0.048828125
0 0.45234375 0.4228515625 0.0390625 0.048828125
0 0.30234375 0.3525390625 0.0390625 0.048828125
0 0.52578125 0.3447265625 0.0390625 0.048828125
0 0.48984375 0.5791015625 0.0390625 0.048828125
0 0.41953125 0.6552734375 0.0390625 0.048828125
0 0.47734375 0.5263671875 0.0390625 0.048828125
0 0.33984375 0.5126953125 0.0390625 0.048828125
0 0.31171875 0.5771484375 0.0390625 0.048828125
0 0.59140625 0.4384765625 0.0390625 0.048828125
0 0.69453125 0.2939453125 0.0390625 0.048828125
0 0.50703125 0.4619140625 0.0390625 0.048828125
0 0.58515625 0.6064453125 0.0390625 0.048828125
0 0.65703125 0.5302734375 0.0390625 0.048828125
0 0.34921875 0.7333984375 0.0390625 0.048828125
0 0.38671875 0.3291015625 0.0390625 0.048828125
0 0.51953125 0.5146484375 0.0390625 0.048828125
0 0.55703125 0.6708984375 0.0390625 0.048828125
0 0.51328125 0.2919921875 0.0390625 0.048828125
0 0.42890625 0.3154296875 0.0390625 0.048828125
0 0.33671875 0.6806640625 0.0390625 0.048828125
0 0.67578125 0.4130859375 0.0390625 0.048828125
0 0.35234375 0.5634765625 0.0390625 0.048828125
0 0.66953125 0.5810546875 0.0390625 0.048828125
0 0.38203125 0.4990234375 0.0390625 0.048828125
0 0.73046875 0.4521484375 0.0390625 0.048828125
0 0.68359375 0.2412109375 0.0390625 0.048828125
0 0.61484375 0.5419921875 0.0390625 0.048828125
0 0.65234375 0.3076171875 0.0390625 0.048828125
0 0.64453125 0.4775390625 0.0390625 0.048828125
0 0.50234375 0.6318359375 0.0390625 0.048828125
0 0.71171875 0.5693359375 0.0390625 0.048828125
0 0.63359375 0.4248046875 0.0390625 0.048828125
0 0.53203125 0.5673828125 0.0390625 0.048828125
0 0.75390625 0.5556640625 0.0390625 0.048828125
0 0.29765625 0.5244140625 0.0390625 0.048828125
0 0.61015625 0.3193359375 0.0390625 0.048828125
0 0.39453125 0.5517578125 0.0390625 0.048828125
0 0.36484375 0.6162109375 0.0390625 0.048828125
0 0.70703125 0.3466796875 0.0390625 0.048828125
0 0.36953125 0.4462890625 0.0390625 0.048828125
0 0.39140625 0.7216796875 0.0390625 0.048828125
0 0.40703125 0.6044921875 0.0390625 0.048828125
0 0.49453125 0.4091796875 0.0390625 0.048828125
0 0.60234375 0.4892578125 0.0390625 0.048828125
0 0.63984375 0.6455078125 0.0390625 0.048828125
0 0.59765625 0.6572265625 0.0390625 0.048828125
0 0.57265625 0.5537109375 0.0390625 0.048828125
0 0.68203125 0.6318359375 0.0390625 0.048828125
0 0.43515625 0.5400390625 0.0390625 0.048828125
0 0.46015625 0.6435546875 0.0390625 0.048828125
0 0.54453125 0.6181640625 0.0390625 0.048828125
0 0.64140625 0.2548828125 0.0390625 0.048828125
0 0.35703125 0.3935546875 0.0390625 0.048828125
0 0.32421875 0.6298828125 0.0390625 0.048828125
0 0.32734375 0.4599609375 0.0390625 0.048828125
0 0.43203125 0.7080078125 0.0390625 0.048828125
0 0.47109375 0.3037109375 0.0390625 0.048828125
0 0.56640625 0.3330078125 0.0390625 0.048828125
0 0.46484375 0.4755859375 0.0390625 0.048828125
0 0.74296875 0.5029296875 0.0390625 0.048828125
0 0.71796875 0.3994140625 0.0390625 0.048828125
