0 0.59453125 0.4892578125 0.0390625 0.048828125
0 0.7171875 0.34375 0.0375 0.05078125
0 0.65546875 0.490234375 0.0390625 0.046875
0 0.43828125 0.744140625 0.0390625 0.046875
0 0.7765625 0.4189453125 0.040625 0.048828125
0 0.65625 0.4169921875 0.040625 0.048828125
0 0.5953125 0.416015625 0.040625 0.05078125
0 0.49921875 0.74609375 0.0390625 0.046875
0 0.38203125 0.5966796875 0.0390625 0.048828125
0 0.715625 0.41796875 0.040625 0.05078125
0 0.44140625 0.671875 0.0390625 0.046875
0 0.71484375 0.4921875 0.0390625 0.05078125
0 0.56640625 0.3046875 0.0421875 0.046875
0 0.38046875 0.6708984375 0.0390625 0.048828125
0 0.59375 0.5634765625 0.040625 0.048828125
0 0.53359375 0.48828125 0.0390625 0.046875
0 0.50546875 0.376953125 0.0390625 0.05078125
0 0.44140625 0.59765625 0.0390625 0.046875
0 0.56796875 0.23046875 0.0390625 0.046875
0 0.59609375 0.341796875 0.0390625 0.05078125
0 0.65390625 0.564453125 0.0421875 0.046875
0 0.56015625 0.74609375 0.0390625 0.046875
0 0.35390625 0.486328125 0.0390625 0.046875
0 0.53515625 0.4140625 0.0421875 0.046875
0 0.32265625 0.595703125 0.0390625 0.046875
0 0.44453125 0.4501953125 0.0390625 0.048828125
0 0.62734375 0.23046875 0.0390625 0.046875
0 0.50625 0.302734375 0.040625 0.05078125
0 0.4984375 0.8212890625 0.040625 0.048828125
0 0.74609375 0.455078125 0.0390625 0.046875
0 0.35078125 0.5576171875 0.0390625 0.048828125
0 0.59296875 0.6376953125 0.0390625 0.048828125
0 0.5 0.671875 0.040625 0.046875
0 0.65703125 0.3427734375 0.0390625 0.048828125
0 0.56484375 0.37890625 0.0390625 0.046875
0 0.53203125 0.63671875 0.0390625 0.046875
0 0.47421875 0.486328125 0.0390625 0.046875
0 0.5984375 0.267578125 0.0375 0.05078125
0 0.503125 0.451171875 0.0375 0.05078125
0 0.3234375 0.521484375 0.040625 0.046875
0 0.5296875 0.7841796875 0.040625 0.048828125
0 0.475 0.4140625 0.040625 0.046875
0 0.684375 0.455078125 0.040625 0.046875
0 0.5984375 0.193359375 0.0375 0.05078125
0 0.53046875 0.7099609375 0.0390625 0.048828125
0 0.50078125 0.59765625 0.0390625 0.046875
0 0.53671875 0.33984375 0.0390625 0.046875
0 0.74453125 0.53125 0.0390625 0.046875
0 0.590625 0.7109375 0.0375 0.05078125
0 0.6859375 0.3798828125 0.0375 0.048828125
0 0.62578125 0.3798828125 0.0390625 0.048828125
0 0.56328125 0.4521484375 0.0390625 0.048828125
0 0.80703125 0.4560546875 0.0390625 0.048828125
0 0.5328125 0.5625 0.040625 0.046875
0 0.74765625 0.380859375 0.0390625 0.046875
0 0.47578125 0.33984375 0.0390625 0.046875
0 0.44453125 0.3759765625 0.0390625 0.048828125
0 0.625 0.453125 0.040625 0.05078125
0 0.6203125 0.6748046875 0.040625 0.048828125
0 0.35078125 0.6318359375 0.0390625 0.048828125
0 0.65234375 0.638671875 0.0390625 0.046875
0 0.77578125 0.4931640625 0.0390625 0.048828125
0 0.7140625 0.56640625 0.040625 0.05078125
0 0.6265625 0.3046875 0.040625 0.046875
0 0.41328125 0.486328125 0.0390625 0.046875
0 0.503125 0.525390625 0.0375 0.05078125
0 0.5609375 0.671875 0.040625 0.046875
0 0.46953125 0.708984375 0.0390625 0.05078125
0 0.56328125 0.5263671875 0.0390625 0.048828125
0 0.68203125 0.6025390625 0.0390625 0.048828125
0 0.6875 0.3056640625 0.040625 0.048828125
0 0.41015625 0.7080078125 0.0390625 0.048828125
0 0.41171875 0.6337890625 0.0390625 0.048828125
0 0.384375 0.44921875 0.0375 0.05078125
0 0.68359375 0.529296875 0.0390625 0.046875
0 0.53828125 0.2666015625 0.0390625 0.048828125
0 0.47265625 0.634765625 0.0390625 0.05078125
0 0.3828125 0.5234375 0.040625 0.05078125
0 0.46875 0.783203125 0.040625 0.05078125
0 0.65859375 0.2685546875 0.0390625 0.048828125
0 0.29296875 0.556640625 0.0390625 0.05078125
0 0.4734375 0.5595703125 0.040625 0.048828125
0 0.4140625 0.4130859375 0.040625 0.048828125
0 0.56171875 0.6005859375 0.0390625 0.048828125
0 0.41171875 0.5595703125 0.0390625 0.048828125
0 0.44375 0.5244140625 0.040625 0.048828125
0 0.62421875 0.52734375 0.0390625 0.05078125
0 0.62109375 0.6005859375 0.0390625 0.048828125
