0 0.72109375 0.5048828125 0.0390625 0.048828125
0 0.52734375 0.5439453125 0.0390625 0.048828125
0 0.45859375 0.3330078125 0.0390625 0.048828125
0 0.53671875 0.4677734375 0.0390625 0.048828125
0 0.35859375 0.6298828125 0.0390625 0.048828125
0 0.58828125 0.5576171875 0.0390625 0.048828125
0 0.37421875 0.7529296875 0.0390625 0.048828125
0 0.44609375 0.6865234375 0.0390625 0.048828125
0 0.55234375 0.5888671875 0.0390625 0.048828125
0 0.39296875 0.5966796875 0.0390625 0.048828125
0 0.43671875 0.7646484375 0.0390625 0.048828125
0 0.51015625 0.4228515625 0.0390625 0.048828125
0 0.41015625 0.7197265625 0.0390625 0.048828125
0 0.33828125 0.7841796875 0.0390625 0.048828125
0 0.34765625 0.7060546875 0.0390625 0.048828125
0 0.74765625 0.5498046875 0.0390625 0.048828125
0 0.42890625 0.5654296875 0.0390625 0.048828125
0 0.68515625 0.5380859375 0.0390625 0.048828125
0 0.29609375 0.6162109375 0.0390625 0.048828125
0 0.47109375 0.7314453125 0.0390625 0.048828125
0 0.51953125 0.3466796875 0.0390625 0.048828125
0 0.44765625 0.4111328125 0.0390625 0.048828125
0 0.59765625 0.4794921875 0.0390625 0.048828125
0 0.42578125 0.8427734375 0.0390625 0.048828125
0 0.28515625 0.6943359375 0.0390625 0.048828125
0 0.47421875 0.4560546875 0.0390625 0.048828125
0 0.52890625 0.2685546875 0.0390625 0.048828125
0 0.36796875 0.5517578125 0.0390625 0.048828125
0 0.54609375 0.3916015625 0.0390625 0.048828125
0 0.31640625 0.4619140625 0.0390625 0.048828125
0 0.32265625 0.6611328125 0.0390625 0.048828125
0 0.64921875 0.5693359375 0.0390625 0.048828125
0 0.58984375 0.2822265625 0.0390625 0.048828125
0 0.43828125 0.4873046875 0.0390625 0.048828125
0 0.30546875 0.5400390625 0.0390625 0.048828125
0 0.49140625 0.5771484375 0.0390625 0.048828125
0 0.62421875 0.5244140625 0.0390625 0.048828125
0 0.40390625 0.5185546875 0.0390625 0.048828125
0 0.41328125 0.4423828125 0.0390625 0.048828125
0 0.46484375 0.5322265625 0.0390625 0.048828125
0 0.40078125 0.7978515625 0.0390625 0.048828125
0 0.34140625 0.5068359375 0.0390625 0.048828125
0 0.37734375 0.4755859375 0.0390625 0.048828125
0 0.53359375 0.7451171875 0.0390625 0.048828125
0 0.38359375 0.6748046875 0.0390625 0.048828125
0 0.57109375 0.4345703125 0.0390625 0.048828125
0 0.50078125 0.4990234375 0.0390625 0.048828125
0 0.36484375 0.8310546875 0.0390625 0.048828125
0 0.69453125 0.4599609375 0.0390625 0.048828125
0 0.33203125 0.5849609375 0.0390625 0.048828125
0 0.56171875 0.5126953125 0.0390625 0.048828125
0 0.23359375 0.6044921875 0.0390625 0.048828125
0 0.31171875 0.7392578125 0.0390625 0.048828125
0 0.41953125 0.6416015625 0.0390625 0.048828125
0 0.48359375 0.3779296875 0.0390625 0.048828125
0 0.60546875 0.6787109375 0.0390625 0.048828125
0 0.54296875 0.6669921875 0.0390625 0.048828125
0 0.45546875 0.6083984375 0.0390625 0.048828125
0 0.50703125 0.7001953125 0.0390625 0.048828125
0 0.55546875 0.3134765625 0.0390625 0.048828125
0 0.67578125 0.6142578125 0.0390625 0.048828125
0 0.64140625 0.3720703125 0.0390625 0.048828125
0 0.63984375 0.6474609375 0.0390625 0.048828125
0 0.49765625 0.7763671875 0.0390625 0.048828125
0 0.26015625 0.6494140625 0.0390625 0.048828125
0 0.46171875 0.8095703125 0.0390625 0.048828125
0 0.42265625 0.3662109375 0.0390625 0.048828125
0 0.56484375 0.2373046875 0.0390625 0.048828125
0 0.60703125 0.4033203125 0.0390625 0.048828125
0 0.49296875 0.3017578125 0.0390625 0.048828125
0 0.38671875 0.3974609375 0.0390625 0.048828125
0 0.63359375 0.4482421875 0.0390625 0.048828125
0 0.24296875 0.5263671875 0.0390625 0.048828125
0 0.38984375 0.8759765625 0.0390625 0.048828125
0 0.51640625 0.6220703125 0.0390625 0.048828125
0 0.65859375 0.4931640625 0.0390625 0.048828125
0 0.26953125 0.5712890625 0.0390625 0.048828125
0 0.35078125 0.4306640625 0.0390625 0.048828125
0 0.56953125 0.7119140625 0.0390625 0.048828125
0 0.57890625 0.6337890625 0.0390625 0.048828125
0 0.71171875 0.5830078125 0.0390625 0.048828125
0 0.58046875 0.3583984375 0.0390625 0.048828125
0 0.61484375 0.6025390625 0.0390625 0.048828125
0 0.27890625 0.4951171875 0.0390625 0.048828125
0 0.20703125 0.5595703125 0.0390625 0.048828125
0 0.48203125 0.6533203125 0.0390625 0.048828125
0 0.66796875 0.4150390625 0.0390625 0.048828125
0 0.61640625 0.3271484375 0.0390625 0.048828125
