0 0.4234375 0.4541015625 0.046875 0.056640625
0 0.275 0.26953125 0.046875 0.0546875
0 0.346875 0.451171875 0.046875 0.0546875
0 0.60625 0.7724609375 0.046875 0.056640625
0 0.19765625 0.357421875 0.0484375 0.0546875
0 0.34921875 0.3623046875 0.0484375 0.056640625
0 0.425 0.3642578125 0.046875 0.056640625
0 0.53125 0.76953125 0.046875 0.0546875
0 0.684375 0.5966796875 0.046875 0.056640625
0 0.2734375 0.359375 0.046875 0.0546875
0 0.60625 0.6845703125 0.046875 0.056640625
0 0.271875 0.44921875 0.046875 0.0546875
0 0.46640625 0.2314453125 0.0484375 0.056640625
0 0.6828125 0.6865234375 0.046875 0.056640625
0 0.42109375 0.54296875 0.0484375 0.0546875
0 0.4984375 0.4560546875 0.046875 0.056640625
0 0.540625 0.3232421875 0.046875 0.056640625
0 0.6109375 0.5947265625 0.046875 0.056640625
0 0.46875 0.1416015625 0.046875 0.056640625
0 0.4265625 0.2744140625 0.046875 0.056640625
0 0.3453125 0.541015625 0.046875 0.0546875
0 0.4546875 0.767578125 0.046875 0.0546875
0 0.72578125 0.46484375 0.0484375 0.0546875
0 0.50078125 0.3662109375 0.0484375 0.056640625
0 0.76015625 0.5986328125 0.0484375 0.056640625
0 0.6125 0.4150390625 0.046875 0.056640625
0 0.3921875 0.1376953125 0.046875 0.056640625
0 0.5421875 0.2333984375 0.046875 0.056640625
0 0.52890625 0.8623046875 0.0484375 0.056640625
0 0.23359375 0.4013671875 0.0484375 0.056640625
0 0.72421875 0.5517578125 0.0484375 0.056640625
0 0.41875 0.6328125 0.046875 0.0546875
0 0.5328125 0.6806640625 0.046875 0.056640625
0 0.35078125 0.2724609375 0.0484375 0.056640625
0 0.46484375 0.3212890625 0.0484375 0.056640625
0 0.4953125 0.6357421875 0.046875 0.056640625
0 0.575 0.4580078125 0.046875 0.056640625
0 0.428125 0.1845703125 0.046875 0.056640625
0 0.53828125 0.4130859375 0.0484375 0.056640625
0 0.7625 0.509765625 0.046875 0.0546875
0 0.490625 0.814453125 0.046875 0.0546875
0 0.5765625 0.3701171875 0.046875 0.056640625
0 0.3109375 0.40625 0.046875 0.0546875
0 0.43046875 0.0947265625 0.0484375 0.056640625
0 0.49296875 0.724609375 0.0484375 0.0546875
0 0.534375 0.5908203125 0.046875 0.056640625
0 0.50234375 0.2763671875 0.0484375 0.056640625
0 0.23359375 0.494140625 0.0484375 0.0546875
0 0.4171875 0.72265625 0.046875 0.0546875
0 0.31328125 0.314453125 0.0484375 0.0546875
0 0.3890625 0.3193359375 0.046875 0.056640625
0 0.4625 0.4111328125 0.046875 0.056640625
0 0.1578125 0.3994140625 0.046875 0.056640625
0 0.496875 0.5458984375 0.046875 0.056640625
0 0.2359375 0.3125 0.046875 0.0546875
0 0.578125 0.2802734375 0.046875 0.056640625
0 0.615625 0.3251953125 0.046875 0.056640625
0 0.3875 0.4091796875 0.046875 0.056640625
0 0.38125 0.67578125 0.046875 0.0546875
0 0.721875 0.6416015625 0.046875 0.056640625
0 0.34375 0.630859375 0.046875 0.0546875
0 0.1953125 0.4462890625 0.046875 0.056640625
0 0.26953125 0.5390625 0.0484375 0.0546875
0 0.390625 0.2275390625 0.046875 0.056640625
0 0.65 0.4599609375 0.046875 0.056640625
0 0.53671875 0.5029296875 0.0484375 0.056640625
0 0.45703125 0.677734375 0.0484375 0.0546875
0 0.56875 0.7275390625 0.046875 0.056640625
0 0.4609375 0.5009765625 0.046875 0.056640625
0 0.3078125 0.5859375 0.046875 0.0546875
0 0.31484375 0.224609375 0.0484375 0.0546875
0 0.64453125 0.7294921875 0.0484375 0.056640625
0 0.646875 0.6396484375 0.046875 0.056640625
0 0.68828125 0.41796875 0.0484375 0.0546875
0 0.309375 0.49609375 0.046875 0.0546875
0 0.5046875 0.1865234375 0.046875 0.056640625
0 0.5703125 0.6376953125 0.046875 0.056640625
0 0.6859375 0.5068359375 0.046875 0.056640625
0 0.5671875 0.8173828125 0.046875 0.056640625
0 0.353125 0.1826171875 0.046875 0.056640625
0 0.7984375 0.5546875 0.046875 0.0546875
0 0.57265625 0.5478515625 0.0484375 0.056640625
0 0.65234375 0.373046875 0.0484375 0.0546875
0 0.459375 0.5908203125 0.046875 0.056640625
0 0.6484375 0.5498046875 0.046875 0.056640625
0 0.6109375 0.5048828125 0.046875 0.056640625
0 0.38515625 0.4990234375 0.0484375 0.056640625
0 0.3828125 0.5859375 0.046875 0.0546875
