0 0.37109375 0.4091796875 0.0390625 0.048828125
0 0.38203125 0.6220703125 0.0390625 0.048828125
0 0.47890625 0.7099609375 0.0390625 0.048828125
0 0.59296875 0.4736328125 0.0390625 0.048828125
0 0.33671875 0.3798828125 0.0390625 0.048828125
0 0.51015625 0.7373046875 0.0390625 0.048828125
0 0.42421875 0.2509765625 0.0390625 0.048828125
0 0.55703125 0.3720703125 0.0390625 0.048828125
0 0.24921875 0.5048828125 0.0390625 0.048828125
0 0.57109375 0.7255859375 0.0390625 0.048828125
0 0.30859375 0.4208984375 0.0390625 0.048828125
0 0.46640625 0.4267578125 0.0390625 0.048828125
0 0.34609375 0.5224609375 0.0390625 0.048828125
0 0.65390625 0.4619140625 0.0390625 0.048828125
0 0.71640625 0.5205078125 0.0390625 0.048828125
0 0.53515625 0.5556640625 0.0390625 0.048828125
0 0.74765625 0.5517578125 0.0390625 0.048828125
0 0.59765625 0.6162109375 0.0390625 0.048828125
0 0.66015625 0.6728515625 0.0390625 0.048828125
0 0.65859375 0.6025390625 0.0390625 0.048828125
0 0.47421875 0.5693359375 0.0390625 0.048828125
0 0.49921875 0.4560546875 0.0390625 0.048828125
0 0.41171875 0.5810546875 0.0390625 0.048828125
0 0.56015625 0.4443359375 0.0390625 0.048828125
0 0.40859375 0.5107421875 0.0390625 0.048828125
0 0.43828125 0.4677734375 0.0390625 0.048828125
0 0.35390625 0.6630859375 0.0390625 0.048828125
0 0.28359375 0.5341796875 0.0390625 0.048828125
0 0.47109375 0.4970703125 0.0390625 0.048828125
0 0.52421875 0.3427734375 0.0390625 0.048828125
0 0.60234375 0.7548828125 0.0390625 0.048828125
0 0.59609375 0.5439453125 0.0390625 0.048828125
0 0.62421875 0.5029296875 0.0390625 0.048828125
0 0.42890625 0.3251953125 0.0390625 0.048828125
0 0.44921875 0.7490234375 0.0390625 0.048828125
0 0.57265625 0.7958984375 0.0390625 0.048828125
0 0.31640625 0.5634765625 0.0390625 0.048828125
0 0.68515625 0.4912109375 0.0390625 0.048828125
0 0.40390625 0.4384765625 0.0390625 0.048828125
0 0.56328125 0.5146484375 0.0390625 0.048828125
0 0.27890625 0.4619140625 0.0390625 0.048828125
0 0.65546875 0.5322265625 0.0390625 0.048828125
0 0.50859375 0.6689453125 0.0390625 0.048828125
0 0.43359375 0.3974609375 0.0390625 0.048828125
0 0.44765625 0.6806640625 0.0390625 0.048828125
0 0.52734375 0.4150390625 0.0390625 0.048828125
0 0.25390625 0.5751953125 0.0390625 0.048828125
0 0.49140625 0.3115234375 0.0390625 0.048828125
0 0.37890625 0.5517578125 0.0390625 0.048828125
0 0.44453125 0.6103515625 0.0390625 0.048828125
0 0.53203125 0.4853515625 0.0390625 0.048828125
0 0.39609375 0.2939453125 0.0390625 0.048828125
0 0.56953125 0.6552734375 0.0390625 0.048828125
0 0.40078125 0.3662109375 0.0390625 0.048828125
0 0.63203125 0.7138671875 0.0390625 0.048828125
0 0.49609375 0.3837890625 0.0390625 0.048828125
0 0.68828125 0.5634765625 0.0390625 0.048828125
0 0.63046875 0.6455078125 0.0390625 0.048828125
0 0.45703125 0.2822265625 0.0390625 0.048828125
0 0.41796875 0.7216796875 0.0390625 0.048828125
0 0.56640625 0.5849609375 0.0390625 0.048828125
0 0.53828125 0.6279296875 0.0390625 0.048828125
0 0.32109375 0.6337890625 0.0390625 0.048828125
0 0.44140625 0.5400390625 0.0390625 0.048828125
0 0.54296875 0.8369140625 0.0390625 0.048828125
0 0.41484375 0.6513671875 0.0390625 0.048828125
0 0.53984375 0.6962890625 0.0390625 0.048828125
0 0.58984375 0.4013671875 0.0390625 0.048828125
0 0.68984375 0.6337890625 0.0390625 0.048828125
0 0.38515625 0.6923828125 0.0390625 0.048828125
0 0.50546875 0.5986328125 0.0390625 0.048828125
0 0.34921875 0.5927734375 0.0390625 0.048828125
0 0.54140625 0.7666015625 0.0390625 0.048828125
0 0.36640625 0.3369140625 0.0390625 0.048828125
0 0.46171875 0.3544921875 0.0390625 0.048828125
0 0.60078125 0.6865234375 0.0390625 0.048828125
0 0.47734375 0.6396484375 0.0390625 0.048828125
0 0.34140625 0.4501953125 0.0390625 0.048828125
0 0.71796875 0.5927734375 0.0390625 0.048828125
0 0.28671875 0.6044921875 0.0390625 0.048828125
0 0.50234375 0.5283203125 0.0390625 0.048828125
0 0.48203125 0.7783203125 0.0390625 0.048828125
0 0.21953125 0.5458984375 0.0390625 0.048828125
0 0.31328125 0.4931640625 0.0390625 0.048828125
0 0.37578125 0.4814453125 0.0390625 0.048828125
0 0.62109375 0.4326171875 0.0390625 0.048828125
0 0.62734375 0.5751953125 0.0390625 0.048828125
0 0.51328125 0.8076171875 0.0390625 0.048828125
