0 0.73359375 0.5478515625 0.0390625 0.048828125
0 0.69140625 0.4052734375 0.0390625 0.048828125
0 0.51640625 0.2548828125 0.0390625 0.048828125
0 0.38671875 0.4794921875 0.0390625 0.048828125
0 0.48046875 0.3525390625 0.0390625 0.048828125
0 0.44296875 0.4521484375 0.0390625 0.048828125
0 0.61796875 0.6064453125 0.0390625 0.048828125
0 0.75078125 0.3740234375 0.0390625 0.048828125
0 0.57734375 0.4638671875 0.0390625 0.048828125
0 0.80859375 0.3427734375 0.0390625 0.048828125
0 0.43984375 0.2158203125 0.0390625 0.048828125
0 0.53671875 0.3232421875 0.0390625 0.048828125
0 0.36796875 0.4111328125 0.0390625 0.048828125
0 0.59296875 0.2939453125 0.0390625 0.048828125
0 0.59765625 0.5341796875 0.0390625 0.048828125
0 0.65546875 0.5048828125 0.0390625 0.048828125
0 0.67578125 0.5771484375 0.0390625 0.048828125
0 0.48203125 0.5908203125 0.0390625 0.048828125
0 0.49453125 0.1845703125 0.0390625 0.048828125
0 0.46328125 0.5205078125 0.0390625 0.048828125
0 0.68984375 0.2841796875 0.0390625 0.048828125
0 0.71328125 0.4755859375 0.0390625 0.048828125
0 0.53984375 0.5634765625 0.0390625 0.048828125
0 0.63515625 0.4345703125 0.0390625 0.048828125
0 0.34765625 0.3427734375 0.0390625 0.048828125
0 0.78984375 0.3955078125 0.0390625 0.048828125
0 0.56015625 0.6337890625 0.0390625 0.048828125
0 0.42421875 0.3818359375 0.0390625 0.048828125
0 0.40546875 0.5498046875 0.0390625 0.048828125
0 0.57265625 0.2236328125 0.0390625 0.048828125
0 0.46015625 0.2841796875 0.0390625 0.048828125
0 0.31171875 0.4404296875 0.0390625 0.048828125
0 0.65078125 0.2626953125 0.0390625 0.048828125
0 0.40390625 0.3134765625 0.0390625 0.048828125
0 0.61328125 0.3642578125 0.0390625 0.048828125
0 0.71484375 0.5986328125 0.0390625 0.048828125
0 0.55703125 0.3935546875 0.0390625 0.048828125
0 0.72890625 0.3037109375 0.0390625 0.048828125
0 0.67109375 0.3330078125 0.0390625 0.048828125
0 0.69609375 0.6494140625 0.0390625 0.048828125
0 0.77109375 0.4462890625 0.0390625 0.048828125
0 0.63671875 0.6767578125 0.0390625 0.048828125
0 0.33046875 0.5087890625 0.0390625 0.048828125
0 0.71015625 0.3544921875 0.0390625 0.048828125
0 0.36484375 0.2939453125 0.0390625 0.048828125
0 0.61640625 0.4833984375 0.0390625 0.048828125
0 0.57578125 0.3427734375 0.0390625 0.048828125
0 0.50078125 0.4228515625 0.0390625 0.048828125
0 0.59765625 0.6552734375 0.0390625 0.048828125
0 0.38359375 0.2451171875 0.0390625 0.048828125
0 0.47734375 0.2353515625 0.0390625 0.048828125
0 0.59609375 0.4130859375 0.0390625 0.048828125
0 0.38515625 0.3623046875 0.0390625 0.048828125
0 0.34921875 0.4599609375 0.0390625 0.048828125
0 0.46171875 0.4033203125 0.0390625 0.048828125
0 0.61015625 0.2431640625 0.0390625 0.048828125
0 0.40078125 0.1962890625 0.0390625 0.048828125
0 0.42109375 0.2646484375 0.0390625 0.048828125
0 0.36796875 0.5302734375 0.0390625 0.048828125
0 0.67421875 0.4560546875 0.0390625 0.048828125
0 0.44140625 0.3330078125 0.0390625 0.048828125
0 0.75234375 0.4970703125 0.0390625 0.048828125
0 0.53828125 0.4423828125 0.0390625 0.048828125
0 0.53359375 0.2041015625 0.0390625 0.048828125
0 0.55859375 0.5126953125 0.0390625 0.048828125
0 0.67578125 0.7001953125 0.0390625 0.048828125
0 0.69453125 0.5263671875 0.0390625 0.048828125
0 0.42421875 0.5009765625 0.0390625 0.048828125
0 0.32890625 0.3916015625 0.0390625 0.048828125
0 0.63671875 0.5556640625 0.0390625 0.048828125
0 0.50078125 0.5419921875 0.0390625 0.048828125
0 0.49765625 0.3037109375 0.0390625 0.048828125
0 0.65234375 0.3837890625 0.0390625 0.048828125
0 0.76796875 0.3232421875 0.0390625 0.048828125
0 0.55390625 0.2744140625 0.0390625 0.048828125
0 0.57890625 0.5849609375 0.0390625 0.048828125
0 0.63203125 0.3134765625 0.0390625 0.048828125
0 0.65703125 0.6279296875 0.0390625 0.048828125
0 0.40546875 0.4306640625 0.0390625 0.048828125
0 0.52109375 0.6123046875 0.0390625 0.048828125
0 0.45703125 0.1669921875 0.0390625 0.048828125
0 0.51796875 0.3720703125 0.0390625 0.048828125
0 0.51953125 0.4931640625 0.0390625 0.048828125
0 0.73203125 0.4248046875 0.0390625 0.048828125
0 0.48203125 0.4716796875 0.0390625 0.048828125
0 0.29296875 0.4892578125 0.0390625 0.048828125
0 0.44453125 0.5712890625 0.0390625 0.048828125
0 0.41796875 0.1474609375 0.0390625 0.048828125
