0 0.55625 0.7138671875 0.040625 0.048828125
0 0.36015625 0.609375 0.0390625 0.05078125
0 0.4890625 0.3056640625 0.040625 0.048828125
0 0.3109375 0.5537109375 0.040625 0.048828125
0 0.46796875 0.8369140625 0.0390625 0.048828125
0 0.45078125 0.486328125 0.0390625 0.05078125
0 0.40234375 0.48828125 0.0390625 0.05078125
0 0.40859375 0.6064453125 0.0390625 0.048828125
0 0.59453125 0.5361328125 0.0390625 0.048828125
0 0.30703125 0.494140625 0.0390625 0.05078125
0 0.51015625 0.716796875 0.0390625 0.05078125
0 0.36640625 0.7265625 0.0390625 0.05078125
0 0.5484375 0.5380859375 0.040625 0.048828125
0 0.3515625 0.43359375 0.040625 0.05078125
0 0.5359375 0.302734375 0.040625 0.05078125
0 0.41171875 0.6640625 0.0421875 0.05078125
0 0.5984375 0.5947265625 0.040625 0.052734375
0 0.2625 0.556640625 0.040625 0.05078125
0 0.3453125 0.3154296875 0.040625 0.052734375
0 0.321875 0.7880859375 0.040625 0.052734375
0 0.49765625 0.4814453125 0.0390625 0.052734375
0 0.4921875 0.36328125 0.04375 0.05078125
0 0.31328125 0.6123046875 0.0390625 0.052734375
0 0.3703125 0.7861328125 0.040625 0.052734375
0 0.29296875 0.2587890625 0.0421875 0.048828125
0 0.340625 0.255859375 0.040625 0.05078125
0 0.303125 0.4365234375 0.040625 0.048828125
0 0.440625 0.3076171875 0.040625 0.048828125
0 0.453125 0.5439453125 0.040625 0.048828125
0 0.3640625 0.6669921875 0.040625 0.048828125
0 0.5546875 0.65625 0.040625 0.05078125
0 0.49453125 0.4228515625 0.0421875 0.048828125
0 0.51484375 0.833984375 0.0421875 0.05078125
0 0.53984375 0.3603515625 0.0390625 0.048828125
0 0.3890625 0.2509765625 0.040625 0.048828125
0 0.45859375 0.6611328125 0.0421875 0.048828125
0 0.45625 0.603515625 0.04375 0.05078125
0 0.34921875 0.3740234375 0.0390625 0.048828125
0 0.39296875 0.3115234375 0.0421875 0.052734375
0 0.58671875 0.357421875 0.0421875 0.05078125
0 0.26484375 0.6162109375 0.0390625 0.052734375
0 0.6015625 0.6513671875 0.040625 0.048828125
0 0.2734375 0.732421875 0.040625 0.05078125
0 0.60546875 0.7109375 0.0390625 0.05078125
0 0.25859375 0.4970703125 0.0390625 0.048828125
0 0.4171875 0.7822265625 0.040625 0.048828125
0 0.50625 0.6591796875 0.040625 0.048828125
0 0.5125 0.7763671875 0.040625 0.048828125
0 0.4203125 0.83984375 0.04375 0.05078125
0 0.6078125 0.7705078125 0.040625 0.052734375
0 0.3265625 0.8447265625 0.040625 0.048828125
0 0.584375 0.2978515625 0.040625 0.048828125
0 0.54609375 0.478515625 0.0390625 0.05078125
0 0.5 0.541015625 0.040625 0.05078125
0 0.446875 0.4267578125 0.040625 0.052734375
0 0.30078125 0.3759765625 0.0390625 0.048828125
0 0.55078125 0.5966796875 0.0421875 0.052734375
0 0.25390625 0.37890625 0.0421875 0.05078125
0 0.25546875 0.4404296875 0.0421875 0.052734375
0 0.4640625 0.779296875 0.040625 0.05078125
0 0.3984375 0.4306640625 0.040625 0.048828125
0 0.484375 0.2451171875 0.040625 0.048828125
0 0.4046875 0.548828125 0.040625 0.05078125
0 0.55859375 0.7724609375 0.0390625 0.052734375
0 0.275 0.791015625 0.040625 0.05078125
0 0.53359375 0.240234375 0.0390625 0.05078125
0 0.590625 0.41796875 0.040625 0.05078125
0 0.5921875 0.4755859375 0.040625 0.048828125
0 0.44453125 0.3681640625 0.0390625 0.048828125
0 0.31875 0.7294921875 0.04375 0.048828125
0 0.27734375 0.849609375 0.0390625 0.05078125
0 0.2453125 0.2607421875 0.040625 0.048828125
0 0.4359375 0.248046875 0.040625 0.05078125
0 0.296875 0.3173828125 0.040625 0.052734375
0 0.26875 0.6748046875 0.040625 0.048828125
0 0.3546875 0.4912109375 0.04375 0.048828125
0 0.5421875 0.4208984375 0.040625 0.048828125
0 0.39609375 0.37109375 0.0390625 0.05078125
0 0.46171875 0.7216796875 0.0390625 0.048828125
0 0.5625 0.83203125 0.040625 0.05078125
0 0.41484375 0.724609375 0.0390625 0.05078125
0 0.37265625 0.841796875 0.0390625 0.05078125
0 0.50390625 0.6005859375 0.0390625 0.052734375
0 0.58203125 0.2373046875 0.0390625 0.048828125
0 0.25 0.3193359375 0.040625 0.052734375
0 0.3578125 0.5517578125 0.040625 0.048828125
0 0.61171875 0.8291015625 0.0390625 0.048828125
0 0.31640625 0.6689453125 0.0421875 0.048828125
