0 0.6046875 0.6376953125 0.0625 0.056640625
0 0.8234375 0.5771484375 0.0625 0.056640625
0 0.7578125 0.373046875 0.0625 0.05859375
0 0.6890625 0.236328125 0.0625 0.05859375
0 0.3890625 0.4951171875 0.0625 0.056640625
0 0.6890625 0.16796875 0.0625 0.0546875
0 0.4703125 0.2275390625 0.0625 0.056640625
0 0.7609375 0.306640625 0.0625 0.05859375
0 0.5390625 0.431640625 0.0625 0.05859375
0 0.3203125 0.35546875 0.0625 0.05859375
0 0.45390625 0.7021484375 0.0609375 0.056640625
0 0.38203125 0.701171875 0.0609375 0.0546875
0 0.5296875 0.705078125 0.0625 0.05859375
0 0.38515625 0.630859375 0.0609375 0.0546875
0 0.6734375 0.7080078125 0.0625 0.056640625
0 0.5421875 0.2275390625 0.0625 0.056640625
0 0.8265625 0.509765625 0.0625 0.05859375
0 0.3203125 0.421875 0.0625 0.05859375
0 0.6078125 0.568359375 0.0625 0.05859375
0 0.6921875 0.099609375 0.0625 0.05859375
0 0.6796875 0.640625 0.0625 0.05859375
0 0.6109375 0.4345703125 0.0625 0.056640625
0 0.6078125 0.5009765625 0.0625 0.056640625
0 0.3234375 0.2880859375 0.0625 0.056640625
0 0.5390625 0.3642578125 0.0625 0.056640625
0 0.834375 0.2421875 0.059375 0.05859375
0 0.7546875 0.57421875 0.0625 0.05859375
0 0.4640625 0.427734375 0.0625 0.05859375
0 0.8203125 0.7841796875 0.0625 0.056640625
0 0.31328125 0.4921875 0.0609375 0.05859375
0 0.38515625 0.5625 0.0609375 0.05859375
0 0.8296875 0.3095703125 0.0625 0.056640625
0 0.4703125 0.158203125 0.0625 0.0546875
0 0.396875 0.224609375 0.059375 0.05859375
0 0.7515625 0.64453125 0.0625 0.05859375
0 0.5453125 0.16015625 0.0625 0.05859375
0 0.5296875 0.634765625 0.0625 0.05859375
0 0.6734375 0.7783203125 0.0625 0.056640625
0 0.7640625 0.1025390625 0.0625 0.056640625
0 0.6859375 0.3701171875 0.0625 0.056640625
0 0.5421875 0.296875 0.0625 0.05859375
0 0.4640625 0.4951171875 0.0625 0.056640625
0 0.45390625 0.7685546875 0.0609375 0.056640625
0 0.4015625 0.087890625 0.0625 0.05859375
0 0.6171875 0.1640625 0.0625 0.05859375
0 0.6109375 0.3671875 0.0625 0.05859375
0 0.7578125 0.4404296875 0.0625 0.056640625
0 0.7609375 0.236328125 0.0625 0.05859375
0 0.6859375 0.30078125 0.0625 0.05859375
0 0.3234375 0.21875 0.0625 0.05859375
0 0.4609375 0.5654296875 0.0625 0.056640625
0 0.30625 0.765625 0.0625 0.05859375
0 0.6203125 0.0966796875 0.0625 0.056640625
0 0.3921875 0.42578125 0.0625 0.0546875
0 0.45703125 0.634765625 0.0609375 0.05859375
0 0.6796875 0.57421875 0.0625 0.05859375
0 0.3953125 0.291015625 0.0625 0.05859375
0 0.8296875 0.443359375 0.0625 0.05859375
0 0.378125 0.7685546875 0.0625 0.056640625
0 0.4671875 0.291015625 0.0625 0.05859375
0 0.6828125 0.4375 0.0625 0.05859375
0 0.3984375 0.154296875 0.0625 0.05859375
0 0.8359375 0.1728515625 0.0625 0.056640625
0 0.52578125 0.775390625 0.0609375 0.05859375
0 0.7484375 0.7138671875 0.0625 0.056640625
0 0.4734375 0.0908203125 0.0625 0.056640625
0 0.8296875 0.375 0.0625 0.0546875
0 0.7640625 0.169921875 0.0625 0.05859375
0 0.6828125 0.50390625 0.0625 0.05859375
0 0.615625 0.2333984375 0.059375 0.056640625
0 0.5453125 0.09375 0.0625 0.05859375
0 0.8203125 0.7138671875 0.0625 0.056640625
0 0.6015625 0.7080078125 0.0625 0.056640625
0 0.7546875 0.5078125 0.0625 0.05859375
0 0.4671875 0.361328125 0.0625 0.05859375
0 0.3921875 0.3583984375 0.0625 0.056640625
0 0.30625 0.6953125 0.0625 0.05859375
0 0.7453125 0.78125 0.0625 0.05859375
0 0.5359375 0.568359375 0.0625 0.05859375
0 0.5359375 0.5009765625 0.0625 0.056640625
0 0.3265625 0.083984375 0.0625 0.05859375
0 0.83984375 0.10546875 0.0609375 0.05859375
0 0.6140625 0.30078125 0.0625 0.05859375
0 0.31015625 0.62890625 0.0609375 0.05859375
0 0.6015625 0.775390625 0.0625 0.05859375
0 0.8234375 0.6474609375 0.0625 0.056640625
0 0.31328125 0.55859375 0.0609375 0.05859375
0 0.3265625 0.1513671875 0.0625 0.056640625
