0 0.31328125 0.7080078125 0.0390625 0.048828125
0 0.21640625 0.5517578125 0.0390625 0.048828125
0 0.18671875 0.2197265625 0.0390625 0.048828125
0 0.32421875 0.3173828125 0.0390625 0.048828125
0 0.40390625 0.2529296875 0.0390625 0.048828125
0 0.17734375 0.6123046875 0.0390625 0.048828125
0 0.47734375 0.6318359375 0.0390625 0.048828125
0 0.27734375 0.2666015625 0.0390625 0.048828125
0 0.26640625 0.6572265625 0.0390625 0.048828125
0 0.41328125 0.3623046875 0.0390625 0.048828125
0 0.33359375 0.4267578125 0.0390625 0.048828125
0 0.28671875 0.3759765625 0.0390625 0.048828125
0 0.33828125 0.4814453125 0.0390625 0.048828125
0 0.31484375 0.2060546875 0.0390625 0.048828125
0 0.21015625 0.4951171875 0.0390625 0.048828125
0 0.44921875 0.3037109375 0.0390625 0.048828125
0 0.43515625 0.6357421875 0.0390625 0.048828125
0 0.43984375 0.6923828125 0.0390625 0.048828125
0 0.36640625 0.3115234375 0.0390625 0.048828125
0 0.35234375 0.6474609375 0.0390625 0.048828125
0 0.22421875 0.6630859375 0.0390625 0.048828125
0 0.20703125 0.4404296875 0.0390625 0.048828125
0 0.25859375 0.5458984375 0.0390625 0.048828125
0 0.43046875 0.5810546875 0.0390625 0.048828125
0 0.25390625 0.4912109375 0.0390625 0.048828125
0 0.26328125 0.6005859375 0.0390625 0.048828125
0 0.37578125 0.4208984375 0.0390625 0.048828125
0 0.38984375 0.5869140625 0.0390625 0.048828125
0 0.36171875 0.2568359375 0.0390625 0.048828125
0 0.30546875 0.5966796875 0.0390625 0.048828125
0 0.18515625 0.7236328125 0.0390625 0.048828125
0 0.42265625 0.4716796875 0.0390625 0.048828125
0 0.39765625 0.1982421875 0.0390625 0.048828125
0 0.32890625 0.3720703125 0.0390625 0.048828125
0 0.17265625 0.5556640625 0.0390625 0.048828125
0 0.40234375 0.7529296875 0.0390625 0.048828125
0 0.39765625 0.6962890625 0.0390625 0.048828125
0 0.38515625 0.5322265625 0.0390625 0.048828125
0 0.30078125 0.5419921875 0.0390625 0.048828125
0 0.43984375 0.1943359375 0.0390625 0.048828125
0 0.22890625 0.7177734375 0.0390625 0.048828125
0 0.14921875 0.2783203125 0.0390625 0.048828125
0 0.27578125 0.7685546875 0.0390625 0.048828125
0 0.19765625 0.3310546875 0.0390625 0.048828125
0 0.29609375 0.4853515625 0.0390625 0.048828125
0 0.21953125 0.6064453125 0.0390625 0.048828125
0 0.39453125 0.6416015625 0.0390625 0.048828125
0 0.31796875 0.7626953125 0.0390625 0.048828125
0 0.24453125 0.3798828125 0.0390625 0.048828125
0 0.16796875 0.5009765625 0.0390625 0.048828125
0 0.35546875 0.7021484375 0.0390625 0.048828125
0 0.24921875 0.4365234375 0.0390625 0.048828125
0 0.46796875 0.5224609375 0.0390625 0.048828125
0 0.23515625 0.2705078125 0.0390625 0.048828125
0 0.31015625 0.6513671875 0.0390625 0.048828125
0 0.48671875 0.7412109375 0.0390625 0.048828125
0 0.47265625 0.5771484375 0.0390625 0.048828125
0 0.42734375 0.5263671875 0.0390625 0.048828125
0 0.20234375 0.3857421875 0.0390625 0.048828125
0 0.37109375 0.3662109375 0.0390625 0.048828125
0 0.35703125 0.2021484375 0.0390625 0.048828125
0 0.40859375 0.3076171875 0.0390625 0.048828125
0 0.16328125 0.4462890625 0.0390625 0.048828125
0 0.48203125 0.6865234375 0.0390625 0.048828125
0 0.45390625 0.3583984375 0.0390625 0.048828125
0 0.46015625 0.4130859375 0.0390625 0.048828125
0 0.36015625 0.7568359375 0.0390625 0.048828125
0 0.15859375 0.3896484375 0.0390625 0.048828125
0 0.23984375 0.3251953125 0.0390625 0.048828125
0 0.44453125 0.2490234375 0.0390625 0.048828125
0 0.34765625 0.5908203125 0.0390625 0.048828125
0 0.44453125 0.7470703125 0.0390625 0.048828125
0 0.29140625 0.4306640625 0.0390625 0.048828125
0 0.14453125 0.2236328125 0.0390625 0.048828125
0 0.46328125 0.4677734375 0.0390625 0.048828125
0 0.15390625 0.3349609375 0.0390625 0.048828125
0 0.41796875 0.4169921875 0.0390625 0.048828125
0 0.34296875 0.5361328125 0.0390625 0.048828125
0 0.31953125 0.2607421875 0.0390625 0.048828125
0 0.23046875 0.2158203125 0.0390625 0.048828125
0 0.27265625 0.2099609375 0.0390625 0.048828125
0 0.18984375 0.7802734375 0.0390625 0.048828125
0 0.19296875 0.2744140625 0.0390625 0.048828125
0 0.38046875 0.4775390625 0.0390625 0.048828125
0 0.27109375 0.7119140625 0.0390625 0.048828125
0 0.18046875 0.6669921875 0.0390625 0.048828125
0 0.28203125 0.3212890625 0.0390625 0.048828125
0 0.23203125 0.7744140625 0.0390625 0.048828125
