0 0.51015625 0.6865234375 0.0390625 0.048828125
0 0.36328125 0.6396484375 0.0390625 0.048828125
0 0.40078125 0.4541015625 0.0390625 0.048828125
0 0.44296875 0.3291015625 0.0390625 0.048828125
0 0.64921875 0.5498046875 0.0390625 0.048828125
0 0.43984375 0.2685546875 0.0390625 0.048828125
0 0.58828125 0.3134765625 0.0390625 0.048828125
0 0.39765625 0.3935546875 0.0390625 0.048828125
0 0.54921875 0.4990234375 0.0390625 0.048828125
0 0.69140625 0.4228515625 0.0390625 0.048828125
0 0.61171875 0.7373046875 0.0390625 0.048828125
0 0.66015625 0.7333984375 0.0390625 0.048828125
0 0.56328125 0.7412109375 0.0390625 0.048828125
0 0.65703125 0.6708984375 0.0390625 0.048828125
0 0.46640625 0.7509765625 0.0390625 0.048828125
0 0.53984375 0.3173828125 0.0390625 0.048828125
0 0.36015625 0.5791015625 0.0390625 0.048828125
0 0.69453125 0.4833984375 0.0390625 0.048828125
0 0.50703125 0.6240234375 0.0390625 0.048828125
0 0.43671875 0.2080078125 0.0390625 0.048828125
0 0.46171875 0.6904296875 0.0390625 0.048828125
0 0.50078125 0.5029296875 0.0390625 0.048828125
0 0.50390625 0.5634765625 0.0390625 0.048828125
0 0.68828125 0.3623046875 0.0390625 0.048828125
0 0.54609375 0.4384765625 0.0390625 0.048828125
0 0.34609375 0.3388671875 0.0390625 0.048828125
0 0.41015625 0.6337890625 0.0390625 0.048828125
0 0.59765625 0.4931640625 0.0390625 0.048828125
0 0.37265625 0.8232421875 0.0390625 0.048828125
0 0.69921875 0.5439453125 0.0390625 0.048828125
0 0.65390625 0.6103515625 0.0390625 0.048828125
0 0.35078125 0.3994140625 0.0390625 0.048828125
0 0.58515625 0.2529296875 0.0390625 0.048828125
0 0.63671875 0.3076171875 0.0390625 0.048828125
0 0.41328125 0.6962890625 0.0390625 0.048828125
0 0.53515625 0.2568359375 0.0390625 0.048828125
0 0.56015625 0.6806640625 0.0390625 0.048828125
0 0.46953125 0.8134765625 0.0390625 0.048828125
0 0.38828125 0.2138671875 0.0390625 0.048828125
0 0.44921875 0.4482421875 0.0390625 0.048828125
0 0.54296875 0.3779296875 0.0390625 0.048828125
0 0.60078125 0.5537109375 0.0390625 0.048828125
0 0.61484375 0.7978515625 0.0390625 0.048828125
0 0.63046875 0.1865234375 0.0390625 0.048828125
0 0.48828125 0.2626953125 0.0390625 0.048828125
0 0.49765625 0.4443359375 0.0390625 0.048828125
0 0.40390625 0.5126953125 0.0390625 0.048828125
0 0.39453125 0.3330078125 0.0390625 0.048828125
0 0.44609375 0.3876953125 0.0390625 0.048828125
0 0.68515625 0.3017578125 0.0390625 0.048828125
0 0.60390625 0.6142578125 0.0390625 0.048828125
0 0.71328125 0.7900390625 0.0390625 0.048828125
0 0.48515625 0.2021484375 0.0390625 0.048828125
0 0.64609375 0.4892578125 0.0390625 0.048828125
0 0.60859375 0.6767578125 0.0390625 0.048828125
0 0.45859375 0.6298828125 0.0390625 0.048828125
0 0.63984375 0.3681640625 0.0390625 0.048828125
0 0.35546875 0.5185546875 0.0390625 0.048828125
0 0.66484375 0.7939453125 0.0390625 0.048828125
0 0.59140625 0.3720703125 0.0390625 0.048828125
0 0.45234375 0.5087890625 0.0390625 0.048828125
0 0.63359375 0.2470703125 0.0390625 0.048828125
0 0.34296875 0.2783203125 0.0390625 0.048828125
0 0.56640625 0.8037109375 0.0390625 0.048828125
0 0.41796875 0.7568359375 0.0390625 0.048828125
0 0.58203125 0.1923828125 0.0390625 0.048828125
0 0.35390625 0.4580078125 0.0390625 0.048828125
0 0.39140625 0.2724609375 0.0390625 0.048828125
0 0.45546875 0.5693359375 0.0390625 0.048828125
0 0.49140625 0.3232421875 0.0390625 0.048828125
0 0.53359375 0.1962890625 0.0390625 0.048828125
0 0.36953125 0.7607421875 0.0390625 0.048828125
0 0.51484375 0.7470703125 0.0390625 0.048828125
0 0.40703125 0.5732421875 0.0390625 0.048828125
0 0.59453125 0.4326171875 0.0390625 0.048828125
0 0.64296875 0.4287109375 0.0390625 0.048828125
0 0.71015625 0.7275390625 0.0390625 0.048828125
0 0.42109375 0.8173828125 0.0390625 0.048828125
0 0.55546875 0.6201171875 0.0390625 0.048828125
0 0.55234375 0.5595703125 0.0390625 0.048828125
0 0.67890625 0.1806640625 0.0390625 0.048828125
0 0.33984375 0.2177734375 0.0390625 0.048828125
0 0.49453125 0.3837890625 0.0390625 0.048828125
0 0.70546875 0.6669921875 0.0390625 0.048828125
0 0.51796875 0.8076171875 0.0390625 0.048828125
0 0.36484375 0.7001953125 0.0390625 0.048828125
0 0.70234375 0.6044921875 0.0390625 0.048828125
0 0.68203125 0.2412109375 0.0390625 0.048828125
