0 0.58671875 0.6865234375 0.0484375 0.072265625
0 0.58046875 0.5205078125 0.0484375 0.072265625
0 0.52890625 0.4365234375 0.0484375 0.072265625
0 0.62421875 0.267578125 0.0484375 0.0703125
0 0.73515625 0.6103515625 0.0484375 0.072265625
0 0.74140625 0.779296875 0.0484375 0.0703125
0 0.63828125 0.7734375 0.0484375 0.0703125
0 0.78515625 0.5263671875 0.0484375 0.072265625
0 0.57890625 0.4365234375 0.0484375 0.072265625
0 0.59140625 0.8544921875 0.0484375 0.072265625
0 0.48046875 0.4345703125 0.0484375 0.072265625
0 0.53203125 0.517578125 0.0484375 0.0703125
0 0.7796875 0.3544921875 0.046875 0.072265625
0 0.83046875 0.2705078125 0.0484375 0.072265625
0 0.83359375 0.4404296875 0.0484375 0.072265625
0 0.73359375 0.5234375 0.0484375 0.0703125
0 0.49296875 0.8486328125 0.0484375 0.072265625
0 0.73203125 0.4404296875 0.0484375 0.072265625
0 0.89921875 0.87109375 0.0484375 0.0703125
0 0.83515625 0.5263671875 0.0484375 0.072265625
0 0.77734375 0.2705078125 0.0484375 0.072265625
0 0.62890625 0.4365234375 0.0484375 0.072265625
0 0.62734375 0.3544921875 0.0484375 0.072265625
0 0.78984375 0.6962890625 0.0484375 0.072265625
0 0.67890625 0.4365234375 0.0484375 0.072265625
0 0.54140625 0.8505859375 0.0484375 0.072265625
0 0.88984375 0.529296875 0.0484375 0.0703125
0 0.88203125 0.2705078125 0.0484375 0.072265625
0 0.84140625 0.6982421875 0.0484375 0.072265625
0 0.63046875 0.5205078125 0.0484375 0.072265625
0 0.5765625 0.3544921875 0.046875 0.072265625
0 0.63671875 0.6904296875 0.0484375 0.072265625
0 0.53359375 0.6005859375 0.0484375 0.072265625
0 0.84296875 0.7822265625 0.0484375 0.072265625
0 0.57421875 0.267578125 0.0484375 0.0703125
0 0.68515625 0.6064453125 0.0484375 0.072265625
0 0.68671875 0.6904296875 0.0484375 0.072265625
0 0.78203125 0.4404296875 0.0484375 0.072265625
0 0.9421875 0.529296875 0.046875 0.0703125
0 0.79296875 0.7822265625 0.0484375 0.072265625
0 0.89765625 0.78515625 0.0484375 0.0703125
0 0.58359375 0.6044921875 0.0484375 0.072265625
0 0.78671875 0.6103515625 0.0484375 0.072265625
0 0.64296875 0.8564453125 0.0484375 0.072265625
0 0.72734375 0.3544921875 0.0484375 0.072265625
0 0.93828125 0.3564453125 0.0484375 0.072265625
0 0.69296875 0.8603515625 0.0484375 0.072265625
0 0.48984375 0.7646484375 0.0484375 0.072265625
0 0.89140625 0.6123046875 0.0484375 0.072265625
0 0.72578125 0.2705078125 0.0484375 0.072265625
0 0.73671875 0.6923828125 0.0484375 0.072265625
0 0.52421875 0.267578125 0.0484375 0.0703125
0 0.83984375 0.6123046875 0.0484375 0.072265625
0 0.52578125 0.3505859375 0.0484375 0.072265625
0 0.79453125 0.865234375 0.0484375 0.0703125
0 0.83203125 0.3544921875 0.0484375 0.072265625
0 0.63515625 0.6064453125 0.0484375 0.072265625
0 0.88671875 0.4423828125 0.0484375 0.072265625
0 0.58828125 0.7705078125 0.0484375 0.072265625
0 0.74296875 0.8623046875 0.0484375 0.072265625
0 0.48515625 0.6005859375 0.0484375 0.072265625
0 0.68359375 0.5234375 0.0484375 0.0703125
0 0.48203125 0.517578125 0.0484375 0.0703125
0 0.84765625 0.8681640625 0.0484375 0.072265625
0 0.48828125 0.6845703125 0.0484375 0.072265625
0 0.67578125 0.2705078125 0.0484375 0.072265625
0 0.5359375 0.6845703125 0.046875 0.072265625
0 0.67734375 0.3544921875 0.0484375 0.072265625
0 0.68828125 0.7763671875 0.0484375 0.072265625
0 0.94609375 0.615234375 0.0484375 0.0703125
0 0.93671875 0.2705078125 0.0484375 0.072265625
0 0.88359375 0.3564453125 0.0484375 0.072265625
0 0.94921875 0.7880859375 0.0484375 0.072265625
0 0.89453125 0.6982421875 0.0484375 0.072265625
0 0.93984375 0.4423828125 0.0484375 0.072265625
0 0.95390625 0.8740234375 0.0484375 0.072265625
0 0.47421875 0.267578125 0.0484375 0.0703125
0 0.53984375 0.767578125 0.0484375 0.0703125
0 0.47734375 0.3505859375 0.0484375 0.072265625
0 0.94765625 0.7021484375 0.0484375 0.072265625
0 0.98984375 0.2724609375 0.0203125 0.068359375
0 0.9921875 0.3564453125 0.015625 0.072265625
