0 0.57890625 0.3291015625 0.0390625 0.048828125
0 0.45234375 0.7294921875 0.0390625 0.048828125
0 0.51484375 0.3291015625 0.0390625 0.048828125
0 0.51640625 0.7314453125 0.0390625 0.048828125
0 0.57890625 0.2490234375 0.0390625 0.048828125
0 0.41953125 0.6884765625 0.0390625 0.048828125
0 0.64296875 0.3310546875 0.0390625 0.048828125
0 0.51484375 0.2470703125 0.0390625 0.048828125
0 0.61015625 0.1279296875 0.0390625 0.048828125
0 0.51484375 0.1669921875 0.0390625 0.048828125
0 0.38671875 0.3271484375 0.0390625 0.048828125
0 0.73984375 0.3720703125 0.0390625 0.048828125
0 0.57890625 0.4091796875 0.0390625 0.048828125
0 0.73984375 0.2900390625 0.0390625 0.048828125
0 0.67578125 0.4501953125 0.0390625 0.048828125
0 0.38671875 0.4072265625 0.0390625 0.048828125
0 0.64296875 0.4111328125 0.0390625 0.048828125
0 0.64296875 0.2490234375 0.0390625 0.048828125
0 0.73984375 0.4521484375 0.0390625 0.048828125
0 0.61171875 0.6103515625 0.0390625 0.048828125
0 0.54609375 0.1259765625 0.0390625 0.048828125
0 0.45078125 0.3291015625 0.0390625 0.048828125
0 0.57890625 0.1669921875 0.0390625 0.048828125
0 0.32265625 0.4072265625 0.0390625 0.048828125
0 0.35390625 0.4482421875 0.0390625 0.048828125
0 0.51484375 0.4091796875 0.0390625 0.048828125
0 0.67421875 0.3701171875 0.0390625 0.048828125
0 0.67578125 0.5322265625 0.0390625 0.048828125
0 0.45078125 0.5693359375 0.0390625 0.048828125
0 0.28984375 0.5263671875 0.0390625 0.048828125
0 0.54765625 0.6103515625 0.0390625 0.048828125
0 0.61015625 0.3701171875 0.0390625 0.048828125
0 0.51484375 0.4892578125 0.0390625 0.048828125
0 0.48359375 0.6103515625 0.0390625 0.048828125
0 0.57890625 0.4892578125 0.0390625 0.048828125
0 0.45078125 0.4091796875 0.0390625 0.048828125
0 0.54609375 0.3701171875 0.0390625 0.048828125
0 0.48359375 0.6904296875 0.0390625 0.048828125
0 0.35546875 0.5283203125 0.0390625 0.048828125
0 0.57890625 0.6513671875 0.0390625 0.048828125
0 0.54765625 0.5302734375 0.0390625 0.048828125
0 0.64296875 0.1689453125 0.0390625 0.048828125
0 0.54609375 0.2080078125 0.0390625 0.048828125
0 0.70703125 0.3310546875 0.0390625 0.048828125
0 0.32265625 0.4873046875 0.0390625 0.048828125
0 0.45078125 0.6494140625 0.0390625 0.048828125
0 0.61171875 0.2080078125 0.0390625 0.048828125
0 0.45078125 0.4892578125 0.0390625 0.048828125
0 0.61171875 0.5302734375 0.0390625 0.048828125
0 0.48203125 0.2080078125 0.0390625 0.048828125
0 0.77109375 0.4111328125 0.0390625 0.048828125
0 0.45078125 0.2470703125 0.0390625 0.048828125
0 0.38671875 0.5673828125 0.0390625 0.048828125
0 0.48203125 0.2880859375 0.0390625 0.048828125
0 0.51484375 0.5693359375 0.0390625 0.048828125
0 0.67578125 0.2900390625 0.0390625 0.048828125
0 0.61015625 0.4501953125 0.0390625 0.048828125
0 0.70703125 0.4111328125 0.0390625 0.048828125
0 0.48203125 0.5283203125 0.0390625 0.048828125
0 0.54765625 0.6904296875 0.0390625 0.048828125
0 0.51484375 0.6494140625 0.0390625 0.048828125
0 0.48359375 0.7705078125 0.0390625 0.048828125
0 0.77109375 0.3310546875 0.0390625 0.048828125
0 0.41953125 0.6083984375 0.0390625 0.048828125
0 0.41796875 0.2861328125 0.0390625 0.048828125
0 0.38671875 0.6494140625 0.0390625 0.048828125
0 0.67578125 0.2099609375 0.0390625 0.048828125
0 0.38671875 0.4873046875 0.0390625 0.048828125
0 0.80390625 0.3720703125 0.0390625 0.048828125
0 0.25703125 0.4873046875 0.0390625 0.048828125
0 0.28984375 0.4462890625 0.0390625 0.048828125
0 0.70703125 0.2490234375 0.0390625 0.048828125
0 0.70703125 0.4912109375 0.0390625 0.048828125
0 0.48203125 0.3681640625 0.0390625 0.048828125
0 0.54609375 0.4501953125 0.0390625 0.048828125
0 0.35546875 0.6083984375 0.0390625 0.048828125
0 0.57890625 0.5693359375 0.0390625 0.048828125
0 0.35390625 0.3662109375 0.0390625 0.048828125
0 0.32265625 0.5673828125 0.0390625 0.048828125
0 0.54609375 0.2880859375 0.0390625 0.048828125
0 0.64296875 0.4912109375 0.0390625 0.048828125
0 0.48203125 0.4482421875 0.0390625 0.048828125
0 0.61015625 0.2880859375 0.0390625 0.048828125
0 0.41953125 0.5283203125 0.0390625 0.048828125
0 0.41796875 0.3681640625 0.0390625 0.048828125
0 0.64296875 0.5712890625 0.0390625 0.048828125
0 0.57890625 0.0869140625 0.0390625 0.048828125
0 0.41953125 0.4482421875 0.0390625 0.048828125
