0 0.63515625 0.4169921875 0.0390625 0.048828125
0 0.58984375 0.6337890625 0.0390625 0.048828125
0 0.76953125 0.4287109375 0.0390625 0.048828125
0 0.440625 0.5244140625 0.040625 0.044921875
0 0.521875 0.5 0.040625 0.046875
0 0.55390625 0.4404296875 0.0390625 0.048828125
0 0.68671875 0.4541015625 0.0390625 0.048828125
0 0.48125 0.5126953125 0.0375 0.044921875
0 0.61640625 0.318359375 0.0390625 0.046875
0 0.6578125 0.306640625 0.040625 0.046875
0 0.44296875 0.3203125 0.0390625 0.046875
0 0.56328125 0.4892578125 0.0390625 0.048828125
0 0.52421875 0.294921875 0.0390625 0.046875
0 0.6546875 0.5146484375 0.0375 0.048828125
0 0.69921875 0.29296875 0.0390625 0.046875
0 0.75078125 0.3291015625 0.0390625 0.048828125
0 0.5125 0.4521484375 0.040625 0.048828125
0 0.53359375 0.3447265625 0.0390625 0.044921875
0 0.728125 0.4423828125 0.040625 0.048828125
0 0.503125 0.404296875 0.040625 0.046875
0 0.40078125 0.33203125 0.0390625 0.046875
0 0.74140625 0.2802734375 0.0390625 0.044921875
0 0.41953125 0.4287109375 0.0390625 0.048828125
0 0.6671875 0.3544921875 0.040625 0.048828125
0 0.45625 0.619140625 0.0375 0.046875
0 0.78671875 0.525390625 0.0390625 0.046875
0 0.47109375 0.46484375 0.0390625 0.046875
0 0.4828125 0.3076171875 0.0375 0.044921875
0 0.778125 0.478515625 0.0375 0.046875
0 0.38984375 0.4892578125 0.0390625 0.048828125
0 0.57109375 0.537109375 0.0390625 0.046875
0 0.69609375 0.5029296875 0.0390625 0.048828125
0 0.45234375 0.3681640625 0.0390625 0.048828125
0 0.7375 0.490234375 0.040625 0.046875
0 0.50703125 0.6552734375 0.0390625 0.048828125
0 0.48984375 0.5595703125 0.0390625 0.048828125
0 0.565625 0.2822265625 0.040625 0.044921875
0 0.6046875 0.4775390625 0.0375 0.048828125
0 0.53046875 0.5478515625 0.0390625 0.048828125
0 0.49453125 0.3564453125 0.0390625 0.044921875
0 0.64453125 0.4658203125 0.0390625 0.048828125
0 0.4484375 0.572265625 0.040625 0.046875
0 0.41015625 0.3798828125 0.0390625 0.048828125
0 0.61484375 0.525390625 0.0390625 0.046875
0 0.359375 0.3427734375 0.040625 0.048828125
0 0.62734375 0.3662109375 0.0390625 0.048828125
0 0.71328125 0.5986328125 0.0390625 0.048828125
0 0.71875 0.3916015625 0.040625 0.048828125
0 0.79453125 0.576171875 0.0390625 0.046875
0 0.540625 0.5966796875 0.040625 0.048828125
0 0.38046875 0.4404296875 0.0390625 0.048828125
0 0.7046875 0.5498046875 0.0375 0.044921875
0 0.63046875 0.6220703125 0.0390625 0.048828125
0 0.70859375 0.3427734375 0.0390625 0.048828125
0 0.67109375 0.609375 0.0390625 0.046875
0 0.646875 0.2568359375 0.040625 0.044921875
0 0.4296875 0.4765625 0.0375 0.046875
0 0.575 0.3310546875 0.040625 0.044921875
0 0.753125 0.587890625 0.0375 0.046875
0 0.81875 0.4658203125 0.040625 0.048828125
0 0.41640625 0.630859375 0.0390625 0.046875
0 0.8015625 0.3662109375 0.040625 0.048828125
0 0.396875 0.5341796875 0.040625 0.048828125
0 0.621875 0.5732421875 0.040625 0.048828125
0 0.584375 0.3798828125 0.040625 0.048828125
0 0.7921875 0.318359375 0.040625 0.046875
0 0.73203125 0.2314453125 0.0390625 0.044921875
0 0.5484375 0.6455078125 0.040625 0.048828125
0 0.4671875 0.6669921875 0.040625 0.044921875
0 0.78125 0.267578125 0.0375 0.046875
0 0.49921875 0.607421875 0.0390625 0.046875
0 0.76015625 0.3798828125 0.0390625 0.048828125
0 0.66328125 0.5625 0.0390625 0.046875
0 0.3703125 0.3916015625 0.0375 0.048828125
0 0.4078125 0.5830078125 0.0375 0.048828125
0 0.58046875 0.5849609375 0.0390625 0.048828125
0 0.54375 0.3916015625 0.0375 0.048828125
0 0.74453125 0.5380859375 0.0390625 0.044921875
0 0.8109375 0.4169921875 0.040625 0.048828125
0 0.59375 0.4287109375 0.040625 0.048828125
0 0.8296875 0.5146484375 0.0375 0.048828125
0 0.60703125 0.2705078125 0.0390625 0.048828125
0 0.46171875 0.416015625 0.0390625 0.046875
0 0.67734375 0.4033203125 0.0390625 0.048828125
0 0.8375 0.5654296875 0.040625 0.048828125
0 0.7703125 0.2177734375 0.0375 0.044921875
0 0.4234375 0.677734375 0.040625 0.046875
0 0.68984375 0.24609375 0.0390625 0.046875
