0 0.503125 0.58203125 0.06875 0.0625
0 0.503125 0.658203125 0.06875 0.0625
0 0.5734375 0.6552734375 0.06875 0.060546875
0 0.29453125 0.5185546875 0.0671875 0.060546875
0 0.2265625 0.5947265625 0.06875 0.060546875
0 0.503125 0.4296875 0.06875 0.0625
0 0.503125 0.126953125 0.06875 0.0625
0 0.503125 0.734375 0.06875 0.0625
0 0.36484375 0.4365234375 0.0671875 0.060546875
0 0.36484375 0.0634765625 0.0671875 0.060546875
0 0.64375 0.5009765625 0.06875 0.060546875
0 0.64375 0.041015625 0.06875 0.0625
0 0.64375 0.5771484375 0.06875 0.060546875
0 0.29453125 0.4423828125 0.0671875 0.060546875
0 0.4328125 0.3583984375 0.06875 0.060546875
0 0.4328125 0.6630859375 0.06875 0.060546875
0 0.15625 0.5986328125 0.06875 0.060546875
0 0.503125 0.203125 0.06875 0.0625
0 0.4328125 0.5107421875 0.06875 0.060546875
0 0.36484375 0.36328125 0.0671875 0.0625
0 0.4328125 0.2080078125 0.06875 0.060546875
0 0.503125 0.279296875 0.06875 0.0625
0 0.64375 0.6533203125 0.06875 0.060546875
0 0.2265625 0.220703125 0.06875 0.0625
0 0.36484375 0.5126953125 0.0671875 0.060546875
0 0.5734375 0.5029296875 0.06875 0.060546875
0 0.29453125 0.2177734375 0.0671875 0.060546875
0 0.5734375 0.1982421875 0.06875 0.060546875
0 0.5734375 0.5791015625 0.06875 0.060546875
0 0.5734375 0.1220703125 0.06875 0.060546875
0 0.36484375 0.1376953125 0.0671875 0.060546875
0 0.29453125 0.1416015625 0.0671875 0.060546875
0 0.29453125 0.591796875 0.0671875 0.0625
0 0.36171875 0.8154296875 0.0671875 0.060546875
0 0.2265625 0.1474609375 0.06875 0.060546875
0 0.2265625 0.4443359375 0.06875 0.060546875
0 0.5734375 0.7314453125 0.06875 0.060546875
0 0.22421875 0.6708984375 0.0671875 0.060546875
0 0.64375 0.345703125 0.06875 0.0625
0 0.4328125 0.2841796875 0.06875 0.060546875
0 0.5734375 0.2744140625 0.06875 0.060546875
0 0.15859375 0.2255859375 0.0671875 0.060546875
0 0.4328125 0.05859375 0.06875 0.0625
0 0.4328125 0.4345703125 0.06875 0.060546875
0 0.15625 0.7490234375 0.06875 0.060546875
0 0.5734375 0.0458984375 0.06875 0.060546875
0 0.15859375 0.5224609375 0.0671875 0.060546875
0 0.503125 0.505859375 0.06875 0.0625
0 0.36171875 0.5888671875 0.0671875 0.060546875
0 0.4328125 0.8125 0.06875 0.0625
0 0.64375 0.8056640625 0.06875 0.060546875
0 0.29453125 0.2919921875 0.0671875 0.060546875
0 0.64375 0.7294921875 0.06875 0.060546875
0 0.503125 0.35546875 0.06875 0.0625
0 0.2265625 0.5205078125 0.06875 0.060546875
0 0.503125 0.8125 0.06875 0.0625
0 0.22421875 0.7470703125 0.0671875 0.060546875
0 0.36171875 0.6650390625 0.0671875 0.060546875
0 0.5734375 0.3505859375 0.06875 0.060546875
0 0.29453125 0.0654296875 0.0671875 0.060546875
0 0.15625 0.6728515625 0.06875 0.060546875
0 0.2265625 0.296875 0.06875 0.0625
0 0.64375 0.193359375 0.06875 0.0625
0 0.15859375 0.078125 0.0671875 0.0625
0 0.4328125 0.7392578125 0.06875 0.060546875
0 0.22421875 0.8203125 0.0671875 0.0625
0 0.2265625 0.3701171875 0.06875 0.060546875
0 0.36484375 0.2138671875 0.0671875 0.060546875
0 0.15859375 0.3759765625 0.0671875 0.060546875
0 0.15859375 0.44921875 0.0671875 0.0625
0 0.15859375 0.2998046875 0.0671875 0.060546875
0 0.29453125 0.744140625 0.0671875 0.0625
0 0.503125 0.0537109375 0.06875 0.060546875
0 0.15859375 0.15234375 0.0671875 0.0625
0 0.29140625 0.8173828125 0.0671875 0.060546875
0 0.4328125 0.5869140625 0.06875 0.060546875
0 0.29453125 0.66796875 0.0671875 0.0625
0 0.5734375 0.4267578125 0.06875 0.060546875
0 0.64375 0.1171875 0.06875 0.0625
0 0.29453125 0.3681640625 0.0671875 0.060546875
0 0.5734375 0.810546875 0.06875 0.0625
0 0.2265625 0.0732421875 0.06875 0.060546875
0 0.15390625 0.8232421875 0.0671875 0.060546875
0 0.4328125 0.1318359375 0.06875 0.060546875
0 0.64375 0.421875 0.06875 0.0625
0 0.36171875 0.7412109375 0.0671875 0.060546875
0 0.36484375 0.287109375 0.0671875 0.0625
0 0.64375 0.26953125 0.06875 0.0625
