0 0.63515625 0.3798828125 0.0546875 0.052734375
0 0.6765625 0.5751953125 0.053125 0.052734375
0 0.475 0.7529296875 0.053125 0.052734375
0 0.8796875 0.3994140625 0.053125 0.052734375
0 0.71875 0.76953125 0.053125 0.0546875
0 0.5046875 0.4365234375 0.05625 0.052734375
0 0.646875 0.2529296875 0.053125 0.052734375
0 0.5171875 0.3076171875 0.053125 0.056640625
0 0.4296875 0.5576171875 0.053125 0.052734375
0 0.80625 0.521484375 0.053125 0.0546875
0 0.778125 0.7724609375 0.053125 0.052734375
0 0.4609375 0.876953125 0.053125 0.0546875
0 0.41875 0.6845703125 0.053125 0.052734375
0 0.5484375 0.630859375 0.053125 0.0546875
0 0.725 0.705078125 0.053125 0.0546875
0 0.7609375 0.326171875 0.053125 0.0546875
0 0.73046875 0.642578125 0.0546875 0.0546875
0 0.6828125 0.5126953125 0.053125 0.052734375
0 0.8265625 0.3291015625 0.053125 0.052734375
0 0.6890625 0.4482421875 0.053125 0.056640625
0 0.590625 0.8232421875 0.053125 0.052734375
0 0.75 0.453125 0.053125 0.0546875
0 0.7375 0.580078125 0.05625 0.0546875
0 0.7046875 0.89453125 0.053125 0.0546875
0 0.66328125 0.7021484375 0.0546875 0.052734375
0 0.775 0.837890625 0.053125 0.0546875
0 0.8484375 0.712890625 0.053125 0.0546875
0 0.509375 0.37109375 0.053125 0.0546875
0 0.5375 0.755859375 0.053125 0.0546875
0 0.609375 0.6337890625 0.053125 0.052734375
0 0.48125 0.6875 0.053125 0.0546875
0 0.6515625 0.8291015625 0.053125 0.052734375
0 0.696875 0.3857421875 0.053125 0.052734375
0 0.44375 0.4306640625 0.053125 0.052734375
0 0.7078125 0.2578125 0.053125 0.0546875
0 0.79375 0.6474609375 0.05625 0.056640625
0 0.62109375 0.5068359375 0.0546875 0.052734375
0 0.603125 0.6962890625 0.05625 0.052734375
0 0.553125 0.56640625 0.053125 0.0546875
0 0.5984375 0.76171875 0.053125 0.0546875
0 0.4921875 0.5634765625 0.053125 0.052734375
0 0.8546875 0.6513671875 0.053125 0.052734375
0 0.8125 0.4580078125 0.053125 0.056640625
0 0.453125 0.3037109375 0.053125 0.052734375
0 0.640625 0.3154296875 0.053125 0.056640625
0 0.7671875 0.8984375 0.053125 0.0546875
0 0.890625 0.2724609375 0.053125 0.052734375
0 0.86875 0.5244140625 0.053125 0.052734375
0 0.834375 0.8408203125 0.053125 0.052734375
0 0.49765625 0.498046875 0.0546875 0.0546875
0 0.75625 0.3916015625 0.053125 0.052734375
0 0.4578125 0.23828125 0.053125 0.0546875
0 0.7984375 0.5859375 0.053125 0.0546875
0 0.425 0.623046875 0.053125 0.0546875
0 0.5234375 0.8818359375 0.053125 0.056640625
0 0.8875 0.3349609375 0.053125 0.052734375
0 0.6265625 0.4443359375 0.053125 0.052734375
0 0.64375 0.8896484375 0.053125 0.056640625
0 0.4671875 0.8154296875 0.053125 0.052734375
0 0.57890625 0.3115234375 0.0546875 0.052734375
0 0.5828125 0.2470703125 0.05625 0.052734375
0 0.5234375 0.2412109375 0.053125 0.052734375
0 0.4359375 0.4951171875 0.053125 0.056640625
0 0.5421875 0.693359375 0.053125 0.0546875
0 0.5625 0.50390625 0.053125 0.0546875
0 0.4078125 0.8125 0.053125 0.0546875
0 0.4484375 0.365234375 0.05625 0.0546875
0 0.7 0.3203125 0.053125 0.0546875
0 0.56484375 0.4423828125 0.0546875 0.052734375
0 0.840625 0.7783203125 0.053125 0.052734375
0 0.4859375 0.6259765625 0.053125 0.052734375
0 0.74453125 0.515625 0.0546875 0.0546875
0 0.7703125 0.263671875 0.053125 0.0546875
0 0.528125 0.8203125 0.053125 0.0546875
0 0.5703125 0.376953125 0.053125 0.0546875
0 0.671875 0.6396484375 0.053125 0.052734375
0 0.8171875 0.3935546875 0.053125 0.052734375
0 0.659375 0.763671875 0.05625 0.0546875
0 0.82890625 0.90234375 0.0546875 0.0546875
0 0.83125 0.2666015625 0.053125 0.052734375
0 0.584375 0.8857421875 0.053125 0.052734375
0 0.859375 0.5888671875 0.053125 0.052734375
0 0.7140625 0.83203125 0.053125 0.0546875
0 0.78671875 0.7099609375 0.0546875 0.052734375
0 0.615625 0.572265625 0.053125 0.0546875
0 0.39921875 0.8740234375 0.0546875 0.052734375
0 0.8734375 0.4619140625 0.053125 0.052734375
0 0.4109375 0.7470703125 0.053125 0.052734375
