0 0.29921875 0.5654296875 0.0390625 0.048828125
0 0.50234375 0.4873046875 0.0390625 0.048828125
0 0.46484375 0.5341796875 0.0390625 0.048828125
0 0.54140625 0.4404296875 0.0390625 0.048828125
0 0.38671875 0.6298828125 0.0390625 0.048828125
0 0.28671875 0.2998046875 0.0390625 0.048828125
0 0.59921875 0.7099609375 0.0390625 0.048828125
0 0.42578125 0.5810546875 0.0390625 0.048828125
0 0.33828125 0.5166015625 0.0390625 0.048828125
0 0.25078125 0.4521484375 0.0390625 0.048828125
0 0.53515625 0.3369140625 0.0390625 0.048828125
0 0.42265625 0.5283203125 0.0390625 0.048828125
0 0.57734375 0.3935546875 0.0390625 0.048828125
0 0.63359375 0.6083984375 0.0390625 0.048828125
0 0.47109375 0.6396484375 0.0390625 0.048828125
0 0.59609375 0.6552734375 0.0390625 0.048828125
0 0.51484375 0.6982421875 0.0390625 0.048828125
0 0.34609375 0.6787109375 0.0390625 0.048828125
0 0.45546875 0.3759765625 0.0390625 0.048828125
0 0.37890625 0.4697265625 0.0390625 0.048828125
0 0.33046875 0.3583984375 0.0390625 0.048828125
0 0.21015625 0.5009765625 0.0390625 0.048828125
0 0.24609375 0.3466796875 0.0390625 0.048828125
0 0.21484375 0.6083984375 0.0390625 0.048828125
0 0.50859375 0.5927734375 0.0390625 0.048828125
0 0.36953125 0.3134765625 0.0390625 0.048828125
0 0.30078125 0.6201171875 0.0390625 0.048828125
0 0.46171875 0.4814453125 0.0390625 0.048828125
0 0.54765625 0.5439453125 0.0390625 0.048828125
0 0.62578125 0.5029296875 0.0390625 0.048828125
0 0.29140625 0.4052734375 0.0390625 0.048828125
0 0.33359375 0.4111328125 0.0390625 0.048828125
0 0.49453125 0.3310546875 0.0390625 0.048828125
0 0.62265625 0.4521484375 0.0390625 0.048828125
0 0.50078125 0.4345703125 0.0390625 0.048828125
0 0.33671875 0.4638671875 0.0390625 0.048828125
0 0.45859375 0.4287109375 0.0390625 0.048828125
0 0.63671875 0.6611328125 0.0390625 0.048828125
0 0.38359375 0.5751953125 0.0390625 0.048828125
0 0.58515625 0.4970703125 0.0390625 0.048828125
0 0.43046875 0.6884765625 0.0390625 0.048828125
0 0.55078125 0.5966796875 0.0390625 0.048828125
0 0.58828125 0.5498046875 0.0390625 0.048828125
0 0.21328125 0.5556640625 0.0390625 0.048828125
0 0.30390625 0.6728515625 0.0390625 0.048828125
0 0.53828125 0.3876953125 0.0390625 0.048828125
0 0.41796875 0.4228515625 0.0390625 0.048828125
0 0.51171875 0.6455078125 0.0390625 0.048828125
0 0.37578125 0.4169921875 0.0390625 0.048828125
0 0.25390625 0.5068359375 0.0390625 0.048828125
0 0.25546875 0.5595703125 0.0390625 0.048828125
0 0.25859375 0.6142578125 0.0390625 0.048828125
0 0.47265625 0.6943359375 0.0390625 0.048828125
0 0.49765625 0.3818359375 0.0390625 0.048828125
0 0.26015625 0.6689453125 0.0390625 0.048828125
0 0.34453125 0.6240234375 0.0390625 0.048828125
0 0.37265625 0.3642578125 0.0390625 0.048828125
0 0.24921875 0.3994140625 0.0390625 0.048828125
0 0.20390625 0.3408203125 0.0390625 0.048828125
0 0.57578125 0.3427734375 0.0390625 0.048828125
0 0.29609375 0.5126953125 0.0390625 0.048828125
0 0.41484375 0.3701171875 0.0390625 0.048828125
0 0.41953125 0.4755859375 0.0390625 0.048828125
0 0.28828125 0.3525390625 0.0390625 0.048828125
0 0.61640625 0.3486328125 0.0390625 0.048828125
0 0.55390625 0.6494140625 0.0390625 0.048828125
0 0.38828125 0.6826171875 0.0390625 0.048828125
0 0.34140625 0.5712890625 0.0390625 0.048828125
0 0.20546875 0.3935546875 0.0390625 0.048828125
0 0.29453125 0.4580078125 0.0390625 0.048828125
0 0.55703125 0.7041015625 0.0390625 0.048828125
0 0.42890625 0.6357421875 0.0390625 0.048828125
0 0.20078125 0.2880859375 0.0390625 0.048828125
0 0.41171875 0.3193359375 0.0390625 0.048828125
0 0.32890625 0.3076171875 0.0390625 0.048828125
0 0.46796875 0.5869140625 0.0390625 0.048828125
0 0.59140625 0.6025390625 0.0390625 0.048828125
0 0.54453125 0.4931640625 0.0390625 0.048828125
0 0.58203125 0.4462890625 0.0390625 0.048828125
0 0.24453125 0.2939453125 0.0390625 0.048828125
0 0.63984375 0.7138671875 0.0390625 0.048828125
0 0.50546875 0.5400390625 0.0390625 0.048828125
0 0.45234375 0.3251953125 0.0390625 0.048828125
0 0.63046875 0.5556640625 0.0390625 0.048828125
0 0.20859375 0.4482421875 0.0390625 0.048828125
0 0.38046875 0.5224609375 0.0390625 0.048828125
0 0.61953125 0.3994140625 0.0390625 0.048828125
0 0.21640625 0.6630859375 0.0390625 0.048828125
