0 0.57890625 0.6171875 0.0546875 0.05078125
0 0.80078125 0.6767578125 0.0546875 0.048828125
0 0.71171875 0.587890625 0.0546875 0.05078125
0 0.4953125 0.52734375 0.05625 0.05078125
0 0.67421875 0.4609375 0.0515625 0.05078125
0 0.62109375 0.744140625 0.0546875 0.05078125
0 0.66484375 0.7080078125 0.0546875 0.048828125
0 0.6234375 0.662109375 0.05625 0.05078125
0 0.40859375 0.4404296875 0.0546875 0.048828125
0 0.28046875 0.306640625 0.0546875 0.05078125
0 0.4953125 0.4462890625 0.05625 0.048828125
0 0.44765625 0.56640625 0.0546875 0.05078125
0 0.84765625 0.5576171875 0.0546875 0.048828125
0 0.71484375 0.50390625 0.0546875 0.05078125
0 0.3203125 0.431640625 0.05625 0.05078125
0 0.58984375 0.375 0.0546875 0.05078125
0 0.53515625 0.6552734375 0.0546875 0.048828125
0 0.63125 0.41796875 0.05625 0.05078125
0 0.67578125 0.380859375 0.0546875 0.05078125
0 0.53671875 0.5712890625 0.0546875 0.048828125
0 0.62890625 0.4990234375 0.0546875 0.048828125
0 0.49296875 0.611328125 0.0546875 0.05078125
0 0.59140625 0.29296875 0.0546875 0.05078125
0 0.66328125 0.7890625 0.0546875 0.05078125
0 0.41484375 0.2783203125 0.0546875 0.048828125
0 0.61796875 0.828125 0.0546875 0.05078125
0 0.40078125 0.6025390625 0.0546875 0.048828125
0 0.32265625 0.3505859375 0.0546875 0.048828125
0 0.84609375 0.638671875 0.0546875 0.05078125
0 0.80390625 0.595703125 0.0546875 0.05078125
0 0.54375 0.41015625 0.053125 0.05078125
0 0.23515625 0.34375 0.0515625 0.05078125
0 0.40703125 0.521484375 0.0546875 0.05078125
0 0.36640625 0.396484375 0.0515625 0.05078125
0 0.45078125 0.4833984375 0.0546875 0.048828125
0 0.76171875 0.470703125 0.0546875 0.05078125
0 0.31796875 0.513671875 0.0546875 0.05078125
0 0.23203125 0.4248046875 0.0546875 0.048828125
0 0.58203125 0.537109375 0.0546875 0.05078125
0 0.54453125 0.328125 0.0546875 0.05078125
0 0.75703125 0.6328125 0.0546875 0.05078125
0 0.75859375 0.548828125 0.0546875 0.05078125
0 0.71015625 0.669921875 0.0546875 0.05078125
0 0.503125 0.28515625 0.05625 0.05078125
0 0.58359375 0.453125 0.0546875 0.05078125
0 0.50078125 0.365234375 0.0546875 0.05078125
0 0.27265625 0.470703125 0.0546875 0.05078125
0 0.53203125 0.7392578125 0.0546875 0.048828125
0 0.50859375 0.2041015625 0.0546875 0.048828125
0 0.57890625 0.6982421875 0.0546875 0.048828125
0 0.44609375 0.6484375 0.0546875 0.05078125
0 0.57578125 0.78515625 0.0546875 0.05078125
0 0.67109375 0.54296875 0.0546875 0.05078125
0 0.52890625 0.8203125 0.0546875 0.05078125
0 0.66796875 0.6240234375 0.0546875 0.048828125
0 0.57109375 0.8662109375 0.0546875 0.048828125
0 0.4875 0.693359375 0.05625 0.05078125
0 0.18671875 0.37890625 0.0546875 0.05078125
0 0.328125 0.26953125 0.05625 0.05078125
0 0.36484375 0.474609375 0.0546875 0.05078125
0 0.37265625 0.232421875 0.0546875 0.05078125
0 0.41328125 0.357421875 0.0515625 0.05078125
0 0.45859375 0.322265625 0.0546875 0.05078125
0 0.27890625 0.38671875 0.0546875 0.05078125
0 0.36953125 0.314453125 0.0546875 0.05078125
0 0.48515625 0.775390625 0.0546875 0.05078125
0 0.35390625 0.640625 0.0546875 0.05078125
0 0.46171875 0.240234375 0.0546875 0.05078125
0 0.36015625 0.55859375 0.0546875 0.05078125
0 0.44296875 0.732421875 0.0546875 0.05078125
0 0.41953125 0.197265625 0.0546875 0.05078125
0 0.4640625 0.158203125 0.05625 0.05078125
0 0.3125 0.595703125 0.05625 0.05078125
0 0.39921875 0.6865234375 0.0546875 0.048828125
0 0.22578125 0.505859375 0.0546875 0.05078125
0 0.55078125 0.2470703125 0.0546875 0.048828125
0 0.27109375 0.552734375 0.0546875 0.05078125
0 0.53984375 0.4921875 0.0546875 0.05078125
0 0.45390625 0.4033203125 0.0546875 0.048828125
0 0.80390625 0.513671875 0.0546875 0.05078125
0 0.13984375 0.41796875 0.0546875 0.05078125
0 0.63359375 0.3359375 0.0546875 0.05078125
0 0.75703125 0.71484375 0.0546875 0.05078125
0 0.62578125 0.580078125 0.0546875 0.05078125
0 0.71015625 0.75390625 0.0546875 0.05078125
0 0.184375 0.462890625 0.05625 0.05078125
0 0.71953125 0.4248046875 0.0546875 0.048828125
0 0.88984375 0.6015625 0.0546875 0.046875
