0 0.5640625 0.654296875 0.059375 0.0625
0 0.29921875 0.5078125 0.0609375 0.0625
0 0.278125 0.4384765625 0.059375 0.064453125
0 0.39140625 0.0947265625 0.0609375 0.060546875
0 0.43125 0.4658203125 0.059375 0.060546875
0 0.2546875 0.1357421875 0.059375 0.060546875
0 0.340625 0.8837890625 0.059375 0.060546875
0 0.0765625 0.26953125 0.059375 0.0625
0 0.31953125 0.8115234375 0.0609375 0.060546875
0 0.54140625 0.583984375 0.0609375 0.0625
0 0.52109375 0.2822265625 0.0578125 0.060546875
0 0.43046875 0.697265625 0.0609375 0.0625
0 0.47734375 0.142578125 0.0609375 0.05859375
0 0.40859375 0.625 0.0609375 0.0625
0 0.2984375 0.2763671875 0.059375 0.060546875
0 0.05234375 0.19921875 0.0609375 0.0625
0 0.56484375 0.4228515625 0.0609375 0.060546875
0 0.6953125 0.609375 0.059375 0.0625
0 0.20859375 0.458984375 0.0578125 0.05859375
0 0.16484375 0.3193359375 0.0609375 0.060546875
0 0.54140625 0.8134765625 0.0609375 0.060546875
0 0.11796875 0.1748046875 0.0609375 0.060546875
0 0.41171875 0.3955078125 0.0578125 0.060546875
0 0.2515625 0.8359375 0.059375 0.05859375
0 0.6078125 0.33203125 0.059375 0.0625
0 0.671875 0.7685546875 0.059375 0.060546875
0 0.521875 0.05078125 0.059375 0.05859375
0 0.47421875 0.837890625 0.0578125 0.0625
0 0.1640625 0.552734375 0.059375 0.0625
0 0.34453125 0.6494140625 0.0609375 0.060546875
0 0.21015625 0.228515625 0.0609375 0.0625
0 0.2546875 0.6015625 0.059375 0.05859375
0 0.2296875 0.7646484375 0.059375 0.064453125
0 0.3875 0.7900390625 0.059375 0.060546875
0 0.49921875 0.2158203125 0.0578125 0.060546875
0 0.60703125 0.5576171875 0.0578125 0.060546875
0 0.18671875 0.3896484375 0.0609375 0.060546875
0 0.4546875 0.3037109375 0.059375 0.060546875
0 0.34453125 0.4150390625 0.0609375 0.060546875
0 0.23359375 0.5322265625 0.0609375 0.060546875
0 0.6515625 0.470703125 0.059375 0.0625
0 0.475 0.6064453125 0.059375 0.060546875
0 0.27890625 0.2060546875 0.0578125 0.060546875
0 0.36640625 0.2548828125 0.0609375 0.064453125
0 0.4515625 0.7646484375 0.059375 0.064453125
0 0.47578125 0.3740234375 0.0578125 0.060546875
0 0.14375 0.2490234375 0.059375 0.060546875
0 0.45546875 0.0732421875 0.0609375 0.060546875
0 0.43203125 0.234375 0.0609375 0.05859375
0 0.67421875 0.5400390625 0.0609375 0.064453125
0 0.18671875 0.625 0.0609375 0.0625
0 0.65078125 0.6982421875 0.0609375 0.060546875
0 0.49609375 0.6748046875 0.0609375 0.060546875
0 0.27421875 0.9091796875 0.0609375 0.060546875
0 0.321875 0.5791015625 0.059375 0.060546875
0 0.54296875 0.3525390625 0.0609375 0.060546875
0 0.62890625 0.400390625 0.0609375 0.0625
0 0.36640625 0.7197265625 0.0609375 0.060546875
0 0.3890625 0.326171875 0.059375 0.05859375
0 0.5859375 0.26171875 0.059375 0.0625
0 0.51953125 0.513671875 0.0609375 0.0625
0 0.6078125 0.79296875 0.059375 0.0625
0 0.3671875 0.4853515625 0.059375 0.060546875
0 0.2078125 0.6953125 0.059375 0.0625
0 0.321875 0.115234375 0.059375 0.0625
0 0.296875 0.7412109375 0.059375 0.060546875
0 0.51875 0.744140625 0.059375 0.05859375
0 0.628125 0.6279296875 0.059375 0.060546875
0 0.34375 0.185546875 0.059375 0.0625
0 0.09921875 0.341796875 0.0609375 0.0625
0 0.1203125 0.412109375 0.059375 0.0625
0 0.41015625 0.8623046875 0.0578125 0.060546875
0 0.584375 0.4912109375 0.059375 0.060546875
0 0.4984375 0.443359375 0.059375 0.0625
0 0.7390625 0.7490234375 0.059375 0.060546875
0 0.3890625 0.5556640625 0.059375 0.060546875
0 0.32265625 0.3447265625 0.0609375 0.060546875
0 0.4109375 0.1650390625 0.059375 0.060546875
0 0.25390625 0.369140625 0.0578125 0.0625
0 0.14140625 0.482421875 0.0609375 0.0625
0 0.27734375 0.6708984375 0.0578125 0.060546875
0 0.234375 0.298828125 0.059375 0.0625
0 0.5640625 0.19140625 0.059375 0.0625
0 0.18828125 0.15625 0.0609375 0.0625
0 0.54140625 0.1201171875 0.0609375 0.060546875
0 0.45390625 0.5361328125 0.0609375 0.060546875
0 0.5859375 0.7236328125 0.059375 0.064453125
0 0.71640625 0.6787109375 0.0609375 0.060546875
