0 0.73359375 0.4521484375 0.0390625 0.048828125
0 0.69140625 0.5947265625 0.0390625 0.048828125
0 0.51640625 0.7451171875 0.0390625 0.048828125
0 0.38671875 0.5205078125 0.0390625 0.048828125
0 0.48046875 0.6474609375 0.0390625 0.048828125
0 0.44296875 0.5478515625 0.0390625 0.048828125
0 0.61796875 0.3935546875 0.0390625 0.048828125
0 0.75078125 0.6259765625 0.0390625 0.048828125
0 0.57734375 0.5361328125 0.0390625 0.048828125
0 0.80859375 0.6572265625 0.0390625 0.048828125
0 0.43984375 0.7841796875 0.0390625 0.048828125
0 0.53671875 0.6767578125 0.0390625 0.048828125
0 0.36796875 0.5888671875 0.0390625 0.048828125
0 0.59296875 0.7060546875 0.0390625 0.048828125
0 0.59765625 0.4658203125 0.0390625 0.048828125
0 0.65546875 0.4951171875 0.0390625 0.048828125
0 0.67578125 0.4228515625 0.0390625 0.048828125
0 0.48203125 0.4091796875 0.0390625 0.048828125
0 0.49453125 0.8154296875 0.0390625 0.048828125
0 0.46328125 0.4794921875 0.0390625 0.048828125
0 0.68984375 0.7158203125 0.0390625 0.048828125
0 0.71328125 0.5244140625 0.0390625 0.048828125
0 0.53984375 0.4365234375 0.0390625 0.048828125
0 0.63515625 0.5654296875 0.0390625 0.048828125
0 0.34765625 0.6572265625 0.0390625 0.048828125
0 0.78984375 0.6044921875 0.0390625 0.048828125
0 0.56015625 0.3662109375 0.0390625 0.048828125
0 0.42421875 0.6181640625 0.0390625 0.048828125
0 0.40546875 0.4501953125 0.0390625 0.048828125
0 0.57265625 0.7763671875 0.0390625 0.048828125
0 0.46015625 0.7158203125 0.0390625 0.048828125
0 0.31171875 0.5595703125 0.0390625 0.048828125
0 0.65078125 0.7373046875 0.0390625 0.048828125
0 0.40390625 0.6865234375 0.0390625 0.048828125
0 0.61328125 0.6357421875 0.0390625 0.048828125
0 0.71484375 0.4013671875 0.0390625 0.048828125
0 0.55703125 0.6064453125 0.0390625 0.048828125
0 0.72890625 0.6962890625 0.0390625 0.048828125
0 0.67109375 0.6669921875 0.0390625 0.048828125
0 0.69609375 0.3505859375 0.0390625 0.048828125
0 0.77109375 0.5537109375 0.0390625 0.048828125
0 0.63671875 0.3232421875 0.0390625 0.048828125
0 0.33046875 0.4912109375 0.0390625 0.048828125
0 0.71015625 0.6455078125 0.0390625 0.048828125
0 0.36484375 0.7060546875 0.0390625 0.048828125
0 0.61640625 0.5166015625 0.0390625 0.048828125
0 0.57578125 0.6572265625 0.0390625 0.048828125
0 0.50078125 0.5771484375 0.0390625 0.048828125
0 0.59765625 0.3447265625 0.0390625 0.048828125
0 0.38359375 0.7548828125 0.0390625 0.048828125
0 0.47734375 0.7646484375 0.0390625 0.048828125
0 0.59609375 0.5869140625 0.0390625 0.048828125
0 0.38515625 0.6376953125 0.0390625 0.048828125
0 0.34921875 0.5400390625 0.0390625 0.048828125
0 0.46171875 0.5966796875 0.0390625 0.048828125
0 0.61015625 0.7568359375 0.0390625 0.048828125
0 0.40078125 0.8037109375 0.0390625 0.048828125
0 0.42109375 0.7353515625 0.0390625 0.048828125
0 0.36796875 0.4697265625 0.0390625 0.048828125
0 0.67421875 0.5439453125 0.0390625 0.048828125
0 0.44140625 0.6669921875 0.0390625 0.048828125
0 0.75234375 0.5029296875 0.0390625 0.048828125
0 0.53828125 0.5576171875 0.0390625 0.048828125
0 0.53359375 0.7958984375 0.0390625 0.048828125
0 0.55859375 0.4873046875 0.0390625 0.048828125
0 0.67578125 0.2998046875 0.0390625 0.048828125
0 0.69453125 0.4736328125 0.0390625 0.048828125
0 0.42421875 0.4990234375 0.0390625 0.048828125
0 0.32890625 0.6083984375 0.0390625 0.048828125
0 0.63671875 0.4443359375 0.0390625 0.048828125
0 0.50078125 0.4580078125 0.0390625 0.048828125
0 0.49765625 0.6962890625 0.0390625 0.048828125
0 0.65234375 0.6162109375 0.0390625 0.048828125
0 0.76796875 0.6767578125 0.0390625 0.048828125
0 0.55390625 0.7255859375 0.0390625 0.048828125
0 0.57890625 0.4150390625 0.0390625 0.048828125
0 0.63203125 0.6865234375 0.0390625 0.048828125
0 0.65703125 0.3720703125 0.0390625 0.048828125
0 0.40546875 0.5693359375 0.0390625 0.048828125
0 0.52109375 0.3876953125 0.0390625 0.048828125
0 0.45703125 0.8330078125 0.0390625 0.048828125
0 0.51796875 0.6279296875 0.0390625 0.048828125
0 0.51953125 0.5068359375 0.0390625 0.048828125
0 0.73203125 0.5751953125 0.0390625 0.048828125
0 0.48203125 0.5283203125 0.0390625 0.048828125
0 0.29296875 0.5107421875 0.0390625 0.048828125
0 0.44453125 0.4287109375 0.0390625 0.048828125
0 0.41796875 0.8525390625 0.0390625 0.048828125
