0 0.52734375 0.416015625 0.0421875 0.05859375
0 0.6046875 0.34375 0.040625 0.05859375
0 0.553125 0.697265625 0.040625 0.05859375
0 0.43671875 0.35546875 0.0421875 0.05859375
0 0.45 0.4931640625 0.040625 0.060546875
0 0.59140625 0.66015625 0.0421875 0.05859375
0 0.68359375 0.267578125 0.0421875 0.05859375
0 0.63125 0.619140625 0.040625 0.05859375
0 0.50078125 0.3671875 0.0421875 0.05859375
0 0.64375 0.53125 0.040625 0.05859375
0 0.64375 0.3046875 0.040625 0.05859375
0 0.64609375 0.763671875 0.0421875 0.05859375
0 0.5671875 0.37890625 0.040625 0.05859375
0 0.4875 0.455078125 0.040625 0.05859375
0 0.7484375 0.5078125 0.040625 0.05859375
0 0.734375 0.3671875 0.040625 0.05859375
0 0.41171875 0.302734375 0.0421875 0.05859375
0 0.6703125 0.58203125 0.040625 0.05859375
0 0.4515625 0.265625 0.040625 0.05859375
0 0.4765625 0.314453125 0.040625 0.05859375
0 0.71015625 0.544921875 0.0421875 0.05859375
0 0.5796875 0.291015625 0.040625 0.05859375
0 0.5390625 0.556640625 0.040625 0.05859375
0 0.7609375 0.41796875 0.040625 0.05859375
0 0.5140625 0.5048828125 0.040625 0.060546875
0 0.721875 0.455078125 0.040625 0.05859375
0 0.3984375 0.390625 0.040625 0.05859375
0 0.4890625 0.228515625 0.040625 0.05859375
0 0.515625 0.279296875 0.040625 0.05859375
0 0.59296875 0.205078125 0.0421875 0.05859375
0 0.8703125 0.623046875 0.040625 0.05859375
0 0.7890625 0.4697265625 0.040625 0.060546875
0 0.83046875 0.66015625 0.0421875 0.05859375
0 0.4234375 0.44140625 0.040625 0.05859375
0 0.4625 0.404296875 0.040625 0.05859375
0 0.56484375 0.607421875 0.0421875 0.05859375
0 0.7515625 0.7373046875 0.040625 0.060546875
0 0.68203125 0.4931640625 0.0421875 0.060546875
0 0.77421875 0.328125 0.0421875 0.05859375
0 0.56875 0.15234375 0.040625 0.05859375
0 0.553125 0.2421875 0.040625 0.05859375
0 0.61796875 0.708984375 0.0421875 0.05859375
0 0.71171875 0.775390625 0.0421875 0.05859375
0 0.6046875 0.568359375 0.040625 0.05859375
0 0.7234375 0.685546875 0.040625 0.05859375
0 0.80234375 0.607421875 0.0421875 0.05859375
0 0.815625 0.51953125 0.040625 0.05859375
0 0.6078125 0.1171875 0.040625 0.05859375
0 0.790625 0.69921875 0.040625 0.05859375
0 0.6328125 0.166015625 0.040625 0.05859375
0 0.721875 0.23046875 0.040625 0.05859375
0 0.540625 0.328125 0.040625 0.05859375
0 0.73671875 0.595703125 0.0421875 0.05859375
0 0.60625 0.80078125 0.040625 0.05859375
0 0.52890625 0.189453125 0.0421875 0.05859375
0 0.5796875 0.7490234375 0.040625 0.060546875
0 0.37421875 0.33984375 0.0421875 0.05859375
0 0.6578125 0.671875 0.040625 0.05859375
0 0.634375 0.8515625 0.040625 0.05859375
0 0.6578125 0.216796875 0.040625 0.05859375
0 0.70859375 0.31640625 0.0421875 0.05859375
0 0.8421875 0.5703125 0.040625 0.05859375
0 0.50078125 0.59375 0.0421875 0.05859375
0 0.475 0.54296875 0.040625 0.05859375
0 0.6953125 0.404296875 0.040625 0.05859375
0 0.8265625 0.431640625 0.040625 0.05859375
0 0.88125 0.533203125 0.040625 0.05859375
0 0.6578125 0.443359375 0.040625 0.05859375
0 0.61796875 0.4814453125 0.0421875 0.060546875
0 0.6296875 0.392578125 0.040625 0.05859375
0 0.59140625 0.4296875 0.0421875 0.05859375
0 0.671875 0.814453125 0.040625 0.05859375
0 0.5515625 0.466796875 0.040625 0.05859375
0 0.80078125 0.380859375 0.0421875 0.05859375
0 0.671875 0.12890625 0.040625 0.05859375
0 0.66875 0.35546875 0.040625 0.05859375
0 0.68515625 0.72265625 0.0421875 0.05859375
0 0.696875 0.634765625 0.040625 0.05859375
0 0.52734375 0.646484375 0.0421875 0.05859375
0 0.909375 0.583984375 0.040625 0.05859375
0 0.7625 0.6484375 0.040625 0.05859375
0 0.696875 0.177734375 0.040625 0.05859375
0 0.64609375 0.080078125 0.0421875 0.05859375
0 0.8546875 0.4814453125 0.040625 0.060546875
0 0.61796875 0.25390625 0.0421875 0.05859375
0 0.578125 0.51953125 0.040625 0.05859375
0 0.7484375 0.279296875 0.040625 0.05859375
0 0.77578125 0.556640625 0.0421875 0.05859375
