0 0.51484375 0.6494140625 0.0296875 0.044921875
0 0.53359375 0.7626953125 0.0265625 0.044921875
0 0.60546875 0.5693359375 0.0265625 0.044921875
0 0.409375 0.4423828125 0.03125 0.044921875
0 0.6375 0.5625 0.028125 0.04296875
0 0.5515625 0.244140625 0.028125 0.046875
0 0.56875 0.3515625 0.028125 0.046875
0 0.43515625 0.3798828125 0.0265625 0.044921875
0 0.49609375 0.5380859375 0.0265625 0.044921875
0 0.62890625 0.5078125 0.0296875 0.04296875
0 0.446875 0.6669921875 0.03125 0.044921875
0 0.5390625 0.5849609375 0.028125 0.044921875
0 0.5296875 0.5302734375 0.028125 0.044921875
0 0.62265625 0.6787109375 0.0296875 0.044921875
0 0.42734375 0.552734375 0.0328125 0.046875
0 0.44296875 0.4345703125 0.0265625 0.044921875
0 0.52734375 0.3046875 0.0296875 0.04296875
0 0.5453125 0.4130859375 0.028125 0.044921875
0 0.39140625 0.3310546875 0.0296875 0.048828125
0 0.60078125 0.7431640625 0.0265625 0.044921875
0 0.52109375 0.4755859375 0.0296875 0.044921875
0 0.425 0.32421875 0.028125 0.046875
0 0.55390625 0.4677734375 0.0296875 0.044921875
0 0.5484375 0.6396484375 0.028125 0.044921875
0 0.46328125 0.7783203125 0.0296875 0.044921875
0 0.64296875 0.392578125 0.0296875 0.04296875
0 0.6203125 0.4541015625 0.028125 0.044921875
0 0.43515625 0.6103515625 0.0265625 0.048828125
0 0.58359375 0.2373046875 0.0265625 0.044921875
0 0.56015625 0.296875 0.0296875 0.04296875
0 0.48671875 0.4833984375 0.0296875 0.044921875
0 0.5734375 0.578125 0.028125 0.046875
0 0.453125 0.4921875 0.028125 0.046875
0 0.70703125 0.7705078125 0.0265625 0.048828125
0 0.59296875 0.291015625 0.0296875 0.04296875
0 0.5359375 0.359375 0.028125 0.04296875
0 0.66171875 0.5 0.0265625 0.04296875
0 0.58203125 0.6328125 0.0296875 0.04296875
0 0.47421875 0.8349609375 0.0296875 0.048828125
0 0.68046875 0.607421875 0.0265625 0.04296875
0 0.590625 0.6884765625 0.028125 0.044921875
0 0.69921875 0.716796875 0.0265625 0.046875
0 0.6890625 0.6611328125 0.028125 0.044921875
0 0.57890625 0.40625 0.0265625 0.046875
0 0.55703125 0.6953125 0.0265625 0.046875
0 0.41796875 0.4970703125 0.0296875 0.044921875
0 0.4609375 0.5478515625 0.028125 0.044921875
0 0.46875 0.373046875 0.028125 0.046875
0 0.50703125 0.826171875 0.0296875 0.05078125
0 0.625 0.2841796875 0.025 0.044921875
0 0.4 0.3876953125 0.028125 0.044921875
0 0.596875 0.513671875 0.028125 0.046875
0 0.47109375 0.6025390625 0.0296875 0.044921875
0 0.46015625 0.31640625 0.0296875 0.046875
0 0.4546875 0.72265625 0.03125 0.046875
0 0.64765625 0.6162109375 0.0265625 0.044921875
0 0.48046875 0.6572265625 0.0328125 0.044921875
0 0.50546875 0.59375 0.0296875 0.04296875
0 0.5234375 0.7041015625 0.028125 0.044921875
0 0.60234375 0.3447265625 0.0265625 0.044921875
0 0.65546875 0.669921875 0.0265625 0.04296875
0 0.51640625 0.25 0.0296875 0.04296875
0 0.57578125 0.806640625 0.0296875 0.046875
0 0.49375 0.3115234375 0.028125 0.044921875
0 0.5109375 0.4208984375 0.028125 0.044921875
0 0.63515625 0.337890625 0.0296875 0.04296875
0 0.54140625 0.8173828125 0.0265625 0.044921875
0 0.6140625 0.6240234375 0.028125 0.044921875
0 0.49765625 0.7685546875 0.0296875 0.044921875
0 0.671875 0.552734375 0.03125 0.04296875
0 0.56328125 0.5234375 0.0265625 0.046875
0 0.48984375 0.712890625 0.0296875 0.046875
0 0.65234375 0.4462890625 0.0296875 0.044921875
0 0.4765625 0.427734375 0.028125 0.046875
0 0.63203125 0.7333984375 0.0265625 0.044921875
0 0.484375 0.255859375 0.03125 0.046875
0 0.675 0.7802734375 0.028125 0.048828125
0 0.61015625 0.3994140625 0.0265625 0.044921875
0 0.565625 0.75 0.025 0.046875
0 0.503125 0.3662109375 0.028125 0.044921875
0 0.45 0.26171875 0.028125 0.046875
0 0.66640625 0.724609375 0.0296875 0.04296875
0 0.58671875 0.4619140625 0.0265625 0.044921875
0 0.60859375 0.798828125 0.0265625 0.046875
0 0.640625 0.7880859375 0.025 0.044921875
0 0.615625 0.2294921875 0.03125 0.044921875
0 0.38203125 0.2744140625 0.0234375 0.033203125
0 0.41640625 0.26953125 0.0265625 0.04296875
