0 0.57265625 0.5400390625 0.0390625 0.048828125
0 0.53515625 0.3056640625 0.0390625 0.048828125
0 0.71328125 0.5380859375 0.0390625 0.048828125
0 0.37421875 0.4111328125 0.0390625 0.048828125
0 0.45859375 0.4423828125 0.0390625 0.048828125
0 0.48828125 0.5087890625 0.0390625 0.048828125
0 0.62734375 0.5048828125 0.0390625 0.048828125
0 0.41640625 0.4267578125 0.0390625 0.048828125
0 0.54765625 0.6435546875 0.0390625 0.048828125
0 0.59140625 0.6591796875 0.0390625 0.048828125
0 0.36640625 0.6298828125 0.0390625 0.048828125
0 0.50078125 0.4580078125 0.0390625 0.048828125
0 0.45078125 0.6630859375 0.0390625 0.048828125
0 0.59765625 0.4384765625 0.0390625 0.048828125
0 0.63359375 0.6767578125 0.0390625 0.048828125
0 0.68828125 0.6416015625 0.0390625 0.048828125
0 0.44609375 0.4931640625 0.0390625 0.048828125
0 0.46328125 0.6103515625 0.0390625 0.048828125
0 0.66953125 0.5205078125 0.0390625 0.048828125
0 0.43359375 0.5439453125 0.0390625 0.048828125
0 0.32421875 0.6142578125 0.0390625 0.048828125
0 0.67578125 0.6943359375 0.0390625 0.048828125
0 0.34921875 0.5126953125 0.0390625 0.048828125
0 0.60234375 0.6083984375 0.0390625 0.048828125
0 0.39609375 0.3115234375 0.0390625 0.048828125
0 0.73515625 0.4345703125 0.0390625 0.048828125
0 0.40390625 0.4775390625 0.0390625 0.048828125
0 0.40859375 0.6455078125 0.0390625 0.048828125
0 0.72421875 0.4853515625 0.0390625 0.048828125
0 0.31953125 0.4462890625 0.0390625 0.048828125
0 0.51171875 0.4072265625 0.0390625 0.048828125
0 0.63984375 0.4541015625 0.0390625 0.048828125
0 0.37890625 0.5791015625 0.0390625 0.048828125
0 0.68203125 0.4697265625 0.0390625 0.048828125
0 0.45078125 0.2763671875 0.0390625 0.048828125
0 0.42734375 0.3759765625 0.0390625 0.048828125
0 0.49296875 0.6787109375 0.0390625 0.048828125
0 0.54296875 0.4736328125 0.0390625 0.048828125
0 0.46953125 0.3916015625 0.0390625 0.048828125
0 0.42265625 0.5947265625 0.0390625 0.048828125
0 0.58515625 0.4892578125 0.0390625 0.048828125
0 0.38515625 0.3603515625 0.0390625 0.048828125
0 0.33671875 0.5634765625 0.0390625 0.048828125
0 0.55546875 0.4228515625 0.0390625 0.048828125
0 0.28203125 0.5986328125 0.0390625 0.048828125
0 0.56171875 0.5927734375 0.0390625 0.048828125
0 0.66171875 0.3505859375 0.0390625 0.048828125
0 0.65859375 0.5732421875 0.0390625 0.048828125
0 0.74609375 0.3818359375 0.0390625 0.048828125
0 0.48203125 0.3408203125 0.0390625 0.048828125
0 0.30703125 0.4970703125 0.0390625 0.048828125
0 0.65078125 0.4033203125 0.0390625 0.048828125
0 0.57734375 0.3212890625 0.0390625 0.048828125
0 0.64609375 0.6240234375 0.0390625 0.048828125
0 0.61953125 0.3369140625 0.0390625 0.048828125
0 0.57734375 0.7119140625 0.0390625 0.048828125
0 0.36171875 0.4619140625 0.0390625 0.048828125
0 0.50546875 0.6279296875 0.0390625 0.048828125
0 0.70390625 0.3662109375 0.0390625 0.048828125
0 0.76640625 0.5009765625 0.0390625 0.048828125
0 0.35390625 0.2958984375 0.0390625 0.048828125
0 0.74296875 0.6064453125 0.0390625 0.048828125
0 0.33046875 0.3974609375 0.0390625 0.048828125
0 0.56640625 0.3720703125 0.0390625 0.048828125
0 0.51796875 0.5751953125 0.0390625 0.048828125
0 0.73046875 0.6572265625 0.0390625 0.048828125
0 0.66328125 0.7451171875 0.0390625 0.048828125
0 0.49296875 0.2900390625 0.0390625 0.048828125
0 0.40859375 0.2607421875 0.0390625 0.048828125
0 0.71796875 0.7099609375 0.0390625 0.048828125
0 0.43984375 0.3271484375 0.0390625 0.048828125
0 0.70078125 0.5888671875 0.0390625 0.048828125
0 0.60859375 0.3876953125 0.0390625 0.048828125
0 0.29453125 0.5478515625 0.0390625 0.048828125
0 0.34296875 0.3466796875 0.0390625 0.048828125
0 0.52421875 0.3564453125 0.0390625 0.048828125
0 0.47578125 0.5595703125 0.0390625 0.048828125
0 0.69296875 0.4189453125 0.0390625 0.048828125
0 0.75546875 0.5537109375 0.0390625 0.048828125
0 0.53046875 0.5244140625 0.0390625 0.048828125
0 0.77890625 0.4501953125 0.0390625 0.048828125
0 0.53515625 0.6962890625 0.0390625 0.048828125
0 0.39140625 0.5283203125 0.0390625 0.048828125
0 0.61484375 0.5576171875 0.0390625 0.048828125
0 0.78984375 0.3974609375 0.0390625 0.048828125
0 0.70390625 0.7626953125 0.0390625 0.048828125
0 0.36484375 0.2470703125 0.0390625 0.048828125
0 0.62109375 0.7275390625 0.0390625 0.048828125
