0 0.57578125 0.4853515625 0.0390625 0.048828125
0 0.51015625 0.4033203125 0.0390625 0.048828125
0 0.41171875 0.6064453125 0.0390625 0.048828125
0 0.47734375 0.6064453125 0.0390625 0.048828125
0 0.57578125 0.4033203125 0.0390625 0.048828125
0 0.24921875 0.5634765625 0.0390625 0.048828125
0 0.51015625 0.4853515625 0.0390625 0.048828125
0 0.63984375 0.4853515625 0.0390625 0.048828125
0 0.34765625 0.6064453125 0.0390625 0.048828125
0 0.41171875 0.7705078125 0.0390625 0.048828125
0 0.41171875 0.6884765625 0.0390625 0.048828125
0 0.47734375 0.6884765625 0.0390625 0.048828125
0 0.31484375 0.6455078125 0.0390625 0.048828125
0 0.54296875 0.6064453125 0.0390625 0.048828125
0 0.38046875 0.4833984375 0.0390625 0.048828125
0 0.31484375 0.4833984375 0.0390625 0.048828125
0 0.31484375 0.5634765625 0.0390625 0.048828125
0 0.41328125 0.5244140625 0.0390625 0.048828125
0 0.44453125 0.8115234375 0.0390625 0.048828125
0 0.47734375 0.7705078125 0.0390625 0.048828125
0 0.63984375 0.5673828125 0.0390625 0.048828125
0 0.38046875 0.5654296875 0.0390625 0.048828125
0 0.60703125 0.6083984375 0.0390625 0.048828125
0 0.67265625 0.5263671875 0.0390625 0.048828125
0 0.44453125 0.4833984375 0.0390625 0.048828125
0 0.60703125 0.2822265625 0.0390625 0.048828125
0 0.38046875 0.6474609375 0.0390625 0.048828125
0 0.44453125 0.4033203125 0.0390625 0.048828125
0 0.37890625 0.8115234375 0.0390625 0.048828125
0 0.63984375 0.4052734375 0.0390625 0.048828125
0 0.70546875 0.4873046875 0.0390625 0.048828125
0 0.47734375 0.3623046875 0.0390625 0.048828125
0 0.54296875 0.2001953125 0.0390625 0.048828125
0 0.57421875 0.5673828125 0.0390625 0.048828125
0 0.47734375 0.2802734375 0.0390625 0.048828125
0 0.57578125 0.3232421875 0.0390625 0.048828125
0 0.57578125 0.2412109375 0.0390625 0.048828125
0 0.47734375 0.5244140625 0.0390625 0.048828125
0 0.31328125 0.7294921875 0.0390625 0.048828125
0 0.51015625 0.7294921875 0.0390625 0.048828125
0 0.47734375 0.4443359375 0.0390625 0.048828125
0 0.41171875 0.8525390625 0.0390625 0.048828125
0 0.54296875 0.6884765625 0.0390625 0.048828125
0 0.73671875 0.4462890625 0.0390625 0.048828125
0 0.41328125 0.3623046875 0.0390625 0.048828125
0 0.37890625 0.7294921875 0.0390625 0.048828125
0 0.21484375 0.6044921875 0.0390625 0.048828125
0 0.54296875 0.2822265625 0.0390625 0.048828125
0 0.70390625 0.4052734375 0.0390625 0.048828125
0 0.41328125 0.4423828125 0.0390625 0.048828125
0 0.28046875 0.6865234375 0.0390625 0.048828125
0 0.28203125 0.6044921875 0.0390625 0.048828125
0 0.38046875 0.4013671875 0.0390625 0.048828125
0 0.60703125 0.5263671875 0.0390625 0.048828125
0 0.67265625 0.4462890625 0.0390625 0.048828125
0 0.54296875 0.4443359375 0.0390625 0.048828125
0 0.63984375 0.3232421875 0.0390625 0.048828125
0 0.44453125 0.7294921875 0.0390625 0.048828125
0 0.51015625 0.2412109375 0.0390625 0.048828125
0 0.44453125 0.5654296875 0.0390625 0.048828125
0 0.24765625 0.6455078125 0.0390625 0.048828125
0 0.44453125 0.6474609375 0.0390625 0.048828125
0 0.54296875 0.5263671875 0.0390625 0.048828125
0 0.51015625 0.5654296875 0.0390625 0.048828125
0 0.63984375 0.6494140625 0.0390625 0.048828125
0 0.57421875 0.6494140625 0.0390625 0.048828125
0 0.51015625 0.3212890625 0.0390625 0.048828125
0 0.54296875 0.7705078125 0.0390625 0.048828125
0 0.34609375 0.6884765625 0.0390625 0.048828125
0 0.54296875 0.3623046875 0.0390625 0.048828125
0 0.57421875 0.7294921875 0.0390625 0.048828125
0 0.51015625 0.8115234375 0.0390625 0.048828125
0 0.34765625 0.5244140625 0.0390625 0.048828125
0 0.47734375 0.8525390625 0.0390625 0.048828125
0 0.67265625 0.6083984375 0.0390625 0.048828125
0 0.44609375 0.3212890625 0.0390625 0.048828125
0 0.60703125 0.6904296875 0.0390625 0.048828125
0 0.44453125 0.8935546875 0.0390625 0.048828125
0 0.70546875 0.5673828125 0.0390625 0.048828125
0 0.34765625 0.4423828125 0.0390625 0.048828125
0 0.73671875 0.5283203125 0.0390625 0.048828125
0 0.51015625 0.6474609375 0.0390625 0.048828125
0 0.60703125 0.3642578125 0.0390625 0.048828125
0 0.60703125 0.4462890625 0.0390625 0.048828125
0 0.76953125 0.4873046875 0.0390625 0.048828125
0 0.34609375 0.7705078125 0.0390625 0.048828125
0 0.67265625 0.3642578125 0.0390625 0.048828125
0 0.28203125 0.5224609375 0.0390625 0.048828125
