0 0.43046875 0.267578125 0.0421875 0.05078125
0 0.4390625 0.3193359375 0.040625 0.048828125
0 0.57578125 0.345703125 0.0390625 0.05078125
0 0.4734375 0.52734375 0.040625 0.05078125
0 0.3375 0.501953125 0.040625 0.05078125
0 0.3296875 0.451171875 0.040625 0.05078125
0 0.609375 0.552734375 0.040625 0.05078125
0 0.525 0.3037109375 0.040625 0.048828125
0 0.2765625 0.6240234375 0.040625 0.052734375
0 0.39140625 0.544921875 0.0421875 0.05078125
0 0.48984375 0.3623046875 0.0421875 0.048828125
0 0.609375 0.2861328125 0.040625 0.048828125
0 0.42421875 0.484375 0.0421875 0.05078125
0 0.6953125 0.53515625 0.040625 0.05078125
0 0.48125 0.310546875 0.040625 0.05078125
0 0.60078125 0.5009765625 0.0421875 0.048828125
0 0.53984375 0.4072265625 0.0390625 0.052734375
0 0.6625 0.59375 0.040625 0.05078125
0 0.3625 0.388671875 0.040625 0.05078125
0 0.5171875 0.2490234375 0.040625 0.052734375
0 0.66171875 0.3291015625 0.0390625 0.048828125
0 0.32578125 0.6640625 0.0421875 0.05078125
0 0.35234375 0.3359375 0.0421875 0.05078125
0 0.68671875 0.4853515625 0.0390625 0.048828125
0 0.50703125 0.4658203125 0.0390625 0.052734375
0 0.2171875 0.3076171875 0.040625 0.052734375
0 0.625 0.388671875 0.040625 0.05078125
0 0.45078125 0.6376953125 0.0421875 0.048828125
0 0.565625 0.294921875 0.040625 0.05078125
0 0.28671875 0.458984375 0.0421875 0.05078125
0 0.35703125 0.603515625 0.0390625 0.05078125
0 0.4140625 0.4326171875 0.040625 0.052734375
0 0.34609375 0.2841796875 0.0421875 0.048828125
0 0.65390625 0.5439453125 0.0390625 0.048828125
0 0.559375 0.509765625 0.040625 0.05078125
0 0.53515625 0.6201171875 0.0421875 0.048828125
0 0.303125 0.29296875 0.040625 0.05078125
0 0.56796875 0.5615234375 0.0421875 0.048828125
0 0.559375 0.2421875 0.040625 0.05078125
0 0.603125 0.234375 0.040625 0.05078125
0 0.3875 0.275390625 0.040625 0.05078125
0 0.55 0.458984375 0.040625 0.05078125
0 0.63359375 0.4423828125 0.0421875 0.048828125
0 0.38125 0.4931640625 0.040625 0.048828125
0 0.2703125 0.353515625 0.040625 0.05078125
0 0.3953125 0.328125 0.040625 0.05078125
0 0.47265625 0.259765625 0.0390625 0.05078125
0 0.265625 0.5703125 0.040625 0.05078125
0 0.446875 0.37109375 0.040625 0.05078125
0 0.40546875 0.3798828125 0.0390625 0.048828125
0 0.64609375 0.2265625 0.0421875 0.05078125
0 0.5171875 0.5185546875 0.040625 0.048828125
0 0.45703125 0.421875 0.0421875 0.05078125
0 0.440625 0.587890625 0.040625 0.05078125
0 0.25625 0.51953125 0.040625 0.05078125
0 0.5265625 0.5703125 0.040625 0.05078125
0 0.278125 0.4072265625 0.040625 0.052734375
0 0.65234375 0.27734375 0.0421875 0.05078125
0 0.409375 0.646484375 0.040625 0.05078125
0 0.37265625 0.4404296875 0.0390625 0.052734375
0 0.315625 0.61328125 0.040625 0.05078125
0 0.296875 0.5107421875 0.040625 0.048828125
0 0.5921875 0.451171875 0.040625 0.05078125
0 0.66875 0.380859375 0.040625 0.05078125
0 0.484375 0.578125 0.040625 0.05078125
0 0.64296875 0.494140625 0.0390625 0.05078125
0 0.465625 0.4765625 0.040625 0.05078125
0 0.2453125 0.46875 0.040625 0.05078125
0 0.3109375 0.34375 0.040625 0.05078125
0 0.4015625 0.595703125 0.040625 0.05078125
0 0.23671875 0.4130859375 0.0390625 0.048828125
0 0.30703125 0.5625 0.0421875 0.05078125
0 0.61953125 0.6025390625 0.0421875 0.048828125
0 0.61796875 0.337890625 0.0390625 0.05078125
0 0.26015625 0.30078125 0.0421875 0.05078125
0 0.5765625 0.611328125 0.040625 0.05078125
0 0.3484375 0.5537109375 0.040625 0.048828125
0 0.4984375 0.4140625 0.040625 0.05078125
0 0.6765625 0.4326171875 0.040625 0.052734375
0 0.36796875 0.654296875 0.0390625 0.05078125
0 0.584375 0.400390625 0.040625 0.05078125
0 0.31953125 0.396484375 0.0421875 0.05078125
0 0.53125 0.35546875 0.040625 0.05078125
0 0.22578125 0.361328125 0.0390625 0.05078125
0 0.70546875 0.5859375 0.0421875 0.05078125
0 0.49296875 0.62890625 0.0390625 0.05078125
0 0.4328125 0.5361328125 0.040625 0.048828125
0 0.284375 0.671875 0.040625 0.05078125
