0 0.72265625 0.68359375 0.0515625 0.06640625
0 0.66640625 0.490234375 0.0515625 0.06640625
0 0.43828125 0.28515625 0.0515625 0.06640625
0 0.26796875 0.5908203125 0.0515625 0.068359375
0 0.390625 0.41796875 0.05 0.06640625
0 0.34140625 0.552734375 0.0515625 0.06640625
0 0.57109375 0.763671875 0.0515625 0.06640625
0 0.74453125 0.447265625 0.0515625 0.06640625
0 0.51796875 0.5703125 0.0515625 0.06640625
0 0.8203125 0.404296875 0.05 0.06640625
0 0.3375 0.232421875 0.05 0.06640625
0 0.46484375 0.37890625 0.0515625 0.06640625
0 0.24375 0.498046875 0.05 0.06640625
0 0.53828125 0.337890625 0.0515625 0.06640625
0 0.54453125 0.666015625 0.0515625 0.06640625
0 0.61953125 0.625 0.0515625 0.06640625
0 0.64609375 0.724609375 0.0515625 0.06640625
0 0.39296875 0.7421875 0.0515625 0.06640625
0 0.409375 0.189453125 0.05 0.06640625
0 0.36796875 0.646484375 0.0515625 0.06640625
0 0.66484375 0.32421875 0.0515625 0.06640625
0 0.69609375 0.5859375 0.0515625 0.06640625
0 0.46875 0.705078125 0.05 0.06640625
0 0.59296875 0.529296875 0.0515625 0.06640625
0 0.2171875 0.404296875 0.05 0.06640625
0 0.79609375 0.4765625 0.0515625 0.06640625
0 0.4953125 0.80078125 0.05 0.06640625
0 0.3171875 0.45703125 0.05 0.06640625
0 0.29296875 0.6865234375 0.0515625 0.068359375
0 0.51171875 0.2421875 0.0515625 0.06640625
0 0.3640625 0.32421875 0.05 0.06640625
0 0.16953125 0.537109375 0.0515625 0.06640625
0 0.61328125 0.294921875 0.0515625 0.06640625
0 0.290625 0.365234375 0.05 0.06640625
0 0.56484375 0.43359375 0.0515625 0.06640625
0 0.69765625 0.75390625 0.0515625 0.06640625
0 0.49140625 0.474609375 0.0515625 0.06640625
0 0.71640625 0.3515625 0.0515625 0.06640625
0 0.63984375 0.390625 0.0515625 0.06640625
0 0.67265625 0.822265625 0.0515625 0.06640625
0 0.77109375 0.544921875 0.0515625 0.06640625
0 0.5953125 0.859375 0.05 0.06640625
0 0.19453125 0.630859375 0.0515625 0.06640625
0 0.69140625 0.419921875 0.0515625 0.06640625
0 0.23984375 0.337890625 0.0515625 0.06640625
0 0.56875 0.595703125 0.05 0.06640625
0 0.515625 0.404296875 0.05 0.06640625
0 0.41796875 0.513671875 0.0515625 0.06640625
0 0.54453125 0.830078125 0.0515625 0.06640625
0 0.2640625 0.271484375 0.05 0.06640625
0 0.38671875 0.2578125 0.0515625 0.06640625
0 0.5421875 0.5 0.05 0.06640625
0 0.26640625 0.431640625 0.0515625 0.06640625
0 0.21953125 0.564453125 0.0515625 0.06640625
0 0.36640625 0.486328125 0.0515625 0.06640625
0 0.56015625 0.26953125 0.0515625 0.06640625
0 0.28671875 0.205078125 0.0515625 0.06640625
0 0.31328125 0.298828125 0.0515625 0.06640625
0 0.24375 0.66015625 0.05 0.06640625
0 0.64453125 0.55859375 0.0515625 0.06640625
0 0.33984375 0.390625 0.0515625 0.06640625
0 0.746875 0.615234375 0.05 0.06640625
0 0.46640625 0.541015625 0.0515625 0.06640625
0 0.46015625 0.2158203125 0.0515625 0.068359375
0 0.49296875 0.63671875 0.0515625 0.06640625
0 0.64609375 0.890625 0.0515625 0.06640625
0 0.67109375 0.654296875 0.0515625 0.06640625
0 0.3171875 0.619140625 0.05 0.06640625
0 0.19296875 0.470703125 0.0515625 0.06640625
0 0.5953125 0.6953125 0.05 0.06640625
0 0.41796875 0.67578125 0.0515625 0.06640625
0 0.41328125 0.3515625 0.0515625 0.06640625
0 0.615625 0.4609375 0.05 0.06640625
0 0.7671875 0.37890625 0.05 0.06640625
0 0.48671875 0.3115234375 0.0515625 0.068359375
0 0.51953125 0.734375 0.0515625 0.06640625
0 0.5890625 0.365234375 0.05 0.06640625
0 0.621875 0.79296875 0.05 0.06640625
0 0.29296875 0.5234375 0.0515625 0.06640625
0 0.44453125 0.771484375 0.0515625 0.06640625
0 0.36015625 0.166015625 0.0515625 0.06640625
0 0.43984375 0.4453125 0.0515625 0.06640625
0 0.44140625 0.609375 0.0515625 0.06640625
0 0.71953125 0.515625 0.0515625 0.06640625
0 0.39296875 0.580078125 0.0515625 0.06640625
0 0.1453125 0.603515625 0.05 0.06640625
0 0.34375 0.7158203125 0.05 0.068359375
0 0.30859375 0.138671875 0.0515625 0.06640625
