0 0.38359375 0.4814453125 0.0390625 0.048828125
0 0.315625 0.53125 0.040625 0.046875
0 0.45078125 0.4306640625 0.0390625 0.048828125
0 0.44296875 0.6796875 0.0390625 0.046875
0 0.6546875 0.462890625 0.040625 0.046875
0 0.57421875 0.400390625 0.0390625 0.046875
0 0.5109375 0.630859375 0.040625 0.046875
0 0.3265625 0.462890625 0.040625 0.046875
0 0.65859375 0.640625 0.0390625 0.046875
0 0.48671875 0.5859375 0.0390625 0.046875
0 0.43125 0.7509765625 0.040625 0.048828125
0 0.41796875 0.4560546875 0.0390625 0.048828125
0 0.72421875 0.591796875 0.0390625 0.046875
0 0.5921875 0.6923828125 0.040625 0.048828125
0 0.36171875 0.6201171875 0.0390625 0.048828125
0 0.24609375 0.5830078125 0.0390625 0.048828125
0 0.28125 0.556640625 0.040625 0.046875
0 0.396875 0.775390625 0.040625 0.046875
0 0.465625 0.724609375 0.040625 0.046875
0 0.5546875 0.5361328125 0.040625 0.048828125
0 0.3390625 0.759765625 0.0375 0.046875
0 0.6921875 0.615234375 0.0375 0.046875
0 0.53359375 0.673828125 0.0390625 0.05078125
0 0.25546875 0.51171875 0.0390625 0.046875
0 0.57890625 0.578125 0.0390625 0.046875
0 0.35 0.505859375 0.040625 0.05078125
0 0.3390625 0.576171875 0.0375 0.046875
0 0.62265625 0.48828125 0.0390625 0.046875
0 0.5640625 0.466796875 0.0375 0.046875
0 0.4078125 0.70703125 0.0375 0.046875
0 0.3734375 0.7333984375 0.0375 0.048828125
0 0.4203125 0.63671875 0.0375 0.05078125
0 0.5890625 0.5107421875 0.040625 0.048828125
0 0.4078125 0.525390625 0.0375 0.046875
0 0.48515625 0.40625 0.0390625 0.046875
0 0.6109375 0.5546875 0.0375 0.046875
0 0.3734375 0.548828125 0.0375 0.046875
0 0.440625 0.5009765625 0.0375 0.048828125
0 0.3953125 0.4140625 0.040625 0.046875
0 0.4296875 0.388671875 0.040625 0.046875
0 0.63125 0.41796875 0.0375 0.046875
0 0.51875 0.380859375 0.040625 0.046875
0 0.5078125 0.451171875 0.040625 0.046875
0 0.66875 0.5732421875 0.040625 0.048828125
0 0.56171875 0.2890625 0.0390625 0.046875
0 0.4953125 0.337890625 0.0375 0.05078125
0 0.35078125 0.689453125 0.0390625 0.046875
0 0.56796875 0.6494140625 0.0390625 0.048828125
0 0.521875 0.5615234375 0.0375 0.048828125
0 0.5453125 0.60546875 0.040625 0.046875
0 0.3609375 0.4375 0.040625 0.046875
0 0.47734375 0.65625 0.0390625 0.046875
0 0.22109375 0.5390625 0.0390625 0.046875
0 0.3046875 0.599609375 0.0375 0.05078125
0 0.29140625 0.669921875 0.0390625 0.046875
0 0.5 0.69921875 0.040625 0.046875
0 0.26796875 0.626953125 0.0390625 0.05078125
0 0.70234375 0.5478515625 0.0390625 0.048828125
0 0.475 0.474609375 0.0375 0.046875
0 0.55234375 0.3583984375 0.0390625 0.048828125
0 0.46328125 0.36328125 0.0390625 0.046875
0 0.53203125 0.4931640625 0.0390625 0.048828125
0 0.5984375 0.443359375 0.040625 0.046875
0 0.2921875 0.4892578125 0.0375 0.048828125
0 0.31640625 0.71484375 0.0390625 0.046875
0 0.4546875 0.796875 0.0375 0.046875
0 0.4546875 0.6123046875 0.0375 0.048828125
0 0.6265625 0.6669921875 0.040625 0.048828125
0 0.3859375 0.8466796875 0.0375 0.048828125
0 0.4640625 0.541015625 0.040625 0.046875
0 0.6078125 0.375 0.040625 0.05078125
0 0.678125 0.50390625 0.040625 0.046875
0 0.60078125 0.623046875 0.0390625 0.046875
0 0.43125 0.568359375 0.040625 0.046875
0 0.528125 0.314453125 0.040625 0.046875
0 0.3625 0.802734375 0.040625 0.046875
0 0.5421875 0.42578125 0.0375 0.046875
0 0.3859375 0.662109375 0.0375 0.046875
0 0.584375 0.3330078125 0.0375 0.048828125
0 0.49921875 0.5185546875 0.0390625 0.048828125
0 0.5234375 0.7431640625 0.0375 0.048828125
0 0.39609375 0.59375 0.0390625 0.046875
0 0.63515625 0.59765625 0.0390625 0.046875
0 0.32734375 0.6435546875 0.0390625 0.048828125
0 0.55625 0.716796875 0.0375 0.046875
0 0.6453125 0.529296875 0.0375 0.046875
0 0.4203125 0.8203125 0.0375 0.046875
0 0.4890625 0.76953125 0.0375 0.046875
