0 0.571875 0.3994140625 0.059375 0.064453125
0 0.7640625 0.759765625 0.0625 0.0625
0 0.5765625 0.7021484375 0.0625 0.064453125
0 0.828125 0.75390625 0.0625 0.0625
0 0.51484375 0.7841796875 0.0609375 0.064453125
0 0.45078125 0.3408203125 0.0609375 0.064453125
0 0.57421875 0.6240234375 0.0609375 0.064453125
0 0.63828125 0.7705078125 0.0609375 0.064453125
0 0.63046875 0.2412109375 0.0609375 0.060546875
0 0.571875 0.2490234375 0.059375 0.060546875
0 0.63828125 0.6962890625 0.0609375 0.064453125
0 0.5765625 0.7763671875 0.0625 0.064453125
0 0.7 0.6884765625 0.0625 0.064453125
0 0.5765625 0.8525390625 0.0625 0.064453125
0 0.453125 0.6376953125 0.0625 0.064453125
0 0.81796875 0.2197265625 0.0609375 0.064453125
0 0.57421875 0.4736328125 0.0609375 0.064453125
0 0.696875 0.6103515625 0.059375 0.064453125
0 0.7609375 0.607421875 0.059375 0.0625
0 0.6328125 0.3173828125 0.059375 0.064453125
0 0.63046875 0.1650390625 0.0609375 0.064453125
0 0.390625 0.4951171875 0.0625 0.064453125
0 0.45078125 0.4130859375 0.0609375 0.064453125
0 0.5125 0.6318359375 0.0625 0.064453125
0 0.640625 0.923828125 0.0625 0.0625
0 0.76640625 0.8388671875 0.0609375 0.064453125
0 0.5125 0.4814453125 0.0625 0.064453125
0 0.57421875 0.5517578125 0.0609375 0.064453125
0 0.51484375 0.7099609375 0.0609375 0.064453125
0 0.5125 0.5576171875 0.0625 0.064453125
0 0.640625 0.8486328125 0.0625 0.064453125
0 0.8234375 0.599609375 0.059375 0.0625
0 0.3890625 0.4208984375 0.0625 0.064453125
0 0.5765625 0.9287109375 0.0625 0.064453125
0 0.3953125 0.8720703125 0.0625 0.064453125
0 0.69375 0.4599609375 0.0625 0.064453125
0 0.81953125 0.294921875 0.0609375 0.0625
0 0.6328125 0.4677734375 0.059375 0.064453125
0 0.7578125 0.4541015625 0.0625 0.064453125
0 0.7640625 0.9140625 0.0625 0.0625
0 0.45390625 0.7880859375 0.0609375 0.064453125
0 0.6359375 0.6181640625 0.0625 0.064453125
0 0.6328125 0.3955078125 0.059375 0.064453125
0 0.509375 0.2548828125 0.059375 0.064453125
0 0.45078125 0.4873046875 0.0609375 0.064453125
0 0.45390625 0.8662109375 0.0609375 0.064453125
0 0.70234375 0.8427734375 0.0609375 0.064453125
0 0.83046875 0.908203125 0.0609375 0.0625
0 0.7578125 0.53125 0.0625 0.0625
0 0.7609375 0.6826171875 0.059375 0.064453125
0 0.81796875 0.1416015625 0.0609375 0.064453125
0 0.453125 0.7138671875 0.0625 0.064453125
0 0.39375 0.720703125 0.059375 0.0625
0 0.696875 0.5361328125 0.059375 0.064453125
0 0.75625 0.2275390625 0.0625 0.064453125
0 0.75625 0.3017578125 0.0625 0.064453125
0 0.3921875 0.5712890625 0.059375 0.060546875
0 0.821875 0.5244140625 0.0625 0.064453125
0 0.5078125 0.1826171875 0.059375 0.064453125
0 0.571875 0.3251953125 0.059375 0.064453125
0 0.81953125 0.3720703125 0.0609375 0.064453125
0 0.81953125 0.447265625 0.0609375 0.0625
0 0.7578125 0.3798828125 0.0625 0.064453125
0 0.51484375 0.8603515625 0.0609375 0.064453125
0 0.69375 0.3095703125 0.0625 0.064453125
0 0.6921875 0.1572265625 0.0625 0.064453125
0 0.63515625 0.5439453125 0.0609375 0.064453125
0 0.51484375 0.9365234375 0.0609375 0.064453125
0 0.4484375 0.1904296875 0.0625 0.064453125
0 0.56875 0.1748046875 0.0625 0.064453125
0 0.5109375 0.3330078125 0.0625 0.064453125
0 0.3890625 0.2705078125 0.0625 0.064453125
0 0.7 0.7666015625 0.0625 0.064453125
0 0.69375 0.3876953125 0.0625 0.064453125
0 0.6921875 0.2353515625 0.0625 0.064453125
0 0.4484375 0.2626953125 0.0625 0.064453125
0 0.75390625 0.1494140625 0.0609375 0.064453125
0 0.825 0.6787109375 0.059375 0.064453125
0 0.3953125 0.9462890625 0.0625 0.064453125
0 0.3890625 0.1982421875 0.0625 0.064453125
0 0.828125 0.8330078125 0.0625 0.064453125
0 0.3921875 0.7939453125 0.059375 0.064453125
0 0.3921875 0.6455078125 0.059375 0.064453125
0 0.70234375 0.9189453125 0.0609375 0.060546875
0 0.5109375 0.40625 0.0625 0.0625
0 0.3890625 0.3486328125 0.0625 0.064453125
0 0.453125 0.5634765625 0.0625 0.060546875
0 0.45390625 0.9404296875 0.0609375 0.064453125
