0 0.65390625 0.53515625 0.0390625 0.046875
0 0.60859375 0.322265625 0.0390625 0.046875
0 0.7890625 0.5234375 0.0375 0.046875
0 0.46015625 0.4306640625 0.0390625 0.048828125
0 0.5421875 0.453125 0.040625 0.046875
0 0.5734375 0.5126953125 0.0375 0.048828125
0 0.7046875 0.4990234375 0.040625 0.048828125
0 0.5015625 0.4423828125 0.040625 0.048828125
0 0.6359375 0.6328125 0.040625 0.046875
0 0.678125 0.6435546875 0.040625 0.048828125
0 0.46328125 0.6328125 0.0390625 0.046875
0 0.5828125 0.46484375 0.0375 0.046875
0 0.54453125 0.658203125 0.0390625 0.05078125
0 0.6734375 0.439453125 0.0375 0.046875
0 0.71953125 0.65625 0.0390625 0.046875
0 0.76953125 0.6201171875 0.0390625 0.048828125
0 0.5328125 0.501953125 0.0375 0.046875
0 0.55390625 0.607421875 0.0390625 0.046875
0 0.7453125 0.5107421875 0.040625 0.048828125
0 0.5234375 0.548828125 0.0375 0.046875
0 0.421875 0.62109375 0.040625 0.046875
0 0.76015625 0.671875 0.0390625 0.046875
0 0.44140625 0.5263671875 0.0390625 0.048828125
0 0.68671875 0.595703125 0.0390625 0.046875
0 0.4765625 0.3369140625 0.040625 0.048828125
0 0.8046875 0.4267578125 0.0375 0.048828125
0 0.4921875 0.490234375 0.040625 0.046875
0 0.50390625 0.64453125 0.0390625 0.046875
0 0.796875 0.474609375 0.0375 0.046875
0 0.409375 0.466796875 0.0375 0.046875
0 0.590625 0.41796875 0.0375 0.046875
0 0.7140625 0.451171875 0.0375 0.046875
0 0.4734375 0.5859375 0.0375 0.046875
0 0.75546875 0.462890625 0.0390625 0.046875
0 0.5265625 0.30078125 0.040625 0.046875
0 0.509375 0.39453125 0.040625 0.046875
0 0.5859375 0.669921875 0.040625 0.05078125
0 0.6234375 0.4765625 0.0375 0.046875
0 0.55078125 0.40625 0.0390625 0.046875
0 0.515625 0.5966796875 0.0375 0.048828125
0 0.6640625 0.48828125 0.0375 0.046875
0 0.4671875 0.3828125 0.0375 0.046875
0 0.43125 0.57421875 0.040625 0.046875
0 0.63359375 0.4287109375 0.0390625 0.048828125
0 0.38125 0.611328125 0.040625 0.05078125
0 0.646875 0.583984375 0.0375 0.046875
0 0.73046875 0.3544921875 0.0390625 0.048828125
0 0.7375 0.5595703125 0.040625 0.048828125
0 0.8125 0.376953125 0.0375 0.046875
0 0.559375 0.3583984375 0.040625 0.048828125
0 0.4 0.5146484375 0.0375 0.048828125
0 0.72265625 0.404296875 0.0390625 0.046875
0 0.6484375 0.333984375 0.0375 0.046875
0 0.7296875 0.607421875 0.0375 0.046875
0 0.6890625 0.3447265625 0.0375 0.048828125
0 0.66796875 0.6953125 0.0390625 0.046875
0 0.45 0.478515625 0.0375 0.046875
0 0.5953125 0.62109375 0.040625 0.046875
0 0.771875 0.3662109375 0.0375 0.048828125
0 0.8375 0.486328125 0.0375 0.046875
0 0.43515625 0.326171875 0.0390625 0.046875
0 0.81953125 0.583984375 0.0390625 0.046875
0 0.4171875 0.421875 0.0375 0.05078125
0 0.640625 0.380859375 0.0375 0.046875
0 0.60390625 0.572265625 0.0390625 0.046875
0 0.81015625 0.6318359375 0.0390625 0.048828125
0 0.75078125 0.71875 0.0390625 0.046875
0 0.56796875 0.310546875 0.0390625 0.046875
0 0.48515625 0.2890625 0.0390625 0.046875
0 0.80078125 0.68359375 0.0390625 0.046875
0 0.51875 0.34765625 0.040625 0.046875
0 0.7796875 0.5712890625 0.0375 0.048828125
0 0.68125 0.392578125 0.0375 0.046875
0 0.38984375 0.5625 0.0390625 0.046875
0 0.42734375 0.373046875 0.0390625 0.046875
0 0.60078125 0.369140625 0.0390625 0.046875
0 0.56328125 0.560546875 0.0390625 0.046875
0 0.7625 0.4150390625 0.040625 0.048828125
0 0.8296875 0.53515625 0.0375 0.046875
0 0.6140625 0.5234375 0.0375 0.046875
0 0.846875 0.4375 0.0375 0.046875
0 0.62734375 0.68359375 0.0390625 0.046875
0 0.48125 0.537109375 0.040625 0.046875
0 0.6953125 0.548828125 0.040625 0.046875
0 0.8546875 0.388671875 0.0375 0.046875
0 0.79140625 0.732421875 0.0390625 0.046875
0 0.44375 0.279296875 0.040625 0.046875
0 0.71015625 0.70703125 0.0390625 0.046875
