0 0.68828125 0.6474609375 0.0390625 0.048828125
0 0.52109375 0.443359375 0.0390625 0.046875
0 0.57890625 0.2568359375 0.0390625 0.048828125
0 0.36953125 0.3583984375 0.0390625 0.048828125
0 0.42109375 0.4560546875 0.0390625 0.048828125
0 0.57265625 0.537109375 0.0390625 0.046875
0 0.70546875 0.7763671875 0.0390625 0.048828125
0 0.49609375 0.3955078125 0.0390625 0.048828125
0 0.43203125 0.3779296875 0.0390625 0.048828125
0 0.40703125 0.330078125 0.0390625 0.046875
0 0.46953125 0.34765625 0.0390625 0.046875
0 0.5890625 0.6650390625 0.040625 0.048828125
0 0.77734375 0.712890625 0.0390625 0.046875
0 0.61015625 0.5087890625 0.0390625 0.048828125
0 0.63515625 0.5546875 0.0390625 0.046875
0 0.5375 0.5673828125 0.040625 0.048828125
0 0.73359375 0.5419921875 0.0390625 0.048828125
0 0.7234375 0.6171875 0.040625 0.046875
0 0.5828125 0.4609375 0.040625 0.046875
0 0.73984375 0.7431640625 0.0390625 0.048828125
0 0.70234375 0.2919921875 0.0390625 0.048828125
0 0.69765625 0.572265625 0.0421875 0.046875
0 0.62578125 0.6328125 0.0390625 0.046875
0 0.61640625 0.7119140625 0.0390625 0.048828125
0 0.61953125 0.4287109375 0.0390625 0.048828125
0 0.62578125 0.1513671875 0.0390625 0.048828125
0 0.59921875 0.5849609375 0.0390625 0.048828125
0 0.56171875 0.6171875 0.0390625 0.046875
0 0.65078125 0.6806640625 0.0390625 0.048828125
0 0.56796875 0.3330078125 0.0390625 0.048828125
0 0.64453125 0.4765625 0.0390625 0.046875
0 0.76015625 0.5869140625 0.0390625 0.048828125
0 0.66171875 0.599609375 0.0390625 0.046875
0 0.51015625 0.51953125 0.0390625 0.046875
0 0.66796875 0.806640625 0.0390625 0.046875
0 0.74453125 0.4638671875 0.0390625 0.048828125
0 0.48515625 0.4736328125 0.0390625 0.048828125
0 0.64296875 0.7587890625 0.0390625 0.048828125
0 0.45859375 0.42578125 0.0390625 0.046875
0 0.84765625 0.650390625 0.0390625 0.046875
0 0.78515625 0.634765625 0.0390625 0.046875
0 0.653125 0.19921875 0.040625 0.046875
0 0.61640625 0.2265625 0.0390625 0.046875
0 0.59140625 0.181640625 0.0390625 0.046875
0 0.53125 0.365234375 0.040625 0.046875
0 0.44453125 0.298828125 0.0390625 0.05078125
0 0.75234375 0.3857421875 0.0390625 0.048828125
0 0.71328125 0.6953125 0.0390625 0.046875
0 0.54296875 0.287109375 0.0390625 0.046875
0 0.67109375 0.5244140625 0.0390625 0.048828125
0 0.54765625 0.4912109375 0.0390625 0.048828125
0 0.50703125 0.3154296875 0.0390625 0.048828125
0 0.63046875 0.3525390625 0.0390625 0.048828125
0 0.55859375 0.4130859375 0.0390625 0.048828125
0 0.85546875 0.57421875 0.0390625 0.046875
0 0.75078125 0.6650390625 0.0390625 0.048828125
0 0.7171875 0.416015625 0.040625 0.046875
0 0.67734375 0.728515625 0.0390625 0.046875
0 0.55390625 0.208984375 0.0390625 0.046875
0 0.70703125 0.494140625 0.0390625 0.046875
0 0.67734375 0.244140625 0.0390625 0.046875
0 0.5953125 0.3828125 0.040625 0.046875
0 0.81171875 0.6806640625 0.0390625 0.048828125
0 0.83046875 0.5263671875 0.0390625 0.048828125
0 0.57890625 0.7431640625 0.0390625 0.048828125
0 0.63203125 0.8388671875 0.0390625 0.048828125
0 0.64140625 0.2744140625 0.0390625 0.048828125
0 0.82265625 0.6044921875 0.0390625 0.048828125
0 0.69296875 0.3681640625 0.0390625 0.048828125
0 0.68203125 0.4462890625 0.0390625 0.048828125
0 0.52578125 0.6474609375 0.0421875 0.048828125
0 0.48203125 0.26953125 0.0390625 0.046875
0 0.60546875 0.791015625 0.0390625 0.046875
0 0.79609375 0.556640625 0.0390625 0.046875
0 0.51640625 0.2392578125 0.0390625 0.048828125
0 0.44609375 0.50390625 0.0390625 0.046875
0 0.80546875 0.478515625 0.0390625 0.046875
0 0.60546875 0.3037109375 0.0390625 0.048828125
0 0.72734375 0.337890625 0.0390625 0.046875
0 0.88203125 0.6201171875 0.0390625 0.048828125
0 0.396875 0.408203125 0.040625 0.046875
0 0.665625 0.3212890625 0.040625 0.048828125
0 0.55234375 0.6953125 0.0390625 0.046875
0 0.4734375 0.5517578125 0.040625 0.048828125
0 0.76953125 0.5087890625 0.0390625 0.048828125
0 0.50078125 0.599609375 0.0390625 0.046875
0 0.65703125 0.3984375 0.0390625 0.046875
0 0.77890625 0.43359375 0.0390625 0.046875
