0 0.50859375 0.4580078125 0.0390625 0.048828125
0 0.58203125 0.3974609375 0.0390625 0.048828125
0 0.53359375 0.6923828125 0.0390625 0.048828125
0 0.42265625 0.4072265625 0.0390625 0.048828125
0 0.43515625 0.5224609375 0.0390625 0.048828125
0 0.56953125 0.6611328125 0.0390625 0.048828125
0 0.65703125 0.3349609375 0.0390625 0.048828125
0 0.60703125 0.6279296875 0.0390625 0.048828125
0 0.48359375 0.4169921875 0.0390625 0.048828125
0 0.61953125 0.5537109375 0.0390625 0.048828125
0 0.61953125 0.3662109375 0.0390625 0.048828125
0 0.62109375 0.7470703125 0.0390625 0.048828125
0 0.54609375 0.4267578125 0.0390625 0.048828125
0 0.47109375 0.4912109375 0.0390625 0.048828125
0 0.71796875 0.5341796875 0.0390625 0.048828125
0 0.70546875 0.4169921875 0.0390625 0.048828125
0 0.39921875 0.3642578125 0.0390625 0.048828125
0 0.64453125 0.5966796875 0.0390625 0.048828125
0 0.43671875 0.3330078125 0.0390625 0.048828125
0 0.46015625 0.3740234375 0.0390625 0.048828125
0 0.68203125 0.5654296875 0.0390625 0.048828125
0 0.55859375 0.3544921875 0.0390625 0.048828125
0 0.51953125 0.5751953125 0.0390625 0.048828125
0 0.73046875 0.4599609375 0.0390625 0.048828125
0 0.49609375 0.5322265625 0.0390625 0.048828125
0 0.69296875 0.4912109375 0.0390625 0.048828125
0 0.38671875 0.4365234375 0.0390625 0.048828125
0 0.47265625 0.3017578125 0.0390625 0.048828125
0 0.49765625 0.3447265625 0.0390625 0.048828125
0 0.57109375 0.2822265625 0.0390625 0.048828125
0 0.83359375 0.6298828125 0.0390625 0.048828125
0 0.75703125 0.5029296875 0.0390625 0.048828125
0 0.79609375 0.6611328125 0.0390625 0.048828125
0 0.41015625 0.4794921875 0.0390625 0.048828125
0 0.44765625 0.4482421875 0.0390625 0.048828125
0 0.54453125 0.6181640625 0.0390625 0.048828125
0 0.72109375 0.7255859375 0.0390625 0.048828125
0 0.65546875 0.5224609375 0.0390625 0.048828125
0 0.74296875 0.3857421875 0.0390625 0.048828125
0 0.54765625 0.2392578125 0.0390625 0.048828125
0 0.53359375 0.3134765625 0.0390625 0.048828125
0 0.59453125 0.7021484375 0.0390625 0.048828125
0 0.68359375 0.7568359375 0.0390625 0.048828125
0 0.58203125 0.5849609375 0.0390625 0.048828125
0 0.69453125 0.6826171875 0.0390625 0.048828125
0 0.76953125 0.6181640625 0.0390625 0.048828125
0 0.78203125 0.5439453125 0.0390625 0.048828125
0 0.58515625 0.2099609375 0.0390625 0.048828125
0 0.75859375 0.6943359375 0.0390625 0.048828125
0 0.60859375 0.2509765625 0.0390625 0.048828125
0 0.69296875 0.3037109375 0.0390625 0.048828125
0 0.52109375 0.3857421875 0.0390625 0.048828125
0 0.70703125 0.6083984375 0.0390625 0.048828125
0 0.58359375 0.7783203125 0.0390625 0.048828125
0 0.51015625 0.2705078125 0.0390625 0.048828125
0 0.55859375 0.7353515625 0.0390625 0.048828125
0 0.36328125 0.3955078125 0.0390625 0.048828125
0 0.63203125 0.6708984375 0.0390625 0.048828125
0 0.61015625 0.8212890625 0.0390625 0.048828125
0 0.63203125 0.2919921875 0.0390625 0.048828125
0 0.68046875 0.3759765625 0.0390625 0.048828125
0 0.80703125 0.5869140625 0.0390625 0.048828125
0 0.48359375 0.6064453125 0.0390625 0.048828125
0 0.45859375 0.5634765625 0.0390625 0.048828125
0 0.66796875 0.4482421875 0.0390625 0.048828125
0 0.79296875 0.4716796875 0.0390625 0.048828125
0 0.84453125 0.5556640625 0.0390625 0.048828125
0 0.63203125 0.4814453125 0.0390625 0.048828125
0 0.59453125 0.5126953125 0.0390625 0.048828125
0 0.60546875 0.4384765625 0.0390625 0.048828125
0 0.56953125 0.4697265625 0.0390625 0.048828125
0 0.64609375 0.7900390625 0.0390625 0.048828125
0 0.53203125 0.5009765625 0.0390625 0.048828125
0 0.76796875 0.4287109375 0.0390625 0.048828125
0 0.64609375 0.2197265625 0.0390625 0.048828125
0 0.64296875 0.4072265625 0.0390625 0.048828125
0 0.65859375 0.7138671875 0.0390625 0.048828125
0 0.66953125 0.6396484375 0.0390625 0.048828125
0 0.50859375 0.6494140625 0.0390625 0.048828125
0 0.87109375 0.5986328125 0.0390625 0.048828125
0 0.73203125 0.6513671875 0.0390625 0.048828125
0 0.66953125 0.2607421875 0.0390625 0.048828125
0 0.62109375 0.1787109375 0.0390625 0.048828125
0 0.81953125 0.5126953125 0.0390625 0.048828125
0 0.59453125 0.3232421875 0.0390625 0.048828125
0 0.55703125 0.5439453125 0.0390625 0.048828125
0 0.71796875 0.3447265625 0.0390625 0.048828125
0 0.74453125 0.5751953125 0.0390625 0.048828125
