0 0.22578125 0.4384765625 0.0390625 0.048828125
0 0.44140625 0.5771484375 0.0390625 0.048828125
0 0.40546875 0.2958984375 0.0390625 0.048828125
0 0.22265625 0.5498046875 0.0390625 0.048828125
0 0.43828125 0.6884765625 0.0390625 0.048828125
0 0.40234375 0.4052734375 0.0390625 0.048828125
0 0.18671875 0.2666015625 0.0390625 0.048828125
0 0.39921875 0.5166015625 0.0390625 0.048828125
0 0.35546875 0.5654296875 0.0390625 0.048828125
0 0.31640625 0.3935546875 0.0390625 0.048828125
0 0.27421875 0.2783203125 0.0390625 0.048828125
0 0.48828125 0.4716796875 0.0390625 0.048828125
0 0.31015625 0.5615234375 0.0390625 0.048828125
0 0.53515625 0.3134765625 0.0390625 0.048828125
0 0.31328125 0.5048828125 0.0390625 0.048828125
0 0.17421875 0.6572265625 0.0390625 0.048828125
0 0.48515625 0.5830078125 0.0390625 0.048828125
0 0.52578125 0.6435546875 0.0390625 0.048828125
0 0.35078125 0.6767578125 0.0390625 0.048828125
0 0.17734375 0.5439453125 0.0390625 0.048828125
0 0.13203125 0.5947265625 0.0390625 0.048828125
0 0.18359375 0.3779296875 0.0390625 0.048828125
0 0.57578125 0.3740234375 0.0390625 0.048828125
0 0.44609375 0.4111328125 0.0390625 0.048828125
0 0.39765625 0.6279296875 0.0390625 0.048828125
0 0.44453125 0.4658203125 0.0390625 0.048828125
0 0.27421875 0.3330078125 0.0390625 0.048828125
0 0.18046875 0.4892578125 0.0390625 0.048828125
0 0.35703125 0.4560546875 0.0390625 0.048828125
0 0.57421875 0.4287109375 0.0390625 0.048828125
0 0.48359375 0.6376953125 0.0390625 0.048828125
0 0.52734375 0.5888671875 0.0390625 0.048828125
0 0.31953125 0.2841796875 0.0390625 0.048828125
0 0.48828125 0.4169921875 0.0390625 0.048828125
0 0.27109375 0.3896484375 0.0390625 0.048828125
0 0.52890625 0.5322265625 0.0390625 0.048828125
0 0.31328125 0.4501953125 0.0390625 0.048828125
0 0.48671875 0.5283203125 0.0390625 0.048828125
0 0.44296875 0.5224609375 0.0390625 0.048828125
0 0.26484375 0.6103515625 0.0390625 0.048828125
0 0.22421875 0.4931640625 0.0390625 0.048828125
0 0.48203125 0.6943359375 0.0390625 0.048828125
0 0.26328125 0.6669921875 0.0390625 0.048828125
0 0.43984375 0.6318359375 0.0390625 0.048828125
0 0.31015625 0.6162109375 0.0390625 0.048828125
0 0.36171875 0.2900390625 0.0390625 0.048828125
0 0.57265625 0.4833984375 0.0390625 0.048828125
0 0.36015625 0.3447265625 0.0390625 0.048828125
0 0.52578125 0.6982421875 0.0390625 0.048828125
0 0.13984375 0.3154296875 0.0390625 0.048828125
0 0.57109375 0.5927734375 0.0390625 0.048828125
0 0.44765625 0.3564453125 0.0390625 0.048828125
0 0.13515625 0.4833984375 0.0390625 0.048828125
0 0.40078125 0.4619140625 0.0390625 0.048828125
0 0.53203125 0.4228515625 0.0390625 0.048828125
0 0.35390625 0.6220703125 0.0390625 0.048828125
0 0.22734375 0.3837890625 0.0390625 0.048828125
0 0.21953125 0.6611328125 0.0390625 0.048828125
0 0.48984375 0.3623046875 0.0390625 0.048828125
0 0.53046875 0.4775390625 0.0390625 0.048828125
0 0.56796875 0.7041015625 0.0390625 0.048828125
0 0.17578125 0.6005859375 0.0390625 0.048828125
0 0.26640625 0.5556640625 0.0390625 0.048828125
0 0.22890625 0.3271484375 0.0390625 0.048828125
0 0.57734375 0.3193359375 0.0390625 0.048828125
0 0.40390625 0.3505859375 0.0390625 0.048828125
0 0.13828125 0.3720703125 0.0390625 0.048828125
0 0.31640625 0.3408203125 0.0390625 0.048828125
0 0.18203125 0.4326171875 0.0390625 0.048828125
0 0.39921875 0.5712890625 0.0390625 0.048828125
0 0.35703125 0.5107421875 0.0390625 0.048828125
0 0.13671875 0.4267578125 0.0390625 0.048828125
0 0.30859375 0.6728515625 0.0390625 0.048828125
0 0.22109375 0.6064453125 0.0390625 0.048828125
0 0.26796875 0.4990234375 0.0390625 0.048828125
0 0.44921875 0.3017578125 0.0390625 0.048828125
0 0.57265625 0.5380859375 0.0390625 0.048828125
0 0.26953125 0.4443359375 0.0390625 0.048828125
0 0.18515625 0.3212890625 0.0390625 0.048828125
0 0.56953125 0.6494140625 0.0390625 0.048828125
0 0.13359375 0.5380859375 0.0390625 0.048828125
0 0.23046875 0.2724609375 0.0390625 0.048828125
0 0.35859375 0.4013671875 0.0390625 0.048828125
0 0.39609375 0.6826171875 0.0390625 0.048828125
0 0.49140625 0.3095703125 0.0390625 0.048828125
0 0.53359375 0.3681640625 0.0390625 0.048828125
0 0.12890625 0.6513671875 0.0390625 0.048828125
0 0.14140625 0.2607421875 0.0390625 0.048828125
