0 0.33359375 0.5341796875 0.0390625 0.048828125
0 0.47578125 0.5302734375 0.0390625 0.048828125
0 0.58671875 0.4208984375 0.0390625 0.048828125
0 0.42265625 0.6689453125 0.0390625 0.048828125
0 0.36484375 0.6376953125 0.0390625 0.048828125
0 0.65078125 0.6298828125 0.0390625 0.048828125
0 0.53359375 0.5634765625 0.0390625 0.048828125
0 0.27578125 0.5009765625 0.0390625 0.048828125
0 0.33984375 0.7060546875 0.0390625 0.048828125
0 0.53828125 0.7353515625 0.0390625 0.048828125
0 0.41796875 0.4970703125 0.0390625 0.048828125
0 0.42734375 0.8427734375 0.0390625 0.048828125
0 0.62265625 0.7001953125 0.0390625 0.048828125
0 0.68828125 0.4345703125 0.0390625 0.048828125
0 0.56015625 0.4912109375 0.0390625 0.048828125
0 0.59140625 0.5966796875 0.0390625 0.048828125
0 0.52890625 0.3876953125 0.0390625 0.048828125
0 0.32734375 0.8271484375 0.0390625 0.048828125
0 0.73515625 0.5908203125 0.0390625 0.048828125
0 0.39609375 0.7392578125 0.0390625 0.048828125
0 0.26640625 0.6220703125 0.0390625 0.048828125
0 0.64453125 0.4541015625 0.0390625 0.048828125
0 0.61328125 0.3486328125 0.0390625 0.048828125
0 0.44921875 0.5986328125 0.0390625 0.048828125
0 0.70390625 0.4873046875 0.0390625 0.048828125
0 0.60703125 0.6474609375 0.0390625 0.048828125
0 0.63828125 0.7509765625 0.0390625 0.048828125
0 0.44453125 0.4267578125 0.0390625 0.048828125
0 0.37578125 0.5146484375 0.0390625 0.048828125
0 0.61796875 0.5244140625 0.0390625 0.048828125
0 0.67734375 0.5576171875 0.0390625 0.048828125
0 0.43828125 0.7216796875 0.0390625 0.048828125
0 0.31796875 0.4814453125 0.0390625 0.048828125
0 0.39140625 0.5673828125 0.0390625 0.048828125
0 0.59609375 0.7685546875 0.0390625 0.048828125
0 0.58046875 0.7177734375 0.0390625 0.048828125
0 0.56484375 0.6669921875 0.0390625 0.048828125
0 0.32421875 0.6552734375 0.0390625 0.048828125
0 0.70859375 0.6630859375 0.0390625 0.048828125
0 0.69296875 0.6103515625 0.0390625 0.048828125
0 0.23359375 0.5185546875 0.0390625 0.048828125
0 0.45390625 0.7724609375 0.0390625 0.048828125
0 0.67265625 0.3818359375 0.0390625 0.048828125
0 0.31171875 0.7763671875 0.0390625 0.048828125
0 0.57578125 0.5439453125 0.0390625 0.048828125
0 0.75078125 0.6435546875 0.0390625 0.048828125
0 0.50234375 0.4580078125 0.0390625 0.048828125
0 0.36953125 0.8095703125 0.0390625 0.048828125
0 0.36015625 0.4638671875 0.0390625 0.048828125
0 0.48671875 0.4072265625 0.0390625 0.048828125
0 0.48046875 0.7021484375 0.0390625 0.048828125
0 0.68046875 0.7333984375 0.0390625 0.048828125
0 0.38046875 0.6884765625 0.0390625 0.048828125
0 0.46484375 0.6513671875 0.0390625 0.048828125
0 0.52265625 0.6845703125 0.0390625 0.048828125
0 0.63359375 0.5771484375 0.0390625 0.048828125
0 0.60234375 0.4736328125 0.0390625 0.048828125
0 0.28203125 0.6728515625 0.0390625 0.048828125
0 0.24921875 0.5712890625 0.0390625 0.048828125
0 0.51171875 0.8056640625 0.0390625 0.048828125
0 0.46015625 0.4775390625 0.0390625 0.048828125
0 0.54921875 0.6142578125 0.0390625 0.048828125
0 0.65546875 0.3291015625 0.0390625 0.048828125
0 0.43359375 0.5478515625 0.0390625 0.048828125
0 0.76640625 0.6962890625 0.0390625 0.048828125
0 0.40234375 0.4443359375 0.0390625 0.048828125
0 0.49140625 0.5810546875 0.0390625 0.048828125
0 0.66171875 0.5068359375 0.0390625 0.048828125
0 0.49609375 0.7548828125 0.0390625 0.048828125
0 0.41171875 0.7900390625 0.0390625 0.048828125
0 0.62890625 0.4013671875 0.0390625 0.048828125
0 0.40703125 0.6181640625 0.0390625 0.048828125
0 0.46953125 0.8232421875 0.0390625 0.048828125
0 0.30703125 0.6044921875 0.0390625 0.048828125
0 0.72421875 0.7138671875 0.0390625 0.048828125
0 0.38515625 0.8603515625 0.0390625 0.048828125
0 0.66484375 0.6806640625 0.0390625 0.048828125
0 0.54453125 0.4404296875 0.0390625 0.048828125
0 0.29609375 0.7255859375 0.0390625 0.048828125
0 0.51796875 0.5107421875 0.0390625 0.048828125
0 0.29140625 0.5517578125 0.0390625 0.048828125
0 0.50703125 0.6318359375 0.0390625 0.048828125
0 0.71953125 0.5400390625 0.0390625 0.048828125
0 0.35078125 0.5849609375 0.0390625 0.048828125
0 0.34296875 0.8779296875 0.0390625 0.048828125
0 0.35390625 0.7568359375 0.0390625 0.048828125
0 0.57109375 0.3681640625 0.0390625 0.048828125
0 0.55390625 0.7880859375 0.0390625 0.048828125
