0 0.496875 0.595703125 0.040625 0.05078125
0 0.4234375 0.611328125 0.040625 0.05078125
0 0.60546875 0.517578125 0.0390625 0.05078125
0 0.73515625 0.6650390625 0.0421875 0.048828125
0 0.6859375 0.5595703125 0.040625 0.052734375
0 0.7171875 0.4404296875 0.040625 0.048828125
0 0.653125 0.623046875 0.040625 0.05078125
0 0.721875 0.49609375 0.040625 0.05078125
0 0.609375 0.57421875 0.0375 0.05078125
0 0.75625 0.43359375 0.040625 0.05078125
0 0.57265625 0.58203125 0.0390625 0.05078125
0 0.784375 0.771484375 0.040625 0.046875
0 0.53046875 0.533203125 0.0421875 0.05078125
0 0.509375 0.759765625 0.040625 0.05078125
0 0.471875 0.767578125 0.040625 0.05078125
0 0.54296875 0.69921875 0.0390625 0.05078125
0 0.57578125 0.6357421875 0.0390625 0.048828125
0 0.6828125 0.50390625 0.040625 0.05078125
0 0.45625 0.546875 0.040625 0.05078125
0 0.678125 0.447265625 0.040625 0.05078125
0 0.7703125 0.6015625 0.040625 0.05078125
0 0.415625 0.501953125 0.040625 0.05078125
0 0.54765625 0.75390625 0.0390625 0.05078125
0 0.46015625 0.603515625 0.0421875 0.05078125
0 0.621875 0.7392578125 0.040625 0.048828125
0 0.434375 0.775390625 0.040625 0.05078125
0 0.64375 0.51171875 0.040625 0.05078125
0 0.47578125 0.82421875 0.0421875 0.05078125
0 0.584375 0.74609375 0.040625 0.05078125
0 0.65703125 0.677734375 0.0421875 0.05078125
0 0.390625 0.671875 0.040625 0.05078125
0 0.55078125 0.8095703125 0.0390625 0.048828125
0 0.61875 0.6845703125 0.040625 0.048828125
0 0.4890625 0.486328125 0.040625 0.05078125
0 0.7 0.7265625 0.040625 0.05078125
0 0.58828125 0.8037109375 0.0328125 0.044921875
0 0.7390625 0.720703125 0.040625 0.046875
0 0.4390625 0.8291015625 0.040625 0.048828125
0 0.534375 0.587890625 0.040625 0.05078125
0 0.6390625 0.4560546875 0.040625 0.048828125
0 0.3828125 0.5625 0.040625 0.05078125
0 0.70390625 0.78515625 0.0421875 0.05078125
0 0.3984375 0.779296875 0.040625 0.05078125
0 0.63671875 0.4013671875 0.0390625 0.048828125
0 0.45 0.4384765625 0.03125 0.044921875
0 0.56953125 0.5263671875 0.0421875 0.048828125
0 0.6015625 0.462890625 0.0375 0.05078125
0 0.77421875 0.65625 0.0421875 0.05078125
0 0.6609375 0.734375 0.040625 0.05078125
0 0.6921875 0.6142578125 0.040625 0.048828125
0 0.559375 0.416015625 0.040625 0.05078125
0 0.49375 0.5419921875 0.040625 0.048828125
0 0.53984375 0.64453125 0.0390625 0.05078125
0 0.52265625 0.423828125 0.0421875 0.05078125
0 0.46796875 0.712890625 0.0421875 0.05078125
0 0.4015625 0.8359375 0.040625 0.05078125
0 0.646875 0.56640625 0.040625 0.05078125
0 0.628125 0.796875 0.040625 0.05078125
0 0.5015625 0.650390625 0.040625 0.046875
0 0.4640625 0.65625 0.040625 0.05078125
0 0.51328125 0.81640625 0.0390625 0.05078125
0 0.5984375 0.41015625 0.040625 0.05078125
0 0.7296875 0.607421875 0.040625 0.05078125
0 0.75234375 0.375 0.0390625 0.05078125
0 0.378125 0.5078125 0.040625 0.05078125
0 0.69453125 0.671875 0.0390625 0.05078125
0 0.43125 0.71875 0.040625 0.05078125
0 0.4859375 0.4326171875 0.040625 0.048828125
0 0.41875 0.5546875 0.040625 0.05078125
0 0.7453125 0.77734375 0.040625 0.05078125
0 0.66640625 0.7900390625 0.0390625 0.048828125
0 0.4109375 0.447265625 0.040625 0.05078125
0 0.675 0.392578125 0.040625 0.05078125
0 0.5640625 0.4716796875 0.040625 0.048828125
0 0.5265625 0.4765625 0.040625 0.05078125
0 0.5046875 0.7060546875 0.040625 0.048828125
0 0.45234375 0.494140625 0.0421875 0.05078125
0 0.3859375 0.6162109375 0.040625 0.048828125
0 0.6140625 0.62890625 0.040625 0.05078125
0 0.3765625 0.453125 0.040625 0.05078125
0 0.7140625 0.3837890625 0.040625 0.048828125
0 0.4265625 0.666015625 0.040625 0.05078125
0 0.39375 0.7255859375 0.040625 0.048828125
0 0.72578125 0.552734375 0.0390625 0.05078125
0 0.7640625 0.5439453125 0.040625 0.048828125
0 0.58046875 0.689453125 0.0390625 0.05078125
0 0.7609375 0.490234375 0.040625 0.05078125
0 0.77890625 0.71484375 0.0390625 0.05078125
