0 0.50234375 0.5986328125 0.0390625 0.048828125
0 0.57734375 0.6123046875 0.0390625 0.048828125
0 0.39140625 0.5224609375 0.0390625 0.048828125
0 0.26171875 0.6748046875 0.0390625 0.048828125
0 0.31015625 0.5654296875 0.0390625 0.048828125
0 0.27734375 0.4443359375 0.0390625 0.048828125
0 0.34453125 0.6298828125 0.0390625 0.048828125
0 0.27421875 0.5029296875 0.0390625 0.048828125
0 0.38828125 0.5791015625 0.0390625 0.048828125
0 0.23671875 0.4384765625 0.0390625 0.048828125
0 0.42578125 0.5869140625 0.0390625 0.048828125
0 0.21328125 0.7841796875 0.0390625 0.048828125
0 0.46796875 0.5361328125 0.0390625 0.048828125
0 0.49296875 0.7685546875 0.0390625 0.048828125
0 0.53046875 0.7744140625 0.0390625 0.048828125
0 0.45703125 0.7060546875 0.0390625 0.048828125
0 0.42265625 0.6416015625 0.0390625 0.048828125
0 0.31328125 0.5087890625 0.0390625 0.048828125
0 0.54296875 0.5498046875 0.0390625 0.048828125
0 0.31640625 0.4521484375 0.0390625 0.048828125
0 0.22578125 0.6103515625 0.0390625 0.048828125
0 0.58359375 0.5009765625 0.0390625 0.048828125
0 0.45390625 0.7607421875 0.0390625 0.048828125
0 0.53984375 0.6064453125 0.0390625 0.048828125
0 0.37734375 0.7490234375 0.0390625 0.048828125
0 0.56796875 0.7802734375 0.0390625 0.048828125
0 0.35234375 0.5166015625 0.0390625 0.048828125
0 0.52734375 0.8310546875 0.0390625 0.048828125
0 0.41484375 0.7548828125 0.0390625 0.048828125
0 0.34140625 0.6865234375 0.0390625 0.048828125
0 0.61171875 0.6748046875 0.0390625 0.048828125
0 0.45078125 0.8193359375 0.0390625 0.048828125
0 0.38046875 0.6923828125 0.0390625 0.048828125
0 0.50859375 0.4873046875 0.0390625 0.048828125
0 0.29765625 0.7373046875 0.0390625 0.048828125
0 0.4125 0.8134765625 0.03125 0.044921875
0 0.25859375 0.7314453125 0.0390625 0.048828125
0 0.56484375 0.8369140625 0.0390625 0.048828125
0 0.46484375 0.5927734375 0.0390625 0.048828125
0 0.35546875 0.4599609375 0.0390625 0.048828125
0 0.61796875 0.5634765625 0.0390625 0.048828125
0 0.29453125 0.7958984375 0.0390625 0.048828125
0 0.60546875 0.7861328125 0.0390625 0.048828125
0 0.35859375 0.4033203125 0.0390625 0.048828125
0 0.54921875 0.4384765625 0.0296875 0.044921875
0 0.42890625 0.5302734375 0.0390625 0.048828125
0 0.39453125 0.4658203125 0.0390625 0.048828125
0 0.22265625 0.6669921875 0.0390625 0.048828125
0 0.33828125 0.7431640625 0.0390625 0.048828125
0 0.30546875 0.6220703125 0.0390625 0.048828125
0 0.43671875 0.4169921875 0.0390625 0.048828125
0 0.50546875 0.5439453125 0.0390625 0.048828125
0 0.46015625 0.6494140625 0.0390625 0.048828125
0 0.47421875 0.4248046875 0.0390625 0.048828125
0 0.53359375 0.7177734375 0.0390625 0.048828125
0 0.60234375 0.8427734375 0.0390625 0.048828125
0 0.34921875 0.5732421875 0.0390625 0.048828125
0 0.37265625 0.8076171875 0.0390625 0.048828125
0 0.49921875 0.6552734375 0.0390625 0.048828125
0 0.53671875 0.6611328125 0.0390625 0.048828125
0 0.48828125 0.8251953125 0.0390625 0.048828125
0 0.39765625 0.4111328125 0.0390625 0.048828125
0 0.26640625 0.6162109375 0.0390625 0.048828125
0 0.24140625 0.3798828125 0.0390625 0.048828125
0 0.62109375 0.5087890625 0.0390625 0.048828125
0 0.30234375 0.6806640625 0.0390625 0.048828125
0 0.57109375 0.7236328125 0.0390625 0.048828125
0 0.51171875 0.4326171875 0.0390625 0.048828125
0 0.58046875 0.5556640625 0.0390625 0.048828125
0 0.25390625 0.7900390625 0.0390625 0.048828125
0 0.33359375 0.8017578125 0.0390625 0.048828125
0 0.58671875 0.4462890625 0.0390625 0.048828125
0 0.31953125 0.3955078125 0.0390625 0.048828125
0 0.43359375 0.4736328125 0.0390625 0.048828125
0 0.47109375 0.4794921875 0.0390625 0.048828125
0 0.49609375 0.7119140625 0.0390625 0.048828125
0 0.54609375 0.4951171875 0.0390625 0.048828125
0 0.61484375 0.6181640625 0.0390625 0.048828125
0 0.38359375 0.6357421875 0.0390625 0.048828125
0 0.62265625 0.4521484375 0.0390625 0.048828125
0 0.28046875 0.3876953125 0.0390625 0.048828125
0 0.57421875 0.6689453125 0.0390625 0.048828125
0 0.60859375 0.7294921875 0.0390625 0.048828125
0 0.26953125 0.5595703125 0.0390625 0.048828125
0 0.23046875 0.5517578125 0.0390625 0.048828125
0 0.41953125 0.6982421875 0.0390625 0.048828125
0 0.23359375 0.4951171875 0.0390625 0.048828125
0 0.21796875 0.7255859375 0.0390625 0.048828125
