0 0.83359375 0.55078125 0.0484375 0.05078125
0 0.7703125 0.453125 0.05 0.05078125
0 0.45390625 0.2177734375 0.0484375 0.052734375
0 0.56953125 0.4111328125 0.0484375 0.052734375
0 0.38359375 0.2890625 0.0484375 0.05078125
0 0.58984375 0.16015625 0.0484375 0.05078125
0 0.63671875 0.4267578125 0.0484375 0.052734375
0 0.62109375 0.67578125 0.0484375 0.05078125
0 0.5171875 0.23046875 0.05 0.05078125
0 0.69765625 0.5244140625 0.0484375 0.052734375
0 0.7921875 0.671875 0.05 0.05078125
0 0.50078125 0.482421875 0.0484375 0.05078125
0 0.7546875 0.705078125 0.05 0.05078125
0 0.64296875 0.3408203125 0.0484375 0.052734375
0 0.52265625 0.1474609375 0.0484375 0.052734375
0 0.4890625 0.1826171875 0.05 0.052734375
0 0.47578125 0.3515625 0.0484375 0.05078125
0 0.59140625 0.6279296875 0.0484375 0.052734375
0 0.4125 0.3369140625 0.05 0.052734375
0 0.61328125 0.29296875 0.0484375 0.05078125
0 0.69140625 0.607421875 0.0484375 0.05078125
0 0.76484375 0.5380859375 0.0484375 0.052734375
0 0.61875 0.2080078125 0.05 0.052734375
0 0.56640625 0.4970703125 0.0484375 0.052734375
0 0.4421875 0.384765625 0.05 0.05078125
0 0.63046875 0.509765625 0.0484375 0.05078125
0 0.58359375 0.2451171875 0.0484375 0.052734375
0 0.75859375 0.6220703125 0.0484375 0.052734375
0 0.7328125 0.48828125 0.05 0.05078125
0 0.41875 0.25390625 0.05 0.05078125
0 0.57578125 0.3291015625 0.0484375 0.052734375
0 0.70390625 0.4384765625 0.0484375 0.052734375
0 0.471875 0.4345703125 0.05 0.052734375
0 0.715625 0.2705078125 0.05 0.052734375
0 0.68359375 0.7734375 0.0484375 0.05078125
0 0.60546875 0.3779296875 0.0484375 0.052734375
0 0.671875 0.390625 0.05 0.05078125
0 0.68359375 0.22265625 0.0484375 0.05078125
0 0.6546875 0.1728515625 0.05 0.052734375
0 0.53671875 0.447265625 0.0484375 0.05078125
0 0.4484375 0.3037109375 0.05 0.052734375
0 0.709375 0.35546875 0.05 0.05078125
0 0.6875 0.6904296875 0.05 0.052734375
0 0.6484375 0.2578125 0.05 0.05078125
0 0.8015625 0.5029296875 0.05 0.052734375
0 0.74453125 0.3203125 0.0484375 0.05078125
0 0.5109375 0.31640625 0.05 0.05078125
0 0.625 0.5927734375 0.05 0.052734375
0 0.56015625 0.578125 0.0484375 0.05078125
0 0.65234375 0.7255859375 0.0484375 0.052734375
0 0.7234375 0.6572265625 0.05 0.052734375
0 0.6625 0.5595703125 0.05 0.052734375
0 0.5953125 0.544921875 0.05 0.05078125
0 0.8078125 0.41796875 0.05 0.05078125
0 0.7390625 0.4052734375 0.05 0.052734375
0 0.79609375 0.5869140625 0.0484375 0.052734375
0 0.50546875 0.3994140625 0.0484375 0.052734375
0 0.5953125 0.0732421875 0.05 0.052734375
0 0.8390625 0.4677734375 0.05 0.052734375
0 0.65625 0.642578125 0.05 0.05078125
0 0.6171875 0.7587890625 0.05 0.052734375
0 0.55390625 0.1953125 0.0484375 0.05078125
0 0.7765625 0.3681640625 0.05 0.052734375
0 0.66640625 0.4736328125 0.0484375 0.052734375
0 0.678125 0.3056640625 0.05 0.052734375
0 0.54609375 0.2802734375 0.0484375 0.052734375
0 0.6015625 0.4619140625 0.05 0.052734375
0 0.37734375 0.3720703125 0.0484375 0.052734375
0 0.6484375 0.806640625 0.05 0.05078125
0 0.48125 0.2666015625 0.05 0.052734375
0 0.40703125 0.419921875 0.0484375 0.05078125
0 0.71953125 0.740234375 0.0484375 0.05078125
0 0.43671875 0.4677734375 0.0484375 0.052734375
0 0.540625 0.3642578125 0.05 0.052734375
0 0.625 0.123046875 0.05 0.05078125
0 0.72890625 0.5712890625 0.0484375 0.052734375
0 0.465625 0.517578125 0.05 0.05078125
0 0.56015625 0.1103515625 0.0484375 0.052734375
0 0.5859375 0.708984375 0.05 0.05078125
0 0.8703125 0.515625 0.05 0.05078125
0 0.55625 0.6611328125 0.05 0.052734375
0 0.35 0.32421875 0.05 0.05078125
0 0.525 0.61328125 0.05 0.05078125
0 0.53046875 0.5302734375 0.0484375 0.052734375
0 0.4953125 0.5654296875 0.05 0.052734375
0 0.86484375 0.6005859375 0.0484375 0.052734375
0 0.90234375 0.5654296875 0.0484375 0.052734375
0 0.82734375 0.6357421875 0.0484375 0.052734375
