0 0.31171875 0.2607421875 0.0390625 0.048828125
0 0.64453125 0.4599609375 0.0390625 0.048828125
0 0.25234375 0.5849609375 0.0390625 0.048828125
0 0.48671875 0.3056640625 0.0390625 0.048828125
0 0.66328125 0.3525390625 0.0390625 0.048828125
0 0.48203125 0.5888671875 0.0390625 0.048828125
0 0.44765625 0.5224609375 0.0390625 0.048828125
0 0.69765625 0.4169921875 0.0390625 0.048828125
0 0.46796875 0.4130859375 0.0390625 0.048828125
0 0.30546875 0.5419921875 0.0390625 0.048828125
0 0.66015625 0.6357421875 0.0390625 0.048828125
0 0.62578125 0.5693359375 0.0390625 0.048828125
0 0.38984375 0.3369140625 0.0390625 0.048828125
0 0.35078125 0.5537109375 0.0390625 0.048828125
0 0.29140625 0.3681640625 0.0390625 0.048828125
0 0.52734375 0.6005859375 0.0390625 0.048828125
0 0.60546875 0.6787109375 0.0390625 0.048828125
0 0.40390625 0.5107421875 0.0390625 0.048828125
0 0.50234375 0.4794921875 0.0390625 0.048828125
0 0.27265625 0.4755859375 0.0390625 0.048828125
0 0.33515625 0.3798828125 0.0390625 0.048828125
0 0.52109375 0.3720703125 0.0390625 0.048828125
0 0.56484375 0.3837890625 0.0390625 0.048828125
0 0.37109375 0.4443359375 0.0390625 0.048828125
0 0.54609375 0.4912109375 0.0390625 0.048828125
0 0.51171875 0.4248046875 0.0390625 0.048828125
0 0.47265625 0.6435546875 0.0390625 0.048828125
0 0.58046875 0.5576171875 0.0390625 0.048828125
0 0.65078125 0.6923828125 0.0390625 0.048828125
0 0.35546875 0.2724609375 0.0390625 0.048828125
0 0.42890625 0.6318359375 0.0390625 0.048828125
0 0.32578125 0.4326171875 0.0390625 0.048828125
0 0.25703125 0.3017578125 0.0390625 0.048828125
0 0.32109375 0.2060546875 0.0390625 0.048828125
0 0.70703125 0.3642578125 0.0390625 0.048828125
0 0.40859375 0.2294921875 0.0390625 0.048828125
0 0.68828125 0.4716796875 0.0390625 0.048828125
0 0.43359375 0.3486328125 0.0390625 0.048828125
0 0.60859375 0.3955078125 0.0390625 0.048828125
0 0.27734375 0.1943359375 0.0390625 0.048828125
0 0.58359375 0.2744140625 0.0390625 0.048828125
0 0.22890625 0.4638671875 0.0390625 0.048828125
0 0.34609375 0.3251953125 0.0390625 0.048828125
0 0.57109375 0.6123046875 0.0390625 0.048828125
0 0.58984375 0.5029296875 0.0390625 0.048828125
0 0.62734375 0.2861328125 0.0390625 0.048828125
0 0.45234375 0.2412109375 0.0390625 0.048828125
0 0.23828125 0.4091796875 0.0390625 0.048828125
0 0.20859375 0.5732421875 0.0390625 0.048828125
0 0.41328125 0.4560546875 0.0390625 0.048828125
0 0.42421875 0.4033203125 0.0390625 0.048828125
0 0.53046875 0.3173828125 0.0390625 0.048828125
0 0.29609375 0.5966796875 0.0390625 0.048828125
0 0.67265625 0.2978515625 0.0390625 0.048828125
0 0.39453125 0.5654296875 0.0390625 0.048828125
0 0.56171875 0.6669921875 0.0390625 0.048828125
0 0.67890625 0.5263671875 0.0390625 0.048828125
0 0.49609375 0.2529296875 0.0390625 0.048828125
0 0.36015625 0.4990234375 0.0390625 0.048828125
0 0.59921875 0.4482421875 0.0390625 0.048828125
0 0.39921875 0.2822265625 0.0390625 0.048828125
0 0.33984375 0.6083984375 0.0390625 0.048828125
0 0.24765625 0.3564453125 0.0390625 0.048828125
0 0.30234375 0.3134765625 0.0390625 0.048828125
0 0.38515625 0.6201171875 0.0390625 0.048828125
0 0.57421875 0.3291015625 0.0390625 0.048828125
0 0.66953125 0.5810546875 0.0390625 0.048828125
0 0.53984375 0.2646484375 0.0390625 0.048828125
0 0.21796875 0.5185546875 0.0390625 0.048828125
0 0.63515625 0.5146484375 0.0390625 0.048828125
0 0.47734375 0.3603515625 0.0390625 0.048828125
0 0.26171875 0.5302734375 0.0390625 0.048828125
0 0.53671875 0.5458984375 0.0390625 0.048828125
0 0.36484375 0.2177734375 0.0390625 0.048828125
0 0.31640625 0.4873046875 0.0390625 0.048828125
0 0.28203125 0.4208984375 0.0390625 0.048828125
0 0.71640625 0.3095703125 0.0390625 0.048828125
0 0.43828125 0.5771484375 0.0390625 0.048828125
0 0.61953125 0.3408203125 0.0390625 0.048828125
0 0.51640625 0.6552734375 0.0390625 0.048828125
0 0.45859375 0.4677734375 0.0390625 0.048828125
0 0.49296875 0.5341796875 0.0390625 0.048828125
0 0.44296875 0.2939453125 0.0390625 0.048828125
0 0.55546875 0.4365234375 0.0390625 0.048828125
0 0.38046875 0.3916015625 0.0390625 0.048828125
0 0.26796875 0.2490234375 0.0390625 0.048828125
0 0.65390625 0.4052734375 0.0390625 0.048828125
0 0.61484375 0.6240234375 0.0390625 0.048828125
