0 0.81484375 0.1064453125 0.0453125 0.060546875
0 0.48828125 0.4345703125 0.0453125 0.060546875
0 0.371875 0.4404296875 0.046875 0.060546875
0 0.6828125 0.2060546875 0.046875 0.060546875
0 0.50703125 0.3408203125 0.0453125 0.060546875
0 0.66640625 0.3017578125 0.0453125 0.060546875
0 0.85234375 0.3271484375 0.0453125 0.060546875
0 0.471875 0.5322265625 0.046875 0.060546875
0 0.56875 0.2099609375 0.046875 0.060546875
0 0.890625 0.5458984375 0.046875 0.060546875
0 0.51640625 0.4990234375 0.0453125 0.060546875
0 0.6390625 0.2392578125 0.046875 0.060546875
0 0.55 0.3076171875 0.046875 0.060546875
0 0.628125 0.7490234375 0.046875 0.060546875
0 0.5 0.5947265625 0.046875 0.060546875
0 0.9078125 0.4521484375 0.046875 0.060546875
0 0.84296875 0.1689453125 0.0453125 0.060546875
0 0.5328125 0.4013671875 0.046875 0.060546875
0 0.80390625 0.6142578125 0.0453125 0.060546875
0 0.65 0.3994140625 0.046875 0.060546875
0 0.621875 0.3349609375 0.046875 0.060546875
0 0.4609375 0.3740234375 0.046875 0.060546875
0 0.728125 0.1728515625 0.046875 0.060546875
0 0.7890625 0.0458984375 0.046875 0.060546875
0 0.8203125 0.5166015625 0.046875 0.060546875
0 0.95234375 0.4189453125 0.0453125 0.060546875
0 0.9359375 0.5126953125 0.046875 0.060546875
0 0.73125 0.5849609375 0.046875 0.060546875
0 0.5890625 0.5263671875 0.046875 0.060546875
0 0.4828125 0.6943359375 0.046875 0.060546875
0 0.8375 0.4228515625 0.046875 0.060546875
0 0.65546875 0.1455078125 0.0453125 0.060546875
0 0.7984375 0.2021484375 0.046875 0.060546875
0 0.7171875 0.6826171875 0.046875 0.060546875
0 0.5609375 0.4638671875 0.046875 0.060546875
0 0.721875 0.4248046875 0.046875 0.060546875
0 0.390625 0.3427734375 0.046875 0.060546875
0 0.7109375 0.2685546875 0.046875 0.060546875
0 0.54375 0.5615234375 0.046875 0.060546875
0 0.74453125 0.0771484375 0.0453125 0.060546875
0 0.69453125 0.3642578125 0.0453125 0.060546875
0 0.57734375 0.3701171875 0.0453125 0.060546875
0 0.4796875 0.2744140625 0.046875 0.060546875
0 0.44375 0.4697265625 0.046875 0.060546875
0 0.39921875 0.5029296875 0.0453125 0.060546875
0 0.60546875 0.4306640625 0.0453125 0.060546875
0 0.67578125 0.4599609375 0.0453125 0.060546875
0 0.5390625 0.8193359375 0.046875 0.060546875
0 0.59375 0.2724609375 0.046875 0.060546875
0 0.64453125 0.6533203125 0.0453125 0.060546875
0 0.9796875 0.4794921875 0.028125 0.060546875
0 0.92421875 0.3544921875 0.0453125 0.060546875
0 0.6328125 0.4931640625 0.046875 0.060546875
0 0.86875 0.2294921875 0.046875 0.060546875
0 0.896875 0.2919921875 0.046875 0.060546875
0 0.75390625 0.2333984375 0.0453125 0.060546875
0 0.7609375 0.6474609375 0.046875 0.060546875
0 0.4546875 0.6279296875 0.046875 0.060546875
0 0.415625 0.4052734375 0.046875 0.060546875
0 0.6 0.6865234375 0.046875 0.060546875
0 0.6609375 0.5556640625 0.046875 0.060546875
0 0.571875 0.6240234375 0.046875 0.060546875
0 0.6890625 0.6201171875 0.046875 0.060546875
0 0.5828125 0.7861328125 0.046875 0.060546875
0 0.42734375 0.5654296875 0.0453125 0.060546875
0 0.7390625 0.3310546875 0.046875 0.060546875
0 0.55546875 0.7236328125 0.0453125 0.060546875
0 0.7484375 0.4892578125 0.046875 0.060546875
0 0.7765625 0.5517578125 0.046875 0.060546875
0 0.7015625 0.1103515625 0.046875 0.060546875
0 0.7703125 0.1396484375 0.046875 0.060546875
0 0.5234375 0.2431640625 0.046875 0.060546875
0 0.79296875 0.4541015625 0.0453125 0.060546875
0 0.52734375 0.6572265625 0.0453125 0.060546875
0 0.865625 0.4833984375 0.046875 0.060546875
0 0.76484375 0.3935546875 0.0453125 0.060546875
0 0.34375 0.3779296875 0.046875 0.060546875
0 0.671875 0.7158203125 0.046875 0.060546875
0 0.809375 0.3603515625 0.046875 0.060546875
0 0.6125 0.1767578125 0.046875 0.060546875
0 0.78125 0.2978515625 0.046875 0.060546875
0 0.70390625 0.5224609375 0.0453125 0.060546875
0 0.8796875 0.3896484375 0.046875 0.060546875
0 0.8265625 0.2626953125 0.046875 0.060546875
0 0.8484375 0.5810546875 0.046875 0.060546875
0 0.5109375 0.7568359375 0.046875 0.060546875
0 0.61640625 0.5908203125 0.0453125 0.060546875
0 0.4328125 0.3095703125 0.046875 0.060546875
