0 0.31171875 0.3701171875 0.0390625 0.048828125
0 0.63671875 0.6728515625 0.0390625 0.048828125
0 0.46640625 0.4814453125 0.0390625 0.048828125
0 0.58984375 0.4482421875 0.0390625 0.048828125
0 0.52734375 0.4658203125 0.0390625 0.048828125
0 0.63515625 0.3564453125 0.0390625 0.048828125
0 0.68359375 0.5791015625 0.0390625 0.048828125
0 0.35703125 0.2783203125 0.0390625 0.048828125
0 0.61796875 0.2822265625 0.0390625 0.048828125
0 0.34296875 0.5166015625 0.0390625 0.048828125
0 0.48046875 0.2431640625 0.0390625 0.048828125
0 0.40546875 0.4990234375 0.0390625 0.048828125
0 0.41171875 0.3798828125 0.0390625 0.048828125
0 0.47265625 0.3623046875 0.0390625 0.048828125
0 0.53515625 0.6611328125 0.0390625 0.048828125
0 0.64453125 0.5498046875 0.0390625 0.048828125
0 0.57265625 0.3740234375 0.0390625 0.048828125
0 0.38203125 0.5458984375 0.0390625 0.048828125
0 0.25078125 0.3857421875 0.0390625 0.048828125
0 0.38046875 0.2333984375 0.0390625 0.048828125
0 0.55859375 0.6142578125 0.0390625 0.048828125
0 0.66015625 0.6259765625 0.0390625 0.048828125
0 0.66640625 0.5048828125 0.0390625 0.048828125
0 0.36328125 0.1591796875 0.0390625 0.048828125
0 0.41953125 0.2607421875 0.0390625 0.048828125
0 0.65703125 0.3095703125 0.0390625 0.048828125
0 0.29609375 0.2958984375 0.0390625 0.048828125
0 0.46328125 0.1708984375 0.0390625 0.048828125
0 0.62109375 0.5966796875 0.0390625 0.048828125
0 0.44296875 0.5283203125 0.0390625 0.048828125
0 0.60546875 0.5224609375 0.0390625 0.048828125
0 0.34140625 0.2060546875 0.0390625 0.048828125
0 0.53515625 0.3447265625 0.0390625 0.048828125
0 0.43515625 0.3349609375 0.0390625 0.048828125
0 0.26640625 0.4599609375 0.0390625 0.048828125
0 0.44140625 0.2158203125 0.0390625 0.048828125
0 0.65078125 0.4306640625 0.0390625 0.048828125
0 0.59765625 0.6435546875 0.0390625 0.048828125
0 0.37421875 0.3525390625 0.0390625 0.048828125
0 0.36640625 0.4716796875 0.0390625 0.048828125
0 0.70546875 0.5341796875 0.0390625 0.048828125
0 0.31796875 0.2509765625 0.0390625 0.048828125
0 0.55703125 0.2998046875 0.0390625 0.048828125
0 0.41953125 0.5732421875 0.0390625 0.048828125
0 0.59609375 0.3271484375 0.0390625 0.048828125
0 0.35078125 0.3974609375 0.0390625 0.048828125
0 0.42734375 0.4541015625 0.0390625 0.048828125
0 0.68984375 0.4580078125 0.0390625 0.048828125
0 0.42421875 0.1416015625 0.0390625 0.048828125
0 0.32734375 0.4423828125 0.0390625 0.048828125
0 0.50546875 0.5107421875 0.0390625 0.048828125
0 0.57421875 0.6904296875 0.0390625 0.048828125
0 0.48203125 0.5576171875 0.0390625 0.048828125
0 0.30390625 0.4873046875 0.0390625 0.048828125
0 0.51171875 0.3916015625 0.0390625 0.048828125
0 0.40234375 0.1884765625 0.0390625 0.048828125
0 0.58203125 0.5673828125 0.0390625 0.048828125
0 0.33515625 0.3232421875 0.0390625 0.048828125
0 0.49609375 0.3173828125 0.0390625 0.048828125
0 0.54296875 0.5400390625 0.0390625 0.048828125
0 0.39609375 0.3056640625 0.0390625 0.048828125
0 0.69609375 0.3388671875 0.0390625 0.048828125
0 0.27421875 0.3408203125 0.0390625 0.048828125
0 0.51796875 0.2724609375 0.0390625 0.048828125
0 0.61328125 0.7197265625 0.0390625 0.048828125
0 0.45703125 0.2900390625 0.0390625 0.048828125
0 0.67265625 0.3837890625 0.0390625 0.048828125
0 0.53984375 0.2255859375 0.0390625 0.048828125
0 0.61171875 0.4013671875 0.0390625 0.048828125
0 0.48984375 0.4365234375 0.0390625 0.048828125
0 0.71171875 0.4130859375 0.0390625 0.048828125
0 0.77421875 0.3955078125 0.0390625 0.048828125
0 0.51953125 0.5849609375 0.0390625 0.048828125
0 0.75078125 0.4404296875 0.0390625 0.048828125
0 0.72890625 0.4873046875 0.0390625 0.048828125
0 0.55078125 0.4189453125 0.0390625 0.048828125
0 0.45859375 0.6025390625 0.0390625 0.048828125
0 0.38984375 0.4248046875 0.0390625 0.048828125
0 0.56640625 0.4931640625 0.0390625 0.048828125
0 0.49609375 0.6318359375 0.0390625 0.048828125
0 0.45078125 0.4072265625 0.0390625 0.048828125
0 0.73515625 0.3662109375 0.0390625 0.048828125
0 0.38515625 0.1142578125 0.0390625 0.048828125
0 0.28984375 0.4150390625 0.0390625 0.048828125
0 0.62734375 0.4755859375 0.0390625 0.048828125
0 0.50234375 0.1982421875 0.0390625 0.048828125
0 0.57890625 0.2548828125 0.0390625 0.048828125
0 0.22734375 0.4326171875 0.0390625 0.048828125
