0 0.67421875 0.3330078125 0.0390625 0.048828125
0 0.46171875 0.5986328125 0.0390625 0.048828125
0 0.52578125 0.4755859375 0.0390625 0.048828125
0 0.47578125 0.4267578125 0.0390625 0.048828125
0 0.72578125 0.3798828125 0.0390625 0.048828125
0 0.77578125 0.4287109375 0.0390625 0.048828125
0 0.59140625 0.3486328125 0.0390625 0.048828125
0 0.57578125 0.5224609375 0.0390625 0.048828125
0 0.64140625 0.3955078125 0.0390625 0.048828125
0 0.42734375 0.3798828125 0.0390625 0.048828125
0 0.44453125 0.4892578125 0.0390625 0.048828125
0 0.49296875 0.5361328125 0.0390625 0.048828125
0 0.69140625 0.4443359375 0.0390625 0.048828125
0 0.62578125 0.5693359375 0.0390625 0.048828125
0 0.41328125 0.5517578125 0.0390625 0.048828125
0 0.54296875 0.5849609375 0.0390625 0.048828125
0 0.67578125 0.6181640625 0.0390625 0.048828125
0 0.51171875 0.6455078125 0.0390625 0.048828125
0 0.47890625 0.7080078125 0.0390625 0.048828125
0 0.59296875 0.6318359375 0.0390625 0.048828125
0 0.37734375 0.3330078125 0.0390625 0.048828125
0 0.43046875 0.6611328125 0.0390625 0.048828125
0 0.74296875 0.4912109375 0.0390625 0.048828125
0 0.82734375 0.4755859375 0.0390625 0.048828125
0 0.72578125 0.6650390625 0.0390625 0.048828125
0 0.55859375 0.4111328125 0.0390625 0.048828125
0 0.75859375 0.3154296875 0.0390625 0.048828125
0 0.54140625 0.2998046875 0.0390625 0.048828125
0 0.60859375 0.4599609375 0.0390625 0.048828125
0 0.50859375 0.3642578125 0.0390625 0.048828125
0 0.75078125 0.2587890625 0.0390625 0.048828125
0 0.45859375 0.3173828125 0.0390625 0.048828125
0 0.71640625 0.3232421875 0.0390625 0.048828125
0 0.70859375 0.5556640625 0.0390625 0.048828125
0 0.62421875 0.2841796875 0.0390625 0.048828125
0 0.80234375 0.3076171875 0.0390625 0.048828125
0 0.39453125 0.4423828125 0.0390625 0.048828125
0 0.66640625 0.2763671875 0.0390625 0.048828125
0 0.64296875 0.6787109375 0.0390625 0.048828125
0 0.76015625 0.6025390625 0.0390625 0.048828125
0 0.65859375 0.5068359375 0.0390625 0.048828125
0 0.80234375 0.5947265625 0.0390625 0.048828125
0 0.81015625 0.3642578125 0.0390625 0.048828125
0 0.79296875 0.5400390625 0.0390625 0.048828125
0 0.81171875 0.6513671875 0.0390625 0.048828125
0 0.76796875 0.3720703125 0.0390625 0.048828125
0 0.56015625 0.6943359375 0.0390625 0.048828125
0 0.84453125 0.5888671875 0.0390625 0.048828125
0 0.51953125 0.7001953125 0.0390625 0.048828125
0 0.85390625 0.6435546875 0.0390625 0.048828125
0 0.76796875 0.6591796875 0.0390625 0.048828125
0 0.75078125 0.5478515625 0.0390625 0.048828125
0 0.71796875 0.6103515625 0.0390625 0.048828125
0 0.50234375 0.5908203125 0.0390625 0.048828125
0 0.56640625 0.4677734375 0.0390625 0.048828125
0 0.66640625 0.5615234375 0.0390625 0.048828125
0 0.61640625 0.5146484375 0.0390625 0.048828125
0 0.51796875 0.4189453125 0.0390625 0.048828125
0 0.48515625 0.4814453125 0.0390625 0.048828125
0 0.43828125 0.7158203125 0.0390625 0.048828125
0 0.60078125 0.6865234375 0.0390625 0.048828125
0 0.70859375 0.2666015625 0.0390625 0.048828125
0 0.58203125 0.2919921875 0.0390625 0.048828125
0 0.46796875 0.3720703125 0.0390625 0.048828125
0 0.40390625 0.4970703125 0.0390625 0.048828125
0 0.45390625 0.5439453125 0.0390625 0.048828125
0 0.41796875 0.3251953125 0.0390625 0.048828125
0 0.55234375 0.6396484375 0.0390625 0.048828125
0 0.43515625 0.4345703125 0.0390625 0.048828125
0 0.68515625 0.6728515625 0.0390625 0.048828125
0 0.54921875 0.3564453125 0.0390625 0.048828125
0 0.58359375 0.5771484375 0.0390625 0.048828125
0 0.59921875 0.4033203125 0.0390625 0.048828125
0 0.83671875 0.5322265625 0.0390625 0.048828125
0 0.70078125 0.4990234375 0.0390625 0.048828125
0 0.47109375 0.6533203125 0.0390625 0.048828125
0 0.64921875 0.4521484375 0.0390625 0.048828125
0 0.78515625 0.4833984375 0.0390625 0.048828125
0 0.38671875 0.3876953125 0.0390625 0.048828125
0 0.49921875 0.3095703125 0.0390625 0.048828125
0 0.53515625 0.5302734375 0.0390625 0.048828125
0 0.63203125 0.3408203125 0.0390625 0.048828125
0 0.63359375 0.6240234375 0.0390625 0.048828125
0 0.68359375 0.3876953125 0.0390625 0.048828125
0 0.79296875 0.2509765625 0.0390625 0.048828125
0 0.81953125 0.4189453125 0.0390625 0.048828125
0 0.42109375 0.6064453125 0.0390625 0.048828125
0 0.73359375 0.4365234375 0.0390625 0.048828125
