0 0.40546875 0.7314453125 0.0390625 0.048828125
0 0.52578125 0.2197265625 0.0390625 0.048828125
0 0.40234375 0.3134765625 0.0390625 0.048828125
0 0.62890625 0.3212890625 0.0390625 0.048828125
0 0.57578125 0.4814453125 0.0390625 0.048828125
0 0.59921875 0.3642578125 0.0390625 0.048828125
0 0.35078125 0.4736328125 0.0390625 0.048828125
0 0.48359375 0.5322265625 0.0390625 0.048828125
0 0.72578125 0.3466796875 0.0390625 0.048828125
0 0.47578125 0.7939453125 0.0390625 0.048828125
0 0.52421875 0.6376953125 0.0390625 0.048828125
0 0.43359375 0.6884765625 0.0390625 0.048828125
0 0.56484375 0.3310546875 0.0390625 0.048828125
0 0.69609375 0.3876953125 0.0390625 0.048828125
0 0.55234375 0.5966796875 0.0390625 0.048828125
0 0.50234375 0.7529296875 0.0390625 0.048828125
0 0.47734375 0.4560546875 0.0390625 0.048828125
0 0.63828125 0.4716796875 0.0390625 0.048828125
0 0.45546875 0.5732421875 0.0390625 0.048828125
0 0.62421875 0.2451171875 0.0390625 0.048828125
0 0.56953125 0.4052734375 0.0390625 0.048828125
0 0.60390625 0.4384765625 0.0390625 0.048828125
0 0.51953125 0.1416015625 0.0390625 0.048828125
0 0.49609375 0.2626953125 0.0390625 0.048828125
0 0.67265625 0.5048828125 0.0390625 0.048828125
0 0.42734375 0.6142578125 0.0390625 0.048828125
0 0.40859375 0.3896484375 0.0390625 0.048828125
0 0.47109375 0.3818359375 0.0390625 0.048828125
0 0.36328125 0.6240234375 0.0390625 0.048828125
0 0.29296875 0.5595703125 0.0390625 0.048828125
0 0.46171875 0.6474609375 0.0390625 0.048828125
0 0.43671875 0.3466796875 0.0390625 0.048828125
0 0.53046875 0.2958984375 0.0390625 0.048828125
0 0.32109375 0.5166015625 0.0390625 0.048828125
0 0.70234375 0.4619140625 0.0390625 0.048828125
0 0.41328125 0.4658203125 0.0390625 0.048828125
0 0.29921875 0.6337890625 0.0390625 0.048828125
0 0.33515625 0.6669921875 0.0390625 0.048828125
0 0.43984375 0.7626953125 0.0390625 0.048828125
0 0.32890625 0.5908203125 0.0390625 0.048828125
0 0.39765625 0.6572265625 0.0390625 0.048828125
0 0.28671875 0.4833984375 0.0390625 0.048828125
0 0.50078125 0.3388671875 0.0390625 0.048828125
0 0.37890625 0.4326171875 0.0390625 0.048828125
0 0.44921875 0.4990234375 0.0390625 0.048828125
0 0.66171875 0.3544921875 0.0390625 0.048828125
0 0.61015625 0.5126953125 0.0390625 0.048828125
0 0.51171875 0.4892578125 0.0390625 0.048828125
0 0.73046875 0.4208984375 0.0390625 0.048828125
0 0.49140625 0.1845703125 0.0390625 0.048828125
0 0.54140625 0.4482421875 0.0390625 0.048828125
0 0.26484375 0.6005859375 0.0390625 0.048828125
0 0.22890625 0.5673828125 0.0390625 0.048828125
0 0.56015625 0.2548828125 0.0390625 0.048828125
0 0.58671875 0.6279296875 0.0390625 0.048828125
0 0.35703125 0.5498046875 0.0390625 0.048828125
0 0.48984375 0.6064453125 0.0390625 0.048828125
0 0.63359375 0.3974609375 0.0390625 0.048828125
0 0.65859375 0.2802734375 0.0390625 0.048828125
0 0.51796875 0.5634765625 0.0390625 0.048828125
0 0.61484375 0.5869140625 0.0390625 0.048828125
0 0.49609375 0.6787109375 0.0390625 0.048828125
0 0.37265625 0.3564453125 0.0390625 0.048828125
0 0.54609375 0.5224609375 0.0390625 0.048828125
0 0.36953125 0.6982421875 0.0390625 0.048828125
0 0.39140625 0.5810546875 0.0390625 0.048828125
0 0.46015625 0.2275390625 0.0390625 0.048828125
0 0.64296875 0.5458984375 0.0390625 0.048828125
0 0.53515625 0.3720703125 0.0390625 0.048828125
0 0.44296875 0.4228515625 0.0390625 0.048828125
0 0.50703125 0.4150390625 0.0390625 0.048828125
0 0.55859375 0.6708984375 0.0390625 0.048828125
0 0.38515625 0.5068359375 0.0390625 0.048828125
0 0.41953125 0.5400390625 0.0390625 0.048828125
0 0.76015625 0.3798828125 0.0390625 0.048828125
0 0.34453125 0.3974609375 0.0390625 0.048828125
0 0.46796875 0.7216796875 0.0390625 0.048828125
0 0.43203125 0.2705078125 0.0390625 0.048828125
0 0.69140625 0.3134765625 0.0390625 0.048828125
0 0.58046875 0.5556640625 0.0390625 0.048828125
0 0.25703125 0.5263671875 0.0390625 0.048828125
0 0.58984375 0.2119140625 0.0390625 0.048828125
0 0.66796875 0.4306640625 0.0390625 0.048828125
0 0.59453125 0.2880859375 0.0390625 0.048828125
0 0.46640625 0.3056640625 0.0390625 0.048828125
0 0.31484375 0.4404296875 0.0390625 0.048828125
0 0.53046875 0.7119140625 0.0390625 0.048828125
0 0.55546875 0.1767578125 0.0390625 0.048828125
