0 0.3515625 0.3671875 0.04375 0.05859375
0 0.43203125 0.462890625 0.0453125 0.05859375
0 0.41328125 0.263671875 0.0421875 0.05859375
0 0.4671875 0.541015625 0.04375 0.05859375
0 0.2140625 0.3134765625 0.04375 0.056640625
0 0.62578125 0.408203125 0.0421875 0.05859375
0 0.26875 0.271484375 0.04375 0.05859375
0 0.39453125 0.3837890625 0.0421875 0.060546875
0 0.3859375 0.4453125 0.04375 0.05859375
0 0.56640625 0.513671875 0.0453125 0.05859375
0 0.23203125 0.193359375 0.0453125 0.05859375
0 0.5375 0.376953125 0.04375 0.05859375
0 0.4953125 0.677734375 0.04375 0.05859375
0 0.575 0.4541015625 0.04375 0.056640625
0 0.26875 0.5947265625 0.04375 0.060546875
0 0.61015625 0.53125 0.0421875 0.05859375
0 0.16796875 0.294921875 0.0421875 0.05859375
0 0.28828125 0.47265625 0.0421875 0.05859375
0 0.4484375 0.3408203125 0.04375 0.056640625
0 0.48515625 0.41796875 0.0453125 0.05859375
0 0.3140625 0.611328125 0.04375 0.05859375
0 0.23046875 0.515625 0.0421875 0.05859375
0 0.33359375 0.486328125 0.0453125 0.05859375
0 0.45078125 0.6640625 0.0453125 0.05859375
0 0.50390625 0.619140625 0.0421875 0.05859375
0 0.36796875 0.2451171875 0.0453125 0.056640625
0 0.25078125 0.390625 0.0421875 0.05859375
0 0.5015625 0.298828125 0.04375 0.05859375
0 0.296875 0.4091796875 0.04375 0.056640625
0 0.14921875 0.41796875 0.0453125 0.05859375
0 0.51328125 0.5546875 0.0453125 0.05859375
0 0.46640625 0.2216796875 0.0421875 0.056640625
0 0.30546875 0.349609375 0.0421875 0.05859375
0 0.359375 0.30859375 0.04375 0.05859375
0 0.36875 0.568359375 0.04375 0.05859375
0 0.60234375 0.591796875 0.0453125 0.05859375
0 0.3140625 0.291015625 0.04375 0.05859375
0 0.59453125 0.650390625 0.0453125 0.05859375
0 0.55 0.63671875 0.04375 0.05859375
0 0.63515625 0.3515625 0.0453125 0.05859375
0 0.27890625 0.53125 0.0453125 0.05859375
0 0.359375 0.62890625 0.04375 0.05859375
0 0.40546875 0.6455078125 0.0421875 0.056640625
0 0.17578125 0.560546875 0.0421875 0.05859375
0 0.59140625 0.333984375 0.0421875 0.05859375
0 0.3234375 0.2265625 0.04375 0.05859375
0 0.221875 0.578125 0.04375 0.05859375
0 0.37578125 0.185546875 0.0453125 0.05859375
0 0.3234375 0.5498046875 0.04375 0.056640625
0 0.521875 0.49609375 0.04375 0.05859375
0 0.28671875 0.1494140625 0.0453125 0.056640625
0 0.27734375 0.208984375 0.0421875 0.05859375
0 0.51015625 0.2392578125 0.0421875 0.060546875
0 0.18515625 0.4990234375 0.0453125 0.060546875
0 0.5296875 0.435546875 0.04375 0.05859375
0 0.4140625 0.583984375 0.04375 0.05859375
0 0.17734375 0.234375 0.0453125 0.05859375
0 0.18671875 0.1748046875 0.0421875 0.056640625
0 0.33203125 0.16796875 0.0421875 0.05859375
0 0.58515625 0.7138671875 0.0421875 0.056640625
0 0.259375 0.33203125 0.04375 0.05859375
0 0.540625 0.6953125 0.04375 0.05859375
0 0.46015625 0.6005859375 0.0421875 0.056640625
0 0.2421875 0.455078125 0.04375 0.05859375
0 0.20546875 0.3740234375 0.0453125 0.060546875
0 0.546875 0.31640625 0.04375 0.0546875
0 0.55703125 0.5732421875 0.0421875 0.056640625
0 0.5984375 0.2734375 0.04375 0.05859375
0 0.4234375 0.5234375 0.04375 0.05859375
0 0.19609375 0.435546875 0.0421875 0.05859375
0 0.49453125 0.359375 0.0421875 0.05859375
0 0.58203125 0.3935546875 0.0453125 0.060546875
0 0.40390625 0.322265625 0.0453125 0.05859375
0 0.45703125 0.28125 0.0453125 0.05859375
0 0.47578125 0.4775390625 0.0421875 0.056640625
0 0.61875 0.4697265625 0.04375 0.060546875
0 0.42265625 0.203125 0.0453125 0.05859375
0 0.3421875 0.427734375 0.04375 0.05859375
0 0.55390625 0.255859375 0.0453125 0.05859375
0 0.64140625 0.291015625 0.0421875 0.05859375
0 0.22265625 0.25390625 0.0421875 0.05859375
0 0.440625 0.400390625 0.04375 0.05859375
0 0.12890625 0.54296875 0.0453125 0.05859375
0 0.1953125 0.1142578125 0.04375 0.060546875
0 0.13984375 0.4794921875 0.0421875 0.060546875
0 0.159375 0.359375 0.04375 0.05859375
0 0.24140625 0.130859375 0.0421875 0.05859375
0 0.378125 0.5048828125 0.04375 0.056640625
