0 0.67421875 0.3095703125 0.0390625 0.048828125
0 0.80078125 0.2958984375 0.0390625 0.048828125
0 0.82109375 0.4677734375 0.0390625 0.048828125
0 0.61171875 0.1455078125 0.0390625 0.048828125
0 0.76484375 0.3583984375 0.0390625 0.048828125
0 0.55234375 0.3251953125 0.0390625 0.048828125
0 0.83671875 0.2333984375 0.0390625 0.048828125
0 0.64140625 0.3720703125 0.0390625 0.048828125
0 0.58515625 0.2646484375 0.0390625 0.048828125
0 0.9609375 0.1572265625 0.040625 0.048828125
0 0.72421875 0.3623046875 0.0390625 0.048828125
0 0.71015625 0.2490234375 0.0390625 0.048828125
0 0.91484375 0.5146484375 0.0390625 0.048828125
0 0.65390625 0.1396484375 0.0390625 0.048828125
0 0.66015625 0.1962890625 0.0390625 0.048828125
0 0.65390625 0.4833984375 0.0390625 0.048828125
0 0.95078125 0.4541015625 0.0390625 0.048828125
0 0.56640625 0.4365234375 0.0390625 0.048828125
0 0.81484375 0.4091796875 0.0390625 0.048828125
0 0.87265625 0.1689453125 0.0390625 0.048828125
0 0.93671875 0.3388671875 0.0390625 0.048828125
0 0.86484375 0.4619140625 0.0390625 0.048828125
0 0.85703125 0.4052734375 0.0390625 0.048828125
0 0.61953125 0.2021484375 0.0390625 0.048828125
0 0.80703125 0.3525390625 0.0390625 0.048828125
0 0.85078125 0.3486328125 0.0390625 0.048828125
0 0.78671875 0.1806640625 0.0390625 0.048828125
0 0.68828125 0.4228515625 0.0390625 0.048828125
0 0.60703125 0.4326171875 0.0390625 0.048828125
0 0.61328125 0.4873046875 0.0390625 0.048828125
0 0.70234375 0.1904296875 0.0390625 0.048828125
0 0.77890625 0.4716796875 0.0390625 0.048828125
0 0.78671875 0.5283203125 0.0390625 0.048828125
0 0.75078125 0.2431640625 0.0390625 0.048828125
0 0.57421875 0.4931640625 0.0390625 0.048828125
0 0.77265625 0.4150390625 0.0390625 0.048828125
0 0.74453125 0.1865234375 0.0390625 0.048828125
0 0.90078125 0.4013671875 0.0390625 0.048828125
0 0.89296875 0.3427734375 0.0390625 0.048828125
0 0.73671875 0.4755859375 0.0390625 0.048828125
0 0.53671875 0.2119140625 0.0390625 0.048828125
0 0.73671875 0.1279296875 0.0390625 0.048828125
0 0.62109375 0.5439453125 0.0390625 0.048828125
0 0.75859375 0.2998046875 0.0390625 0.048828125
0 0.66171875 0.5400390625 0.0390625 0.048828125
0 0.59921875 0.3759765625 0.0390625 0.048828125
0 0.69609375 0.4794921875 0.0390625 0.048828125
0 0.74453125 0.5322265625 0.0390625 0.048828125
0 0.93046875 0.2802734375 0.0390625 0.048828125
0 0.57734375 0.2060546875 0.0390625 0.048828125
0 0.88671875 0.2841796875 0.0390625 0.048828125
0 0.73046875 0.4189453125 0.0390625 0.048828125
0 0.91015625 0.1044921875 0.0390625 0.048828125
0 0.78046875 0.1220703125 0.0390625 0.048828125
0 0.71640625 0.3056640625 0.0390625 0.048828125
0 0.53046875 0.1552734375 0.0390625 0.048828125
0 0.57109375 0.1494140625 0.0390625 0.048828125
0 0.58046875 0.5478515625 0.0390625 0.048828125
0 0.66796875 0.2529296875 0.0390625 0.048828125
0 0.975 0.2744140625 0.040625 0.048828125
0 0.82890625 0.1748046875 0.0390625 0.048828125
0 0.92265625 0.2216796875 0.0390625 0.048828125
0 0.69609375 0.1337890625 0.0390625 0.048828125
0 0.9875 0.390625 0.025 0.04296875
0 0.62578125 0.2587890625 0.0390625 0.048828125
0 0.86640625 0.1103515625 0.0390625 0.048828125
0 0.55859375 0.3818359375 0.0390625 0.048828125
0 0.64765625 0.4287109375 0.0390625 0.048828125
0 0.82890625 0.5244140625 0.0390625 0.048828125
0 0.63359375 0.3154296875 0.0390625 0.048828125
0 0.96875 0.2158203125 0.040625 0.048828125
0 0.54453125 0.2685546875 0.0390625 0.048828125
0 0.79453125 0.2373046875 0.0390625 0.048828125
0 0.87109375 0.5185546875 0.0390625 0.048828125
0 0.90703125 0.4580078125 0.0390625 0.048828125
0 0.82265625 0.1162109375 0.0390625 0.048828125
0 0.84296875 0.2900390625 0.0390625 0.048828125
0 0.87890625 0.2275390625 0.0390625 0.048828125
0 0.95390625 0.0966796875 0.0390625 0.048828125
0 0.95703125 0.5107421875 0.0390625 0.048828125
0 0.70234375 0.5361328125 0.0390625 0.048828125
0 0.94296875 0.3955078125 0.0390625 0.048828125
0 0.68203125 0.3662109375 0.0390625 0.048828125
0 0.59296875 0.3193359375 0.0390625 0.048828125
0 0.98203125 0.333984375 0.0359375 0.046875
0 0.91640625 0.1630859375 0.0390625 0.048828125
0 0.99453125 0.451171875 0.0109375 0.046875
