0 0.63046875 0.443359375 0.0546875 0.07421875
0 0.640625 0.37109375 0.059375 0.0703125
0 0.4046875 0.525390625 0.059375 0.07421875
0 0.6015625 0.6640625 0.05625 0.0703125
0 0.303125 0.4541015625 0.05625 0.076171875
0 0.4421875 0.2216796875 0.05625 0.072265625
0 0.1984375 0.380859375 0.059375 0.0703125
0 0.4953125 0.671875 0.05625 0.0703125
0 0.3296875 0.677734375 0.05625 0.07421875
0 0.359375 0.4521484375 0.05625 0.072265625
0 0.45078125 0.59765625 0.0546875 0.0703125
0 0.16171875 0.685546875 0.0546875 0.07421875
0 0.3203125 0.75390625 0.05625 0.0703125
0 0.21640625 0.224609375 0.0578125 0.0703125
0 0.46875 0.44921875 0.05625 0.0703125
0 0.5390625 0.7421875 0.05625 0.0703125
0 0.26640625 0.755859375 0.0578125 0.07421875
0 0.346875 0.52734375 0.05625 0.0703125
0 0.53125 0.37109375 0.059375 0.0703125
0 0.55234375 0.2216796875 0.0578125 0.072265625
0 0.4859375 0.2958984375 0.05625 0.072265625
0 0.36875 0.3759765625 0.05625 0.076171875
0 0.5140625 0.5234375 0.059375 0.0703125
0 0.6453125 0.7353515625 0.05625 0.072265625
0 0.578125 0.4453125 0.05625 0.0703125
0 0.1828125 0.5341796875 0.05625 0.072265625
0 0.2453125 0.4541015625 0.059375 0.076171875
0 0.1328125 0.4599609375 0.05625 0.072265625
0 0.5859375 0.37109375 0.05625 0.0703125
0 0.55625 0.591796875 0.05625 0.07421875
0 0.69375 0.3671875 0.059375 0.0703125
0 0.43125 0.2998046875 0.059375 0.072265625
0 0.3203125 0.2998046875 0.05625 0.072265625
0 0.1140625 0.6123046875 0.05625 0.072265625
0 0.6640625 0.58984375 0.059375 0.0703125
0 0.3859375 0.22265625 0.05625 0.07421875
0 0.275 0.22265625 0.059375 0.07421875
0 0.2859375 0.607421875 0.05625 0.07421875
0 0.65 0.29296875 0.059375 0.0703125
0 0.26484375 0.302734375 0.0546875 0.0703125
0 0.2375 0.53125 0.059375 0.0703125
0 0.3296875 0.22265625 0.05625 0.07421875
0 0.375 0.75 0.059375 0.0703125
0 0.39609375 0.6015625 0.0578125 0.0703125
0 0.65546875 0.662109375 0.0578125 0.07421875
0 0.2546875 0.3779296875 0.059375 0.072265625
0 0.2078125 0.302734375 0.059375 0.0703125
0 0.096875 0.767578125 0.05625 0.07421875
0 0.2109375 0.759765625 0.059375 0.07421875
0 0.459375 0.5234375 0.05625 0.0703125
0 0.1703125 0.609375 0.05625 0.0703125
0 0.10625 0.689453125 0.05625 0.07421875
0 0.1234375 0.5361328125 0.05625 0.076171875
0 0.21875 0.68359375 0.059375 0.0703125
0 0.60703125 0.2177734375 0.0546875 0.072265625
0 0.4140625 0.44921875 0.059375 0.0703125
0 0.503125 0.595703125 0.05625 0.07421875
0 0.3125 0.3779296875 0.05625 0.072265625
0 0.6734375 0.515625 0.059375 0.0703125
0 0.54375 0.2958984375 0.059375 0.072265625
0 0.2765625 0.6796875 0.05625 0.0703125
0 0.4296875 0.74609375 0.05625 0.0703125
0 0.18984375 0.4560546875 0.0578125 0.072265625
0 0.15 0.3046875 0.05625 0.07421875
0 0.565625 0.51953125 0.05625 0.0703125
0 0.6125 0.591796875 0.05625 0.07421875
0 0.5953125 0.294921875 0.05625 0.07421875
0 0.6609375 0.2177734375 0.059375 0.072265625
0 0.5484375 0.66796875 0.05625 0.0703125
0 0.621875 0.51953125 0.05625 0.0703125
0 0.4984375 0.2216796875 0.05625 0.072265625
0 0.42265625 0.3759765625 0.0578125 0.076171875
0 0.228125 0.607421875 0.059375 0.07421875
0 0.4390625 0.673828125 0.05625 0.07421875
0 0.5234375 0.4453125 0.059375 0.0703125
0 0.140625 0.380859375 0.05625 0.0703125
0 0.68515625 0.439453125 0.0578125 0.07421875
0 0.153125 0.76171875 0.05625 0.0703125
0 0.47734375 0.373046875 0.0546875 0.07421875
0 0.7046875 0.291015625 0.05625 0.07421875
0 0.29453125 0.53125 0.0546875 0.0703125
0 0.16015625 0.224609375 0.0578125 0.0703125
0 0.3765625 0.2998046875 0.05625 0.072265625
0 0.7125 0.2177734375 0.05625 0.072265625
0 0.3859375 0.673828125 0.05625 0.07421875
0 0.5921875 0.73828125 0.05625 0.0703125
0 0.4859375 0.744140625 0.05625 0.07421875
0 0.3390625 0.60546875 0.05625 0.0703125
