0 0.65859375 0.6572265625 0.0390625 0.048828125
0 0.59921875 0.6865234375 0.0390625 0.048828125
0 0.86328125 0.4248046875 0.0390625 0.048828125
0 0.52109375 0.6552734375 0.0390625 0.048828125
0 0.64921875 0.3896484375 0.0390625 0.048828125
0 0.71015625 0.3623046875 0.0390625 0.048828125
0 0.77890625 0.5986328125 0.0390625 0.048828125
0 0.78515625 0.3935546875 0.0390625 0.048828125
0 0.60546875 0.4775390625 0.0390625 0.048828125
0 0.67734375 0.7177734375 0.0390625 0.048828125
0 0.56328125 0.3017578125 0.0390625 0.048828125
0 0.71796875 0.6279296875 0.0390625 0.048828125
0 0.35703125 0.5302734375 0.0390625 0.048828125
0 0.72578125 0.4208984375 0.0390625 0.048828125
0 0.73671875 0.6884765625 0.0390625 0.048828125
0 0.53203125 0.4462890625 0.0390625 0.048828125
0 0.63515625 0.3310546875 0.0390625 0.048828125
0 0.63671875 0.7021484375 0.0390625 0.048828125
0 0.45859375 0.4150390625 0.0390625 0.048828125
0 0.54765625 0.5048828125 0.0390625 0.048828125
0 0.52578125 0.2861328125 0.0390625 0.048828125
0 0.66484375 0.4482421875 0.0390625 0.048828125
0 0.68203125 0.5068359375 0.0390625 0.048828125
0 0.74140625 0.4794921875 0.0390625 0.048828125
0 0.47265625 0.4736328125 0.0390625 0.048828125
0 0.59140625 0.4169921875 0.0390625 0.048828125
0 0.51640625 0.3876953125 0.0390625 0.048828125
0 0.57578125 0.3583984375 0.0390625 0.048828125
0 0.44609375 0.6220703125 0.0390625 0.048828125
0 0.63984375 0.5966796875 0.0390625 0.048828125
0 0.80234375 0.4521484375 0.0390625 0.048828125
0 0.82421875 0.4091796875 0.0390625 0.048828125
0 0.70390625 0.4638671875 0.0390625 0.048828125
0 0.55234375 0.4033203125 0.0390625 0.048828125
0 0.62265625 0.5361328125 0.0390625 0.048828125
0 0.67890625 0.6123046875 0.0390625 0.048828125
0 0.42265625 0.3974609375 0.0390625 0.048828125
0 0.69765625 0.6728515625 0.0390625 0.048828125
0 0.73984375 0.5830078125 0.0390625 0.048828125
0 0.56328125 0.5654296875 0.0390625 0.048828125
0 0.75703125 0.6435546875 0.0390625 0.048828125
0 0.48046875 0.3720703125 0.0390625 0.048828125
0 0.50390625 0.3291015625 0.0390625 0.048828125
0 0.41484375 0.5029296875 0.0390625 0.048828125
0 0.64453125 0.4912109375 0.0390625 0.048828125
0 0.72109375 0.5224609375 0.0390625 0.048828125
0 0.44453125 0.3564453125 0.0390625 0.048828125
0 0.76015625 0.5380859375 0.0390625 0.048828125
0 0.48828125 0.5341796875 0.0390625 0.048828125
0 0.62734375 0.4326171875 0.0390625 0.048828125
0 0.50546875 0.5947265625 0.0390625 0.048828125
0 0.58046875 0.6259765625 0.0390625 0.048828125
0 0.56015625 0.6708984375 0.0390625 0.048828125
0 0.71640625 0.7353515625 0.0390625 0.048828125
0 0.79921875 0.5556640625 0.0390625 0.048828125
0 0.45078125 0.5185546875 0.0390625 0.048828125
0 0.48359375 0.6396484375 0.0390625 0.048828125
0 0.43046875 0.5615234375 0.0390625 0.048828125
0 0.60078125 0.5810546875 0.0390625 0.048828125
0 0.39921875 0.4443359375 0.0390625 0.048828125
0 0.61171875 0.3740234375 0.0390625 0.048828125
0 0.46796875 0.5791015625 0.0390625 0.048828125
0 0.59765625 0.3154296875 0.0390625 0.048828125
0 0.69921875 0.5673828125 0.0390625 0.048828125
0 0.54296875 0.6103515625 0.0390625 0.048828125
0 0.53828125 0.3447265625 0.0390625 0.048828125
0 0.52578125 0.5498046875 0.0390625 0.048828125
0 0.78046875 0.4951171875 0.0390625 0.048828125
0 0.68671875 0.4052734375 0.0390625 0.048828125
0 0.37109375 0.5927734375 0.0390625 0.048828125
0 0.39296875 0.5478515625 0.0390625 0.048828125
0 0.76328125 0.4365234375 0.0390625 0.048828125
0 0.43671875 0.4580078125 0.0390625 0.048828125
0 0.40859375 0.6064453125 0.0390625 0.048828125
0 0.46640625 0.3134765625 0.0390625 0.048828125
0 0.33515625 0.5751953125 0.0390625 0.048828125
0 0.58515625 0.5205078125 0.0390625 0.048828125
0 0.66171875 0.5517578125 0.0390625 0.048828125
0 0.49453125 0.4306640625 0.0390625 0.048828125
0 0.51015625 0.4892578125 0.0390625 0.048828125
0 0.56796875 0.4619140625 0.0390625 0.048828125
0 0.74765625 0.3759765625 0.0390625 0.048828125
0 0.81953125 0.5126953125 0.0390625 0.048828125
0 0.84140625 0.4677734375 0.0390625 0.048828125
0 0.61953125 0.6416015625 0.0390625 0.048828125
0 0.37734375 0.4873046875 0.0390625 0.048828125
0 0.67265625 0.3466796875 0.0390625 0.048828125
0 0.48984375 0.2705078125 0.0390625 0.048828125
