0 0.53515625 0.2119140625 0.0390625 0.048828125
0 0.51015625 0.4873046875 0.0390625 0.048828125
0 0.43671875 0.2158203125 0.0390625 0.048828125
0 0.54921875 0.5751953125 0.0390625 0.048828125
0 0.47265625 0.4033203125 0.0390625 0.048828125
0 0.51328125 0.2724609375 0.0390625 0.048828125
0 0.44921875 0.5771484375 0.0390625 0.048828125
0 0.33359375 0.4267578125 0.0390625 0.048828125
0 0.37421875 0.4052734375 0.0390625 0.048828125
0 0.41328125 0.3837890625 0.0390625 0.048828125
0 0.61015625 0.5966796875 0.0390625 0.048828125
0 0.47734375 0.1923828125 0.0390625 0.048828125
0 0.57265625 0.2958984375 0.0390625 0.048828125
0 0.49609375 0.1279296875 0.0390625 0.048828125
0 0.43515625 0.3193359375 0.0390625 0.048828125
0 0.65078125 0.4638671875 0.0390625 0.048828125
0 0.33828125 0.2177734375 0.0390625 0.048828125
0 0.45546875 0.2568359375 0.0390625 0.048828125
0 0.33671875 0.3212890625 0.0390625 0.048828125
0 0.65078125 0.5732421875 0.0390625 0.048828125
0 0.57421875 0.1904296875 0.0390625 0.048828125
0 0.44609375 0.6884765625 0.0390625 0.048828125
0 0.57265625 0.4013671875 0.0390625 0.048828125
0 0.59296875 0.2294921875 0.0390625 0.048828125
0 0.61171875 0.3798828125 0.0390625 0.048828125
0 0.40859375 0.5986328125 0.0390625 0.048828125
0 0.41796875 0.1748046875 0.0390625 0.048828125
0 0.59140625 0.4443359375 0.0390625 0.048828125
0 0.51328125 0.3818359375 0.0390625 0.048828125
0 0.35546875 0.3623046875 0.0390625 0.048828125
0 0.27734375 0.3017578125 0.0390625 0.048828125
0 0.29921875 0.2392578125 0.0390625 0.048828125
0 0.49296875 0.3388671875 0.0390625 0.048828125
0 0.67265625 0.3994140625 0.0390625 0.048828125
0 0.47109375 0.5107421875 0.0390625 0.048828125
0 0.69140625 0.5517578125 0.0390625 0.048828125
0 0.37734375 0.1923828125 0.0390625 0.048828125
0 0.39765625 0.2373046875 0.0390625 0.048828125
0 0.25859375 0.2607421875 0.0390625 0.048828125
0 0.39453125 0.3408203125 0.0390625 0.048828125
0 0.43046875 0.5341796875 0.0390625 0.048828125
0 0.29609375 0.3427734375 0.0390625 0.048828125
0 0.57109375 0.5087890625 0.0390625 0.048828125
0 0.42734375 0.6435546875 0.0390625 0.048828125
0 0.31484375 0.3837890625 0.0390625 0.048828125
0 0.61171875 0.4873046875 0.0390625 0.048828125
0 0.55390625 0.2509765625 0.0390625 0.048828125
0 0.31796875 0.2802734375 0.0390625 0.048828125
0 0.48828125 0.6650390625 0.0390625 0.048828125
0 0.55234375 0.3583984375 0.0390625 0.048828125
0 0.47421875 0.2978515625 0.0390625 0.048828125
0 0.46796875 0.6201171875 0.0390625 0.048828125
0 0.53203125 0.4228515625 0.0390625 0.048828125
0 0.48984375 0.5537109375 0.0390625 0.048828125
0 0.63203125 0.4208984375 0.0390625 0.048828125
0 0.55078125 0.4658203125 0.0390625 0.048828125
0 0.67109375 0.5068359375 0.0390625 0.048828125
0 0.50859375 0.5966796875 0.0390625 0.048828125
0 0.45703125 0.1533203125 0.0390625 0.048828125
0 0.37578125 0.2998046875 0.0390625 0.048828125
0 0.45078125 0.4677734375 0.0390625 0.048828125
0 0.49609375 0.2333984375 0.0390625 0.048828125
0 0.58984375 0.5517578125 0.0390625 0.048828125
0 0.45390625 0.3603515625 0.0390625 0.048828125
0 0.49140625 0.4462890625 0.0390625 0.048828125
0 0.41171875 0.4892578125 0.0390625 0.048828125
0 0.43203125 0.4248046875 0.0390625 0.048828125
0 0.69140625 0.4384765625 0.0390625 0.048828125
0 0.53046875 0.5322265625 0.0390625 0.048828125
0 0.37109375 0.5126953125 0.0390625 0.048828125
0 0.53359375 0.3173828125 0.0390625 0.048828125
0 0.52890625 0.6416015625 0.0390625 0.048828125
0 0.63359375 0.3134765625 0.0390625 0.048828125
0 0.35703125 0.2587890625 0.0390625 0.048828125
0 0.39296875 0.4482421875 0.0390625 0.048828125
0 0.56953125 0.6181640625 0.0390625 0.048828125
0 0.71171875 0.4853515625 0.0390625 0.048828125
0 0.35234375 0.4697265625 0.0390625 0.048828125
0 0.65234375 0.3564453125 0.0390625 0.048828125
0 0.41640625 0.2783203125 0.0390625 0.048828125
0 0.61328125 0.2744140625 0.0390625 0.048828125
0 0.63046875 0.5302734375 0.0390625 0.048828125
0 0.59296875 0.3369140625 0.0390625 0.048828125
0 0.51640625 0.1708984375 0.0390625 0.048828125
0 0.73203125 0.5283203125 0.0390625 0.048828125
0 0.38984375 0.5556640625 0.0390625 0.048828125
0 0.53671875 0.1064453125 0.0390625 0.048828125
0 0.55390625 0.1474609375 0.0390625 0.048828125
