0 0.55390625 0.4765625 0.0421875 0.05078125
0 0.82265625 0.8017578125 0.0421875 0.048828125
0 0.49453125 0.634765625 0.0390625 0.05078125
0 0.50546875 0.525390625 0.0390625 0.05078125
0 0.73671875 0.78515625 0.0390625 0.05078125
0 0.70546875 0.6689453125 0.0390625 0.048828125
0 0.47109375 0.46484375 0.0390625 0.05078125
0 0.5421875 0.5859375 0.040625 0.05078125
0 0.78515625 0.73828125 0.0390625 0.05078125
0 0.4125 0.6181640625 0.0375 0.048828125
0 0.425 0.5126953125 0.040625 0.048828125
0 0.5890625 0.5400390625 0.040625 0.048828125
0 0.73125 0.83984375 0.040625 0.046875
0 0.68515625 0.443359375 0.0390625 0.05078125
0 0.834375 0.69140625 0.040625 0.05078125
0 0.6375 0.4912109375 0.040625 0.048828125
0 0.65703125 0.7158203125 0.0421875 0.048828125
0 0.6078125 0.76171875 0.040625 0.05078125
0 0.6 0.431640625 0.040625 0.05078125
0 0.753125 0.62109375 0.040625 0.05078125
0 0.709375 0.61328125 0.040625 0.046875
0 0.66171875 0.66015625 0.0390625 0.05078125
0 0.6140625 0.708984375 0.040625 0.05078125
0 0.465625 0.517578125 0.040625 0.05078125
0 0.77265625 0.84765625 0.0390625 0.05078125
0 0.51796875 0.4189453125 0.0390625 0.048828125
0 0.57734375 0.646484375 0.0421875 0.05078125
0 0.45859375 0.5712890625 0.0390625 0.048828125
0 0.47578125 0.41015625 0.0421875 0.05078125
0 0.67421875 0.552734375 0.0390625 0.05078125
0 0.48359375 0.740234375 0.0421875 0.05078125
0 0.5671875 0.75390625 0.040625 0.05078125
0 0.8171875 0.8564453125 0.040625 0.048828125
0 0.4546875 0.625 0.040625 0.05078125
0 0.8015625 0.5751953125 0.040625 0.048828125
0 0.75859375 0.56640625 0.0421875 0.05078125
0 0.53046875 0.6923828125 0.0421875 0.048828125
0 0.559375 0.423828125 0.040625 0.05078125
0 0.721875 0.5048828125 0.040625 0.048828125
0 0.83984375 0.63671875 0.0390625 0.05078125
0 0.65078125 0.771484375 0.0390625 0.05078125
0 0.8078125 0.51953125 0.040625 0.046875
0 0.5015625 0.578125 0.040625 0.05078125
0 0.7703125 0.4580078125 0.040625 0.048828125
0 0.4421875 0.732421875 0.040625 0.05078125
0 0.44765625 0.6787109375 0.0390625 0.048828125
0 0.7890625 0.68359375 0.040625 0.046875
0 0.5125 0.4716796875 0.040625 0.048828125
0 0.5484375 0.53125 0.040625 0.046875
0 0.62578125 0.5986328125 0.0421875 0.048828125
0 0.42890625 0.45703125 0.0421875 0.046875
0 0.56015625 0.810546875 0.0390625 0.05078125
0 0.7796875 0.79296875 0.040625 0.05078125
0 0.6984375 0.72265625 0.040625 0.05078125
0 0.84609375 0.580078125 0.0421875 0.05078125
0 0.58359375 0.59375 0.0390625 0.05078125
0 0.3953125 0.7802734375 0.040625 0.048828125
0 0.43515625 0.78515625 0.0390625 0.05078125
0 0.746875 0.677734375 0.040625 0.05078125
0 0.4890625 0.6875 0.040625 0.05078125
0 0.59609375 0.484375 0.0390625 0.05078125
0 0.68828125 0.833984375 0.0421875 0.05078125
0 0.79609375 0.62890625 0.0390625 0.05078125
0 0.4015625 0.7265625 0.040625 0.046875
0 0.740625 0.73046875 0.040625 0.05078125
0 0.69296875 0.779296875 0.0390625 0.05078125
0 0.478125 0.794921875 0.040625 0.05078125
0 0.82734375 0.74609375 0.0390625 0.046875
0 0.7640625 0.513671875 0.040625 0.05078125
0 0.6453125 0.8251953125 0.040625 0.048828125
0 0.66875 0.607421875 0.040625 0.05078125
0 0.53671875 0.638671875 0.0390625 0.05078125
0 0.52578125 0.748046875 0.0390625 0.05078125
0 0.85078125 0.525390625 0.0390625 0.05078125
0 0.68046875 0.4990234375 0.0421875 0.048828125
0 0.57265625 0.701171875 0.0390625 0.05078125
0 0.71640625 0.560546875 0.0390625 0.046875
0 0.43515625 0.4033203125 0.0390625 0.048828125
0 0.51875 0.8017578125 0.040625 0.048828125
0 0.6203125 0.654296875 0.040625 0.046875
0 0.60390625 0.81640625 0.0390625 0.05078125
0 0.63125 0.5458984375 0.040625 0.048828125
0 0.4078125 0.671875 0.040625 0.05078125
0 0.4171875 0.5654296875 0.040625 0.048828125
0 0.8578125 0.47265625 0.040625 0.05078125
0 0.64375 0.4375 0.040625 0.046875
0 0.8140625 0.46484375 0.0375 0.05078125
0 0.72890625 0.4521484375 0.0390625 0.048828125
