0 0.53671875 0.5126953125 0.0390625 0.048828125
0 0.22578125 0.4072265625 0.0390625 0.048828125
0 0.41484375 0.1376953125 0.0390625 0.048828125
0 0.31171875 0.4521484375 0.0390625 0.048828125
0 0.28671875 0.3779296875 0.0390625 0.048828125
0 0.61328125 0.4306640625 0.0390625 0.048828125
0 0.63828125 0.2001953125 0.0390625 0.048828125
0 0.47890625 0.5439453125 0.0390625 0.048828125
0 0.51328125 0.4384765625 0.0390625 0.048828125
0 0.43984375 0.2138671875 0.0390625 0.048828125
0 0.53984375 0.2060546875 0.0390625 0.048828125
0 0.38828125 0.3701171875 0.0390625 0.048828125
0 0.56171875 0.5888671875 0.0390625 0.048828125
0 0.33828125 0.2197265625 0.0390625 0.048828125
0 0.71171875 0.4248046875 0.0390625 0.048828125
0 0.45390625 0.4677734375 0.0390625 0.048828125
0 0.66328125 0.2744140625 0.0390625 0.048828125
0 0.56328125 0.2822265625 0.0390625 0.048828125
0 0.51484375 0.1318359375 0.0390625 0.048828125
0 0.38984375 0.0615234375 0.0390625 0.048828125
0 0.26171875 0.3017578125 0.0390625 0.048828125
0 0.55390625 0.4619140625 0.0390625 0.048828125
0 0.34609375 0.3466796875 0.0390625 0.048828125
0 0.57890625 0.5361328125 0.0390625 0.048828125
0 0.31328125 0.1435546875 0.0390625 0.048828125
0 0.42265625 0.2666015625 0.0390625 0.048828125
0 0.60234375 0.6103515625 0.0390625 0.048828125
0 0.32890625 0.3994140625 0.0390625 0.048828125
0 0.67890625 0.5283203125 0.0390625 0.048828125
0 0.37109375 0.4228515625 0.0390625 0.048828125
0 0.49765625 0.1845703125 0.0390625 0.048828125
0 0.64609375 0.3271484375 0.0390625 0.048828125
0 0.72109375 0.2451171875 0.0390625 0.048828125
0 0.47265625 0.1083984375 0.0390625 0.048828125
0 0.58828125 0.3564453125 0.0390625 0.048828125
0 0.32109375 0.2724609375 0.0390625 0.048828125
0 0.41171875 0.4443359375 0.0390625 0.048828125
0 0.48828125 0.3642578125 0.0390625 0.048828125
0 0.55703125 0.1552734375 0.0390625 0.048828125
0 0.35390625 0.4755859375 0.0390625 0.048828125
0 0.54765625 0.3349609375 0.0390625 0.048828125
0 0.52265625 0.2587890625 0.0390625 0.048828125
0 0.74453125 0.3193359375 0.0390625 0.048828125
0 0.30390625 0.3251953125 0.0390625 0.048828125
0 0.68828125 0.3486328125 0.0390625 0.048828125
0 0.65390625 0.4541015625 0.0390625 0.048828125
0 0.62265625 0.2529296875 0.0390625 0.048828125
0 0.62890625 0.3798828125 0.0390625 0.048828125
0 0.27890625 0.2490234375 0.0390625 0.048828125
0 0.57109375 0.4091796875 0.0390625 0.048828125
0 0.36328125 0.2958984375 0.0390625 0.048828125
0 0.70390625 0.2978515625 0.0390625 0.048828125
0 0.53046875 0.3857421875 0.0390625 0.048828125
0 0.68046875 0.2216796875 0.0390625 0.048828125
0 0.50546875 0.3115234375 0.0390625 0.048828125
0 0.40546875 0.3173828125 0.0390625 0.048828125
0 0.46484375 0.2880859375 0.0390625 0.048828125
0 0.66015625 0.5810546875 0.0390625 0.048828125
0 0.43046875 0.3935546875 0.0390625 0.048828125
0 0.63671875 0.5068359375 0.0390625 0.048828125
0 0.67109375 0.4013671875 0.0390625 0.048828125
0 0.59609375 0.4833984375 0.0390625 0.048828125
0 0.29609375 0.1962890625 0.0390625 0.048828125
0 0.44765625 0.3408203125 0.0390625 0.048828125
0 0.33046875 0.0908203125 0.0390625 0.048828125
0 0.35546875 0.1669921875 0.0390625 0.048828125
0 0.39765625 0.1904296875 0.0390625 0.048828125
0 0.59765625 0.1767578125 0.0390625 0.048828125
0 0.76171875 0.2685546875 0.0390625 0.048828125
0 0.72890625 0.3720703125 0.0390625 0.048828125
0 0.39453125 0.4990234375 0.0390625 0.048828125
0 0.51953125 0.5654296875 0.0390625 0.048828125
0 0.47109375 0.4150390625 0.0390625 0.048828125
0 0.64453125 0.6337890625 0.0390625 0.048828125
0 0.61953125 0.5576171875 0.0390625 0.048828125
0 0.48046875 0.2353515625 0.0390625 0.048828125
0 0.58046875 0.2294921875 0.0390625 0.048828125
0 0.60546875 0.3037109375 0.0390625 0.048828125
0 0.38046875 0.2431640625 0.0390625 0.048828125
0 0.24453125 0.3544921875 0.0390625 0.048828125
0 0.43671875 0.5205078125 0.0390625 0.048828125
0 0.49609375 0.4912109375 0.0390625 0.048828125
0 0.37265625 0.1142578125 0.0390625 0.048828125
0 0.45703125 0.1611328125 0.0390625 0.048828125
0 0.26796875 0.4306640625 0.0390625 0.048828125
0 0.43203125 0.0849609375 0.0390625 0.048828125
0 0.34765625 0.0380859375 0.0390625 0.048828125
0 0.69453125 0.4755859375 0.0390625 0.048828125
