0 0.3234375 0.326171875 0.0375 0.046875
0 0.3796875 0.2939453125 0.040625 0.048828125
0 0.1359375 0.5556640625 0.040625 0.048828125
0 0.45625 0.3193359375 0.040625 0.048828125
0 0.34296875 0.5751953125 0.0390625 0.048828125
0 0.2859375 0.60546875 0.0375 0.046875
0 0.2109375 0.3876953125 0.040625 0.048828125
0 0.2125 0.5810546875 0.040625 0.048828125
0 0.38203125 0.490234375 0.0390625 0.046875
0 0.30390625 0.26953125 0.0390625 0.046875
0 0.4296875 0.6533203125 0.040625 0.048828125
0 0.26796875 0.3564453125 0.0390625 0.048828125
0 0.61796875 0.4267578125 0.0390625 0.048828125
0 0.26875 0.55078125 0.0375 0.046875
0 0.24765625 0.3017578125 0.0390625 0.048828125
0 0.453125 0.5146484375 0.0375 0.048828125
0 0.359375 0.6298828125 0.040625 0.048828125
0 0.34296875 0.2822265625 0.0390625 0.048828125
0 0.525 0.5400390625 0.040625 0.048828125
0 0.4359375 0.4619140625 0.0375 0.048828125
0 0.465625 0.666015625 0.040625 0.046875
0 0.32578125 0.5224609375 0.0390625 0.048828125
0 0.3078125 0.466796875 0.040625 0.046875
0 0.2515625 0.4970703125 0.0375 0.048828125
0 0.509375 0.486328125 0.040625 0.046875
0 0.396875 0.546875 0.040625 0.046875
0 0.4703125 0.5703125 0.0375 0.046875
0 0.4140625 0.6015625 0.040625 0.05078125
0 0.52890625 0.3447265625 0.0390625 0.048828125
0 0.34375 0.380859375 0.040625 0.046875
0 0.19375 0.5263671875 0.040625 0.048828125
0 0.17421875 0.568359375 0.0390625 0.046875
0 0.2875 0.509765625 0.0375 0.046875
0 0.43515625 0.5576171875 0.0390625 0.048828125
0 0.3625 0.4365234375 0.040625 0.048828125
0 0.30625 0.3681640625 0.040625 0.048828125
0 0.56015625 0.5556640625 0.0390625 0.048828125
0 0.2859375 0.3125 0.0375 0.05078125
0 0.2484375 0.400390625 0.040625 0.046875
0 0.41796875 0.4052734375 0.0390625 0.048828125
0 0.2296875 0.34375 0.040625 0.046875
0 0.50625 0.5830078125 0.040625 0.048828125
0 0.48515625 0.6240234375 0.0390625 0.048828125
0 0.5640625 0.455078125 0.0375 0.046875
0 0.34375 0.4794921875 0.040625 0.048828125
0 0.26953125 0.4541015625 0.0390625 0.048828125
0 0.540625 0.5947265625 0.0375 0.048828125
0 0.23125 0.4423828125 0.040625 0.048828125
0 0.4921875 0.4296875 0.040625 0.046875
0 0.3625 0.5341796875 0.040625 0.048828125
0 0.4734375 0.3759765625 0.040625 0.048828125
0 0.4 0.3505859375 0.0375 0.048828125
0 0.41796875 0.306640625 0.0390625 0.046875
0 0.265625 0.255859375 0.040625 0.046875
0 0.19375 0.4287109375 0.040625 0.048828125
0 0.52890625 0.4423828125 0.0390625 0.048828125
0 0.4921875 0.3310546875 0.040625 0.048828125
0 0.54609375 0.4013671875 0.0390625 0.048828125
0 0.38203125 0.392578125 0.0390625 0.046875
0 0.58125 0.509765625 0.0375 0.046875
0 0.3796875 0.587890625 0.040625 0.046875
0 0.509375 0.3876953125 0.040625 0.048828125
0 0.3953125 0.642578125 0.040625 0.046875
0 0.2890625 0.4130859375 0.040625 0.048828125
0 0.4359375 0.36328125 0.0375 0.046875
0 0.4515625 0.6103515625 0.0375 0.048828125
0 0.45546875 0.4169921875 0.0390625 0.048828125
0 0.21328125 0.4853515625 0.0390625 0.048828125
0 0.30703125 0.5634765625 0.0390625 0.048828125
0 0.6015625 0.3681640625 0.0375 0.048828125
0 0.5828125 0.4130859375 0.0375 0.048828125
0 0.23125 0.5380859375 0.040625 0.048828125
0 0.54375 0.4990234375 0.040625 0.048828125
0 0.565625 0.357421875 0.0375 0.046875
0 0.52109375 0.6357421875 0.0390625 0.048828125
0 0.6375 0.3818359375 0.040625 0.048828125
0 0.39921875 0.44921875 0.0390625 0.046875
0 0.325 0.4248046875 0.040625 0.048828125
0 0.490625 0.52734375 0.040625 0.046875
0 0.47265625 0.4736328125 0.0390625 0.048828125
0 0.41796875 0.5029296875 0.0390625 0.048828125
0 0.25 0.5947265625 0.0375 0.048828125
0 0.175 0.4716796875 0.0375 0.048828125
0 0.15546875 0.513671875 0.0390625 0.046875
0 0.36171875 0.3388671875 0.0390625 0.048828125
0 0.6 0.46875 0.0375 0.05078125
0 0.32265625 0.6181640625 0.0390625 0.048828125
0 0.50078125 0.6787109375 0.0390625 0.048828125
