0 0.61328125 0.580078125 0.0390625 0.046875
0 0.47421875 0.443359375 0.0390625 0.046875
0 0.57734375 0.3359375 0.0390625 0.046875
0 0.48984375 0.5390625 0.0390625 0.046875
0 0.31640625 0.40234375 0.0390625 0.046875
0 0.39140625 0.3974609375 0.0390625 0.044921875
0 0.58125 0.630859375 0.0375 0.046875
0 0.384375 0.3515625 0.040625 0.046875
0 0.50625 0.392578125 0.0375 0.046875
0 0.47421875 0.685546875 0.0390625 0.046875
0 0.678125 0.478515625 0.0375 0.046875
0 0.4984375 0.3427734375 0.0375 0.048828125
0 0.36875 0.498046875 0.0375 0.046875
0 0.39921875 0.4462890625 0.0390625 0.044921875
0 0.53828125 0.3388671875 0.0390625 0.044921875
0 0.58515625 0.384765625 0.0390625 0.046875
0 0.5890625 0.677734375 0.0375 0.046875
0 0.38515625 0.591796875 0.0390625 0.046875
0 0.44375 0.4921875 0.0375 0.046875
0 0.42109375 0.58984375 0.0390625 0.046875
0 0.6515625 0.578125 0.0375 0.046875
0 0.5140625 0.439453125 0.0375 0.046875
0 0.60546875 0.5341796875 0.0390625 0.044921875
0 0.346875 0.3525390625 0.0375 0.048828125
0 0.61953125 0.62890625 0.0390625 0.046875
0 0.5671875 0.53515625 0.0375 0.046875
0 0.54453125 0.3876953125 0.0390625 0.044921875
0 0.6578125 0.3310546875 0.0375 0.048828125
0 0.68359375 0.52734375 0.0390625 0.046875
0 0.55234375 0.4365234375 0.0390625 0.044921875
0 0.62734375 0.677734375 0.0390625 0.046875
0 0.46796875 0.392578125 0.0390625 0.046875
0 0.69921875 0.6259765625 0.0390625 0.048828125
0 0.278125 0.404296875 0.0375 0.046875
0 0.34765625 0.5947265625 0.0390625 0.044921875
0 0.3625 0.689453125 0.0375 0.046875
0 0.6375 0.48046875 0.0375 0.046875
0 0.59140625 0.43359375 0.0390625 0.046875
0 0.5203125 0.48828125 0.0375 0.046875
0 0.64375 0.529296875 0.0375 0.046875
0 0.6640625 0.380859375 0.0375 0.046875
0 0.26953125 0.3583984375 0.0390625 0.044921875
0 0.353125 0.40234375 0.040625 0.046875
0 0.46015625 0.34375 0.0390625 0.046875
0 0.55078125 0.6796875 0.0390625 0.046875
0 0.30234375 0.548828125 0.0390625 0.046875
0 0.48203125 0.490234375 0.0390625 0.046875
0 0.33828125 0.5458984375 0.0390625 0.044921875
0 0.37734375 0.544921875 0.0390625 0.046875
0 0.46015625 0.587890625 0.0390625 0.046875
0 0.46796875 0.6376953125 0.0390625 0.048828125
0 0.5609375 0.4853515625 0.0375 0.044921875
0 0.6296875 0.4326171875 0.0375 0.048828125
0 0.66953125 0.4296875 0.0390625 0.046875
0 0.43515625 0.443359375 0.0390625 0.046875
0 0.5734375 0.58203125 0.040625 0.046875
0 0.4984375 0.5869140625 0.0375 0.048828125
0 0.3546875 0.640625 0.0375 0.046875
0 0.3609375 0.44921875 0.0375 0.046875
0 0.66796875 0.6767578125 0.0390625 0.048828125
0 0.5125 0.6826171875 0.0375 0.044921875
0 0.6921875 0.5751953125 0.0375 0.044921875
0 0.31796875 0.6435546875 0.0390625 0.044921875
0 0.4375 0.6875 0.0375 0.046875
0 0.6234375 0.3828125 0.0375 0.046875
0 0.33046875 0.5 0.0390625 0.046875
0 0.309375 0.5966796875 0.040625 0.048828125
0 0.5046875 0.63671875 0.040625 0.046875
0 0.40703125 0.4951171875 0.0390625 0.044921875
0 0.54296875 0.6337890625 0.0390625 0.044921875
0 0.66015625 0.626953125 0.0390625 0.046875
0 0.29453125 0.501953125 0.0390625 0.046875
0 0.615625 0.3330078125 0.0375 0.048828125
0 0.4296875 0.39453125 0.0375 0.046875
0 0.42109375 0.345703125 0.0390625 0.046875
0 0.39140625 0.638671875 0.0390625 0.046875
0 0.4515625 0.541015625 0.0375 0.046875
0 0.4296875 0.638671875 0.0375 0.046875
0 0.32265625 0.451171875 0.0390625 0.046875
0 0.5984375 0.4833984375 0.040625 0.048828125
0 0.70625 0.67578125 0.0375 0.046875
0 0.53671875 0.5849609375 0.0390625 0.044921875
0 0.52890625 0.5361328125 0.0390625 0.044921875
0 0.2859375 0.453125 0.0375 0.046875
0 0.3265625 0.689453125 0.0375 0.046875
0 0.415625 0.5439453125 0.0375 0.044921875
0 0.39921875 0.6884765625 0.0390625 0.048828125
0 0.30859375 0.353515625 0.0390625 0.046875
