0 0.49375 0.591796875 0.040625 0.046875
0 0.4203125 0.6025390625 0.040625 0.048828125
0 0.60390625 0.5244140625 0.0390625 0.048828125
0 0.72578125 0.67578125 0.0390625 0.046875
0 0.6828125 0.5693359375 0.040625 0.048828125
0 0.7171875 0.455078125 0.040625 0.05078125
0 0.64609375 0.62890625 0.0390625 0.05078125
0 0.71875 0.509765625 0.040625 0.05078125
0 0.60546875 0.5791015625 0.0390625 0.048828125
0 0.75703125 0.4501953125 0.0390625 0.048828125
0 0.56953125 0.5849609375 0.0390625 0.048828125
0 0.77109375 0.78125 0.0390625 0.05078125
0 0.5296875 0.533203125 0.040625 0.05078125
0 0.4984375 0.7548828125 0.040625 0.048828125
0 0.4625 0.759765625 0.0375 0.05078125
0 0.534375 0.6962890625 0.040625 0.048828125
0 0.5703125 0.63671875 0.040625 0.046875
0 0.6796875 0.5146484375 0.040625 0.048828125
0 0.45625 0.5439453125 0.040625 0.048828125
0 0.678125 0.4599609375 0.040625 0.048828125
0 0.76328125 0.6142578125 0.0390625 0.048828125
0 0.41796875 0.4951171875 0.0390625 0.048828125
0 0.5375 0.7490234375 0.040625 0.048828125
0 0.4578125 0.59765625 0.040625 0.05078125
0 0.61171875 0.740234375 0.0390625 0.05078125
0 0.42578125 0.763671875 0.0390625 0.046875
0 0.64296875 0.5205078125 0.0390625 0.048828125
0 0.4640625 0.8134765625 0.040625 0.048828125
0 0.57421875 0.7451171875 0.0390625 0.048828125
0 0.6484375 0.68359375 0.0375 0.05078125
0 0.3859375 0.66015625 0.040625 0.05078125
0 0.53828125 0.8046875 0.0390625 0.05078125
0 0.6109375 0.6875 0.040625 0.046875
0 0.49140625 0.486328125 0.0390625 0.05078125
0 0.6890625 0.7333984375 0.0375 0.048828125
0 0.57578125 0.8017578125 0.0328125 0.048828125
0 0.72734375 0.728515625 0.0390625 0.05078125
0 0.4265625 0.81640625 0.040625 0.05078125
0 0.53125 0.587890625 0.040625 0.05078125
0 0.640625 0.4658203125 0.0375 0.048828125
0 0.3828125 0.5537109375 0.0375 0.048828125
0 0.69140625 0.7890625 0.0390625 0.046875
0 0.38828125 0.7666015625 0.0390625 0.048828125
0 0.6390625 0.412109375 0.040625 0.05078125
0 0.453125 0.4384765625 0.03125 0.044921875
0 0.56875 0.5302734375 0.040625 0.048828125
0 0.603125 0.46875 0.040625 0.05078125
0 0.7640625 0.6689453125 0.040625 0.048828125
0 0.65 0.7373046875 0.040625 0.048828125
0 0.68515625 0.623046875 0.0390625 0.046875
0 0.56328125 0.421875 0.0390625 0.05078125
0 0.4921875 0.5390625 0.040625 0.046875
0 0.53359375 0.642578125 0.0390625 0.05078125
0 0.52578125 0.427734375 0.0390625 0.046875
0 0.46015625 0.705078125 0.0390625 0.05078125
0 0.3890625 0.8212890625 0.040625 0.048828125
0 0.64375 0.57421875 0.040625 0.05078125
0 0.6140625 0.7978515625 0.040625 0.048828125
0 0.4953125 0.646484375 0.0375 0.046875
0 0.459375 0.650390625 0.040625 0.05078125
0 0.5015625 0.8095703125 0.040625 0.048828125
0 0.6015625 0.4169921875 0.040625 0.048828125
0 0.7234375 0.619140625 0.040625 0.05078125
0 0.7546875 0.39453125 0.040625 0.046875
0 0.38046875 0.501953125 0.0390625 0.046875
0 0.6859375 0.6787109375 0.040625 0.048828125
0 0.42421875 0.708984375 0.0390625 0.046875
0 0.48984375 0.43359375 0.0390625 0.05078125
0 0.41953125 0.5478515625 0.0390625 0.048828125
0 0.73125 0.7861328125 0.040625 0.048828125
0 0.653125 0.79296875 0.040625 0.05078125
0 0.4171875 0.443359375 0.040625 0.05078125
0 0.67734375 0.40625 0.0390625 0.046875
0 0.5640625 0.4755859375 0.040625 0.048828125
0 0.52734375 0.48046875 0.0421875 0.046875
0 0.49765625 0.7001953125 0.0390625 0.048828125
0 0.4546875 0.4921875 0.0375 0.046875
0 0.384375 0.6064453125 0.040625 0.048828125
0 0.609375 0.6328125 0.040625 0.046875
0 0.38046875 0.447265625 0.0390625 0.05078125
0 0.715625 0.400390625 0.040625 0.05078125
0 0.42265625 0.65625 0.0421875 0.046875
0 0.3875 0.7119140625 0.040625 0.048828125
0 0.72109375 0.564453125 0.0421875 0.05078125
0 0.759375 0.55859375 0.040625 0.046875
0 0.571875 0.6904296875 0.040625 0.048828125
0 0.7578125 0.5048828125 0.040625 0.048828125
0 0.7671875 0.7255859375 0.040625 0.048828125
