0 0.559375 0.4921875 0.040625 0.046875
0 0.36171875 0.36328125 0.0390625 0.05078125
0 0.4609375 0.51171875 0.040625 0.046875
0 0.67109375 0.423828125 0.0390625 0.046875
0 0.53203125 0.5927734375 0.0390625 0.048828125
0 0.534375 0.755859375 0.040625 0.046875
0 0.44765625 0.39453125 0.0390625 0.046875
0 0.25546875 0.5986328125 0.0390625 0.048828125
0 0.44765625 0.5615234375 0.0390625 0.048828125
0 0.54765625 0.7060546875 0.0390625 0.048828125
0 0.2640625 0.3818359375 0.0375 0.048828125
0 0.3671875 0.693359375 0.040625 0.046875
0 0.2921875 0.2822265625 0.040625 0.048828125
0 0.4890625 0.41015625 0.0375 0.05078125
0 0.4515625 0.7265625 0.040625 0.046875
0 0.35 0.4130859375 0.0375 0.048828125
0 0.28046875 0.498046875 0.0390625 0.05078125
0 0.3234375 0.513671875 0.0375 0.046875
0 0.64375 0.5234375 0.040625 0.046875
0 0.42421875 0.658203125 0.0390625 0.046875
0 0.2484375 0.2646484375 0.040625 0.048828125
0 0.22578125 0.53125 0.0390625 0.046875
0 0.33671875 0.4638671875 0.0421875 0.048828125
0 0.43515625 0.609375 0.0390625 0.046875
0 0.25234375 0.431640625 0.0390625 0.046875
0 0.50625 0.69140625 0.040625 0.046875
0 0.58515625 0.3916015625 0.0390625 0.048828125
0 0.4203125 0.494140625 0.040625 0.046875
0 0.57421875 0.6064453125 0.0390625 0.048828125
0 0.57265625 0.44140625 0.0390625 0.046875
0 0.61640625 0.62109375 0.0390625 0.046875
0 0.29765625 0.61328125 0.0421875 0.046875
0 0.37421875 0.3125 0.0390625 0.046875
0 0.15703125 0.6162109375 0.0390625 0.048828125
0 0.50390625 0.5263671875 0.0390625 0.048828125
0 0.33984375 0.62890625 0.0390625 0.046875
0 0.36484375 0.529296875 0.0390625 0.046875
0 0.30703125 0.396484375 0.0390625 0.046875
0 0.40859375 0.708984375 0.0390625 0.046875
0 0.33359375 0.296875 0.0390625 0.046875
0 0.2390625 0.4814453125 0.040625 0.048828125
0 0.39453125 0.5947265625 0.0390625 0.048828125
0 0.378125 0.478515625 0.040625 0.046875
0 0.53203125 0.4267578125 0.0390625 0.048828125
0 0.47578125 0.4599609375 0.0421875 0.048828125
0 0.16953125 0.56640625 0.0390625 0.046875
0 0.31171875 0.564453125 0.0390625 0.046875
0 0.35234375 0.578125 0.0390625 0.046875
0 0.18203125 0.5166015625 0.0390625 0.048828125
0 0.5453125 0.541015625 0.040625 0.046875
0 0.21328125 0.58203125 0.0390625 0.046875
0 0.27890625 0.33203125 0.0390625 0.046875
0 0.3921875 0.4296875 0.040625 0.046875
0 0.6 0.5078125 0.040625 0.05078125
0 0.23515625 0.3154296875 0.0390625 0.048828125
0 0.2 0.6328125 0.040625 0.05078125
0 0.26796875 0.5478515625 0.0390625 0.048828125
0 0.628125 0.40625 0.0375 0.046875
0 0.3265625 0.6787109375 0.040625 0.048828125
0 0.46484375 0.6748046875 0.0390625 0.048828125
0 0.46015625 0.34375 0.0390625 0.046875
0 0.47890625 0.625 0.0390625 0.05078125
0 0.61640625 0.4580078125 0.0390625 0.048828125
0 0.56015625 0.65625 0.0390625 0.046875
0 0.590625 0.72265625 0.040625 0.05078125
0 0.22109375 0.365234375 0.0390625 0.05078125
0 0.20859375 0.416015625 0.0390625 0.046875
0 0.65703125 0.474609375 0.0390625 0.046875
0 0.24140625 0.6484375 0.0390625 0.046875
0 0.40546875 0.37890625 0.0390625 0.046875
0 0.58671875 0.55859375 0.0390625 0.046875
0 0.38125 0.6435546875 0.040625 0.048828125
0 0.49140625 0.576171875 0.0390625 0.046875
0 0.41796875 0.330078125 0.0390625 0.046875
0 0.29375 0.447265625 0.040625 0.046875
0 0.43359375 0.4443359375 0.0390625 0.048828125
0 0.60390625 0.671875 0.0390625 0.05078125
0 0.28359375 0.6611328125 0.0421875 0.048828125
0 0.6296875 0.57421875 0.040625 0.046875
0 0.19609375 0.466796875 0.0390625 0.046875
0 0.57578125 0.771484375 0.0421875 0.046875
0 0.50078125 0.359375 0.0390625 0.046875
0 0.51953125 0.640625 0.0390625 0.046875
0 0.49296875 0.73828125 0.0390625 0.046875
0 0.51796875 0.4765625 0.0390625 0.046875
0 0.40703125 0.544921875 0.0390625 0.05078125
0 0.31953125 0.3466796875 0.0390625 0.048828125
0 0.54453125 0.376953125 0.0390625 0.046875
