0 0.3453125 0.376953125 0.059375 0.08203125
0 0.55546875 0.6875 0.0578125 0.08203125
0 0.25546875 0.4326171875 0.0578125 0.080078125
0 0.6546875 0.33203125 0.059375 0.08203125
0 0.815625 0.8173828125 0.059375 0.080078125
0 0.79921875 0.6064453125 0.0578125 0.080078125
0 0.396875 0.1962890625 0.059375 0.080078125
0 0.7453125 0.2763671875 0.059375 0.080078125
0 0.46875 0.7431640625 0.059375 0.080078125
0 0.3046875 0.25390625 0.059375 0.08203125
0 0.215625 0.3095703125 0.059375 0.080078125
0 0.8625 0.6396484375 0.059375 0.080078125
0 0.6453125 0.6298828125 0.059375 0.080078125
0 0.515625 0.564453125 0.059375 0.08203125
0 0.72578125 0.8720703125 0.0578125 0.080078125
0 0.43515625 0.3193359375 0.0578125 0.080078125
0 0.425 0.6201171875 0.059375 0.080078125
0 0.20625 0.61328125 0.059375 0.08203125
0 0.6140625 0.208984375 0.059375 0.08203125
0 0.4015625 0.7099609375 0.059375 0.080078125
0 0.709375 0.6650390625 0.059375 0.080078125
0 0.35703125 0.0732421875 0.0578125 0.080078125
0 0.5890625 0.2998046875 0.059375 0.080078125
0 0.6046875 0.5068359375 0.059375 0.080078125
0 0.165625 0.490234375 0.059375 0.08203125
0 0.55078125 0.1767578125 0.0578125 0.080078125
0 0.5015625 0.3544921875 0.059375 0.080078125
0 0.4875 0.140625 0.059375 0.08203125
0 0.775 0.697265625 0.059375 0.08203125
0 0.2953125 0.5556640625 0.059375 0.080078125
0 0.82265625 0.51953125 0.0578125 0.08203125
0 0.7828125 0.3994140625 0.059375 0.080078125
0 0.2484375 0.736328125 0.059375 0.08203125
0 0.378125 0.80078125 0.059375 0.08203125
0 0.36171875 0.587890625 0.0578125 0.08203125
0 0.6921875 0.451171875 0.059375 0.08203125
0 0.3125 0.7685546875 0.059375 0.080078125
0 0.3859375 0.4970703125 0.059375 0.080078125
0 0.6625 0.83984375 0.059375 0.08203125
0 0.565625 0.38671875 0.059375 0.08203125
0 0.6859375 0.7529296875 0.059375 0.080078125
0 0.115625 0.671875 0.059375 0.08203125
0 0.2671875 0.1279296875 0.059375 0.080078125
0 0.5953125 0.8076171875 0.059375 0.080078125
0 0.290625 0.0400390625 0.059375 0.080078125
0 0.759375 0.4873046875 0.059375 0.080078125
0 0.5390625 0.474609375 0.059375 0.08203125
0 0.9125 0.46484375 0.059375 0.08203125
0 0.5078125 0.8662109375 0.059375 0.080078125
0 0.66875 0.5419921875 0.059375 0.080078125
0 0.4609375 0.2314453125 0.059375 0.080078125
0 0.9359375 0.376953125 0.059375 0.08203125
0 0.8890625 0.5517578125 0.059375 0.080078125
0 0.61953125 0.7197265625 0.0578125 0.080078125
0 0.846875 0.4326171875 0.059375 0.080078125
0 0.4109375 0.4091796875 0.059375 0.080078125
0 0.5796875 0.5966796875 0.059375 0.080078125
0 0.525 0.263671875 0.059375 0.08203125
0 0.871875 0.3447265625 0.059375 0.080078125
0 0.80859375 0.3095703125 0.0578125 0.080078125
0 0.3359375 0.677734375 0.059375 0.08203125
0 0.475 0.4423828125 0.059375 0.080078125
0 0.37109375 0.2861328125 0.0578125 0.080078125
0 0.4515625 0.5322265625 0.059375 0.080078125
0 0.1421875 0.5810546875 0.059375 0.080078125
0 0.571875 0.8984375 0.059375 0.08203125
0 0.425 0.1083984375 0.059375 0.080078125
0 0.75 0.78515625 0.059375 0.08203125
0 0.33125 0.1630859375 0.059375 0.080078125
0 0.271875 0.6455078125 0.059375 0.080078125
0 0.240625 0.21875 0.059375 0.08203125
0 0.19140625 0.3994140625 0.0578125 0.080078125
0 0.62890625 0.4189453125 0.0578125 0.080078125
0 0.23125 0.5224609375 0.059375 0.080078125
0 0.678125 0.2412109375 0.059375 0.080078125
0 0.18203125 0.7041015625 0.0578125 0.080078125
0 0.321875 0.46484375 0.059375 0.08203125
0 0.28125 0.341796875 0.059375 0.08203125
0 0.7921875 0.904296875 0.059375 0.08203125
0 0.53203125 0.775390625 0.0578125 0.08203125
0 0.4421875 0.8330078125 0.059375 0.080078125
0 0.4921875 0.6552734375 0.059375 0.080078125
0 0.8390625 0.7294921875 0.059375 0.080078125
0 0.71875 0.3642578125 0.059375 0.080078125
0 0.7328125 0.57421875 0.059375 0.08203125
0 0.63828125 0.9306640625 0.0578125 0.080078125
0 0.70703125 0.9619140625 0.0578125 0.025390625
