0 0.32578125 0.251953125 0.0515625 0.0546875
0 0.31953125 0.501953125 0.0515625 0.0546875
0 0.48984375 0.5771484375 0.0515625 0.056640625
0 0.48984375 0.7021484375 0.0515625 0.056640625
0 0.32265625 0.376953125 0.0515625 0.0546875
0 0.38359375 0.1962890625 0.0515625 0.056640625
0 0.43359375 0.5732421875 0.0515625 0.056640625
0 0.60703125 0.3408203125 0.0515625 0.056640625
0 0.61171875 0.2177734375 0.0515625 0.056640625
0 0.55546875 0.1513671875 0.0515625 0.056640625
0 0.37578125 0.630859375 0.0515625 0.0546875
0 0.55546875 0.2119140625 0.0515625 0.056640625
0 0.31796875 0.626953125 0.0515625 0.0546875
0 0.32890625 0.12890625 0.0515625 0.0546875
0 0.55234375 0.396484375 0.0515625 0.0546875
0 0.55390625 0.2744140625 0.0515625 0.056640625
0 0.4359375 0.4501953125 0.053125 0.056640625
0 0.60546875 0.4638671875 0.0515625 0.056640625
0 0.60546875 0.5263671875 0.0515625 0.056640625
0 0.44453125 0.1396484375 0.0515625 0.056640625
0 0.49140625 0.455078125 0.0515625 0.0546875
0 0.54921875 0.458984375 0.0515625 0.0546875
0 0.66484375 0.345703125 0.0515625 0.0546875
0 0.371875 0.7587890625 0.053125 0.056640625
0 0.48828125 0.7646484375 0.0515625 0.056640625
0 0.66796875 0.22265625 0.0515625 0.0546875
0 0.60703125 0.4013671875 0.0515625 0.056640625
0 0.48984375 0.6396484375 0.0515625 0.056640625
0 0.32421875 0.314453125 0.0515625 0.0546875
0 0.60390625 0.7744140625 0.0515625 0.056640625
0 0.66484375 0.28515625 0.0515625 0.0546875
0 0.26796875 0.2470703125 0.0515625 0.056640625
0 0.60390625 0.6494140625 0.0515625 0.056640625
0 0.43828125 0.3251953125 0.0515625 0.056640625
0 0.25625 0.7490234375 0.053125 0.056640625
0 0.55234375 0.3369140625 0.0515625 0.056640625
0 0.43203125 0.6982421875 0.0515625 0.056640625
0 0.54765625 0.64453125 0.0515625 0.0546875
0 0.25859375 0.6220703125 0.0515625 0.056640625
0 0.4421875 0.2001953125 0.053125 0.056640625
0 0.49140625 0.517578125 0.0515625 0.0546875
0 0.60546875 0.5869140625 0.0515625 0.056640625
0 0.38671875 0.1337890625 0.0515625 0.056640625
0 0.5 0.14453125 0.053125 0.0546875
0 0.60390625 0.7119140625 0.0515625 0.056640625
0 0.31640625 0.69140625 0.0515625 0.0546875
0 0.54765625 0.521484375 0.0515625 0.0546875
0 0.38203125 0.3212890625 0.0515625 0.056640625
0 0.25859375 0.6865234375 0.0515625 0.056640625
0 0.31796875 0.564453125 0.0515625 0.0546875
0 0.37421875 0.6962890625 0.0515625 0.056640625
0 0.32265625 0.439453125 0.0515625 0.0546875
0 0.66328125 0.4677734375 0.0515625 0.056640625
0 0.54765625 0.58203125 0.0515625 0.0546875
0 0.43984375 0.2626953125 0.0515625 0.056640625
0 0.65859375 0.7158203125 0.0515625 0.056640625
0 0.27265625 0.1220703125 0.0515625 0.056640625
0 0.26171875 0.4970703125 0.0515625 0.056640625
0 0.37578125 0.568359375 0.0515625 0.0546875
0 0.26015625 0.5595703125 0.0515625 0.056640625
0 0.54609375 0.76953125 0.0515625 0.0546875
0 0.49453125 0.392578125 0.0515625 0.0546875
0 0.378125 0.443359375 0.053125 0.0546875
0 0.66953125 0.162109375 0.0515625 0.0546875
0 0.378125 0.505859375 0.053125 0.0546875
0 0.26484375 0.3720703125 0.0515625 0.056640625
0 0.43828125 0.3876953125 0.0515625 0.056640625
0 0.27109375 0.1845703125 0.0515625 0.056640625
0 0.66171875 0.6533203125 0.0515625 0.056640625
0 0.61328125 0.158203125 0.0515625 0.0546875
0 0.49609375 0.26953125 0.0515625 0.0546875
0 0.61015625 0.2783203125 0.0515625 0.056640625
0 0.49609375 0.330078125 0.0515625 0.0546875
0 0.32890625 0.189453125 0.0515625 0.0546875
0 0.66171875 0.5302734375 0.0515625 0.056640625
0 0.66171875 0.5908203125 0.0515625 0.056640625
0 0.43203125 0.6357421875 0.0515625 0.056640625
0 0.38359375 0.2587890625 0.0515625 0.056640625
0 0.49765625 0.20703125 0.0515625 0.0546875
0 0.3140625 0.75390625 0.053125 0.0546875
0 0.43359375 0.5107421875 0.0515625 0.056640625
0 0.43046875 0.7626953125 0.0515625 0.056640625
0 0.66328125 0.408203125 0.0515625 0.0546875
0 0.65859375 0.7783203125 0.0515625 0.056640625
0 0.38046875 0.3837890625 0.0515625 0.056640625
0 0.54609375 0.70703125 0.0515625 0.0546875
0 0.26484375 0.4345703125 0.0515625 0.056640625
0 0.26640625 0.3095703125 0.0515625 0.056640625
