0 0.71015625 0.4658203125 0.0390625 0.048828125
0 0.68828125 0.3896484375 0.0390625 0.048828125
0 0.46640625 0.5771484375 0.0390625 0.048828125
0 0.54921875 0.6259765625 0.0390625 0.048828125
0 0.60546875 0.3427734375 0.0390625 0.048828125
0 0.50078125 0.2197265625 0.0390625 0.048828125
0 0.44609375 0.5009765625 0.0390625 0.048828125
0 0.36328125 0.4541015625 0.0390625 0.048828125
0 0.41640625 0.1708984375 0.0390625 0.048828125
0 0.64921875 0.4951171875 0.0390625 0.048828125
0 0.52265625 0.2958984375 0.0390625 0.048828125
0 0.38515625 0.5283203125 0.0390625 0.048828125
0 0.28046875 0.4052734375 0.0390625 0.048828125
0 0.62734375 0.4189453125 0.0390625 0.048828125
0 0.73203125 0.5439453125 0.0390625 0.048828125
0 0.74921875 0.3623046875 0.0390625 0.048828125
0 0.58359375 0.2666015625 0.0390625 0.048828125
0 0.47734375 0.1435546875 0.0390625 0.048828125
0 0.66640625 0.3134765625 0.0390625 0.048828125
0 0.52734375 0.5498046875 0.0390625 0.048828125
0 0.37890625 0.2744140625 0.0390625 0.048828125
0 0.42421875 0.4267578125 0.0390625 0.048828125
0 0.71171875 0.5947265625 0.0390625 0.048828125
0 0.34140625 0.3779296875 0.0390625 0.048828125
0 0.50546875 0.4736328125 0.0390625 0.048828125
0 0.52578125 0.4228515625 0.0390625 0.048828125
0 0.77109375 0.4384765625 0.0390625 0.048828125
0 0.33828125 0.2509765625 0.0390625 0.048828125
0 0.30234375 0.4814453125 0.0390625 0.048828125
0 0.43984375 0.2470703125 0.0390625 0.048828125
0 0.46171875 0.3232421875 0.0390625 0.048828125
0 0.61015625 0.5986328125 0.0390625 0.048828125
0 0.64296875 0.2392578125 0.0390625 0.048828125
0 0.35703125 0.2001953125 0.0390625 0.048828125
0 0.56015625 0.1904296875 0.0390625 0.048828125
0 0.56640625 0.4462890625 0.0390625 0.048828125
0 0.63203125 0.6748046875 0.0390625 0.048828125
0 0.62890625 0.5458984375 0.0390625 0.048828125
0 0.67109375 0.5712890625 0.0390625 0.048828125
0 0.69140625 0.5185546875 0.0390625 0.048828125
0 0.58515625 0.3955078125 0.0390625 0.048828125
0 0.36015625 0.3271484375 0.0390625 0.048828125
0 0.58828125 0.5224609375 0.0390625 0.048828125
0 0.39453125 0.0966796875 0.0390625 0.048828125
0 0.70703125 0.3388671875 0.0390625 0.048828125
0 0.42578125 0.5537109375 0.0390625 0.048828125
0 0.56328125 0.3193359375 0.0390625 0.048828125
0 0.40078125 0.3505859375 0.0390625 0.048828125
0 0.50390625 0.3466796875 0.0390625 0.048828125
0 0.54765625 0.4990234375 0.0390625 0.048828125
0 0.65078125 0.6240234375 0.0390625 0.048828125
0 0.69296875 0.6474609375 0.0390625 0.048828125
0 0.45859375 0.1962890625 0.0390625 0.048828125
0 0.43515625 0.1201171875 0.0390625 0.048828125
0 0.44296875 0.3740234375 0.0390625 0.048828125
0 0.38203125 0.4013671875 0.0390625 0.048828125
0 0.81015625 0.3330078125 0.0390625 0.048828125
0 0.72578125 0.2861328125 0.0390625 0.048828125
0 0.42109375 0.2998046875 0.0390625 0.048828125
0 0.67265625 0.7001953125 0.0390625 0.048828125
0 0.32265625 0.4287109375 0.0390625 0.048828125
0 0.39765625 0.2236328125 0.0390625 0.048828125
0 0.60703125 0.4697265625 0.0390625 0.048828125
0 0.54453125 0.3701171875 0.0390625 0.048828125
0 0.64609375 0.3662109375 0.0390625 0.048828125
0 0.56953125 0.5732421875 0.0390625 0.048828125
0 0.31953125 0.3037109375 0.0390625 0.048828125
0 0.75234375 0.4912109375 0.0390625 0.048828125
0 0.58984375 0.6513671875 0.0390625 0.048828125
0 0.37578125 0.1474609375 0.0390625 0.048828125
0 0.60234375 0.2138671875 0.0390625 0.048828125
0 0.46484375 0.4501953125 0.0390625 0.048828125
0 0.51953125 0.1669921875 0.0390625 0.048828125
0 0.50859375 0.6005859375 0.0390625 0.048828125
0 0.48671875 0.5263671875 0.0390625 0.048828125
0 0.48359375 0.3974609375 0.0390625 0.048828125
0 0.29921875 0.3544921875 0.0390625 0.048828125
0 0.78984375 0.3857421875 0.0390625 0.048828125
0 0.76796875 0.3095703125 0.0390625 0.048828125
0 0.62421875 0.2900390625 0.0390625 0.048828125
0 0.68515625 0.2626953125 0.0390625 0.048828125
0 0.26015625 0.4580078125 0.0390625 0.048828125
0 0.34296875 0.5048828125 0.0390625 0.048828125
0 0.66796875 0.4423828125 0.0390625 0.048828125
0 0.48046875 0.2705078125 0.0390625 0.048828125
0 0.40390625 0.4775390625 0.0390625 0.048828125
0 0.72890625 0.4150390625 0.0390625 0.048828125
0 0.54140625 0.2431640625 0.0390625 0.048828125
