0 0.37421875 0.6220703125 0.0390625 0.048828125
0 0.24765625 0.6357421875 0.0390625 0.048828125
0 0.22734375 0.4638671875 0.0390625 0.048828125
0 0.43671875 0.7861328125 0.0390625 0.048828125
0 0.28359375 0.5732421875 0.0390625 0.048828125
0 0.49609375 0.6064453125 0.0390625 0.048828125
0 0.21171875 0.6982421875 0.0390625 0.048828125
0 0.40703125 0.5595703125 0.0390625 0.048828125
0 0.46328125 0.6669921875 0.0390625 0.048828125
0 0.0875 0.7744140625 0.040625 0.048828125
0 0.32421875 0.5693359375 0.0390625 0.048828125
0 0.33828125 0.6826171875 0.0390625 0.048828125
0 0.13359375 0.4169921875 0.0390625 0.048828125
0 0.39453125 0.7919921875 0.0390625 0.048828125
0 0.38828125 0.7353515625 0.0390625 0.048828125
0 0.39453125 0.4482421875 0.0390625 0.048828125
0 0.09765625 0.4775390625 0.0390625 0.048828125
0 0.48203125 0.4951171875 0.0390625 0.048828125
0 0.23359375 0.5224609375 0.0390625 0.048828125
0 0.17578125 0.7626953125 0.0390625 0.048828125
0 0.11171875 0.5927734375 0.0390625 0.048828125
0 0.18359375 0.4697265625 0.0390625 0.048828125
0 0.19140625 0.5263671875 0.0390625 0.048828125
0 0.42890625 0.7294921875 0.0390625 0.048828125
0 0.24140625 0.5791015625 0.0390625 0.048828125
0 0.19765625 0.5830078125 0.0390625 0.048828125
0 0.26171875 0.7509765625 0.0390625 0.048828125
0 0.36015625 0.5087890625 0.0390625 0.048828125
0 0.44140625 0.4990234375 0.0390625 0.048828125
0 0.43515625 0.4443359375 0.0390625 0.048828125
0 0.34609375 0.7412109375 0.0390625 0.048828125
0 0.26953125 0.4599609375 0.0390625 0.048828125
0 0.26171875 0.4033203125 0.0390625 0.048828125
0 0.29765625 0.6884765625 0.0390625 0.048828125
0 0.47421875 0.4384765625 0.0390625 0.048828125
0 0.27578125 0.5166015625 0.0390625 0.048828125
0 0.30390625 0.7451171875 0.0390625 0.048828125
0 0.14765625 0.5302734375 0.0390625 0.048828125
0 0.15546875 0.5888671875 0.0390625 0.048828125
0 0.31171875 0.4560546875 0.0390625 0.048828125
0 0.51171875 0.7197265625 0.0390625 0.048828125
0 0.31171875 0.8037109375 0.0390625 0.048828125
0 0.42734375 0.3876953125 0.0390625 0.048828125
0 0.28984375 0.6318359375 0.0390625 0.048828125
0 0.38671875 0.3916015625 0.0390625 0.048828125
0 0.44921875 0.5556640625 0.0390625 0.048828125
0 0.35234375 0.4521484375 0.0390625 0.048828125
0 0.30390625 0.3994140625 0.0390625 0.048828125
0 0.11796875 0.6513671875 0.0390625 0.048828125
0 0.47109375 0.7255859375 0.0390625 0.048828125
0 0.16171875 0.6474609375 0.0390625 0.048828125
0 0.31796875 0.5126953125 0.0390625 0.048828125
0 0.13828125 0.8271484375 0.0390625 0.048828125
0 0.26796875 0.8095703125 0.0390625 0.048828125
0 0.33203125 0.6259765625 0.0390625 0.048828125
0 0.51796875 0.7763671875 0.0390625 0.048828125
0 0.47734375 0.7822265625 0.0390625 0.048828125
0 0.46796875 0.3837890625 0.0390625 0.048828125
0 0.38046875 0.6787109375 0.0390625 0.048828125
0 0.0734375 0.6572265625 0.040625 0.048828125
0 0.21953125 0.7568359375 0.0390625 0.048828125
0 0.12578125 0.7099609375 0.0390625 0.048828125
0 0.35234375 0.7978515625 0.0390625 0.048828125
0 0.0609375 0.541015625 0.025 0.04296875
0 0.42265625 0.6728515625 0.0390625 0.048828125
0 0.18203125 0.8212890625 0.0390625 0.048828125
0 0.48984375 0.5498046875 0.0390625 0.048828125
0 0.40078125 0.5029296875 0.0390625 0.048828125
0 0.21953125 0.4072265625 0.0390625 0.048828125
0 0.41484375 0.6162109375 0.0390625 0.048828125
0 0.0796875 0.7158203125 0.040625 0.048828125
0 0.50390625 0.6630859375 0.0390625 0.048828125
0 0.25390625 0.6943359375 0.0390625 0.048828125
0 0.17734375 0.4130859375 0.0390625 0.048828125
0 0.14140625 0.4736328125 0.0390625 0.048828125
0 0.22578125 0.8154296875 0.0390625 0.048828125
0 0.20546875 0.6416015625 0.0390625 0.048828125
0 0.16953125 0.7041015625 0.0390625 0.048828125
0 0.09453125 0.8349609375 0.0390625 0.048828125
0 0.09140625 0.4208984375 0.0390625 0.048828125
0 0.34609375 0.3955078125 0.0390625 0.048828125
0 0.10546875 0.5361328125 0.0390625 0.048828125
0 0.36640625 0.5654296875 0.0390625 0.048828125
0 0.45546875 0.6123046875 0.0390625 0.048828125
0 0.06640625 0.59765625 0.0359375 0.046875
0 0.13203125 0.7685546875 0.0390625 0.048828125
0 0.05390625 0.48046875 0.0109375 0.046875
