0 0.6703125 0.5107421875 0.059375 0.056640625
0 0.615625 0.58984375 0.059375 0.05859375
0 0.6515625 0.267578125 0.059375 0.05859375
0 0.5578125 0.603515625 0.059375 0.05859375
0 0.4375 0.568359375 0.059375 0.05859375
0 0.721875 0.373046875 0.059375 0.05859375
0 0.59765625 0.3427734375 0.0609375 0.056640625
0 0.546875 0.478515625 0.059375 0.05859375
0 0.7984375 0.544921875 0.059375 0.05859375
0 0.8578125 0.5302734375 0.059375 0.056640625
0 0.37734375 0.5830078125 0.0609375 0.056640625
0 0.8390625 0.283203125 0.059375 0.05859375
0 0.9 0.265625 0.059375 0.0546875
0 0.5046875 0.6787109375 0.059375 0.056640625
0 0.315625 0.5361328125 0.059375 0.056640625
0 0.43046875 0.5078125 0.0609375 0.05859375
0 0.85390625 0.46875 0.0609375 0.05859375
0 0.74375 0.62109375 0.059375 0.05859375
0 0.6671875 0.44921875 0.059375 0.05859375
0 0.36875 0.462890625 0.059375 0.05859375
0 0.3234375 0.658203125 0.059375 0.05859375
0 0.30625 0.416015625 0.0625 0.05859375
0 0.38671875 0.70703125 0.0609375 0.05859375
0 0.49375 0.5556640625 0.059375 0.056640625
0 0.5375 0.357421875 0.059375 0.05859375
0 0.48359375 0.4326171875 0.0609375 0.056640625
0 0.78671875 0.419921875 0.0609375 0.05859375
0 0.646875 0.20703125 0.059375 0.05859375
0 0.890625 0.142578125 0.059375 0.05859375
0 0.3578125 0.3388671875 0.059375 0.056640625
0 0.8671875 0.595703125 0.059375 0.05859375
0 0.2984375 0.29296875 0.059375 0.05859375
0 0.6140625 0.5263671875 0.059375 0.056640625
0 0.85 0.404296875 0.059375 0.05859375
0 0.8328125 0.2197265625 0.059375 0.056640625
0 0.7328125 0.498046875 0.059375 0.05859375
0 0.7109375 0.251953125 0.059375 0.05859375
0 0.90625 0.3291015625 0.0625 0.056640625
0 0.303125 0.35546875 0.059375 0.0546875
0 0.528125 0.2353515625 0.059375 0.056640625
0 0.68359375 0.63671875 0.0609375 0.0546875
0 0.4875 0.494140625 0.059375 0.05859375
0 0.83046875 0.158203125 0.0609375 0.05859375
0 0.4140625 0.265625 0.059375 0.0546875
0 0.440625 0.630859375 0.059375 0.0546875
0 0.4171875 0.326171875 0.059375 0.05859375
0 0.475 0.3125 0.059375 0.05859375
0 0.5921875 0.28125 0.059375 0.05859375
0 0.84453125 0.34375 0.0609375 0.05859375
0 0.77734375 0.298828125 0.0609375 0.05859375
0 0.6234375 0.650390625 0.059375 0.05859375
0 0.76875 0.1748046875 0.059375 0.056640625
0 0.7265625 0.4365234375 0.059375 0.056640625
0 0.4265625 0.447265625 0.059375 0.05859375
0 0.38125 0.6455078125 0.059375 0.056640625
0 0.70703125 0.189453125 0.0609375 0.0546875
0 0.7375 0.55859375 0.059375 0.05859375
0 0.78125 0.359375 0.059375 0.05859375
0 0.55390625 0.54296875 0.0609375 0.05859375
0 0.6046875 0.4658203125 0.059375 0.056640625
0 0.54375 0.41796875 0.059375 0.05859375
0 0.4703125 0.25 0.059375 0.0546875
0 0.6625 0.388671875 0.059375 0.05859375
0 0.91328125 0.390625 0.0640625 0.0546875
0 0.446875 0.693359375 0.059375 0.05859375
0 0.7921875 0.482421875 0.059375 0.0546875
0 0.5640625 0.6640625 0.059375 0.05859375
0 0.4203125 0.38671875 0.059375 0.05859375
0 0.67734375 0.57421875 0.0609375 0.05859375
0 0.321875 0.59765625 0.059375 0.05859375
0 0.3703125 0.521484375 0.059375 0.05859375
0 0.3625 0.400390625 0.059375 0.0546875
0 0.921875 0.5146484375 0.046875 0.056640625
0 0.4984375 0.6171875 0.059375 0.05859375
0 0.48046875 0.373046875 0.0609375 0.05859375
0 0.3109375 0.4736328125 0.059375 0.056640625
0 0.5328125 0.2978515625 0.059375 0.056640625
0 0.7171875 0.3125 0.059375 0.05859375
0 0.7734375 0.236328125 0.059375 0.0546875
0 0.89609375 0.203125 0.0640625 0.05859375
0 0.33046875 0.7197265625 0.0609375 0.056640625
0 0.5875 0.2197265625 0.059375 0.056640625
0 0.8046875 0.6083984375 0.059375 0.056640625
0 0.6578125 0.328125 0.059375 0.05859375
0 0.35625 0.28125 0.059375 0.05859375
0 0.92890625 0.578125 0.0359375 0.0546875
0 0.603125 0.404296875 0.059375 0.05859375
0 0.91640625 0.453125 0.0578125 0.05859375
