0 0.40234375 0.4853515625 0.0390625 0.048828125
0 0.52421875 0.6708984375 0.0390625 0.048828125
0 0.44296875 0.5478515625 0.0390625 0.048828125
0 0.64453125 0.3466796875 0.0390625 0.048828125
0 0.39296875 0.5966796875 0.0390625 0.048828125
0 0.48359375 0.6083984375 0.0390625 0.048828125
0 0.56484375 0.7333984375 0.0390625 0.048828125
0 0.46328125 0.3212890625 0.0390625 0.048828125
0 0.49296875 0.4970703125 0.0390625 0.048828125
0 0.41328125 0.3720703125 0.0390625 0.048828125
0 0.58984375 0.4541015625 0.0390625 0.048828125
0 0.36171875 0.4228515625 0.0390625 0.048828125
0 0.32109375 0.3603515625 0.0390625 0.048828125
0 0.57421875 0.6201171875 0.0390625 0.048828125
0 0.37109375 0.3095703125 0.0390625 0.048828125
0 0.74921875 0.7001953125 0.0390625 0.048828125
0 0.61484375 0.6826171875 0.0390625 0.048828125
0 0.53828125 0.5029296875 0.0390625 0.048828125
0 0.54921875 0.3916015625 0.0390625 0.048828125
0 0.49921875 0.4404296875 0.0390625 0.048828125
0 0.62421875 0.5712890625 0.0390625 0.048828125
0 0.53359375 0.5595703125 0.0390625 0.048828125
0 0.45234375 0.4345703125 0.0390625 0.048828125
0 0.38828125 0.6533203125 0.0390625 0.048828125
0 0.73515625 0.3583984375 0.0390625 0.048828125
0 0.77578125 0.4208984375 0.0390625 0.048828125
0 0.44765625 0.4912109375 0.0390625 0.048828125
0 0.66484375 0.6337890625 0.0390625 0.048828125
0 0.69921875 0.7509765625 0.0390625 0.048828125
0 0.50390625 0.3857421875 0.0390625 0.048828125
0 0.35703125 0.4794921875 0.0390625 0.048828125
0 0.63984375 0.4033203125 0.0390625 0.048828125
0 0.71953125 0.5263671875 0.0390625 0.048828125
0 0.59453125 0.3974609375 0.0390625 0.048828125
0 0.30703125 0.5283203125 0.0390625 0.048828125
0 0.68515625 0.4091796875 0.0390625 0.048828125
0 0.45859375 0.3779296875 0.0390625 0.048828125
0 0.66015625 0.6884765625 0.0390625 0.048828125
0 0.40859375 0.4287109375 0.0390625 0.048828125
0 0.35234375 0.5341796875 0.0390625 0.048828125
0 0.43359375 0.6591796875 0.0390625 0.048828125
0 0.50859375 0.3291015625 0.0390625 0.048828125
0 0.66953125 0.5771484375 0.0390625 0.048828125
0 0.72421875 0.4716796875 0.0390625 0.048828125
0 0.33828125 0.7021484375 0.0390625 0.048828125
0 0.47421875 0.7197265625 0.0390625 0.048828125
0 0.76484375 0.5341796875 0.0390625 0.048828125
0 0.67890625 0.4658203125 0.0390625 0.048828125
0 0.63359375 0.4599609375 0.0390625 0.048828125
0 0.34765625 0.5908203125 0.0390625 0.048828125
0 0.34296875 0.6474609375 0.0390625 0.048828125
0 0.48828125 0.5537109375 0.0390625 0.048828125
0 0.29765625 0.6416015625 0.0390625 0.048828125
0 0.67421875 0.5205078125 0.0390625 0.048828125
0 0.71015625 0.6396484375 0.0390625 0.048828125
0 0.62890625 0.5146484375 0.0390625 0.048828125
0 0.71484375 0.5830078125 0.0390625 0.048828125
0 0.56953125 0.6767578125 0.0390625 0.048828125
0 0.41796875 0.3154296875 0.0390625 0.048828125
0 0.54453125 0.4462890625 0.0390625 0.048828125
0 0.32578125 0.3037109375 0.0390625 0.048828125
0 0.60859375 0.7392578125 0.0390625 0.048828125
0 0.30234375 0.5849609375 0.0390625 0.048828125
0 0.39765625 0.5400390625 0.0390625 0.048828125
0 0.42890625 0.7138671875 0.0390625 0.048828125
0 0.57890625 0.5654296875 0.0390625 0.048828125
0 0.65390625 0.7451171875 0.0390625 0.048828125
0 0.59921875 0.3408203125 0.0390625 0.048828125
0 0.51953125 0.7255859375 0.0390625 0.048828125
0 0.31171875 0.4736328125 0.0390625 0.048828125
0 0.61953125 0.6279296875 0.0390625 0.048828125
0 0.76015625 0.5888671875 0.0390625 0.048828125
0 0.43828125 0.6025390625 0.0390625 0.048828125
0 0.58359375 0.5087890625 0.0390625 0.048828125
0 0.38359375 0.7080078125 0.0390625 0.048828125
0 0.31640625 0.4169921875 0.0390625 0.048828125
0 0.70390625 0.6943359375 0.0390625 0.048828125
0 0.76953125 0.4775390625 0.0390625 0.048828125
0 0.68984375 0.3525390625 0.0390625 0.048828125
0 0.78046875 0.3642578125 0.0390625 0.048828125
0 0.52890625 0.6142578125 0.0390625 0.048828125
0 0.73046875 0.4150390625 0.0390625 0.048828125
0 0.55390625 0.3349609375 0.0390625 0.048828125
0 0.75546875 0.6455078125 0.0390625 0.048828125
0 0.36640625 0.3662109375 0.0390625 0.048828125
0 0.47890625 0.6650390625 0.0390625 0.048828125
0 0.29296875 0.6962890625 0.0390625 0.048828125
0 0.74453125 0.7568359375 0.0390625 0.048828125
