0 0.5171875 0.755859375 0.040625 0.05859375
0 0.45 0.5498046875 0.05 0.060546875
0 0.2203125 0.7626953125 0.053125 0.064453125
0 0.38359375 0.345703125 0.0515625 0.0625
0 0.265625 0.693359375 0.053125 0.0625
0 0.32265625 0.7587890625 0.0515625 0.064453125
0 0.61328125 0.7529296875 0.0390625 0.056640625
0 0.253125 0.5517578125 0.05 0.064453125
0 0.6 0.6181640625 0.05 0.060546875
0 0.5875 0.48046875 0.053125 0.06640625
0 0.1328125 0.345703125 0.05 0.0625
0 0.309375 0.62109375 0.05 0.0625
0 0.22890625 0.279296875 0.0515625 0.06640625
0 0.203125 0.5537109375 0.053125 0.060546875
0 0.30390625 0.5537109375 0.0515625 0.060546875
0 0.54921875 0.5478515625 0.0515625 0.064453125
0 0.4828125 0.345703125 0.05 0.0625
0 0.4390625 0.4140625 0.053125 0.0625
0 0.2359375 0.345703125 0.053125 0.0625
0 0.4265625 0.27734375 0.05 0.0625
0 0.196875 0.4853515625 0.05 0.060546875
0 0.5359375 0.4140625 0.05 0.0625
0 0.4875 0.4140625 0.05 0.0625
0 0.24765625 0.482421875 0.0515625 0.0625
0 0.3140625 0.689453125 0.05 0.0625
0 0.47421875 0.279296875 0.0515625 0.06640625
0 0.2921875 0.4150390625 0.053125 0.064453125
0 0.18359375 0.345703125 0.0515625 0.0625
0 0.2703125 0.7607421875 0.053125 0.060546875
0 0.3890625 0.4140625 0.05 0.0625
0 0.41953125 0.7578125 0.0421875 0.0546875
0 0.4140625 0.6884765625 0.053125 0.064453125
0 0.56484375 0.7548828125 0.0515625 0.060546875
0 0.353125 0.5517578125 0.053125 0.064453125
0 0.58359375 0.4140625 0.0515625 0.0625
0 0.40234375 0.5498046875 0.0515625 0.060546875
0 0.4328125 0.345703125 0.053125 0.0625
0 0.46875 0.7578125 0.05 0.0625
0 0.52265625 0.28125 0.0515625 0.0625
0 0.23984375 0.4140625 0.0515625 0.0625
0 0.1515625 0.5556640625 0.05 0.064453125
0 0.5546875 0.6162109375 0.05 0.064453125
0 0.5 0.5498046875 0.053125 0.060546875
0 0.3703125 0.7607421875 0.05 0.060546875
0 0.409375 0.6181640625 0.053125 0.060546875
0 0.54140625 0.482421875 0.0515625 0.0625
0 0.6609375 0.7509765625 0.05 0.060546875
0 0.45859375 0.6181640625 0.0515625 0.060546875
0 0.59453125 0.5498046875 0.0515625 0.060546875
0 0.5703125 0.27734375 0.05 0.0625
0 0.359375 0.6201171875 0.05 0.064453125
0 0.3359375 0.34765625 0.05 0.06640625
0 0.6421875 0.546875 0.05 0.0625
0 0.14609375 0.4833984375 0.0515625 0.064453125
0 0.340625 0.4140625 0.05 0.0625
0 0.6375 0.482421875 0.05 0.0625
0 0.5046875 0.6181640625 0.053125 0.060546875
0 0.16875 0.7646484375 0.053125 0.060546875
0 0.36484375 0.689453125 0.0515625 0.0625
0 0.6171875 0.279296875 0.053125 0.06640625
0 0.57578125 0.34765625 0.0515625 0.06640625
0 0.2984375 0.4833984375 0.05 0.064453125
0 0.5609375 0.6865234375 0.053125 0.060546875
0 0.6546875 0.6865234375 0.053125 0.060546875
0 0.19140625 0.4150390625 0.0515625 0.064453125
0 0.49453125 0.48046875 0.0546875 0.06640625
0 0.34765625 0.482421875 0.0546875 0.0625
0 0.6078125 0.6845703125 0.05 0.064453125
0 0.1578125 0.623046875 0.053125 0.06640625
0 0.140625 0.4140625 0.05 0.0625
0 0.2796875 0.27734375 0.05 0.0625
0 0.6234375 0.345703125 0.05 0.0625
0 0.64921875 0.6162109375 0.0546875 0.064453125
0 0.178125 0.27734375 0.05 0.0625
0 0.51171875 0.6865234375 0.0515625 0.060546875
0 0.5296875 0.345703125 0.053125 0.0625
0 0.3765625 0.279296875 0.053125 0.06640625
0 0.1640625 0.6943359375 0.053125 0.064453125
0 0.4453125 0.482421875 0.05 0.0625
0 0.2140625 0.693359375 0.053125 0.0625
0 0.4640625 0.6865234375 0.05 0.060546875
0 0.2859375 0.345703125 0.053125 0.0625
0 0.209375 0.62109375 0.053125 0.0625
0 0.328125 0.27734375 0.05 0.0625
0 0.2609375 0.623046875 0.05 0.06640625
0 0.62890625 0.4130859375 0.0515625 0.064453125
0 0.1265625 0.27734375 0.053125 0.0625
0 0.396875 0.4833984375 0.05 0.064453125
