0 0.7328125 0.5439453125 0.05625 0.076171875
0 0.71484375 0.373046875 0.0546875 0.07421875
0 0.69140625 0.728515625 0.0546875 0.07421875
0 0.62265625 0.6630859375 0.0546875 0.076171875
0 0.67421875 0.5615234375 0.0546875 0.076171875
0 0.84453125 0.421875 0.0546875 0.07421875
0 0.60546875 0.4931640625 0.0546875 0.076171875
0 0.35390625 0.400390625 0.0546875 0.07421875
0 0.82734375 0.251953125 0.0546875 0.07421875
0 0.69765625 0.20703125 0.0546875 0.07421875
0 0.65546875 0.3916015625 0.0546875 0.076171875
0 0.58828125 0.326171875 0.0546875 0.07421875
0 0.38671875 0.732421875 0.0546875 0.07421875
0 0.75859375 0.796875 0.0546875 0.07421875
0 0.37109375 0.564453125 0.0546875 0.07421875
0 0.40234375 0.90234375 0.0546875 0.07421875
0 0.80234375 0.609375 0.0546875 0.07421875
0 0.93203125 0.66015625 0.0546875 0.07421875
0 0.86171875 0.591796875 0.0546875 0.07421875
0 0.5046875 0.69921875 0.05625 0.07421875
0 0.77734375 0.35546875 0.0546875 0.07421875
0 0.91484375 0.486328125 0.0546875 0.07421875
0 0.34296875 0.919921875 0.0546875 0.07421875
0 0.75078125 0.7109375 0.0546875 0.07421875
0 0.45234375 0.80078125 0.0546875 0.07421875
0 0.51953125 0.8662109375 0.0546875 0.076171875
0 0.32109375 0.666015625 0.0546875 0.07421875
0 0.57109375 0.7646484375 0.0546875 0.076171875
0 0.52265625 0.259765625 0.0546875 0.07421875
0 0.87109375 0.677734375 0.0546875 0.07421875
0 0.48671875 0.529296875 0.0546875 0.07421875
0 0.78515625 0.439453125 0.0546875 0.07421875
0 0.53828125 0.427734375 0.0546875 0.07421875
0 0.29609375 0.41796875 0.0546875 0.07421875
0 0.55546875 0.59765625 0.0546875 0.07421875
0 0.88828125 0.2333984375 0.0546875 0.076171875
0 0.85390625 0.5078125 0.0546875 0.07421875
0 0.47890625 0.4482421875 0.0546875 0.076171875
0 0.76796875 0.271484375 0.0546875 0.07421875
0 0.64765625 0.30859375 0.0546875 0.07421875
0 0.74140625 0.626953125 0.0546875 0.07421875
0 0.88203125 0.7646484375 0.0546875 0.076171875
0 0.81171875 0.693359375 0.0546875 0.07421875
0 0.70703125 0.2900390625 0.0546875 0.076171875
0 0.63828125 0.833984375 0.0546875 0.07421875
0 0.72421875 0.45703125 0.0546875 0.07421875
0 0.39296875 0.8154296875 0.0546875 0.076171875
0 0.40390625 0.298828125 0.0546875 0.07421875
0 0.79453125 0.525390625 0.0546875 0.07421875
0 0.43671875 0.630859375 0.0546875 0.07421875
0 0.94296875 0.74609375 0.0546875 0.07421875
0 0.75859375 0.185546875 0.0546875 0.07421875
0 0.46015625 0.884765625 0.0546875 0.07421875
0 0.32734375 0.75 0.0546875 0.07421875
0 0.28828125 0.3349609375 0.0546875 0.076171875
0 0.51171875 0.783203125 0.0546875 0.07421875
0 0.471875 0.365234375 0.05625 0.07421875
0 0.89765625 0.3203125 0.0546875 0.07421875
0 0.31171875 0.58203125 0.0546875 0.07421875
0 0.49609375 0.6123046875 0.0546875 0.076171875
0 0.82109375 0.779296875 0.0546875 0.07421875
0 0.42109375 0.462890625 0.0546875 0.07421875
0 0.57890625 0.84765625 0.0546875 0.07421875
0 0.46328125 0.28125 0.0546875 0.07421875
0 0.30234375 0.501953125 0.0546875 0.07421875
0 0.37734375 0.6484375 0.0546875 0.07421875
0 0.52890625 0.34375 0.0546875 0.07421875
0 0.90546875 0.4033203125 0.0546875 0.076171875
0 0.66484375 0.474609375 0.0546875 0.07421875
0 0.54609375 0.51171875 0.0546875 0.07421875
0 0.83515625 0.337890625 0.0546875 0.07421875
0 0.68203125 0.64453125 0.0546875 0.07421875
0 0.36171875 0.48046875 0.0546875 0.07421875
0 0.346875 0.31640625 0.05625 0.07421875
0 0.43046875 0.546875 0.0546875 0.07421875
0 0.33515625 0.833984375 0.0546875 0.07421875
0 0.92421875 0.57421875 0.0546875 0.07421875
0 0.44609375 0.7138671875 0.0546875 0.076171875
0 0.63828125 0.224609375 0.0546875 0.07421875
0 0.41328125 0.3828125 0.0546875 0.07421875
0 0.56171875 0.681640625 0.0546875 0.07421875
0 0.6296875 0.74609375 0.05625 0.07421875
0 0.81796875 0.16796875 0.0546875 0.07421875
0 0.69765625 0.8154296875 0.0546875 0.076171875
0 0.61484375 0.580078125 0.0546875 0.07421875
0 0.596875 0.41015625 0.05625 0.07421875
0 0.57890625 0.2421875 0.0546875 0.07421875
0 0.8796875 0.150390625 0.05625 0.07421875
