0 0.734375 0.1572265625 0.040625 0.044921875
0 0.6421875 0.1923828125 0.0375 0.044921875
0 0.540625 0.62109375 0.040625 0.046875
0 0.7671875 0.548828125 0.0375 0.04296875
0 0.78671875 0.40625 0.0390625 0.046875
0 0.76015625 0.283203125 0.0390625 0.046875
0 0.39765625 0.60546875 0.0390625 0.046875
0 0.45546875 0.650390625 0.0390625 0.04296875
0 0.8140625 0.53125 0.040625 0.046875
0 0.37890625 0.2900390625 0.0390625 0.044921875
0 0.46484375 0.2578125 0.0390625 0.046875
0 0.73984375 0.4228515625 0.0359375 0.044921875
0 0.66796875 0.31640625 0.0390625 0.046875
0 0.71328125 0.2998046875 0.0390625 0.044921875
0 0.553125 0.2265625 0.0375 0.046875
0 0.61015625 0.271484375 0.0390625 0.04296875
0 0.69453125 0.439453125 0.0390625 0.046875
0 0.5984375 0.6689453125 0.0375 0.044921875
0 0.578125 0.345703125 0.0375 0.046875
0 0.8203125 0.328125 0.0375 0.046875
0 0.3734375 0.4853515625 0.0375 0.044921875
0 0.721875 0.5625 0.0375 0.04296875
0 0.4296875 0.53125 0.0375 0.046875
0 0.48046875 0.318359375 0.0359375 0.046875
0 0.515625 0.501953125 0.0375 0.046875
0 0.728125 0.361328125 0.0375 0.04296875
0 0.79375 0.205078125 0.0375 0.046875
0 0.78203125 0.6103515625 0.0390625 0.044921875
0 0.59140625 0.408203125 0.0390625 0.046875
0 0.56640625 0.287109375 0.0390625 0.04296875
0 0.490625 0.3779296875 0.0375 0.044921875
0 0.46015625 0.4560546875 0.0390625 0.044921875
0 0.6359375 0.392578125 0.040625 0.046875
0 0.7546875 0.4873046875 0.0375 0.044921875
0 0.48515625 0.578125 0.0390625 0.046875
0 0.70234375 0.2373046875 0.0390625 0.044921875
0 0.5109375 0.6982421875 0.040625 0.044921875
0 0.65 0.4541015625 0.0375 0.044921875
0 0.8484375 0.4541015625 0.040625 0.044921875
0 0.61875 0.53125 0.040625 0.046875
0 0.54765625 0.4248046875 0.0390625 0.044921875
0 0.6765625 0.578125 0.0375 0.046875
0 0.709375 0.501953125 0.0375 0.046875
0 0.5234375 0.3046875 0.0375 0.046875
0 0.6296875 0.59375 0.0375 0.046875
0 0.58671875 0.607421875 0.0390625 0.046875
0 0.434375 0.3349609375 0.040625 0.044921875
0 0.50546875 0.439453125 0.0359375 0.046875
0 0.86171875 0.515625 0.0390625 0.05078125
0 0.39375 0.3486328125 0.034375 0.044921875
0 0.5734375 0.544921875 0.040625 0.046875
0 0.40546875 0.4111328125 0.0390625 0.044921875
0 0.6046875 0.4697265625 0.0375 0.044921875
0 0.3859375 0.546875 0.0375 0.04296875
0 0.41796875 0.4697265625 0.0359375 0.044921875
0 0.534375 0.36328125 0.0375 0.04296875
0 0.78125 0.1416015625 0.0375 0.044921875
0 0.559375 0.4853515625 0.0375 0.044921875
0 0.8078125 0.267578125 0.0375 0.046875
0 0.87578125 0.580078125 0.0390625 0.046875
0 0.34921875 0.3662109375 0.0390625 0.044921875
0 0.3609375 0.4248046875 0.040625 0.044921875
0 0.66328125 0.515625 0.0390625 0.046875
0 0.68828125 0.6376953125 0.0359375 0.044921875
0 0.41015625 0.666015625 0.0359375 0.046875
0 0.65546875 0.25390625 0.0359375 0.046875
0 0.4671875 0.7119140625 0.040625 0.044921875
0 0.68046875 0.3779296875 0.0390625 0.044921875
0 0.50859375 0.2421875 0.0390625 0.046875
0 0.83359375 0.392578125 0.0359375 0.046875
0 0.528125 0.560546875 0.0375 0.04296875
0 0.4234375 0.7275390625 0.040625 0.044921875
0 0.64453125 0.6552734375 0.0390625 0.044921875
0 0.79921875 0.4697265625 0.0359375 0.044921875
0 0.4984375 0.63671875 0.0375 0.04296875
0 0.4734375 0.515625 0.034375 0.046875
0 0.6890625 0.17578125 0.040625 0.04296875
0 0.82734375 0.595703125 0.0390625 0.046875
0 0.44296875 0.5908203125 0.0359375 0.044921875
0 0.5984375 0.2099609375 0.0375 0.044921875
0 0.7734375 0.3447265625 0.0375 0.044921875
0 0.74765625 0.220703125 0.0390625 0.046875
0 0.625 0.330078125 0.0375 0.046875
0 0.446875 0.39453125 0.0375 0.046875
0 0.3359375 0.306640625 0.040625 0.046875
0 0.7359375 0.6240234375 0.0375 0.044921875
0 0.553125 0.68359375 0.0375 0.046875
0 0.42109375 0.2744140625 0.0390625 0.044921875
