0 0.60390625 0.517578125 0.0546875 0.0546875
0 0.45078125 0.3095703125 0.0546875 0.052734375
0 0.553125 0.4482421875 0.053125 0.056640625
0 0.2671875 0.646484375 0.05625 0.0546875
0 0.6234375 0.3994140625 0.05625 0.052734375
0 0.5015625 0.3798828125 0.053125 0.056640625
0 0.4 0.240234375 0.053125 0.0546875
0 0.5109375 0.6865234375 0.05625 0.052734375
0 0.48125 0.498046875 0.05625 0.0546875
0 0.5828125 0.6376953125 0.053125 0.052734375
0 0.34765625 0.53515625 0.0578125 0.0546875
0 0.6546875 0.5869140625 0.053125 0.052734375
0 0.70625 0.65625 0.053125 0.0546875
0 0.3796875 0.3603515625 0.05625 0.052734375
0 0.634375 0.70703125 0.05625 0.0546875
0 0.1484375 0.26171875 0.05625 0.0546875
0 0.328125 0.291015625 0.05625 0.0546875
0 0.421875 0.48828125 0.053125 0.0546875
0 0.3984375 0.6044921875 0.05625 0.052734375
0 0.4703125 0.556640625 0.05625 0.0546875
0 0.309375 0.4091796875 0.05625 0.056640625
0 0.43125 0.427734375 0.05625 0.0546875
0 0.5328125 0.56640625 0.05625 0.0546875
0 0.634375 0.33984375 0.05625 0.0546875
0 0.146875 0.625 0.05625 0.0546875
0 0.0953125 0.556640625 0.05625 0.0546875
0 0.54375 0.5068359375 0.05625 0.052734375
0 0.259375 0.337890625 0.05625 0.0546875
0 0.21875 0.2109375 0.05625 0.0546875
0 0.4609375 0.6142578125 0.05625 0.056640625
0 0.6640625 0.52734375 0.05625 0.0546875
0 0.278125 0.5859375 0.05625 0.0546875
0 0.17734375 0.4482421875 0.0546875 0.056640625
0 0.33828125 0.595703125 0.0546875 0.0546875
0 0.7359375 0.48046875 0.05625 0.0546875
0 0.215625 0.576171875 0.05625 0.05078125
0 0.521875 0.626953125 0.05625 0.0546875
0 0.26875 0.28125 0.053125 0.05078125
0 0.5921875 0.578125 0.05625 0.0546875
0 0.675 0.4697265625 0.05625 0.056640625
0 0.5734375 0.330078125 0.05625 0.0546875
0 0.45 0.6748046875 0.05625 0.056640625
0 0.2484375 0.3984375 0.05625 0.0546875
0 0.1671875 0.505859375 0.05625 0.0546875
0 0.7046875 0.2919921875 0.05625 0.052734375
0 0.521875 0.2626953125 0.05625 0.052734375
0 0.1171875 0.4365234375 0.05625 0.052734375
0 0.2296875 0.517578125 0.05625 0.0546875
0 0.28984375 0.5263671875 0.0546875 0.052734375
0 0.6859375 0.4091796875 0.05625 0.056640625
0 0.6953125 0.3505859375 0.053125 0.052734375
0 0.4921875 0.4375 0.05625 0.0546875
0 0.7546875 0.359375 0.05625 0.0546875
0 0.2375 0.458984375 0.05625 0.0546875
0 0.196875 0.3291015625 0.05625 0.052734375
0 0.3 0.4677734375 0.05625 0.052734375
0 0.18828125 0.3876953125 0.0546875 0.056640625
0 0.390625 0.30078125 0.05625 0.0546875
0 0.571875 0.6962890625 0.053125 0.056640625
0 0.409375 0.5478515625 0.05625 0.052734375
0 0.696875 0.716796875 0.05625 0.0546875
0 0.3421875 0.2314453125 0.05625 0.052734375
0 0.74609375 0.419921875 0.0546875 0.0546875
0 0.6125 0.458984375 0.05625 0.0546875
0 0.584375 0.271484375 0.05625 0.0546875
0 0.3703125 0.4189453125 0.053125 0.052734375
0 0.28125 0.22265625 0.05625 0.0546875
0 0.328125 0.6552734375 0.05625 0.052734375
0 0.4609375 0.25390625 0.05625 0.0546875
0 0.7265625 0.5361328125 0.05625 0.052734375
0 0.31953125 0.3486328125 0.0546875 0.056640625
0 0.1265625 0.3779296875 0.053125 0.052734375
0 0.5625 0.390625 0.05625 0.0546875
0 0.3609375 0.4775390625 0.05625 0.056640625
0 0.64375 0.283203125 0.053125 0.0546875
0 0.715625 0.595703125 0.05625 0.0546875
0 0.209375 0.271484375 0.053125 0.0546875
0 0.10625 0.49609375 0.05625 0.0546875
0 0.20703125 0.6357421875 0.0546875 0.056640625
0 0.084375 0.6162109375 0.05625 0.052734375
0 0.4421875 0.369140625 0.05625 0.0546875
0 0.15625 0.5654296875 0.053125 0.052734375
0 0.3890625 0.6640625 0.053125 0.0546875
0 0.1375 0.3193359375 0.053125 0.056640625
0 0.6453125 0.646484375 0.05625 0.0546875
0 0.5109375 0.3193359375 0.05625 0.056640625
0 0.765625 0.30078125 0.05625 0.0546875
0 0.15859375 0.201171875 0.0546875 0.0546875
