0 0.59609375 0.51171875 0.0390625 0.046875
0 0.53046875 0.6298828125 0.0390625 0.048828125
0 0.36171875 0.3486328125 0.0390625 0.044921875
0 0.64453125 0.296875 0.0390625 0.046875
0 0.56484375 0.5712890625 0.0390625 0.048828125
0 0.43359375 0.5439453125 0.0390625 0.048828125
0 0.40078125 0.60546875 0.0390625 0.046875
0 0.66015625 0.3955078125 0.0390625 0.044921875
0 0.61328125 0.3544921875 0.0390625 0.048828125
0 0.62734375 0.453125 0.0390625 0.046875
0 0.52578125 0.318359375 0.0390625 0.046875
0 0.46796875 0.4853515625 0.0390625 0.048828125
0 0.57890625 0.4130859375 0.0390625 0.048828125
0 0.68359375 0.5478515625 0.0390625 0.044921875
0 0.475 0.537109375 0.040625 0.046875
0 0.75625 0.4814453125 0.0375 0.044921875
0 0.61328125 0.61328125 0.0390625 0.046875
0 0.53984375 0.419921875 0.0390625 0.046875
0 0.57265625 0.361328125 0.0390625 0.046875
0 0.44140625 0.595703125 0.0390625 0.046875
0 0.54765625 0.4697265625 0.0390625 0.048828125
0 0.37578125 0.451171875 0.0390625 0.046875
0 0.64453125 0.5546875 0.0390625 0.046875
0 0.38515625 0.5 0.0390625 0.046875
0 0.35234375 0.5595703125 0.0390625 0.048828125
0 0.55703125 0.2607421875 0.0390625 0.044921875
0 0.41015625 0.392578125 0.0390625 0.046875
0 0.65234375 0.3466796875 0.0390625 0.044921875
0 0.4265625 0.4921875 0.040625 0.046875
0 0.45859375 0.4345703125 0.0390625 0.044921875
0 0.45078125 0.3837890625 0.0390625 0.048828125
0 0.60546875 0.3046875 0.0390625 0.046875
0 0.48203125 0.587890625 0.0390625 0.046875
0 0.45078125 0.6455078125 0.0390625 0.048828125
0 0.73984375 0.380859375 0.0390625 0.046875
0 0.65234375 0.6064453125 0.0390625 0.044921875
0 0.62109375 0.4052734375 0.0390625 0.044921875
0 0.6765625 0.49609375 0.040625 0.046875
0 0.50703125 0.478515625 0.0390625 0.046875
0 0.49140625 0.3759765625 0.0390625 0.044921875
0 0.39453125 0.2900390625 0.0390625 0.044921875
0 0.69921875 0.388671875 0.0390625 0.046875
0 0.68359375 0.2900390625 0.0390625 0.044921875
0 0.6671875 0.447265625 0.040625 0.046875
0 0.3671875 0.6640625 0.0375 0.046875
0 0.41953125 0.4404296875 0.0390625 0.044921875
0 0.63671875 0.24609375 0.0390625 0.046875
0 0.39296875 0.55078125 0.0390625 0.046875
0 0.72265625 0.2822265625 0.0390625 0.048828125
0 0.32734375 0.40625 0.0390625 0.046875
0 0.71640625 0.490234375 0.0390625 0.046875
0 0.69296875 0.59765625 0.0390625 0.046875
0 0.69140625 0.337890625 0.0390625 0.046875
0 0.43515625 0.2822265625 0.0390625 0.048828125
0 0.725 0.5400390625 0.040625 0.044921875
0 0.34453125 0.5087890625 0.0390625 0.044921875
0 0.71796875 0.2314453125 0.0390625 0.044921875
0 0.77265625 0.58203125 0.0359375 0.046875
0 0.73203125 0.5888671875 0.0390625 0.048828125
0 0.40859375 0.6552734375 0.0390625 0.044921875
0 0.70859375 0.439453125 0.0390625 0.046875
0 0.49140625 0.638671875 0.0390625 0.046875
0 0.49921875 0.4267578125 0.0390625 0.048828125
0 0.484375 0.326171875 0.040625 0.046875
0 0.51640625 0.5283203125 0.0390625 0.048828125
0 0.55546875 0.5205078125 0.0390625 0.044921875
0 0.44296875 0.333984375 0.0390625 0.046875
0 0.52421875 0.5791015625 0.0390625 0.044921875
0 0.4765625 0.275390625 0.0375 0.046875
0 0.63515625 0.505859375 0.0390625 0.046875
0 0.31953125 0.35546875 0.0390625 0.046875
0 0.59765625 0.2548828125 0.0390625 0.048828125
0 0.58828125 0.4619140625 0.0390625 0.044921875
0 0.56484375 0.3115234375 0.0390625 0.048828125
0 0.33515625 0.4580078125 0.0390625 0.048828125
0 0.67890625 0.2392578125 0.0390625 0.048828125
0 0.74765625 0.43359375 0.0390625 0.046875
0 0.76484375 0.5322265625 0.0390625 0.044921875
0 0.40234375 0.3408203125 0.0390625 0.048828125
0 0.53359375 0.3681640625 0.0390625 0.048828125
0 0.359375 0.611328125 0.040625 0.046875
0 0.60390625 0.564453125 0.0390625 0.046875
0 0.35390625 0.2978515625 0.0390625 0.048828125
0 0.73203125 0.33203125 0.0390625 0.046875
0 0.36875 0.3994140625 0.040625 0.048828125
0 0.57265625 0.623046875 0.0390625 0.046875
0 0.51640625 0.2685546875 0.0390625 0.048828125
0 0.31328125 0.3046875 0.0390625 0.046875
