0 0.46171875 0.2314453125 0.0390625 0.048828125
0 0.58984375 0.2001953125 0.0390625 0.048828125
0 0.60078125 0.2939453125 0.0390625 0.048828125
0 0.46640625 0.2783203125 0.0390625 0.048828125
0 0.38515625 0.3447265625 0.0390625 0.048828125
0 0.73828125 0.6552734375 0.0390625 0.048828125
0 0.40546875 0.5341796875 0.0390625 0.048828125
0 0.54921875 0.6005859375 0.0390625 0.048828125
0 0.41171875 0.5830078125 0.0390625 0.048828125
0 0.47734375 0.3720703125 0.0390625 0.048828125
0 0.50390625 0.6103515625 0.0390625 0.048828125
0 0.46015625 0.6201171875 0.0390625 0.048828125
0 0.52578125 0.4091796875 0.0390625 0.048828125
0 0.51015625 0.6591796875 0.0390625 0.048828125
0 0.48828125 0.4658203125 0.0390625 0.048828125
0 0.39609375 0.4404296875 0.0390625 0.048828125
0 0.40078125 0.4873046875 0.0390625 0.048828125
0 0.59921875 0.6376953125 0.0390625 0.048828125
0 0.61171875 0.3876953125 0.0390625 0.048828125
0 0.63046875 0.5302734375 0.0390625 0.048828125
0 0.60546875 0.6865234375 0.0390625 0.048828125
0 0.53671875 0.5029296875 0.0390625 0.048828125
0 0.42890625 0.3349609375 0.0390625 0.048828125
0 0.72578125 0.5576171875 0.0390625 0.048828125
0 0.63671875 0.5791015625 0.0390625 0.048828125
0 0.41796875 0.2412109375 0.0390625 0.048828125
0 0.67734375 0.1806640625 0.0390625 0.048828125
0 0.49921875 0.5615234375 0.0390625 0.048828125
0 0.64296875 0.6279296875 0.0390625 0.048828125
0 0.47265625 0.7177734375 0.0390625 0.048828125
0 0.43828125 0.4287109375 0.0390625 0.048828125
0 0.58671875 0.5400390625 0.0390625 0.048828125
0 0.56015625 0.6982421875 0.0390625 0.048828125
0 0.66796875 0.4716796875 0.0390625 0.048828125
0 0.67421875 0.5205078125 0.0390625 0.048828125
0 0.44921875 0.5244140625 0.0390625 0.048828125
0 0.55234375 0.2568359375 0.0390625 0.048828125
0 0.62421875 0.4833984375 0.0390625 0.048828125
0 0.54765625 0.2099609375 0.0390625 0.048828125
0 0.54296875 0.5517578125 0.0390625 0.048828125
0 0.49296875 0.5146484375 0.0390625 0.048828125
0 0.57421875 0.4443359375 0.0390625 0.048828125
0 0.50390625 0.2216796875 0.0390625 0.048828125
0 0.68671875 0.6162109375 0.0390625 0.048828125
0 0.50859375 0.2685546875 0.0390625 0.048828125
0 0.38046875 0.2978515625 0.0390625 0.048828125
0 0.71171875 0.4619140625 0.0390625 0.048828125
0 0.63359375 0.1904296875 0.0390625 0.048828125
0 0.65078125 0.3291015625 0.0390625 0.048828125
0 0.42265625 0.6806640625 0.0390625 0.048828125
0 0.53046875 0.4560546875 0.0390625 0.048828125
0 0.51953125 0.3603515625 0.0390625 0.048828125
0 0.66171875 0.4248046875 0.0390625 0.048828125
0 0.46640625 0.6689453125 0.0390625 0.048828125
0 0.42265625 0.2880859375 0.0390625 0.048828125
0 0.56328125 0.3505859375 0.0390625 0.048828125
0 0.47109375 0.3251953125 0.0390625 0.048828125
0 0.37578125 0.2509765625 0.0390625 0.048828125
0 0.41640625 0.6318359375 0.0390625 0.048828125
0 0.64921875 0.6767578125 0.0390625 0.048828125
0 0.43359375 0.3818359375 0.0390625 0.048828125
0 0.68828125 0.2724609375 0.0390625 0.048828125
0 0.51484375 0.3134765625 0.0390625 0.048828125
0 0.61796875 0.4345703125 0.0390625 0.048828125
0 0.38984375 0.3916015625 0.0390625 0.048828125
0 0.64453125 0.2822265625 0.0390625 0.048828125
0 0.69921875 0.3662109375 0.0390625 0.048828125
0 0.59609375 0.2470703125 0.0390625 0.048828125
0 0.65546875 0.3779296875 0.0390625 0.048828125
0 0.51640625 0.7080078125 0.0390625 0.048828125
0 0.48203125 0.4189453125 0.0390625 0.048828125
0 0.59296875 0.5888671875 0.0390625 0.048828125
0 0.55703125 0.3037109375 0.0390625 0.048828125
0 0.63984375 0.2373046875 0.0390625 0.048828125
0 0.60703125 0.3408203125 0.0390625 0.048828125
0 0.69453125 0.6650390625 0.0390625 0.048828125
0 0.73203125 0.6064453125 0.0390625 0.048828125
0 0.68046875 0.5673828125 0.0390625 0.048828125
0 0.45546875 0.5732421875 0.0390625 0.048828125
0 0.58046875 0.4931640625 0.0390625 0.048828125
0 0.55390625 0.6494140625 0.0390625 0.048828125
0 0.44453125 0.4755859375 0.0390625 0.048828125
0 0.56796875 0.3974609375 0.0390625 0.048828125
0 0.42890625 0.7294921875 0.0390625 0.048828125
0 0.69453125 0.3193359375 0.0390625 0.048828125
0 0.71796875 0.5087890625 0.0390625 0.048828125
0 0.70546875 0.4130859375 0.0390625 0.048828125
0 0.68203125 0.2255859375 0.0390625 0.048828125
