0 0.525 0.2734375 0.06875 0.0625
0 0.57734375 0.61328125 0.0671875 0.0625
0 0.590625 0.3505859375 0.06875 0.060546875
0 0.5125 0.5361328125 0.06875 0.060546875
0 0.39140625 0.185546875 0.0671875 0.0625
0 0.1765625 0.416015625 0.06875 0.0625
0 0.45625 0.2646484375 0.06875 0.060546875
0 0.7234375 0.439453125 0.06875 0.0625
0 0.371875 0.578125 0.06875 0.0625
0 0.24140625 0.4921875 0.0671875 0.0625
0 0.31328125 0.37109375 0.0671875 0.0625
0 0.3203125 0.2412109375 0.06875 0.060546875
0 0.3796875 0.447265625 0.065625 0.0625
0 0.44375 0.5244140625 0.06875 0.060546875
0 0.7921875 0.517578125 0.06875 0.05859375
0 0.1734375 0.48046875 0.06875 0.0625
0 0.5875 0.416015625 0.06875 0.0625
0 0.1859375 0.154296875 0.06875 0.05859375
0 0.809375 0.25 0.06875 0.0625
0 0.3265625 0.1083984375 0.06875 0.060546875
0 0.23828125 0.556640625 0.0671875 0.0625
0 0.7171875 0.5703125 0.06875 0.05859375
0 0.2578125 0.1640625 0.06875 0.0625
0 0.25 0.296875 0.065625 0.0625
0 0.1140625 0.337890625 0.06875 0.0625
0 0.1109375 0.4033203125 0.06875 0.060546875
0 0.734375 0.3046875 0.06875 0.05859375
0 0.65078125 0.4951171875 0.0640625 0.060546875
0 0.66875 0.2294921875 0.06875 0.060546875
0 0.1859375 0.220703125 0.06875 0.0625
0 0.384375 0.318359375 0.06875 0.0625
0 0.65546875 0.427734375 0.0671875 0.0625
0 0.2453125 0.427734375 0.06875 0.0625
0 0.309375 0.5009765625 0.06875 0.060546875
0 0.253125 0.2294921875 0.065625 0.060546875
0 0.6 0.2177734375 0.06875 0.060546875
0 0.46328125 0.12890625 0.0671875 0.0625
0 0.80078125 0.3828125 0.0640625 0.0625
0 0.509375 0.6015625 0.06875 0.0625
0 0.51875 0.40625 0.06875 0.0625
0 0.446875 0.458984375 0.06875 0.0625
0 0.603125 0.1494140625 0.06875 0.060546875
0 0.6734375 0.162109375 0.065625 0.0625
0 0.521875 0.337890625 0.06875 0.0625
0 0.30625 0.56640625 0.06875 0.0625
0 0.6640625 0.294921875 0.065625 0.0625
0 0.73046875 0.3740234375 0.0671875 0.060546875
0 0.584375 0.48046875 0.06875 0.0625
0 0.31640625 0.306640625 0.0671875 0.0625
0 0.5328125 0.140625 0.065625 0.0625
0 0.459375 0.1953125 0.06875 0.05859375
0 0.1796875 0.3505859375 0.06875 0.060546875
0 0.1203125 0.1435546875 0.06875 0.060546875
0 0.74375 0.169921875 0.06875 0.0625
0 0.1078125 0.46875 0.06875 0.0625
0 0.453125 0.330078125 0.06875 0.0625
0 0.1890625 0.0859375 0.06875 0.05859375
0 0.3765625 0.5126953125 0.065625 0.060546875
0 0.1171875 0.208984375 0.06875 0.0625
0 0.7140625 0.63671875 0.06875 0.0625
0 0.3953125 0.1201171875 0.06875 0.060546875
0 0.646875 0.560546875 0.065625 0.0625
0 0.6609375 0.3623046875 0.065625 0.060546875
0 0.1203125 0.076171875 0.06875 0.0625
0 0.38125 0.3828125 0.06875 0.0625
0 0.1734375 0.54296875 0.06875 0.05859375
0 0.2609375 0.099609375 0.06875 0.0625
0 0.815625 0.181640625 0.06875 0.0625
0 0.3234375 0.1748046875 0.06875 0.060546875
0 0.38828125 0.25 0.0671875 0.0625
0 0.7953125 0.447265625 0.06875 0.0625
0 0.7375 0.23828125 0.06875 0.0625
0 0.45 0.39453125 0.06875 0.0625
0 0.7203125 0.50390625 0.06875 0.0625
0 0.31328125 0.439453125 0.0671875 0.0625
0 0.440625 0.58984375 0.06875 0.0625
0 0.784375 0.6455078125 0.065625 0.060546875
0 0.1828125 0.28515625 0.06875 0.0625
0 0.528125 0.205078125 0.06875 0.0625
0 0.80546875 0.318359375 0.0671875 0.0625
0 0.2453125 0.3623046875 0.06875 0.060546875
0 0.1140625 0.2763671875 0.06875 0.060546875
0 0.6421875 0.623046875 0.06875 0.05859375
0 0.58046875 0.548828125 0.0671875 0.0625
0 0.1046875 0.533203125 0.06875 0.0625
0 0.7875 0.583984375 0.065625 0.0625
0 0.59375 0.28515625 0.06875 0.0625
0 0.515625 0.470703125 0.06875 0.0625
