0 0.59765625 0.2685546875 0.0390625 0.048828125
0 0.60234375 0.4873046875 0.0390625 0.048828125
0 0.47421875 0.5537109375 0.0390625 0.048828125
0 0.47421875 0.6630859375 0.0390625 0.048828125
0 0.60078125 0.3779296875 0.0390625 0.048828125
0 0.55390625 0.2197265625 0.0390625 0.048828125
0 0.51640625 0.5498046875 0.0390625 0.048828125
0 0.38515625 0.3466796875 0.0390625 0.048828125
0 0.38203125 0.2392578125 0.0390625 0.048828125
0 0.42421875 0.1806640625 0.0390625 0.048828125
0 0.56015625 0.6005859375 0.0390625 0.048828125
0 0.42421875 0.2333984375 0.0390625 0.048828125
0 0.60390625 0.5966796875 0.0390625 0.048828125
0 0.59609375 0.1611328125 0.0390625 0.048828125
0 0.42734375 0.3955078125 0.0390625 0.048828125
0 0.42578125 0.2880859375 0.0390625 0.048828125
0 0.51484375 0.4423828125 0.0390625 0.048828125
0 0.38671875 0.4541015625 0.0390625 0.048828125
0 0.38671875 0.5087890625 0.0390625 0.048828125
0 0.50859375 0.1708984375 0.0390625 0.048828125
0 0.47265625 0.4462890625 0.0390625 0.048828125
0 0.42890625 0.4501953125 0.0390625 0.048828125
0 0.34140625 0.3505859375 0.0390625 0.048828125
0 0.56328125 0.7119140625 0.0390625 0.048828125
0 0.47578125 0.7177734375 0.0390625 0.048828125
0 0.33984375 0.2431640625 0.0390625 0.048828125
0 0.38515625 0.3994140625 0.0390625 0.048828125
0 0.47421875 0.6083984375 0.0390625 0.048828125
0 0.59921875 0.3232421875 0.0390625 0.048828125
0 0.38828125 0.7255859375 0.0390625 0.048828125
0 0.34140625 0.2978515625 0.0390625 0.048828125
0 0.64140625 0.2646484375 0.0390625 0.048828125
0 0.38828125 0.6162109375 0.0390625 0.048828125
0 0.51328125 0.3330078125 0.0390625 0.048828125
0 0.65078125 0.7041015625 0.0390625 0.048828125
0 0.42734375 0.3427734375 0.0390625 0.048828125
0 0.51796875 0.6591796875 0.0390625 0.048828125
0 0.43046875 0.6123046875 0.0390625 0.048828125
0 0.64921875 0.5927734375 0.0390625 0.048828125
0 0.51015625 0.2236328125 0.0390625 0.048828125
0 0.47265625 0.5009765625 0.0390625 0.048828125
0 0.38671875 0.5615234375 0.0390625 0.048828125
0 0.55234375 0.1650390625 0.0390625 0.048828125
0 0.46640625 0.1748046875 0.0390625 0.048828125
0 0.38828125 0.6708984375 0.0390625 0.048828125
0 0.60546875 0.6533203125 0.0390625 0.048828125
0 0.43046875 0.5048828125 0.0390625 0.048828125
0 0.55546875 0.3291015625 0.0390625 0.048828125
0 0.64921875 0.6494140625 0.0390625 0.048828125
0 0.60390625 0.5419921875 0.0390625 0.048828125
0 0.56171875 0.6572265625 0.0390625 0.048828125
0 0.60078125 0.4326171875 0.0390625 0.048828125
0 0.34296875 0.4580078125 0.0390625 0.048828125
0 0.43046875 0.5576171875 0.0390625 0.048828125
0 0.51171875 0.2783203125 0.0390625 0.048828125
0 0.34609375 0.6748046875 0.0390625 0.048828125
0 0.63828125 0.1552734375 0.0390625 0.048828125
0 0.64609375 0.4833984375 0.0390625 0.048828125
0 0.56015625 0.5458984375 0.0390625 0.048828125
0 0.64765625 0.5380859375 0.0390625 0.048828125
0 0.43203125 0.7216796875 0.0390625 0.048828125
0 0.47109375 0.3916015625 0.0390625 0.048828125
0 0.55859375 0.4365234375 0.0390625 0.048828125
0 0.33828125 0.1904296875 0.0390625 0.048828125
0 0.55859375 0.4912109375 0.0390625 0.048828125
0 0.64453125 0.3740234375 0.0390625 0.048828125
0 0.51328125 0.3876953125 0.0390625 0.048828125
0 0.63984375 0.2099609375 0.0390625 0.048828125
0 0.34453125 0.6201171875 0.0390625 0.048828125
0 0.38046875 0.1865234375 0.0390625 0.048828125
0 0.46953125 0.2841796875 0.0390625 0.048828125
0 0.38359375 0.2919921875 0.0390625 0.048828125
0 0.46953125 0.3369140625 0.0390625 0.048828125
0 0.59609375 0.2138671875 0.0390625 0.048828125
0 0.34453125 0.5126953125 0.0390625 0.048828125
0 0.34453125 0.5654296875 0.0390625 0.048828125
0 0.51796875 0.6044921875 0.0390625 0.048828125
0 0.55390625 0.2744140625 0.0390625 0.048828125
0 0.46796875 0.2294921875 0.0390625 0.048828125
0 0.60703125 0.7080078125 0.0390625 0.048828125
0 0.51640625 0.4951171875 0.0390625 0.048828125
0 0.51953125 0.7158203125 0.0390625 0.048828125
0 0.34296875 0.4052734375 0.0390625 0.048828125
0 0.34609375 0.7294921875 0.0390625 0.048828125
0 0.55703125 0.3837890625 0.0390625 0.048828125
0 0.43203125 0.6669921875 0.0390625 0.048828125
0 0.64453125 0.4287109375 0.0390625 0.048828125
0 0.64296875 0.3193359375 0.0390625 0.048828125
