0 0.6390625 0.2939453125 0.040625 0.052734375
0 0.5125 0.8505859375 0.040625 0.052734375
0 0.6421875 0.748046875 0.040625 0.0546875
0 0.403125 0.7392578125 0.040625 0.052734375
0 0.459375 0.5654296875 0.040625 0.052734375
0 0.434375 0.6923828125 0.040625 0.052734375
0 0.696875 0.57421875 0.040625 0.0546875
0 0.55703125 0.5107421875 0.0421875 0.052734375
0 0.3015625 0.7119140625 0.040625 0.052734375
0 0.56484375 0.2255859375 0.0421875 0.052734375
0 0.5140625 0.3955078125 0.040625 0.052734375
0 0.609375 0.3408203125 0.040625 0.052734375
0 0.47109375 0.7294921875 0.0421875 0.052734375
0 0.3328125 0.6669921875 0.040625 0.052734375
0 0.484375 0.4404296875 0.040625 0.052734375
0 0.5375 0.2705078125 0.040625 0.052734375
0 0.56328125 0.5927734375 0.0421875 0.052734375
0 0.39375 0.576171875 0.040625 0.0546875
0 0.5859375 0.4658203125 0.040625 0.052734375
0 0.40859375 0.8232421875 0.0421875 0.052734375
0 0.46640625 0.6484375 0.0421875 0.0546875
0 0.4296875 0.6123046875 0.040625 0.052734375
0 0.51875 0.9345703125 0.040625 0.052734375
0 0.54375 0.8037109375 0.040625 0.052734375
0 0.3578125 0.5400390625 0.040625 0.052734375
0 0.615625 0.4208984375 0.040625 0.052734375
0 0.6359375 0.6650390625 0.040625 0.052734375
0 0.5703125 0.673828125 0.040625 0.0546875
0 0.68359375 0.4111328125 0.0421875 0.052734375
0 0.7578125 0.4814453125 0.040625 0.052734375
0 0.5796875 0.3857421875 0.040625 0.052734375
0 0.60625 0.7119140625 0.040625 0.052734375
0 0.5078125 0.7666015625 0.040625 0.052734375
0 0.728125 0.52734375 0.040625 0.0546875
0 0.3265625 0.5869140625 0.040625 0.052734375
0 0.63125 0.5830078125 0.040625 0.052734375
0 0.7515625 0.3994140625 0.040625 0.052734375
0 0.71328125 0.3642578125 0.0421875 0.052734375
0 0.603125 0.259765625 0.040625 0.0546875
0 0.7203125 0.4462890625 0.040625 0.052734375
0 0.64765625 0.3740234375 0.0421875 0.052734375
0 0.7640625 0.5634765625 0.040625 0.052734375
0 0.5390625 0.720703125 0.040625 0.0546875
0 0.6671875 0.6181640625 0.040625 0.052734375
0 0.59296875 0.5458984375 0.0421875 0.052734375
0 0.36875 0.7041015625 0.040625 0.052734375
0 0.4234375 0.5322265625 0.040625 0.052734375
0 0.52734375 0.5576171875 0.0421875 0.052734375
0 0.296875 0.6318359375 0.040625 0.052734375
0 0.5484375 0.8876953125 0.040625 0.052734375
0 0.49609375 0.6015625 0.0421875 0.0546875
0 0.7875 0.4365234375 0.040625 0.052734375
0 0.825 0.4716796875 0.040625 0.052734375
0 0.47578125 0.8115234375 0.0421875 0.052734375
0 0.4484375 0.40625 0.040625 0.0546875
0 0.690625 0.4912109375 0.040625 0.052734375
0 0.55 0.4296875 0.040625 0.0546875
0 0.3984375 0.6572265625 0.040625 0.052734375
0 0.371875 0.7841796875 0.040625 0.052734375
0 0.5203125 0.4765625 0.040625 0.0546875
0 0.41875 0.4501953125 0.040625 0.052734375
0 0.54375 0.3505859375 0.040625 0.052734375
0 0.6734375 0.7021484375 0.040625 0.052734375
0 0.490625 0.5205078125 0.040625 0.052734375
0 0.6765625 0.330078125 0.040625 0.0546875
0 0.65390625 0.4580078125 0.0421875 0.052734375
0 0.58125 0.8408203125 0.040625 0.052734375
0 0.3890625 0.4951171875 0.040625 0.052734375
0 0.50234375 0.6845703125 0.0421875 0.052734375
0 0.6 0.6298828125 0.040625 0.052734375
0 0.53203125 0.6376953125 0.0421875 0.052734375
0 0.478125 0.3603515625 0.040625 0.052734375
0 0.6609375 0.5380859375 0.040625 0.052734375
0 0.62421875 0.501953125 0.0421875 0.0546875
0 0.265625 0.6767578125 0.040625 0.052734375
0 0.703125 0.6572265625 0.040625 0.052734375
0 0.5734375 0.3037109375 0.040625 0.052734375
0 0.6109375 0.794921875 0.040625 0.0546875
0 0.3375 0.748046875 0.040625 0.0546875
0 0.4546875 0.4853515625 0.040625 0.052734375
0 0.7953125 0.5166015625 0.040625 0.052734375
0 0.44453125 0.8583984375 0.0421875 0.052734375
0 0.3625 0.6201171875 0.040625 0.052734375
0 0.43984375 0.7763671875 0.0421875 0.052734375
0 0.575 0.7568359375 0.040625 0.052734375
0 0.734375 0.6103515625 0.040625 0.052734375
0 0.5078125 0.3154296875 0.040625 0.052734375
0 0.48125 0.8974609375 0.040625 0.052734375
