0 0.4328125 0.623046875 0.0375 0.05078125
0 0.5203125 0.517578125 0.040625 0.05078125
0 0.5171875 0.412109375 0.040625 0.05078125
0 0.2984375 0.568359375 0.040625 0.05078125
0 0.3828125 0.3544921875 0.040625 0.048828125
0 0.3421875 0.458984375 0.040625 0.05078125
0 0.65 0.4658203125 0.040625 0.048828125
0 0.20625 0.40625 0.040625 0.05078125
0 0.5125 0.3046875 0.040625 0.05078125
0 0.384375 0.4619140625 0.040625 0.048828125
0 0.3828125 0.248046875 0.040625 0.046875
0 0.64375 0.25390625 0.040625 0.046875
0 0.3375 0.2470703125 0.040625 0.048828125
0 0.521875 0.625 0.040625 0.046875
0 0.34375 0.568359375 0.040625 0.05078125
0 0.3390625 0.353515625 0.040625 0.05078125
0 0.25078125 0.30078125 0.0390625 0.05078125
0 0.43046875 0.515625 0.0390625 0.05078125
0 0.653125 0.5732421875 0.040625 0.048828125
0 0.5625 0.517578125 0.040625 0.05078125
0 0.2984375 0.6220703125 0.040625 0.048828125
0 0.646875 0.359375 0.040625 0.046875
0 0.2515625 0.40625 0.040625 0.05078125
0 0.296875 0.353515625 0.040625 0.05078125
0 0.296875 0.458984375 0.040625 0.05078125
0 0.5609375 0.412109375 0.040625 0.05078125
0 0.65390625 0.62890625 0.0390625 0.05078125
0 0.4296875 0.4619140625 0.040625 0.048828125
0 0.3859375 0.568359375 0.040625 0.05078125
0 0.43125 0.568359375 0.040625 0.05078125
0 0.42734375 0.302734375 0.0421875 0.05078125
0 0.5640625 0.5732421875 0.040625 0.048828125
0 0.296875 0.515625 0.040625 0.05078125
0 0.4296875 0.408203125 0.040625 0.05078125
0 0.5578125 0.3046875 0.040625 0.05078125
0 0.5671875 0.626953125 0.040625 0.05078125
0 0.2046875 0.296875 0.040625 0.05078125
0 0.5125 0.251953125 0.040625 0.05078125
0 0.3390625 0.30078125 0.040625 0.05078125
0 0.6078125 0.5732421875 0.040625 0.048828125
0 0.5578125 0.251953125 0.040625 0.05078125
0 0.603125 0.3583984375 0.040625 0.048828125
0 0.2078125 0.62109375 0.040625 0.05078125
0 0.609375 0.626953125 0.040625 0.05078125
0 0.51875 0.46484375 0.0375 0.05078125
0 0.6484375 0.4130859375 0.040625 0.048828125
0 0.2953125 0.40625 0.0375 0.05078125
0 0.4765625 0.623046875 0.040625 0.05078125
0 0.51640625 0.3583984375 0.0390625 0.048828125
0 0.2046875 0.244140625 0.040625 0.05078125
0 0.6515625 0.51953125 0.0375 0.05078125
0 0.253125 0.51171875 0.040625 0.05078125
0 0.52109375 0.572265625 0.0390625 0.046875
0 0.42734375 0.35546875 0.0421875 0.05078125
0 0.60546875 0.46484375 0.0421875 0.05078125
0 0.384375 0.4072265625 0.040625 0.048828125
0 0.475 0.517578125 0.040625 0.05078125
0 0.3390625 0.40625 0.040625 0.05078125
0 0.29375 0.30078125 0.040625 0.05078125
0 0.20625 0.51171875 0.040625 0.05078125
0 0.60546875 0.412109375 0.0421875 0.05078125
0 0.56171875 0.46484375 0.0390625 0.05078125
0 0.29375 0.2470703125 0.040625 0.048828125
0 0.425 0.25 0.040625 0.05078125
0 0.6078125 0.517578125 0.040625 0.05078125
0 0.3890625 0.623046875 0.040625 0.05078125
0 0.646875 0.306640625 0.040625 0.046875
0 0.253125 0.62109375 0.040625 0.05078125
0 0.4703125 0.3046875 0.040625 0.05078125
0 0.603125 0.3046875 0.040625 0.05078125
0 0.6015625 0.251953125 0.040625 0.05078125
0 0.471875 0.412109375 0.040625 0.05078125
0 0.559375 0.3583984375 0.0375 0.048828125
0 0.3421875 0.515625 0.040625 0.05078125
0 0.20546875 0.3505859375 0.0390625 0.048828125
0 0.3859375 0.515625 0.040625 0.05078125
0 0.3828125 0.3017578125 0.040625 0.048828125
0 0.20703125 0.458984375 0.0390625 0.05078125
0 0.253125 0.56640625 0.040625 0.046875
0 0.34375 0.623046875 0.040625 0.05078125
0 0.2078125 0.5654296875 0.040625 0.048828125
0 0.24921875 0.244140625 0.0421875 0.05078125
0 0.24921875 0.353515625 0.0421875 0.05078125
0 0.475 0.46484375 0.040625 0.05078125
0 0.2515625 0.458984375 0.040625 0.05078125
0 0.471875 0.3583984375 0.040625 0.048828125
0 0.4703125 0.251953125 0.040625 0.05078125
0 0.4765625 0.5703125 0.040625 0.05078125
