0 0.53828125 0.2314453125 0.0390625 0.048828125
0 0.41015625 0.2001953125 0.0390625 0.048828125
0 0.39921875 0.2939453125 0.0390625 0.048828125
0 0.53359375 0.2783203125 0.0390625 0.048828125
0 0.61484375 0.3447265625 0.0390625 0.048828125
0 0.26171875 0.6552734375 0.0390625 0.048828125
0 0.59453125 0.5341796875 0.0390625 0.048828125
0 0.45078125 0.6005859375 0.0390625 0.048828125
0 0.58828125 0.5830078125 0.0390625 0.048828125
0 0.52265625 0.3720703125 0.0390625 0.048828125
0 0.49609375 0.6103515625 0.0390625 0.048828125
0 0.53984375 0.6201171875 0.0390625 0.048828125
0 0.47421875 0.4091796875 0.0390625 0.048828125
0 0.48984375 0.6591796875 0.0390625 0.048828125
0 0.51171875 0.4658203125 0.0390625 0.048828125
0 0.60390625 0.4404296875 0.0390625 0.048828125
0 0.59921875 0.4873046875 0.0390625 0.048828125
0 0.40078125 0.6376953125 0.0390625 0.048828125
0 0.38828125 0.3876953125 0.0390625 0.048828125
0 0.36953125 0.5302734375 0.0390625 0.048828125
0 0.39453125 0.6865234375 0.0390625 0.048828125
0 0.46328125 0.5029296875 0.0390625 0.048828125
0 0.57109375 0.3349609375 0.0390625 0.048828125
0 0.27421875 0.5576171875 0.0390625 0.048828125
0 0.36328125 0.5791015625 0.0390625 0.048828125
0 0.58203125 0.2412109375 0.0390625 0.048828125
0 0.32265625 0.1806640625 0.0390625 0.048828125
0 0.50078125 0.5615234375 0.0390625 0.048828125
0 0.35703125 0.6279296875 0.0390625 0.048828125
0 0.52734375 0.7177734375 0.0390625 0.048828125
0 0.56171875 0.4287109375 0.0390625 0.048828125
0 0.41328125 0.5400390625 0.0390625 0.048828125
0 0.43984375 0.6982421875 0.0390625 0.048828125
0 0.33203125 0.4716796875 0.0390625 0.048828125
0 0.32578125 0.5205078125 0.0390625 0.048828125
0 0.55078125 0.5244140625 0.0390625 0.048828125
0 0.44765625 0.2568359375 0.0390625 0.048828125
0 0.37578125 0.4833984375 0.0390625 0.048828125
0 0.45234375 0.2099609375 0.0390625 0.048828125
0 0.45703125 0.5517578125 0.0390625 0.048828125
0 0.50703125 0.5146484375 0.0390625 0.048828125
0 0.42578125 0.4443359375 0.0390625 0.048828125
0 0.49609375 0.2216796875 0.0390625 0.048828125
0 0.31328125 0.6162109375 0.0390625 0.048828125
0 0.49140625 0.2685546875 0.0390625 0.048828125
0 0.61953125 0.2978515625 0.0390625 0.048828125
0 0.28828125 0.4619140625 0.0390625 0.048828125
0 0.36640625 0.1904296875 0.0390625 0.048828125
0 0.34921875 0.3291015625 0.0390625 0.048828125
0 0.57734375 0.6806640625 0.0390625 0.048828125
0 0.46953125 0.4560546875 0.0390625 0.048828125
0 0.48046875 0.3603515625 0.0390625 0.048828125
0 0.33828125 0.4248046875 0.0390625 0.048828125
0 0.53359375 0.6689453125 0.0390625 0.048828125
0 0.57734375 0.2880859375 0.0390625 0.048828125
0 0.43671875 0.3505859375 0.0390625 0.048828125
0 0.52890625 0.3251953125 0.0390625 0.048828125
0 0.62421875 0.2509765625 0.0390625 0.048828125
0 0.58359375 0.6318359375 0.0390625 0.048828125
0 0.35078125 0.6767578125 0.0390625 0.048828125
0 0.56640625 0.3818359375 0.0390625 0.048828125
0 0.31171875 0.2724609375 0.0390625 0.048828125
0 0.48515625 0.3134765625 0.0390625 0.048828125
0 0.38203125 0.4345703125 0.0390625 0.048828125
0 0.61015625 0.3916015625 0.0390625 0.048828125
0 0.35546875 0.2822265625 0.0390625 0.048828125
0 0.30078125 0.3662109375 0.0390625 0.048828125
0 0.40390625 0.2470703125 0.0390625 0.048828125
0 0.34453125 0.3779296875 0.0390625 0.048828125
0 0.48359375 0.7080078125 0.0390625 0.048828125
0 0.51796875 0.4189453125 0.0390625 0.048828125
0 0.40703125 0.5888671875 0.0390625 0.048828125
0 0.44296875 0.3037109375 0.0390625 0.048828125
0 0.36015625 0.2373046875 0.0390625 0.048828125
0 0.39296875 0.3408203125 0.0390625 0.048828125
0 0.30546875 0.6650390625 0.0390625 0.048828125
0 0.26796875 0.6064453125 0.0390625 0.048828125
0 0.31953125 0.5673828125 0.0390625 0.048828125
0 0.54453125 0.5732421875 0.0390625 0.048828125
0 0.41953125 0.4931640625 0.0390625 0.048828125
0 0.44609375 0.6494140625 0.0390625 0.048828125
0 0.55546875 0.4755859375 0.0390625 0.048828125
0 0.43203125 0.3974609375 0.0390625 0.048828125
0 0.57109375 0.7294921875 0.0390625 0.048828125
0 0.30546875 0.3193359375 0.0390625 0.048828125
0 0.28203125 0.5087890625 0.0390625 0.048828125
0 0.29453125 0.4130859375 0.0390625 0.048828125
0 0.31796875 0.2255859375 0.0390625 0.048828125
