0 0.4078125 0.734375 0.040625 0.046875
0 0.4078125 0.51953125 0.040625 0.05078125
0 0.534375 0.458984375 0.040625 0.05078125
0 0.534375 0.3515625 0.040625 0.05078125
0 0.4078125 0.626953125 0.040625 0.05078125
0 0.45078125 0.783203125 0.0421875 0.05078125
0 0.4921875 0.4609375 0.040625 0.05078125
0 0.61875 0.6640625 0.040625 0.05078125
0 0.62109375 0.767578125 0.0421875 0.05078125
0 0.578125 0.82421875 0.040625 0.05078125
0 0.45078125 0.41015625 0.0421875 0.05078125
0 0.578125 0.7734375 0.040625 0.05078125
0 0.4078125 0.412109375 0.040625 0.05078125
0 0.4078125 0.83984375 0.040625 0.05078125
0 0.578125 0.6142578125 0.040625 0.048828125
0 0.578125 0.71875 0.040625 0.05078125
0 0.4921875 0.56640625 0.040625 0.046875
0 0.61875 0.556640625 0.040625 0.05078125
0 0.61875 0.50390625 0.040625 0.05078125
0 0.49375 0.83203125 0.040625 0.05078125
0 0.534375 0.5634765625 0.040625 0.048828125
0 0.578125 0.5615234375 0.040625 0.048828125
0 0.6625 0.66015625 0.040625 0.05078125
0 0.4484375 0.302734375 0.040625 0.05078125
0 0.534375 0.298828125 0.040625 0.05078125
0 0.6625 0.765625 0.040625 0.05078125
0 0.61875 0.6103515625 0.040625 0.048828125
0 0.534375 0.404296875 0.040625 0.05078125
0 0.4078125 0.6796875 0.040625 0.05078125
0 0.62109375 0.29296875 0.0421875 0.05078125
0 0.6625 0.7109375 0.040625 0.05078125
0 0.3640625 0.7373046875 0.040625 0.048828125
0 0.61875 0.400390625 0.040625 0.05078125
0 0.4921875 0.673828125 0.040625 0.05078125
0 0.3625 0.30859375 0.040625 0.05078125
0 0.578125 0.666015625 0.040625 0.05078125
0 0.4921875 0.353515625 0.040625 0.05078125
0 0.578125 0.40234375 0.040625 0.05078125
0 0.3625 0.416015625 0.040625 0.05078125
0 0.49375 0.78125 0.040625 0.05078125
0 0.534375 0.5107421875 0.040625 0.048828125
0 0.62109375 0.453125 0.0421875 0.05078125
0 0.45078125 0.837890625 0.0421875 0.05078125
0 0.5375 0.828125 0.040625 0.05078125
0 0.62109375 0.345703125 0.0421875 0.05078125
0 0.40546875 0.359375 0.0421875 0.05078125
0 0.57578125 0.5078125 0.0421875 0.046875
0 0.45078125 0.677734375 0.0421875 0.05078125
0 0.3625 0.3623046875 0.040625 0.048828125
0 0.40546875 0.466796875 0.0421875 0.05078125
0 0.4484375 0.357421875 0.040625 0.05078125
0 0.4078125 0.572265625 0.040625 0.05078125
0 0.6625 0.5546875 0.040625 0.05078125
0 0.578125 0.455078125 0.040625 0.05078125
0 0.49375 0.728515625 0.040625 0.05078125
0 0.6625 0.34375 0.040625 0.05078125
0 0.3671875 0.84375 0.040625 0.046875
0 0.3640625 0.5234375 0.040625 0.046875
0 0.4484375 0.462890625 0.040625 0.05078125
0 0.3625 0.470703125 0.040625 0.046875
0 0.578125 0.294921875 0.040625 0.05078125
0 0.534375 0.6171875 0.040625 0.046875
0 0.4484375 0.5703125 0.040625 0.05078125
0 0.6625 0.81640625 0.040625 0.05078125
0 0.45078125 0.517578125 0.0421875 0.05078125
0 0.36328125 0.6298828125 0.0390625 0.048828125
0 0.49375 0.62109375 0.040625 0.05078125
0 0.3671875 0.7900390625 0.040625 0.048828125
0 0.6625 0.396484375 0.040625 0.05078125
0 0.62109375 0.818359375 0.0421875 0.05078125
0 0.534375 0.72265625 0.040625 0.05078125
0 0.61875 0.716796875 0.040625 0.05078125
0 0.534375 0.669921875 0.040625 0.046875
0 0.409375 0.7880859375 0.040625 0.048828125
0 0.6625 0.5009765625 0.040625 0.048828125
0 0.6625 0.451171875 0.040625 0.05078125
0 0.4921875 0.408203125 0.040625 0.05078125
0 0.45078125 0.73046875 0.0421875 0.05078125
0 0.534375 0.775390625 0.040625 0.05078125
0 0.40546875 0.306640625 0.0421875 0.05078125
0 0.4921875 0.513671875 0.040625 0.05078125
0 0.4921875 0.2998046875 0.040625 0.048828125
0 0.6625 0.607421875 0.040625 0.05078125
0 0.6625 0.291015625 0.040625 0.05078125
0 0.45078125 0.623046875 0.0421875 0.05078125
0 0.578125 0.349609375 0.040625 0.05078125
0 0.3640625 0.5771484375 0.040625 0.048828125
0 0.3640625 0.68359375 0.040625 0.046875
