0 0.409375 0.8125 0.059375 0.07421875
0 0.1625 0.3203125 0.059375 0.07421875
0 0.51796875 0.4052734375 0.0609375 0.072265625
0 0.1125 0.720703125 0.059375 0.07421875
0 0.21484375 0.8837890625 0.0609375 0.072265625
0 0.30546875 0.64453125 0.0609375 0.07421875
0 0.66953125 0.7373046875 0.0578125 0.072265625
0 0.31484375 0.5634765625 0.0609375 0.076171875
0 0.12578125 0.6396484375 0.0609375 0.072265625
0 0.1546875 0.8818359375 0.059375 0.072265625
0 0.5890625 0.9033203125 0.059375 0.072265625
0 0.39453125 0.4033203125 0.0609375 0.072265625
0 0.134375 0.5595703125 0.059375 0.072265625
0 0.4984375 0.568359375 0.059375 0.07421875
0 0.04296875 0.796875 0.0609375 0.07421875
0 0.3421875 0.3251953125 0.059375 0.072265625
0 0.42578125 0.6474609375 0.0609375 0.072265625
0 0.4796875 0.732421875 0.059375 0.07421875
0 0.17421875 0.720703125 0.0609375 0.07421875
0 0.365625 0.64453125 0.059375 0.07421875
0 0.03359375 0.876953125 0.0609375 0.07421875
0 0.0640625 0.6376953125 0.059375 0.072265625
0 0.56953125 0.48828125 0.0578125 0.07421875
0 0.50859375 0.48828125 0.0609375 0.07421875
0 0.15234375 0.3994140625 0.0609375 0.076171875
0 0.21171875 0.4013671875 0.0609375 0.076171875
0 0.67890625 0.65625 0.0578125 0.07421875
0 0.27578125 0.88671875 0.0609375 0.07421875
0 0.16484375 0.8017578125 0.0609375 0.076171875
0 0.23515625 0.72265625 0.0609375 0.07421875
0 0.45546875 0.4052734375 0.0609375 0.072265625
0 0.71484375 0.330078125 0.0609375 0.07421875
0 0.2953125 0.7255859375 0.059375 0.072265625
0 0.40390625 0.3251953125 0.0578125 0.072265625
0 0.34609375 0.810546875 0.0609375 0.07421875
0 0.33359375 0.4033203125 0.0578125 0.072265625
0 0.22265625 0.322265625 0.0609375 0.07421875
0 0.56015625 0.5712890625 0.0578125 0.072265625
0 0.225 0.8046875 0.059375 0.07421875
0 0.46484375 0.3251953125 0.0609375 0.072265625
0 0.25390625 0.564453125 0.0609375 0.07421875
0 0.59609375 0.8173828125 0.0609375 0.072265625
0 0.60546875 0.734375 0.0609375 0.07421875
0 0.47109375 0.8154296875 0.0609375 0.072265625
0 0.26328125 0.4814453125 0.0578125 0.072265625
0 0.28515625 0.80859375 0.0609375 0.07421875
0 0.64296875 0.408203125 0.0609375 0.07421875
0 0.19296875 0.5615234375 0.0578125 0.072265625
0 0.68828125 0.57421875 0.0609375 0.07421875
0 0.32421875 0.4833984375 0.0609375 0.072265625
0 0.58828125 0.3271484375 0.0609375 0.072265625
0 0.4359375 0.568359375 0.059375 0.07421875
0 0.2015625 0.4814453125 0.059375 0.072265625
0 0.54296875 0.734375 0.0609375 0.07421875
0 0.63359375 0.490234375 0.0609375 0.07421875
0 0.6234375 0.57421875 0.059375 0.07421875
0 0.57890625 0.408203125 0.0609375 0.07421875
0 0.38515625 0.486328125 0.0609375 0.07421875
0 0.28203125 0.322265625 0.0609375 0.07421875
0 0.37578125 0.56640625 0.0609375 0.07421875
0 0.41953125 0.73046875 0.0578125 0.07421875
0 0.10390625 0.3203125 0.0609375 0.07421875
0 0.40078125 0.890625 0.0609375 0.07421875
0 0.07265625 0.5595703125 0.0609375 0.072265625
0 0.44609375 0.486328125 0.0609375 0.07421875
0 0.24453125 0.642578125 0.0609375 0.07421875
0 0.10390625 0.798828125 0.0609375 0.07421875
0 0.615625 0.65234375 0.059375 0.07421875
0 0.52421875 0.8984375 0.0609375 0.07421875
0 0.35546875 0.7275390625 0.0609375 0.072265625
0 0.33671875 0.888671875 0.0609375 0.07421875
0 0.53359375 0.8154296875 0.0609375 0.072265625
0 0.08203125 0.478515625 0.0609375 0.07421875
0 0.48984375 0.6494140625 0.0578125 0.072265625
0 0.18359375 0.6396484375 0.0609375 0.072265625
0 0.69609375 0.490234375 0.0609375 0.07421875
0 0.553125 0.6533203125 0.059375 0.076171875
0 0.6625 0.8203125 0.059375 0.07421875
0 0.65234375 0.9052734375 0.0609375 0.072265625
0 0.65234375 0.326171875 0.0609375 0.07421875
0 0.46328125 0.8955078125 0.0609375 0.076171875
0 0.52578125 0.3271484375 0.0609375 0.072265625
0 0.70546875 0.408203125 0.0609375 0.07421875
0 0.14296875 0.478515625 0.0609375 0.07421875
0 0.271875 0.400390625 0.059375 0.07421875
0 0.0921875 0.400390625 0.059375 0.07421875
0 0.05546875 0.71875 0.0609375 0.07421875
0 0.09453125 0.87890625 0.0609375 0.07421875
