0 0.60546875 0.2373046875 0.0453125 0.076171875
0 0.4515625 0.3056640625 0.04375 0.076171875
0 0.690625 0.572265625 0.04375 0.07421875
0 0.43359375 0.404296875 0.0453125 0.07421875
0 0.27890625 0.4736328125 0.0453125 0.076171875
0 0.5328125 0.64453125 0.04375 0.07421875
0 0.378125 0.712890625 0.04375 0.07421875
0 0.74453125 0.6953125 0.0453125 0.07421875
0 0.4828125 0.5244140625 0.04375 0.076171875
0 0.25390625 0.4140625 0.0453125 0.07421875
0 0.51875 0.3203125 0.04375 0.07421875
0 0.6125 0.82421875 0.04375 0.07421875
0 0.76015625 0.58984375 0.0453125 0.07421875
0 0.346875 0.4921875 0.04375 0.07421875
0 0.6734375 0.677734375 0.04375 0.07421875
0 0.353125 0.6533203125 0.04375 0.076171875
0 0.34140625 0.330078125 0.0453125 0.07421875
0 0.365625 0.3896484375 0.04375 0.076171875
0 0.559375 0.7041015625 0.04375 0.076171875
0 0.58828125 0.3359375 0.0453125 0.07421875
0 0.5171875 0.74609375 0.04375 0.07421875
0 0.715625 0.634765625 0.04375 0.07421875
0 0.6375 0.455078125 0.04375 0.07421875
0 0.45859375 0.46484375 0.0453125 0.07421875
0 0.4765625 0.36328125 0.04375 0.07421875
0 0.48828125 0.10546875 0.0453125 0.07421875
0 0.56875 0.4375 0.04375 0.07421875
0 0.44765625 0.728515625 0.0453125 0.07421875
0 0.3890625 0.44921875 0.04375 0.07421875
0 0.49375 0.263671875 0.04375 0.07421875
0 0.47109375 0.2041015625 0.0453125 0.076171875
0 0.51328125 0.162109375 0.0453125 0.07421875
0 0.490625 0.685546875 0.04375 0.07421875
0 0.428125 0.8330078125 0.04375 0.076171875
0 0.6203125 0.5576171875 0.04375 0.076171875
0 0.30390625 0.533203125 0.0453125 0.07421875
0 0.31796875 0.2734375 0.0453125 0.07421875
0 0.60234375 0.6591796875 0.0453125 0.076171875
0 0.403125 0.7734375 0.04375 0.07421875
0 0.5078125 0.583984375 0.04375 0.07421875
0 0.5953125 0.498046875 0.04375 0.07421875
0 0.465625 0.6259765625 0.04375 0.076171875
0 0.4265625 0.24609375 0.04375 0.07421875
0 0.39609375 0.6083984375 0.0453125 0.076171875
0 0.453125 0.8955078125 0.04375 0.076171875
0 0.70703125 0.470703125 0.0453125 0.07421875
0 0.50078125 0.4228515625 0.0453125 0.076171875
0 0.2984375 0.3720703125 0.04375 0.076171875
0 0.49921875 0.8505859375 0.0453125 0.076171875
0 0.63046875 0.2939453125 0.0453125 0.076171875
0 0.57734375 0.599609375 0.0453125 0.07421875
0 0.5859375 0.763671875 0.04375 0.07421875
0 0.56640625 0.869140625 0.0453125 0.07421875
0 0.38359375 0.2880859375 0.0453125 0.076171875
0 0.32890625 0.59375 0.0453125 0.07421875
0 0.5609375 0.279296875 0.04375 0.07421875
0 0.6640625 0.515625 0.04375 0.07421875
0 0.65546875 0.7822265625 0.0453125 0.076171875
0 0.53671875 0.21875 0.0453125 0.07421875
0 0.7 0.7373046875 0.04375 0.076171875
0 0.646875 0.6171875 0.04375 0.07421875
0 0.48125 0.955078125 0.04375 0.07421875
0 0.403125 0.189453125 0.04375 0.07421875
0 0.55078125 0.5390625 0.0453125 0.07421875
0 0.53125 0.0634765625 0.04375 0.076171875
0 0.52578125 0.4794921875 0.0453125 0.076171875
0 0.42109375 0.66796875 0.0453125 0.07421875
0 0.4140625 0.505859375 0.04375 0.07421875
0 0.321875 0.431640625 0.04375 0.07421875
0 0.62890625 0.71875 0.0453125 0.07421875
0 0.54375 0.380859375 0.04375 0.07421875
0 0.5421875 0.8056640625 0.04375 0.076171875
0 0.52578125 0.9140625 0.0453125 0.07421875
0 0.2734375 0.314453125 0.04375 0.07421875
0 0.23125 0.357421875 0.04375 0.07421875
0 0.78671875 0.650390625 0.0453125 0.07421875
0 0.73359375 0.5302734375 0.0453125 0.076171875
0 0.6125 0.3955078125 0.04375 0.076171875
0 0.68203125 0.41015625 0.0453125 0.07421875
0 0.47265625 0.791015625 0.0453125 0.07421875
0 0.44609375 0.1474609375 0.0453125 0.076171875
0 0.40859375 0.34765625 0.0453125 0.07421875
0 0.58125 0.177734375 0.04375 0.07421875
0 0.4390625 0.56640625 0.04375 0.07421875
0 0.55625 0.1201171875 0.04375 0.076171875
0 0.3609375 0.23046875 0.04375 0.07421875
0 0.65546875 0.353515625 0.0453125 0.07421875
0 0.37109375 0.548828125 0.0453125 0.07421875
