0 0.68515625 0.4736328125 0.0390625 0.048828125
0 0.63515625 0.5654296875 0.0390625 0.048828125
0 0.38359375 0.7861328125 0.0390625 0.048828125
0 0.47578125 0.6044921875 0.0390625 0.048828125
0 0.32734375 0.7197265625 0.0390625 0.048828125
0 0.49140625 0.8408203125 0.0390625 0.048828125
0 0.52890625 0.5908203125 0.0390625 0.048828125
0 0.51640625 0.3564453125 0.0390625 0.048828125
0 0.43359375 0.7744140625 0.0390625 0.048828125
0 0.57734375 0.4990234375 0.0390625 0.048828125
0 0.65234375 0.3603515625 0.0390625 0.048828125
0 0.42109375 0.5380859375 0.0390625 0.048828125
0 0.62265625 0.3291015625 0.0390625 0.048828125
0 0.53359375 0.6708984375 0.0390625 0.048828125
0 0.43828125 0.8525390625 0.0390625 0.048828125
0 0.41171875 0.8193359375 0.0390625 0.048828125
0 0.40078125 0.6611328125 0.0390625 0.048828125
0 0.49296875 0.4013671875 0.0390625 0.048828125
0 0.35078125 0.6748046875 0.0390625 0.048828125
0 0.51015625 0.7158203125 0.0390625 0.048828125
0 0.57265625 0.4208984375 0.0390625 0.048828125
0 0.63046875 0.4853515625 0.0390625 0.048828125
0 0.51484375 0.7958984375 0.0390625 0.048828125
0 0.47265625 0.5244140625 0.0390625 0.048828125
0 0.37421875 0.6298828125 0.0390625 0.048828125
0 0.52421875 0.5126953125 0.0390625 0.048828125
0 0.48671875 0.7607421875 0.0390625 0.048828125
0 0.62578125 0.4072265625 0.0390625 0.048828125
0 0.60546875 0.5322265625 0.0390625 0.048828125
0 0.35546875 0.7529296875 0.0390625 0.048828125
0 0.48046875 0.6826171875 0.0390625 0.048828125
0 0.58203125 0.5791015625 0.0390625 0.048828125
0 0.39765625 0.5830078125 0.0390625 0.048828125
0 0.59140625 0.7373046875 0.0390625 0.048828125
0 0.56640625 0.2646484375 0.0390625 0.048828125
0 0.50390625 0.6357421875 0.0390625 0.048828125
0 0.55703125 0.6240234375 0.0390625 0.048828125
0 0.56640625 0.7822265625 0.0390625 0.048828125
0 0.54296875 0.8291015625 0.0390625 0.048828125
0 0.44921875 0.5712890625 0.0390625 0.048828125
0 0.37890625 0.7060546875 0.0390625 0.048828125
0 0.58671875 0.6572265625 0.0390625 0.048828125
0 0.56953125 0.3427734375 0.0390625 0.048828125
0 0.53828125 0.7490234375 0.0390625 0.048828125
0 0.66015625 0.5185546875 0.0390625 0.048828125
0 0.61484375 0.6904296875 0.0390625 0.048828125
0 0.42890625 0.6943359375 0.0390625 0.048828125
0 0.51953125 0.4345703125 0.0390625 0.048828125
0 0.46796875 0.4482421875 0.0390625 0.048828125
0 0.54140625 0.3095703125 0.0390625 0.048828125
0 0.59765625 0.3740234375 0.0390625 0.048828125
0 0.54921875 0.4658203125 0.0390625 0.048828125
0 0.49609375 0.4794921875 0.0390625 0.048828125
0 0.66484375 0.5986328125 0.0390625 0.048828125
0 0.61015625 0.6103515625 0.0390625 0.048828125
0 0.65546875 0.4404296875 0.0390625 0.048828125
0 0.42421875 0.6162109375 0.0390625 0.048828125
0 0.49609375 0.9228515625 0.0390625 0.048828125
0 0.68984375 0.5517578125 0.0390625 0.048828125
0 0.54453125 0.3876953125 0.0390625 0.048828125
0 0.51328125 0.2783203125 0.0390625 0.048828125
0 0.46328125 0.8076171875 0.0390625 0.048828125
0 0.63984375 0.6455078125 0.0390625 0.048828125
0 0.55234375 0.5458984375 0.0390625 0.048828125
0 0.56171875 0.7041015625 0.0390625 0.048828125
0 0.45703125 0.7275390625 0.0390625 0.048828125
0 0.50078125 0.5576171875 0.0390625 0.048828125
0 0.32265625 0.6416015625 0.0390625 0.048828125
0 0.53828125 0.2333984375 0.0390625 0.048828125
0 0.40546875 0.7412109375 0.0390625 0.048828125
0 0.34609375 0.5966796875 0.0390625 0.048828125
0 0.59453125 0.2958984375 0.0390625 0.048828125
0 0.36953125 0.5517578125 0.0390625 0.048828125
0 0.45234375 0.6494140625 0.0390625 0.048828125
0 0.51953125 0.8759765625 0.0390625 0.048828125
0 0.60234375 0.4541015625 0.0390625 0.048828125
0 0.39296875 0.5048828125 0.0390625 0.048828125
0 0.46796875 0.8876953125 0.0390625 0.048828125
0 0.48828125 0.3251953125 0.0390625 0.048828125
0 0.71484375 0.5068359375 0.0390625 0.048828125
0 0.46484375 0.3701171875 0.0390625 0.048828125
0 0.30078125 0.6865234375 0.0390625 0.048828125
0 0.43984375 0.4150390625 0.0390625 0.048828125
0 0.44453125 0.4931640625 0.0390625 0.048828125
0 0.41640625 0.4599609375 0.0390625 0.048828125
0 0.71015625 0.4267578125 0.0390625 0.048828125
0 0.73984375 0.4599609375 0.0390625 0.048828125
0 0.68046875 0.3935546875 0.0390625 0.048828125
