0 0.49921875 0.3564453125 0.0484375 0.076171875
0 0.73671875 0.703125 0.0484375 0.078125
0 0.84453125 0.703125 0.0484375 0.078125
0 0.76640625 0.3564453125 0.0484375 0.076171875
0 0.40703125 0.5283203125 0.0484375 0.076171875
0 0.57734375 0.7001953125 0.0484375 0.076171875
0 0.39609375 0.3564453125 0.0484375 0.076171875
0 0.471875 0.6962890625 0.05 0.076171875
0 0.67109375 0.53125 0.0484375 0.078125
0 0.65859375 0.359375 0.0484375 0.078125
0 0.6296875 0.7001953125 0.05 0.076171875
0 0.56328125 0.53125 0.0484375 0.078125
0 0.48515625 0.8662109375 0.0484375 0.076171875
0 0.77734375 0.53125 0.0484375 0.078125
0 0.42734375 0.7822265625 0.0484375 0.076171875
0 0.68203125 0.703125 0.0484375 0.078125
0 0.9046875 0.7919921875 0.05 0.076171875
0 0.87578125 0.3564453125 0.0484375 0.076171875
0 0.55234375 0.359375 0.0484375 0.078125
0 0.44609375 0.3564453125 0.0484375 0.076171875
0 0.61015625 0.4453125 0.0484375 0.078125
0 0.50546875 0.4423828125 0.0484375 0.076171875
0 0.64296875 0.8720703125 0.0484375 0.076171875
0 0.34296875 0.3564453125 0.0484375 0.076171875
0 0.46015625 0.5283203125 0.0484375 0.076171875
0 0.68828125 0.7861328125 0.0484375 0.076171875
0 0.35703125 0.5283203125 0.0484375 0.076171875
0 0.80078125 0.875 0.0484375 0.078125
0 0.78984375 0.703125 0.0484375 0.078125
0 0.51875 0.6142578125 0.05 0.076171875
0 0.60390625 0.359375 0.0484375 0.078125
0 0.51328125 0.5283203125 0.0484375 0.076171875
0 0.83203125 0.53125 0.0484375 0.078125
0 0.42109375 0.6962890625 0.0484375 0.076171875
0 0.81484375 0.2705078125 0.0484375 0.076171875
0 0.37578125 0.7802734375 0.0484375 0.076171875
0 0.78359375 0.6171875 0.0484375 0.078125
0 0.45390625 0.4423828125 0.0484375 0.076171875
0 0.69609375 0.8720703125 0.0484375 0.076171875
0 0.74921875 0.875 0.0484375 0.078125
0 0.79609375 0.7890625 0.0484375 0.078125
0 0.70546875 0.2705078125 0.0484375 0.076171875
0 0.59921875 0.2705078125 0.0484375 0.076171875
0 0.88671875 0.53125 0.0484375 0.078125
0 0.54609375 0.2705078125 0.0484375 0.076171875
0 0.61640625 0.53125 0.0484375 0.078125
0 0.7234375 0.53125 0.05 0.078125
0 0.52421875 0.7001953125 0.0484375 0.076171875
0 0.89296875 0.6171875 0.0484375 0.078125
0 0.71796875 0.4453125 0.0484375 0.078125
0 0.71171875 0.3564453125 0.0484375 0.076171875
0 0.58828125 0.8681640625 0.0484375 0.076171875
0 0.36484375 0.6103515625 0.0484375 0.076171875
0 0.440625 0.2705078125 0.05 0.076171875
0 0.91015625 0.8779296875 0.0484375 0.076171875
0 0.85 0.7890625 0.05 0.078125
0 0.89921875 0.7060546875 0.0484375 0.076171875
0 0.82109375 0.3564453125 0.0484375 0.076171875
0 0.8265625 0.4453125 0.05 0.078125
0 0.85546875 0.875 0.0484375 0.078125
0 0.43515625 0.8662109375 0.0484375 0.076171875
0 0.41484375 0.6142578125 0.0484375 0.076171875
0 0.46640625 0.6142578125 0.0484375 0.076171875
0 0.4796875 0.7822265625 0.05 0.076171875
0 0.38828125 0.2705078125 0.0484375 0.076171875
0 0.53828125 0.8681640625 0.0484375 0.076171875
0 0.74296875 0.7890625 0.0484375 0.078125
0 0.35078125 0.4423828125 0.0484375 0.076171875
0 0.40234375 0.4423828125 0.0484375 0.076171875
0 0.62421875 0.6142578125 0.0484375 0.076171875
0 0.5578125 0.4453125 0.05 0.078125
0 0.6765625 0.6171875 0.05 0.078125
0 0.53046875 0.7822265625 0.0484375 0.076171875
0 0.58359375 0.7861328125 0.0484375 0.076171875
0 0.65078125 0.2705078125 0.0484375 0.076171875
0 0.63515625 0.7861328125 0.0484375 0.076171875
0 0.83828125 0.6171875 0.0484375 0.078125
0 0.49296875 0.2705078125 0.0484375 0.076171875
0 0.86953125 0.2705078125 0.0484375 0.076171875
0 0.66484375 0.4453125 0.0484375 0.078125
0 0.38359375 0.8662109375 0.0484375 0.076171875
0 0.72890625 0.6171875 0.0484375 0.078125
0 0.57109375 0.6142578125 0.0484375 0.076171875
0 0.77265625 0.4453125 0.0484375 0.078125
0 0.37109375 0.6962890625 0.0484375 0.076171875
0 0.76015625 0.2705078125 0.0484375 0.076171875
0 0.88125 0.4453125 0.05 0.078125
0 0.3375 0.2705078125 0.05 0.076171875
