0 0.57890625 0.4248046875 0.0390625 0.048828125
0 0.39921875 0.4853515625 0.0390625 0.048828125
0 0.62421875 0.3681640625 0.0390625 0.048828125
0 0.39921875 0.4287109375 0.0390625 0.048828125
0 0.35390625 0.3740234375 0.0390625 0.048828125
0 0.62421875 0.4228515625 0.0390625 0.048828125
0 0.48984375 0.3154296875 0.0390625 0.048828125
0 0.39921875 0.5986328125 0.0390625 0.048828125
0 0.48984375 0.4267578125 0.0390625 0.048828125
0 0.76328125 0.5341796875 0.0390625 0.048828125
0 0.76171875 0.3056640625 0.0390625 0.048828125
0 0.39921875 0.5419921875 0.0390625 0.048828125
0 0.71640625 0.2509765625 0.0390625 0.048828125
0 0.39921875 0.3173828125 0.0390625 0.048828125
0 0.57890625 0.3115234375 0.0390625 0.048828125
0 0.62578125 0.5361328125 0.0390625 0.048828125
0 0.80859375 0.3623046875 0.0390625 0.048828125
0 0.48984375 0.5966796875 0.0390625 0.048828125
0 0.76328125 0.5908203125 0.0390625 0.048828125
0 0.62578125 0.6494140625 0.0390625 0.048828125
0 0.48828125 0.4833984375 0.0390625 0.048828125
0 0.76171875 0.2490234375 0.0390625 0.048828125
0 0.39921875 0.6552734375 0.0390625 0.048828125
0 0.44453125 0.4853515625 0.0390625 0.048828125
0 0.44453125 0.5986328125 0.0390625 0.048828125
0 0.62578125 0.2548828125 0.0390625 0.048828125
0 0.62578125 0.4794921875 0.0390625 0.048828125
0 0.58046875 0.5947265625 0.0390625 0.048828125
0 0.76171875 0.3642578125 0.0390625 0.048828125
0 0.76171875 0.4775390625 0.0390625 0.048828125
0 0.76328125 0.6474609375 0.0390625 0.048828125
0 0.71640625 0.5341796875 0.0390625 0.048828125
0 0.67109375 0.4228515625 0.0390625 0.048828125
0 0.35390625 0.4873046875 0.0390625 0.048828125
0 0.48828125 0.3701171875 0.0390625 0.048828125
0 0.71640625 0.3642578125 0.0390625 0.048828125
0 0.53515625 0.5380859375 0.0390625 0.048828125
0 0.76171875 0.4208984375 0.0390625 0.048828125
0 0.44453125 0.4287109375 0.0390625 0.048828125
0 0.53359375 0.3134765625 0.0390625 0.048828125
0 0.48984375 0.5400390625 0.0390625 0.048828125
0 0.53515625 0.5947265625 0.0390625 0.048828125
0 0.35390625 0.3173828125 0.0390625 0.048828125
0 0.71640625 0.5908203125 0.0390625 0.048828125
0 0.53359375 0.3701171875 0.0390625 0.048828125
0 0.39921875 0.3740234375 0.0390625 0.048828125
0 0.53359375 0.4833984375 0.0390625 0.048828125
0 0.48984375 0.2587890625 0.0390625 0.048828125
0 0.62421875 0.3115234375 0.0390625 0.048828125
0 0.53359375 0.4267578125 0.0390625 0.048828125
0 0.62578125 0.5927734375 0.0390625 0.048828125
0 0.80859375 0.5322265625 0.0390625 0.048828125
0 0.71796875 0.6494140625 0.0390625 0.048828125
0 0.71640625 0.4208984375 0.0390625 0.048828125
0 0.44453125 0.3154296875 0.0390625 0.048828125
0 0.58046875 0.2548828125 0.0390625 0.048828125
0 0.44453125 0.3720703125 0.0390625 0.048828125
0 0.39921875 0.2607421875 0.0390625 0.048828125
0 0.48984375 0.6533203125 0.0390625 0.048828125
0 0.67109375 0.6494140625 0.0390625 0.048828125
0 0.67109375 0.3662109375 0.0390625 0.048828125
0 0.67109375 0.2529296875 0.0390625 0.048828125
0 0.53515625 0.6513671875 0.0390625 0.048828125
0 0.57890625 0.4814453125 0.0390625 0.048828125
0 0.71640625 0.3076171875 0.0390625 0.048828125
0 0.44453125 0.6552734375 0.0390625 0.048828125
0 0.67109375 0.5361328125 0.0390625 0.048828125
0 0.58046875 0.6513671875 0.0390625 0.048828125
0 0.35390625 0.6572265625 0.0390625 0.048828125
0 0.57890625 0.3681640625 0.0390625 0.048828125
0 0.58046875 0.5380859375 0.0390625 0.048828125
0 0.53515625 0.2568359375 0.0390625 0.048828125
0 0.80859375 0.2490234375 0.0390625 0.048828125
0 0.80859375 0.5888671875 0.0390625 0.048828125
0 0.67109375 0.5927734375 0.0390625 0.048828125
0 0.67109375 0.3095703125 0.0390625 0.048828125
0 0.67109375 0.4794921875 0.0390625 0.048828125
0 0.35390625 0.5439453125 0.0390625 0.048828125
0 0.71640625 0.4775390625 0.0390625 0.048828125
0 0.35390625 0.6005859375 0.0390625 0.048828125
0 0.35390625 0.4306640625 0.0390625 0.048828125
0 0.81015625 0.6474609375 0.0390625 0.048828125
0 0.44453125 0.5419921875 0.0390625 0.048828125
0 0.44453125 0.2587890625 0.0390625 0.048828125
0 0.80859375 0.4755859375 0.0390625 0.048828125
0 0.80859375 0.4189453125 0.0390625 0.048828125
0 0.35390625 0.2626953125 0.0390625 0.048828125
0 0.80859375 0.3056640625 0.0390625 0.048828125
