0 0.51328125 0.6767578125 0.0390625 0.048828125
0 0.67265625 0.3935546875 0.0390625 0.048828125
0 0.69765625 0.4658203125 0.0390625 0.048828125
0 0.41484375 0.5673828125 0.0390625 0.048828125
0 0.61640625 0.6083984375 0.0390625 0.048828125
0 0.41796875 0.3896484375 0.0390625 0.048828125
0 0.64453125 0.5009765625 0.0390625 0.048828125
0 0.54296875 0.3916015625 0.0390625 0.048828125
0 0.34296875 0.3525390625 0.0390625 0.048828125
0 0.53828125 0.7509765625 0.0390625 0.048828125
0 0.56484375 0.6435546875 0.0390625 0.048828125
0 0.36484375 0.6005859375 0.0390625 0.048828125
0 0.44453125 0.2822265625 0.0390625 0.048828125
0 0.38828125 0.6728515625 0.0390625 0.048828125
0 0.31484375 0.6357421875 0.0390625 0.048828125
0 0.33984375 0.5302734375 0.0390625 0.048828125
0 0.68359375 0.5205078125 0.0390625 0.048828125
0 0.36640625 0.4228515625 0.0390625 0.048828125
0 0.29140625 0.5654296875 0.0390625 0.048828125
0 0.43828125 0.6396484375 0.0390625 0.048828125
0 0.64140625 0.6826171875 0.0390625 0.048828125
0 0.55390625 0.5166015625 0.0390625 0.048828125
0 0.73671875 0.4853515625 0.0390625 0.048828125
0 0.51640625 0.4970703125 0.0390625 0.048828125
0 0.38984375 0.4951171875 0.0390625 0.048828125
0 0.46484375 0.5322265625 0.0390625 0.048828125
0 0.56796875 0.4638671875 0.0390625 0.048828125
0 0.45390625 0.4072265625 0.0390625 0.048828125
0 0.58984375 0.7158203125 0.0390625 0.048828125
0 0.37734375 0.5478515625 0.0390625 0.048828125
0 0.53984375 0.5712890625 0.0390625 0.048828125
0 0.65859375 0.4462890625 0.0390625 0.048828125
0 0.44140625 0.4599609375 0.0390625 0.048828125
0 0.35078125 0.6552734375 0.0390625 0.048828125
0 0.47578125 0.6572265625 0.0390625 0.048828125
0 0.48984375 0.6044921875 0.0390625 0.048828125
0 0.62890625 0.7353515625 0.0390625 0.048828125
0 0.59140625 0.5361328125 0.0390625 0.048828125
0 0.49140625 0.4248046875 0.0390625 0.048828125
0 0.35703125 0.2978515625 0.0390625 0.048828125
0 0.72265625 0.5380859375 0.0390625 0.048828125
0 0.66953125 0.5732421875 0.0390625 0.048828125
0 0.65546875 0.6279296875 0.0390625 0.048828125
0 0.33046875 0.4052734375 0.0390625 0.048828125
0 0.61484375 0.7900390625 0.0390625 0.048828125
0 0.39296875 0.3173828125 0.0390625 0.048828125
0 0.70859375 0.5927734375 0.0390625 0.048828125
0 0.46328125 0.7119140625 0.0390625 0.048828125
0 0.71171875 0.4111328125 0.0390625 0.048828125
0 0.66796875 0.7548828125 0.0390625 0.048828125
0 0.31640625 0.4580078125 0.0390625 0.048828125
0 0.57734375 0.7705078125 0.0390625 0.048828125
0 0.52734375 0.6240234375 0.0390625 0.048828125
0 0.75078125 0.4306640625 0.0390625 0.048828125
0 0.50234375 0.5517578125 0.0390625 0.048828125
0 0.46796875 0.3525390625 0.0390625 0.048828125
0 0.42578125 0.6923828125 0.0390625 0.048828125
0 0.30390625 0.5107421875 0.0390625 0.048828125
0 0.58203125 0.4091796875 0.0390625 0.048828125
0 0.50078125 0.7314453125 0.0390625 0.048828125
0 0.32734375 0.5830078125 0.0390625 0.048828125
0 0.42734375 0.5146484375 0.0390625 0.048828125
0 0.69453125 0.6474609375 0.0390625 0.048828125
0 0.65390625 0.8095703125 0.0390625 0.048828125
0 0.63359375 0.3740234375 0.0390625 0.048828125
0 0.40390625 0.4423828125 0.0390625 0.048828125
0 0.61953125 0.4287109375 0.0390625 0.048828125
0 0.68046875 0.7001953125 0.0390625 0.048828125
0 0.60390625 0.6611328125 0.0390625 0.048828125
0 0.40078125 0.6201171875 0.0390625 0.048828125
0 0.48203125 0.2998046875 0.0390625 0.048828125
0 0.45234375 0.5869140625 0.0390625 0.048828125
0 0.35390625 0.4775390625 0.0390625 0.048828125
0 0.27734375 0.6162109375 0.0390625 0.048828125
0 0.55234375 0.6962890625 0.0390625 0.048828125
0 0.47890625 0.4794921875 0.0390625 0.048828125
0 0.57890625 0.5888671875 0.0390625 0.048828125
0 0.60546875 0.4814453125 0.0390625 0.048828125
0 0.59609375 0.3564453125 0.0390625 0.048828125
0 0.51953125 0.3193359375 0.0390625 0.048828125
0 0.52890625 0.4443359375 0.0390625 0.048828125
0 0.37109375 0.2451171875 0.0390625 0.048828125
0 0.50546875 0.3720703125 0.0390625 0.048828125
0 0.38046875 0.3701171875 0.0390625 0.048828125
0 0.40703125 0.2626953125 0.0390625 0.048828125
0 0.63046875 0.5537109375 0.0390625 0.048828125
0 0.55703125 0.3369140625 0.0390625 0.048828125
0 0.43046875 0.3349609375 0.0390625 0.048828125
