0 0.48671875 0.318359375 0.0609375 0.0703125
0 0.446875 0.7578125 0.059375 0.0703125
0 0.675 0.4765625 0.059375 0.0703125
0 0.540625 0.8359375 0.059375 0.06640625
0 0.58125 0.39453125 0.059375 0.0703125
0 0.384375 0.140625 0.059375 0.0703125
0 0.57109375 0.294921875 0.0578125 0.0703125
0 0.4828125 0.6904296875 0.05625 0.072265625
0 0.353125 0.677734375 0.059375 0.0703125
0 0.24140625 0.39453125 0.0609375 0.0703125
0 0.6640625 0.37109375 0.059375 0.0703125
0 0.7640625 0.44921875 0.059375 0.0703125
0 0.4984375 0.421875 0.059375 0.0703125
0 0.32421875 0.369140625 0.0609375 0.0703125
0 0.38984375 0.61328125 0.0609375 0.0703125
0 0.771875 0.552734375 0.059375 0.0703125
0 0.5765625 0.7724609375 0.05625 0.068359375
0 0.415625 0.4453125 0.059375 0.0703125
0 0.3953125 0.240234375 0.059375 0.0703125
0 0.54375 0.458984375 0.059375 0.0703125
0 0.49375 0.7958984375 0.05625 0.068359375
0 0.4328125 0.177734375 0.059375 0.0703125
0 0.4765625 0.216796875 0.05625 0.0703125
0 0.3328125 0.46875 0.059375 0.0703125
0 0.26171875 0.595703125 0.0609375 0.0703125
0 0.2328125 0.29296875 0.059375 0.06640625
0 0.3015625 0.1669921875 0.059375 0.072265625
0 0.84921875 0.423828125 0.0609375 0.06640625
0 0.6984375 0.68359375 0.059375 0.0703125
0 0.50703125 0.5234375 0.0609375 0.0703125
0 0.253125 0.49609375 0.059375 0.0703125
0 0.2953125 0.533203125 0.059375 0.0703125
0 0.5296875 0.734375 0.059375 0.0703125
0 0.3125 0.267578125 0.059375 0.0703125
0 0.16171875 0.4169921875 0.0609375 0.068359375
0 0.30703125 0.63671875 0.0609375 0.0703125
0 0.5921875 0.5 0.059375 0.0703125
0 0.2875 0.431640625 0.059375 0.0703125
0 0.79921875 0.384765625 0.0578125 0.0703125
0 0.4359375 0.650390625 0.059375 0.0703125
0 0.19609375 0.35546875 0.0609375 0.0703125
0 0.4 0.716796875 0.05625 0.0703125
0 0.42109375 0.076171875 0.0609375 0.0703125
0 0.453125 0.380859375 0.059375 0.0703125
0 0.3703125 0.408203125 0.059375 0.0703125
0 0.60078125 0.603515625 0.0609375 0.0703125
0 0.58828125 0.87890625 0.0578125 0.0703125
0 0.4046875 0.345703125 0.059375 0.0703125
0 0.12734375 0.48046875 0.0609375 0.06640625
0 0.171875 0.51953125 0.05625 0.0703125
0 0.6546875 0.267578125 0.059375 0.0703125
0 0.35 0.203125 0.059375 0.0703125
0 0.52421875 0.25390625 0.0609375 0.0703125
0 0.26875 0.23046875 0.05625 0.0703125
0 0.640625 0.5390625 0.059375 0.0703125
0 0.3609375 0.3046875 0.059375 0.0703125
0 0.68671875 0.580078125 0.0609375 0.0703125
0 0.71484375 0.408203125 0.0609375 0.0703125
0 0.5609375 0.1904296875 0.059375 0.072265625
0 0.46875 0.11328125 0.05625 0.0703125
0 0.3796875 0.509765625 0.05625 0.0703125
0 0.6625 0.7490234375 0.05625 0.068359375
0 0.6125 0.70703125 0.059375 0.0703125
0 0.515625 0.154296875 0.059375 0.0703125
0 0.61796875 0.33203125 0.0609375 0.0703125
0 0.73671875 0.619140625 0.0578125 0.0703125
0 0.42421875 0.548828125 0.0609375 0.0703125
0 0.70390625 0.306640625 0.0609375 0.06640625
0 0.34453125 0.572265625 0.0609375 0.0703125
0 0.51875 0.626953125 0.059375 0.0703125
0 0.4609375 0.486328125 0.059375 0.0703125
0 0.7265625 0.515625 0.059375 0.0703125
0 0.27734375 0.33203125 0.0578125 0.0703125
0 0.2078125 0.455078125 0.059375 0.0703125
0 0.75234375 0.3466796875 0.0609375 0.068359375
0 0.5671875 0.6669921875 0.059375 0.072265625
0 0.215625 0.556640625 0.059375 0.0703125
0 0.6234375 0.8125 0.059375 0.06640625
0 0.37421875 0.0390625 0.0578125 0.0703125
0 0.65078125 0.6435546875 0.0578125 0.072265625
0 0.44140625 0.28125 0.0609375 0.0703125
0 0.55546875 0.5625 0.0609375 0.0703125
0 0.609375 0.228515625 0.059375 0.06640625
0 0.53515625 0.357421875 0.0609375 0.0703125
0 0.3390625 0.103515625 0.059375 0.0703125
0 0.6296875 0.435546875 0.059375 0.0703125
0 0.8109375 0.48828125 0.05625 0.0703125
0 0.47265625 0.5859375 0.0609375 0.0703125
