0 0.53984375 0.6142578125 0.0390625 0.048828125
0 0.35546875 0.2939453125 0.0390625 0.048828125
0 0.59609375 0.3310546875 0.0390625 0.048828125
0 0.33828125 0.5693359375 0.0390625 0.048828125
0 0.41328125 0.6748046875 0.0390625 0.048828125
0 0.46328125 0.5068359375 0.0390625 0.048828125
0 0.71015625 0.5478515625 0.0390625 0.048828125
0 0.46640625 0.4501953125 0.0390625 0.048828125
0 0.34296875 0.5146484375 0.0390625 0.048828125
0 0.37265625 0.6767578125 0.0390625 0.048828125
0 0.66328125 0.6650390625 0.0390625 0.048828125
0 0.51328125 0.3369140625 0.0390625 0.048828125
0 0.34609375 0.4580078125 0.0390625 0.048828125
0 0.58984375 0.4423828125 0.0390625 0.048828125
0 0.29453125 0.6259765625 0.0390625 0.048828125
0 0.47578125 0.2861328125 0.0390625 0.048828125
0 0.54453125 0.5009765625 0.0390625 0.048828125
0 0.58359375 0.5556640625 0.0390625 0.048828125
0 0.37890625 0.5654296875 0.0390625 0.048828125
0 0.50390625 0.5029296875 0.0390625 0.048828125
0 0.29140625 0.6806640625 0.0390625 0.048828125
0 0.30234375 0.5166015625 0.0390625 0.048828125
0 0.63359375 0.3837890625 0.0390625 0.048828125
0 0.59296875 0.3876953125 0.0390625 0.048828125
0 0.35234375 0.3486328125 0.0390625 0.048828125
0 0.39140625 0.3466796875 0.0390625 0.048828125
0 0.71328125 0.4912109375 0.0390625 0.048828125
0 0.45390625 0.6728515625 0.0390625 0.048828125
0 0.37578125 0.6220703125 0.0390625 0.048828125
0 0.41953125 0.5634765625 0.0390625 0.048828125
0 0.55390625 0.3349609375 0.0390625 0.048828125
0 0.72421875 0.2666015625 0.0390625 0.048828125
0 0.46015625 0.5615234375 0.0390625 0.048828125
0 0.51640625 0.2822265625 0.0390625 0.048828125
0 0.49765625 0.6162109375 0.0390625 0.048828125
0 0.47265625 0.3408203125 0.0390625 0.048828125
0 0.39609375 0.2919921875 0.0390625 0.048828125
0 0.63046875 0.4404296875 0.0390625 0.048828125
0 0.41640625 0.6201171875 0.0390625 0.048828125
0 0.55703125 0.2783203125 0.0390625 0.048828125
0 0.42578125 0.4541015625 0.0390625 0.048828125
0 0.66484375 0.6064453125 0.0390625 0.048828125
0 0.66796875 0.5498046875 0.0390625 0.048828125
0 0.58046875 0.6123046875 0.0390625 0.048828125
0 0.42890625 0.3974609375 0.0390625 0.048828125
0 0.45703125 0.6181640625 0.0390625 0.048828125
0 0.67890625 0.3251953125 0.0390625 0.048828125
0 0.38515625 0.4560546875 0.0390625 0.048828125
0 0.71640625 0.4345703125 0.0390625 0.048828125
0 0.46953125 0.3955078125 0.0390625 0.048828125
0 0.63984375 0.2724609375 0.0390625 0.048828125
0 0.54765625 0.4462890625 0.0390625 0.048828125
0 0.38828125 0.4013671875 0.0390625 0.048828125
0 0.62578125 0.5537109375 0.0390625 0.048828125
0 0.67578125 0.3818359375 0.0390625 0.048828125
0 0.67265625 0.4384765625 0.0390625 0.048828125
0 0.63671875 0.3291015625 0.0390625 0.048828125
0 0.51015625 0.3935546875 0.0390625 0.048828125
0 0.43515625 0.2880859375 0.0390625 0.048828125
0 0.50703125 0.4482421875 0.0390625 0.048828125
0 0.54296875 0.5576171875 0.0390625 0.048828125
0 0.31640625 0.2978515625 0.0390625 0.048828125
0 0.53671875 0.6689453125 0.0390625 0.048828125
0 0.30546875 0.4619140625 0.0390625 0.048828125
0 0.55078125 0.3896484375 0.0390625 0.048828125
0 0.42265625 0.5087890625 0.0390625 0.048828125
0 0.33515625 0.6240234375 0.0390625 0.048828125
0 0.67109375 0.4931640625 0.0390625 0.048828125
0 0.61953125 0.6650390625 0.0390625 0.048828125
0 0.50078125 0.5595703125 0.0390625 0.048828125
0 0.49453125 0.6708984375 0.0390625 0.048828125
0 0.62265625 0.6083984375 0.0390625 0.048828125
0 0.30859375 0.4072265625 0.0390625 0.048828125
0 0.58671875 0.4990234375 0.0390625 0.048828125
0 0.38203125 0.5107421875 0.0390625 0.048828125
0 0.71796875 0.3779296875 0.0390625 0.048828125
0 0.62890625 0.4970703125 0.0390625 0.048828125
0 0.70859375 0.6044921875 0.0390625 0.048828125
0 0.70546875 0.6630859375 0.0390625 0.048828125
0 0.68203125 0.2685546875 0.0390625 0.048828125
0 0.57890625 0.6669921875 0.0390625 0.048828125
0 0.59765625 0.2763671875 0.0390625 0.048828125
0 0.72109375 0.3212890625 0.0390625 0.048828125
0 0.34921875 0.4033203125 0.0390625 0.048828125
0 0.43203125 0.3427734375 0.0390625 0.048828125
0 0.31171875 0.3525390625 0.0390625 0.048828125
0 0.29921875 0.5712890625 0.0390625 0.048828125
0 0.33203125 0.6787109375 0.0390625 0.048828125
