0 0.3203125 0.419921875 0.03125 0.0390625
0 0.6453125 0.390625 0.03125 0.0390625
0 0.5703125 0.66796875 0.03125 0.0390625
0 0.409375 0.29296875 0.03125 0.0390625
0 0.7078125 0.43359375 0.03125 0.0390625
0 0.509375 0.623046875 0.03125 0.0390625
0 0.4796875 0.40625 0.03125 0.0390625
0 0.5921875 0.419921875 0.03125 0.0390625
0 0.6234375 0.640625 0.03125 0.0390625
0 0.5296875 0.376953125 0.03125 0.0390625
0 0.459375 0.263671875 0.03125 0.0390625
0 0.6875 0.486328125 0.03125 0.0390625
0 0.3703125 0.392578125 0.03125 0.0390625
0 0.58125 0.34765625 0.03125 0.0390625
0 0.634375 0.318359375 0.03125 0.0390625
0 0.6984375 0.361328125 0.03125 0.0390625
0 0.509375 0.234375 0.03125 0.0390625
0 0.5609375 0.59375 0.03125 0.0390625
0 0.6546875 0.462890625 0.03125 0.0390625
0 0.4484375 0.578125 0.03125 0.0390625
0 0.359375 0.322265625 0.03125 0.0390625
0 0.340625 0.37109375 0.03125 0.0390625
0 0.5609375 0.205078125 0.03125 0.0390625
0 0.540625 0.44921875 0.03125 0.0390625
0 0.3796875 0.462890625 0.03125 0.0390625
0 0.3796875 0.271484375 0.03125 0.0390625
0 0.603125 0.4921875 0.03125 0.0390625
0 0.33125 0.490234375 0.03125 0.0390625
0 0.4703125 0.142578125 0.03125 0.0390625
0 0.6234375 0.44140625 0.03125 0.0390625
0 0.5 0.55078125 0.03125 0.0390625
0 0.4296875 0.435546875 0.03125 0.0390625
0 0.41875 0.36328125 0.03125 0.0390625
0 0.409375 0.484375 0.03125 0.0390625
0 0.45 0.384765625 0.03125 0.0390625
0 0.4 0.22265625 0.03125 0.0390625
0 0.4 0.4140625 0.03125 0.0390625
0 0.5609375 0.3984375 0.03125 0.0390625
0 0.571875 0.470703125 0.03125 0.0390625
0 0.6125 0.369140625 0.03125 0.0390625
0 0.509375 0.427734375 0.03125 0.0390625
0 0.459375 0.455078125 0.03125 0.0390625
0 0.6234375 0.24609375 0.03125 0.0390625
0 0.3890625 0.53515625 0.03125 0.0390625
0 0.665625 0.33984375 0.03125 0.0390625
0 0.6125 0.56640625 0.03125 0.0390625
0 0.7515625 0.33203125 0.03125 0.0390625
0 0.4390625 0.505859375 0.03125 0.0390625
0 0.571875 0.275390625 0.03125 0.0390625
0 0.55 0.521484375 0.03125 0.0390625
0 0.45 0.193359375 0.03125 0.0390625
0 0.665625 0.537109375 0.03125 0.0390625
0 0.634375 0.515625 0.03125 0.0390625
0 0.603125 0.296875 0.03125 0.0390625
0 0.35 0.44140625 0.03125 0.0390625
0 0.6875 0.2890625 0.03125 0.0390625
0 0.540625 0.64453125 0.03125 0.0390625
0 0.4296875 0.2421875 0.03125 0.0390625
0 0.5 0.35546875 0.03125 0.0390625
0 0.4390625 0.123046875 0.03125 0.0390625
0 0.4890625 0.4765625 0.03125 0.0390625
0 0.359375 0.5126953125 0.03125 0.041015625
0 0.5515625 0.326171875 0.03125 0.0390625
0 0.6015625 0.69140625 0.03125 0.0390625
0 0.5 0.1640625 0.03125 0.0390625
0 0.6765625 0.412109375 0.03125 0.0390625
0 0.5203125 0.3046875 0.03125 0.0390625
0 0.41875 0.171875 0.03125 0.0390625
0 0.540625 0.25390625 0.03125 0.0390625
0 0.490625 0.28515625 0.03125 0.0390625
0 0.4796875 0.599609375 0.03125 0.0390625
0 0.5203125 0.5 0.03125 0.0390625
0 0.4390625 0.314453125 0.03125 0.0390625
0 0.6546875 0.267578125 0.03125 0.0390625
0 0.4796875 0.212890625 0.03125 0.0390625
0 0.5921875 0.224609375 0.03125 0.0390625
0 0.390625 0.341796875 0.03125 0.0390625
0 0.5296875 0.572265625 0.03125 0.0390625
0 0.3015625 0.470703125 0.03125 0.0390625
0 0.7296875 0.3828125 0.03125 0.0390625
0 0.53125 0.18359375 0.03125 0.0390625
0 0.4703125 0.333984375 0.03125 0.0390625
0 0.71875 0.310546875 0.03125 0.0390625
0 0.5921875 0.6171875 0.03125 0.0390625
0 0.58125 0.54296875 0.03125 0.0390625
0 0.64375 0.587890625 0.03125 0.0390625
0 0.41875 0.556640625 0.03125 0.0390625
0 0.46875 0.52734375 0.03125 0.0390625
