0 0.65625 0.4814453125 0.071875 0.052734375
0 0.809375 0.4404296875 0.071875 0.052734375
0 0.5921875 0.3671875 0.071875 0.0546875
0 0.54453125 0.4443359375 0.0703125 0.052734375
0 0.7453125 0.3271484375 0.071875 0.052734375
0 0.68203125 0.2109375 0.0703125 0.0546875
0 0.69921875 0.4033203125 0.0703125 0.052734375
0 0.76484375 0.517578125 0.0703125 0.0546875
0 0.78828125 0.2470703125 0.0703125 0.052734375
0 0.57421875 0.1767578125 0.0734375 0.052734375
0 0.528125 0.2529296875 0.071875 0.052734375
0 0.63515625 0.2900390625 0.0703125 0.052734375
0 0.41796875 0.216796875 0.0734375 0.0546875
0 0.83828125 0.1708984375 0.0703125 0.052734375
0 0.43828125 0.4072265625 0.0703125 0.052734375
0 0.85234375 0.361328125 0.0703125 0.0546875
0 0.72734375 0.1337890625 0.0703125 0.052734375
0 0.3921875 0.48828125 0.071875 0.0546875
0 0.28515625 0.4521484375 0.0703125 0.052734375
0 0.46015625 0.6025390625 0.0703125 0.052734375
0 0.24140625 0.5302734375 0.0703125 0.052734375
0 0.8984375 0.2841796875 0.071875 0.052734375
0 0.50234375 0.5224609375 0.0703125 0.056640625
0 0.48203125 0.3310546875 0.0734375 0.052734375
0 0.34921875 0.5654296875 0.0703125 0.052734375
0 0.6125 0.5576171875 0.071875 0.052734375
0 0.80546875 0.1123046875 0.0703125 0.052734375
0 0.27421875 0.5869140625 0.0703125 0.052734375
0 0.87578125 0.5537109375 0.0703125 0.052734375
0 0.3421875 0.2392578125 0.071875 0.052734375
0 0.88359375 0.0888671875 0.0734375 0.052734375
0 0.33984375 0.7021484375 0.0703125 0.056640625
0 0.82109375 0.3056640625 0.0703125 0.052734375
0 0.415625 0.6806640625 0.071875 0.052734375
0 0.93046875 0.3388671875 0.0734375 0.052734375
0 0.86640625 0.2255859375 0.0734375 0.052734375
0 0.1890625 0.2802734375 0.071875 0.056640625
0 0.49453125 0.6591796875 0.0703125 0.052734375
0 0.29609375 0.3154296875 0.0734375 0.052734375
0 0.38359375 0.6240234375 0.0734375 0.052734375
0 0.14609375 0.3583984375 0.0703125 0.052734375
0 0.328125 0.3740234375 0.071875 0.052734375
0 0.49609375 0.1962890625 0.0703125 0.052734375
0 0.31640625 0.5087890625 0.0703125 0.052734375
0 0.72265625 0.5947265625 0.0703125 0.052734375
0 0.22109375 0.337890625 0.0734375 0.0546875
0 0.30546875 0.6435546875 0.0703125 0.052734375
0 0.75859375 0.1884765625 0.0703125 0.052734375
0 0.71328125 0.26953125 0.0734375 0.0546875
0 0.26796875 0.2568359375 0.0703125 0.052734375
0 0.42734375 0.5458984375 0.0703125 0.052734375
0 0.64921875 0.1552734375 0.0703125 0.052734375
0 0.56875 0.638671875 0.071875 0.0546875
0 0.64453125 0.6162109375 0.0734375 0.052734375
0 0.253125 0.3955078125 0.071875 0.052734375
0 0.88671875 0.4189453125 0.0703125 0.052734375
0 0.91328125 0.1474609375 0.0703125 0.052734375
0 0.21015625 0.4716796875 0.0703125 0.052734375
0 0.37421875 0.2939453125 0.0703125 0.052734375
0 0.60234375 0.2314453125 0.0703125 0.052734375
0 0.77734375 0.3837890625 0.0734375 0.052734375
0 0.53515625 0.5810546875 0.0703125 0.056640625
0 0.17578125 0.4150390625 0.0703125 0.052734375
0 0.45 0.2744140625 0.071875 0.056640625
0 0.68828125 0.5400390625 0.0703125 0.052734375
0 0.66640625 0.3466796875 0.0703125 0.052734375
0 0.73046875 0.4599609375 0.0703125 0.052734375
0 0.5140625 0.3896484375 0.071875 0.052734375
0 0.84140625 0.4970703125 0.0734375 0.052734375
0 0.40625 0.3525390625 0.071875 0.052734375
0 0.36015625 0.4306640625 0.0734375 0.056640625
0 0.79765625 0.5751953125 0.0703125 0.056640625
0 0.11328125 0.3017578125 0.0703125 0.052734375
0 0.55703125 0.30859375 0.0734375 0.0546875
0 0.4703125 0.4658203125 0.071875 0.052734375
0 0.58046875 0.5029296875 0.0734375 0.052734375
0 0.62421875 0.4248046875 0.0703125 0.056640625
0 0.91953125 0.4775390625 0.0703125 0.052734375
0 0.95078125 0.5322265625 0.0328125 0.052734375
0 0.9453125 0.2041015625 0.053125 0.052734375
