0 0.5171875 0.609375 0.034375 0.046875
0 0.67578125 0.59375 0.0328125 0.046875
0 0.71640625 0.5908203125 0.0359375 0.044921875
0 0.40234375 0.5625 0.0328125 0.046875
0 0.7234375 0.650390625 0.034375 0.05078125
0 0.63125 0.4775390625 0.034375 0.044921875
0 0.671875 0.4716796875 0.034375 0.044921875
0 0.51171875 0.431640625 0.0328125 0.046875
0 0.44375 0.6171875 0.034375 0.046875
0 0.63125 0.416015625 0.034375 0.046875
0 0.37265625 0.744140625 0.0328125 0.046875
0 0.40625 0.6220703125 0.03125 0.044921875
0 0.47109375 0.376953125 0.0296875 0.046875
0 0.6671875 0.41015625 0.034375 0.046875
0 0.72421875 0.712890625 0.0328125 0.046875
0 0.70859375 0.4052734375 0.0328125 0.048828125
0 0.56015625 0.6669921875 0.0328125 0.044921875
0 0.521875 0.6689453125 0.034375 0.044921875
0 0.75625 0.5234375 0.034375 0.046875
0 0.44609375 0.677734375 0.0296875 0.046875
0 0.5578125 0.6064453125 0.03125 0.044921875
0 0.4859375 0.7353515625 0.03125 0.044921875
0 0.7125 0.46875 0.0375 0.046875
0 0.55 0.42578125 0.034375 0.046875
0 0.603125 0.724609375 0.034375 0.05078125
0 0.51328125 0.4912109375 0.0328125 0.044921875
0 0.41015625 0.7392578125 0.0328125 0.044921875
0 0.76875 0.771484375 0.0375 0.05078125
0 0.59921875 0.6630859375 0.0328125 0.044921875
0 0.5890625 0.4208984375 0.034375 0.048828125
0 0.7265625 0.7744140625 0.0375 0.048828125
0 0.68046875 0.654296875 0.0359375 0.046875
0 0.58828125 0.361328125 0.0328125 0.05078125
0 0.5671875 0.787109375 0.03125 0.05078125
0 0.40703125 0.6806640625 0.0328125 0.048828125
0 0.6359375 0.5380859375 0.034375 0.048828125
0 0.7484375 0.4013671875 0.034375 0.044921875
0 0.44140625 0.55859375 0.0296875 0.04296875
0 0.3671875 0.6240234375 0.034375 0.044921875
0 0.7484375 0.33984375 0.034375 0.046875
0 0.434375 0.3798828125 0.034375 0.044921875
0 0.5640625 0.7255859375 0.034375 0.048828125
0 0.5171875 0.55078125 0.034375 0.04296875
0 0.4734375 0.494140625 0.03125 0.04296875
0 0.64296875 0.720703125 0.0328125 0.046875
0 0.6265625 0.35546875 0.034375 0.046875
0 0.76484375 0.7109375 0.0390625 0.05078125
0 0.4734375 0.435546875 0.034375 0.05078125
0 0.446875 0.7373046875 0.03125 0.044921875
0 0.5984375 0.6005859375 0.034375 0.044921875
0 0.52578125 0.73046875 0.0328125 0.046875
0 0.375 0.8037109375 0.03125 0.044921875
0 0.6359375 0.5966796875 0.034375 0.048828125
0 0.70703125 0.3447265625 0.0359375 0.048828125
0 0.3625 0.5078125 0.034375 0.046875
0 0.759375 0.5859375 0.0375 0.046875
0 0.4828125 0.6728515625 0.034375 0.048828125
0 0.59453125 0.541015625 0.0328125 0.046875
0 0.45 0.7978515625 0.034375 0.044921875
0 0.59296875 0.48046875 0.0328125 0.046875
0 0.43515625 0.4404296875 0.0328125 0.044921875
0 0.5515625 0.4853515625 0.034375 0.044921875
0 0.63984375 0.66015625 0.0359375 0.046875
0 0.60625 0.783203125 0.03125 0.046875
0 0.40078125 0.5029296875 0.0328125 0.044921875
0 0.48828125 0.79296875 0.0328125 0.046875
0 0.39609375 0.3857421875 0.0328125 0.044921875
0 0.36015625 0.44921875 0.0296875 0.046875
0 0.396875 0.4443359375 0.034375 0.048828125
0 0.684375 0.7158203125 0.034375 0.048828125
0 0.365625 0.5673828125 0.03125 0.044921875
0 0.478125 0.5537109375 0.034375 0.044921875
0 0.52734375 0.791015625 0.0328125 0.046875
0 0.71640625 0.5283203125 0.0359375 0.048828125
0 0.675 0.533203125 0.034375 0.046875
0 0.36875 0.6845703125 0.034375 0.044921875
0 0.48125 0.6142578125 0.03125 0.044921875
0 0.5484375 0.365234375 0.03125 0.046875
0 0.7640625 0.646484375 0.0375 0.046875
0 0.55546875 0.5458984375 0.0328125 0.044921875
0 0.6859375 0.779296875 0.034375 0.05078125
0 0.64609375 0.7822265625 0.0328125 0.048828125
0 0.4390625 0.4990234375 0.034375 0.044921875
0 0.5109375 0.37109375 0.034375 0.046875
0 0.41171875 0.7998046875 0.0328125 0.044921875
0 0.753125 0.462890625 0.034375 0.046875
0 0.66640625 0.3515625 0.0359375 0.05078125
0 0.3578125 0.390625 0.034375 0.05078125
