0 0.33359375 0.4658203125 0.0390625 0.048828125
0 0.47578125 0.4697265625 0.0390625 0.048828125
0 0.58671875 0.5791015625 0.0390625 0.048828125
0 0.42265625 0.3310546875 0.0390625 0.048828125
0 0.36484375 0.3623046875 0.0390625 0.048828125
0 0.65078125 0.3701171875 0.0390625 0.048828125
0 0.53359375 0.4365234375 0.0390625 0.048828125
0 0.27578125 0.4990234375 0.0390625 0.048828125
0 0.33984375 0.2939453125 0.0390625 0.048828125
0 0.53828125 0.2646484375 0.0390625 0.048828125
0 0.41796875 0.5029296875 0.0390625 0.048828125
0 0.42734375 0.1572265625 0.0390625 0.048828125
0 0.62265625 0.2998046875 0.0390625 0.048828125
0 0.68828125 0.5654296875 0.0390625 0.048828125
0 0.56015625 0.5087890625 0.0390625 0.048828125
0 0.59140625 0.4033203125 0.0390625 0.048828125
0 0.52890625 0.6123046875 0.0390625 0.048828125
0 0.32734375 0.1728515625 0.0390625 0.048828125
0 0.73515625 0.4091796875 0.0390625 0.048828125
0 0.39609375 0.2607421875 0.0390625 0.048828125
0 0.26640625 0.3779296875 0.0390625 0.048828125
0 0.64453125 0.5458984375 0.0390625 0.048828125
0 0.61328125 0.6513671875 0.0390625 0.048828125
0 0.44921875 0.4013671875 0.0390625 0.048828125
0 0.70390625 0.5126953125 0.0390625 0.048828125
0 0.60703125 0.3525390625 0.0390625 0.048828125
0 0.63828125 0.2490234375 0.0390625 0.048828125
0 0.44453125 0.5732421875 0.0390625 0.048828125
0 0.37578125 0.4853515625 0.0390625 0.048828125
0 0.61796875 0.4755859375 0.0390625 0.048828125
0 0.67734375 0.4423828125 0.0390625 0.048828125
0 0.43828125 0.2783203125 0.0390625 0.048828125
0 0.31796875 0.5185546875 0.0390625 0.048828125
0 0.39140625 0.4326171875 0.0390625 0.048828125
0 0.59609375 0.2314453125 0.0390625 0.048828125
0 0.58046875 0.2822265625 0.0390625 0.048828125
0 0.56484375 0.3330078125 0.0390625 0.048828125
0 0.32421875 0.3447265625 0.0390625 0.048828125
0 0.70859375 0.3369140625 0.0390625 0.048828125
0 0.69296875 0.3896484375 0.0390625 0.048828125
0 0.23359375 0.4814453125 0.0390625 0.048828125
0 0.45390625 0.2275390625 0.0390625 0.048828125
0 0.67265625 0.6181640625 0.0390625 0.048828125
0 0.31171875 0.2236328125 0.0390625 0.048828125
0 0.57578125 0.4560546875 0.0390625 0.048828125
0 0.75078125 0.3564453125 0.0390625 0.048828125
0 0.50234375 0.5419921875 0.0390625 0.048828125
0 0.36953125 0.1904296875 0.0390625 0.048828125
0 0.36015625 0.5361328125 0.0390625 0.048828125
0 0.48671875 0.5927734375 0.0390625 0.048828125
0 0.48046875 0.2978515625 0.0390625 0.048828125
0 0.68046875 0.2666015625 0.0390625 0.048828125
0 0.38046875 0.3115234375 0.0390625 0.048828125
0 0.46484375 0.3486328125 0.0390625 0.048828125
0 0.52265625 0.3154296875 0.0390625 0.048828125
0 0.63359375 0.4228515625 0.0390625 0.048828125
0 0.60234375 0.5263671875 0.0390625 0.048828125
0 0.28203125 0.3271484375 0.0390625 0.048828125
0 0.24921875 0.4287109375 0.0390625 0.048828125
0 0.51171875 0.1943359375 0.0390625 0.048828125
0 0.46015625 0.5224609375 0.0390625 0.048828125
0 0.54921875 0.3857421875 0.0390625 0.048828125
0 0.65546875 0.6708984375 0.0390625 0.048828125
0 0.43359375 0.4521484375 0.0390625 0.048828125
0 0.76640625 0.3037109375 0.0390625 0.048828125
0 0.40234375 0.5556640625 0.0390625 0.048828125
0 0.49140625 0.4189453125 0.0390625 0.048828125
0 0.66171875 0.4931640625 0.0390625 0.048828125
0 0.49609375 0.2451171875 0.0390625 0.048828125
0 0.41171875 0.2099609375 0.0390625 0.048828125
0 0.62890625 0.5986328125 0.0390625 0.048828125
0 0.40703125 0.3818359375 0.0390625 0.048828125
0 0.46953125 0.1767578125 0.0390625 0.048828125
0 0.30703125 0.3955078125 0.0390625 0.048828125
0 0.72421875 0.2861328125 0.0390625 0.048828125
0 0.38515625 0.1396484375 0.0390625 0.048828125
0 0.66484375 0.3193359375 0.0390625 0.048828125
0 0.54453125 0.5595703125 0.0390625 0.048828125
0 0.29609375 0.2744140625 0.0390625 0.048828125
0 0.51796875 0.4892578125 0.0390625 0.048828125
0 0.29140625 0.4482421875 0.0390625 0.048828125
0 0.50703125 0.3681640625 0.0390625 0.048828125
0 0.71953125 0.4599609375 0.0390625 0.048828125
0 0.35078125 0.4150390625 0.0390625 0.048828125
0 0.34296875 0.1220703125 0.0390625 0.048828125
0 0.35390625 0.2431640625 0.0390625 0.048828125
0 0.57109375 0.6318359375 0.0390625 0.048828125
0 0.55390625 0.2119140625 0.0390625 0.048828125
