0 0.66171875 0.5263671875 0.0390625 0.048828125
0 0.5234375 0.5263671875 0.040625 0.048828125
0 0.4125 0.4248046875 0.040625 0.048828125
0 0.57734375 0.6572265625 0.0390625 0.048828125
0 0.63359375 0.625 0.0390625 0.05078125
0 0.3546875 0.6279296875 0.040625 0.048828125
0 0.4671875 0.5615234375 0.040625 0.048828125
0 0.71796875 0.4912109375 0.0390625 0.048828125
0 0.659375 0.6923828125 0.040625 0.048828125
0 0.4671875 0.7265625 0.040625 0.05078125
0 0.5796875 0.4912109375 0.040625 0.048828125
0 0.57734375 0.8251953125 0.0390625 0.048828125
0 0.3828125 0.6943359375 0.040625 0.048828125
0 0.3140625 0.4423828125 0.040625 0.048828125
0 0.440625 0.4912109375 0.040625 0.048828125
0 0.41171875 0.595703125 0.0421875 0.05078125
0 0.46875 0.3896484375 0.040625 0.048828125
0 0.67578125 0.80859375 0.0390625 0.05078125
0 0.2703125 0.5927734375 0.040625 0.048828125
0 0.60546875 0.724609375 0.0390625 0.05078125
0 0.7296875 0.6083984375 0.040625 0.048828125
0 0.35625 0.4599609375 0.040625 0.048828125
0 0.384375 0.35546875 0.040625 0.05078125
0 0.5515625 0.5908203125 0.040625 0.048828125
0 0.3 0.4912109375 0.040625 0.048828125
0 0.396875 0.6455078125 0.040625 0.048828125
0 0.36875 0.744140625 0.040625 0.05078125
0 0.5515625 0.4248046875 0.040625 0.048828125
0 0.621875 0.5087890625 0.040625 0.048828125
0 0.384375 0.5263671875 0.040625 0.048828125
0 0.3265625 0.5595703125 0.040625 0.052734375
0 0.56328125 0.7099609375 0.0390625 0.048828125
0 0.67578125 0.474609375 0.0390625 0.05078125
0 0.6078125 0.55859375 0.040625 0.05078125
0 0.4109375 0.76171875 0.040625 0.05078125
0 0.425 0.7119140625 0.040625 0.048828125
0 0.4390625 0.662109375 0.040625 0.05078125
0 0.6734375 0.642578125 0.040625 0.05078125
0 0.2984375 0.662109375 0.040625 0.05078125
0 0.3125 0.6103515625 0.040625 0.048828125
0 0.76015625 0.5068359375 0.0390625 0.048828125
0 0.54921875 0.7587890625 0.0390625 0.048828125
0 0.328125 0.3896484375 0.040625 0.048828125
0 0.68984375 0.7587890625 0.0390625 0.048828125
0 0.4265625 0.5439453125 0.040625 0.048828125
0 0.25625 0.6455078125 0.040625 0.048828125
0 0.4953125 0.45703125 0.040625 0.05078125
0 0.63359375 0.791015625 0.0390625 0.05078125
0 0.6359375 0.4599609375 0.040625 0.048828125
0 0.509375 0.4072265625 0.040625 0.048828125
0 0.5234375 0.6923828125 0.040625 0.048828125
0 0.328125 0.7294921875 0.040625 0.048828125
0 0.61953125 0.6748046875 0.0390625 0.048828125
0 0.5375 0.642578125 0.040625 0.05078125
0 0.48125 0.6767578125 0.040625 0.048828125
0 0.3703125 0.5771484375 0.040625 0.052734375
0 0.3984375 0.4765625 0.040625 0.05078125
0 0.715625 0.6572265625 0.040625 0.048828125
0 0.74609375 0.55859375 0.0390625 0.05078125
0 0.4953125 0.7939453125 0.040625 0.048828125
0 0.5375 0.474609375 0.040625 0.05078125
0 0.453125 0.6103515625 0.040625 0.048828125
0 0.3421875 0.337890625 0.040625 0.05078125
0 0.565625 0.541015625 0.040625 0.05078125
0 0.2421875 0.697265625 0.040625 0.05078125
0 0.59375 0.4423828125 0.040625 0.048828125
0 0.509375 0.5751953125 0.040625 0.048828125
0 0.340625 0.5107421875 0.040625 0.052734375
0 0.509375 0.744140625 0.040625 0.05078125
0 0.59140625 0.7744140625 0.0390625 0.048828125
0 0.3703125 0.4072265625 0.040625 0.048828125
0 0.59375 0.6083984375 0.040625 0.048828125
0 0.53515625 0.80859375 0.0390625 0.05078125
0 0.68984375 0.5927734375 0.0390625 0.048828125
0 0.284375 0.7119140625 0.040625 0.048828125
0 0.61953125 0.8408203125 0.0390625 0.048828125
0 0.3421875 0.6767578125 0.040625 0.048828125
0 0.4546875 0.4423828125 0.040625 0.048828125
0 0.70390625 0.7099609375 0.0390625 0.048828125
0 0.48125 0.5087890625 0.040625 0.048828125
0 0.70390625 0.541015625 0.0390625 0.05078125
0 0.4953125 0.625 0.040625 0.05078125
0 0.284375 0.5439453125 0.040625 0.048828125
0 0.64765625 0.5751953125 0.0390625 0.048828125
0 0.66171875 0.8583984375 0.0390625 0.048828125
0 0.64765625 0.7412109375 0.0390625 0.048828125
0 0.4265625 0.373046875 0.040625 0.05078125
0 0.453125 0.7783203125 0.040625 0.048828125
