0 0.46015625 0.3857421875 0.0390625 0.048828125
0 0.64453125 0.7060546875 0.0390625 0.048828125
0 0.40390625 0.6689453125 0.0390625 0.048828125
0 0.66171875 0.4306640625 0.0390625 0.048828125
0 0.58671875 0.3251953125 0.0390625 0.048828125
0 0.53671875 0.4931640625 0.0390625 0.048828125
0 0.28984375 0.4521484375 0.0390625 0.048828125
0 0.53359375 0.5498046875 0.0390625 0.048828125
0 0.65703125 0.4853515625 0.0390625 0.048828125
0 0.62734375 0.3232421875 0.0390625 0.048828125
0 0.33671875 0.3349609375 0.0390625 0.048828125
0 0.48671875 0.6630859375 0.0390625 0.048828125
0 0.65390625 0.5419921875 0.0390625 0.048828125
0 0.41015625 0.5576171875 0.0390625 0.048828125
0 0.70546875 0.3740234375 0.0390625 0.048828125
0 0.52421875 0.7138671875 0.0390625 0.048828125
0 0.45546875 0.4990234375 0.0390625 0.048828125
0 0.41640625 0.4443359375 0.0390625 0.048828125
0 0.62109375 0.4345703125 0.0390625 0.048828125
0 0.49609375 0.4970703125 0.0390625 0.048828125
0 0.70859375 0.3193359375 0.0390625 0.048828125
0 0.69765625 0.4833984375 0.0390625 0.048828125
0 0.36640625 0.6162109375 0.0390625 0.048828125
0 0.40703125 0.6123046875 0.0390625 0.048828125
0 0.64765625 0.6513671875 0.0390625 0.048828125
0 0.60859375 0.6533203125 0.0390625 0.048828125
0 0.28671875 0.5087890625 0.0390625 0.048828125
0 0.54609375 0.3271484375 0.0390625 0.048828125
0 0.62421875 0.3779296875 0.0390625 0.048828125
0 0.58046875 0.4365234375 0.0390625 0.048828125
0 0.44609375 0.6650390625 0.0390625 0.048828125
0 0.27578125 0.7333984375 0.0390625 0.048828125
0 0.53984375 0.4384765625 0.0390625 0.048828125
0 0.48359375 0.7177734375 0.0390625 0.048828125
0 0.50234375 0.3837890625 0.0390625 0.048828125
0 0.52734375 0.6591796875 0.0390625 0.048828125
0 0.60390625 0.7080078125 0.0390625 0.048828125
0 0.36953125 0.5595703125 0.0390625 0.048828125
0 0.58359375 0.3798828125 0.0390625 0.048828125
0 0.44296875 0.7216796875 0.0390625 0.048828125
0 0.57421875 0.5458984375 0.0390625 0.048828125
0 0.33515625 0.3935546875 0.0390625 0.048828125
0 0.33203125 0.4501953125 0.0390625 0.048828125
0 0.41953125 0.3876953125 0.0390625 0.048828125
0 0.57109375 0.6025390625 0.0390625 0.048828125
0 0.54296875 0.3818359375 0.0390625 0.048828125
0 0.32109375 0.6748046875 0.0390625 0.048828125
0 0.61484375 0.5439453125 0.0390625 0.048828125
0 0.28359375 0.5654296875 0.0390625 0.048828125
0 0.53046875 0.6044921875 0.0390625 0.048828125
0 0.36015625 0.7275390625 0.0390625 0.048828125
0 0.45234375 0.5537109375 0.0390625 0.048828125
0 0.61171875 0.5986328125 0.0390625 0.048828125
0 0.37421875 0.4462890625 0.0390625 0.048828125
0 0.32421875 0.6181640625 0.0390625 0.048828125
0 0.32734375 0.5615234375 0.0390625 0.048828125
0 0.36328125 0.6708984375 0.0390625 0.048828125
0 0.48984375 0.6064453125 0.0390625 0.048828125
0 0.56484375 0.7119140625 0.0390625 0.048828125
0 0.49296875 0.5517578125 0.0390625 0.048828125
0 0.45703125 0.4423828125 0.0390625 0.048828125
0 0.68359375 0.7021484375 0.0390625 0.048828125
0 0.46328125 0.3310546875 0.0390625 0.048828125
0 0.69453125 0.5380859375 0.0390625 0.048828125
0 0.44921875 0.6103515625 0.0390625 0.048828125
0 0.57734375 0.4912109375 0.0390625 0.048828125
0 0.66484375 0.3759765625 0.0390625 0.048828125
0 0.32890625 0.5068359375 0.0390625 0.048828125
0 0.38046875 0.3349609375 0.0390625 0.048828125
0 0.49921875 0.4404296875 0.0390625 0.048828125
0 0.50546875 0.3291015625 0.0390625 0.048828125
0 0.37734375 0.3916015625 0.0390625 0.048828125
0 0.69140625 0.5927734375 0.0390625 0.048828125
0 0.41328125 0.5009765625 0.0390625 0.048828125
0 0.61796875 0.4892578125 0.0390625 0.048828125
0 0.28203125 0.6220703125 0.0390625 0.048828125
0 0.37109375 0.5029296875 0.0390625 0.048828125
0 0.29140625 0.3955078125 0.0390625 0.048828125
0 0.29453125 0.3369140625 0.0390625 0.048828125
0 0.31796875 0.7314453125 0.0390625 0.048828125
0 0.42109375 0.3330078125 0.0390625 0.048828125
0 0.40234375 0.7236328125 0.0390625 0.048828125
0 0.27890625 0.6787109375 0.0390625 0.048828125
0 0.65078125 0.5966796875 0.0390625 0.048828125
0 0.56796875 0.6572265625 0.0390625 0.048828125
0 0.68828125 0.6474609375 0.0390625 0.048828125
0 0.70078125 0.4287109375 0.0390625 0.048828125
0 0.66796875 0.3212890625 0.0390625 0.048828125
