0 0.56328125 0.4873046875 0.0390625 0.048828125
0 0.39921875 0.6123046875 0.0390625 0.048828125
0 0.31171875 0.6201171875 0.0390625 0.048828125
0 0.45234375 0.7216796875 0.0390625 0.048828125
0 0.65390625 0.5361328125 0.0390625 0.048828125
0 0.48671875 0.6064453125 0.0390625 0.048828125
0 0.26328125 0.5673828125 0.0390625 0.048828125
0 0.66328125 0.6474609375 0.0390625 0.048828125
0 0.31640625 0.6767578125 0.0390625 0.048828125
0 0.43828125 0.5537109375 0.0390625 0.048828125
0 0.25546875 0.4541015625 0.0390625 0.048828125
0 0.62578125 0.7080078125 0.0390625 0.048828125
0 0.58671875 0.7685546875 0.0390625 0.048828125
0 0.53828125 0.7138671875 0.0390625 0.048828125
0 0.32109375 0.7333984375 0.0390625 0.048828125
0 0.61640625 0.5966796875 0.0390625 0.048828125
0 0.57734375 0.6552734375 0.0390625 0.048828125
0 0.36015625 0.6728515625 0.0390625 0.048828125
0 0.39140625 0.5009765625 0.0390625 0.048828125
0 0.27734375 0.7373046875 0.0390625 0.048828125
0 0.61015625 0.5400390625 0.0390625 0.048828125
0 0.44765625 0.6650390625 0.0390625 0.048828125
0 0.32578125 0.7900390625 0.0390625 0.048828125
0 0.27265625 0.6806640625 0.0390625 0.048828125
0 0.49140625 0.6611328125 0.0390625 0.048828125
0 0.41328125 0.7822265625 0.0390625 0.048828125
0 0.57265625 0.5986328125 0.0390625 0.048828125
0 0.53359375 0.6591796875 0.0390625 0.048828125
0 0.22421875 0.6279296875 0.0390625 0.048828125
0 0.29921875 0.4521484375 0.0390625 0.048828125
0 0.47265625 0.4384765625 0.0390625 0.048828125
0 0.66796875 0.7041015625 0.0390625 0.048828125
0 0.34765625 0.5029296875 0.0390625 0.048828125
0 0.64921875 0.4814453125 0.0390625 0.048828125
0 0.33828125 0.3916015625 0.0390625 0.048828125
0 0.38671875 0.4443359375 0.0390625 0.048828125
0 0.50078125 0.7744140625 0.0390625 0.048828125
0 0.49609375 0.7177734375 0.0390625 0.048828125
0 0.63046875 0.7646484375 0.0390625 0.048828125
0 0.55390625 0.3759765625 0.0390625 0.048828125
0 0.40390625 0.6689453125 0.0390625 0.048828125
0 0.51171875 0.3798828125 0.0390625 0.048828125
0 0.60234375 0.4287109375 0.0390625 0.048828125
0 0.25078125 0.3974609375 0.0390625 0.048828125
0 0.23671875 0.7978515625 0.0390625 0.048828125
0 0.52578125 0.5458984375 0.0390625 0.048828125
0 0.60546875 0.4853515625 0.0390625 0.048828125
0 0.44296875 0.6083984375 0.0390625 0.048828125
0 0.65859375 0.5927734375 0.0390625 0.048828125
0 0.48203125 0.5498046875 0.0390625 0.048828125
0 0.40859375 0.7255859375 0.0390625 0.048828125
0 0.43046875 0.4423828125 0.0390625 0.048828125
0 0.26796875 0.6240234375 0.0390625 0.048828125
0 0.42578125 0.3857421875 0.0390625 0.048828125
0 0.21484375 0.5146484375 0.0390625 0.048828125
0 0.56796875 0.5439453125 0.0390625 0.048828125
0 0.35234375 0.5595703125 0.0390625 0.048828125
0 0.62109375 0.6513671875 0.0390625 0.048828125
0 0.36484375 0.7294921875 0.0390625 0.048828125
0 0.28203125 0.7939453125 0.0390625 0.048828125
0 0.30703125 0.5634765625 0.0390625 0.048828125
0 0.21015625 0.4580078125 0.0390625 0.048828125
0 0.38203125 0.3896484375 0.0390625 0.048828125
0 0.64453125 0.4267578125 0.0390625 0.048828125
0 0.67265625 0.7607421875 0.0390625 0.048828125
0 0.43359375 0.4970703125 0.0390625 0.048828125
0 0.45703125 0.7783203125 0.0390625 0.048828125
0 0.47734375 0.4931640625 0.0390625 0.048828125
0 0.22734375 0.6845703125 0.0390625 0.048828125
0 0.51640625 0.4345703125 0.0390625 0.048828125
0 0.35703125 0.6162109375 0.0390625 0.048828125
0 0.53046875 0.6025390625 0.0390625 0.048828125
0 0.59765625 0.3740234375 0.0390625 0.048828125
0 0.63984375 0.3701171875 0.0390625 0.048828125
0 0.30390625 0.5068359375 0.0390625 0.048828125
0 0.54453125 0.7705078125 0.0390625 0.048828125
0 0.26015625 0.5107421875 0.0390625 0.048828125
0 0.55859375 0.4326171875 0.0390625 0.048828125
0 0.36953125 0.7861328125 0.0390625 0.048828125
0 0.58203125 0.7119140625 0.0390625 0.048828125
0 0.21953125 0.5712890625 0.0390625 0.048828125
0 0.23203125 0.7412109375 0.0390625 0.048828125
0 0.52109375 0.4912109375 0.0390625 0.048828125
0 0.29453125 0.3955078125 0.0390625 0.048828125
0 0.34296875 0.4482421875 0.0390625 0.048828125
0 0.46796875 0.3837890625 0.0390625 0.048828125
0 0.39609375 0.5556640625 0.0390625 0.048828125
0 0.20546875 0.4013671875 0.0390625 0.048828125
