0 0.24609375 0.5537109375 0.0421875 0.048828125
0 0.3609375 0.55859375 0.040625 0.05078125
0 0.2046875 0.587890625 0.040625 0.05078125
0 0.07265625 0.3076171875 0.0390625 0.048828125
0 0.3203125 0.591796875 0.040625 0.046875
0 0.11640625 0.27734375 0.0390625 0.05078125
0 0.14375 0.396484375 0.040625 0.05078125
0 0.27890625 0.6240234375 0.0421875 0.048828125
0 0.22421875 0.3837890625 0.0421875 0.052734375
0 0.1265625 0.55078125 0.040625 0.05078125
0 0.4109375 0.427734375 0.040625 0.046875
0 0.32421875 0.5400390625 0.0421875 0.048828125
0 0.39296875 0.626953125 0.0390625 0.05078125
0 0.3390625 0.392578125 0.040625 0.05078125
0 0.37109375 0.458984375 0.0390625 0.05078125
0 0.05 0.51171875 0.040625 0.05078125
0 0.08828125 0.1572265625 0.0390625 0.048828125
0 0.09453125 0.48046875 0.0390625 0.05078125
0 0.25234375 0.50390625 0.0421875 0.05078125
0 0.0609375 0.4091796875 0.040625 0.048828125
0 0.17109375 0.5166015625 0.0390625 0.048828125
0 0.0484375 0.13671875 0.040625 0.05078125
0 0.18203125 0.4150390625 0.0390625 0.048828125
0 0.19140625 0.3154296875 0.0421875 0.048828125
0 0.05546875 0.4609375 0.0390625 0.05078125
0 0.25546875 0.453125 0.0390625 0.05078125
0 0.21484375 0.482421875 0.0390625 0.05078125
0 0.20078125 0.21484375 0.0390625 0.05078125
0 0.07890625 0.2568359375 0.0421875 0.048828125
0 0.35 0.66015625 0.040625 0.05078125
0 0.30390625 0.3720703125 0.0390625 0.048828125
0 0.28828125 0.5224609375 0.0390625 0.048828125
0 0.40078125 0.525390625 0.0390625 0.05078125
0 0.15 0.345703125 0.040625 0.05078125
0 0.23515625 0.28515625 0.0421875 0.05078125
0 0.1328125 0.4970703125 0.040625 0.048828125
0 0.20859375 0.537109375 0.0390625 0.05078125
0 0.16015625 0.2451171875 0.0390625 0.048828125
0 0.10703125 0.37890625 0.0421875 0.05078125
0 0.1984375 0.265625 0.040625 0.05078125
0 0.12734375 0.177734375 0.0390625 0.05078125
0 0.33046875 0.4892578125 0.0421875 0.048828125
0 0.415625 0.3798828125 0.040625 0.048828125
0 0.24140625 0.6044921875 0.0421875 0.048828125
0 0.0328125 0.287109375 0.040625 0.05078125
0 0.3484375 0.29296875 0.040625 0.05078125
0 0.0390625 0.236328125 0.040625 0.05078125
0 0.1765625 0.4658203125 0.040625 0.048828125
0 0.265625 0.3525390625 0.040625 0.048828125
0 0.04453125 0.1875 0.0390625 0.05078125
0 0.0203125 0.3876953125 0.021875 0.048828125
0 0.121875 0.2255859375 0.040625 0.052734375
0 0.13828125 0.4462890625 0.0390625 0.048828125
0 0.02734375 0.337890625 0.0296875 0.05078125
0 0.26171875 0.40234375 0.0390625 0.05078125
0 0.1546875 0.296875 0.040625 0.046875
0 0.11171875 0.328125 0.0390625 0.05078125
0 0.08359375 0.2080078125 0.0390625 0.048828125
0 0.165625 0.197265625 0.040625 0.046875
0 0.1 0.4296875 0.040625 0.05078125
0 0.4203125 0.330078125 0.040625 0.05078125
0 0.39765625 0.576171875 0.0390625 0.05078125
0 0.2984375 0.4228515625 0.040625 0.048828125
0 0.2296875 0.3359375 0.040625 0.05078125
0 0.37421875 0.41015625 0.0421875 0.05078125
0 0.30859375 0.322265625 0.0390625 0.05078125
0 0.1875 0.3662109375 0.040625 0.048828125
0 0.38046875 0.3603515625 0.0421875 0.048828125
0 0.271875 0.3046875 0.040625 0.046875
0 0.34375 0.3408203125 0.040625 0.052734375
0 0.16640625 0.568359375 0.0390625 0.05078125
0 0.2203125 0.435546875 0.040625 0.05078125
0 0.0890625 0.5302734375 0.040625 0.048828125
0 0.29375 0.470703125 0.040625 0.046875
0 0.2765625 0.25390625 0.040625 0.046875
0 0.365625 0.5078125 0.040625 0.05078125
0 0.28359375 0.5732421875 0.0390625 0.048828125
0 0.2390625 0.236328125 0.040625 0.05078125
0 0.31484375 0.640625 0.0390625 0.05078125
0 0.06796875 0.3583984375 0.0421875 0.048828125
0 0.3875 0.67578125 0.040625 0.05078125
0 0.31171875 0.2734375 0.0390625 0.05078125
0 0.35703125 0.609375 0.0421875 0.05078125
0 0.33359375 0.439453125 0.0390625 0.05078125
0 0.40703125 0.4775390625 0.0421875 0.052734375
0 0.0171875 0.4404296875 0.015625 0.044921875
0 0.38515625 0.3125 0.0421875 0.046875
