0 0.671875 0.6689453125 0.040625 0.048828125
0 0.359375 0.462890625 0.040625 0.046875
0 0.740625 0.365234375 0.040625 0.046875
0 0.5046875 0.6162109375 0.040625 0.048828125
0 0.33671875 0.5625 0.0390625 0.05078125
0 0.5203125 0.349609375 0.040625 0.046875
0 0.5515625 0.4140625 0.040625 0.05078125
0 0.30625 0.5 0.0375 0.046875
0 0.52734375 0.5166015625 0.0390625 0.048828125
0 0.68828125 0.404296875 0.0390625 0.046875
0 0.35078125 0.294921875 0.0390625 0.046875
0 0.3796875 0.3603515625 0.040625 0.048828125
0 0.5984375 0.5927734375 0.040625 0.048828125
0 0.6453125 0.390625 0.040625 0.05078125
0 0.6953125 0.568359375 0.040625 0.046875
0 0.4765625 0.3369140625 0.040625 0.048828125
0 0.40390625 0.2578125 0.0390625 0.046875
0 0.5921875 0.4287109375 0.0375 0.048828125
0 0.49609375 0.4521484375 0.0390625 0.048828125
0 0.7171875 0.4677734375 0.0375 0.048828125
0 0.65390625 0.5556640625 0.0390625 0.048828125
0 0.47421875 0.552734375 0.0390625 0.046875
0 0.4328125 0.5390625 0.0375 0.05078125
0 0.62109375 0.4921875 0.0390625 0.05078125
0 0.4546875 0.4384765625 0.040625 0.048828125
0 0.4859375 0.501953125 0.040625 0.046875
0 0.53046875 0.298828125 0.0390625 0.05078125
0 0.42421875 0.3740234375 0.0390625 0.048828125
0 0.3609375 0.2431640625 0.040625 0.048828125
0 0.6296875 0.65625 0.040625 0.046875
0 0.571875 0.3125 0.040625 0.046875
0 0.6640625 0.505859375 0.040625 0.05078125
0 0.72578125 0.6337890625 0.0390625 0.048828125
0 0.6609375 0.7197265625 0.040625 0.048828125
0 0.29453125 0.548828125 0.0390625 0.046875
0 0.578125 0.693359375 0.040625 0.046875
0 0.3171875 0.44921875 0.040625 0.046875
0 0.5578125 0.5791015625 0.0375 0.048828125
0 0.390625 0.5244140625 0.0375 0.048828125
0 0.703125 0.732421875 0.040625 0.046875
0 0.4109375 0.6396484375 0.040625 0.048828125
0 0.759375 0.4814453125 0.0375 0.048828125
0 0.64140625 0.60546875 0.0390625 0.046875
0 0.43515625 0.322265625 0.0390625 0.05078125
0 0.4125 0.42578125 0.040625 0.046875
0 0.36875 0.626953125 0.040625 0.046875
0 0.5359375 0.6806640625 0.040625 0.048828125
0 0.74765625 0.533203125 0.0390625 0.046875
0 0.78203125 0.37890625 0.0390625 0.05078125
0 0.58046875 0.478515625 0.0390625 0.046875
0 0.56875 0.529296875 0.040625 0.046875
0 0.4625 0.603515625 0.040625 0.046875
0 0.6984375 0.3525390625 0.040625 0.048828125
0 0.32578125 0.6142578125 0.0390625 0.048828125
0 0.603125 0.376953125 0.040625 0.05078125
0 0.4453125 0.271484375 0.040625 0.046875
0 0.328125 0.3974609375 0.040625 0.048828125
0 0.49453125 0.666015625 0.0390625 0.05078125
0 0.63359375 0.44140625 0.0390625 0.046875
0 0.40234375 0.4755859375 0.0390625 0.048828125
0 0.58828125 0.64453125 0.0390625 0.046875
0 0.6578125 0.3388671875 0.0375 0.048828125
0 0.7375 0.58203125 0.040625 0.046875
0 0.6828125 0.619140625 0.0375 0.05078125
0 0.6140625 0.326171875 0.040625 0.046875
0 0.42109375 0.58984375 0.0390625 0.046875
0 0.3390625 0.3466796875 0.0375 0.048828125
0 0.45234375 0.6513671875 0.0390625 0.048828125
0 0.771875 0.4306640625 0.040625 0.048828125
0 0.36953125 0.41015625 0.0390625 0.046875
0 0.51640625 0.56640625 0.0390625 0.046875
0 0.7296875 0.4169921875 0.040625 0.048828125
0 0.465625 0.38671875 0.0375 0.046875
0 0.61953125 0.7060546875 0.0390625 0.048828125
0 0.67578125 0.4541015625 0.0390625 0.048828125
0 0.70625 0.51953125 0.040625 0.046875
0 0.284375 0.6005859375 0.040625 0.048828125
0 0.56171875 0.3623046875 0.0390625 0.048828125
0 0.378125 0.5771484375 0.040625 0.048828125
0 0.4890625 0.28515625 0.040625 0.05078125
0 0.5375 0.46484375 0.040625 0.046875
0 0.50703125 0.400390625 0.0390625 0.05078125
0 0.546875 0.630859375 0.040625 0.05078125
0 0.44375 0.4892578125 0.040625 0.048828125
0 0.6109375 0.5419921875 0.040625 0.048828125
0 0.71328125 0.6826171875 0.0390625 0.048828125
0 0.34765625 0.5126953125 0.0390625 0.048828125
0 0.39375 0.30859375 0.040625 0.05078125
