0 0.52265625 0.5029296875 0.0390625 0.048828125
0 0.43046875 0.5458984375 0.0390625 0.048828125
0 0.30078125 0.4697265625 0.0390625 0.048828125
0 0.34140625 0.5322265625 0.0390625 0.048828125
0 0.21796875 0.3447265625 0.0390625 0.048828125
0 0.19765625 0.6259765625 0.0390625 0.048828125
0 0.51171875 0.6708984375 0.0390625 0.048828125
0 0.55234375 0.7353515625 0.0390625 0.048828125
0 0.47890625 0.4970703125 0.0390625 0.048828125
0 0.47109375 0.6083984375 0.0390625 0.048828125
0 0.24765625 0.5771484375 0.0390625 0.048828125
0 0.34921875 0.4208984375 0.0390625 0.048828125
0 0.30859375 0.3583984375 0.0390625 0.048828125
0 0.25078125 0.5205078125 0.0390625 0.048828125
0 0.38984375 0.4833984375 0.0390625 0.048828125
0 0.37421875 0.7099609375 0.0390625 0.048828125
0 0.42265625 0.6591796875 0.0390625 0.048828125
0 0.19453125 0.6845703125 0.0390625 0.048828125
0 0.46484375 0.7216796875 0.0390625 0.048828125
0 0.16796875 0.3935546875 0.0390625 0.048828125
0 0.60078125 0.6845703125 0.0390625 0.048828125
0 0.26640625 0.2958984375 0.0390625 0.048828125
0 0.21015625 0.4560546875 0.0390625 0.048828125
0 0.29296875 0.5830078125 0.0390625 0.048828125
0 0.33359375 0.6455078125 0.0390625 0.048828125
0 0.48203125 0.4404296875 0.0390625 0.048828125
0 0.28828125 0.6396484375 0.0390625 0.048828125
0 0.14765625 0.6767578125 0.0390625 0.048828125
0 0.57421875 0.3974609375 0.0390625 0.048828125
0 0.33828125 0.5888671875 0.0390625 0.048828125
0 0.38203125 0.5966796875 0.0390625 0.048828125
0 0.56796875 0.5107421875 0.0390625 0.048828125
0 0.33046875 0.7021484375 0.0390625 0.048828125
0 0.21328125 0.4013671875 0.0390625 0.048828125
0 0.56328125 0.5654296875 0.0390625 0.048828125
0 0.57109375 0.4541015625 0.0390625 0.048828125
0 0.43515625 0.4912109375 0.0390625 0.048828125
0 0.46796875 0.6650390625 0.0390625 0.048828125
0 0.48671875 0.3857421875 0.0390625 0.048828125
0 0.61171875 0.5166015625 0.0390625 0.048828125
0 0.25546875 0.4638671875 0.0390625 0.048828125
0 0.44140625 0.3779296875 0.0390625 0.048828125
0 0.24296875 0.6337890625 0.0390625 0.048828125
0 0.53046875 0.3916015625 0.0390625 0.048828125
0 0.51953125 0.5595703125 0.0390625 0.048828125
0 0.42734375 0.6025390625 0.0390625 0.048828125
0 0.25859375 0.4072265625 0.0390625 0.048828125
0 0.39296875 0.4267578125 0.0390625 0.048828125
0 0.37890625 0.6513671875 0.0390625 0.048828125
0 0.30390625 0.4150390625 0.0390625 0.048828125
0 0.56015625 0.6220703125 0.0390625 0.048828125
0 0.57734375 0.3427734375 0.0390625 0.048828125
0 0.55703125 0.6787109375 0.0390625 0.048828125
0 0.40078125 0.3154296875 0.0390625 0.048828125
0 0.16484375 0.4501953125 0.0390625 0.048828125
0 0.20234375 0.5693359375 0.0390625 0.048828125
0 0.51640625 0.6162109375 0.0390625 0.048828125
0 0.47421875 0.5537109375 0.0390625 0.048828125
0 0.48984375 0.3291015625 0.0390625 0.048828125
0 0.61484375 0.4599609375 0.0390625 0.048828125
0 0.60390625 0.6279296875 0.0390625 0.048828125
0 0.39765625 0.3720703125 0.0390625 0.048828125
0 0.41953125 0.7158203125 0.0390625 0.048828125
0 0.23984375 0.6904296875 0.0390625 0.048828125
0 0.26328125 0.3525390625 0.0390625 0.048828125
0 0.43828125 0.4345703125 0.0390625 0.048828125
0 0.61796875 0.4052734375 0.0390625 0.048828125
0 0.38671875 0.5400390625 0.0390625 0.048828125
0 0.50859375 0.7294921875 0.0390625 0.048828125
0 0.52578125 0.4482421875 0.0390625 0.048828125
0 0.62265625 0.3486328125 0.0390625 0.048828125
0 0.17578125 0.2822265625 0.0390625 0.048828125
0 0.29609375 0.5263671875 0.0390625 0.048828125
0 0.35234375 0.3642578125 0.0390625 0.048828125
0 0.20703125 0.5126953125 0.0390625 0.048828125
0 0.15703125 0.5634765625 0.0390625 0.048828125
0 0.35703125 0.3095703125 0.0390625 0.048828125
0 0.16015625 0.5068359375 0.0390625 0.048828125
0 0.22109375 0.2880859375 0.0390625 0.048828125
0 0.34609375 0.4775390625 0.0390625 0.048828125
0 0.17265625 0.3388671875 0.0390625 0.048828125
0 0.60703125 0.5732421875 0.0390625 0.048828125
0 0.31171875 0.3017578125 0.0390625 0.048828125
0 0.28515625 0.6962890625 0.0390625 0.048828125
0 0.53359375 0.3369140625 0.0390625 0.048828125
0 0.44609375 0.3232421875 0.0390625 0.048828125
0 0.59765625 0.7412109375 0.0390625 0.048828125
0 0.15234375 0.6201171875 0.0390625 0.048828125
