0 0.48125 0.625 0.05 0.07421875
0 0.478125 0.701171875 0.053125 0.07421875
0 0.671875 0.5029296875 0.05 0.072265625
0 0.48359375 0.388671875 0.0515625 0.07421875
0 0.76953125 0.55859375 0.0515625 0.07421875
0 0.66875 0.82421875 0.05 0.07421875
0 0.8703125 0.6201171875 0.05 0.072265625
0 0.57890625 0.365234375 0.0515625 0.07421875
0 0.72265625 0.333984375 0.0515625 0.07421875
0 0.71875 0.572265625 0.05 0.07421875
0 0.6234375 0.43359375 0.05 0.07421875
0 0.87109375 0.298828125 0.0515625 0.07421875
0 0.7234375 0.2529296875 0.05 0.072265625
0 0.8671875 0.783203125 0.05 0.07421875
0 0.6234375 0.591796875 0.05 0.07421875
0 0.53125 0.30078125 0.05 0.07421875
0 0.771875 0.2421875 0.05 0.07421875
0 0.721875 0.490234375 0.05 0.07421875
0 0.575 0.68359375 0.05 0.07421875
0 0.571875 0.841796875 0.05 0.07421875
0 0.62265625 0.7529296875 0.0515625 0.072265625
0 0.71875 0.650390625 0.05 0.07421875
0 0.575 0.5234375 0.05 0.07421875
0 0.43828125 0.32421875 0.0515625 0.07421875
0 0.528125 0.61328125 0.05 0.07421875
0 0.8671875 0.458984375 0.05 0.07421875
0 0.8203125 0.55078125 0.05 0.07421875
0 0.9203125 0.5283203125 0.05 0.072265625
0 0.5265625 0.69140625 0.053125 0.07421875
0 0.5296875 0.45703125 0.05 0.07421875
0 0.43203125 0.7119140625 0.0515625 0.072265625
0 0.6703125 0.740234375 0.053125 0.07421875
0 0.76875 0.72265625 0.053125 0.07421875
0 0.9203125 0.3671875 0.05 0.07421875
0 0.4359375 0.4765625 0.05 0.07421875
0 0.7171875 0.8115234375 0.05 0.072265625
0 0.81640625 0.79296875 0.0515625 0.07421875
0 0.76953125 0.3984375 0.0515625 0.07421875
0 0.47734375 0.78125 0.0515625 0.07421875
0 0.81875 0.7119140625 0.053125 0.072265625
0 0.8203125 0.4697265625 0.05 0.072265625
0 0.7671875 0.8046875 0.05 0.07421875
0 0.675 0.265625 0.05 0.07421875
0 0.671875 0.423828125 0.05 0.07421875
0 0.4359375 0.400390625 0.05 0.07421875
0 0.8203125 0.630859375 0.05 0.07421875
0 0.86875 0.701171875 0.053125 0.07421875
0 0.92109375 0.205078125 0.0515625 0.07421875
0 0.821875 0.23046875 0.05 0.07421875
0 0.6234375 0.515625 0.05 0.07421875
0 0.8703125 0.3779296875 0.05 0.072265625
0 0.9203125 0.28515625 0.05 0.07421875
0 0.9203125 0.447265625 0.05 0.07421875
0 0.82109375 0.30859375 0.0515625 0.07421875
0 0.5234375 0.8515625 0.05 0.07421875
0 0.671875 0.583984375 0.05 0.07421875
0 0.578125 0.447265625 0.05 0.07421875
0 0.76953125 0.640625 0.0515625 0.07421875
0 0.4359375 0.556640625 0.05 0.07421875
0 0.57265625 0.759765625 0.0515625 0.07421875
0 0.7703125 0.322265625 0.053125 0.07421875
0 0.628125 0.275390625 0.05 0.07421875
0 0.8703125 0.5390625 0.05 0.07421875
0 0.91875 0.69140625 0.053125 0.07421875
0 0.5296875 0.53515625 0.05 0.07421875
0 0.48125 0.466796875 0.05 0.07421875
0 0.525 0.7734375 0.05 0.07421875
0 0.475 0.86328125 0.05 0.07421875
0 0.53046875 0.3779296875 0.0515625 0.072265625
0 0.48125 0.54296875 0.05 0.07421875
0 0.61875 0.83203125 0.05 0.07421875
0 0.671875 0.6611328125 0.05 0.072265625
0 0.8203125 0.390625 0.05 0.07421875
0 0.6265625 0.35546875 0.053125 0.07421875
0 0.575 0.60546875 0.05 0.07421875
0 0.9203125 0.609375 0.05 0.07421875
0 0.4328125 0.634765625 0.05 0.07421875
0 0.871875 0.216796875 0.05 0.07421875
0 0.6234375 0.671875 0.05 0.07421875
0 0.4296875 0.79296875 0.05 0.07421875
0 0.76953125 0.48046875 0.0515625 0.07421875
0 0.9171875 0.7734375 0.05 0.07421875
0 0.71796875 0.732421875 0.0515625 0.07421875
0 0.4296875 0.8701171875 0.05 0.072265625
0 0.67421875 0.3447265625 0.0515625 0.072265625
0 0.4859375 0.3115234375 0.05 0.072265625
0 0.5796875 0.2890625 0.05 0.07421875
0 0.721875 0.41015625 0.05 0.07421875
