0 0.25390625 0.60546875 0.0640625 0.07421875
0 0.81015625 0.3193359375 0.0640625 0.072265625
0 0.303125 0.701171875 0.0625 0.07421875
0 0.4359375 0.3994140625 0.065625 0.072265625
0 0.40234375 0.5595703125 0.0640625 0.072265625
0 0.42109375 0.8134765625 0.0640625 0.072265625
0 0.28671875 0.4501953125 0.0640625 0.072265625
0 0.3546875 0.7998046875 0.065625 0.072265625
0 0.8640625 0.4150390625 0.0625 0.072265625
0 0.221875 0.765625 0.0625 0.07421875
0 0.31875 0.2919921875 0.065625 0.072265625
0 0.72578125 0.7197265625 0.0640625 0.072265625
0 0.48515625 0.4951171875 0.0640625 0.072265625
0 0.38671875 0.6396484375 0.0640625 0.072265625
0 0.5203125 0.3359375 0.0625 0.0703125
0 0.4359375 0.736328125 0.065625 0.07421875
0 0.33515625 0.5439453125 0.0640625 0.072265625
0 0.36953125 0.3857421875 0.0640625 0.072265625
0 0.53671875 0.591796875 0.0640625 0.07421875
0 0.7796875 0.818359375 0.0625 0.07421875
0 0.20546875 0.51171875 0.0640625 0.07421875
0 0.17265625 0.669921875 0.0640625 0.07421875
0 0.67265625 0.287109375 0.0640625 0.07421875
0 0.46796875 0.5751953125 0.0640625 0.072265625
0 0.67421875 0.6240234375 0.0640625 0.072265625
0 0.58671875 0.6875 0.0640625 0.07421875
0 0.91640625 0.51171875 0.0640625 0.07421875
0 0.45234375 0.65625 0.0640625 0.07421875
0 0.56953125 0.767578125 0.0640625 0.07421875
0 0.50390625 0.751953125 0.0640625 0.07421875
0 0.775 0.4794921875 0.0625 0.072265625
0 0.36953125 0.7177734375 0.0640625 0.072265625
0 0.55546875 0.8466796875 0.0640625 0.072265625
0 0.48671875 0.83203125 0.0640625 0.07421875
0 0.60390625 0.2734375 0.0640625 0.07421875
0 0.41953125 0.4814453125 0.0640625 0.072265625
0 0.82890625 0.5751953125 0.0640625 0.072265625
0 0.46796875 0.244140625 0.0640625 0.07421875
0 0.62265625 0.52734375 0.0640625 0.07421875
0 0.68984375 0.5439453125 0.0640625 0.072265625
0 0.796875 0.73828125 0.065625 0.07421875
0 0.32109375 0.6240234375 0.0640625 0.072265625
0 0.2375 0.3564453125 0.065625 0.072265625
0 0.72421875 0.3837890625 0.0609375 0.072265625
0 0.8828125 0.673828125 0.0625 0.07421875
0 0.35234375 0.4638671875 0.0640625 0.072265625
0 0.57265625 0.431640625 0.0640625 0.07421875
0 0.6046875 0.6103515625 0.0625 0.072265625
0 0.51953125 0.671875 0.0640625 0.07421875
0 0.64140625 0.7841796875 0.0640625 0.072265625
0 0.38671875 0.3076171875 0.0640625 0.072265625
0 0.50234375 0.41796875 0.0640625 0.07421875
0 0.74375 0.6396484375 0.0625 0.072265625
0 0.84921875 0.8369140625 0.0640625 0.072265625
0 0.71015625 0.8017578125 0.0640625 0.072265625
0 0.69296875 0.8818359375 0.0640625 0.072265625
0 0.30390625 0.3701171875 0.0640625 0.072265625
0 0.33515625 0.2119140625 0.0640625 0.072265625
0 0.63828125 0.447265625 0.0640625 0.07421875
0 0.5546875 0.51171875 0.0625 0.07421875
0 0.28828125 0.78125 0.0640625 0.07421875
0 0.81171875 0.65625 0.0640625 0.07421875
0 0.65546875 0.3701171875 0.0640625 0.072265625
0 0.86484375 0.7568359375 0.0640625 0.072265625
0 0.27109375 0.197265625 0.0640625 0.0703125
0 0.65703125 0.7060546875 0.0640625 0.072265625
0 0.6234375 0.8642578125 0.0625 0.072265625
0 0.25390625 0.2763671875 0.0640625 0.072265625
0 0.2359375 0.685546875 0.0625 0.07421875
0 0.26953125 0.52734375 0.0640625 0.07421875
0 0.40234375 0.2275390625 0.0640625 0.072265625
0 0.18828125 0.591796875 0.0640625 0.07421875
0 0.45078125 0.3212890625 0.0640625 0.072265625
0 0.7421875 0.3037109375 0.065625 0.072265625
0 0.53828125 0.2578125 0.0640625 0.07421875
0 0.5859375 0.353515625 0.0625 0.07421875
0 0.22265625 0.43359375 0.0640625 0.07421875
0 0.70625 0.46484375 0.065625 0.0703125
0 0.759375 0.560546875 0.0625 0.0703125
0 0.1546875 0.75 0.0625 0.07421875
0 0.95234375 0.3515625 0.0609375 0.07421875
0 0.8328125 0.9189453125 0.065625 0.072265625
0 0.7609375 0.900390625 0.065625 0.07421875
0 0.84609375 0.498046875 0.0640625 0.07421875
0 0.79296875 0.3994140625 0.0640625 0.072265625
0 0.93359375 0.431640625 0.0640625 0.07421875
0 0.88203125 0.3349609375 0.0640625 0.072265625
0 0.89765625 0.59375 0.0640625 0.07421875
