0 0.34296875 0.6416015625 0.0515625 0.068359375
0 0.55546875 0.41796875 0.0515625 0.0703125
0 0.44296875 0.0908203125 0.0515625 0.068359375
0 0.671875 0.7490234375 0.05 0.068359375
0 0.40625 0.3330078125 0.05 0.068359375
0 0.58984375 0.1787109375 0.0515625 0.068359375
0 0.3796875 0.4013671875 0.05 0.068359375
0 0.7046875 0.5068359375 0.05 0.068359375
0 0.5921875 0.7900390625 0.05 0.068359375
0 0.51875 0.6572265625 0.05 0.068359375
0 0.6984375 0.6767578125 0.05 0.068359375
0 0.67578125 0.5751953125 0.0515625 0.068359375
0 0.9171875 0.4482421875 0.05 0.068359375
0 0.54140625 0.1513671875 0.0515625 0.068359375
0 0.64140625 0.8203125 0.0515625 0.0703125
0 0.78203125 0.46484375 0.0515625 0.0703125
0 0.29375 0.6103515625 0.05 0.068359375
0 0.6390625 0.208984375 0.05 0.0703125
0 0.73984375 0.2607421875 0.0515625 0.068359375
0 0.6046875 0.4482421875 0.05 0.068359375
0 0.33046875 0.3681640625 0.0515625 0.068359375
0 0.83984375 0.3212890625 0.0515625 0.068359375
0 0.50390625 0.3857421875 0.0515625 0.068359375
0 0.625 0.5478515625 0.05 0.068359375
0 0.24609375 0.5810546875 0.0515625 0.068359375
0 0.47734375 0.4599609375 0.0515625 0.068359375
0 0.80078125 0.7373046875 0.0515625 0.068359375
0 0.74921875 0.7080078125 0.0515625 0.068359375
0 0.86171875 0.41796875 0.0515625 0.0703125
0 0.49765625 0.55859375 0.0515625 0.0703125
0 0.56953125 0.6884765625 0.0515625 0.068359375
0 0.88671875 0.525390625 0.0515625 0.0703125
0 0.42890625 0.4287109375 0.0515625 0.068359375
0 0.5328125 0.31640625 0.05 0.0703125
0 0.4921875 0.7294921875 0.05 0.068359375
0 0.75546875 0.5361328125 0.0515625 0.068359375
0 0.44296875 0.69921875 0.0515625 0.0703125
0 0.4203125 0.6005859375 0.05 0.068359375
0 0.80703125 0.5673828125 0.0515625 0.068359375
0 0.78828125 0.2919921875 0.0515625 0.068359375
0 0.73359375 0.4345703125 0.0515625 0.068359375
0 0.32265625 0.5400390625 0.0515625 0.068359375
0 0.52734375 0.4873046875 0.0515625 0.068359375
0 0.57578125 0.517578125 0.0515625 0.0703125
0 0.82890625 0.6630859375 0.0515625 0.068359375
0 0.68828125 0.236328125 0.0515625 0.0703125
0 0.5125 0.22265625 0.05 0.0703125
0 0.7109375 0.3349609375 0.05 0.068359375
0 0.65390625 0.4755859375 0.0515625 0.068359375
0 0.39140625 0.6689453125 0.0515625 0.068359375
0 0.45703125 0.3603515625 0.0515625 0.068359375
0 0.61015625 0.2783203125 0.0515625 0.068359375
0 0.54140625 0.759765625 0.0515625 0.0703125
0 0.94453125 0.376953125 0.0515625 0.0703125
0 0.62109375 0.7177734375 0.0515625 0.068359375
0 0.72109375 0.779296875 0.0515625 0.0703125
0 0.83515625 0.4951171875 0.0515625 0.068359375
0 0.43515625 0.2587890625 0.0515625 0.068359375
0 0.38515625 0.2314453125 0.0515625 0.068359375
0 0.4859375 0.2919921875 0.05 0.068359375
0 0.35859375 0.302734375 0.0515625 0.0703125
0 0.68203125 0.4072265625 0.0515625 0.068359375
0 0.27578125 0.51171875 0.0515625 0.0703125
0 0.56171875 0.2451171875 0.0515625 0.068359375
0 0.77265625 0.8115234375 0.0515625 0.068359375
0 0.64765625 0.6474609375 0.0515625 0.068359375
0 0.8109375 0.3935546875 0.05 0.068359375
0 0.778125 0.6357421875 0.05 0.068359375
0 0.890625 0.3486328125 0.05 0.068359375
0 0.4921875 0.1201171875 0.05 0.068359375
0 0.5984375 0.6162109375 0.05 0.068359375
0 0.41484375 0.162109375 0.0515625 0.0703125
0 0.54765625 0.5888671875 0.0515625 0.068359375
0 0.35078125 0.470703125 0.0515625 0.0703125
0 0.63359375 0.376953125 0.0515625 0.0703125
0 0.44921875 0.5283203125 0.0515625 0.068359375
0 0.4 0.5009765625 0.05 0.068359375
0 0.30390625 0.4423828125 0.0515625 0.068359375
0 0.58203125 0.3486328125 0.0515625 0.068359375
0 0.85859375 0.5947265625 0.0515625 0.068359375
0 0.46953125 0.6279296875 0.0515625 0.068359375
0 0.37109375 0.5693359375 0.0515625 0.068359375
0 0.72734375 0.60546875 0.0515625 0.0703125
0 0.66015625 0.3056640625 0.0515625 0.068359375
0 0.46328125 0.189453125 0.0515625 0.0703125
0 0.76171875 0.3603515625 0.0515625 0.068359375
0 0.74609375 0.880859375 0.0515625 0.0703125
0 0.69453125 0.8486328125 0.0515625 0.068359375
