0 0.24296875 0.5673828125 0.0390625 0.048828125
0 0.36015625 0.5673828125 0.0390625 0.048828125
0 0.20078125 0.6025390625 0.0390625 0.048828125
0 0.06015625 0.3173828125 0.0390625 0.048828125
0 0.31953125 0.6025390625 0.0390625 0.048828125
0 0.10390625 0.2841796875 0.0390625 0.048828125
0 0.13515625 0.4072265625 0.0390625 0.048828125
0 0.27734375 0.6376953125 0.0390625 0.048828125
0 0.21640625 0.3916015625 0.0390625 0.048828125
0 0.12109375 0.5673828125 0.0390625 0.048828125
0 0.40859375 0.4306640625 0.0390625 0.048828125
0 0.32265625 0.5498046875 0.0390625 0.048828125
0 0.39453125 0.6376953125 0.0390625 0.048828125
0 0.33515625 0.3955078125 0.0390625 0.048828125
0 0.36796875 0.4638671875 0.0390625 0.048828125
0 0.04140625 0.5302734375 0.0390625 0.048828125
0 0.07265625 0.1611328125 0.0390625 0.048828125
0 0.08671875 0.4951171875 0.0390625 0.048828125
0 0.24765625 0.5146484375 0.0390625 0.048828125
0 0.05078125 0.4228515625 0.0390625 0.048828125
0 0.16484375 0.5302734375 0.0390625 0.048828125
0 0.03125 0.1416015625 0.040625 0.048828125
0 0.17421875 0.4248046875 0.0390625 0.048828125
0 0.18203125 0.3212890625 0.0390625 0.048828125
0 0.04609375 0.4775390625 0.0390625 0.048828125
0 0.25078125 0.4619140625 0.0390625 0.048828125
0 0.20859375 0.4951171875 0.0390625 0.048828125
0 0.18984375 0.2177734375 0.0390625 0.048828125
0 0.06484375 0.2646484375 0.0390625 0.048828125
0 0.35234375 0.6728515625 0.0390625 0.048828125
0 0.29765625 0.3759765625 0.0390625 0.048828125
0 0.28515625 0.5322265625 0.0390625 0.048828125
0 0.40078125 0.5322265625 0.0390625 0.048828125
0 0.13984375 0.3544921875 0.0390625 0.048828125
0 0.22578125 0.2880859375 0.0390625 0.048828125
0 0.12578125 0.5126953125 0.0390625 0.048828125
0 0.20390625 0.5498046875 0.0390625 0.048828125
0 0.14765625 0.2509765625 0.0390625 0.048828125
0 0.09609375 0.3896484375 0.0390625 0.048828125
0 0.18671875 0.2705078125 0.0390625 0.048828125
0 0.11328125 0.1806640625 0.0390625 0.048828125
0 0.32734375 0.4970703125 0.0390625 0.048828125
0 0.41171875 0.3798828125 0.0390625 0.048828125
0 0.23984375 0.6201171875 0.0390625 0.048828125
0 0.01953125 0.2978515625 0.0390625 0.048828125
0 0.34140625 0.2919921875 0.0390625 0.048828125
0 0.02421875 0.2451171875 0.0390625 0.048828125
0 0.16953125 0.4775390625 0.0390625 0.048828125
0 0.25859375 0.3583984375 0.0390625 0.048828125
0 0.02890625 0.1943359375 0.0390625 0.048828125
0 0.009375 0.40234375 0.01875 0.046875
0 0.10859375 0.2314453125 0.0390625 0.048828125
0 0.13046875 0.4599609375 0.0390625 0.048828125
0 0.01484375 0.3505859375 0.0296875 0.048828125
0 0.25546875 0.4091796875 0.0390625 0.048828125
0 0.14296875 0.3037109375 0.0390625 0.048828125
0 0.10078125 0.3369140625 0.0390625 0.048828125
0 0.06953125 0.2138671875 0.0390625 0.048828125
0 0.15234375 0.2001953125 0.0390625 0.048828125
0 0.09140625 0.4423828125 0.0390625 0.048828125
0 0.41484375 0.3291015625 0.0390625 0.048828125
0 0.39765625 0.5849609375 0.0390625 0.048828125
0 0.29296875 0.4287109375 0.0390625 0.048828125
0 0.22109375 0.3408203125 0.0390625 0.048828125
0 0.37109375 0.4130859375 0.0390625 0.048828125
0 0.30078125 0.3251953125 0.0390625 0.048828125
0 0.17890625 0.3740234375 0.0390625 0.048828125
0 0.37578125 0.3623046875 0.0390625 0.048828125
0 0.26328125 0.3076171875 0.0390625 0.048828125
0 0.33828125 0.3427734375 0.0390625 0.048828125
0 0.16171875 0.5849609375 0.0390625 0.048828125
0 0.21328125 0.4443359375 0.0390625 0.048828125
0 0.08203125 0.5478515625 0.0390625 0.048828125
0 0.28984375 0.4794921875 0.0390625 0.048828125
0 0.26640625 0.2548828125 0.0390625 0.048828125
0 0.36328125 0.5146484375 0.0390625 0.048828125
0 0.28203125 0.5849609375 0.0390625 0.048828125
0 0.22890625 0.2373046875 0.0390625 0.048828125
0 0.31484375 0.6552734375 0.0390625 0.048828125
0 0.05546875 0.3701171875 0.0390625 0.048828125
0 0.38984375 0.6884765625 0.0390625 0.048828125
0 0.30390625 0.2744140625 0.0390625 0.048828125
0 0.35703125 0.6201171875 0.0390625 0.048828125
0 0.33046875 0.4462890625 0.0390625 0.048828125
0 0.40546875 0.4814453125 0.0390625 0.048828125
0 0.00625 0.4580078125 0.0125 0.044921875
0 0.37890625 0.3115234375 0.0390625 0.048828125
