0 0.528125 0.3056640625 0.046875 0.052734375
0 0.32109375 0.5546875 0.0453125 0.05078125
0 0.2171875 0.5888671875 0.046875 0.052734375
0 0.184375 0.287109375 0.046875 0.05078125
0 0.4234375 0.5234375 0.046875 0.05078125
0 0.2890625 0.2529296875 0.046875 0.052734375
0 0.425 0.3369140625 0.046875 0.052734375
0 0.425 0.1513671875 0.046875 0.052734375
0 0.5265625 0.1181640625 0.046875 0.052734375
0 0.63125 0.2724609375 0.046875 0.052734375
0 0.3234375 0.3681640625 0.046875 0.052734375
0 0.665625 0.3876953125 0.046875 0.052734375
0 0.528125 0.4921875 0.046875 0.05078125
0 0.0640625 0.259765625 0.046875 0.05078125
0 0.096875 0.375 0.046875 0.05078125
0 0.2 0.5302734375 0.046875 0.052734375
0 0.3390625 0.4248046875 0.046875 0.052734375
0 0.1828125 0.4736328125 0.046875 0.052734375
0 0.56171875 0.2333984375 0.0453125 0.052734375
0 0.08046875 0.318359375 0.0453125 0.05078125
0 0.56171875 0.4189453125 0.0453125 0.052734375
0 0.4421875 0.2080078125 0.046875 0.052734375
0 0.596875 0.5341796875 0.046875 0.052734375
0 0.2875 0.4423828125 0.046875 0.052734375
0 0.2015625 0.3427734375 0.046875 0.052734375
0 0.58046875 0.4755859375 0.0453125 0.052734375
0 0.4765625 0.5087890625 0.046875 0.052734375
0 0.4921875 0.1904296875 0.046875 0.052734375
0 0.3921875 0.2216796875 0.046875 0.052734375
0 0.3390625 0.2392578125 0.046875 0.052734375
0 0.23125 0.6455078125 0.046875 0.052734375
0 0.21875 0.3994140625 0.046875 0.052734375
0 0.63125 0.4599609375 0.046875 0.052734375
0 0.4421875 0.3935546875 0.046875 0.052734375
0 0.5453125 0.1767578125 0.046875 0.052734375
0 0.3921875 0.408203125 0.046875 0.05078125
0 0.3234375 0.1826171875 0.046875 0.052734375
0 0.15 0.3583984375 0.046875 0.052734375
0 0.3734375 0.5400390625 0.046875 0.052734375
0 0.6828125 0.4443359375 0.046875 0.052734375
0 0.58046875 0.2890625 0.0453125 0.05078125
0 0.3734375 0.3525390625 0.046875 0.052734375
0 0.23515625 0.4560546875 0.0453125 0.052734375
0 0.2375 0.2705078125 0.046875 0.052734375
0 0.3375 0.61328125 0.046875 0.05078125
0 0.409375 0.2783203125 0.046875 0.052734375
0 0.16796875 0.228515625 0.0453125 0.05078125
0 0.1140625 0.4306640625 0.046875 0.052734375
0 0.26875 0.5712890625 0.046875 0.052734375
0 0.478125 0.3203125 0.046875 0.05078125
0 0.459375 0.4501953125 0.046875 0.052734375
0 0.2703125 0.197265625 0.046875 0.05078125
0 0.6140625 0.4013671875 0.046875 0.052734375
0 0.30625 0.3115234375 0.046875 0.052734375
0 0.14765625 0.5458984375 0.0453125 0.052734375
0 0.390625 0.5966796875 0.046875 0.052734375
0 0.115625 0.2451171875 0.046875 0.052734375
0 0.165625 0.4169921875 0.046875 0.052734375
0 0.1796875 0.6611328125 0.046875 0.052734375
0 0.4609375 0.2646484375 0.046875 0.052734375
0 0.440625 0.58203125 0.046875 0.05078125
0 0.409375 0.466796875 0.046875 0.05078125
0 0.3046875 0.4990234375 0.046875 0.052734375
0 0.2859375 0.6279296875 0.046875 0.052734375
0 0.49453125 0.376953125 0.0453125 0.05078125
0 0.35625 0.2958984375 0.046875 0.052734375
0 0.64765625 0.5166015625 0.0453125 0.052734375
0 0.2203125 0.2138671875 0.046875 0.052734375
0 0.64765625 0.3291015625 0.0453125 0.052734375
0 0.7 0.5029296875 0.046875 0.052734375
0 0.6140625 0.2158203125 0.046875 0.052734375
0 0.4921875 0.5654296875 0.046875 0.052734375
0 0.25390625 0.3271484375 0.0453125 0.052734375
0 0.578125 0.1025390625 0.046875 0.052734375
0 0.5109375 0.43359375 0.046875 0.05078125
0 0.5453125 0.5478515625 0.046875 0.052734375
0 0.2703125 0.3857421875 0.046875 0.052734375
0 0.3734375 0.1650390625 0.046875 0.052734375
0 0.35625 0.4814453125 0.046875 0.052734375
0 0.546875 0.3623046875 0.046875 0.052734375
0 0.1640625 0.6044921875 0.046875 0.052734375
0 0.1328125 0.3017578125 0.046875 0.052734375
0 0.596875 0.345703125 0.046875 0.05078125
0 0.5109375 0.2470703125 0.046875 0.052734375
0 0.2515625 0.5126953125 0.046875 0.052734375
0 0.4765625 0.1337890625 0.046875 0.052734375
0 0.13125 0.4873046875 0.046875 0.052734375
0 0.5953125 0.1591796875 0.046875 0.052734375
