0 0.546875 0.35546875 0.053125 0.0625
0 0.64453125 0.3359375 0.0546875 0.0625
0 0.40234375 0.45703125 0.0546875 0.0625
0 0.2265625 0.2734375 0.053125 0.0625
0 0.29375 0.40625 0.053125 0.0625
0 0.25390625 0.556640625 0.0546875 0.0625
0 0.33671875 0.32421875 0.0515625 0.0625
0 0.24765625 0.484375 0.0546875 0.0625
0 0.39609375 0.38671875 0.0546875 0.0625
0 0.2 0.56640625 0.053125 0.0625
0 0.4453125 0.375 0.053125 0.0625
0 0.159375 0.138671875 0.053125 0.0625
0 0.50234375 0.435546875 0.0546875 0.0625
0 0.52890625 0.146484375 0.0515625 0.0625
0 0.57890625 0.13671875 0.0546875 0.0625
0 0.48359375 0.2265625 0.0546875 0.0625
0 0.43984375 0.306640625 0.0515625 0.0625
0 0.3 0.4765625 0.053125 0.0625
0 0.6015625 0.416015625 0.053125 0.0625
0 0.30390625 0.5458984375 0.0546875 0.064453125
0 0.18125 0.35546875 0.053125 0.0625
0 0.65703125 0.47265625 0.0546875 0.0625
0 0.47734375 0.158203125 0.0546875 0.0625
0 0.5953125 0.345703125 0.053125 0.0625
0 0.3765625 0.17578125 0.053125 0.0625
0 0.628125 0.1279296875 0.053125 0.064453125
0 0.35 0.46484375 0.053125 0.06640625
0 0.57265625 0.06640625 0.0546875 0.0625
0 0.4265625 0.1669921875 0.053125 0.064453125
0 0.33203125 0.25390625 0.0546875 0.0625
0 0.6890625 0.2578125 0.053125 0.0625
0 0.471875 0.0859375 0.053125 0.0625
0 0.38203125 0.24609375 0.0546875 0.06640625
0 0.55703125 0.494140625 0.0546875 0.0625
0 0.27265625 0.1953125 0.0515625 0.0625
0 0.42109375 0.09375 0.0421875 0.05859375
0 0.22109375 0.203125 0.0546875 0.0625
0 0.62265625 0.056640625 0.0515625 0.0625
0 0.49765625 0.365234375 0.0546875 0.0625
0 0.35625 0.53515625 0.053125 0.0625
0 0.7 0.39453125 0.053125 0.0625
0 0.26640625 0.123046875 0.0515625 0.0625
0 0.67734375 0.119140625 0.0515625 0.0625
0 0.36171875 0.60546875 0.0515625 0.0625
0 0.6125 0.552734375 0.040625 0.05859375
0 0.4515625 0.4453125 0.053125 0.0625
0 0.40703125 0.525390625 0.0546875 0.0625
0 0.175 0.2841796875 0.053125 0.064453125
0 0.32578125 0.185546875 0.0546875 0.0625
0 0.2859375 0.3359375 0.053125 0.0625
0 0.46484375 0.583984375 0.0515625 0.0625
0 0.55234375 0.423828125 0.0515625 0.06640625
0 0.48984375 0.294921875 0.0546875 0.0625
0 0.51484375 0.5732421875 0.0546875 0.064453125
0 0.58515625 0.20703125 0.0546875 0.0625
0 0.67109375 0.05078125 0.0515625 0.0625
0 0.3453125 0.3955078125 0.053125 0.064453125
0 0.36875 0.103515625 0.053125 0.0625
0 0.540625 0.28515625 0.053125 0.0625
0 0.58984375 0.27734375 0.0546875 0.06640625
0 0.521875 0.076171875 0.053125 0.0625
0 0.41328125 0.59375 0.0546875 0.0625
0 0.234375 0.345703125 0.053125 0.0625
0 0.2078125 0.638671875 0.053125 0.0625
0 0.70625 0.4609375 0.053125 0.0625
0 0.2796875 0.263671875 0.053125 0.0625
0 0.63359375 0.19921875 0.0546875 0.0625
0 0.56328125 0.5625 0.0546875 0.0625
0 0.65078125 0.40625 0.0546875 0.0625
0 0.21328125 0.130859375 0.0546875 0.06640625
0 0.31796875 0.11328125 0.0546875 0.0625
0 0.6625 0.541015625 0.053125 0.0625
0 0.31015625 0.6171875 0.0546875 0.0625
0 0.459375 0.513671875 0.053125 0.0625
0 0.50859375 0.50390625 0.0546875 0.0625
0 0.53515625 0.216796875 0.0515625 0.0625
0 0.60703125 0.482421875 0.0515625 0.0625
0 0.69453125 0.326171875 0.0515625 0.0625
0 0.38828125 0.3154296875 0.0546875 0.064453125
0 0.70859375 0.5322265625 0.0546875 0.064453125
0 0.26015625 0.626953125 0.0546875 0.0625
0 0.6390625 0.265625 0.053125 0.0625
0 0.6828125 0.189453125 0.053125 0.0625
0 0.23984375 0.416015625 0.0546875 0.0625
0 0.1890625 0.427734375 0.053125 0.0625
0 0.43359375 0.23828125 0.0515625 0.0625
0 0.19453125 0.498046875 0.0515625 0.0625
0 0.1671875 0.2119140625 0.053125 0.064453125
