0 0.5296875 0.345703125 0.046875 0.06640625
0 0.3140625 0.8154296875 0.046875 0.064453125
0 0.221875 0.62890625 0.046875 0.06640625
0 0.25625 0.7685546875 0.046875 0.064453125
0 0.58125 0.5615234375 0.046875 0.064453125
0 0.28984375 0.337890625 0.0453125 0.06640625
0 0.559375 0.66015625 0.046875 0.06640625
0 0.61796875 0.70703125 0.0453125 0.06640625
0 0.4703125 0.3017578125 0.046875 0.064453125
0 0.27890625 0.6728515625 0.0453125 0.064453125
0 0.52265625 0.5166015625 0.0453125 0.064453125
0 0.30625 0.408203125 0.046875 0.06640625
0 0.45234375 0.810546875 0.0453125 0.06640625
0 0.428125 0.330078125 0.046875 0.06640625
0 0.4875 0.3740234375 0.046875 0.064453125
0 0.39296875 0.7646484375 0.0453125 0.064453125
0 0.37109375 0.8623046875 0.0453125 0.064453125
0 0.26796875 0.4345703125 0.0453125 0.064453125
0 0.45234375 0.2314453125 0.0453125 0.064453125
0 0.2453125 0.5322265625 0.046875 0.064453125
0 0.5703125 0.3193359375 0.046875 0.064453125
0 0.3578125 0.62109375 0.046875 0.06640625
0 0.325 0.4814453125 0.046875 0.064453125
0 0.4578125 0.6416015625 0.046875 0.064453125
0 0.5890625 0.392578125 0.046875 0.06640625
0 0.66796875 0.5087890625 0.0453125 0.064453125
0 0.60703125 0.4658203125 0.0453125 0.064453125
0 0.47421875 0.7119140625 0.0453125 0.064453125
0 0.46328125 0.4736328125 0.0453125 0.064453125
0 0.51640625 0.6865234375 0.0453125 0.064453125
0 0.37109375 0.2861328125 0.0453125 0.064453125
0 0.4171875 0.6650390625 0.046875 0.064453125
0 0.3984375 0.5947265625 0.046875 0.064453125
0 0.21015625 0.392578125 0.0453125 0.06640625
0 0.3359375 0.7177734375 0.046875 0.064453125
0 0.30078125 0.5771484375 0.0453125 0.064453125
0 0.28984375 0.9150390625 0.0453125 0.064453125
0 0.6609375 0.6806640625 0.046875 0.064453125
0 0.6234375 0.53515625 0.046875 0.06640625
0 0.18828125 0.4853515625 0.0453125 0.064453125
0 0.59609375 0.2216796875 0.0453125 0.064453125
0 0.36328125 0.455078125 0.0453125 0.06640625
0 0.64921875 0.4365234375 0.0453125 0.064453125
0 0.5109375 0.2763671875 0.046875 0.064453125
0 0.23828125 0.69921875 0.0453125 0.06640625
0 0.57578125 0.7333984375 0.0453125 0.064453125
0 0.2046875 0.55859375 0.046875 0.06640625
0 0.4390625 0.5693359375 0.046875 0.064453125
0 0.63125 0.3642578125 0.046875 0.064453125
0 0.53515625 0.1767578125 0.0453125 0.064453125
0 0.2625 0.6025390625 0.046875 0.064453125
0 0.38203125 0.5244140625 0.0453125 0.064453125
0 0.6421875 0.6083984375 0.046875 0.064453125
0 0.49453125 0.2060546875 0.0453125 0.064453125
0 0.5515625 0.2490234375 0.046875 0.064453125
0 0.24921875 0.3662109375 0.0453125 0.064453125
0 0.4984375 0.6162109375 0.046875 0.064453125
0 0.68671875 0.58203125 0.0453125 0.06640625
0 0.53515625 0.7587890625 0.0453125 0.064453125
0 0.296875 0.7451171875 0.046875 0.064453125
0 0.34140625 0.55078125 0.0453125 0.06640625
0 0.35234375 0.7900390625 0.0453125 0.064453125
0 0.54609375 0.4189453125 0.0453125 0.064453125
0 0.33046875 0.3115234375 0.0453125 0.064453125
0 0.50546875 0.4443359375 0.0453125 0.064453125
0 0.40390625 0.4267578125 0.0453125 0.064453125
0 0.446875 0.400390625 0.046875 0.06640625
0 0.57734375 0.1484375 0.0453125 0.06640625
0 0.284375 0.5068359375 0.046875 0.064453125
0 0.49296875 0.7841796875 0.0453125 0.064453125
0 0.22734375 0.462890625 0.0453125 0.06640625
0 0.31953125 0.6474609375 0.0453125 0.064453125
0 0.42265625 0.4990234375 0.0453125 0.064453125
0 0.56484375 0.4912109375 0.0453125 0.064453125
0 0.3875 0.3564453125 0.046875 0.064453125
0 0.346875 0.3818359375 0.046875 0.064453125
0 0.6125 0.291015625 0.046875 0.06640625
0 0.33046875 0.888671875 0.0453125 0.06640625
0 0.41171875 0.8369140625 0.0453125 0.064453125
0 0.41171875 0.2568359375 0.0453125 0.064453125
0 0.6 0.6337890625 0.046875 0.064453125
0 0.2734375 0.841796875 0.046875 0.06640625
0 0.4359375 0.7373046875 0.046875 0.064453125
0 0.171875 0.4189453125 0.046875 0.064453125
0 0.7046875 0.6552734375 0.046875 0.064453125
0 0.3765625 0.6943359375 0.046875 0.064453125
0 0.48203125 0.54296875 0.0453125 0.06640625
0 0.540625 0.5869140625 0.046875 0.064453125
