0 0.6359375 0.689453125 0.028125 0.0390625
0 0.5671875 0.65234375 0.028125 0.0390625
0 0.5046875 0.259765625 0.028125 0.0390625
0 0.675 0.33984375 0.028125 0.0390625
0 0.684375 0.46875 0.028125 0.0390625
0 0.659375 0.578125 0.028125 0.0390625
0 0.3953125 0.265625 0.028125 0.0390625
0 0.440625 0.228515625 0.028125 0.0390625
0 0.709375 0.357421875 0.028125 0.0390625
0 0.36953125 0.548828125 0.0265625 0.0390625
0 0.434375 0.58203125 0.028125 0.0390625
0 0.64921875 0.451171875 0.0265625 0.0390625
0 0.590625 0.54296875 0.028125 0.0390625
0 0.625 0.560546875 0.028125 0.0390625
0 0.5 0.6171875 0.028125 0.0390625
0 0.5453125 0.580078125 0.028125 0.0390625
0 0.615625 0.43359375 0.028125 0.0390625
0 0.55 0.220703125 0.028125 0.0390625
0 0.5234375 0.509765625 0.028125 0.0390625
0 0.7078125 0.541015625 0.028125 0.0390625
0 0.371875 0.373046875 0.028125 0.0390625
0 0.640625 0.32421875 0.028125 0.0390625
0 0.4171875 0.333984375 0.028125 0.0390625
0 0.44765625 0.529296875 0.0265625 0.0390625
0 0.48125 0.3671875 0.028125 0.0390625
0 0.6375 0.505859375 0.028125 0.0390625
0 0.6828125 0.650390625 0.028125 0.0390625
0 0.6875 0.28515625 0.028125 0.0390625
0 0.5359375 0.455078125 0.028125 0.0390625
0 0.5125 0.5625 0.028125 0.0390625
0 0.4578125 0.4765625 0.028125 0.0390625
0 0.4375 0.404296875 0.028125 0.0390625
0 0.56875 0.47265625 0.028125 0.0390625
0 0.6625 0.39453125 0.028125 0.0390625
0 0.4609375 0.296875 0.028125 0.0390625
0 0.6140625 0.615234375 0.028125 0.0390625
0 0.484375 0.189453125 0.028125 0.0390625
0 0.58203125 0.41796875 0.0265625 0.0390625
0 0.7328125 0.4296875 0.028125 0.0390625
0 0.5609375 0.345703125 0.028125 0.0390625
0 0.503125 0.4375 0.028125 0.0390625
0 0.60625 0.30859375 0.028125 0.0390625
0 0.628125 0.37890625 0.028125 0.0390625
0 0.4796875 0.544921875 0.028125 0.0390625
0 0.57109375 0.291015625 0.0265625 0.0390625
0 0.5390625 0.275390625 0.028125 0.0390625
0 0.4140625 0.51171875 0.028125 0.0390625
0 0.47109375 0.421875 0.0265625 0.0390625
0 0.7453125 0.375 0.028125 0.04296875
0 0.3828125 0.49609375 0.025 0.0390625
0 0.5265625 0.330078125 0.028125 0.0390625
0 0.39375 0.44140625 0.028125 0.0390625
0 0.54765625 0.400390625 0.0265625 0.0390625
0 0.384375 0.318359375 0.028125 0.0390625
0 0.40546875 0.3896484375 0.0265625 0.037109375
0 0.490625 0.4921875 0.028125 0.0390625
0 0.6703125 0.70703125 0.028125 0.0390625
0 0.5140625 0.384765625 0.028125 0.0390625
0 0.6953125 0.595703125 0.028125 0.0390625
0 0.7578125 0.318359375 0.028125 0.0390625
0 0.35 0.478515625 0.028125 0.0390625
0 0.3609375 0.42578125 0.028125 0.0390625
0 0.59375 0.36328125 0.028125 0.0390625
0 0.61796875 0.25390625 0.0265625 0.0390625
0 0.40703125 0.212890625 0.0265625 0.0390625
0 0.57890625 0.59765625 0.0265625 0.0390625
0 0.4515625 0.173828125 0.028125 0.0390625
0 0.60234375 0.48828125 0.0265625 0.0390625
0 0.4671875 0.599609375 0.028125 0.0390625
0 0.71953125 0.484375 0.0265625 0.0390625
0 0.49296875 0.314453125 0.0265625 0.0390625
0 0.41875 0.158203125 0.028125 0.0390625
0 0.584375 0.236328125 0.028125 0.0390625
0 0.69609375 0.412109375 0.0265625 0.0390625
0 0.47265625 0.244140625 0.0265625 0.0390625
0 0.45 0.3515625 0.025 0.0390625
0 0.6015625 0.669921875 0.028125 0.0390625
0 0.721875 0.30078125 0.028125 0.0390625
0 0.42890625 0.2822265625 0.0265625 0.037109375
0 0.534375 0.634765625 0.028125 0.0390625
0 0.671875 0.5234375 0.028125 0.0390625
0 0.6484375 0.6328125 0.028125 0.0390625
0 0.55859375 0.52734375 0.0265625 0.0390625
0 0.425 0.458984375 0.028125 0.0390625
0 0.3375 0.53125 0.028125 0.0390625
0 0.653125 0.26953125 0.028125 0.0390625
0 0.51640625 0.205078125 0.0265625 0.0390625
0 0.4015625 0.564453125 0.028125 0.0390625
