0 0.36640625 0.4267578125 0.0390625 0.048828125
0 0.34296875 0.6533203125 0.0390625 0.048828125
0 0.67890625 0.3271484375 0.0390625 0.048828125
0 0.31484375 0.3759765625 0.0390625 0.048828125
0 0.32578125 0.4873046875 0.0390625 0.048828125
0 0.41171875 0.4208984375 0.0390625 0.048828125
0 0.56640625 0.6240234375 0.0390625 0.048828125
0 0.54140625 0.3466796875 0.0390625 0.048828125
0 0.69296875 0.4951171875 0.0390625 0.048828125
0 0.49140625 0.2958984375 0.0390625 0.048828125
0 0.33203125 0.5419921875 0.0390625 0.048828125
0 0.47734375 0.6357421875 0.0390625 0.048828125
0 0.40078125 0.3076171875 0.0390625 0.048828125
0 0.41640625 0.4755859375 0.0390625 0.048828125
0 0.58671875 0.3408203125 0.0390625 0.048828125
0 0.72890625 0.3779296875 0.0390625 0.048828125
0 0.45078125 0.3583984375 0.0390625 0.048828125
0 0.51640625 0.5732421875 0.0390625 0.048828125
0 0.52734375 0.6845703125 0.0390625 0.048828125
0 0.62734375 0.2783203125 0.0390625 0.048828125
0 0.42109375 0.5302734375 0.0390625 0.048828125
0 0.27578125 0.4384765625 0.0390625 0.048828125
0 0.61640625 0.6708984375 0.0390625 0.048828125
0 0.68828125 0.4384765625 0.0390625 0.048828125
0 0.59296875 0.3955078125 0.0390625 0.048828125
0 0.70234375 0.6044921875 0.0390625 0.048828125
0 0.65234375 0.5556640625 0.0390625 0.048828125
0 0.58203125 0.2841796875 0.0390625 0.048828125
0 0.46171875 0.4697265625 0.0390625 0.048828125
0 0.26484375 0.3251953125 0.0390625 0.048828125
0 0.37734375 0.5361328125 0.0390625 0.048828125
0 0.64296875 0.4443359375 0.0390625 0.048828125
0 0.43203125 0.6416015625 0.0390625 0.048828125
0 0.63828125 0.3896484375 0.0390625 0.048828125
0 0.46640625 0.5244140625 0.0390625 0.048828125
0 0.74296875 0.5439453125 0.0390625 0.048828125
0 0.30234375 0.7138671875 0.0390625 0.048828125
0 0.39296875 0.7021484375 0.0390625 0.048828125
0 0.75234375 0.6533203125 0.0390625 0.048828125
0 0.33671875 0.5966796875 0.0390625 0.048828125
0 0.48203125 0.6904296875 0.0390625 0.048828125
0 0.59765625 0.4521484375 0.0390625 0.048828125
0 0.42734375 0.5849609375 0.0390625 0.048828125
0 0.38203125 0.5927734375 0.0390625 0.048828125
0 0.73828125 0.4892578125 0.0390625 0.048828125
0 0.29140625 0.6044921875 0.0390625 0.048828125
0 0.54609375 0.4013671875 0.0390625 0.048828125
0 0.64765625 0.5009765625 0.0390625 0.048828125
0 0.36015625 0.3701171875 0.0390625 0.048828125
0 0.28671875 0.5478515625 0.0390625 0.048828125
0 0.35546875 0.3134765625 0.0390625 0.048828125
0 0.69765625 0.5498046875 0.0390625 0.048828125
0 0.55703125 0.5126953125 0.0390625 0.048828125
0 0.37109375 0.4814453125 0.0390625 0.048828125
0 0.60703125 0.5615234375 0.0390625 0.048828125
0 0.60234375 0.5068359375 0.0390625 0.048828125
0 0.47265625 0.5791015625 0.0390625 0.048828125
0 0.50234375 0.4072265625 0.0390625 0.048828125
0 0.43671875 0.6962890625 0.0390625 0.048828125
0 0.28046875 0.4931640625 0.0390625 0.048828125
0 0.55234375 0.4580078125 0.0390625 0.048828125
0 0.40546875 0.3642578125 0.0390625 0.048828125
0 0.29765625 0.6591796875 0.0390625 0.048828125
0 0.63203125 0.3330078125 0.0390625 0.048828125
0 0.32109375 0.4326171875 0.0390625 0.048828125
0 0.38671875 0.6474609375 0.0390625 0.048828125
0 0.71953125 0.2646484375 0.0390625 0.048828125
0 0.53671875 0.2900390625 0.0390625 0.048828125
0 0.65703125 0.6103515625 0.0390625 0.048828125
0 0.44609375 0.3017578125 0.0390625 0.048828125
0 0.74765625 0.5986328125 0.0390625 0.048828125
0 0.50703125 0.4638671875 0.0390625 0.048828125
0 0.66171875 0.6650390625 0.0390625 0.048828125
0 0.73359375 0.4326171875 0.0390625 0.048828125
0 0.52265625 0.6279296875 0.0390625 0.048828125
0 0.68359375 0.3837890625 0.0390625 0.048828125
0 0.49609375 0.3525390625 0.0390625 0.048828125
0 0.45703125 0.4130859375 0.0390625 0.048828125
0 0.61171875 0.6162109375 0.0390625 0.048828125
0 0.34765625 0.7080078125 0.0390625 0.048828125
0 0.67421875 0.2705078125 0.0390625 0.048828125
0 0.51171875 0.5185546875 0.0390625 0.048828125
0 0.70703125 0.6591796875 0.0390625 0.048828125
0 0.57109375 0.6787109375 0.0390625 0.048828125
0 0.31015625 0.3193359375 0.0390625 0.048828125
0 0.26953125 0.3818359375 0.0390625 0.048828125
0 0.72421875 0.3212890625 0.0390625 0.048828125
0 0.56171875 0.5673828125 0.0390625 0.048828125
