0 0.55078125 0.46875 0.0234375 0.03515625
0 0.52578125 0.578125 0.0234375 0.03515625
0 0.36015625 0.564453125 0.0234375 0.03515625
0 0.26015625 0.576171875 0.0234375 0.03515625
0 0.321875 0.3115234375 0.021875 0.037109375
0 0.43828125 0.658203125 0.0234375 0.03515625
0 0.49921875 0.6875 0.0234375 0.03515625
0 0.48046875 0.619140625 0.0234375 0.03515625
0 0.40234375 0.5234375 0.0234375 0.03515625
0 0.57734375 0.359375 0.0234375 0.03515625
0 0.30078125 0.537109375 0.0234375 0.03515625
0 0.31796875 0.603515625 0.0234375 0.03515625
0 0.47109375 0.375 0.0234375 0.03515625
0 0.32578125 0.4296875 0.0234375 0.03515625
0 0.33828125 0.376953125 0.0234375 0.03515625
0 0.42265625 0.2958984375 0.0234375 0.037109375
0 0.46328125 0.55078125 0.0234375 0.03515625
0 0.37734375 0.630859375 0.0234375 0.03515625
0 0.28359375 0.470703125 0.0234375 0.03515625
0 0.53203125 0.400390625 0.0234375 0.03515625
0 0.38515625 0.455078125 0.0234375 0.03515625
0 0.41953125 0.58984375 0.0234375 0.03515625
0 0.50703125 0.509765625 0.0234375 0.03515625
0 0.42734375 0.416015625 0.0234375 0.03515625
0 0.39765625 0.4033203125 0.0234375 0.037109375
0 0.37265625 0.5107421875 0.0234375 0.037109375
0 0.45390625 0.306640625 0.0234375 0.03515625
0 0.37734375 0.216796875 0.0234375 0.03515625
0 0.55703125 0.591796875 0.0234375 0.03515625
0 0.296875 0.41796875 0.021875 0.03515625
0 0.51484375 0.33203125 0.0234375 0.03515625
0 0.48828125 0.44140625 0.0234375 0.03515625
0 0.35078125 0.322265625 0.0234375 0.03515625
0 0.54453125 0.3466796875 0.0234375 0.037109375
0 0.27109375 0.5244140625 0.0203125 0.037109375
0 0.45703125 0.4287109375 0.0234375 0.037109375
0 0.44453125 0.482421875 0.0234375 0.03515625
0 0.49765625 0.265625 0.0234375 0.03515625
0 0.31328125 0.484375 0.0234375 0.03515625
0 0.55859375 0.291015625 0.0234375 0.03515625
0 0.43984375 0.3623046875 0.0234375 0.037109375
0 0.34765625 0.6181640625 0.0234375 0.037109375
0 0.28828125 0.5908203125 0.0234375 0.037109375
0 0.26796875 0.404296875 0.0234375 0.03515625
0 0.53125 0.703125 0.028125 0.04296875
0 0.34765625 0.205078125 0.0234375 0.03515625
0 0.59609375 0.427734375 0.0234375 0.03515625
0 0.41484375 0.4697265625 0.0234375 0.037109375
0 0.52734375 0.279296875 0.0234375 0.0390625
0 0.24296875 0.51171875 0.0234375 0.03515625
0 0.38984375 0.578125 0.0234375 0.03515625
0 0.3640625 0.2705078125 0.025 0.037109375
0 0.48359375 0.3212890625 0.0234375 0.037109375
0 0.43671875 0.240234375 0.0234375 0.03515625
0 0.5015625 0.388671875 0.025 0.0390625
0 0.30859375 0.365234375 0.0234375 0.03515625
0 0.53671875 0.5244140625 0.0234375 0.037109375
0 0.51875 0.4560546875 0.025 0.037109375
0 0.56953125 0.537109375 0.0234375 0.03515625
0 0.29296875 0.298828125 0.0234375 0.03515625
0 0.43203125 0.5380859375 0.0234375 0.037109375
0 0.4078125 0.6455078125 0.025 0.037109375
0 0.39296875 0.28125 0.0234375 0.03515625
0 0.23125 0.564453125 0.025 0.0390625
0 0.47578125 0.4970703125 0.0234375 0.037109375
0 0.25546875 0.458984375 0.0265625 0.0390625
0 0.44921875 0.60546875 0.0234375 0.0390625
0 0.34296875 0.49609375 0.0234375 0.03515625
0 0.62265625 0.31640625 0.0234375 0.03515625
0 0.28046875 0.3515625 0.0234375 0.03515625
0 0.51171875 0.6337890625 0.0234375 0.037109375
0 0.58203125 0.482421875 0.0234375 0.03515625
0 0.54453125 0.646484375 0.0234375 0.03515625
0 0.41015625 0.34765625 0.0234375 0.03515625
0 0.38046875 0.3369140625 0.0234375 0.037109375
0 0.30625 0.24609375 0.025 0.03515625
0 0.36796875 0.388671875 0.0234375 0.03515625
0 0.33046875 0.5517578125 0.0234375 0.037109375
0 0.5640625 0.4150390625 0.025 0.037109375
0 0.33515625 0.2578125 0.0234375 0.03515625
0 0.3546875 0.4443359375 0.025 0.037109375
0 0.60859375 0.3740234375 0.0265625 0.041015625
0 0.40703125 0.2294921875 0.0234375 0.037109375
0 0.49375 0.5654296875 0.025 0.037109375
0 0.58984375 0.3046875 0.0234375 0.0390625
0 0.46875 0.673828125 0.025 0.0390625
0 0.46640625 0.25390625 0.0234375 0.0390625
0 0.31796875 0.19140625 0.0234375 0.03515625
