0 0.76953125 0.474609375 0.0421875 0.0546875
0 0.7453125 0.390625 0.04375 0.0546875
0 0.50078125 0.59765625 0.0421875 0.0546875
0 0.5921875 0.6513671875 0.04375 0.052734375
0 0.65390625 0.3388671875 0.0421875 0.052734375
0 0.5390625 0.203125 0.04375 0.0546875
0 0.47890625 0.5126953125 0.0421875 0.052734375
0 0.3875 0.4609375 0.04375 0.0546875
0 0.44609375 0.1484375 0.0421875 0.0546875
0 0.70234375 0.5068359375 0.0421875 0.052734375
0 0.5625 0.287109375 0.04375 0.0546875
0 0.41171875 0.54296875 0.0421875 0.0546875
0 0.29609375 0.4072265625 0.0421875 0.052734375
0 0.678125 0.4228515625 0.04375 0.052734375
0 0.79375 0.560546875 0.04375 0.0546875
0 0.8125 0.3603515625 0.04375 0.052734375
0 0.6296875 0.25390625 0.04375 0.0546875
0 0.51328125 0.119140625 0.0421875 0.0546875
0 0.72109375 0.306640625 0.0421875 0.0546875
0 0.56796875 0.56640625 0.0421875 0.0546875
0 0.4046875 0.2626953125 0.04375 0.052734375
0 0.4546875 0.431640625 0.04375 0.0546875
0 0.77109375 0.6162109375 0.0421875 0.052734375
0 0.36328125 0.376953125 0.0421875 0.0546875
0 0.54375 0.482421875 0.04375 0.0546875
0 0.56640625 0.4267578125 0.0421875 0.052734375
0 0.83671875 0.4443359375 0.0421875 0.052734375
0 0.36015625 0.2373046875 0.0421875 0.052734375
0 0.3203125 0.4912109375 0.04375 0.052734375
0 0.471875 0.232421875 0.04375 0.0546875
0 0.49609375 0.31640625 0.0421875 0.0546875
0 0.659375 0.62109375 0.04375 0.0546875
0 0.6953125 0.224609375 0.04375 0.0546875
0 0.38046875 0.181640625 0.0421875 0.0546875
0 0.60390625 0.169921875 0.0421875 0.0546875
0 0.6109375 0.453125 0.04375 0.0546875
0 0.68359375 0.705078125 0.0421875 0.0546875
0 0.6796875 0.5625 0.04375 0.0546875
0 0.7265625 0.5908203125 0.04375 0.052734375
0 0.7484375 0.5322265625 0.04375 0.052734375
0 0.63203125 0.396484375 0.0421875 0.0546875
0 0.38359375 0.3212890625 0.0421875 0.052734375
0 0.63515625 0.537109375 0.0421875 0.0546875
0 0.421875 0.06640625 0.04375 0.0546875
0 0.765625 0.333984375 0.04375 0.0546875
0 0.45625 0.5712890625 0.04375 0.052734375
0 0.6078125 0.3125 0.04375 0.0546875
0 0.42890625 0.34765625 0.0421875 0.0546875
0 0.5421875 0.3427734375 0.04375 0.052734375
0 0.590625 0.5107421875 0.04375 0.052734375
0 0.70390625 0.6484375 0.0421875 0.0546875
0 0.75078125 0.6748046875 0.0421875 0.052734375
0 0.4921875 0.1767578125 0.04375 0.052734375
0 0.46640625 0.0927734375 0.0421875 0.052734375
0 0.475 0.373046875 0.04375 0.0546875
0 0.4078125 0.4033203125 0.04375 0.052734375
0 0.8796875 0.328125 0.04375 0.0546875
0 0.78671875 0.2763671875 0.0421875 0.052734375
0 0.45078125 0.291015625 0.0421875 0.0546875
0 0.728125 0.732421875 0.04375 0.0546875
0 0.3421875 0.43359375 0.04375 0.0546875
0 0.425 0.20703125 0.04375 0.0546875
0 0.65625 0.478515625 0.04375 0.0546875
0 0.58671875 0.369140625 0.0421875 0.0546875
0 0.69921875 0.3642578125 0.0421875 0.052734375
0 0.61484375 0.5927734375 0.0421875 0.052734375
0 0.3390625 0.294921875 0.04375 0.0546875
0 0.815625 0.501953125 0.04375 0.0546875
0 0.63671875 0.6787109375 0.0421875 0.052734375
0 0.40078125 0.123046875 0.0421875 0.0546875
0 0.65078125 0.1962890625 0.0421875 0.052734375
0 0.49921875 0.45703125 0.0421875 0.0546875
0 0.559375 0.14453125 0.04375 0.0546875
0 0.54765625 0.623046875 0.0421875 0.0546875
0 0.5234375 0.541015625 0.04375 0.0546875
0 0.51953125 0.3984375 0.0421875 0.0546875
0 0.3171875 0.3515625 0.04375 0.0546875
0 0.85703125 0.3857421875 0.0421875 0.052734375
0 0.8328125 0.3017578125 0.04375 0.052734375
0 0.675 0.2802734375 0.04375 0.052734375
0 0.7421875 0.25 0.04375 0.0546875
0 0.2734375 0.4658203125 0.04375 0.052734375
0 0.36484375 0.517578125 0.0421875 0.0546875
0 0.72265625 0.4482421875 0.0421875 0.052734375
0 0.51640625 0.2587890625 0.0421875 0.052734375
0 0.43203125 0.4873046875 0.0421875 0.052734375
0 0.78984375 0.41796875 0.0421875 0.0546875
0 0.58359375 0.228515625 0.0421875 0.0546875
