0 0.25390625 0.5634765625 0.0515625 0.052734375
0 0.4390625 0.5595703125 0.05 0.052734375
0 0.58359375 0.443359375 0.0515625 0.05078125
0 0.36953125 0.70703125 0.0515625 0.05078125
0 0.29453125 0.673828125 0.0515625 0.05078125
0 0.6671875 0.666015625 0.05 0.05078125
0 0.51484375 0.5947265625 0.0515625 0.052734375
0 0.17890625 0.5283203125 0.0515625 0.052734375
0 0.26171875 0.7470703125 0.0515625 0.052734375
0 0.52109375 0.7783203125 0.0515625 0.052734375
0 0.3640625 0.5244140625 0.05 0.052734375
0 0.37578125 0.892578125 0.0515625 0.05078125
0 0.63046875 0.7412109375 0.0515625 0.052734375
0 0.71640625 0.4580078125 0.0515625 0.052734375
0 0.54921875 0.5185546875 0.0515625 0.052734375
0 0.58984375 0.6298828125 0.0515625 0.052734375
0 0.50859375 0.408203125 0.0515625 0.05078125
0 0.24609375 0.8759765625 0.0515625 0.052734375
0 0.77734375 0.6240234375 0.0515625 0.052734375
0 0.33515625 0.7822265625 0.0515625 0.052734375
0 0.16640625 0.6572265625 0.0515625 0.052734375
0 0.659375 0.478515625 0.05 0.05078125
0 0.61796875 0.3662109375 0.0515625 0.052734375
0 0.4046875 0.6328125 0.05 0.05078125
0 0.73671875 0.513671875 0.0515625 0.05078125
0 0.61015625 0.6845703125 0.0515625 0.052734375
0 0.65078125 0.794921875 0.0515625 0.05078125
0 0.3984375 0.44921875 0.05 0.05078125
0 0.30859375 0.54296875 0.0515625 0.05078125
0 0.62421875 0.5537109375 0.0515625 0.052734375
0 0.70234375 0.5888671875 0.0515625 0.052734375
0 0.38984375 0.763671875 0.0515625 0.05078125
0 0.23359375 0.5078125 0.0515625 0.05078125
0 0.32890625 0.599609375 0.0515625 0.05078125
0 0.59609375 0.8134765625 0.0515625 0.052734375
0 0.57578125 0.7587890625 0.0515625 0.052734375
0 0.55546875 0.705078125 0.0515625 0.05078125
0 0.24140625 0.6923828125 0.0515625 0.052734375
0 0.74296875 0.701171875 0.0515625 0.05078125
0 0.72265625 0.6455078125 0.0515625 0.052734375
0 0.1234375 0.5478515625 0.05 0.052734375
0 0.4109375 0.8173828125 0.05 0.052734375
0 0.69609375 0.4013671875 0.0515625 0.052734375
0 0.225 0.8212890625 0.05 0.052734375
0 0.56953125 0.57421875 0.0515625 0.05078125
0 0.79765625 0.6806640625 0.0515625 0.052734375
0 0.47421875 0.4833984375 0.0515625 0.052734375
0 0.30078125 0.857421875 0.0515625 0.05078125
0 0.28828125 0.4892578125 0.0515625 0.052734375
0 0.453125 0.4287109375 0.05 0.052734375
0 0.4453125 0.7431640625 0.05 0.052734375
0 0.70625 0.7763671875 0.05 0.052734375
0 0.31484375 0.728515625 0.0515625 0.05078125
0 0.425 0.6884765625 0.05 0.052734375
0 0.5 0.7236328125 0.05 0.052734375
0 0.64453125 0.609375 0.0515625 0.05078125
0 0.60390625 0.4990234375 0.0515625 0.052734375
0 0.18671875 0.7119140625 0.0515625 0.052734375
0 0.14375 0.603515625 0.05 0.05078125
0 0.4859375 0.8525390625 0.05 0.052734375
0 0.41875 0.50390625 0.05 0.05078125
0 0.53515625 0.6494140625 0.0515625 0.052734375
0 0.6734375 0.345703125 0.05 0.05078125
0 0.384375 0.578125 0.05 0.05078125
0 0.81796875 0.736328125 0.0515625 0.05078125
0 0.34375 0.4677734375 0.05 0.052734375
0 0.459375 0.6142578125 0.05 0.052734375
0 0.68125 0.53515625 0.05 0.05078125
0 0.465625 0.798828125 0.05 0.05078125
0 0.35546875 0.8359375 0.0515625 0.05078125
0 0.6390625 0.4228515625 0.05 0.052734375
0 0.34921875 0.6533203125 0.0515625 0.052734375
0 0.43125 0.8720703125 0.05 0.052734375
0 0.21953125 0.638671875 0.0515625 0.05078125
0 0.76328125 0.7548828125 0.0515625 0.052734375
0 0.32109375 0.9111328125 0.0515625 0.052734375
0 0.68515625 0.7197265625 0.0515625 0.052734375
0 0.52890625 0.4638671875 0.0515625 0.052734375
0 0.2046875 0.767578125 0.05 0.05078125
0 0.49453125 0.5390625 0.0515625 0.05078125
0 0.19921875 0.5830078125 0.0515625 0.052734375
0 0.4796875 0.66796875 0.05 0.05078125
0 0.75703125 0.5703125 0.0515625 0.05078125
0 0.27578125 0.6181640625 0.0515625 0.052734375
0 0.26640625 0.9296875 0.0515625 0.05078125
0 0.28046875 0.80078125 0.0515625 0.05078125
0 0.56328125 0.3876953125 0.0515625 0.052734375
0 0.54140625 0.833984375 0.0515625 0.05078125
