0 0.63984375 0.5341796875 0.0390625 0.048828125
0 0.47734375 0.3759765625 0.0390625 0.048828125
0 0.56328125 0.1435546875 0.0390625 0.048828125
0 0.38828125 0.6103515625 0.0390625 0.048828125
0 0.59140625 0.3154296875 0.0390625 0.048828125
0 0.45078125 0.2060546875 0.0390625 0.048828125
0 0.61171875 0.3642578125 0.0390625 0.048828125
0 0.36328125 0.4384765625 0.0390625 0.048828125
0 0.44921875 0.6396484375 0.0390625 0.048828125
0 0.50546875 0.5458984375 0.0390625 0.048828125
0 0.36796875 0.5595703125 0.0390625 0.048828125
0 0.38515625 0.4873046875 0.0390625 0.048828125
0 0.20078125 0.3974609375 0.0390625 0.048828125
0 0.48828125 0.1865234375 0.0390625 0.048828125
0 0.41171875 0.6611328125 0.0390625 0.048828125
0 0.30390625 0.4091796875 0.0390625 0.048828125
0 0.67734375 0.5126953125 0.0390625 0.048828125
0 0.41328125 0.2275390625 0.0390625 0.048828125
0 0.33671875 0.2646484375 0.0390625 0.048828125
0 0.43984375 0.3974609375 0.0390625 0.048828125
0 0.64921875 0.3408203125 0.0390625 0.048828125
0 0.26015625 0.3076171875 0.0390625 0.048828125
0 0.51640625 0.3525390625 0.0390625 0.048828125
0 0.42421875 0.4677734375 0.0390625 0.048828125
0 0.71328125 0.4912109375 0.0390625 0.048828125
0 0.53671875 0.4052734375 0.0390625 0.048828125
0 0.28984375 0.6025390625 0.0390625 0.048828125
0 0.32890625 0.5810546875 0.0390625 0.048828125
0 0.24296875 0.3759765625 0.0390625 0.048828125
0 0.52109375 0.4755859375 0.0390625 0.048828125
0 0.46640625 0.5673828125 0.0390625 0.048828125
0 0.22421875 0.4521484375 0.0390625 0.048828125
0 0.57421875 0.3837890625 0.0390625 0.048828125
0 0.49453125 0.3037109375 0.0390625 0.048828125
0 0.52578125 0.5966796875 0.0390625 0.048828125
0 0.32421875 0.4599609375 0.0390625 0.048828125
0 0.56328125 0.5751953125 0.0390625 0.048828125
0 0.58046875 0.5048828125 0.0390625 0.048828125
0 0.28515625 0.4814453125 0.0390625 0.048828125
0 0.29921875 0.2861328125 0.0390625 0.048828125
0 0.34140625 0.3876953125 0.0390625 0.048828125
0 0.65546875 0.4619140625 0.0390625 0.048828125
0 0.49921875 0.4248046875 0.0390625 0.048828125
0 0.46171875 0.4462890625 0.0390625 0.048828125
0 0.26796875 0.5498046875 0.0390625 0.048828125
0 0.37578125 0.2470703125 0.0390625 0.048828125
0 0.51015625 0.2373046875 0.0390625 0.048828125
0 0.35859375 0.3173828125 0.0390625 0.048828125
0 0.40234375 0.4169921875 0.0390625 0.048828125
0 0.60234375 0.5537109375 0.0390625 0.048828125
0 0.55234375 0.3349609375 0.0390625 0.048828125
0 0.43515625 0.2763671875 0.0390625 0.048828125
0 0.48828125 0.6181640625 0.0390625 0.048828125
0 0.18046875 0.3466796875 0.0390625 0.048828125
0 0.42734375 0.5888671875 0.0390625 0.048828125
0 0.35078125 0.6318359375 0.0390625 0.048828125
0 0.26328125 0.4306640625 0.0390625 0.048828125
0 0.56953125 0.2626953125 0.0390625 0.048828125
0 0.60703125 0.2431640625 0.0390625 0.048828125
0 0.53046875 0.2861328125 0.0390625 0.048828125
0 0.62734375 0.2939453125 0.0390625 0.048828125
0 0.38046875 0.3681640625 0.0390625 0.048828125
0 0.69140625 0.4423828125 0.0390625 0.048828125
0 0.47265625 0.2529296875 0.0390625 0.048828125
0 0.31171875 0.6552734375 0.0390625 0.048828125
0 0.40703125 0.5380859375 0.0390625 0.048828125
0 0.28203125 0.3583984375 0.0390625 0.048828125
0 0.30703125 0.5302734375 0.0390625 0.048828125
0 0.22109375 0.3271484375 0.0390625 0.048828125
0 0.52578125 0.1650390625 0.0390625 0.048828125
0 0.44453125 0.5166015625 0.0390625 0.048828125
0 0.58515625 0.1943359375 0.0390625 0.048828125
0 0.48359375 0.4970703125 0.0390625 0.048828125
0 0.63359375 0.4130859375 0.0390625 0.048828125
0 0.41796875 0.3466796875 0.0390625 0.048828125
0 0.55859375 0.4541015625 0.0390625 0.048828125
0 0.59609375 0.4345703125 0.0390625 0.048828125
0 0.66953125 0.3935546875 0.0390625 0.048828125
0 0.45703125 0.3271484375 0.0390625 0.048828125
0 0.24609375 0.5009765625 0.0390625 0.048828125
0 0.54296875 0.5244140625 0.0390625 0.048828125
0 0.61796875 0.4833984375 0.0390625 0.048828125
0 0.34609375 0.5087890625 0.0390625 0.048828125
0 0.39765625 0.2958984375 0.0390625 0.048828125
0 0.54765625 0.2138671875 0.0390625 0.048828125
0 0.31953125 0.3349609375 0.0390625 0.048828125
0 0.33203125 0.7041015625 0.0390625 0.048828125
0 0.37109375 0.6806640625 0.0390625 0.048828125
