0 0.7171875 0.5791015625 0.053125 0.068359375
0 0.68671875 0.46875 0.0546875 0.0703125
0 0.38046875 0.73828125 0.0546875 0.0703125
0 0.49453125 0.80859375 0.0546875 0.0703125
0 0.57265625 0.40234375 0.0546875 0.0703125
0 0.428125 0.224609375 0.053125 0.0703125
0 0.35234375 0.62890625 0.0546875 0.0703125
0 0.23828125 0.5625 0.0546875 0.0703125
0 0.31171875 0.154296875 0.0546875 0.0703125
0 0.6328125 0.62109375 0.053125 0.0703125
0 0.45859375 0.333984375 0.0546875 0.0703125
0 0.26796875 0.6689453125 0.0546875 0.068359375
0 0.1234375 0.4921875 0.053125 0.0703125
0 0.603125 0.51171875 0.053125 0.0703125
0 0.74765625 0.69140625 0.0546875 0.0703125
0 0.77109375 0.4296875 0.0546875 0.0703125
0 0.5421875 0.29296875 0.053125 0.0703125
0 0.3953125 0.115234375 0.053125 0.0703125
0 0.65703125 0.359375 0.0546875 0.0703125
0 0.46484375 0.69921875 0.0546875 0.0703125
0 0.259375 0.3046875 0.053125 0.0703125
0 0.321875 0.5234375 0.053125 0.0703125
0 0.71953125 0.763671875 0.0546875 0.0703125
0 0.2078125 0.453125 0.053125 0.0703125
0 0.434375 0.58984375 0.053125 0.0703125
0 0.4625 0.517578125 0.053125 0.0703125
0 0.8015625 0.5390625 0.053125 0.0703125
0 0.203125 0.26953125 0.053125 0.0703125
0 0.15390625 0.6015625 0.0546875 0.0703125
0 0.34375 0.263671875 0.053125 0.0703125
0 0.37421875 0.3740234375 0.0546875 0.068359375
0 0.57890625 0.76953125 0.0546875 0.0703125
0 0.62421875 0.25390625 0.0546875 0.0703125
0 0.22890625 0.197265625 0.0546875 0.0703125
0 0.51015625 0.18359375 0.0546875 0.0703125
0 0.51875 0.55078125 0.053125 0.0703125
0 0.609375 0.87890625 0.053125 0.0703125
0 0.60546875 0.693359375 0.0546875 0.0703125
0 0.66328125 0.73046875 0.0546875 0.0703125
0 0.69140625 0.654296875 0.0546875 0.0703125
0 0.54453125 0.478515625 0.0546875 0.0703125
0 0.23359375 0.37890625 0.0546875 0.0703125
0 0.54921875 0.66015625 0.0546875 0.0703125
0 0.28125 0.048828125 0.053125 0.0703125
0 0.71328125 0.396484375 0.0546875 0.0703125
0 0.32421875 0.705078125 0.0546875 0.0703125
0 0.5140625 0.369140625 0.053125 0.0703125
0 0.28984375 0.4140625 0.0546875 0.0703125
0 0.43203125 0.408203125 0.0546875 0.0703125
0 0.49296875 0.626953125 0.0546875 0.0703125
0 0.63515625 0.806640625 0.0546875 0.0703125
0 0.69375 0.83984375 0.053125 0.0703125
0 0.36953125 0.19140625 0.0546875 0.0703125
0 0.3375 0.08203125 0.053125 0.0703125
0 0.34765625 0.447265625 0.0546875 0.0703125
0 0.2640625 0.486328125 0.053125 0.0703125
0 0.85546875 0.388671875 0.0546875 0.0703125
0 0.7390625 0.3203125 0.053125 0.0703125
0 0.31796875 0.33984375 0.0546875 0.0703125
0 0.665625 0.916015625 0.053125 0.0703125
0 0.18203125 0.525390625 0.0546875 0.0703125
0 0.28515625 0.23046875 0.0546875 0.0703125
0 0.575 0.583984375 0.053125 0.0703125
0 0.48828125 0.44140625 0.0546875 0.0703125
0 0.62890625 0.435546875 0.0546875 0.0703125
0 0.52265625 0.734375 0.0546875 0.0703125
0 0.17734375 0.345703125 0.0546875 0.0703125
0 0.77578125 0.615234375 0.0546875 0.0703125
0 0.55078125 0.845703125 0.0546875 0.0703125
0 0.25546875 0.12109375 0.0546875 0.0703125
0 0.56796875 0.216796875 0.0546875 0.0703125
0 0.378125 0.556640625 0.053125 0.0703125
0 0.45390625 0.1484375 0.0546875 0.0703125
0 0.4390625 0.7734375 0.053125 0.0703125
0 0.40859375 0.666015625 0.0546875 0.0703125
0 0.40390625 0.48046875 0.0546875 0.0703125
0 0.14921875 0.4189453125 0.0546875 0.068359375
0 0.82734375 0.46484375 0.0546875 0.0703125
0 0.79765625 0.353515625 0.0546875 0.0703125
0 0.5984375 0.326171875 0.053125 0.0703125
0 0.6828125 0.287109375 0.053125 0.0703125
0 0.0953125 0.568359375 0.053125 0.0703125
0 0.21015625 0.634765625 0.0546875 0.0703125
0 0.659375 0.544921875 0.053125 0.0703125
0 0.4 0.298828125 0.053125 0.0703125
0 0.29375 0.595703125 0.053125 0.0703125
0 0.74296875 0.505859375 0.0546875 0.0703125
0 0.484375 0.259765625 0.053125 0.0703125
