0 0.4109375 0.705078125 0.040625 0.05078125
0 0.5015625 0.599609375 0.040625 0.05078125
0 0.5015625 0.4921875 0.040625 0.05078125
0 0.275 0.642578125 0.040625 0.05078125
0 0.3671875 0.4287109375 0.04375 0.048828125
0 0.321875 0.5341796875 0.040625 0.048828125
0 0.634375 0.5517578125 0.040625 0.048828125
0 0.18671875 0.474609375 0.0390625 0.05078125
0 0.5015625 0.3828125 0.040625 0.05078125
0 0.365625 0.5390625 0.040625 0.05078125
0 0.36953125 0.3203125 0.0421875 0.05078125
0 0.634375 0.3359375 0.040625 0.05078125
0 0.3234375 0.318359375 0.040625 0.05078125
0 0.5015625 0.7099609375 0.040625 0.048828125
0 0.32109375 0.64453125 0.0421875 0.05078125
0 0.3234375 0.42578125 0.040625 0.05078125
0 0.23359375 0.3662109375 0.0421875 0.052734375
0 0.4109375 0.5947265625 0.040625 0.048828125
0 0.634375 0.662109375 0.040625 0.05078125
0 0.54453125 0.6015625 0.0421875 0.05078125
0 0.275 0.697265625 0.040625 0.05078125
0 0.634375 0.443359375 0.040625 0.05078125
0 0.23125 0.4755859375 0.040625 0.052734375
0 0.27890625 0.423828125 0.0421875 0.05078125
0 0.27578125 0.53125 0.0421875 0.05078125
0 0.5453125 0.494140625 0.040625 0.05078125
0 0.634375 0.7177734375 0.040625 0.048828125
0 0.41171875 0.5400390625 0.0421875 0.052734375
0 0.365625 0.6474609375 0.040625 0.048828125
0 0.4109375 0.650390625 0.040625 0.05078125
0 0.4125 0.3759765625 0.040625 0.048828125
0 0.5453125 0.6572265625 0.040625 0.048828125
0 0.27578125 0.5869140625 0.0421875 0.048828125
0 0.4125 0.484375 0.040625 0.05078125
0 0.5453125 0.3857421875 0.040625 0.048828125
0 0.5453125 0.712890625 0.040625 0.05078125
0 0.18671875 0.36328125 0.0390625 0.05078125
0 0.5015625 0.328125 0.040625 0.05078125
0 0.3234375 0.37109375 0.040625 0.05078125
0 0.58984375 0.66015625 0.0390625 0.05078125
0 0.5453125 0.330078125 0.040625 0.05078125
0 0.58984375 0.44140625 0.0390625 0.05078125
0 0.184375 0.6943359375 0.040625 0.052734375
0 0.58828125 0.71484375 0.0421875 0.05078125
0 0.5015625 0.5458984375 0.040625 0.052734375
0 0.634375 0.4970703125 0.040625 0.052734375
0 0.27734375 0.4775390625 0.0390625 0.052734375
0 0.45546875 0.70703125 0.0421875 0.05078125
0 0.50234375 0.435546875 0.0421875 0.05078125
0 0.1890625 0.30859375 0.040625 0.05078125
0 0.634375 0.6083984375 0.040625 0.052734375
0 0.23125 0.583984375 0.040625 0.05078125
0 0.5015625 0.654296875 0.040625 0.05078125
0 0.4125 0.431640625 0.040625 0.05078125
0 0.58984375 0.548828125 0.0390625 0.05078125
0 0.365625 0.4814453125 0.040625 0.048828125
0 0.45703125 0.59765625 0.0390625 0.05078125
0 0.321875 0.4794921875 0.040625 0.052734375
0 0.2796875 0.3681640625 0.040625 0.048828125
0 0.184375 0.58203125 0.040625 0.05078125
0 0.58984375 0.49609375 0.0390625 0.05078125
0 0.5453125 0.546875 0.040625 0.05078125
0 0.2796875 0.3154296875 0.040625 0.048828125
0 0.4125 0.3212890625 0.040625 0.052734375
0 0.58984375 0.6044921875 0.0390625 0.048828125
0 0.365625 0.703125 0.040625 0.05078125
0 0.634375 0.3896484375 0.040625 0.052734375
0 0.2296875 0.6953125 0.040625 0.05078125
0 0.45703125 0.380859375 0.0390625 0.05078125
0 0.59140625 0.3876953125 0.0421875 0.052734375
0 0.59140625 0.3330078125 0.0421875 0.048828125
0 0.45703125 0.48828125 0.0390625 0.05078125
0 0.5453125 0.4384765625 0.040625 0.048828125
0 0.321875 0.58984375 0.040625 0.05078125
0 0.18671875 0.416015625 0.0390625 0.05078125
0 0.365625 0.591796875 0.040625 0.05078125
0 0.3671875 0.373046875 0.04375 0.05078125
0 0.18671875 0.52734375 0.0390625 0.05078125
0 0.23125 0.6396484375 0.040625 0.048828125
0 0.32109375 0.7001953125 0.0421875 0.048828125
0 0.184375 0.63671875 0.040625 0.05078125
0 0.23359375 0.310546875 0.0421875 0.05078125
0 0.23203125 0.4208984375 0.0421875 0.048828125
0 0.45703125 0.5439453125 0.0390625 0.052734375
0 0.23125 0.529296875 0.040625 0.05078125
0 0.45703125 0.43359375 0.0390625 0.05078125
0 0.45859375 0.326171875 0.0421875 0.05078125
0 0.45546875 0.6513671875 0.0421875 0.052734375
