0 0.321875 0.6767578125 0.053125 0.068359375
0 0.54609375 0.3671875 0.0546875 0.06640625
0 0.6609375 0.3251953125 0.053125 0.072265625
0 0.69296875 0.7021484375 0.0515625 0.068359375
0 0.43515625 0.4052734375 0.0515625 0.068359375
0 0.58046875 0.7421875 0.0515625 0.06640625
0 0.4328125 0.6396484375 0.053125 0.068359375
0 0.4328125 0.8701171875 0.053125 0.068359375
0 0.32421875 0.9111328125 0.0515625 0.068359375
0 0.2109375 0.7177734375 0.053125 0.068359375
0 0.54453125 0.5986328125 0.0546875 0.068359375
0 0.171875 0.5732421875 0.053125 0.068359375
0 0.321875 0.4462890625 0.053125 0.068359375
0 0.82578125 0.7333984375 0.0515625 0.068359375
0 0.7890625 0.5927734375 0.053125 0.068359375
0 0.678125 0.3974609375 0.053125 0.068359375
0 0.52578125 0.5283203125 0.0515625 0.068359375
0 0.6953125 0.4677734375 0.053125 0.068359375
0 0.28515625 0.76953125 0.0515625 0.06640625
0 0.80703125 0.662109375 0.0546875 0.0703125
0 0.2859375 0.5361328125 0.053125 0.068359375
0 0.41484375 0.7998046875 0.0515625 0.068359375
0 0.24765625 0.3916015625 0.0515625 0.068359375
0 0.5828125 0.5087890625 0.053125 0.068359375
0 0.67578125 0.630859375 0.0515625 0.06640625
0 0.26484375 0.4658203125 0.0515625 0.068359375
0 0.378125 0.4248046875 0.053125 0.068359375
0 0.3609375 0.8212890625 0.053125 0.068359375
0 0.46953125 0.783203125 0.0515625 0.06640625
0 0.52578125 0.7607421875 0.0515625 0.068359375
0 0.64296875 0.255859375 0.0515625 0.06640625
0 0.65859375 0.5595703125 0.0515625 0.068359375
0 0.2109375 0.4833984375 0.053125 0.068359375
0 0.41484375 0.568359375 0.0515625 0.06640625
0 0.30390625 0.8408203125 0.0515625 0.068359375
0 0.46953125 0.5498046875 0.0515625 0.068359375
0 0.54453125 0.83203125 0.0546875 0.06640625
0 0.7328125 0.6123046875 0.053125 0.068359375
0 0.48984375 0.3857421875 0.0546875 0.068359375
0 0.15390625 0.505859375 0.0515625 0.06640625
0 0.26484375 0.6982421875 0.0515625 0.068359375
0 0.48984375 0.6201171875 0.0546875 0.068359375
0 0.6390625 0.4892578125 0.053125 0.068359375
0 0.63671875 0.7236328125 0.0515625 0.068359375
0 0.528125 0.2939453125 0.053125 0.068359375
0 0.45234375 0.7119140625 0.0515625 0.068359375
0 0.71328125 0.7744140625 0.0515625 0.068359375
0 0.771875 0.5224609375 0.053125 0.068359375
0 0.603125 0.345703125 0.053125 0.06640625
0 0.37578125 0.658203125 0.0515625 0.06640625
0 0.39765625 0.4970703125 0.0515625 0.068359375
0 0.60078125 0.8134765625 0.0546875 0.068359375
0 0.22890625 0.5576171875 0.0546875 0.068359375
0 0.56328125 0.6689453125 0.0515625 0.068359375
0 0.73515625 0.3779296875 0.0515625 0.068359375
0 0.471875 0.3154296875 0.053125 0.068359375
0 0.76953125 0.7529296875 0.0515625 0.068359375
0 0.71484375 0.5380859375 0.0515625 0.068359375
0 0.7 0.2333984375 0.053125 0.068359375
0 0.39453125 0.728515625 0.0546875 0.06640625
0 0.4171875 0.33203125 0.053125 0.06640625
0 0.45234375 0.4755859375 0.0515625 0.068359375
0 0.56484375 0.4384765625 0.0515625 0.068359375
0 0.58515625 0.2744140625 0.0515625 0.068359375
0 0.35859375 0.5869140625 0.0515625 0.068359375
0 0.50859375 0.6904296875 0.0515625 0.068359375
0 0.19296875 0.4130859375 0.0515625 0.068359375
0 0.65546875 0.791015625 0.0546875 0.06640625
0 0.1921875 0.6474609375 0.053125 0.068359375
0 0.13671875 0.4326171875 0.0515625 0.068359375
0 0.228125 0.7880859375 0.053125 0.068359375
0 0.3609375 0.353515625 0.053125 0.06640625
0 0.61953125 0.6533203125 0.0515625 0.068359375
0 0.2671875 0.9296875 0.053125 0.06640625
0 0.33984375 0.5166015625 0.0546875 0.068359375
0 0.30390625 0.3759765625 0.0515625 0.068359375
0 0.60078125 0.5791015625 0.0546875 0.068359375
0 0.4890625 0.8505859375 0.053125 0.068359375
0 0.50859375 0.45703125 0.0515625 0.06640625
0 0.30234375 0.6064453125 0.0515625 0.068359375
0 0.7171875 0.3046875 0.053125 0.06640625
0 0.75078125 0.6826171875 0.0546875 0.068359375
0 0.24765625 0.6279296875 0.0515625 0.068359375
0 0.33984375 0.7509765625 0.0546875 0.068359375
0 0.621875 0.4189453125 0.053125 0.068359375
0 0.378125 0.8916015625 0.053125 0.068359375
0 0.753125 0.4521484375 0.053125 0.068359375
0 0.24921875 0.8583984375 0.0546875 0.068359375
