0 0.71171875 0.4677734375 0.0390625 0.048828125
0 0.38828125 0.4345703125 0.0390625 0.048828125
0 0.73515625 0.5126953125 0.0390625 0.048828125
0 0.31015625 0.4814453125 0.0390625 0.048828125
0 0.57265625 0.4951171875 0.0390625 0.048828125
0 0.27421875 0.6201171875 0.0390625 0.048828125
0 0.43828125 0.6376953125 0.0390625 0.048828125
0 0.64921875 0.4482421875 0.0390625 0.048828125
0 0.57265625 0.2021484375 0.0390625 0.048828125
0 0.44921875 0.4541015625 0.0390625 0.048828125
0 0.37109375 0.5029296875 0.0390625 0.048828125
0 0.59609375 0.2470703125 0.0390625 0.048828125
0 0.18671875 0.4443359375 0.0390625 0.048828125
0 0.24765625 0.4619140625 0.0390625 0.048828125
0 0.33671875 0.6416015625 0.0390625 0.048828125
0 0.54921875 0.4501953125 0.0390625 0.048828125
0 0.39765625 0.6611328125 0.0390625 0.048828125
0 0.47109375 0.4990234375 0.0390625 0.048828125
0 0.51015625 0.4736328125 0.0390625 0.048828125
0 0.25234375 0.5751953125 0.0390625 0.048828125
0 0.49765625 0.2509765625 0.0390625 0.048828125
0 0.50390625 0.3623046875 0.0390625 0.048828125
0 0.57890625 0.6103515625 0.0390625 0.048828125
0 0.46015625 0.6826171875 0.0390625 0.048828125
0 0.53828125 0.6337890625 0.0390625 0.048828125
0 0.55859375 0.2705078125 0.0390625 0.048828125
0 0.28671875 0.4384765625 0.0390625 0.048828125
0 0.40390625 0.3662109375 0.0390625 0.048828125
0 0.41015625 0.4775390625 0.0390625 0.048828125
0 0.31328125 0.5966796875 0.0390625 0.048828125
0 0.45546875 0.5673828125 0.0390625 0.048828125
0 0.53359375 0.5185546875 0.0390625 0.048828125
0 0.22578125 0.4189453125 0.0390625 0.048828125
0 0.63359375 0.5166015625 0.0390625 0.048828125
0 0.42734375 0.4111328125 0.0390625 0.048828125
0 0.58046875 0.3154296875 0.0390625 0.048828125
0 0.42109375 0.2978515625 0.0390625 0.048828125
0 0.49921875 0.6572265625 0.0390625 0.048828125
0 0.37578125 0.6162109375 0.0390625 0.048828125
0 0.26484375 0.3955078125 0.0390625 0.048828125
0 0.41484375 0.5908203125 0.0390625 0.048828125
0 0.26953125 0.5068359375 0.0390625 0.048828125
0 0.38203125 0.3232421875 0.0390625 0.048828125
0 0.69609375 0.5380859375 0.0390625 0.048828125
0 0.31796875 0.7119140625 0.0390625 0.048828125
0 0.29140625 0.5517578125 0.0390625 0.048828125
0 0.65703125 0.5615234375 0.0390625 0.048828125
0 0.35390625 0.5712890625 0.0390625 0.048828125
0 0.67265625 0.4931640625 0.0390625 0.048828125
0 0.45859375 0.2744140625 0.0390625 0.048828125
0 0.61796875 0.5849609375 0.0390625 0.048828125
0 0.20859375 0.4873046875 0.0390625 0.048828125
0 0.48203125 0.3193359375 0.0390625 0.048828125
0 0.58828125 0.4267578125 0.0390625 0.048828125
0 0.48828125 0.4306640625 0.0390625 0.048828125
0 0.34921875 0.4580078125 0.0390625 0.048828125
0 0.62734375 0.4033203125 0.0390625 0.048828125
0 0.68828125 0.4228515625 0.0390625 0.048828125
0 0.35859375 0.6865234375 0.0390625 0.048828125
0 0.29609375 0.6650390625 0.0390625 0.048828125
0 0.61171875 0.4716796875 0.0390625 0.048828125
0 0.49453125 0.5439453125 0.0390625 0.048828125
0 0.41953125 0.7080078125 0.0390625 0.048828125
0 0.34140625 0.7568359375 0.0390625 0.048828125
0 0.32578125 0.4130859375 0.0390625 0.048828125
0 0.38046875 0.7314453125 0.0390625 0.048828125
0 0.53515625 0.2275390625 0.0390625 0.048828125
0 0.64296875 0.3349609375 0.0390625 0.048828125
0 0.43203125 0.5224609375 0.0390625 0.048828125
0 0.51953125 0.2939453125 0.0390625 0.048828125
0 0.47734375 0.6123046875 0.0390625 0.048828125
0 0.23046875 0.5302734375 0.0390625 0.048828125
0 0.34296875 0.3466796875 0.0390625 0.048828125
0 0.30390625 0.3701171875 0.0390625 0.048828125
0 0.59453125 0.5400390625 0.0390625 0.048828125
0 0.56484375 0.3818359375 0.0390625 0.048828125
0 0.51640625 0.5888671875 0.0390625 0.048828125
0 0.60390625 0.3583984375 0.0390625 0.048828125
0 0.52734375 0.4072265625 0.0390625 0.048828125
0 0.66484375 0.3779296875 0.0390625 0.048828125
0 0.39296875 0.5478515625 0.0390625 0.048828125
0 0.36640625 0.3916015625 0.0390625 0.048828125
0 0.33203125 0.5263671875 0.0390625 0.048828125
0 0.61953125 0.2900390625 0.0390625 0.048828125
0 0.55546875 0.5634765625 0.0390625 0.048828125
0 0.46640625 0.3857421875 0.0390625 0.048828125
0 0.44296875 0.3427734375 0.0390625 0.048828125
0 0.54296875 0.3388671875 0.0390625 0.048828125
