0 0.4109375 0.53125 0.0375 0.046875
0 0.23125 0.5185546875 0.034375 0.048828125
0 0.184375 0.515625 0.0375 0.046875
0 0.54140625 0.4765625 0.0328125 0.046875
0 0.18046875 0.58203125 0.0359375 0.05078125
0 0.2796875 0.3916015625 0.0375 0.044921875
0 0.2328125 0.38671875 0.034375 0.046875
0 0.4140625 0.337890625 0.034375 0.046875
0 0.496875 0.537109375 0.034375 0.046875
0 0.2796875 0.3251953125 0.0375 0.044921875
0 0.57890625 0.6708984375 0.0359375 0.048828125
0 0.53828125 0.5400390625 0.0328125 0.044921875
0 0.45859375 0.279296875 0.0328125 0.046875
0 0.2359375 0.3203125 0.0375 0.046875
0 0.1796875 0.646484375 0.034375 0.046875
0 0.18984375 0.3173828125 0.0359375 0.048828125
0 0.36484375 0.591796875 0.0359375 0.046875
0 0.4078125 0.5947265625 0.034375 0.044921875
0 0.1390625 0.4443359375 0.0375 0.044921875
0 0.49609375 0.6015625 0.0328125 0.046875
0 0.36640625 0.5283203125 0.0328125 0.044921875
0 0.45078125 0.6630859375 0.0328125 0.044921875
0 0.18671875 0.3837890625 0.0359375 0.048828125
0 0.3703125 0.333984375 0.0375 0.046875
0 0.31875 0.6552734375 0.0375 0.048828125
0 0.4125 0.40234375 0.034375 0.046875
0 0.53671875 0.66796875 0.0328125 0.046875
0 0.13125 0.7109375 0.040625 0.05078125
0 0.31953125 0.58984375 0.0359375 0.046875
0 0.32578125 0.330078125 0.0359375 0.046875
0 0.17734375 0.712890625 0.0390625 0.05078125
0 0.228125 0.583984375 0.0375 0.046875
0 0.32578125 0.265625 0.0359375 0.05078125
0 0.3609375 0.72265625 0.034375 0.05078125
0 0.53828125 0.603515625 0.0328125 0.046875
0 0.27734375 0.4560546875 0.0359375 0.048828125
0 0.14375 0.314453125 0.0375 0.046875
0 0.49765625 0.47265625 0.0328125 0.046875
0 0.5828125 0.541015625 0.034375 0.046875
0 0.14375 0.248046875 0.0375 0.046875
0 0.50078125 0.28125 0.0359375 0.046875
0 0.36171875 0.65625 0.0359375 0.046875
0 0.4109375 0.466796875 0.0375 0.046875
0 0.45859375 0.4052734375 0.0328125 0.044921875
0 0.271875 0.6533203125 0.034375 0.048828125
0 0.2828125 0.26171875 0.034375 0.046875
0 0.13359375 0.64453125 0.0421875 0.05078125
0 0.4578125 0.341796875 0.034375 0.046875
0 0.49453125 0.6650390625 0.0359375 0.044921875
0 0.3203125 0.5234375 0.0375 0.046875
0 0.40625 0.6591796875 0.034375 0.048828125
0 0.57890625 0.734375 0.0359375 0.046875
0 0.27734375 0.5205078125 0.0359375 0.048828125
0 0.190625 0.251953125 0.0375 0.046875
0 0.58515625 0.4169921875 0.0359375 0.048828125
0 0.13671875 0.51171875 0.0390625 0.046875
0 0.45234375 0.5986328125 0.0359375 0.048828125
0 0.321875 0.4599609375 0.034375 0.044921875
0 0.4921875 0.7294921875 0.034375 0.044921875
0 0.3234375 0.3955078125 0.034375 0.048828125
0 0.50078125 0.3466796875 0.0359375 0.044921875
0 0.3703125 0.3984375 0.0375 0.046875
0 0.27421875 0.5869140625 0.0359375 0.048828125
0 0.315625 0.7197265625 0.034375 0.048828125
0 0.5421875 0.412109375 0.034375 0.04296875
0 0.44921875 0.7265625 0.0359375 0.046875
0 0.54375 0.2861328125 0.034375 0.044921875
0 0.58671875 0.353515625 0.0328125 0.046875
0 0.54375 0.349609375 0.034375 0.046875
0 0.22578125 0.650390625 0.0359375 0.05078125
0 0.5828125 0.48046875 0.034375 0.046875
0 0.45546875 0.4697265625 0.0359375 0.044921875
0 0.40390625 0.724609375 0.0359375 0.046875
0 0.184375 0.44921875 0.0375 0.046875
0 0.23203125 0.453125 0.0359375 0.046875
0 0.58203125 0.60546875 0.0359375 0.046875
0 0.453125 0.5341796875 0.034375 0.044921875
0 0.37109375 0.26953125 0.0359375 0.046875
0 0.134375 0.578125 0.040625 0.046875
0 0.3671875 0.4619140625 0.034375 0.044921875
0 0.2234375 0.716796875 0.0375 0.05078125
0 0.2703125 0.71875 0.034375 0.05078125
0 0.4984375 0.4091796875 0.034375 0.044921875
0 0.4140625 0.2734375 0.034375 0.046875
0 0.5359375 0.7314453125 0.034375 0.044921875
0 0.14140625 0.380859375 0.0359375 0.046875
0 0.2359375 0.2578125 0.0375 0.05078125
0 0.58828125 0.291015625 0.0359375 0.046875
