0 0.47734375 0.2197265625 0.0546875 0.052734375
0 0.44296875 0.5166015625 0.0546875 0.052734375
0 0.33984375 0.2236328125 0.0546875 0.052734375
0 0.49765625 0.6123046875 0.0546875 0.052734375
0 0.38984375 0.4267578125 0.0546875 0.052734375
0 0.44609375 0.2841796875 0.0546875 0.052734375
0 0.35703125 0.6142578125 0.0546875 0.052734375
0 0.19453125 0.4521484375 0.0546875 0.052734375
0 0.25234375 0.4287109375 0.0546875 0.052734375
0 0.30703125 0.4052734375 0.0546875 0.052734375
0 0.58203125 0.6357421875 0.0546875 0.052734375
0 0.39609375 0.1982421875 0.0546875 0.052734375
0 0.53046875 0.3095703125 0.0546875 0.052734375
0 0.42265625 0.1279296875 0.0546875 0.052734375
0 0.33671875 0.3349609375 0.0546875 0.052734375
0 0.63984375 0.4912109375 0.0546875 0.052734375
0 0.20234375 0.2255859375 0.0546875 0.052734375
0 0.36640625 0.2685546875 0.0546875 0.052734375
0 0.19921875 0.3369140625 0.0546875 0.052734375
0 0.63984375 0.6103515625 0.0546875 0.052734375
0 0.53203125 0.1962890625 0.0546875 0.052734375
0 0.35234375 0.7333984375 0.0546875 0.052734375
0 0.53046875 0.4248046875 0.0546875 0.052734375
0 0.55859375 0.2392578125 0.0546875 0.052734375
0 0.58515625 0.4013671875 0.0546875 0.052734375
0 0.30078125 0.6376953125 0.0546875 0.052734375
0 0.31328125 0.1787109375 0.0546875 0.052734375
0 0.55546875 0.4697265625 0.0546875 0.052734375
0 0.44609375 0.4033203125 0.0546875 0.052734375
0 0.22578125 0.3818359375 0.0546875 0.052734375
0 0.11640625 0.3173828125 0.0546875 0.052734375
0 0.14765625 0.2490234375 0.0546875 0.052734375
0 0.41796875 0.3564453125 0.0546875 0.052734375
0 0.66953125 0.4228515625 0.0546875 0.052734375
0 0.38828125 0.5419921875 0.0546875 0.052734375
0 0.69609375 0.5869140625 0.0546875 0.052734375
0 0.25703125 0.1982421875 0.0546875 0.052734375
0 0.28515625 0.2470703125 0.0546875 0.052734375
0 0.08984375 0.2724609375 0.0546875 0.052734375
0 0.28046875 0.3583984375 0.0546875 0.052734375
0 0.33046875 0.5673828125 0.0546875 0.052734375
0 0.14296875 0.3603515625 0.0546875 0.052734375
0 0.52734375 0.5400390625 0.0546875 0.052734375
0 0.32578125 0.6865234375 0.0546875 0.052734375
0 0.16953125 0.4052734375 0.0546875 0.052734375
0 0.58515625 0.5166015625 0.0546875 0.052734375
0 0.50390625 0.2607421875 0.0546875 0.052734375
0 0.17265625 0.2939453125 0.0546875 0.052734375
0 0.41171875 0.7080078125 0.0546875 0.052734375
0 0.50078125 0.3779296875 0.0546875 0.052734375
0 0.39140625 0.3115234375 0.0546875 0.052734375
0 0.38359375 0.6611328125 0.0546875 0.052734375
0 0.47265625 0.4482421875 0.0546875 0.052734375
0 0.41328125 0.5888671875 0.0546875 0.052734375
0 0.61328125 0.4443359375 0.0546875 0.052734375
0 0.49921875 0.4931640625 0.0546875 0.052734375
0 0.66796875 0.5380859375 0.0546875 0.052734375
0 0.43984375 0.6357421875 0.0546875 0.052734375
0 0.36796875 0.1552734375 0.0546875 0.052734375
0 0.25390625 0.3134765625 0.0546875 0.052734375
0 0.35859375 0.4951171875 0.0546875 0.052734375
0 0.42265625 0.2431640625 0.0546875 0.052734375
0 0.55390625 0.5869140625 0.0546875 0.052734375
0 0.36328125 0.3798828125 0.0546875 0.052734375
0 0.41640625 0.4716796875 0.0546875 0.052734375
0 0.30390625 0.5185546875 0.0546875 0.052734375
0 0.33359375 0.4501953125 0.0546875 0.052734375
0 0.69609375 0.4638671875 0.0546875 0.052734375
0 0.47109375 0.5654296875 0.0546875 0.052734375
0 0.24765625 0.5439453125 0.0546875 0.052734375
0 0.47578125 0.3330078125 0.0546875 0.052734375
0 0.46796875 0.6845703125 0.0546875 0.052734375
0 0.61484375 0.3291015625 0.0546875 0.052734375
0 0.22734375 0.2705078125 0.0546875 0.052734375
0 0.27890625 0.4755859375 0.0546875 0.052734375
0 0.52578125 0.6591796875 0.0546875 0.052734375
0 0.72421875 0.5146484375 0.0546875 0.052734375
0 0.22109375 0.4970703125 0.0546875 0.052734375
0 0.64140625 0.3759765625 0.0546875 0.052734375
0 0.31171875 0.2919921875 0.0546875 0.052734375
0 0.58671875 0.2861328125 0.0546875 0.052734375
0 0.61015625 0.5634765625 0.0546875 0.052734375
0 0.55859375 0.3544921875 0.0546875 0.052734375
0 0.45078125 0.1748046875 0.0546875 0.052734375
0 0.75234375 0.5615234375 0.0546875 0.052734375
0 0.27421875 0.5908203125 0.0546875 0.052734375
0 0.47890625 0.1064453125 0.0546875 0.052734375
0 0.50390625 0.1494140625 0.0546875 0.052734375
