0 0.5671875 0.5341796875 0.0625 0.052734375
0 0.24921875 0.5771484375 0.0640625 0.052734375
0 0.36171875 0.4423828125 0.0640625 0.052734375
0 0.30546875 0.5107421875 0.0640625 0.052734375
0 0.7359375 0.2705078125 0.0625 0.052734375
0 0.55390625 0.4150390625 0.0640625 0.052734375
0 0.5109375 0.6044921875 0.0625 0.052734375
0 0.74453125 0.3291015625 0.0671875 0.052734375
0 0.44453125 0.611328125 0.0640625 0.0546875
0 0.54921875 0.3564453125 0.0671875 0.052734375
0 0.25390625 0.6357421875 0.0671875 0.052734375
0 0.703125 0.5771484375 0.0625 0.052734375
0 0.2890625 0.3349609375 0.0625 0.052734375
0 0.5015625 0.5439453125 0.0625 0.052734375
0 0.75625 0.4501953125 0.0625 0.056640625
0 0.3125 0.5673828125 0.0625 0.052734375
0 0.815625 0.3818359375 0.0625 0.052734375
0 0.6984375 0.5185546875 0.065625 0.052734375
0 0.63046875 0.5263671875 0.0640625 0.052734375
0 0.478125 0.3076171875 0.0625 0.052734375
0 0.490625 0.4267578125 0.0625 0.052734375
0 0.421875 0.3759765625 0.0625 0.052734375
0 0.2359375 0.4599609375 0.0625 0.052734375
0 0.76953125 0.5673828125 0.0640625 0.052734375
0 0.2328125 0.4013671875 0.0625 0.052734375
0 0.5140625 0.6611328125 0.0625 0.056640625
0 0.3234375 0.6845703125 0.065625 0.052734375
0 0.68671875 0.3994140625 0.0640625 0.052734375
0 0.6765625 0.3408203125 0.0625 0.052734375
0 0.1796875 0.5263671875 0.0625 0.052734375
0 0.2 0.7021484375 0.0625 0.052734375
0 0.4515625 0.669921875 0.0625 0.0546875
0 0.60703125 0.2900390625 0.0640625 0.052734375
0 0.82421875 0.4404296875 0.0671875 0.052734375
0 0.6140625 0.3486328125 0.0625 0.052734375
0 0.63828125 0.5849609375 0.0671875 0.052734375
0 0.36875 0.5009765625 0.0625 0.052734375
0 0.21953125 0.2861328125 0.0640625 0.056640625
0 0.68984375 0.4580078125 0.0640625 0.052734375
0 0.2828125 0.2763671875 0.0625 0.052734375
0 0.43828125 0.5517578125 0.0640625 0.052734375
0 0.3453125 0.2685546875 0.0625 0.052734375
0 0.2921875 0.3935546875 0.0625 0.052734375
0 0.475 0.2490234375 0.0625 0.052734375
0 0.646875 0.6455078125 0.0625 0.052734375
0 0.4078125 0.2568359375 0.0625 0.052734375
0 0.41484375 0.3154296875 0.0640625 0.052734375
0 0.58046875 0.6533203125 0.0640625 0.052734375
0 0.22578125 0.3427734375 0.0640625 0.052734375
0 0.1625 0.3515625 0.0625 0.0546875
0 0.5734375 0.5966796875 0.0625 0.052734375
0 0.6 0.2294921875 0.0625 0.052734375
0 0.8296875 0.5 0.0625 0.0546875
0 0.38828125 0.6767578125 0.0640625 0.052734375
0 0.49765625 0.4853515625 0.0640625 0.052734375
0 0.709375 0.6376953125 0.0625 0.052734375
0 0.38125 0.6181640625 0.0625 0.052734375
0 0.6265625 0.4658203125 0.0625 0.052734375
0 0.778125 0.6298828125 0.065625 0.052734375
0 0.19296875 0.6435546875 0.0640625 0.052734375
0 0.7625 0.5068359375 0.0625 0.052734375
0 0.425 0.4345703125 0.0625 0.052734375
0 0.2625 0.6923828125 0.0625 0.052734375
0 0.31875 0.6259765625 0.0625 0.052734375
0 0.16953125 0.4091796875 0.0640625 0.052734375
0 0.79921875 0.2021484375 0.0640625 0.052734375
0 0.5609375 0.4755859375 0.0625 0.052734375
0 0.35546875 0.3857421875 0.0640625 0.052734375
0 0.3515625 0.3271484375 0.0625 0.052734375
0 0.6671875 0.2216796875 0.0625 0.052734375
0 0.1859375 0.5849609375 0.0625 0.052734375
0 0.8359375 0.5595703125 0.0625 0.052734375
0 0.484375 0.3662109375 0.0625 0.052734375
0 0.8453125 0.6201171875 0.0625 0.052734375
0 0.1734375 0.4677734375 0.0625 0.052734375
0 0.375 0.5595703125 0.0625 0.052734375
0 0.5375 0.2412109375 0.0625 0.052734375
0 0.2984375 0.4521484375 0.0625 0.052734375
0 0.7328125 0.2109375 0.0625 0.0546875
0 0.75 0.3896484375 0.0625 0.052734375
0 0.61875 0.4072265625 0.065625 0.052734375
0 0.6734375 0.2802734375 0.0625 0.052734375
0 0.803125 0.26171875 0.0625 0.0546875
0 0.540625 0.2978515625 0.0625 0.052734375
0 0.2421875 0.5185546875 0.0625 0.052734375
0 0.43125 0.4931640625 0.0625 0.052734375
0 0.8125 0.3212890625 0.0625 0.052734375
0 0.15625 0.2939453125 0.0625 0.052734375
