0 0.55078125 0.498046875 0.0390625 0.05078125
0 0.55546875 0.5517578125 0.0390625 0.048828125
0 0.38828125 0.421875 0.0390625 0.05078125
0 0.5390625 0.333984375 0.040625 0.05078125
0 0.309375 0.4658203125 0.040625 0.048828125
0 0.4015625 0.646484375 0.040625 0.05078125
0 0.228125 0.51171875 0.040625 0.05078125
0 0.4609375 0.322265625 0.040625 0.05078125
0 0.33984375 0.3056640625 0.0390625 0.048828125
0 0.3515625 0.4716796875 0.040625 0.048828125
0 0.425 0.3720703125 0.040625 0.048828125
0 0.215625 0.2880859375 0.040625 0.048828125
0 0.33671875 0.25 0.0390625 0.05078125
0 0.23515625 0.6259765625 0.0390625 0.048828125
0 0.43125 0.482421875 0.040625 0.05078125
0 0.49765625 0.2744140625 0.0390625 0.048828125
0 0.296875 0.244140625 0.040625 0.05078125
0 0.34609375 0.416015625 0.0390625 0.05078125
0 0.475 0.5439453125 0.040625 0.048828125
0 0.4828125 0.654296875 0.040625 0.05078125
0 0.4375 0.59375 0.040625 0.05078125
0 0.3546875 0.5283203125 0.040625 0.048828125
0 0.46875 0.431640625 0.040625 0.05078125
0 0.575 0.2861328125 0.040625 0.048828125
0 0.5125 0.4921875 0.040625 0.05078125
0 0.2234375 0.400390625 0.040625 0.05078125
0 0.2671875 0.4619140625 0.040625 0.048828125
0 0.18359375 0.4501953125 0.0390625 0.048828125
0 0.515625 0.5478515625 0.040625 0.048828125
0 0.50390625 0.3837890625 0.0390625 0.048828125
0 0.59375 0.55859375 0.040625 0.05078125
0 0.39765625 0.587890625 0.0390625 0.05078125
0 0.315625 0.580078125 0.040625 0.05078125
0 0.1765625 0.337890625 0.040625 0.05078125
0 0.5828125 0.39453125 0.040625 0.05078125
0 0.3609375 0.6396484375 0.040625 0.048828125
0 0.278125 0.6318359375 0.040625 0.048828125
0 0.303125 0.353515625 0.040625 0.05078125
0 0.559375 0.6083984375 0.040625 0.048828125
0 0.2734375 0.57421875 0.040625 0.05078125
0 0.2640625 0.40625 0.040625 0.05078125
0 0.31875 0.6357421875 0.040625 0.048828125
0 0.3765625 0.255859375 0.040625 0.05078125
0 0.384375 0.3662109375 0.040625 0.048828125
0 0.5796875 0.33984375 0.040625 0.05078125
0 0.2703125 0.517578125 0.040625 0.05078125
0 0.23203125 0.5703125 0.0390625 0.05078125
0 0.1703125 0.224609375 0.040625 0.05078125
0 0.2546875 0.23828125 0.040625 0.05078125
0 0.428125 0.427734375 0.040625 0.05078125
0 0.21875 0.34375 0.040625 0.05078125
0 0.1734375 0.2822265625 0.040625 0.048828125
0 0.18046875 0.39453125 0.0390625 0.05078125
0 0.2578125 0.2939453125 0.040625 0.048828125
0 0.5234375 0.66015625 0.040625 0.05078125
0 0.39140625 0.478515625 0.0390625 0.05078125
0 0.4640625 0.3779296875 0.040625 0.048828125
0 0.3125 0.521484375 0.040625 0.05078125
0 0.5859375 0.4482421875 0.040625 0.048828125
0 0.4796875 0.59765625 0.040625 0.05078125
0 0.3 0.2998046875 0.040625 0.048828125
0 0.4171875 0.26171875 0.040625 0.05078125
0 0.225 0.4560546875 0.040625 0.048828125
0 0.190625 0.564453125 0.040625 0.05078125
0 0.5078125 0.4375 0.040625 0.05078125
0 0.54375 0.3876953125 0.040625 0.048828125
0 0.51875 0.603515625 0.040625 0.05078125
0 0.5640625 0.6640625 0.040625 0.05078125
0 0.50078125 0.328125 0.0390625 0.05078125
0 0.54765625 0.4423828125 0.0390625 0.048828125
0 0.44296875 0.650390625 0.0390625 0.05078125
0 0.39453125 0.5322265625 0.0390625 0.048828125
0 0.2609375 0.349609375 0.040625 0.05078125
0 0.4203125 0.31640625 0.040625 0.05078125
0 0.471875 0.48828125 0.040625 0.05078125
0 0.18671875 0.5078125 0.0390625 0.05078125
0 0.590625 0.50390625 0.040625 0.05078125
0 0.2125 0.232421875 0.040625 0.05078125
0 0.434375 0.5380859375 0.040625 0.048828125
0 0.59921875 0.6142578125 0.0390625 0.048828125
0 0.30625 0.41015625 0.040625 0.05078125
0 0.19375 0.6220703125 0.040625 0.048828125
0 0.3578125 0.583984375 0.040625 0.05078125
0 0.60234375 0.66796875 0.0390625 0.05078125
0 0.3796875 0.3125 0.040625 0.05078125
0 0.5359375 0.2802734375 0.040625 0.048828125
0 0.4578125 0.267578125 0.040625 0.05078125
0 0.34296875 0.3603515625 0.0390625 0.048828125
