0 0.69765625 0.6962890625 0.0390625 0.048828125
0 0.47421875 0.7919921875 0.0390625 0.048828125
0 0.56328125 0.7763671875 0.0390625 0.048828125
0 0.60859375 0.7705078125 0.0390625 0.048828125
0 0.73515625 0.2392578125 0.0390625 0.048828125
0 0.60390625 0.4873046875 0.0390625 0.048828125
0 0.69921875 0.7548828125 0.0390625 0.048828125
0 0.56015625 0.5498046875 0.0390625 0.048828125
0 0.56015625 0.6064453125 0.0390625 0.048828125
0 0.73671875 0.3505859375 0.0390625 0.048828125
0 0.64921875 0.4775390625 0.0390625 0.048828125
0 0.47109375 0.5654296875 0.0390625 0.048828125
0 0.64921875 0.5341796875 0.0390625 0.048828125
0 0.73984375 0.5185546875 0.0390625 0.048828125
0 0.51640625 0.6142578125 0.0390625 0.048828125
0 0.69765625 0.6396484375 0.0390625 0.048828125
0 0.65234375 0.7041015625 0.0390625 0.048828125
0 0.51484375 0.5029296875 0.0390625 0.048828125
0 0.60234375 0.3759765625 0.0390625 0.048828125
0 0.51328125 0.3916015625 0.0390625 0.048828125
0 0.47265625 0.6787109375 0.0390625 0.048828125
0 0.56171875 0.7197265625 0.0390625 0.048828125
0 0.69140625 0.3583984375 0.0390625 0.048828125
0 0.60546875 0.5986328125 0.0390625 0.048828125
0 0.64609375 0.3662109375 0.0390625 0.048828125
0 0.68984375 0.2470703125 0.0390625 0.048828125
0 0.69296875 0.4697265625 0.0390625 0.048828125
0 0.51328125 0.2822265625 0.0390625 0.048828125
0 0.65390625 0.7626953125 0.0390625 0.048828125
0 0.51796875 0.7841796875 0.0390625 0.048828125
0 0.73828125 0.4052734375 0.0390625 0.048828125
0 0.60703125 0.6552734375 0.0390625 0.048828125
0 0.56171875 0.6630859375 0.0390625 0.048828125
0 0.70078125 0.8134765625 0.0390625 0.048828125
0 0.55859375 0.4951171875 0.0390625 0.048828125
0 0.61015625 0.8271484375 0.0390625 0.048828125
0 0.74453125 0.6904296875 0.0390625 0.048828125
0 0.46953125 0.3447265625 0.0390625 0.048828125
0 0.78515625 0.4541015625 0.0390625 0.048828125
0 0.47265625 0.6220703125 0.0390625 0.048828125
0 0.60078125 0.2646484375 0.0390625 0.048828125
0 0.56484375 0.8349609375 0.0390625 0.048828125
0 0.51640625 0.6708984375 0.0390625 0.048828125
0 0.78671875 0.5673828125 0.0390625 0.048828125
0 0.73515625 0.2939453125 0.0390625 0.048828125
0 0.47109375 0.4560546875 0.0390625 0.048828125
0 0.64765625 0.4228515625 0.0390625 0.048828125
0 0.51328125 0.3369140625 0.0390625 0.048828125
0 0.74609375 0.7470703125 0.0390625 0.048828125
0 0.65234375 0.6474609375 0.0390625 0.048828125
0 0.55703125 0.3291015625 0.0390625 0.048828125
0 0.64609375 0.2568359375 0.0390625 0.048828125
0 0.69140625 0.3037109375 0.0390625 0.048828125
0 0.60234375 0.3193359375 0.0390625 0.048828125
0 0.78984375 0.6826171875 0.0390625 0.048828125
0 0.74765625 0.8056640625 0.0390625 0.048828125
0 0.73828125 0.4619140625 0.0390625 0.048828125
0 0.55859375 0.4384765625 0.0390625 0.048828125
0 0.69453125 0.5263671875 0.0390625 0.048828125
0 0.55859375 0.3837890625 0.0390625 0.048828125
0 0.47109375 0.5107421875 0.0390625 0.048828125
0 0.47265625 0.7353515625 0.0390625 0.048828125
0 0.78828125 0.6240234375 0.0390625 0.048828125
0 0.65078125 0.5908203125 0.0390625 0.048828125
0 0.51953125 0.8408203125 0.0390625 0.048828125
0 0.74140625 0.5751953125 0.0390625 0.048828125
0 0.64609375 0.3115234375 0.0390625 0.048828125
0 0.69609375 0.5830078125 0.0390625 0.048828125
0 0.47421875 0.8486328125 0.0390625 0.048828125
0 0.74296875 0.6318359375 0.0390625 0.048828125
0 0.51484375 0.4462890625 0.0390625 0.048828125
0 0.78203125 0.2861328125 0.0390625 0.048828125
0 0.78203125 0.3408203125 0.0390625 0.048828125
0 0.79140625 0.7392578125 0.0390625 0.048828125
0 0.60234375 0.4306640625 0.0390625 0.048828125
0 0.51796875 0.7275390625 0.0390625 0.048828125
0 0.46953125 0.3994140625 0.0390625 0.048828125
0 0.69296875 0.4150390625 0.0390625 0.048828125
0 0.78046875 0.2294921875 0.0390625 0.048828125
0 0.60703125 0.7119140625 0.0390625 0.048828125
0 0.79453125 0.7978515625 0.0390625 0.048828125
0 0.51640625 0.5576171875 0.0390625 0.048828125
0 0.60390625 0.5419921875 0.0390625 0.048828125
0 0.78359375 0.3974609375 0.0390625 0.048828125
0 0.65546875 0.8193359375 0.0390625 0.048828125
0 0.55703125 0.2744140625 0.0390625 0.048828125
0 0.78671875 0.5107421875 0.0390625 0.048828125
0 0.46953125 0.2900390625 0.0390625 0.048828125
