0 0.57890625 0.5654296875 0.0390625 0.048828125
0 0.53671875 0.6298828125 0.0390625 0.048828125
0 0.67421875 0.6650390625 0.0390625 0.048828125
0 0.66796875 0.5517578125 0.0390625 0.048828125
0 0.40234375 0.5947265625 0.0390625 0.048828125
0 0.61171875 0.2255859375 0.0390625 0.048828125
0 0.61640625 0.3916015625 0.0390625 0.048828125
0 0.44765625 0.6435546875 0.0390625 0.048828125
0 0.66171875 0.3837890625 0.0390625 0.048828125
0 0.48984375 0.5810546875 0.0390625 0.048828125
0 0.52265625 0.2412109375 0.0390625 0.048828125
0 0.43515625 0.2568359375 0.0390625 0.048828125
0 0.57421875 0.4541015625 0.0390625 0.048828125
0 0.67109375 0.6083984375 0.0390625 0.048828125
0 0.48515625 0.4697265625 0.0390625 0.048828125
0 0.52734375 0.4072265625 0.0390625 0.048828125
0 0.61328125 0.2802734375 0.0390625 0.048828125
0 0.71953125 0.6572265625 0.0390625 0.048828125
0 0.58671875 0.7353515625 0.0390625 0.048828125
0 0.66328125 0.4384765625 0.0390625 0.048828125
0 0.62265625 0.5595703125 0.0390625 0.048828125
0 0.44296875 0.5322265625 0.0390625 0.048828125
0 0.71015625 0.4873046875 0.0390625 0.048828125
0 0.43828125 0.3662109375 0.0390625 0.048828125
0 0.47890625 0.2490234375 0.0390625 0.048828125
0 0.56640625 0.2333984375 0.0390625 0.048828125
0 0.39296875 0.2646484375 0.0390625 0.048828125
0 0.43984375 0.4208984375 0.0390625 0.048828125
0 0.43671875 0.3115234375 0.0390625 0.048828125
0 0.53359375 0.5732421875 0.0390625 0.048828125
0 0.45234375 0.7568359375 0.0390625 0.048828125
0 0.62890625 0.6708984375 0.0390625 0.048828125
0 0.48828125 0.5244140625 0.0390625 0.048828125
0 0.70078125 0.2099609375 0.0390625 0.048828125
0 0.62578125 0.6142578125 0.0390625 0.048828125
0 0.57265625 0.3994140625 0.0390625 0.048828125
0 0.70234375 0.2646484375 0.0390625 0.048828125
0 0.52578125 0.3505859375 0.0390625 0.048828125
0 0.65859375 0.3291015625 0.0390625 0.048828125
0 0.52421875 0.2958984375 0.0390625 0.048828125
0 0.56484375 0.1787109375 0.0390625 0.048828125
0 0.70703125 0.3759765625 0.0390625 0.048828125
0 0.39765625 0.4833984375 0.0390625 0.048828125
0 0.62109375 0.5029296875 0.0390625 0.048828125
0 0.69921875 0.1552734375 0.0390625 0.048828125
0 0.49453125 0.6923828125 0.0390625 0.048828125
0 0.65546875 0.2177734375 0.0390625 0.048828125
0 0.53203125 0.5166015625 0.0390625 0.048828125
0 0.48359375 0.4130859375 0.0390625 0.048828125
0 0.49765625 0.7490234375 0.0390625 0.048828125
0 0.40859375 0.7646484375 0.0390625 0.048828125
0 0.61484375 0.3369140625 0.0390625 0.048828125
0 0.48203125 0.3583984375 0.0390625 0.048828125
0 0.39453125 0.3740234375 0.0390625 0.048828125
0 0.67734375 0.7216796875 0.0390625 0.048828125
0 0.39921875 0.5400390625 0.0390625 0.048828125
0 0.71640625 0.6005859375 0.0390625 0.048828125
0 0.40546875 0.7080078125 0.0390625 0.048828125
0 0.45078125 0.7001953125 0.0390625 0.048828125
0 0.39609375 0.4287109375 0.0390625 0.048828125
0 0.53828125 0.6865234375 0.0390625 0.048828125
0 0.44609375 0.5869140625 0.0390625 0.048828125
0 0.56953125 0.3447265625 0.0390625 0.048828125
0 0.61015625 0.1708984375 0.0390625 0.048828125
0 0.47734375 0.1943359375 0.0390625 0.048828125
0 0.65390625 0.1630859375 0.0390625 0.048828125
0 0.54140625 0.7431640625 0.0390625 0.048828125
0 0.65703125 0.2724609375 0.0390625 0.048828125
0 0.72265625 0.7138671875 0.0390625 0.048828125
0 0.57578125 0.5107421875 0.0390625 0.048828125
0 0.58046875 0.6220703125 0.0390625 0.048828125
0 0.43359375 0.2021484375 0.0390625 0.048828125
0 0.52109375 0.1865234375 0.0390625 0.048828125
0 0.58359375 0.6787109375 0.0390625 0.048828125
0 0.48046875 0.3037109375 0.0390625 0.048828125
0 0.44140625 0.4775390625 0.0390625 0.048828125
0 0.70859375 0.4326171875 0.0390625 0.048828125
0 0.61796875 0.4462890625 0.0390625 0.048828125
0 0.49140625 0.6357421875 0.0390625 0.048828125
0 0.53046875 0.4619140625 0.0390625 0.048828125
0 0.71328125 0.5439453125 0.0390625 0.048828125
0 0.66640625 0.4951171875 0.0390625 0.048828125
0 0.56796875 0.2880859375 0.0390625 0.048828125
0 0.39296875 0.3193359375 0.0390625 0.048828125
0 0.63203125 0.7275390625 0.0390625 0.048828125
0 0.70390625 0.3193359375 0.0390625 0.048828125
0 0.39140625 0.2099609375 0.0390625 0.048828125
0 0.40390625 0.6513671875 0.0390625 0.048828125
