0 0.46328125 0.1767578125 0.0390625 0.048828125
0 0.56796875 0.3876953125 0.0390625 0.048828125
0 0.38046875 0.3720703125 0.0390625 0.048828125
0 0.37578125 0.4814453125 0.0390625 0.048828125
0 0.45390625 0.4013671875 0.0390625 0.048828125
0 0.60234375 0.4580078125 0.0390625 0.048828125
0 0.36796875 0.6962890625 0.0390625 0.048828125
0 0.53828125 0.2041015625 0.0390625 0.048828125
0 0.60859375 0.3466796875 0.0390625 0.048828125
0 0.40390625 0.7138671875 0.0390625 0.048828125
0 0.38984375 0.1494140625 0.0390625 0.048828125
0 0.57578125 0.2177734375 0.0390625 0.048828125
0 0.52734375 0.4287109375 0.0390625 0.048828125
0 0.48984375 0.4150390625 0.0390625 0.048828125
0 0.55703125 0.6103515625 0.0390625 0.048828125
0 0.53203125 0.3173828125 0.0390625 0.048828125
0 0.43984375 0.7275390625 0.0390625 0.048828125
0 0.33359375 0.6279296875 0.0390625 0.048828125
0 0.51640625 0.6494140625 0.0390625 0.048828125
0 0.59921875 0.5146484375 0.0390625 0.048828125
0 0.34609375 0.3037109375 0.0390625 0.048828125
0 0.49296875 0.3583984375 0.0390625 0.048828125
0 0.57265625 0.2744140625 0.0390625 0.048828125
0 0.34140625 0.4130859375 0.0390625 0.048828125
0 0.35078125 0.1923828125 0.0390625 0.048828125
0 0.41953125 0.3310546875 0.0390625 0.048828125
0 0.35234375 0.1357421875 0.0390625 0.048828125
0 0.41484375 0.4404296875 0.0390625 0.048828125
0 0.48203125 0.5791015625 0.0390625 0.048828125
0 0.61484375 0.2314453125 0.0390625 0.048828125
0 0.49765625 0.2470703125 0.0390625 0.048828125
0 0.56484375 0.4443359375 0.0390625 0.048828125
0 0.38515625 0.2607421875 0.0390625 0.048828125
0 0.45078125 0.4560546875 0.0390625 0.048828125
0 0.41015625 0.5498046875 0.0390625 0.048828125
0 0.56953125 0.3310546875 0.0390625 0.048828125
0 0.44296875 0.6201171875 0.0390625 0.048828125
0 0.61171875 0.2900390625 0.0390625 0.048828125
0 0.44765625 0.5107421875 0.0390625 0.048828125
0 0.51953125 0.5947265625 0.0390625 0.048828125
0 0.59140625 0.6806640625 0.0390625 0.048828125
0 0.41640625 0.3857421875 0.0390625 0.048828125
0 0.48671875 0.4697265625 0.0390625 0.048828125
0 0.38671875 0.2060546875 0.0390625 0.048828125
0 0.42421875 0.2197265625 0.0390625 0.048828125
0 0.53515625 0.2607421875 0.0390625 0.048828125
0 0.40546875 0.6591796875 0.0390625 0.048828125
0 0.58828125 0.7373046875 0.0390625 0.048828125
0 0.45859375 0.2900390625 0.0390625 0.048828125
0 0.56171875 0.4990234375 0.0390625 0.048828125
0 0.55390625 0.6650390625 0.0390625 0.048828125
0 0.59453125 0.6259765625 0.0390625 0.048828125
0 0.53046875 0.3740234375 0.0390625 0.048828125
0 0.51484375 0.7041015625 0.0390625 0.048828125
0 0.41171875 0.4951171875 0.0390625 0.048828125
0 0.45546875 0.3447265625 0.0390625 0.048828125
0 0.48046875 0.6357421875 0.0390625 0.048828125
0 0.42578125 0.1630859375 0.0390625 0.048828125
0 0.50078125 0.1904296875 0.0390625 0.048828125
0 0.59609375 0.5712890625 0.0390625 0.048828125
0 0.55078125 0.7197265625 0.0390625 0.048828125
0 0.52109375 0.5400390625 0.0390625 0.048828125
0 0.60546875 0.4033203125 0.0390625 0.048828125
0 0.34765625 0.2470703125 0.0390625 0.048828125
0 0.47734375 0.6884765625 0.0390625 0.048828125
0 0.52421875 0.4853515625 0.0390625 0.048828125
0 0.34453125 0.3583984375 0.0390625 0.048828125
0 0.37265625 0.5908203125 0.0390625 0.048828125
0 0.49453125 0.3037109375 0.0390625 0.048828125
0 0.54921875 0.7744140625 0.0390625 0.048828125
0 0.33828125 0.5205078125 0.0390625 0.048828125
0 0.46015625 0.2333984375 0.0390625 0.048828125
0 0.47578125 0.7431640625 0.0390625 0.048828125
0 0.37890625 0.4267578125 0.0390625 0.048828125
0 0.58515625 0.7900390625 0.0390625 0.048828125
0 0.33984375 0.4677734375 0.0390625 0.048828125
0 0.38203125 0.3173828125 0.0390625 0.048828125
0 0.36953125 0.6435546875 0.0390625 0.048828125
0 0.44609375 0.5654296875 0.0390625 0.048828125
0 0.44140625 0.6748046875 0.0390625 0.048828125
0 0.51171875 0.7607421875 0.0390625 0.048828125
0 0.40703125 0.6044921875 0.0390625 0.048828125
0 0.42109375 0.2763671875 0.0390625 0.048828125
0 0.55859375 0.5556640625 0.0390625 0.048828125
0 0.48515625 0.5244140625 0.0390625 0.048828125
0 0.37421875 0.5361328125 0.0390625 0.048828125
0 0.33671875 0.5751953125 0.0390625 0.048828125
0 0.33203125 0.6826171875 0.0390625 0.048828125
