0 0.296875 0.39453125 0.059375 0.05859375
0 0.63125 0.8388671875 0.059375 0.056640625
0 0.365625 0.4580078125 0.059375 0.056640625
0 0.56328125 0.3818359375 0.0578125 0.056640625
0 0.296875 0.7939453125 0.059375 0.056640625
0 0.365625 0.853515625 0.059375 0.05859375
0 0.628125 0.4453125 0.059375 0.05859375
0 0.69609375 0.8994140625 0.0578125 0.056640625
0 0.69609375 0.505859375 0.0578125 0.05859375
0 0.22890625 0.5302734375 0.0578125 0.056640625
0 0.3640625 0.5908203125 0.05625 0.056640625
0 0.296875 0.595703125 0.059375 0.0546875
0 0.496875 0.5166015625 0.05625 0.052734375
0 0.56484375 0.5791015625 0.0546875 0.056640625
0 0.63125 0.708984375 0.059375 0.05859375
0 0.4984375 0.71484375 0.059375 0.05859375
0 0.3625 0.3916015625 0.059375 0.056640625
0 0.43046875 0.9169921875 0.0578125 0.056640625
0 0.29375 0.2607421875 0.059375 0.056640625
0 0.56328125 0.6455078125 0.0578125 0.056640625
0 0.22890625 0.9296875 0.0578125 0.05859375
0 0.365625 0.7900390625 0.059375 0.056640625
0 0.296875 0.66015625 0.059375 0.05859375
0 0.628125 0.37890625 0.059375 0.05859375
0 0.63125 0.640625 0.059375 0.0546875
0 0.43203125 0.8505859375 0.0546875 0.056640625
0 0.43046875 0.51953125 0.0578125 0.0546875
0 0.4984375 0.78125 0.059375 0.05859375
0 0.3625 0.2578125 0.059375 0.05859375
0 0.22890625 0.59765625 0.0578125 0.0546875
0 0.296875 0.7265625 0.059375 0.05859375
0 0.56328125 0.775390625 0.0578125 0.05859375
0 0.43046875 0.455078125 0.0578125 0.05859375
0 0.43203125 0.6513671875 0.0546875 0.056640625
0 0.69609375 0.572265625 0.0578125 0.05859375
0 0.56328125 0.2490234375 0.0578125 0.056640625
0 0.69296875 0.76953125 0.0578125 0.05859375
0 0.56328125 0.84375 0.0578125 0.0546875
0 0.4984375 0.384765625 0.059375 0.05859375
0 0.3625 0.5244140625 0.059375 0.056640625
0 0.6296875 0.7724609375 0.05625 0.056640625
0 0.22890625 0.4638671875 0.0578125 0.056640625
0 0.69609375 0.2431640625 0.0578125 0.056640625
0 0.43046875 0.3212890625 0.0578125 0.056640625
0 0.63125 0.3095703125 0.059375 0.056640625
0 0.4984375 0.4521484375 0.059375 0.056640625
0 0.22890625 0.7294921875 0.0578125 0.056640625
0 0.628125 0.24609375 0.059375 0.05859375
0 0.69453125 0.6357421875 0.0546875 0.056640625
0 0.56328125 0.314453125 0.0578125 0.0546875
0 0.56328125 0.7119140625 0.0578125 0.056640625
0 0.4953125 0.31640625 0.059375 0.0546875
0 0.2265625 0.3984375 0.059375 0.0546875
0 0.42890625 0.2548828125 0.0546875 0.056640625
0 0.4984375 0.9111328125 0.059375 0.056640625
0 0.2953125 0.3271484375 0.05625 0.056640625
0 0.4984375 0.5849609375 0.059375 0.056640625
0 0.43046875 0.587890625 0.0578125 0.05859375
0 0.365625 0.7236328125 0.059375 0.056640625
0 0.365625 0.6572265625 0.059375 0.056640625
0 0.69609375 0.306640625 0.0578125 0.05859375
0 0.23203125 0.86328125 0.0578125 0.05859375
0 0.56328125 0.513671875 0.0578125 0.0546875
0 0.3625 0.32421875 0.059375 0.05859375
0 0.2265625 0.3310546875 0.059375 0.056640625
0 0.69609375 0.7021484375 0.0578125 0.056640625
0 0.69609375 0.8359375 0.0578125 0.05859375
0 0.4984375 0.84765625 0.059375 0.05859375
0 0.63125 0.5107421875 0.059375 0.052734375
0 0.56484375 0.908203125 0.0546875 0.05859375
0 0.22890625 0.7998046875 0.0578125 0.056640625
0 0.2984375 0.9267578125 0.05625 0.056640625
0 0.43046875 0.3876953125 0.0578125 0.056640625
0 0.43046875 0.71875 0.0578125 0.0546875
0 0.69609375 0.375 0.0578125 0.0546875
0 0.69609375 0.439453125 0.0578125 0.05859375
0 0.4984375 0.6484375 0.059375 0.05859375
0 0.2953125 0.52734375 0.05625 0.05859375
0 0.22890625 0.666015625 0.0578125 0.05859375
0 0.56328125 0.4482421875 0.0578125 0.056640625
0 0.628125 0.90234375 0.059375 0.05859375
0 0.628125 0.5751953125 0.059375 0.056640625
0 0.296875 0.8603515625 0.059375 0.056640625
0 0.29375 0.4609375 0.059375 0.05859375
0 0.3640625 0.9208984375 0.05625 0.056640625
0 0.4953125 0.251953125 0.059375 0.05859375
0 0.43046875 0.7841796875 0.0578125 0.056640625
0 0.2265625 0.2646484375 0.059375 0.056640625
