0 0.465625 0.34765625 0.05 0.05859375
0 0.5328125 0.7177734375 0.05 0.060546875
0 0.359375 0.6904296875 0.05 0.060546875
0 0.4234375 0.7431640625 0.05 0.060546875
0 0.2921875 0.642578125 0.05 0.0625
0 0.6390625 0.3720703125 0.05 0.060546875
0 0.2265625 0.5908203125 0.05 0.060546875
0 0.4015625 0.6171875 0.05 0.05859375
0 0.5734375 0.3232421875 0.05 0.060546875
0 0.31484375 0.765625 0.0515625 0.05859375
0 0.1625 0.5400390625 0.05 0.060546875
0 0.3046875 0.3818359375 0.05 0.060546875
0 0.2609375 0.45703125 0.05 0.05859375
0 0.4671875 0.6669921875 0.05 0.060546875
0 0.3265625 0.50390625 0.05 0.0625
0 0.70625 0.4228515625 0.05 0.060546875
0 0.390625 0.5556640625 0.05 0.060546875
0 0.196875 0.4072265625 0.05 0.060546875
0 0.4890625 0.7939453125 0.05 0.060546875
0 0.434375 0.4814453125 0.05 0.060546875
0 0.2484375 0.7158203125 0.05 0.060546875
0 0.6 0.767578125 0.05 0.05859375
0 0.1828125 0.6650390625 0.05 0.060546875
0 0.4234375 0.419921875 0.05 0.05859375
0 0.68125 0.3017578125 0.05 0.060546875
0 0.4578125 0.6064453125 0.05 0.060546875
0 0.728125 0.546875 0.05 0.05859375
0 0.2171875 0.529296875 0.05 0.05859375
0 0.2828125 0.5791015625 0.05 0.060546875
0 0.20546875 0.791015625 0.0484375 0.0625
0 0.2703125 0.5185546875 0.05 0.060546875
0 0.2609375 0.7783203125 0.05 0.060546875
0 0.5953125 0.4462890625 0.05 0.060546875
0 0.36875 0.4306640625 0.05 0.060546875
0 0.6859375 0.619140625 0.05 0.05859375
0 0.140625 0.4169921875 0.05 0.060546875
0 0.3484375 0.6279296875 0.05 0.060546875
0 0.5234375 0.65625 0.05 0.05859375
0 0.565625 0.5830078125 0.05 0.056640625
0 0.4875 0.4697265625 0.05 0.060546875
0 0.35625 0.3701171875 0.05 0.060546875
0 0.53125 0.3974609375 0.05 0.060546875
0 0.49921875 0.533203125 0.0515625 0.0625
0 0.61875 0.5693359375 0.05 0.060546875
0 0.76328125 0.7333984375 0.0484375 0.060546875
0 0.2390625 0.65234375 0.05 0.0625
0 0.740625 0.6083984375 0.046875 0.060546875
0 0.153125 0.4794921875 0.05 0.060546875
0 0.3703125 0.7548828125 0.05 0.060546875
0 0.3375 0.56640625 0.05 0.05859375
0 0.7078125 0.7451171875 0.05 0.060546875
0 0.4125 0.6787109375 0.05 0.060546875
0 0.6421875 0.6953125 0.05 0.05859375
0 0.63046875 0.6298828125 0.0484375 0.060546875
0 0.69609375 0.681640625 0.0484375 0.0625
0 0.1953125 0.7275390625 0.05 0.060546875
0 0.4796875 0.728515625 0.05 0.05859375
0 0.67421875 0.5576171875 0.0484375 0.060546875
0 0.3046875 0.7041015625 0.05 0.060546875
0 0.4125 0.3583984375 0.05 0.060546875
0 0.6609375 0.4970703125 0.05 0.060546875
0 0.553125 0.5205078125 0.05 0.060546875
0 0.2171875 0.8525390625 0.05 0.060546875
0 0.434375 0.8046875 0.05 0.05859375
0 0.171875 0.6015625 0.05 0.05859375
0 0.20625 0.4677734375 0.05 0.060546875
0 0.4765625 0.4091796875 0.05 0.060546875
0 0.5890625 0.7060546875 0.05 0.060546875
0 0.575 0.6455078125 0.05 0.060546875
0 0.7515625 0.6689453125 0.05 0.060546875
0 0.60859375 0.5078125 0.0484375 0.05859375
0 0.5109375 0.5947265625 0.05 0.060546875
0 0.54375 0.458984375 0.05 0.05859375
0 0.5203125 0.3359375 0.046875 0.0625
0 0.3265625 0.8291015625 0.05 0.060546875
0 0.4453125 0.5419921875 0.05 0.060546875
0 0.38125 0.8154296875 0.05 0.060546875
0 0.69296875 0.3603515625 0.0484375 0.060546875
0 0.62890625 0.3125 0.0484375 0.05859375
0 0.2703125 0.8408203125 0.05 0.056640625
0 0.3796875 0.4921875 0.05 0.05859375
0 0.5859375 0.38671875 0.05 0.05859375
0 0.2484375 0.3916015625 0.05 0.060546875
0 0.65078125 0.4326171875 0.0484375 0.060546875
0 0.31484375 0.4423828125 0.0515625 0.060546875
0 0.6546875 0.7568359375 0.046875 0.060546875
0 0.5453125 0.7783203125 0.05 0.060546875
0 0.71640625 0.484375 0.0484375 0.0625
