0 0.46015625 0.5556640625 0.0390625 0.048828125
0 0.56171875 0.6630859375 0.0390625 0.048828125
0 0.54765625 0.4267578125 0.0390625 0.048828125
0 0.42421875 0.7392578125 0.0390625 0.048828125
0 0.55078125 0.4853515625 0.0390625 0.048828125
0 0.41015625 0.5029296875 0.0390625 0.048828125
0 0.64921875 0.5341796875 0.0390625 0.048828125
0 0.50078125 0.4326171875 0.0390625 0.048828125
0 0.37578125 0.7451171875 0.0390625 0.048828125
0 0.31015625 0.3955078125 0.0390625 0.048828125
0 0.59921875 0.4794921875 0.0390625 0.048828125
0 0.52578125 0.8486328125 0.0390625 0.048828125
0 0.40078125 0.3251953125 0.0390625 0.048828125
0 0.36328125 0.5087890625 0.0390625 0.048828125
0 0.45078125 0.3798828125 0.0390625 0.048828125
0 0.42734375 0.7998046875 0.0390625 0.048828125
0 0.60234375 0.5380859375 0.0390625 0.048828125
0 0.35078125 0.2724609375 0.0390625 0.048828125
0 0.58828125 0.3017578125 0.0390625 0.048828125
0 0.47421875 0.7939453125 0.0390625 0.048828125
0 0.44765625 0.3193359375 0.0390625 0.048828125
0 0.32265625 0.6318359375 0.0390625 0.048828125
0 0.63828125 0.3564453125 0.0390625 0.048828125
0 0.46796875 0.6748046875 0.0390625 0.048828125
0 0.46328125 0.6142578125 0.0390625 0.048828125
0 0.40703125 0.4443359375 0.0390625 0.048828125
0 0.50859375 0.5498046875 0.0390625 0.048828125
0 0.51171875 0.6083984375 0.0390625 0.048828125
0 0.58515625 0.2431640625 0.0390625 0.048828125
0 0.41328125 0.5615234375 0.0390625 0.048828125
0 0.53671875 0.2490234375 0.0390625 0.048828125
0 0.39609375 0.2666015625 0.0390625 0.048828125
0 0.51484375 0.6689453125 0.0390625 0.048828125
0 0.63515625 0.2958984375 0.0390625 0.048828125
0 0.66484375 0.7724609375 0.0390625 0.048828125
0 0.61328125 0.7177734375 0.0390625 0.048828125
0 0.56484375 0.7236328125 0.0390625 0.048828125
0 0.31328125 0.4541015625 0.0390625 0.048828125
0 0.59140625 0.3623046875 0.0390625 0.048828125
0 0.37265625 0.6845703125 0.0390625 0.048828125
0 0.60546875 0.5986328125 0.0390625 0.048828125
0 0.56953125 0.7841796875 0.0390625 0.048828125
0 0.35390625 0.3310546875 0.0390625 0.048828125
0 0.49765625 0.3740234375 0.0390625 0.048828125
0 0.32578125 0.6904296875 0.0390625 0.048828125
0 0.40390625 0.3857421875 0.0390625 0.048828125
0 0.64609375 0.4736328125 0.0390625 0.048828125
0 0.49453125 0.3154296875 0.0390625 0.048828125
0 0.36015625 0.4501953125 0.0390625 0.048828125
0 0.61015625 0.6572265625 0.0390625 0.048828125
0 0.36640625 0.5673828125 0.0390625 0.048828125
0 0.47734375 0.8544921875 0.0390625 0.048828125
0 0.32890625 0.7509765625 0.0390625 0.048828125
0 0.57265625 0.8427734375 0.0390625 0.048828125
0 0.50390625 0.4912109375 0.0390625 0.048828125
0 0.64296875 0.4150390625 0.0390625 0.048828125
0 0.35703125 0.3896484375 0.0390625 0.048828125
0 0.36953125 0.6259765625 0.0390625 0.048828125
0 0.49140625 0.2548828125 0.0390625 0.048828125
0 0.45390625 0.4384765625 0.0390625 0.048828125
0 0.38359375 0.8662109375 0.0390625 0.048828125
0 0.54453125 0.3681640625 0.0390625 0.048828125
0 0.63203125 0.2373046875 0.0390625 0.048828125
0 0.66953125 0.8330078125 0.0390625 0.048828125
0 0.47109375 0.7333984375 0.0390625 0.048828125
0 0.52265625 0.7880859375 0.0390625 0.048828125
0 0.54140625 0.3076171875 0.0390625 0.048828125
0 0.42109375 0.6806640625 0.0390625 0.048828125
0 0.51796875 0.7275390625 0.0390625 0.048828125
0 0.65390625 0.5927734375 0.0390625 0.048828125
0 0.38046875 0.8056640625 0.0390625 0.048828125
0 0.33515625 0.8701171875 0.0390625 0.048828125
0 0.59453125 0.4208984375 0.0390625 0.048828125
0 0.61796875 0.7783203125 0.0390625 0.048828125
0 0.66015625 0.7119140625 0.0390625 0.048828125
0 0.62109375 0.8388671875 0.0390625 0.048828125
0 0.41640625 0.6201171875 0.0390625 0.048828125
0 0.55859375 0.6044921875 0.0390625 0.048828125
0 0.65703125 0.6513671875 0.0390625 0.048828125
0 0.43046875 0.8603515625 0.0390625 0.048828125
0 0.30703125 0.3369140625 0.0390625 0.048828125
0 0.55546875 0.5439453125 0.0390625 0.048828125
0 0.45703125 0.4970703125 0.0390625 0.048828125
0 0.33203125 0.8115234375 0.0390625 0.048828125
0 0.31640625 0.5126953125 0.0390625 0.048828125
0 0.44296875 0.2626953125 0.0390625 0.048828125
0 0.31953125 0.5732421875 0.0390625 0.048828125
0 0.30390625 0.2783203125 0.0390625 0.048828125
