0 0.46484375 0.4541015625 0.0390625 0.048828125
0 0.62578125 0.7294921875 0.0390625 0.048828125
0 0.44921875 0.2158203125 0.0390625 0.048828125
0 0.50546875 0.3291015625 0.0390625 0.048828125
0 0.36171875 0.3466796875 0.0390625 0.048828125
0 0.41328125 0.4013671875 0.0390625 0.048828125
0 0.60390625 0.3759765625 0.0390625 0.048828125
0 0.38671875 0.7607421875 0.0390625 0.048828125
0 0.50078125 0.2685546875 0.0390625 0.048828125
0 0.47890625 0.6884765625 0.0390625 0.048828125
0 0.33984375 0.7685546875 0.0390625 0.048828125
0 0.42734375 0.6376953125 0.0390625 0.048828125
0 0.67578125 0.7822265625 0.0390625 0.048828125
0 0.61796875 0.6123046875 0.0390625 0.048828125
0 0.46171875 0.3955078125 0.0390625 0.048828125
0 0.36484375 0.4072265625 0.0390625 0.048828125
0 0.66171875 0.5458984375 0.0390625 0.048828125
0 0.56328125 0.5009765625 0.0390625 0.048828125
0 0.61171875 0.4931640625 0.0390625 0.048828125
0 0.32421875 0.5322265625 0.0390625 0.048828125
0 0.57734375 0.7353515625 0.0390625 0.048828125
0 0.54921875 0.2626953125 0.0390625 0.048828125
0 0.42421875 0.5791015625 0.0390625 0.048828125
0 0.42109375 0.5185546875 0.0390625 0.048828125
0 0.43828125 0.8134765625 0.0390625 0.048828125
0 0.37265625 0.5263671875 0.0390625 0.048828125
0 0.40859375 0.3408203125 0.0390625 0.048828125
0 0.47578125 0.6298828125 0.0390625 0.048828125
0 0.61484375 0.5537109375 0.0390625 0.048828125
0 0.51171875 0.4482421875 0.0390625 0.048828125
0 0.62109375 0.6708984375 0.0390625 0.048828125
0 0.64609375 0.2490234375 0.0390625 0.048828125
0 0.51640625 0.5068359375 0.0390625 0.048828125
0 0.38046875 0.6435546875 0.0390625 0.048828125
0 0.60078125 0.3154296875 0.0390625 0.048828125
0 0.56015625 0.4404296875 0.0390625 0.048828125
0 0.57421875 0.6767578125 0.0390625 0.048828125
0 0.40546875 0.2822265625 0.0390625 0.048828125
0 0.64921875 0.3095703125 0.0390625 0.048828125
0 0.37578125 0.5849609375 0.0390625 0.048828125
0 0.51953125 0.5654296875 0.0390625 0.048828125
0 0.40234375 0.2216796875 0.0390625 0.048828125
0 0.33515625 0.7099609375 0.0390625 0.048828125
0 0.56640625 0.5595703125 0.0390625 0.048828125
0 0.48203125 0.7490234375 0.0390625 0.048828125
0 0.60859375 0.4345703125 0.0390625 0.048828125
0 0.52265625 0.6240234375 0.0390625 0.048828125
0 0.48671875 0.8076171875 0.0390625 0.048828125
0 0.31640625 0.4130859375 0.0390625 0.048828125
0 0.32109375 0.4736328125 0.0390625 0.048828125
0 0.39140625 0.8212890625 0.0390625 0.048828125
0 0.38359375 0.7021484375 0.0390625 0.048828125
0 0.64296875 0.1904296875 0.0390625 0.048828125
0 0.30859375 0.2939453125 0.0390625 0.048828125
0 0.54609375 0.2021484375 0.0390625 0.048828125
0 0.50859375 0.3876953125 0.0390625 0.048828125
0 0.43515625 0.7548828125 0.0390625 0.048828125
0 0.49765625 0.2080078125 0.0390625 0.048828125
0 0.65859375 0.4873046875 0.0390625 0.048828125
0 0.52734375 0.6826171875 0.0390625 0.048828125
0 0.35390625 0.2275390625 0.0390625 0.048828125
0 0.62890625 0.7880859375 0.0390625 0.048828125
0 0.55390625 0.3232421875 0.0390625 0.048828125
0 0.31328125 0.3544921875 0.0390625 0.048828125
0 0.58046875 0.7939453125 0.0390625 0.048828125
0 0.53359375 0.7998046875 0.0390625 0.048828125
0 0.36953125 0.4658203125 0.0390625 0.048828125
0 0.46796875 0.5126953125 0.0390625 0.048828125
0 0.53046875 0.7412109375 0.0390625 0.048828125
0 0.30546875 0.2333984375 0.0390625 0.048828125
0 0.41640625 0.4599609375 0.0390625 0.048828125
0 0.34296875 0.8271484375 0.0390625 0.048828125
0 0.67265625 0.7236328125 0.0390625 0.048828125
0 0.59765625 0.2548828125 0.0390625 0.048828125
0 0.47265625 0.5712890625 0.0390625 0.048828125
0 0.65546875 0.4287109375 0.0390625 0.048828125
0 0.57109375 0.6181640625 0.0390625 0.048828125
0 0.45390625 0.2744140625 0.0390625 0.048828125
0 0.45703125 0.3349609375 0.0390625 0.048828125
0 0.65234375 0.3681640625 0.0390625 0.048828125
0 0.66953125 0.6650390625 0.0390625 0.048828125
0 0.32890625 0.5908203125 0.0390625 0.048828125
0 0.33203125 0.6494140625 0.0390625 0.048828125
0 0.43046875 0.6962890625 0.0390625 0.048828125
0 0.55703125 0.3818359375 0.0390625 0.048828125
0 0.35703125 0.2880859375 0.0390625 0.048828125
0 0.66640625 0.6044921875 0.0390625 0.048828125
0 0.59453125 0.1962890625 0.0390625 0.048828125
