0 0.52421875 0.73828125 0.0421875 0.05859375
0 0.290625 0.267578125 0.04375 0.05859375
0 0.51015625 0.6015625 0.0421875 0.05859375
0 0.2953125 0.3310546875 0.04375 0.060546875
0 0.325 0.662109375 0.04375 0.05859375
0 0.18828125 0.16796875 0.0421875 0.05859375
0 0.2609375 0.4794921875 0.04375 0.060546875
0 0.2328125 0.693359375 0.04375 0.05859375
0 0.3125 0.529296875 0.04375 0.05859375
0 0.2453125 0.828125 0.04375 0.05859375
0 0.228125 0.626953125 0.04375 0.05859375
0 0.4578125 0.55078125 0.04375 0.05859375
0 0.3421875 0.31640625 0.04375 0.05859375
0 0.30078125 0.396484375 0.0421875 0.05859375
0 0.4703125 0.68359375 0.04375 0.05859375
0 0.353125 0.44921875 0.04375 0.05859375
0 0.3375 0.796875 0.04375 0.05859375
0 0.3296875 0.185546875 0.04375 0.05859375
0 0.2734375 0.611328125 0.04375 0.05859375
0 0.3578125 0.5146484375 0.04375 0.060546875
0 0.46328125 0.6181640625 0.0421875 0.060546875
0 0.28515625 0.74609375 0.0421875 0.05859375
0 0.36484375 0.580078125 0.0421875 0.05859375
0 0.4234375 0.701171875 0.04375 0.05859375
0 0.3703125 0.6484375 0.04375 0.05859375
0 0.325 0.119140625 0.04375 0.05859375
0 0.1609375 0.37890625 0.04375 0.05859375
0 0.38203125 0.234375 0.0421875 0.05859375
0 0.19375 0.775390625 0.04375 0.05859375
0 0.3703125 0.103515625 0.04375 0.05859375
0 0.25625 0.4140625 0.04375 0.05859375
0 0.19375 0.232421875 0.04375 0.05859375
0 0.490625 0.40234375 0.04375 0.05859375
0 0.23828125 0.759765625 0.0421875 0.05859375
0 0.421875 0.154296875 0.04375 0.05859375
0 0.3921875 0.3671875 0.04375 0.05859375
0 0.434375 0.287109375 0.04375 0.05859375
0 0.28515625 0.201171875 0.0421875 0.05859375
0 0.18671875 0.70703125 0.0421875 0.05859375
0 0.1484375 0.248046875 0.04375 0.05859375
0 0.4984375 0.466796875 0.04375 0.05859375
0 0.1984375 0.298828125 0.04375 0.05859375
0 0.4515625 0.484375 0.04375 0.05859375
0 0.3078125 0.462890625 0.04375 0.05859375
0 0.38203125 0.783203125 0.0421875 0.05859375
0 0.46875 0.138671875 0.04375 0.05859375
0 0.25078125 0.34765625 0.0421875 0.05859375
0 0.34765625 0.3828125 0.0421875 0.05859375
0 0.26796875 0.544921875 0.0421875 0.05859375
0 0.17109375 0.509765625 0.0421875 0.05859375
0 0.3765625 0.71484375 0.04375 0.05859375
0 0.215625 0.494140625 0.04375 0.05859375
0 0.5046875 0.53515625 0.04375 0.05859375
0 0.22109375 0.55859375 0.0421875 0.05859375
0 0.2453125 0.28125 0.04375 0.05859375
0 0.5171875 0.669921875 0.04375 0.05859375
0 0.47578125 0.751953125 0.0421875 0.05859375
0 0.20546875 0.36328125 0.0421875 0.05859375
0 0.4390625 0.3515625 0.04375 0.05859375
0 0.33515625 0.251953125 0.0421875 0.05859375
0 0.290625 0.8134765625 0.04375 0.060546875
0 0.240625 0.2158203125 0.04375 0.060546875
0 0.2796875 0.1357421875 0.04375 0.060546875
0 0.41171875 0.56640625 0.0421875 0.05859375
0 0.42734375 0.21875 0.0421875 0.05859375
0 0.46328125 0.072265625 0.0421875 0.05859375
0 0.44453125 0.41796875 0.0421875 0.05859375
0 0.4046875 0.5 0.04375 0.05859375
0 0.47890625 0.26953125 0.0421875 0.05859375
0 0.1765625 0.576171875 0.04375 0.05859375
0 0.18125 0.642578125 0.04375 0.05859375
0 0.1984375 0.841796875 0.04375 0.05859375
0 0.31796875 0.59765625 0.0421875 0.05859375
0 0.3296875 0.73046875 0.04375 0.05859375
0 0.4734375 0.201171875 0.04375 0.05859375
0 0.4171875 0.0888671875 0.04375 0.060546875
0 0.165625 0.443359375 0.04375 0.05859375
0 0.2109375 0.427734375 0.04375 0.05859375
0 0.278125 0.6796875 0.04375 0.05859375
0 0.39921875 0.431640625 0.0421875 0.05859375
0 0.3875 0.30078125 0.04375 0.05859375
0 0.375 0.16796875 0.04375 0.05859375
0 0.2328125 0.15234375 0.04375 0.05859375
0 0.42890625 0.76953125 0.0421875 0.05859375
0 0.15390625 0.3125 0.0421875 0.05859375
0 0.14375 0.18359375 0.04375 0.05859375
0 0.4859375 0.3359375 0.04375 0.05859375
0 0.4171875 0.6328125 0.04375 0.05859375
