0 0.52109375 0.6025390625 0.0609375 0.060546875
0 0.6015625 0.6435546875 0.0625 0.060546875
0 0.34296875 0.3876953125 0.0609375 0.060546875
0 0.26953125 0.345703125 0.0609375 0.0625
0 0.42109375 0.4287109375 0.0609375 0.060546875
0 0.71640625 0.1162109375 0.0609375 0.060546875
0 0.44296875 0.5576171875 0.0609375 0.060546875
0 0.36640625 0.5166015625 0.0609375 0.060546875
0 0.68203125 0.6875 0.0609375 0.0625
0 0.81640625 0.6416015625 0.0609375 0.060546875
0 0.49921875 0.4697265625 0.0609375 0.060546875
0 0.78984375 0.5068359375 0.0609375 0.060546875
0 0.73671875 0.5966796875 0.0609375 0.060546875
0 0.42578125 0.8486328125 0.0609375 0.060546875
0 0.40078125 0.7138671875 0.0609375 0.060546875
0 0.57734375 0.51171875 0.0609375 0.0625
0 0.66796875 0.6220703125 0.0609375 0.060546875
0 0.45546875 0.6240234375 0.0609375 0.060546875
0 0.61875 0.3583984375 0.0625 0.060546875
0 0.53984375 0.31640625 0.0609375 0.0625
0 0.74765625 0.6650390625 0.0609375 0.060546875
0 0.70703125 0.8232421875 0.0609375 0.060546875
0 0.49140625 0.8232421875 0.0609375 0.060546875
0 0.61328125 0.7119140625 0.0609375 0.060546875
0 0.63828125 0.845703125 0.0609375 0.0625
0 0.69765625 0.3994140625 0.0609375 0.060546875
0 0.37890625 0.5830078125 0.0609375 0.060546875
0 0.58203125 0.1650390625 0.0609375 0.060546875
0 0.46171875 0.2783203125 0.0609375 0.060546875
0 0.72421875 0.53125 0.0609375 0.0625
0 0.69453125 0.7548828125 0.0609375 0.060546875
0 0.83203125 0.7099609375 0.0609375 0.060546875
0 0.43515625 0.9140625 0.0609375 0.0625
0 0.43359375 0.4951171875 0.0609375 0.060546875
0 0.28828125 0.4755859375 0.0609375 0.060546875
0 0.59453125 0.2294921875 0.0609375 0.060546875
0 0.35703125 0.8701171875 0.0609375 0.060546875
0 0.38828125 0.6484375 0.0609375 0.0625
0 0.67265625 0.2705078125 0.0609375 0.060546875
0 0.76484375 0.375 0.0609375 0.0625
0 0.64765625 0.1357421875 0.0609375 0.060546875
0 0.53359375 0.66796875 0.0609375 0.0625
0 0.5453125 0.7333984375 0.0625 0.060546875
0 0.68515625 0.3330078125 0.0609375 0.060546875
0 0.3546875 0.453125 0.0625 0.0625
0 0.72890625 0.1806640625 0.0609375 0.060546875
0 0.51640625 0.1875 0.0609375 0.0625
0 0.71171875 0.4658203125 0.0609375 0.060546875
0 0.41328125 0.7802734375 0.0609375 0.060546875
0 0.38671875 0.2353515625 0.0609375 0.060546875
0 0.47890625 0.7587890625 0.0609375 0.060546875
0 0.66015625 0.2041015625 0.0609375 0.060546875
0 0.76328125 0.7314453125 0.0609375 0.060546875
0 0.65546875 0.5556640625 0.0609375 0.060546875
0 0.4671875 0.6923828125 0.0625 0.060546875
0 0.55703125 0.8017578125 0.0609375 0.060546875
0 0.33515625 0.7353515625 0.0609375 0.060546875
0 0.56953125 0.865234375 0.0609375 0.0625
0 0.74140625 0.2451171875 0.0609375 0.060546875
0 0.58984375 0.5771484375 0.0609375 0.060546875
0 0.60703125 0.2939453125 0.0609375 0.060546875
0 0.39921875 0.2998046875 0.0609375 0.060546875
0 0.80390625 0.5751953125 0.0609375 0.060546875
0 0.50390625 0.8916015625 0.0609375 0.060546875
0 0.50859375 0.5361328125 0.0609375 0.060546875
0 0.31796875 0.2548828125 0.0609375 0.060546875
0 0.63046875 0.423828125 0.0609375 0.0625
0 0.27890625 0.4111328125 0.0609375 0.060546875
0 0.47421875 0.3408203125 0.0609375 0.060546875
0 0.77578125 0.7998046875 0.0609375 0.060546875
0 0.30078125 0.541015625 0.0609375 0.0625
0 0.31328125 0.6044921875 0.0609375 0.060546875
0 0.64296875 0.4892578125 0.0609375 0.060546875
0 0.32265625 0.6708984375 0.0609375 0.060546875
0 0.55234375 0.3818359375 0.0609375 0.060546875
0 0.77734375 0.4404296875 0.0609375 0.060546875
0 0.36953125 0.9365234375 0.0609375 0.060546875
0 0.25390625 0.2783203125 0.0609375 0.060546875
0 0.48671875 0.4072265625 0.0609375 0.060546875
0 0.52890625 0.2529296875 0.0609375 0.060546875
0 0.753125 0.3095703125 0.0625 0.060546875
0 0.62578125 0.7783203125 0.0609375 0.060546875
0 0.45234375 0.2119140625 0.0609375 0.060546875
0 0.84375 0.7783203125 0.0625 0.060546875
0 0.56484375 0.4482421875 0.0609375 0.060546875
0 0.34453125 0.7998046875 0.0609375 0.060546875
0 0.40859375 0.365234375 0.0609375 0.0625
0 0.33203125 0.3232421875 0.0609375 0.060546875
