0 0.33671875 0.7939453125 0.0390625 0.048828125
0 0.34921875 0.3916015625 0.0390625 0.048828125
0 0.21015625 0.4892578125 0.0390625 0.048828125
0 0.30859375 0.6865234375 0.0390625 0.048828125
0 0.43828125 0.7021484375 0.0390625 0.048828125
0 0.17109375 0.5009765625 0.0390625 0.048828125
0 0.08671875 0.3544921875 0.0390625 0.048828125
0 0.11171875 0.2900390625 0.0390625 0.048828125
0 0.46015625 0.6376953125 0.0390625 0.048828125
0 0.10078125 0.4072265625 0.0390625 0.048828125
0 0.28359375 0.7529296875 0.0390625 0.048828125
0 0.19453125 0.4365234375 0.0390625 0.048828125
0 0.41484375 0.7685546875 0.0390625 0.048828125
0 0.40859375 0.5986328125 0.0390625 0.048828125
0 0.38515625 0.6630859375 0.0390625 0.048828125
0 0.23359375 0.4248046875 0.0390625 0.048828125
0 0.20078125 0.6064453125 0.0390625 0.048828125
0 0.34609375 0.6748046875 0.0390625 0.048828125
0 0.30234375 0.5185546875 0.0390625 0.048828125
0 0.28203125 0.2978515625 0.0390625 0.048828125
0 0.21484375 0.6591796875 0.0390625 0.048828125
0 0.25859375 0.3623046875 0.0390625 0.048828125
0 0.32578125 0.4541015625 0.0390625 0.048828125
0 0.32265625 0.7412109375 0.0390625 0.048828125
0 0.37265625 0.3271484375 0.0390625 0.048828125
0 0.36171875 0.7275390625 0.0390625 0.048828125
0 0.18984375 0.2685546875 0.0390625 0.048828125
0 0.16484375 0.3310546875 0.0390625 0.048828125
0 0.23984375 0.5947265625 0.0390625 0.048828125
0 0.17578125 0.6728515625 0.0390625 0.048828125
0 0.29609375 0.3505859375 0.0390625 0.048828125
0 0.07109375 0.3017578125 0.0390625 0.048828125
0 0.21953125 0.3720703125 0.0390625 0.048828125
0 0.36953125 0.6103515625 0.0390625 0.048828125
0 0.36328125 0.4423828125 0.0390625 0.048828125
0 0.31953125 0.2880859375 0.0390625 0.048828125
0 0.33203125 0.6220703125 0.0390625 0.048828125
0 0.27890625 0.5810546875 0.0390625 0.048828125
0 0.18515625 0.5537109375 0.0390625 0.048828125
0 0.34140625 0.5068359375 0.0390625 0.048828125
0 0.39296875 0.5458984375 0.0390625 0.048828125
0 0.24453125 0.7666015625 0.0390625 0.048828125
0 0.30546875 0.2353515625 0.0390625 0.048828125
0 0.27265625 0.4130859375 0.0390625 0.048828125
0 0.24921875 0.4775390625 0.0390625 0.048828125
0 0.12578125 0.3427734375 0.0390625 0.048828125
0 0.29921875 0.8076171875 0.0390625 0.048828125
0 0.42265625 0.6494140625 0.0390625 0.048828125
0 0.23046875 0.7138671875 0.0390625 0.048828125
0 0.22421875 0.5419921875 0.0390625 0.048828125
0 0.11640625 0.4599609375 0.0390625 0.048828125
0 0.14609375 0.5654296875 0.0390625 0.048828125
0 0.37890625 0.4931640625 0.0390625 0.048828125
0 0.14140625 0.3955078125 0.0390625 0.048828125
0 0.24296875 0.3095703125 0.0390625 0.048828125
0 0.26953125 0.7001953125 0.0390625 0.048828125
0 0.25859375 0.8193359375 0.0390625 0.048828125
0 0.31171875 0.4013671875 0.0390625 0.048828125
0 0.25390625 0.6474609375 0.0390625 0.048828125
0 0.47578125 0.6904296875 0.0390625 0.048828125
0 0.13046875 0.5126953125 0.0390625 0.048828125
0 0.35546875 0.5576171875 0.0390625 0.048828125
0 0.31796875 0.5693359375 0.0390625 0.048828125
0 0.43046875 0.5341796875 0.0390625 0.048828125
0 0.41640625 0.4833984375 0.0390625 0.048828125
0 0.44609375 0.5849609375 0.0390625 0.048828125
0 0.20546875 0.7802734375 0.0390625 0.048828125
0 0.40234375 0.4306640625 0.0390625 0.048828125
0 0.26640625 0.2470703125 0.0390625 0.048828125
0 0.39921875 0.7158203125 0.0390625 0.048828125
0 0.45234375 0.7548828125 0.0390625 0.048828125
0 0.21953125 0.8330078125 0.0390625 0.048828125
0 0.28828125 0.4658203125 0.0390625 0.048828125
0 0.26328125 0.5302734375 0.0390625 0.048828125
0 0.15078125 0.2802734375 0.0390625 0.048828125
0 0.20546875 0.3212890625 0.0390625 0.048828125
0 0.38671875 0.3798828125 0.0390625 0.048828125
0 0.18984375 0.7255859375 0.0390625 0.048828125
0 0.15546875 0.4482421875 0.0390625 0.048828125
0 0.35703125 0.2763671875 0.0390625 0.048828125
0 0.18046875 0.3837890625 0.0390625 0.048828125
0 0.37578125 0.7802734375 0.0390625 0.048828125
0 0.29296875 0.6357421875 0.0390625 0.048828125
0 0.16015625 0.6201171875 0.0390625 0.048828125
0 0.22890625 0.2568359375 0.0390625 0.048828125
0 0.48984375 0.7431640625 0.0390625 0.048828125
0 0.33359375 0.3388671875 0.0390625 0.048828125
0 0.34296875 0.2255859375 0.0390625 0.048828125
