0 0.36328125 0.6943359375 0.0390625 0.048828125
0 0.44921875 0.7158203125 0.0390625 0.048828125
0 0.5734375 0.7470703125 0.040625 0.048828125
0 0.53515625 0.6865234375 0.0390625 0.048828125
0 0.409375 0.654296875 0.040625 0.05078125
0 0.4109375 0.6044921875 0.040625 0.048828125
0 0.6328125 0.3759765625 0.040625 0.048828125
0 0.4515625 0.6640625 0.040625 0.05078125
0 0.5328125 0.7353515625 0.040625 0.048828125
0 0.5953125 0.3173828125 0.040625 0.048828125
0 0.4953125 0.626953125 0.040625 0.05078125
0 0.36953125 0.5927734375 0.0390625 0.048828125
0 0.67109375 0.4345703125 0.0390625 0.048828125
0 0.596875 0.2705078125 0.040625 0.048828125
0 0.57734375 0.6982421875 0.0390625 0.048828125
0 0.43515625 0.2236328125 0.0390625 0.048828125
0 0.6671875 0.5283203125 0.040625 0.048828125
0 0.55546875 0.2607421875 0.0390625 0.048828125
0 0.45546875 0.6142578125 0.0390625 0.048828125
0 0.45703125 0.5673828125 0.0390625 0.048828125
0 0.62734375 0.5166015625 0.0390625 0.048828125
0 0.5515625 0.3505859375 0.040625 0.048828125
0 0.54921875 0.400390625 0.0390625 0.05078125
0 0.40546875 0.7041015625 0.0390625 0.048828125
0 0.51328125 0.2919921875 0.0390625 0.048828125
0 0.5890625 0.41015625 0.040625 0.05078125
0 0.61953125 0.6611328125 0.0390625 0.048828125
0 0.49296875 0.6767578125 0.0390625 0.048828125
0 0.625 0.5634765625 0.040625 0.048828125
0 0.58125 0.6005859375 0.040625 0.048828125
0 0.5421875 0.541015625 0.0375 0.05078125
0 0.6671875 0.5751953125 0.040625 0.048828125
0 0.6296875 0.466796875 0.040625 0.05078125
0 0.65703125 0.7705078125 0.0390625 0.048828125
0 0.3890625 0.2607421875 0.040625 0.048828125
0 0.5890625 0.45703125 0.040625 0.05078125
0 0.503125 0.4814453125 0.040625 0.048828125
0 0.4296875 0.3173828125 0.040625 0.048828125
0 0.4734375 0.2822265625 0.040625 0.048828125
0 0.66328125 0.6240234375 0.0390625 0.048828125
0 0.615625 0.7578125 0.040625 0.05078125
0 0.415625 0.5556640625 0.040625 0.048828125
0 0.375 0.4970703125 0.040625 0.048828125
0 0.5109375 0.3388671875 0.040625 0.048828125
0 0.4171875 0.5068359375 0.040625 0.048828125
0 0.63515625 0.3291015625 0.0390625 0.048828125
0 0.50546875 0.4345703125 0.0390625 0.048828125
0 0.4671875 0.3759765625 0.040625 0.048828125
0 0.39296875 0.2138671875 0.0390625 0.048828125
0 0.675 0.3408203125 0.040625 0.048828125
0 0.546875 0.447265625 0.040625 0.05078125
0 0.38125 0.400390625 0.040625 0.05078125
0 0.61953125 0.708984375 0.0390625 0.046875
0 0.5453125 0.494140625 0.040625 0.05078125
0 0.5375 0.6396484375 0.040625 0.048828125
0 0.5796875 0.6494140625 0.040625 0.048828125
0 0.659375 0.7177734375 0.040625 0.048828125
0 0.5828125 0.5537109375 0.040625 0.048828125
0 0.54140625 0.5908203125 0.0390625 0.048828125
0 0.58515625 0.505859375 0.0390625 0.046875
0 0.465625 0.4228515625 0.040625 0.048828125
0 0.4265625 0.3642578125 0.0375 0.048828125
0 0.496875 0.5771484375 0.040625 0.048828125
0 0.5015625 0.5283203125 0.040625 0.048828125
0 0.46953125 0.3291015625 0.0390625 0.048828125
0 0.4890625 0.7255859375 0.040625 0.048828125
0 0.42109375 0.4599609375 0.0390625 0.048828125
0 0.459375 0.5185546875 0.040625 0.048828125
0 0.63125 0.4208984375 0.040625 0.048828125
0 0.37109375 0.5439453125 0.0390625 0.048828125
0 0.509375 0.3857421875 0.040625 0.048828125
0 0.3796875 0.4501953125 0.040625 0.048828125
0 0.59140625 0.3642578125 0.0390625 0.048828125
0 0.62109375 0.6123046875 0.0390625 0.048828125
0 0.43125 0.2705078125 0.040625 0.048828125
0 0.3875 0.3076171875 0.040625 0.048828125
0 0.4734375 0.2353515625 0.040625 0.048828125
0 0.6734375 0.3876953125 0.040625 0.048828125
0 0.46328125 0.4716796875 0.0390625 0.048828125
0 0.4234375 0.41015625 0.040625 0.05078125
0 0.553125 0.3076171875 0.040625 0.048828125
0 0.66953125 0.4794921875 0.0390625 0.048828125
0 0.6609375 0.6708984375 0.040625 0.048828125
0 0.515625 0.2470703125 0.040625 0.048828125
0 0.365625 0.6416015625 0.040625 0.048828125
0 0.38515625 0.353515625 0.0390625 0.05078125
0 0.6375 0.2822265625 0.040625 0.048828125
0 0.67734375 0.2939453125 0.0390625 0.048828125
