0 0.59453125 0.8115234375 0.0390625 0.048828125
0 0.61953125 0.5751953125 0.0390625 0.048828125
0 0.69609375 0.2958984375 0.0390625 0.048828125
0 0.46953125 0.6083984375 0.0390625 0.048828125
0 0.60703125 0.6923828125 0.0390625 0.048828125
0 0.68515625 0.4111328125 0.0390625 0.048828125
0 0.52578125 0.5576171875 0.0390625 0.048828125
0 0.54765625 0.3271484375 0.0390625 0.048828125
0 0.67265625 0.5263671875 0.0390625 0.048828125
0 0.49453125 0.3759765625 0.0390625 0.048828125
0 0.49765625 0.7939453125 0.0390625 0.048828125
0 0.68671875 0.8896484375 0.0390625 0.048828125
0 0.57109375 0.5673828125 0.0390625 0.048828125
0 0.34609375 0.8271484375 0.0390625 0.048828125
0 0.51171875 0.6767578125 0.0390625 0.048828125
0 0.56015625 0.6845703125 0.0390625 0.048828125
0 0.39765625 0.3583984375 0.0390625 0.048828125
0 0.66171875 0.6435546875 0.0390625 0.048828125
0 0.64453125 0.3447265625 0.0390625 0.048828125
0 0.56640625 0.6259765625 0.0390625 0.048828125
0 0.44453125 0.8447265625 0.0390625 0.048828125
0 0.63046875 0.4599609375 0.0390625 0.048828125
0 0.45703125 0.7255859375 0.0390625 0.048828125
0 0.53046875 0.5009765625 0.0390625 0.048828125
0 0.63671875 0.4013671875 0.0390625 0.048828125
0 0.35859375 0.7080078125 0.0390625 0.048828125
0 0.48046875 0.4912109375 0.0390625 0.048828125
0 0.54765625 0.8037109375 0.0390625 0.048828125
0 0.50546875 0.7353515625 0.0390625 0.048828125
0 0.43359375 0.4833984375 0.0390625 0.048828125
0 0.45703125 0.2509765625 0.0390625 0.048828125
0 0.59453125 0.3349609375 0.0390625 0.048828125
0 0.53515625 0.4423828125 0.0390625 0.048828125
0 0.67890625 0.4677734375 0.0390625 0.048828125
0 0.43984375 0.4248046875 0.0390625 0.048828125
0 0.40859375 0.7177734375 0.0390625 0.048828125
0 0.38515625 0.4736328125 0.0390625 0.048828125
0 0.69765625 0.7705078125 0.0390625 0.048828125
0 0.48828125 0.4326171875 0.0390625 0.048828125
0 0.37265625 0.5908203125 0.0390625 0.048828125
0 0.72109375 0.5341796875 0.0390625 0.048828125
0 0.42109375 0.5986328125 0.0390625 0.048828125
0 0.70859375 0.6513671875 0.0390625 0.048828125
0 0.64921875 0.7607421875 0.0390625 0.048828125
0 0.58984375 0.3935546875 0.0390625 0.048828125
0 0.35390625 0.7685546875 0.0390625 0.048828125
0 0.58359375 0.4501953125 0.0390625 0.048828125
0 0.41484375 0.6572265625 0.0390625 0.048828125
0 0.64765625 0.2861328125 0.0390625 0.048828125
0 0.62421875 0.5185546875 0.0390625 0.048828125
0 0.47578125 0.5498046875 0.0390625 0.048828125
0 0.37890625 0.5322265625 0.0390625 0.048828125
0 0.71484375 0.5927734375 0.0390625 0.048828125
0 0.41015625 0.2412109375 0.0390625 0.048828125
0 0.69140625 0.8291015625 0.0390625 0.048828125
0 0.44609375 0.3662109375 0.0390625 0.048828125
0 0.44921875 0.7841796875 0.0390625 0.048828125
0 0.40390625 0.2998046875 0.0390625 0.048828125
0 0.65546875 0.7021484375 0.0390625 0.048828125
0 0.49921875 0.3173828125 0.0390625 0.048828125
0 0.39453125 0.8369140625 0.0390625 0.048828125
0 0.46328125 0.6669921875 0.0390625 0.048828125
0 0.73671875 0.3603515625 0.0390625 0.048828125
0 0.60234375 0.7529296875 0.0390625 0.048828125
0 0.50546875 0.2587890625 0.0390625 0.048828125
0 0.70234375 0.7119140625 0.0390625 0.048828125
0 0.61328125 0.6337890625 0.0390625 0.048828125
0 0.54140625 0.8623046875 0.0390625 0.048828125
0 0.55546875 0.2685546875 0.0390625 0.048828125
0 0.73359375 0.4189453125 0.0390625 0.048828125
0 0.59921875 0.2763671875 0.0390625 0.048828125
0 0.66953125 0.5849609375 0.0390625 0.048828125
0 0.45078125 0.3076171875 0.0390625 0.048828125
0 0.74296875 0.3037109375 0.0390625 0.048828125
0 0.64609375 0.8212890625 0.0390625 0.048828125
0 0.63828125 0.8798828125 0.0390625 0.048828125
0 0.72890625 0.4775390625 0.0390625 0.048828125
0 0.42734375 0.5400390625 0.0390625 0.048828125
0 0.40078125 0.7763671875 0.0390625 0.048828125
0 0.58984375 0.8720703125 0.0390625 0.048828125
0 0.51796875 0.6162109375 0.0390625 0.048828125
0 0.57734375 0.5087890625 0.0390625 0.048828125
0 0.55234375 0.7431640625 0.0390625 0.048828125
0 0.49296875 0.8544921875 0.0390625 0.048828125
0 0.68984375 0.3525390625 0.0390625 0.048828125
0 0.36640625 0.6494140625 0.0390625 0.048828125
0 0.54140625 0.3837890625 0.0390625 0.048828125
0 0.39140625 0.4150390625 0.0390625 0.048828125
