0 0.53515625 0.5458984375 0.0390625 0.048828125
0 0.37421875 0.2705078125 0.0390625 0.048828125
0 0.55078125 0.7841796875 0.0390625 0.048828125
0 0.49453125 0.6708984375 0.0390625 0.048828125
0 0.63828125 0.6533203125 0.0390625 0.048828125
0 0.58671875 0.5986328125 0.0390625 0.048828125
0 0.39609375 0.6240234375 0.0390625 0.048828125
0 0.61328125 0.2392578125 0.0390625 0.048828125
0 0.49921875 0.7314453125 0.0390625 0.048828125
0 0.52109375 0.3115234375 0.0390625 0.048828125
0 0.66015625 0.2314453125 0.0390625 0.048828125
0 0.57265625 0.3623046875 0.0390625 0.048828125
0 0.32421875 0.2177734375 0.0390625 0.048828125
0 0.38203125 0.3876953125 0.0390625 0.048828125
0 0.53828125 0.6044921875 0.0390625 0.048828125
0 0.63515625 0.5927734375 0.0390625 0.048828125
0 0.33828125 0.4541015625 0.0390625 0.048828125
0 0.43671875 0.4990234375 0.0390625 0.048828125
0 0.38828125 0.5068359375 0.0390625 0.048828125
0 0.67578125 0.4677734375 0.0390625 0.048828125
0 0.42265625 0.2646484375 0.0390625 0.048828125
0 0.45078125 0.7373046875 0.0390625 0.048828125
0 0.57578125 0.4208984375 0.0390625 0.048828125
0 0.57890625 0.4814453125 0.0390625 0.048828125
0 0.56171875 0.1865234375 0.0390625 0.048828125
0 0.62734375 0.4736328125 0.0390625 0.048828125
0 0.59140625 0.6591796875 0.0390625 0.048828125
0 0.52421875 0.3701171875 0.0390625 0.048828125
0 0.38515625 0.4462890625 0.0390625 0.048828125
0 0.48828125 0.5517578125 0.0390625 0.048828125
0 0.37890625 0.3291015625 0.0390625 0.048828125
0 0.35390625 0.7509765625 0.0390625 0.048828125
0 0.48359375 0.4931640625 0.0390625 0.048828125
0 0.61953125 0.3564453125 0.0390625 0.048828125
0 0.39921875 0.6845703125 0.0390625 0.048828125
0 0.43984375 0.5595703125 0.0390625 0.048828125
0 0.42578125 0.3232421875 0.0390625 0.048828125
0 0.59453125 0.7177734375 0.0390625 0.048828125
0 0.35078125 0.6904296875 0.0390625 0.048828125
0 0.62421875 0.4150390625 0.0390625 0.048828125
0 0.48046875 0.4345703125 0.0390625 0.048828125
0 0.59765625 0.7783203125 0.0390625 0.048828125
0 0.66484375 0.2900390625 0.0390625 0.048828125
0 0.43359375 0.4404296875 0.0390625 0.048828125
0 0.51796875 0.2509765625 0.0390625 0.048828125
0 0.39140625 0.5654296875 0.0390625 0.048828125
0 0.47734375 0.3759765625 0.0390625 0.048828125
0 0.51328125 0.1923828125 0.0390625 0.048828125
0 0.68359375 0.5869140625 0.0390625 0.048828125
0 0.67890625 0.5263671875 0.0390625 0.048828125
0 0.60859375 0.1787109375 0.0390625 0.048828125
0 0.61640625 0.2978515625 0.0390625 0.048828125
0 0.35703125 0.8095703125 0.0390625 0.048828125
0 0.69140625 0.7060546875 0.0390625 0.048828125
0 0.45390625 0.7978515625 0.0390625 0.048828125
0 0.49140625 0.6123046875 0.0390625 0.048828125
0 0.56484375 0.2451171875 0.0390625 0.048828125
0 0.50234375 0.7919921875 0.0390625 0.048828125
0 0.34140625 0.5126953125 0.0390625 0.048828125
0 0.47265625 0.3173828125 0.0390625 0.048828125
0 0.64609375 0.7724609375 0.0390625 0.048828125
0 0.37109375 0.2119140625 0.0390625 0.048828125
0 0.44609375 0.6767578125 0.0390625 0.048828125
0 0.68671875 0.6455078125 0.0390625 0.048828125
0 0.41953125 0.2060546875 0.0390625 0.048828125
0 0.46640625 0.2001953125 0.0390625 0.048828125
0 0.63046875 0.5341796875 0.0390625 0.048828125
0 0.53203125 0.4873046875 0.0390625 0.048828125
0 0.46953125 0.2587890625 0.0390625 0.048828125
0 0.69453125 0.7666015625 0.0390625 0.048828125
0 0.58359375 0.5400390625 0.0390625 0.048828125
0 0.65703125 0.1728515625 0.0390625 0.048828125
0 0.32734375 0.2763671875 0.0390625 0.048828125
0 0.40234375 0.7451171875 0.0390625 0.048828125
0 0.52734375 0.4287109375 0.0390625 0.048828125
0 0.34453125 0.5712890625 0.0390625 0.048828125
0 0.42890625 0.3818359375 0.0390625 0.048828125
0 0.54609375 0.7255859375 0.0390625 0.048828125
0 0.54296875 0.6650390625 0.0390625 0.048828125
0 0.34765625 0.6318359375 0.0390625 0.048828125
0 0.33046875 0.3349609375 0.0390625 0.048828125
0 0.67109375 0.4091796875 0.0390625 0.048828125
0 0.66796875 0.3505859375 0.0390625 0.048828125
0 0.56953125 0.3037109375 0.0390625 0.048828125
0 0.44296875 0.6181640625 0.0390625 0.048828125
0 0.64296875 0.7119140625 0.0390625 0.048828125
0 0.33359375 0.3955078125 0.0390625 0.048828125
0 0.40546875 0.8037109375 0.0390625 0.048828125
