0 0.80234375 0.537109375 0.0734375 0.05859375
0 0.675 0.7001953125 0.075 0.060546875
0 0.46171875 0.8037109375 0.0734375 0.060546875
0 0.6484375 0.56640625 0.075 0.05859375
0 0.7015625 0.833984375 0.075 0.05859375
0 0.8921875 0.59375 0.075 0.05859375
0 0.4734375 0.462890625 0.075 0.05859375
0 0.6375 0.498046875 0.075 0.05859375
0 0.3875 0.4091796875 0.075 0.060546875
0 0.6109375 0.7802734375 0.075 0.060546875
0 0.5515625 0.8603515625 0.075 0.060546875
0 0.76484375 0.337890625 0.0734375 0.05859375
0 0.7015625 0.4208984375 0.075 0.060546875
0 0.5625 0.513671875 0.075 0.05859375
0 0.375 0.34375 0.075 0.05859375
0 0.7125 0.4853515625 0.075 0.056640625
0 0.7390625 0.6201171875 0.075 0.060546875
0 0.84375 0.3232421875 0.075 0.060546875
0 0.5734375 0.5810546875 0.075 0.060546875
0 0.45 0.3291015625 0.075 0.060546875
0 0.525 0.7265625 0.075 0.05859375
0 0.8703125 0.875 0.075 0.05859375
0 0.425 0.60546875 0.075 0.05859375
0 0.3265625 0.4892578125 0.075 0.060546875
0 0.5359375 0.3818359375 0.075 0.056640625
0 0.715625 0.90234375 0.075 0.05859375
0 0.5109375 0.658203125 0.075 0.05859375
0 0.475 0.8720703125 0.071875 0.060546875
0 0.45 0.740234375 0.075 0.0546875
0 0.8703125 0.45703125 0.075 0.05859375
0 0.6 0.7119140625 0.075 0.060546875
0 0.76484375 0.75390625 0.0734375 0.05859375
0 0.4125 0.5400390625 0.075 0.060546875
0 0.7421875 0.205078125 0.075 0.05859375
0 0.5859375 0.646484375 0.075 0.05859375
0 0.4390625 0.673828125 0.075 0.05859375
0 0.525 0.3173828125 0.075 0.060546875
0 0.30078125 0.359375 0.0734375 0.05859375
0 0.7765625 0.4033203125 0.075 0.060546875
0 0.53828125 0.7919921875 0.0703125 0.060546875
0 0.6640625 0.2197265625 0.075 0.060546875
0 0.6375 0.9140625 0.075 0.05859375
0 0.375 0.751953125 0.075 0.0546875
0 0.90703125 0.662109375 0.0734375 0.05859375
0 0.6109375 0.3681640625 0.075 0.060546875
0 0.75 0.685546875 0.075 0.05859375
0 0.6640625 0.6337890625 0.075 0.056640625
0 0.4875 0.9404296875 0.075 0.060546875
0 0.353125 0.6201171875 0.075 0.060546875
0 0.5484375 0.4482421875 0.075 0.060546875
0 0.753125 0.2734375 0.075 0.05859375
0 0.8546875 0.8095703125 0.075 0.060546875
0 0.5140625 0.2490234375 0.075 0.060546875
0 0.6265625 0.43359375 0.075 0.05859375
0 0.790625 0.4716796875 0.075 0.060546875
0 0.8328125 0.2548828125 0.075 0.060546875
0 0.828125 0.673828125 0.075 0.05859375
0 0.5625 0.9287109375 0.075 0.060546875
0 0.33828125 0.5546875 0.0734375 0.05859375
0 0.84375 0.7421875 0.075 0.05859375
0 0.8546875 0.388671875 0.075 0.05859375
0 0.675 0.28515625 0.075 0.05859375
0 0.62265625 0.845703125 0.0734375 0.05859375
0 0.4390625 0.263671875 0.075 0.05859375
0 0.728125 0.5517578125 0.075 0.060546875
0 0.8171875 0.60546875 0.075 0.05859375
0 0.6 0.2998046875 0.075 0.060546875
0 0.4125 0.9521484375 0.075 0.060546875
0 0.315625 0.423828125 0.075 0.05859375
0 0.921875 0.7265625 0.075 0.05859375
0 0.3640625 0.279296875 0.075 0.05859375
0 0.4015625 0.88671875 0.075 0.05859375
0 0.484375 0.5283203125 0.075 0.060546875
0 0.7796875 0.822265625 0.075 0.05859375
0 0.9328125 0.794921875 0.075 0.05859375
0 0.5890625 0.234375 0.075 0.05859375
0 0.4015625 0.4775390625 0.075 0.060546875
0 0.49921875 0.59375 0.0734375 0.05859375
0 0.6859375 0.7685546875 0.075 0.060546875
0 0.690625 0.353515625 0.075 0.05859375
0 0.465625 0.39453125 0.075 0.05859375
0 0.94453125 0.86328125 0.0734375 0.05859375
0 0.390625 0.818359375 0.075 0.05859375
0 0.29375 0.2939453125 0.075 0.060546875
0 0.790625 0.8896484375 0.075 0.060546875
0 0.88125 0.525390625 0.075 0.05859375
0 0.3640625 0.6884765625 0.075 0.060546875
0 0.8171875 0.1884765625 0.075 0.056640625
