0 0.59140625 0.599609375 0.0390625 0.046875
0 0.65703125 0.2255859375 0.0390625 0.048828125
0 0.625 0.4111328125 0.0375 0.044921875
0 0.58515625 0.6455078125 0.0390625 0.044921875
0 0.6078125 0.5048828125 0.0375 0.044921875
0 0.640625 0.3173828125 0.0375 0.044921875
0 0.48125 0.5400390625 0.0375 0.048828125
0 0.4734375 0.5869140625 0.0375 0.044921875
0 0.50625 0.4013671875 0.0375 0.048828125
0 0.33671875 0.6708984375 0.0390625 0.044921875
0 0.371875 0.4814453125 0.0375 0.044921875
0 0.42265625 0.2060546875 0.0390625 0.044921875
0 0.65 0.2724609375 0.0375 0.044921875
0 0.671875 0.3681640625 0.0375 0.044921875
0 0.51328125 0.3544921875 0.0390625 0.044921875
0 0.40625 0.2978515625 0.0375 0.044921875
0 0.496875 0.4453125 0.0375 0.046875
0 0.56015625 0.5478515625 0.0390625 0.044921875
0 0.53046875 0.26171875 0.0390625 0.046875
0 0.54375 0.6435546875 0.0375 0.044921875
0 0.578125 0.2197265625 0.0375 0.044921875
0 0.384375 0.6259765625 0.0375 0.044921875
0 0.528125 0.498046875 0.0375 0.046875
0 0.45 0.490234375 0.040625 0.046875
0 0.56953125 0.265625 0.0390625 0.046875
0 0.39296875 0.580078125 0.0390625 0.046875
0 0.59375 0.361328125 0.040625 0.046875
0 0.6171875 0.458984375 0.0375 0.046875
0 0.503125 0.6396484375 0.040625 0.044921875
0 0.4265625 0.3935546875 0.0375 0.044921875
0 0.4171875 0.677734375 0.0375 0.046875
0 0.640625 0.5546875 0.0375 0.046875
0 0.4359375 0.34765625 0.0375 0.046875
0 0.4640625 0.634765625 0.0375 0.046875
0 0.353125 0.576171875 0.0375 0.046875
0 0.41875 0.4404296875 0.0375 0.044921875
0 0.41328125 0.251953125 0.0390625 0.046875
0 0.53671875 0.4501953125 0.0390625 0.044921875
0 0.5515625 0.5947265625 0.0375 0.048828125
0 0.4015625 0.5322265625 0.0375 0.044921875
0 0.6890625 0.2744140625 0.0375 0.044921875
0 0.3625 0.5302734375 0.0375 0.044921875
0 0.490625 0.2587890625 0.0375 0.044921875
0 0.6796875 0.3203125 0.0375 0.046875
0 0.4421875 0.5361328125 0.0375 0.044921875
0 0.5609375 0.3115234375 0.0375 0.044921875
0 0.61640625 0.69921875 0.0390625 0.046875
0 0.48203125 0.3037109375 0.0390625 0.044921875
0 0.5765625 0.453125 0.040625 0.046875
0 0.49921875 0.2119140625 0.0390625 0.048828125
0 0.3765625 0.67578125 0.040625 0.046875
0 0.58515625 0.4072265625 0.0390625 0.044921875
0 0.66328125 0.4150390625 0.0390625 0.048828125
0 0.6328125 0.6025390625 0.0375 0.044921875
0 0.69609375 0.2294921875 0.0390625 0.044921875
0 0.4328125 0.5849609375 0.040625 0.044921875
0 0.521875 0.306640625 0.040625 0.046875
0 0.49453125 0.685546875 0.0390625 0.046875
0 0.5390625 0.216796875 0.040625 0.046875
0 0.5203125 0.544921875 0.040625 0.046875
0 0.4609375 0.2080078125 0.0375 0.044921875
0 0.57578125 0.6953125 0.0390625 0.046875
0 0.6171875 0.2216796875 0.0375 0.044921875
0 0.3890625 0.390625 0.0375 0.046875
0 0.5453125 0.404296875 0.0375 0.046875
0 0.39609375 0.3427734375 0.0390625 0.044921875
0 0.6 0.314453125 0.0375 0.046875
0 0.4546875 0.6826171875 0.0375 0.044921875
0 0.5109375 0.5908203125 0.0375 0.044921875
0 0.6 0.552734375 0.0375 0.046875
0 0.44375 0.30078125 0.0375 0.046875
0 0.60859375 0.267578125 0.0390625 0.046875
0 0.465625 0.3955078125 0.0375 0.044921875
0 0.45859375 0.443359375 0.0390625 0.046875
0 0.64765625 0.5078125 0.0390625 0.046875
0 0.42265625 0.630859375 0.0390625 0.046875
0 0.409375 0.4853515625 0.0375 0.048828125
0 0.553125 0.3564453125 0.0375 0.044921875
0 0.4890625 0.4931640625 0.0375 0.044921875
0 0.6328125 0.3642578125 0.0375 0.048828125
0 0.53515625 0.6904296875 0.0390625 0.048828125
0 0.4734375 0.3505859375 0.0375 0.048828125
0 0.625 0.650390625 0.0375 0.046875
0 0.65703125 0.4619140625 0.0390625 0.044921875
0 0.45234375 0.2568359375 0.0390625 0.044921875
0 0.3796875 0.435546875 0.0375 0.046875
0 0.56875 0.5 0.0375 0.046875
0 0.3453125 0.623046875 0.0375 0.046875
