0 0.63046875 0.5009765625 0.0609375 0.056640625
0 0.5 0.8037109375 0.059375 0.056640625
0 0.76875 0.4697265625 0.059375 0.056640625
0 0.34453125 0.775390625 0.0609375 0.0546875
0 0.66953125 0.6298828125 0.0609375 0.056640625
0 0.30625 0.6474609375 0.059375 0.056640625
0 0.73203125 0.3408203125 0.0609375 0.056640625
0 0.4953125 0.5341796875 0.059375 0.056640625
0 0.46328125 0.6787109375 0.0609375 0.056640625
0 0.59453125 0.3759765625 0.0609375 0.056640625
0 0.47109375 0.2001953125 0.0609375 0.056640625
0 0.80546875 0.5947265625 0.0609375 0.056640625
0 0.425 0.552734375 0.059375 0.0546875
0 0.70546875 0.7548828125 0.0609375 0.056640625
0 0.28203125 0.3125 0.0609375 0.0546875
0 0.38359375 0.9013671875 0.0609375 0.056640625
0 0.23125 0.3935546875 0.059375 0.056640625
0 0.60859375 0.166015625 0.0609375 0.0546875
0 0.41953125 0.2802734375 0.0609375 0.056640625
0 0.5703125 0.7861328125 0.059375 0.056640625
0 0.45625 0.4091796875 0.059375 0.056640625
0 0.69609375 0.2138671875 0.0609375 0.056640625
0 0.55859375 0.2470703125 0.0609375 0.056640625
0 0.53203125 0.6611328125 0.0609375 0.056640625
0 0.26953125 0.521484375 0.0609375 0.0546875
0 0.62578125 0.2314453125 0.0609375 0.056640625
0 0.84375 0.7216796875 0.059375 0.056640625
0 0.63828125 0.7705078125 0.0609375 0.056640625
0 0.59921875 0.6455078125 0.0609375 0.056640625
0 0.31796875 0.4404296875 0.0609375 0.056640625
0 0.2625 0.2490234375 0.059375 0.056640625
0 0.35703125 0.568359375 0.0609375 0.0546875
0 0.48828125 0.2626953125 0.0609375 0.056640625
0 0.66171875 0.359375 0.0609375 0.0546875
0 0.39296875 0.6943359375 0.0609375 0.056640625
0 0.40078125 0.2158203125 0.0609375 0.056640625
0 0.53828125 0.1826171875 0.0609375 0.056640625
0 0.78828125 0.5322265625 0.0609375 0.056640625
0 0.38828125 0.4248046875 0.0609375 0.056640625
0 0.43203125 0.8203125 0.0609375 0.0546875
0 0.6453125 0.2939453125 0.059375 0.056640625
0 0.52421875 0.3916015625 0.0609375 0.056640625
0 0.56328125 0.5185546875 0.0609375 0.056640625
0 0.82421875 0.658203125 0.0609375 0.0546875
0 0.71328125 0.2783203125 0.0609375 0.056640625
0 0.74921875 0.4072265625 0.0609375 0.056640625
0 0.68203125 0.4228515625 0.0609375 0.056640625
0 0.36953125 0.3623046875 0.0609375 0.056640625
0 0.33046875 0.2314453125 0.0609375 0.056640625
0 0.50703125 0.328125 0.0609375 0.0546875
0 0.51953125 0.8671875 0.0609375 0.0546875
0 0.61171875 0.4384765625 0.0609375 0.056640625
0 0.48359375 0.7412109375 0.0609375 0.056640625
0 0.29921875 0.3779296875 0.0609375 0.056640625
0 0.575 0.3125 0.059375 0.0546875
0 0.36484375 0.8388671875 0.0609375 0.056640625
0 0.19296875 0.2646484375 0.0609375 0.056640625
0 0.43671875 0.34375 0.0609375 0.0546875
0 0.70078125 0.4853515625 0.0609375 0.056640625
0 0.32578125 0.7119140625 0.0609375 0.056640625
0 0.65 0.5634765625 0.059375 0.056640625
0 0.35 0.2958984375 0.059375 0.056640625
0 0.73671875 0.611328125 0.0609375 0.0546875
0 0.44453125 0.6162109375 0.0609375 0.056640625
0 0.28671875 0.5849609375 0.0609375 0.056640625
0 0.40546875 0.4873046875 0.0609375 0.056640625
0 0.6765625 0.150390625 0.059375 0.0546875
0 0.8609375 0.7841796875 0.059375 0.056640625
0 0.7734375 0.7373046875 0.059375 0.056640625
0 0.68671875 0.6923828125 0.0609375 0.056640625
0 0.75390625 0.6748046875 0.0609375 0.056640625
0 0.65703125 0.8330078125 0.0609375 0.056640625
0 0.54375 0.4560546875 0.059375 0.056640625
0 0.33828125 0.5048828125 0.0609375 0.056640625
0 0.3765625 0.6318359375 0.059375 0.056640625
0 0.71796875 0.5478515625 0.0609375 0.056640625
0 0.79296875 0.7998046875 0.0609375 0.056640625
0 0.61875 0.7080078125 0.059375 0.056640625
0 0.41328125 0.7568359375 0.0609375 0.056640625
0 0.47578125 0.4716796875 0.0609375 0.056640625
0 0.58203125 0.58203125 0.0609375 0.0546875
0 0.25078125 0.4580078125 0.0609375 0.056640625
0 0.4515625 0.8857421875 0.059375 0.056640625
0 0.725 0.8173828125 0.059375 0.056640625
0 0.51171875 0.59765625 0.0609375 0.0546875
0 0.21171875 0.330078125 0.0609375 0.0546875
0 0.55078125 0.7236328125 0.0609375 0.056640625
0 0.58984375 0.8515625 0.0609375 0.0546875
