0 0.70390625 0.7587890625 0.0453125 0.060546875
0 0.7515625 0.6806640625 0.046875 0.060546875
0 0.5984375 0.7900390625 0.046875 0.056640625
0 0.74296875 0.5478515625 0.0453125 0.060546875
0 0.66875 0.177734375 0.046875 0.0625
0 0.49453125 0.81640625 0.0453125 0.05859375
0 0.5796875 0.4638671875 0.046875 0.060546875
0 0.5953125 0.7216796875 0.046875 0.060546875
0 0.69140625 0.5634765625 0.0453125 0.060546875
0 0.4265625 0.4423828125 0.04375 0.060546875
0 0.5875 0.5927734375 0.046875 0.060546875
0 0.69453125 0.6298828125 0.0453125 0.060546875
0 0.70625 0.828125 0.046875 0.05859375
0 0.6765625 0.3037109375 0.046875 0.060546875
0 0.37578125 0.4560546875 0.0453125 0.060546875
0 0.684375 0.43359375 0.046875 0.05859375
0 0.3703125 0.3310546875 0.046875 0.060546875
0 0.4890625 0.685546875 0.046875 0.0625
0 0.51875 0.287109375 0.046875 0.05859375
0 0.41640625 0.2548828125 0.0453125 0.060546875
0 0.39375 0.8466796875 0.046875 0.060546875
0 0.41875 0.3173828125 0.046875 0.060546875
0 0.4234375 0.3798828125 0.046875 0.060546875
0 0.4921875 0.751953125 0.046875 0.05859375
0 0.62109375 0.2568359375 0.0453125 0.060546875
0 0.65390625 0.841796875 0.0453125 0.05859375
0 0.646875 0.7080078125 0.046875 0.060546875
0 0.6390625 0.5771484375 0.046875 0.060546875
0 0.38125 0.5849609375 0.046875 0.060546875
0 0.4296875 0.5048828125 0.046875 0.060546875
0 0.47890625 0.4931640625 0.0453125 0.060546875
0 0.69921875 0.6943359375 0.0453125 0.060546875
0 0.4328125 0.5712890625 0.046875 0.060546875
0 0.5671875 0.2060546875 0.046875 0.060546875
0 0.59140625 0.6591796875 0.0453125 0.060546875
0 0.68671875 0.4990234375 0.0453125 0.060546875
0 0.75859375 0.814453125 0.0453125 0.05859375
0 0.4859375 0.6201171875 0.04375 0.060546875
0 0.5265625 0.4130859375 0.046875 0.060546875
0 0.440625 0.765625 0.046875 0.05859375
0 0.734375 0.419921875 0.046875 0.05859375
0 0.3984375 0.9130859375 0.046875 0.060546875
0 0.57265625 0.3359375 0.0453125 0.05859375
0 0.4671875 0.2373046875 0.046875 0.056640625
0 0.38671875 0.712890625 0.0453125 0.05859375
0 0.6796875 0.369140625 0.04375 0.05859375
0 0.48359375 0.5556640625 0.0453125 0.060546875
0 0.55 0.869140625 0.046875 0.05859375
0 0.5859375 0.5283203125 0.046875 0.060546875
0 0.4765625 0.4287109375 0.046875 0.060546875
0 0.54296875 0.7373046875 0.0453125 0.060546875
0 0.61796875 0.1904296875 0.0453125 0.060546875
0 0.43515625 0.6337890625 0.0453125 0.060546875
0 0.5703125 0.271484375 0.046875 0.05859375
0 0.471875 0.3662109375 0.046875 0.060546875
0 0.7234375 0.2255859375 0.046875 0.060546875
0 0.4484375 0.8994140625 0.046875 0.060546875
0 0.628125 0.3828125 0.046875 0.05859375
0 0.5328125 0.5419921875 0.04375 0.060546875
0 0.49921875 0.8857421875 0.0453125 0.060546875
0 0.671875 0.2412109375 0.04375 0.060546875
0 0.578125 0.3984375 0.046875 0.05859375
0 0.5171875 0.224609375 0.046875 0.05859375
0 0.7546875 0.7470703125 0.046875 0.060546875
0 0.60234375 0.85546875 0.0453125 0.05859375
0 0.44453125 0.830078125 0.0453125 0.05859375
0 0.4390625 0.7001953125 0.046875 0.056640625
0 0.4703125 0.3017578125 0.046875 0.060546875
0 0.5375 0.6064453125 0.046875 0.060546875
0 0.63203125 0.44921875 0.0453125 0.05859375
0 0.728125 0.2880859375 0.04375 0.060546875
0 0.634375 0.5126953125 0.046875 0.060546875
0 0.36640625 0.267578125 0.0453125 0.0625
0 0.52421875 0.349609375 0.0453125 0.05859375
0 0.546875 0.802734375 0.046875 0.05859375
0 0.5296875 0.4794921875 0.046875 0.060546875
0 0.390625 0.779296875 0.046875 0.05859375
0 0.65078125 0.775390625 0.0453125 0.0625
0 0.53984375 0.6728515625 0.0453125 0.060546875
0 0.64375 0.6435546875 0.046875 0.060546875
0 0.73984375 0.482421875 0.0453125 0.05859375
0 0.384375 0.650390625 0.046875 0.05859375
0 0.71953125 0.1611328125 0.0453125 0.060546875
0 0.746875 0.6142578125 0.046875 0.060546875
0 0.73046875 0.3525390625 0.0453125 0.060546875
0 0.625 0.3193359375 0.046875 0.060546875
0 0.3734375 0.3935546875 0.046875 0.060546875
0 0.3796875 0.521484375 0.046875 0.0625
