0 0.39765625 0.5537109375 0.0390625 0.048828125
0 0.50390625 0.1865234375 0.0390625 0.048828125
0 0.45234375 0.7626953125 0.0390625 0.048828125
0 0.46171875 0.2001953125 0.0390625 0.048828125
0 0.24140625 0.7685546875 0.0390625 0.048828125
0 0.53046875 0.6259765625 0.0390625 0.048828125
0 0.38515625 0.3349609375 0.0390625 0.048828125
0 0.51640625 0.4033203125 0.0390625 0.048828125
0 0.51015625 0.2939453125 0.0390625 0.048828125
0 0.52265625 0.5146484375 0.0390625 0.048828125
0 0.27890625 0.7001953125 0.0390625 0.048828125
0 0.42734375 0.3212890625 0.0390625 0.048828125
0 0.32421875 0.7431640625 0.0390625 0.048828125
0 0.27421875 0.5908203125 0.0390625 0.048828125
0 0.28515625 0.8115234375 0.0390625 0.048828125
0 0.44296875 0.5947265625 0.0390625 0.048828125
0 0.47734375 0.4716796875 0.0390625 0.048828125
0 0.48515625 0.5830078125 0.0390625 0.048828125
0 0.30078125 0.3056640625 0.0390625 0.048828125
0 0.36328125 0.6748046875 0.0390625 0.048828125
0 0.27734375 0.6455078125 0.0390625 0.048828125
0 0.43671875 0.4853515625 0.0390625 0.048828125
0 0.40078125 0.6083984375 0.0390625 0.048828125
0 0.31171875 0.5224609375 0.0390625 0.048828125
0 0.27109375 0.5361328125 0.0390625 0.048828125
0 0.43984375 0.5400390625 0.0390625 0.048828125
0 0.44921875 0.7060546875 0.0390625 0.048828125
0 0.26015625 0.3193359375 0.0390625 0.048828125
0 0.32109375 0.6884765625 0.0390625 0.048828125
0 0.53828125 0.7392578125 0.0390625 0.048828125
0 0.23046875 0.5478515625 0.0390625 0.048828125
0 0.23515625 0.6572265625 0.0390625 0.048828125
0 0.22578125 0.4404296875 0.0390625 0.048828125
0 0.34765625 0.4013671875 0.0390625 0.048828125
0 0.26328125 0.3740234375 0.0390625 0.048828125
0 0.47421875 0.4169921875 0.0390625 0.048828125
0 0.36015625 0.6201171875 0.0390625 0.048828125
0 0.30390625 0.3603515625 0.0390625 0.048828125
0 0.42421875 0.2666015625 0.0390625 0.048828125
0 0.29765625 0.2529296875 0.0390625 0.048828125
0 0.35078125 0.4560546875 0.0390625 0.048828125
0 0.32734375 0.7998046875 0.0390625 0.048828125
0 0.49140625 0.6943359375 0.0390625 0.048828125
0 0.48828125 0.6376953125 0.0390625 0.048828125
0 0.43046875 0.3759765625 0.0390625 0.048828125
0 0.38828125 0.3896484375 0.0390625 0.048828125
0 0.35703125 0.5654296875 0.0390625 0.048828125
0 0.40703125 0.7197265625 0.0390625 0.048828125
0 0.46484375 0.2548828125 0.0390625 0.048828125
0 0.41015625 0.7744140625 0.0390625 0.048828125
0 0.47109375 0.3623046875 0.0390625 0.048828125
0 0.38203125 0.2802734375 0.0390625 0.048828125
0 0.33828125 0.2392578125 0.0390625 0.048828125
0 0.31015625 0.4677734375 0.0390625 0.048828125
0 0.31796875 0.6318359375 0.0390625 0.048828125
0 0.25703125 0.2666015625 0.0390625 0.048828125
0 0.26640625 0.4267578125 0.0390625 0.048828125
0 0.26796875 0.4814453125 0.0390625 0.048828125
0 0.28203125 0.7568359375 0.0390625 0.048828125
0 0.31484375 0.5771484375 0.0390625 0.048828125
0 0.44609375 0.6513671875 0.0390625 0.048828125
0 0.49453125 0.7509765625 0.0390625 0.048828125
0 0.39140625 0.4423828125 0.0390625 0.048828125
0 0.39453125 0.4970703125 0.0390625 0.048828125
0 0.34140625 0.2939453125 0.0390625 0.048828125
0 0.23828125 0.7119140625 0.0390625 0.048828125
0 0.51328125 0.3505859375 0.0390625 0.048828125
0 0.21953125 0.3330078125 0.0390625 0.048828125
0 0.40390625 0.6630859375 0.0390625 0.048828125
0 0.22265625 0.3857421875 0.0390625 0.048828125
0 0.30703125 0.4150390625 0.0390625 0.048828125
0 0.36640625 0.7314453125 0.0390625 0.048828125
0 0.43359375 0.4306640625 0.0390625 0.048828125
0 0.52734375 0.5693359375 0.0390625 0.048828125
0 0.53515625 0.6826171875 0.0390625 0.048828125
0 0.24296875 0.8232421875 0.0390625 0.048828125
0 0.34453125 0.3466796875 0.0390625 0.048828125
0 0.38046875 0.2275390625 0.0390625 0.048828125
0 0.50703125 0.2412109375 0.0390625 0.048828125
0 0.35390625 0.5107421875 0.0390625 0.048828125
0 0.48203125 0.5283203125 0.0390625 0.048828125
0 0.23359375 0.6025390625 0.0390625 0.048828125
0 0.46796875 0.3076171875 0.0390625 0.048828125
0 0.51953125 0.4599609375 0.0390625 0.048828125
0 0.42109375 0.2138671875 0.0390625 0.048828125
0 0.36953125 0.7880859375 0.0390625 0.048828125
0 0.21796875 0.2783203125 0.0390625 0.048828125
0 0.22734375 0.4931640625 0.0390625 0.048828125
