0 0.41015625 0.6220703125 0.0390625 0.048828125
0 0.31171875 0.2177734375 0.0390625 0.048828125
0 0.36015625 0.4189453125 0.0390625 0.048828125
0 0.42109375 0.6728515625 0.0390625 0.048828125
0 0.38515625 0.5205078125 0.0390625 0.048828125
0 0.33671875 0.3173828125 0.0390625 0.048828125
0 0.52265625 0.5439453125 0.0390625 0.048828125
0 0.53515625 0.5947265625 0.0390625 0.048828125
0 0.48671875 0.3935546875 0.0390625 0.048828125
0 0.68671875 0.6708984375 0.0390625 0.048828125
0 0.63515625 0.4677734375 0.0390625 0.048828125
0 0.56015625 0.1689453125 0.0390625 0.048828125
0 0.32421875 0.2685546875 0.0390625 0.048828125
0 0.30703125 0.3759765625 0.0390625 0.048828125
0 0.47421875 0.3427734375 0.0390625 0.048828125
0 0.58515625 0.2685546875 0.0390625 0.048828125
0 0.49921875 0.4423828125 0.0390625 0.048828125
0 0.43984375 0.5615234375 0.0390625 0.048828125
0 0.44921875 0.2431640625 0.0390625 0.048828125
0 0.46484375 0.6650390625 0.0390625 0.048828125
0 0.39609375 0.2021484375 0.0390625 0.048828125
0 0.63203125 0.6279296875 0.0390625 0.048828125
0 0.46953125 0.5029296875 0.0390625 0.048828125
0 0.55234375 0.4853515625 0.0390625 0.048828125
0 0.40859375 0.2509765625 0.0390625 0.048828125
0 0.61953125 0.5771484375 0.0390625 0.048828125
0 0.38984375 0.3603515625 0.0390625 0.048828125
0 0.37265625 0.4697265625 0.0390625 0.048828125
0 0.50703125 0.6552734375 0.0390625 0.048828125
0 0.56953125 0.3759765625 0.0390625 0.048828125
0 0.60234375 0.6884765625 0.0390625 0.048828125
0 0.35546875 0.5791015625 0.0390625 0.048828125
0 0.55703125 0.3271484375 0.0390625 0.048828125
0 0.54765625 0.6455078125 0.0390625 0.048828125
0 0.66171875 0.5693359375 0.0390625 0.048828125
0 0.58203125 0.4267578125 0.0390625 0.048828125
0 0.57265625 0.2177734375 0.0390625 0.048828125
0 0.45703125 0.4521484375 0.0390625 0.048828125
0 0.45234375 0.6123046875 0.0390625 0.048828125
0 0.60703125 0.5263671875 0.0390625 0.048828125
0 0.28203125 0.2763671875 0.0390625 0.048828125
0 0.64921875 0.5185546875 0.0390625 0.048828125
0 0.49140625 0.2353515625 0.0390625 0.048828125
0 0.29453125 0.3251953125 0.0390625 0.048828125
0 0.56484375 0.5361328125 0.0390625 0.048828125
0 0.42109375 0.3017578125 0.0390625 0.048828125
0 0.39140625 0.7353515625 0.0390625 0.048828125
0 0.50390625 0.2841796875 0.0390625 0.048828125
0 0.41484375 0.4599609375 0.0390625 0.048828125
0 0.47890625 0.1845703125 0.0390625 0.048828125
0 0.64453125 0.6806640625 0.0390625 0.048828125
0 0.40234375 0.4091796875 0.0390625 0.048828125
0 0.31953125 0.4267578125 0.0390625 0.048828125
0 0.36640625 0.6298828125 0.0390625 0.048828125
0 0.27109375 0.2255859375 0.0390625 0.048828125
0 0.57734375 0.5869140625 0.0390625 0.048828125
0 0.46171875 0.2919921875 0.0390625 0.048828125
0 0.51953125 0.7060546875 0.0390625 0.048828125
0 0.43671875 0.1943359375 0.0390625 0.048828125
0 0.48203125 0.5537109375 0.0390625 0.048828125
0 0.51953125 0.1767578125 0.0390625 0.048828125
0 0.43359375 0.7255859375 0.0390625 0.048828125
0 0.35390625 0.2099609375 0.0390625 0.048828125
0 0.61015625 0.3681640625 0.0390625 0.048828125
0 0.44453125 0.4013671875 0.0390625 0.048828125
0 0.59765625 0.3173828125 0.0390625 0.048828125
0 0.37890625 0.3095703125 0.0390625 0.048828125
0 0.56171875 0.6982421875 0.0390625 0.048828125
0 0.49453125 0.6044921875 0.0390625 0.048828125
0 0.39765625 0.5712890625 0.0390625 0.048828125
0 0.54453125 0.2763671875 0.0390625 0.048828125
0 0.36640625 0.2587890625 0.0390625 0.048828125
0 0.52734375 0.3837890625 0.0390625 0.048828125
0 0.53984375 0.4345703125 0.0390625 0.048828125
0 0.34296875 0.5283203125 0.0390625 0.048828125
0 0.59140625 0.6376953125 0.0390625 0.048828125
0 0.59453125 0.4755859375 0.0390625 0.048828125
0 0.43203125 0.3505859375 0.0390625 0.048828125
0 0.51171875 0.4931640625 0.0390625 0.048828125
0 0.34921875 0.3681640625 0.0390625 0.048828125
0 0.47734375 0.7158203125 0.0390625 0.048828125
0 0.51640625 0.3349609375 0.0390625 0.048828125
0 0.37890625 0.6826171875 0.0390625 0.048828125
0 0.33046875 0.4775390625 0.0390625 0.048828125
0 0.53203125 0.2275390625 0.0390625 0.048828125
0 0.62265625 0.4169921875 0.0390625 0.048828125
0 0.42734375 0.5107421875 0.0390625 0.048828125
0 0.67421875 0.6201171875 0.0390625 0.048828125
