0 0.41328125 0.7158203125 0.0390625 0.048828125
0 0.42421875 0.4189453125 0.0390625 0.048828125
0 0.43984375 0.5341796875 0.0390625 0.048828125
0 0.27578125 0.7978515625 0.0390625 0.048828125
0 0.47578125 0.8271484375 0.0390625 0.048828125
0 0.28984375 0.4970703125 0.0390625 0.048828125
0 0.31171875 0.6708984375 0.0390625 0.048828125
0 0.47890625 0.4697265625 0.0390625 0.048828125
0 0.24921875 0.5615234375 0.0390625 0.048828125
0 0.12578125 0.3447265625 0.0390625 0.048828125
0 0.32421875 0.3740234375 0.0390625 0.048828125
0 0.26171875 0.2666015625 0.0390625 0.048828125
0 0.41796875 0.3623046875 0.0390625 0.048828125
0 0.46015625 0.7080078125 0.0390625 0.048828125
0 0.40546875 0.6572265625 0.0390625 0.048828125
0 0.33828125 0.4892578125 0.0390625 0.048828125
0 0.18828125 0.4521484375 0.0390625 0.048828125
0 0.37734375 0.4248046875 0.0390625 0.048828125
0 0.39921875 0.5986328125 0.0390625 0.048828125
0 0.27578125 0.3818359375 0.0390625 0.048828125
0 0.50078125 0.6416015625 0.0390625 0.048828125
0 0.20234375 0.5693359375 0.0390625 0.048828125
0 0.46796875 0.7666015625 0.0390625 0.048828125
0 0.17421875 0.7529296875 0.0390625 0.048828125
0 0.30390625 0.6123046875 0.0390625 0.048828125
0 0.26328125 0.6787109375 0.0390625 0.048828125
0 0.14609375 0.5185546875 0.0390625 0.048828125
0 0.13984375 0.4599609375 0.0390625 0.048828125
0 0.44609375 0.5908203125 0.0390625 0.048828125
0 0.18671875 0.8720703125 0.0390625 0.048828125
0 0.34453125 0.5478515625 0.0390625 0.048828125
0 0.15390625 0.5771484375 0.0390625 0.048828125
0 0.31640625 0.3173828125 0.0390625 0.048828125
0 0.36328125 0.3115234375 0.0390625 0.048828125
0 0.45703125 0.2978515625 0.0390625 0.048828125
0 0.16640625 0.6943359375 0.0390625 0.048828125
0 0.17421875 0.3369140625 0.0390625 0.048828125
0 0.20859375 0.6279296875 0.0390625 0.048828125
0 0.28359375 0.4384765625 0.0390625 0.048828125
0 0.36640625 0.7216796875 0.0390625 0.048828125
0 0.42734375 0.8330078125 0.0390625 0.048828125
0 0.37265625 0.7822265625 0.0390625 0.048828125
0 0.16640625 0.2802734375 0.0390625 0.048828125
0 0.32421875 0.7900390625 0.0390625 0.048828125
0 0.46484375 0.3544921875 0.0390625 0.048828125
0 0.22109375 0.3310546875 0.0390625 0.048828125
0 0.38515625 0.4833984375 0.0390625 0.048828125
0 0.28359375 0.8564453125 0.0390625 0.048828125
0 0.35546875 0.2548828125 0.0390625 0.048828125
0 0.26953125 0.7373046875 0.0390625 0.048828125
0 0.21484375 0.6865234375 0.0390625 0.048828125
0 0.18046875 0.8134765625 0.0390625 0.048828125
0 0.16015625 0.6337890625 0.0390625 0.048828125
0 0.18046875 0.3955078125 0.0390625 0.048828125
0 0.24296875 0.5029296875 0.0390625 0.048828125
0 0.50859375 0.7001953125 0.0390625 0.048828125
0 0.22890625 0.3876953125 0.0390625 0.048828125
0 0.22890625 0.8037109375 0.0390625 0.048828125
0 0.23515625 0.4462890625 0.0390625 0.048828125
0 0.29765625 0.5537109375 0.0390625 0.048828125
0 0.13359375 0.4013671875 0.0390625 0.048828125
0 0.44921875 0.2412109375 0.0390625 0.048828125
0 0.26953125 0.3251953125 0.0390625 0.048828125
0 0.21484375 0.2744140625 0.0390625 0.048828125
0 0.23515625 0.8642578125 0.0390625 0.048828125
0 0.49296875 0.5849609375 0.0390625 0.048828125
0 0.35234375 0.6064453125 0.0390625 0.048828125
0 0.33203125 0.8486328125 0.0390625 0.048828125
0 0.40234375 0.2470703125 0.0390625 0.048828125
0 0.31796875 0.7294921875 0.0390625 0.048828125
0 0.30859375 0.2607421875 0.0390625 0.048828125
0 0.45390625 0.6494140625 0.0390625 0.048828125
0 0.33046875 0.4326171875 0.0390625 0.048828125
0 0.37890625 0.8408203125 0.0390625 0.048828125
0 0.22109375 0.7451171875 0.0390625 0.048828125
0 0.19453125 0.5107421875 0.0390625 0.048828125
0 0.41015625 0.3037109375 0.0390625 0.048828125
0 0.52265625 0.8193359375 0.0390625 0.048828125
0 0.48671875 0.5263671875 0.0390625 0.048828125
0 0.35859375 0.6630859375 0.0390625 0.048828125
0 0.11953125 0.2861328125 0.0390625 0.048828125
0 0.51484375 0.7587890625 0.0390625 0.048828125
0 0.41953125 0.7744140625 0.0390625 0.048828125
0 0.47109375 0.4111328125 0.0390625 0.048828125
0 0.25703125 0.6201171875 0.0390625 0.048828125
0 0.39296875 0.5400390625 0.0390625 0.048828125
0 0.43203125 0.4755859375 0.0390625 0.048828125
0 0.37109375 0.3681640625 0.0390625 0.048828125
