0 0.72265625 0.248046875 0.0546875 0.0546875
0 0.79375 0.845703125 0.053125 0.0546875
0 0.5171875 0.23046875 0.053125 0.0546875
0 0.8125 0.634765625 0.053125 0.0546875
0 0.6359375 0.7421875 0.053125 0.0546875
0 0.34296875 0.337890625 0.0546875 0.0546875
0 0.8578125 0.830078125 0.053125 0.0546875
0 0.703125 0.45703125 0.053125 0.0546875
0 0.7140625 0.79296875 0.053125 0.0546875
0 0.45078125 0.513671875 0.0546875 0.0546875
0 0.625 0.40625 0.053125 0.0546875
0 0.65546875 0.533203125 0.0546875 0.0546875
0 0.5 0.435546875 0.053125 0.0546875
0 0.49609375 0.70703125 0.0546875 0.0546875
0 0.6703125 0.599609375 0.053125 0.0546875
0 0.51328125 0.4990234375 0.0546875 0.056640625
0 0.5890625 0.8203125 0.053125 0.0546875
0 0.54765625 0.357421875 0.0546875 0.0546875
0 0.6421875 0.19921875 0.053125 0.0546875
0 0.7328125 0.583984375 0.053125 0.0546875
0 0.60625 0.61328125 0.053125 0.0546875
0 0.86015625 0.556640625 0.0546875 0.0546875
0 0.5390625 0.900390625 0.053125 0.0546875
0 0.43359375 0.720703125 0.0546875 0.0546875
0 0.675 0.328125 0.053125 0.0546875
0 0.778125 0.779296875 0.053125 0.0546875
0 0.6875 0.392578125 0.053125 0.0546875
0 0.55859375 0.69140625 0.0546875 0.0546875
0 0.70703125 0.18359375 0.0546875 0.0546875
0 0.40546875 0.32421875 0.0546875 0.0546875
0 0.70078125 0.728515625 0.0546875 0.0546875
0 0.48125 0.640625 0.053125 0.0546875
0 0.528125 0.564453125 0.053125 0.0546875
0 0.46171875 0.849609375 0.0546875 0.0546875
0 0.6015625 0.88671875 0.053125 0.0546875
0 0.5796875 0.21484375 0.053125 0.0546875
0 0.59296875 0.548828125 0.0546875 0.0546875
0 0.6515625 0.806640625 0.053125 0.0546875
0 0.87734375 0.62109375 0.0546875 0.0546875
0 0.71796875 0.521484375 0.0546875 0.0546875
0 0.4703125 0.30859375 0.053125 0.0546875
0 0.76328125 0.712890625 0.0546875 0.0546875
0 0.3734375 0.46484375 0.053125 0.0546875
0 0.8921875 0.685546875 0.053125 0.0546875
0 0.42265625 0.38671875 0.0546875 0.0546875
0 0.5328125 0.29296875 0.053125 0.0546875
0 0.8296875 0.427734375 0.053125 0.0546875
0 0.62109375 0.677734375 0.0546875 0.0546875
0 0.79765625 0.5703125 0.0546875 0.0546875
0 0.48515625 0.373046875 0.0546875 0.0546875
0 0.5734375 0.7578125 0.053125 0.0546875
0 0.3921875 0.2578125 0.053125 0.0546875
0 0.41875 0.65625 0.053125 0.0546875
0 0.7828125 0.505859375 0.053125 0.0546875
0 0.61015625 0.34375 0.0546875 0.0546875
0 0.8 0.296875 0.053125 0.0546875
0 0.3296875 0.2734375 0.053125 0.0546875
0 0.3578125 0.400390625 0.053125 0.0546875
0 0.7671875 0.44140625 0.053125 0.0546875
0 0.5625 0.419921875 0.053125 0.0546875
0 0.75234375 0.376953125 0.0546875 0.0546875
0 0.6859375 0.6640625 0.053125 0.0546875
0 0.7375 0.3125 0.053125 0.0546875
0 0.84296875 0.765625 0.0546875 0.0546875
0 0.44609375 0.78515625 0.0546875 0.0546875
0 0.4765625 0.9140625 0.053125 0.0546875
0 0.78671875 0.234375 0.0546875 0.0546875
0 0.7484375 0.650390625 0.053125 0.0546875
0 0.38828125 0.529296875 0.0546875 0.0546875
0 0.578125 0.486328125 0.053125 0.0546875
0 0.828125 0.701171875 0.053125 0.0546875
0 0.465625 0.578125 0.053125 0.0546875
0 0.403125 0.59375 0.053125 0.0546875
0 0.50859375 0.76953125 0.0546875 0.0546875
0 0.66015625 0.2626953125 0.0546875 0.056640625
0 0.92265625 0.81640625 0.0546875 0.0546875
0 0.4359375 0.451171875 0.053125 0.0546875
0 0.54375 0.62890625 0.053125 0.0546875
0 0.52421875 0.8359375 0.0546875 0.0546875
0 0.84765625 0.4921875 0.0546875 0.0546875
0 0.8171875 0.36328125 0.053125 0.0546875
0 0.5953125 0.27734375 0.053125 0.0546875
0 0.76953125 0.16796875 0.0546875 0.0546875
0 0.66640625 0.87109375 0.0546875 0.0546875
0 0.640625 0.470703125 0.053125 0.0546875
0 0.4546875 0.2421875 0.053125 0.0546875
0 0.9078125 0.75 0.053125 0.0546875
0 0.72890625 0.857421875 0.0546875 0.0546875
