0 0.3765625 0.7587890625 0.05 0.052734375
0 0.5 0.2529296875 0.05 0.052734375
0 0.43515625 0.5693359375 0.0484375 0.052734375
0 0.3375 0.3408203125 0.05 0.052734375
0 0.32890625 0.587890625 0.0484375 0.0546875
0 0.48671875 0.6201171875 0.0484375 0.052734375
0 0.63359375 0.7109375 0.0484375 0.0546875
0 0.39453125 0.2685546875 0.0484375 0.052734375
0 0.58671875 0.662109375 0.0484375 0.0546875
0 0.49453125 0.4375 0.0484375 0.0546875
0 0.59453125 0.4814453125 0.0484375 0.052734375
0 0.38984375 0.3935546875 0.0484375 0.052734375
0 0.5453125 0.4287109375 0.05 0.052734375
0 0.44140625 0.4462890625 0.0484375 0.052734375
0 0.60546875 0.236328125 0.0484375 0.0546875
0 0.6078125 0.1748046875 0.05 0.052734375
0 0.32734375 0.6494140625 0.0484375 0.052734375
0 0.4453125 0.3232421875 0.05 0.052734375
0 0.3390625 0.2763671875 0.05 0.052734375
0 0.4390625 0.5068359375 0.05 0.052734375
0 0.53515625 0.6708984375 0.0484375 0.052734375
0 0.39609375 0.2060546875 0.0484375 0.052734375
0 0.65078125 0.3525390625 0.0484375 0.052734375
0 0.54296875 0.4912109375 0.0484375 0.052734375
0 0.33125 0.5263671875 0.05 0.052734375
0 0.2765625 0.5966796875 0.05 0.052734375
0 0.55078125 0.3056640625 0.0484375 0.052734375
0 0.52890625 0.7900390625 0.0484375 0.052734375
0 0.49765625 0.3154296875 0.0484375 0.052734375
0 0.28203125 0.412109375 0.0484375 0.0546875
0 0.54921875 0.3681640625 0.0484375 0.052734375
0 0.50234375 0.1904296875 0.0484375 0.052734375
0 0.33515625 0.4013671875 0.0484375 0.052734375
0 0.48828125 0.560546875 0.0484375 0.0546875
0 0.44296875 0.3837890625 0.0484375 0.052734375
0 0.53125 0.7294921875 0.05 0.052734375
0 0.31953125 0.8291015625 0.0484375 0.052734375
0 0.38203125 0.5791015625 0.0484375 0.052734375
0 0.28046875 0.4736328125 0.0484375 0.052734375
0 0.446875 0.26171875 0.05 0.0546875
0 0.28671875 0.2216796875 0.0484375 0.052734375
0 0.32578125 0.7080078125 0.0484375 0.052734375
0 0.64140625 0.5927734375 0.0484375 0.052734375
0 0.44921875 0.1982421875 0.0484375 0.052734375
0 0.43125 0.6904296875 0.05 0.052734375
0 0.5375 0.611328125 0.05 0.0546875
0 0.5921875 0.5419921875 0.05 0.052734375
0 0.378125 0.7001953125 0.05 0.052734375
0 0.38828125 0.4560546875 0.0484375 0.052734375
0 0.3921875 0.3310546875 0.05 0.052734375
0 0.553125 0.2451171875 0.05 0.052734375
0 0.43359375 0.6298828125 0.0484375 0.052734375
0 0.34140625 0.212890625 0.0484375 0.0546875
0 0.60390625 0.2998046875 0.0484375 0.052734375
0 0.64296875 0.5322265625 0.0484375 0.052734375
0 0.6609375 0.1669921875 0.05 0.052734375
0 0.48203125 0.6806640625 0.0484375 0.052734375
0 0.32109375 0.7705078125 0.0484375 0.052734375
0 0.58046875 0.7783203125 0.0484375 0.052734375
0 0.48046875 0.7412109375 0.0484375 0.052734375
0 0.37265625 0.8212890625 0.0484375 0.052734375
0 0.59765625 0.4208984375 0.0484375 0.052734375
0 0.65703125 0.2275390625 0.0484375 0.052734375
0 0.42578125 0.810546875 0.0484375 0.0546875
0 0.49609375 0.3759765625 0.0484375 0.052734375
0 0.278125 0.5341796875 0.05 0.052734375
0 0.38671875 0.5185546875 0.0484375 0.052734375
0 0.5546875 0.1806640625 0.05 0.052734375
0 0.478125 0.7998046875 0.05 0.052734375
0 0.6453125 0.4736328125 0.05 0.052734375
0 0.38046875 0.6396484375 0.0484375 0.052734375
0 0.42734375 0.7490234375 0.0484375 0.052734375
0 0.2703125 0.7197265625 0.05 0.052734375
0 0.58828125 0.6005859375 0.0484375 0.052734375
0 0.54140625 0.5498046875 0.0484375 0.052734375
0 0.27265625 0.6572265625 0.0484375 0.052734375
0 0.26875 0.7802734375 0.05 0.052734375
0 0.6546875 0.2919921875 0.05 0.052734375
0 0.33359375 0.4658203125 0.0484375 0.052734375
0 0.48984375 0.4990234375 0.0484375 0.052734375
0 0.64921875 0.412109375 0.0484375 0.0546875
0 0.584375 0.7216796875 0.05 0.052734375
0 0.284375 0.2841796875 0.05 0.052734375
0 0.284375 0.3486328125 0.05 0.052734375
0 0.26640625 0.8408203125 0.0484375 0.052734375
0 0.6 0.3583984375 0.05 0.052734375
0 0.6375 0.6513671875 0.05 0.052734375
0 0.63125 0.7705078125 0.05 0.052734375
