0 0.6390625 0.8603515625 0.090625 0.064453125
0 0.178125 0.3193359375 0.090625 0.064453125
0 0.378125 0.3193359375 0.090625 0.064453125
0 0.5734375 0.3193359375 0.090625 0.064453125
0 0.3484375 0.55078125 0.090625 0.06640625
0 0.37421875 0.62890625 0.0890625 0.06640625
0 0.54453125 0.5478515625 0.0890625 0.064453125
0 0.171875 0.6318359375 0.090625 0.064453125
0 0.08125 0.3193359375 0.090625 0.064453125
0 0.809375 0.4697265625 0.090625 0.064453125
0 0.740625 0.5458984375 0.090625 0.064453125
0 0.784375 0.69921875 0.090625 0.06640625
0 0.2734375 0.6318359375 0.090625 0.064453125
0 0.903125 0.7744140625 0.090625 0.064453125
0 0.4390625 0.865234375 0.090625 0.06640625
0 0.7625 0.3173828125 0.090625 0.064453125
0 0.809375 0.7763671875 0.090625 0.064453125
0 0.471875 0.6259765625 0.090625 0.064453125
0 0.19375 0.7119140625 0.090625 0.064453125
0 0.6671875 0.6240234375 0.090625 0.064453125
0 0.3203125 0.787109375 0.090625 0.06640625
0 0.4640625 0.943359375 0.090625 0.06640625
0 0.2546875 0.2412109375 0.090625 0.064453125
0 0.5265625 0.1689453125 0.090625 0.064453125
0 0.428125 0.1669921875 0.090625 0.064453125
0 0.69375 0.3955078125 0.090625 0.064453125
0 0.5703125 0.6259765625 0.090625 0.064453125
0 0.7328125 0.8544921875 0.090625 0.064453125
0 0.6421875 0.5478515625 0.090625 0.064453125
0 0.6453125 0.2451171875 0.090625 0.064453125
0 0.7109375 0.7802734375 0.090625 0.064453125
0 0.834375 0.5458984375 0.090625 0.064453125
0 0.7140625 0.1689453125 0.090625 0.064453125
0 0.83125 0.8544921875 0.090625 0.064453125
0 0.6671875 0.3193359375 0.090625 0.064453125
0 0.103125 0.3974609375 0.090625 0.064453125
0 0.2328125 0.1669921875 0.090625 0.064453125
0 0.3015625 0.3974609375 0.090625 0.064453125
0 0.6203125 0.4697265625 0.090625 0.064453125
0 0.6609375 0.9384765625 0.090625 0.064453125
0 0.4 0.3955078125 0.090625 0.064453125
0 0.496875 0.3955078125 0.090625 0.064453125
0 0.475 0.3193359375 0.090625 0.064453125
0 0.5625 0.9404296875 0.090625 0.064453125
0 0.15 0.5537109375 0.090625 0.064453125
0 0.29453125 0.7099609375 0.0890625 0.064453125
0 0.2796875 0.3193359375 0.090625 0.064453125
0 0.49375 0.7041015625 0.090625 0.064453125
0 0.2046875 0.3974609375 0.090625 0.064453125
0 0.5953125 0.3955078125 0.090625 0.064453125
0 0.515625 0.7822265625 0.090625 0.064453125
0 0.540625 0.8623046875 0.090625 0.064453125
0 0.3421875 0.8681640625 0.090625 0.064453125
0 0.3953125 0.70703125 0.090625 0.06640625
0 0.95 0.927734375 0.090625 0.06640625
0 0.21875 0.7900390625 0.090625 0.064453125
0 0.225 0.4755859375 0.090625 0.064453125
0 0.7625 0.62109375 0.090625 0.06640625
0 0.6140625 0.7802734375 0.090625 0.064453125
0 0.6890625 0.7021484375 0.090625 0.064453125
0 0.2625 0.951171875 0.090625 0.06640625
0 0.33125 0.1669921875 0.090625 0.064453125
0 0.7140625 0.4697265625 0.090625 0.064453125
0 0.7578125 0.935546875 0.090625 0.06640625
0 0.45 0.2451171875 0.090625 0.064453125
0 0.3640625 0.9482421875 0.090625 0.064453125
0 0.6203125 0.1689453125 0.090625 0.064453125
0 0.2515625 0.5537109375 0.090625 0.064453125
0 0.853125 0.9306640625 0.090625 0.064453125
0 0.4171875 0.7841796875 0.090625 0.064453125
0 0.5484375 0.2451171875 0.090625 0.064453125
0 0.425 0.4736328125 0.090625 0.064453125
0 0.240625 0.8701171875 0.090625 0.064453125
0 0.13125 0.1669921875 0.090625 0.064453125
0 0.0546875 0.2412109375 0.090625 0.064453125
0 0.446875 0.55078125 0.090625 0.06640625
0 0.925 0.849609375 0.090625 0.06640625
0 0.5234375 0.4736328125 0.090625 0.064453125
0 0.88125 0.6962890625 0.090625 0.064453125
0 0.7875 0.3955078125 0.090625 0.064453125
0 0.5921875 0.7041015625 0.090625 0.064453125
0 0.85625 0.62109375 0.090625 0.06640625
0 0.35625 0.2451171875 0.090625 0.064453125
0 0.03046875 0.1640625 0.0609375 0.05859375
0 0.740625 0.2451171875 0.090625 0.064453125
0 0.12421875 0.4755859375 0.0890625 0.064453125
0 0.3265625 0.4736328125 0.090625 0.064453125
0 0.153125 0.2412109375 0.090625 0.064453125
