0 0.54375 0.6552734375 0.046875 0.052734375
0 0.55703125 0.3291015625 0.0484375 0.052734375
0 0.57578125 0.4560546875 0.0484375 0.052734375
0 0.3765625 0.74609375 0.046875 0.0546875
0 0.61953125 0.7783203125 0.0484375 0.052734375
0 0.39375 0.4150390625 0.046875 0.052734375
0 0.4203125 0.6064453125 0.046875 0.052734375
0 0.6234375 0.3857421875 0.046875 0.052734375
0 0.34453125 0.486328125 0.0484375 0.0546875
0 0.19453125 0.248046875 0.0484375 0.0546875
0 0.43515625 0.2802734375 0.0484375 0.052734375
0 0.359375 0.162109375 0.046875 0.0546875
0 0.54921875 0.267578125 0.0484375 0.0546875
0 0.60078125 0.6474609375 0.0484375 0.052734375
0 0.534375 0.5908203125 0.046875 0.052734375
0 0.45234375 0.4072265625 0.0484375 0.052734375
0 0.2703125 0.3662109375 0.046875 0.052734375
0 0.5 0.3359375 0.046875 0.0546875
0 0.5265625 0.52734375 0.046875 0.0546875
0 0.3765625 0.2890625 0.046875 0.0546875
0 0.65 0.57421875 0.046875 0.0546875
0 0.2875 0.4951171875 0.046875 0.052734375
0 0.61015625 0.7119140625 0.0484375 0.052734375
0 0.253125 0.6962890625 0.046875 0.052734375
0 0.4109375 0.5419921875 0.046875 0.052734375
0 0.3609375 0.615234375 0.046875 0.0546875
0 0.21875 0.4384765625 0.046875 0.052734375
0 0.21171875 0.375 0.0484375 0.0546875
0 0.58359375 0.5185546875 0.0484375 0.052734375
0 0.26875 0.8271484375 0.046875 0.052734375
0 0.46015625 0.470703125 0.0484375 0.0546875
0 0.228125 0.5029296875 0.046875 0.052734375
0 0.42578125 0.2177734375 0.0484375 0.052734375
0 0.4828125 0.2119140625 0.046875 0.052734375
0 0.596875 0.1962890625 0.046875 0.052734375
0 0.24375 0.6318359375 0.046875 0.052734375
0 0.253125 0.2392578125 0.046875 0.052734375
0 0.2953125 0.5595703125 0.046875 0.052734375
0 0.3859375 0.3505859375 0.046875 0.052734375
0 0.48671875 0.662109375 0.0484375 0.0546875
0 0.5609375 0.7841796875 0.046875 0.052734375
0 0.49375 0.728515625 0.046875 0.0546875
0 0.24375 0.1767578125 0.046875 0.052734375
0 0.43515625 0.7373046875 0.0484375 0.052734375
0 0.60625 0.2587890625 0.046875 0.052734375
0 0.31015625 0.2333984375 0.0484375 0.052734375
0 0.509375 0.400390625 0.046875 0.0546875
0 0.3859375 0.810546875 0.046875 0.0546875
0 0.4734375 0.1494140625 0.046875 0.052734375
0 0.36875 0.6796875 0.046875 0.0546875
0 0.30234375 0.623046875 0.0484375 0.0546875
0 0.2609375 0.7626953125 0.046875 0.052734375
0 0.2359375 0.5654296875 0.046875 0.052734375
0 0.2609375 0.3037109375 0.046875 0.052734375
0 0.33671875 0.421875 0.0484375 0.0546875
0 0.659375 0.638671875 0.046875 0.0546875
0 0.31953125 0.294921875 0.0484375 0.0546875
0 0.31953125 0.751953125 0.0484375 0.0546875
0 0.32734375 0.359375 0.0484375 0.0546875
0 0.403125 0.4775390625 0.046875 0.052734375
0 0.20390625 0.310546875 0.0484375 0.0546875
0 0.5875 0.1337890625 0.046875 0.052734375
0 0.36875 0.2265625 0.046875 0.0546875
0 0.30234375 0.1708984375 0.0484375 0.052734375
0 0.32734375 0.818359375 0.0484375 0.0546875
0 0.640625 0.51171875 0.046875 0.0546875
0 0.46953125 0.53515625 0.0484375 0.0546875
0 0.4453125 0.8017578125 0.046875 0.052734375
0 0.53046875 0.140625 0.0484375 0.0546875
0 0.428125 0.6708984375 0.046875 0.052734375
0 0.41640625 0.1552734375 0.0484375 0.052734375
0 0.59296875 0.5830078125 0.0484375 0.052734375
0 0.44296875 0.3447265625 0.0484375 0.052734375
0 0.5015625 0.79296875 0.046875 0.0546875
0 0.31015625 0.6875 0.0484375 0.0546875
0 0.278125 0.4306640625 0.046875 0.052734375
0 0.53984375 0.203125 0.0484375 0.0546875
0 0.6765625 0.76953125 0.046875 0.0546875
0 0.6328125 0.447265625 0.046875 0.0546875
0 0.47734375 0.59765625 0.0484375 0.0546875
0 0.18671875 0.18359375 0.0484375 0.0546875
0 0.6671875 0.703125 0.046875 0.0546875
0 0.5515625 0.7197265625 0.046875 0.052734375
0 0.6140625 0.3212890625 0.046875 0.052734375
0 0.35390625 0.55078125 0.0484375 0.0546875
0 0.51875 0.462890625 0.046875 0.0546875
0 0.56640625 0.3916015625 0.0484375 0.052734375
0 0.4921875 0.2734375 0.046875 0.0546875
