0 0.44765625 0.7978515625 0.0390625 0.048828125
0 0.55234375 0.5869140625 0.0390625 0.048828125
0 0.36484375 0.6025390625 0.0390625 0.048828125
0 0.36015625 0.4931640625 0.0390625 0.048828125
0 0.43828125 0.5732421875 0.0390625 0.048828125
0 0.58671875 0.5166015625 0.0390625 0.048828125
0 0.35234375 0.2783203125 0.0390625 0.048828125
0 0.52265625 0.7705078125 0.0390625 0.048828125
0 0.59296875 0.6279296875 0.0390625 0.048828125
0 0.38828125 0.2607421875 0.0390625 0.048828125
0 0.37421875 0.8251953125 0.0390625 0.048828125
0 0.56015625 0.7568359375 0.0390625 0.048828125
0 0.51171875 0.5458984375 0.0390625 0.048828125
0 0.47421875 0.5595703125 0.0390625 0.048828125
0 0.54140625 0.3642578125 0.0390625 0.048828125
0 0.51640625 0.6572265625 0.0390625 0.048828125
0 0.42421875 0.2470703125 0.0390625 0.048828125
0 0.31796875 0.3466796875 0.0390625 0.048828125
0 0.50078125 0.3251953125 0.0390625 0.048828125
0 0.58359375 0.4599609375 0.0390625 0.048828125
0 0.33046875 0.6708984375 0.0390625 0.048828125
0 0.47734375 0.6162109375 0.0390625 0.048828125
0 0.55703125 0.7001953125 0.0390625 0.048828125
0 0.32578125 0.5615234375 0.0390625 0.048828125
0 0.33515625 0.7822265625 0.0390625 0.048828125
0 0.40390625 0.6435546875 0.0390625 0.048828125
0 0.33671875 0.8388671875 0.0390625 0.048828125
0 0.39921875 0.5341796875 0.0390625 0.048828125
0 0.46640625 0.3955078125 0.0390625 0.048828125
0 0.59921875 0.7431640625 0.0390625 0.048828125
0 0.48203125 0.7275390625 0.0390625 0.048828125
0 0.54921875 0.5302734375 0.0390625 0.048828125
0 0.36953125 0.7138671875 0.0390625 0.048828125
0 0.43515625 0.5185546875 0.0390625 0.048828125
0 0.39453125 0.4248046875 0.0390625 0.048828125
0 0.55390625 0.6435546875 0.0390625 0.048828125
0 0.42734375 0.3544921875 0.0390625 0.048828125
0 0.59609375 0.6845703125 0.0390625 0.048828125
0 0.43203125 0.4638671875 0.0390625 0.048828125
0 0.50390625 0.3798828125 0.0390625 0.048828125
0 0.57578125 0.2939453125 0.0390625 0.048828125
0 0.40078125 0.5888671875 0.0390625 0.048828125
0 0.47109375 0.5048828125 0.0390625 0.048828125
0 0.37109375 0.7685546875 0.0390625 0.048828125
0 0.40859375 0.7548828125 0.0390625 0.048828125
0 0.51953125 0.7138671875 0.0390625 0.048828125
0 0.38984375 0.3154296875 0.0390625 0.048828125
0 0.57265625 0.2373046875 0.0390625 0.048828125
0 0.44296875 0.6845703125 0.0390625 0.048828125
0 0.54609375 0.4755859375 0.0390625 0.048828125
0 0.53828125 0.3095703125 0.0390625 0.048828125
0 0.57890625 0.3486328125 0.0390625 0.048828125
0 0.51484375 0.6005859375 0.0390625 0.048828125
0 0.49921875 0.2705078125 0.0390625 0.048828125
0 0.39609375 0.4794921875 0.0390625 0.048828125
0 0.43984375 0.6298828125 0.0390625 0.048828125
0 0.46484375 0.3388671875 0.0390625 0.048828125
0 0.41015625 0.8115234375 0.0390625 0.048828125
0 0.48515625 0.7841796875 0.0390625 0.048828125
0 0.58046875 0.4033203125 0.0390625 0.048828125
0 0.53515625 0.2548828125 0.0390625 0.048828125
0 0.50546875 0.4345703125 0.0390625 0.048828125
0 0.58984375 0.5712890625 0.0390625 0.048828125
0 0.33203125 0.7275390625 0.0390625 0.048828125
0 0.46171875 0.2861328125 0.0390625 0.048828125
0 0.50859375 0.4892578125 0.0390625 0.048828125
0 0.32890625 0.6162109375 0.0390625 0.048828125
0 0.35703125 0.3837890625 0.0390625 0.048828125
0 0.47890625 0.6708984375 0.0390625 0.048828125
0 0.53359375 0.2001953125 0.0390625 0.048828125
0 0.32265625 0.4541015625 0.0390625 0.048828125
0 0.44453125 0.7412109375 0.0390625 0.048828125
0 0.46015625 0.2314453125 0.0390625 0.048828125
0 0.36328125 0.5478515625 0.0390625 0.048828125
0 0.56953125 0.1845703125 0.0390625 0.048828125
0 0.32421875 0.5068359375 0.0390625 0.048828125
0 0.36640625 0.6572265625 0.0390625 0.048828125
0 0.35390625 0.3310546875 0.0390625 0.048828125
0 0.43046875 0.4091796875 0.0390625 0.048828125
0 0.42578125 0.2998046875 0.0390625 0.048828125
0 0.49609375 0.2138671875 0.0390625 0.048828125
0 0.39140625 0.3701171875 0.0390625 0.048828125
0 0.40546875 0.6982421875 0.0390625 0.048828125
0 0.54296875 0.4189453125 0.0390625 0.048828125
0 0.46953125 0.4501953125 0.0390625 0.048828125
0 0.35859375 0.4384765625 0.0390625 0.048828125
0 0.32109375 0.3994140625 0.0390625 0.048828125
0 0.31640625 0.2919921875 0.0390625 0.048828125
