0 0.5828125 0.4912109375 0.040625 0.048828125
0 0.4515625 0.6142578125 0.0375 0.048828125
0 0.4015625 0.505859375 0.040625 0.046875
0 0.5015625 0.720703125 0.040625 0.05078125
0 0.634375 0.65625 0.0375 0.046875
0 0.5359375 0.4384765625 0.040625 0.048828125
0 0.3984375 0.44921875 0.040625 0.05078125
0 0.44921875 0.55859375 0.0390625 0.046875
0 0.625 0.37890625 0.040625 0.05078125
0 0.57734375 0.32421875 0.0390625 0.05078125
0 0.584375 0.546875 0.040625 0.046875
0 0.49375 0.5546875 0.0375 0.046875
0 0.534375 0.3837890625 0.0375 0.048828125
0 0.484375 0.2744140625 0.040625 0.048828125
0 0.4421875 0.3896484375 0.040625 0.048828125
0 0.6703125 0.3740234375 0.040625 0.048828125
0 0.48984375 0.4443359375 0.0390625 0.048828125
0 0.6265625 0.48828125 0.040625 0.05078125
0 0.43671875 0.220703125 0.0390625 0.046875
0 0.4828125 0.21875 0.040625 0.046875
0 0.453125 0.6689453125 0.0375 0.048828125
0 0.61875 0.20703125 0.040625 0.046875
0 0.6828125 0.7099609375 0.040625 0.048828125
0 0.34921875 0.33984375 0.0390625 0.05078125
0 0.40859375 0.673828125 0.0390625 0.05078125
0 0.575 0.267578125 0.0375 0.046875
0 0.365625 0.7890625 0.0375 0.05078125
0 0.49140625 0.4990234375 0.0390625 0.048828125
0 0.346875 0.28515625 0.0375 0.05078125
0 0.4390625 0.3349609375 0.040625 0.048828125
0 0.5296875 0.271484375 0.040625 0.05078125
0 0.63671875 0.712890625 0.0390625 0.05078125
0 0.3578125 0.56640625 0.040625 0.046875
0 0.5859375 0.60546875 0.040625 0.046875
0 0.54609375 0.7177734375 0.0390625 0.048828125
0 0.41328125 0.7841796875 0.0390625 0.048828125
0 0.3546875 0.4521484375 0.040625 0.048828125
0 0.38984375 0.224609375 0.0390625 0.05078125
0 0.54375 0.6630859375 0.040625 0.048828125
0 0.5421875 0.607421875 0.040625 0.046875
0 0.4109375 0.728515625 0.0375 0.05078125
0 0.58984375 0.66015625 0.0390625 0.046875
0 0.5484375 0.7734375 0.040625 0.05078125
0 0.3953125 0.3369140625 0.040625 0.048828125
0 0.3609375 0.62109375 0.040625 0.046875
0 0.625 0.43359375 0.040625 0.05078125
0 0.678125 0.59765625 0.040625 0.046875
0 0.671875 0.4306640625 0.040625 0.048828125
0 0.63046875 0.544921875 0.0390625 0.046875
0 0.59453125 0.7705078125 0.0390625 0.048828125
0 0.44375 0.4462890625 0.040625 0.048828125
0 0.57265625 0.2109375 0.0390625 0.046875
0 0.6234375 0.3212890625 0.040625 0.048828125
0 0.503125 0.7783203125 0.040625 0.048828125
0 0.4875 0.38671875 0.0375 0.05078125
0 0.3921875 0.2802734375 0.040625 0.048828125
0 0.53125 0.328125 0.040625 0.046875
0 0.4375 0.279296875 0.040625 0.046875
0 0.5375 0.49609375 0.040625 0.05078125
0 0.68046875 0.6533203125 0.0390625 0.048828125
0 0.66640625 0.2626953125 0.0390625 0.048828125
0 0.6671875 0.318359375 0.040625 0.046875
0 0.57890625 0.3818359375 0.0390625 0.048828125
0 0.36171875 0.6767578125 0.0390625 0.048828125
0 0.640625 0.767578125 0.040625 0.05078125
0 0.446875 0.501953125 0.0375 0.05078125
0 0.396875 0.3916015625 0.040625 0.048828125
0 0.675 0.541015625 0.0375 0.05078125
0 0.45546875 0.7265625 0.0390625 0.05078125
0 0.34453125 0.2275390625 0.0390625 0.048828125
0 0.5265625 0.21484375 0.040625 0.046875
0 0.5796875 0.4365234375 0.040625 0.048828125
0 0.4046875 0.6171875 0.040625 0.046875
0 0.4859375 0.33203125 0.040625 0.05078125
0 0.35625 0.5078125 0.040625 0.046875
0 0.459375 0.78125 0.040625 0.05078125
0 0.61953125 0.265625 0.0390625 0.046875
0 0.66484375 0.205078125 0.0390625 0.046875
0 0.5921875 0.7158203125 0.0375 0.048828125
0 0.5390625 0.5517578125 0.040625 0.048828125
0 0.67265625 0.486328125 0.0390625 0.05078125
0 0.496875 0.609375 0.040625 0.046875
0 0.403125 0.560546875 0.040625 0.046875
0 0.6328125 0.599609375 0.0375 0.046875
0 0.684375 0.765625 0.040625 0.05078125
0 0.35078125 0.3974609375 0.0390625 0.048828125
0 0.49921875 0.666015625 0.0390625 0.05078125
0 0.3640625 0.7314453125 0.0375 0.048828125
