0 0.23828125 0.3701171875 0.0390625 0.048828125
0 0.50078125 0.7451171875 0.0390625 0.048828125
0 0.28984375 0.4228515625 0.0390625 0.048828125
0 0.42578125 0.3388671875 0.0390625 0.048828125
0 0.26328125 0.7294921875 0.0390625 0.048828125
0 0.31484375 0.7802734375 0.0390625 0.048828125
0 0.47578125 0.3916015625 0.0390625 0.048828125
0 0.55078125 0.7958984375 0.0390625 0.048828125
0 0.52578125 0.4423828125 0.0390625 0.048828125
0 0.19921875 0.4990234375 0.0390625 0.048828125
0 0.29765625 0.5419921875 0.0390625 0.048828125
0 0.25078125 0.5517578125 0.0390625 0.048828125
0 0.38671875 0.4658203125 0.0390625 0.048828125
0 0.43828125 0.5166015625 0.0390625 0.048828125
0 0.49296875 0.6279296875 0.0390625 0.048828125
0 0.39921875 0.6435546875 0.0390625 0.048828125
0 0.28515625 0.3623046875 0.0390625 0.048828125
0 0.36484375 0.8310546875 0.0390625 0.048828125
0 0.22890625 0.2509765625 0.0390625 0.048828125
0 0.44140625 0.5771484375 0.0390625 0.048828125
0 0.22421875 0.8583984375 0.0390625 0.048828125
0 0.31015625 0.7216796875 0.0390625 0.048828125
0 0.25546875 0.6103515625 0.0390625 0.048828125
0 0.47109375 0.3310546875 0.0390625 0.048828125
0 0.48828125 0.5673828125 0.0390625 0.048828125
0 0.36171875 0.7724609375 0.0390625 0.048828125
0 0.33984375 0.4736328125 0.0390625 0.048828125
0 0.40390625 0.7041015625 0.0390625 0.048828125
0 0.27578125 0.2431640625 0.0390625 0.048828125
0 0.20390625 0.5595703125 0.0390625 0.048828125
0 0.25859375 0.6708984375 0.0390625 0.048828125
0 0.44921875 0.6943359375 0.0390625 0.048828125
0 0.33671875 0.4150390625 0.0390625 0.048828125
0 0.34921875 0.5927734375 0.0390625 0.048828125
0 0.53046875 0.5009765625 0.0390625 0.048828125
0 0.41640625 0.2197265625 0.0390625 0.048828125
0 0.54140625 0.6787109375 0.0390625 0.048828125
0 0.45390625 0.7548828125 0.0390625 0.048828125
0 0.37890625 0.3466796875 0.0390625 0.048828125
0 0.29296875 0.4833984375 0.0390625 0.048828125
0 0.49609375 0.6865234375 0.0390625 0.048828125
0 0.19453125 0.4384765625 0.0390625 0.048828125
0 0.51015625 0.2041015625 0.0390625 0.048828125
0 0.32734375 0.2958984375 0.0390625 0.048828125
0 0.46796875 0.2705078125 0.0390625 0.048828125
0 0.38359375 0.4072265625 0.0390625 0.048828125
0 0.21171875 0.6787109375 0.0390625 0.048828125
0 0.46328125 0.2119140625 0.0390625 0.048828125
0 0.53359375 0.5595703125 0.0390625 0.048828125
0 0.42109375 0.2783203125 0.0390625 0.048828125
0 0.44609375 0.6357421875 0.0390625 0.048828125
0 0.37421875 0.2861328125 0.0390625 0.048828125
0 0.18984375 0.3798828125 0.0390625 0.048828125
0 0.32265625 0.2353515625 0.0390625 0.048828125
0 0.41171875 0.8212890625 0.0390625 0.048828125
0 0.23359375 0.3115234375 0.0390625 0.048828125
0 0.39140625 0.5263671875 0.0390625 0.048828125
0 0.34453125 0.5341796875 0.0390625 0.048828125
0 0.30703125 0.6611328125 0.0390625 0.048828125
0 0.30234375 0.6025390625 0.0390625 0.048828125
0 0.51484375 0.2626953125 0.0390625 0.048828125
0 0.22109375 0.7978515625 0.0390625 0.048828125
0 0.43359375 0.4580078125 0.0390625 0.048828125
0 0.28046875 0.3037109375 0.0390625 0.048828125
0 0.18515625 0.3193359375 0.0390625 0.048828125
0 0.53828125 0.6181640625 0.0390625 0.048828125
0 0.54609375 0.7373046875 0.0390625 0.048828125
0 0.40859375 0.7626953125 0.0390625 0.048828125
0 0.48046875 0.4501953125 0.0390625 0.048828125
0 0.45859375 0.8134765625 0.0390625 0.048828125
0 0.21640625 0.7392578125 0.0390625 0.048828125
0 0.27265625 0.8486328125 0.0390625 0.048828125
0 0.33203125 0.3544921875 0.0390625 0.048828125
0 0.35234375 0.6533203125 0.0390625 0.048828125
0 0.51796875 0.3232421875 0.0390625 0.048828125
0 0.52265625 0.3818359375 0.0390625 0.048828125
0 0.39609375 0.5849609375 0.0390625 0.048828125
0 0.24609375 0.4912109375 0.0390625 0.048828125
0 0.20703125 0.6201171875 0.0390625 0.048828125
0 0.42890625 0.3994140625 0.0390625 0.048828125
0 0.50390625 0.8037109375 0.0390625 0.048828125
0 0.48359375 0.5087890625 0.0390625 0.048828125
0 0.26796875 0.7900390625 0.0390625 0.048828125
0 0.24140625 0.4306640625 0.0390625 0.048828125
0 0.31796875 0.8388671875 0.0390625 0.048828125
0 0.36953125 0.2275390625 0.0390625 0.048828125
0 0.35703125 0.7119140625 0.0390625 0.048828125
0 0.18046875 0.2587890625 0.0390625 0.048828125
