0 0.5453125 0.513671875 0.065625 0.046875
0 0.6296875 0.5517578125 0.065625 0.048828125
0 0.36640625 0.3310546875 0.0671875 0.048828125
0 0.29140625 0.2919921875 0.0671875 0.048828125
0 0.44765625 0.37109375 0.0671875 0.05078125
0 0.775 0.158203125 0.06875 0.05078125
0 0.4640625 0.470703125 0.065625 0.05078125
0 0.38671875 0.43359375 0.0671875 0.05078125
0 0.7125 0.59375 0.065625 0.05078125
0 0.85625 0.5712890625 0.06875 0.048828125
0 0.52890625 0.41015625 0.0671875 0.046875
0 0.83515625 0.4658203125 0.0671875 0.048828125
0 0.77265625 0.5302734375 0.0671875 0.048828125
0 0.4328125 0.693359375 0.065625 0.05078125
0 0.41328125 0.587890625 0.0671875 0.046875
0 0.609375 0.4482421875 0.065625 0.048828125
0 0.69921875 0.5419921875 0.0671875 0.048828125
0 0.475 0.5234375 0.065625 0.046875
0 0.6609375 0.3359375 0.065625 0.046875
0 0.5796875 0.2958984375 0.065625 0.048828125
0 0.78359375 0.5830078125 0.0671875 0.048828125
0 0.73125 0.701171875 0.06875 0.046875
0 0.5046875 0.6806640625 0.065625 0.048828125
0 0.6390625 0.60546875 0.065625 0.05078125
0 0.65859375 0.7109375 0.0671875 0.046875
0 0.74140625 0.3740234375 0.0671875 0.048828125
0 0.39609375 0.484375 0.0671875 0.046875
0 0.63125 0.1845703125 0.065625 0.048828125
0 0.49921875 0.2587890625 0.0671875 0.048828125
0 0.7640625 0.4775390625 0.065625 0.048828125
0 0.721875 0.646484375 0.065625 0.05078125
0 0.86875 0.625 0.065625 0.05078125
0 0.43984375 0.744140625 0.0671875 0.046875
0 0.45703125 0.421875 0.0671875 0.046875
0 0.30625 0.3935546875 0.065625 0.048828125
0 0.640625 0.2333984375 0.065625 0.048828125
0 0.359375 0.703125 0.065625 0.046875
0 0.40390625 0.53515625 0.0671875 0.046875
0 0.72109375 0.2734375 0.0671875 0.046875
0 0.81484375 0.3623046875 0.0671875 0.048828125
0 0.703125 0.1669921875 0.065625 0.048828125
0 0.55625 0.5634765625 0.065625 0.048828125
0 0.56484375 0.6171875 0.0671875 0.046875
0 0.73125 0.322265625 0.06875 0.05078125
0 0.37578125 0.3828125 0.0671875 0.05078125
0 0.7859375 0.208984375 0.065625 0.05078125
0 0.559375 0.1943359375 0.065625 0.048828125
0 0.7546875 0.4267578125 0.065625 0.048828125
0 0.42421875 0.638671875 0.0671875 0.046875
0 0.4203125 0.21875 0.065625 0.05078125
0 0.49375 0.62890625 0.065625 0.046875
0 0.71171875 0.220703125 0.0671875 0.05078125
0 0.7953125 0.634765625 0.065625 0.05078125
0 0.68984375 0.490234375 0.0671875 0.05078125
0 0.484375 0.5771484375 0.065625 0.048828125
0 0.57421875 0.669921875 0.0671875 0.046875
0 0.34296875 0.59765625 0.0671875 0.046875
0 0.58515625 0.7197265625 0.0671875 0.048828125
0 0.79453125 0.2607421875 0.0671875 0.048828125
0 0.61875 0.5 0.065625 0.05078125
0 0.6515625 0.28515625 0.065625 0.046875
0 0.43125 0.26953125 0.065625 0.05078125
0 0.846875 0.51953125 0.065625 0.05078125
0 0.5140625 0.7333984375 0.065625 0.048828125
0 0.5359375 0.4609375 0.065625 0.046875
0 0.346875 0.2275390625 0.065625 0.048828125
0 0.6703125 0.38671875 0.065625 0.05078125
0 0.29921875 0.34375 0.0671875 0.05078125
0 0.50859375 0.30859375 0.0671875 0.05078125
0 0.8046875 0.6884765625 0.06875 0.048828125
0 0.315625 0.4453125 0.065625 0.05078125
0 0.325 0.494140625 0.065625 0.046875
0 0.6796875 0.4384765625 0.06875 0.048828125
0 0.33203125 0.5458984375 0.0671875 0.048828125
0 0.5890625 0.34765625 0.065625 0.046875
0 0.82421875 0.4140625 0.0671875 0.05078125
0 0.36875 0.755859375 0.065625 0.05078125
0 0.27890625 0.23828125 0.0671875 0.05078125
0 0.51953125 0.359375 0.0671875 0.046875
0 0.5703125 0.2470703125 0.065625 0.048828125
0 0.8046875 0.310546875 0.06875 0.05078125
0 0.64765625 0.6572265625 0.0671875 0.048828125
0 0.49140625 0.20703125 0.0671875 0.05078125
0 0.8796875 0.677734375 0.065625 0.05078125
0 0.6 0.3994140625 0.065625 0.048828125
0 0.35078125 0.6484375 0.0671875 0.046875
0 0.43828125 0.3212890625 0.0671875 0.048828125
0 0.359375 0.28125 0.065625 0.05078125
