0 0.49296875 0.505859375 0.0453125 0.05859375
0 0.225 0.2744140625 0.046875 0.060546875
0 0.35078125 0.748046875 0.0453125 0.05859375
0 0.30703125 0.248046875 0.0453125 0.05859375
0 0.471875 0.447265625 0.046875 0.05859375
0 0.30859375 0.3740234375 0.0453125 0.056640625
0 0.4734375 0.57421875 0.04375 0.05859375
0 0.3921875 0.603515625 0.046875 0.05859375
0 0.28828125 0.705078125 0.0453125 0.05859375
0 0.409375 0.2783203125 0.046875 0.056640625
0 0.6359375 0.7734375 0.04375 0.05859375
0 0.2265625 0.40234375 0.04375 0.05859375
0 0.328125 0.3037109375 0.04375 0.060546875
0 0.5546875 0.673828125 0.04375 0.05859375
0 0.390625 0.474609375 0.046875 0.05859375
0 0.390625 0.3486328125 0.046875 0.056640625
0 0.371875 0.677734375 0.046875 0.05859375
0 0.46953125 0.3193359375 0.0453125 0.060546875
0 0.28984375 0.57421875 0.0453125 0.05859375
0 0.30859375 0.634765625 0.0453125 0.05859375
0 0.3703125 0.5458984375 0.04375 0.056640625
0 0.2671875 0.646484375 0.046875 0.05859375
0 0.20390625 0.47265625 0.0453125 0.05859375
0 0.28984375 0.4462890625 0.0453125 0.060546875
0 0.4328125 0.8515625 0.04375 0.05859375
0 0.4546875 0.775390625 0.04375 0.05859375
0 0.4515625 0.646484375 0.04375 0.05859375
0 0.1640625 0.3564453125 0.04375 0.056640625
0 0.5359375 0.7451171875 0.04375 0.056640625
0 0.30859375 0.5029296875 0.0453125 0.056640625
0 0.553125 0.5458984375 0.04375 0.056640625
0 0.246875 0.3310546875 0.04375 0.056640625
0 0.41171875 0.533203125 0.0453125 0.05859375
0 0.39140625 0.8662109375 0.0453125 0.056640625
0 0.41171875 0.404296875 0.0453125 0.05859375
0 0.3296875 0.82421875 0.046875 0.05859375
0 0.47421875 0.7021484375 0.0453125 0.056640625
0 0.55546875 0.8037109375 0.0453125 0.060546875
0 0.5140625 0.689453125 0.046875 0.05859375
0 0.4515625 0.517578125 0.04375 0.05859375
0 0.534375 0.6162109375 0.04375 0.056640625
0 0.47421875 0.8359375 0.0453125 0.05859375
0 0.57421875 0.73046875 0.0453125 0.05859375
0 0.38828125 0.22265625 0.0453125 0.05859375
0 0.3703125 0.4169921875 0.04375 0.056640625
0 0.4953125 0.6298828125 0.046875 0.060546875
0 0.371875 0.8076171875 0.046875 0.060546875
0 0.53125 0.490234375 0.04375 0.05859375
0 0.57421875 0.6015625 0.0453125 0.05859375
0 0.490625 0.376953125 0.046875 0.05859375
0 0.615625 0.716796875 0.04375 0.05859375
0 0.3296875 0.431640625 0.046875 0.05859375
0 0.59765625 0.7880859375 0.0453125 0.056640625
0 0.4125 0.7919921875 0.04375 0.060546875
0 0.2265625 0.53125 0.04375 0.05859375
0 0.4953125 0.759765625 0.046875 0.05859375
0 0.4328125 0.716796875 0.04375 0.05859375
0 0.43125 0.4599609375 0.04375 0.056640625
0 0.35 0.490234375 0.04375 0.05859375
0 0.20625 0.34375 0.046875 0.05859375
0 0.1421875 0.30078125 0.04375 0.05859375
0 0.3296875 0.55859375 0.046875 0.05859375
0 0.26875 0.517578125 0.046875 0.05859375
0 0.346875 0.2353515625 0.04375 0.056640625
0 0.28828125 0.318359375 0.0453125 0.05859375
0 0.35078125 0.8818359375 0.0328125 0.052734375
0 0.43125 0.58984375 0.03125 0.05078125
0 0.26796875 0.38671875 0.0453125 0.05859375
0 0.3921875 0.732421875 0.046875 0.05859375
0 0.33125 0.689453125 0.04375 0.05859375
0 0.35 0.6181640625 0.04375 0.060546875
0 0.246875 0.4599609375 0.04375 0.056640625
0 0.51484375 0.8203125 0.0453125 0.05859375
0 0.44921875 0.265625 0.0453125 0.05859375
0 0.45 0.3916015625 0.04375 0.056640625
0 0.36953125 0.291015625 0.0453125 0.05859375
0 0.18515625 0.2880859375 0.0453125 0.056640625
0 0.5125 0.560546875 0.04375 0.05859375
0 0.2671875 0.259765625 0.046875 0.05859375
0 0.35 0.361328125 0.04375 0.05859375
0 0.43125 0.3349609375 0.04375 0.060546875
0 0.41328125 0.662109375 0.0453125 0.05859375
0 0.246875 0.5908203125 0.04375 0.060546875
0 0.3078125 0.7646484375 0.04375 0.060546875
0 0.51171875 0.431640625 0.0453125 0.05859375
0 0.59296875 0.6591796875 0.0453125 0.056640625
0 0.18515625 0.4150390625 0.0453125 0.060546875
0 0.428125 0.2099609375 0.046875 0.056640625
