0 0.8421875 0.6708984375 0.040625 0.052734375
0 0.6703125 0.6806640625 0.040625 0.052734375
0 0.64609375 0.5673828125 0.0421875 0.052734375
0 0.56796875 0.3984375 0.0421875 0.05078125
0 0.6390625 0.7431640625 0.040625 0.052734375
0 0.6765625 0.5078125 0.040625 0.05078125
0 0.6390625 0.33203125 0.040625 0.05078125
0 0.65078125 0.3916015625 0.0421875 0.052734375
0 0.71328125 0.2646484375 0.0421875 0.052734375
0 0.7546875 0.67578125 0.040625 0.05078125
0 0.7921875 0.4384765625 0.04375 0.052734375
0 0.7453125 0.2001953125 0.040625 0.052734375
0 0.596875 0.3388671875 0.040625 0.052734375
0 0.78046875 0.7900390625 0.0421875 0.052734375
0 0.7609375 0.5 0.040625 0.05078125
0 0.72578125 0.7353515625 0.0421875 0.052734375
0 0.5875 0.6884765625 0.040625 0.052734375
0 0.71875 0.5048828125 0.040625 0.052734375
0 0.5625 0.5771484375 0.040625 0.052734375
0 0.87265625 0.609375 0.0421875 0.05078125
0 0.70546875 0.4462890625 0.0421875 0.052734375
0 0.78671875 0.6162109375 0.0421875 0.052734375
0 0.78125 0.37890625 0.040625 0.05078125
0 0.6578125 0.2109375 0.040625 0.05078125
0 0.82421875 0.3740234375 0.0421875 0.052734375
0 0.5921875 0.5146484375 0.04375 0.052734375
0 0.5390625 0.462890625 0.040625 0.05078125
0 0.68203125 0.3291015625 0.0390625 0.052734375
0 0.73046875 0.5625 0.0390625 0.05078125
0 0.909375 0.7822265625 0.04375 0.052734375
0 0.82265625 0.787109375 0.0421875 0.05078125
0 0.83671875 0.43359375 0.0421875 0.05078125
0 0.62890625 0.685546875 0.0421875 0.05078125
0 0.82890625 0.611328125 0.0421875 0.05078125
0 0.62890625 0.275390625 0.0421875 0.05078125
0 0.52890625 0.2255859375 0.0421875 0.052734375
0 0.67109375 0.2705078125 0.0421875 0.052734375
0 0.74921875 0.4404296875 0.0421875 0.052734375
0 0.63359375 0.5107421875 0.0390625 0.052734375
0 0.8609375 0.5498046875 0.04375 0.052734375
0 0.69375 0.794921875 0.040625 0.05078125
0 0.58671875 0.2802734375 0.0421875 0.052734375
0 0.52578125 0.4033203125 0.0421875 0.052734375
0 0.5796875 0.4580078125 0.040625 0.052734375
0 0.7125 0.6787109375 0.040625 0.052734375
0 0.7734375 0.5576171875 0.040625 0.052734375
0 0.725 0.32421875 0.040625 0.05078125
0 0.51328125 0.3466796875 0.0421875 0.052734375
0 0.70078125 0.2060546875 0.0421875 0.052734375
0 0.76640625 0.7333984375 0.0421875 0.052734375
0 0.4890625 0.23046875 0.04375 0.05078125
0 0.7 0.6220703125 0.040625 0.052734375
0 0.5 0.287109375 0.040625 0.05078125
0 0.5546875 0.3427734375 0.040625 0.048828125
0 0.60390625 0.572265625 0.0421875 0.05078125
0 0.69375 0.38671875 0.040625 0.05078125
0 0.8046875 0.4951171875 0.040625 0.052734375
0 0.796875 0.673828125 0.040625 0.05078125
0 0.86484375 0.78515625 0.0421875 0.05078125
0 0.59921875 0.7451171875 0.0390625 0.052734375
0 0.8015625 0.2548828125 0.040625 0.052734375
0 0.85 0.4912109375 0.040625 0.048828125
0 0.7359375 0.7919921875 0.040625 0.052734375
0 0.7375 0.3837890625 0.04375 0.052734375
0 0.66484375 0.4501953125 0.0421875 0.052734375
0 0.884375 0.6689453125 0.040625 0.052734375
0 0.85234375 0.7275390625 0.0421875 0.052734375
0 0.81328125 0.314453125 0.0390625 0.05078125
0 0.68671875 0.564453125 0.0421875 0.05078125
0 0.621875 0.453125 0.040625 0.05078125
0 0.65234375 0.7998046875 0.0421875 0.052734375
0 0.6578125 0.6240234375 0.040625 0.052734375
0 0.78828125 0.193359375 0.0421875 0.05078125
0 0.7578125 0.2607421875 0.04375 0.052734375
0 0.68359375 0.7373046875 0.0421875 0.052734375
0 0.5421875 0.28515625 0.040625 0.05078125
0 0.74375 0.619140625 0.04375 0.05078125
0 0.571875 0.220703125 0.04375 0.05078125
0 0.61640625 0.2177734375 0.0421875 0.052734375
0 0.8171875 0.5546875 0.040625 0.05078125
0 0.57421875 0.6337890625 0.0421875 0.052734375
0 0.76875 0.3193359375 0.040625 0.052734375
0 0.54921875 0.5205078125 0.0421875 0.052734375
0 0.60859375 0.396484375 0.0421875 0.05078125
0 0.81015625 0.73046875 0.0421875 0.05078125
0 0.89765625 0.7255859375 0.0421875 0.052734375
0 0.615625 0.62890625 0.040625 0.05078125
0 0.61015625 0.8017578125 0.0421875 0.052734375
