0 0.6609375 0.796875 0.071875 0.0546875
0 0.8546875 0.5625 0.071875 0.0546875
0 0.5078125 0.580078125 0.071875 0.0546875
0 0.49921875 0.458984375 0.0734375 0.0546875
0 0.64375 0.546875 0.071875 0.0546875
0 0.91875 0.484375 0.071875 0.0546875
0 0.484375 0.220703125 0.071875 0.0546875
0 0.8 0.765625 0.071875 0.0546875
0 0.9296875 0.607421875 0.071875 0.0546875
0 0.5515625 0.201171875 0.071875 0.0546875
0 0.525 0.826171875 0.071875 0.0546875
0 0.86875 0.7509765625 0.071875 0.052734375
0 0.7796875 0.517578125 0.071875 0.0546875
0 0.71015625 0.5322265625 0.0734375 0.052734375
0 0.834375 0.31640625 0.071875 0.0546875
0 0.78828125 0.640625 0.0734375 0.0546875
0 0.6171875 0.185546875 0.071875 0.0546875
0 0.42109375 0.296875 0.0734375 0.0546875
0 0.759375 0.2724609375 0.071875 0.052734375
0 0.9125 0.421875 0.071875 0.0546875
0 0.44453125 0.65625 0.0734375 0.0546875
0 0.715625 0.5947265625 0.071875 0.052734375
0 0.86328125 0.6875 0.0734375 0.0546875
0 0.4359375 0.5341796875 0.071875 0.052734375
0 0.453125 0.779296875 0.071875 0.0546875
0 0.5796875 0.625 0.071875 0.0546875
0 0.45625 0.841796875 0.071875 0.0546875
0 0.571875 0.50390625 0.071875 0.0546875
0 0.6953125 0.3505859375 0.071875 0.052734375
0 0.94140625 0.736328125 0.0734375 0.0546875
0 0.725 0.71875 0.071875 0.0546875
0 0.8484375 0.5 0.071875 0.0546875
0 0.5171875 0.703125 0.071875 0.0546875
0 0.6375 0.486328125 0.071875 0.0546875
0 0.5625 0.3828125 0.071875 0.0546875
0 0.8578125 0.625 0.071875 0.0546875
0 0.6234375 0.3046875 0.071875 0.0546875
0 0.9359375 0.6708984375 0.071875 0.052734375
0 0.63203125 0.42578125 0.0734375 0.0546875
0 0.765625 0.3330078125 0.071875 0.052734375
0 0.8984375 0.23828125 0.071875 0.0546875
0 0.57421875 0.564453125 0.0734375 0.0546875
0 0.7046875 0.4716796875 0.071875 0.052734375
0 0.51953125 0.763671875 0.0734375 0.0546875
0 0.5890625 0.748046875 0.071875 0.0546875
0 0.79375 0.703125 0.071875 0.0546875
0 0.5546875 0.26171875 0.071875 0.0546875
0 0.8921875 0.1748046875 0.071875 0.052734375
0 0.65234375 0.6708984375 0.0734375 0.052734375
0 0.84375 0.439453125 0.071875 0.0546875
0 0.82890625 0.2548828125 0.0734375 0.052734375
0 0.90390625 0.298828125 0.0734375 0.0546875
0 0.7859375 0.578125 0.071875 0.0546875
0 0.75625 0.2119140625 0.071875 0.052734375
0 0.565625 0.443359375 0.071875 0.0546875
0 0.646875 0.6103515625 0.071875 0.052734375
0 0.69296875 0.287109375 0.0734375 0.0546875
0 0.5921875 0.8115234375 0.071875 0.052734375
0 0.73046875 0.78125 0.0734375 0.0546875
0 0.90625 0.359375 0.071875 0.0546875
0 0.8234375 0.1943359375 0.071875 0.052734375
0 0.76796875 0.3935546875 0.0734375 0.052734375
0 0.92421875 0.544921875 0.0734375 0.0546875
0 0.446875 0.71875 0.071875 0.0546875
0 0.6875 0.228515625 0.071875 0.0546875
0 0.7734375 0.4541015625 0.071875 0.052734375
0 0.44140625 0.5947265625 0.0734375 0.052734375
0 0.49375 0.337890625 0.071875 0.0546875
0 0.71875 0.65625 0.071875 0.0546875
0 0.8203125 0.1337890625 0.071875 0.052734375
0 0.4296875 0.416015625 0.071875 0.0546875
0 0.65546875 0.7333984375 0.0734375 0.052734375
0 0.684375 0.16796875 0.071875 0.0546875
0 0.5046875 0.51953125 0.071875 0.0546875
0 0.88671875 0.1171875 0.0734375 0.0546875
0 0.4328125 0.4736328125 0.071875 0.052734375
0 0.5109375 0.640625 0.071875 0.0546875
0 0.4875 0.279296875 0.071875 0.0546875
0 0.6296875 0.365234375 0.071875 0.0546875
0 0.6203125 0.244140625 0.071875 0.0546875
0 0.75078125 0.1484375 0.0734375 0.0546875
0 0.55703125 0.322265625 0.0734375 0.0546875
0 0.5828125 0.685546875 0.071875 0.0546875
0 0.8375 0.376953125 0.071875 0.0546875
0 0.7015625 0.4111328125 0.071875 0.052734375
0 0.496875 0.3984375 0.071875 0.0546875
0 0.4265625 0.3544921875 0.071875 0.052734375
0 0.41875 0.236328125 0.071875 0.0546875
