0 0.5625 0.5419921875 0.040625 0.048828125
0 0.29296875 0.5810546875 0.0390625 0.048828125
0 0.5359375 0.3798828125 0.040625 0.044921875
0 0.4875 0.5361328125 0.040625 0.048828125
0 0.503125 0.322265625 0.0375 0.046875
0 0.3796875 0.4765625 0.040625 0.046875
0 0.2578125 0.5224609375 0.040625 0.044921875
0 0.4125 0.533203125 0.040625 0.046875
0 0.59921875 0.54296875 0.0390625 0.046875
0 0.34921875 0.310546875 0.0390625 0.046875
0 0.3421875 0.4169921875 0.040625 0.048828125
0 0.4625 0.3720703125 0.040625 0.044921875
0 0.3703125 0.583984375 0.040625 0.046875
0 0.253125 0.576171875 0.040625 0.046875
0 0.346875 0.3642578125 0.040625 0.044921875
0 0.578125 0.328125 0.0375 0.046875
0 0.375 0.529296875 0.040625 0.046875
0 0.4859375 0.5908203125 0.040625 0.048828125
0 0.49921875 0.376953125 0.0390625 0.046875
0 0.5734375 0.3828125 0.0375 0.046875
0 0.45 0.5341796875 0.0375 0.048828125
0 0.409375 0.587890625 0.040625 0.046875
0 0.24921875 0.6337890625 0.0390625 0.044921875
0 0.296875 0.5263671875 0.0375 0.048828125
0 0.42265625 0.369140625 0.0390625 0.046875
0 0.3078125 0.3603515625 0.0375 0.048828125
0 0.5703125 0.43359375 0.040625 0.046875
0 0.54375 0.2724609375 0.0375 0.048828125
0 0.44609375 0.5888671875 0.0390625 0.048828125
0 0.3859375 0.3671875 0.040625 0.046875
0 0.52265625 0.5908203125 0.0390625 0.048828125
0 0.33125 0.5830078125 0.0375 0.048828125
0 0.49609375 0.4296875 0.0390625 0.046875
0 0.27265625 0.3037109375 0.0390625 0.048828125
0 0.2328125 0.30078125 0.040625 0.05078125
0 0.4578125 0.42578125 0.040625 0.046875
0 0.540625 0.326171875 0.040625 0.046875
0 0.51875 0.6455078125 0.0375 0.048828125
0 0.603125 0.4892578125 0.0375 0.048828125
0 0.28828125 0.6357421875 0.0390625 0.048828125
0 0.33515625 0.5263671875 0.0390625 0.048828125
0 0.32890625 0.6376953125 0.0390625 0.048828125
0 0.6109375 0.384765625 0.040625 0.046875
0 0.53359375 0.431640625 0.0390625 0.046875
0 0.22890625 0.3544921875 0.0390625 0.048828125
0 0.26875 0.3583984375 0.040625 0.048828125
0 0.525 0.5390625 0.0375 0.05078125
0 0.303125 0.4150390625 0.0375 0.048828125
0 0.4046875 0.638671875 0.040625 0.046875
0 0.26484375 0.4140625 0.0390625 0.046875
0 0.3671875 0.638671875 0.0375 0.046875
0 0.4921875 0.4833984375 0.040625 0.044921875
0 0.52890625 0.486328125 0.0390625 0.046875
0 0.60625 0.4384765625 0.040625 0.048828125
0 0.6171875 0.27734375 0.040625 0.05078125
0 0.2203125 0.46484375 0.0375 0.046875
0 0.43125 0.2626953125 0.0375 0.048828125
0 0.2609375 0.46875 0.0375 0.046875
0 0.565625 0.4873046875 0.040625 0.048828125
0 0.353125 0.255859375 0.040625 0.046875
0 0.4203125 0.423828125 0.0375 0.046875
0 0.4265625 0.31640625 0.0375 0.05078125
0 0.275 0.2490234375 0.040625 0.048828125
0 0.21015625 0.6298828125 0.0390625 0.048828125
0 0.615625 0.330078125 0.040625 0.046875
0 0.50546875 0.2685546875 0.0390625 0.044921875
0 0.33984375 0.4716796875 0.0390625 0.048828125
0 0.41640625 0.478515625 0.0390625 0.046875
0 0.44375 0.6435546875 0.0375 0.048828125
0 0.596875 0.59765625 0.0375 0.046875
0 0.315625 0.2509765625 0.040625 0.048828125
0 0.58125 0.2744140625 0.040625 0.048828125
0 0.38125 0.421875 0.040625 0.046875
0 0.2359375 0.2431640625 0.040625 0.048828125
0 0.39296875 0.2587890625 0.0390625 0.048828125
0 0.225 0.41015625 0.0375 0.046875
0 0.38828125 0.3134765625 0.0390625 0.048828125
0 0.2140625 0.5751953125 0.0375 0.048828125
0 0.559375 0.595703125 0.040625 0.046875
0 0.48125 0.6435546875 0.040625 0.048828125
0 0.3109375 0.3056640625 0.040625 0.048828125
0 0.465625 0.3203125 0.040625 0.046875
0 0.4546875 0.48046875 0.0375 0.046875
0 0.21875 0.51953125 0.0375 0.046875
0 0.46875 0.265625 0.040625 0.046875
0 0.29921875 0.4716796875 0.0390625 0.048828125
0 0.55625 0.646484375 0.040625 0.046875
0 0.59296875 0.6484375 0.0390625 0.046875
