0 0.79453125 0.2421875 0.0484375 0.0546875
0 0.5234375 0.1328125 0.046875 0.0546875
0 0.63125 0.1513671875 0.046875 0.056640625
0 0.68671875 0.158203125 0.0484375 0.0546875
0 0.840625 0.759765625 0.046875 0.0546875
0 0.68125 0.478515625 0.046875 0.0546875
0 0.796875 0.17578125 0.046875 0.0546875
0 0.628125 0.408203125 0.046875 0.0546875
0 0.628125 0.34375 0.046875 0.0546875
0 0.8421875 0.6328125 0.046875 0.0546875
0 0.7359375 0.490234375 0.046875 0.0546875
0 0.51953125 0.390625 0.0484375 0.0546875
0 0.7359375 0.42578125 0.046875 0.0546875
0 0.84609375 0.443359375 0.0484375 0.0546875
0 0.575 0.3349609375 0.046875 0.056640625
0 0.79453125 0.3056640625 0.0484375 0.056640625
0 0.73984375 0.232421875 0.0484375 0.0546875
0 0.57265625 0.4609375 0.0484375 0.0546875
0 0.67890625 0.6044921875 0.0484375 0.056640625
0 0.57109375 0.5869140625 0.0484375 0.056640625
0 0.521875 0.26171875 0.046875 0.0546875
0 0.6296875 0.21484375 0.046875 0.0546875
0 0.7875 0.625 0.046875 0.0546875
0 0.6828125 0.3525390625 0.046875 0.056640625
0 0.73203125 0.615234375 0.0484375 0.0546875
0 0.78515625 0.75 0.0484375 0.0546875
0 0.7890625 0.498046875 0.046875 0.0546875
0 0.57109375 0.7109375 0.0484375 0.0546875
0 0.74140625 0.166015625 0.0484375 0.0546875
0 0.5765625 0.142578125 0.046875 0.0546875
0 0.84375 0.5712890625 0.046875 0.056640625
0 0.684375 0.2880859375 0.046875 0.056640625
0 0.6296875 0.279296875 0.046875 0.0546875
0 0.7984375 0.109375 0.046875 0.0546875
0 0.62578125 0.4697265625 0.0484375 0.056640625
0 0.68828125 0.09375 0.0484375 0.0546875
0 0.8515625 0.248046875 0.046875 0.0546875
0 0.51796875 0.640625 0.0484375 0.0546875
0 0.90078125 0.515625 0.0484375 0.0546875
0 0.521875 0.326171875 0.046875 0.0546875
0 0.67734375 0.73046875 0.0484375 0.0546875
0 0.63359375 0.0849609375 0.0484375 0.056640625
0 0.575 0.2705078125 0.046875 0.056640625
0 0.903125 0.3876953125 0.046875 0.056640625
0 0.840625 0.697265625 0.046875 0.0546875
0 0.51953125 0.513671875 0.0484375 0.0546875
0 0.734375 0.5517578125 0.046875 0.056640625
0 0.57109375 0.6484375 0.0484375 0.0546875
0 0.853125 0.1845703125 0.046875 0.056640625
0 0.73984375 0.296875 0.0484375 0.0546875
0 0.62421875 0.658203125 0.0484375 0.0546875
0 0.73203125 0.740234375 0.0484375 0.0546875
0 0.7875 0.6865234375 0.046875 0.056640625
0 0.67890625 0.6689453125 0.0484375 0.056640625
0 0.90625 0.2578125 0.046875 0.0546875
0 0.85546875 0.1181640625 0.0484375 0.056640625
0 0.84375 0.5078125 0.046875 0.0546875
0 0.62578125 0.533203125 0.0484375 0.0546875
0 0.790625 0.4345703125 0.046875 0.056640625
0 0.62578125 0.595703125 0.0484375 0.0546875
0 0.51953125 0.4521484375 0.0484375 0.056640625
0 0.521875 0.197265625 0.046875 0.0546875
0 0.9046875 0.32421875 0.046875 0.0546875
0 0.7375 0.361328125 0.046875 0.0546875
0 0.578125 0.078125 0.046875 0.0546875
0 0.84765625 0.37890625 0.0484375 0.0546875
0 0.73203125 0.677734375 0.0484375 0.0546875
0 0.79296875 0.3701171875 0.0484375 0.056640625
0 0.5234375 0.0693359375 0.046875 0.056640625
0 0.85 0.314453125 0.046875 0.0546875
0 0.57265625 0.525390625 0.0484375 0.0546875
0 0.896875 0.70703125 0.046875 0.0546875
0 0.896875 0.64453125 0.046875 0.0546875
0 0.90859375 0.193359375 0.0484375 0.0546875
0 0.67890625 0.54296875 0.0484375 0.0546875
0 0.5765625 0.20703125 0.046875 0.0546875
0 0.51796875 0.578125 0.0484375 0.0546875
0 0.7890625 0.560546875 0.046875 0.0546875
0 0.8953125 0.7705078125 0.046875 0.056640625
0 0.684375 0.224609375 0.046875 0.0546875
0 0.9125 0.126953125 0.046875 0.0546875
0 0.575 0.3984375 0.046875 0.0546875
0 0.68125 0.416015625 0.046875 0.0546875
0 0.89921875 0.580078125 0.0484375 0.0546875
0 0.74375 0.1025390625 0.046875 0.056640625
0 0.62421875 0.7197265625 0.0484375 0.056640625
0 0.903125 0.4521484375 0.046875 0.056640625
0 0.51796875 0.7021484375 0.0484375 0.056640625
