0 0.540625 0.67578125 0.040625 0.02734375
0 0.57578125 0.705078125 0.0421875 0.02734375
0 0.54453125 0.7333984375 0.0390625 0.029296875
0 0.63671875 0.6513671875 0.0390625 0.029296875
0 0.340625 0.501953125 0.040625 0.02734375
0 0.4078125 0.5595703125 0.040625 0.029296875
0 0.31015625 0.529296875 0.0421875 0.02734375
0 0.72421875 0.5166015625 0.0390625 0.029296875
0 0.375 0.53125 0.040625 0.02734375
0 0.44140625 0.642578125 0.0390625 0.02734375
0 0.596875 0.51171875 0.040625 0.02734375
0 0.4015625 0.3984375 0.040625 0.02734375
0 0.3421875 0.55859375 0.040625 0.03125
0 0.53359375 0.509765625 0.0390625 0.02734375
0 0.24453125 0.419921875 0.0421875 0.03125
0 0.66328125 0.568359375 0.0390625 0.03125
0 0.50390625 0.53515625 0.0390625 0.03125
0 0.72890625 0.5712890625 0.0390625 0.029296875
0 0.471875 0.5625 0.040625 0.02734375
0 0.465625 0.400390625 0.040625 0.02734375
0 0.55859375 0.37890625 0.0390625 0.02734375
0 0.534375 0.564453125 0.040625 0.02734375
0 0.603125 0.623046875 0.040625 0.02734375
0 0.659375 0.513671875 0.040625 0.02734375
0 0.30703125 0.369140625 0.0390625 0.03125
0 0.27734375 0.501953125 0.0421875 0.02734375
0 0.434375 0.42578125 0.040625 0.02734375
0 0.5109375 0.7041015625 0.040625 0.029296875
0 0.60625 0.677734375 0.040625 0.02734375
0 0.56640625 0.5380859375 0.0390625 0.029296875
0 0.3734375 0.4775390625 0.040625 0.029296875
0 0.43125 0.3203125 0.040625 0.02734375
0 0.68984375 0.486328125 0.0390625 0.02734375
0 0.63046875 0.541015625 0.0390625 0.03125
0 0.69453125 0.5419921875 0.0421875 0.029296875
0 0.66796875 0.625 0.0421875 0.02734375
0 0.3078125 0.4208984375 0.040625 0.029296875
0 0.4390625 0.53125 0.040625 0.02734375
0 0.4984375 0.427734375 0.040625 0.02734375
0 0.57265625 0.6484375 0.0390625 0.03125
0 0.47109375 0.5078125 0.0390625 0.03125
0 0.47421875 0.6162109375 0.0390625 0.029296875
0 0.50625 0.58984375 0.040625 0.02734375
0 0.52734375 0.4033203125 0.0390625 0.029296875
0 0.36875 0.3203125 0.040625 0.02734375
0 0.40859375 0.615234375 0.0390625 0.02734375
0 0.62421875 0.431640625 0.0390625 0.02734375
0 0.4328125 0.373046875 0.040625 0.02734375
0 0.5 0.4814453125 0.040625 0.029296875
0 0.49296875 0.322265625 0.0390625 0.02734375
0 0.37265625 0.423828125 0.0390625 0.02734375
0 0.7578125 0.544921875 0.040625 0.02734375
0 0.59921875 0.5654296875 0.0390625 0.029296875
0 0.24453125 0.470703125 0.0421875 0.02734375
0 0.65703125 0.458984375 0.0390625 0.02734375
0 0.59140625 0.404296875 0.0390625 0.03125
0 0.50703125 0.64453125 0.0390625 0.02734375
0 0.275 0.447265625 0.040625 0.03125
0 0.33984375 0.396484375 0.0390625 0.02734375
0 0.2125 0.443359375 0.040625 0.02734375
0 0.33984375 0.4501953125 0.0390625 0.029296875
0 0.56015625 0.427734375 0.0390625 0.02734375
0 0.43515625 0.4775390625 0.0390625 0.029296875
0 0.375 0.5859375 0.040625 0.03125
0 0.403125 0.451171875 0.0375 0.02734375
0 0.5640625 0.484375 0.040625 0.02734375
0 0.6265625 0.486328125 0.040625 0.02734375
0 0.440625 0.5888671875 0.040625 0.029296875
0 0.52578125 0.3505859375 0.0390625 0.029296875
0 0.3984375 0.294921875 0.040625 0.02734375
0 0.4640625 0.34765625 0.040625 0.02734375
0 0.69765625 0.59765625 0.0390625 0.02734375
0 0.47578125 0.673828125 0.0421875 0.03125
0 0.275 0.39453125 0.040625 0.03125
0 0.3703125 0.37109375 0.0375 0.02734375
0 0.59296875 0.458984375 0.0390625 0.02734375
0 0.40625 0.5048828125 0.040625 0.029296875
0 0.49453125 0.375 0.0390625 0.02734375
0 0.46015625 0.296875 0.0390625 0.02734375
0 0.4015625 0.345703125 0.040625 0.02734375
0 0.5390625 0.6181640625 0.040625 0.029296875
0 0.4671875 0.453125 0.040625 0.02734375
0 0.6328125 0.5947265625 0.040625 0.029296875
0 0.5703125 0.591796875 0.040625 0.02734375
0 0.53125 0.4560546875 0.040625 0.029296875
0 0.3078125 0.4755859375 0.040625 0.029296875
0 0.33828125 0.345703125 0.0390625 0.02734375
0 0.4296875 0.26953125 0.0375 0.02734375
