0 0.4609375 0.6103515625 0.05625 0.052734375
0 0.65234375 0.5009765625 0.0546875 0.052734375
0 0.59375 0.4404296875 0.05625 0.052734375
0 0.221875 0.4326171875 0.05625 0.052734375
0 0.27578125 0.6083984375 0.0546875 0.052734375
0 0.60078125 0.3232421875 0.0546875 0.052734375
0 0.71953125 0.4423828125 0.0546875 0.052734375
0 0.39921875 0.6103515625 0.0546875 0.052734375
0 0.5375 0.3798828125 0.05625 0.052734375
0 0.7703125 0.6181640625 0.05625 0.052734375
0 0.66015625 0.3818359375 0.0546875 0.052734375
0 0.21640625 0.5478515625 0.0546875 0.052734375
0 0.35859375 0.2607421875 0.0546875 0.052734375
0 0.54140625 0.2646484375 0.0546875 0.052734375
0 0.58671875 0.5576171875 0.0546875 0.052734375
0 0.4015625 0.5537109375 0.05625 0.052734375
0 0.71171875 0.5595703125 0.0546875 0.052734375
0 0.48203125 0.2626953125 0.0546875 0.052734375
0 0.5265625 0.5556640625 0.05625 0.052734375
0 0.29140625 0.3173828125 0.0546875 0.052734375
0 0.28125 0.4912109375 0.05625 0.052734375
0 0.16328125 0.3740234375 0.0546875 0.052734375
0 0.665625 0.2685546875 0.05625 0.052734375
0 0.46484375 0.5537109375 0.0546875 0.052734375
0 0.3328125 0.6689453125 0.05625 0.052734375
0 0.70703125 0.6181640625 0.0546875 0.052734375
0 0.415625 0.3212890625 0.05625 0.052734375
0 0.78828125 0.3271484375 0.0546875 0.052734375
0 0.409375 0.4365234375 0.05625 0.056640625
0 0.23046875 0.3154296875 0.0546875 0.052734375
0 0.64765625 0.6181640625 0.0546875 0.052734375
0 0.725 0.3251953125 0.05625 0.052734375
0 0.35078125 0.3759765625 0.0546875 0.052734375
0 0.77421875 0.5595703125 0.0546875 0.052734375
0 0.20859375 0.6640625 0.0546875 0.0546875
0 0.64921875 0.5576171875 0.0578125 0.052734375
0 0.72109375 0.3857421875 0.0546875 0.052734375
0 0.58515625 0.6123046875 0.0546875 0.052734375
0 0.5296875 0.4951171875 0.05625 0.052734375
0 0.47421875 0.3779296875 0.0546875 0.052734375
0 0.64453125 0.6748046875 0.0546875 0.052734375
0 0.15703125 0.4873046875 0.0546875 0.052734375
0 0.70703125 0.6748046875 0.0546875 0.052734375
0 0.540625 0.3232421875 0.05625 0.052734375
0 0.7765625 0.5029296875 0.05625 0.052734375
0 0.78984375 0.2705078125 0.0546875 0.052734375
0 0.2890625 0.3759765625 0.05625 0.052734375
0 0.47109375 0.4384765625 0.0546875 0.052734375
0 0.27734375 0.5498046875 0.0546875 0.052734375
0 0.72890625 0.2685546875 0.0546875 0.052734375
0 0.340625 0.5498046875 0.05625 0.052734375
0 0.78046875 0.4423828125 0.0546875 0.052734375
0 0.71484375 0.5009765625 0.0546875 0.052734375
0 0.784375 0.3857421875 0.05625 0.052734375
0 0.34453125 0.4931640625 0.0546875 0.052734375
0 0.2125 0.6083984375 0.05625 0.052734375
0 0.28515625 0.4326171875 0.0546875 0.052734375
0 0.22578125 0.3740234375 0.0546875 0.052734375
0 0.52421875 0.6123046875 0.0546875 0.052734375
0 0.6046875 0.2646484375 0.05625 0.052734375
0 0.2953125 0.2587890625 0.05625 0.052734375
0 0.40546875 0.4931640625 0.0546875 0.052734375
0 0.33671875 0.6083984375 0.0546875 0.052734375
0 0.21953125 0.4892578125 0.0578125 0.056640625
0 0.47890625 0.3232421875 0.0546875 0.052734375
0 0.34609375 0.4345703125 0.0546875 0.052734375
0 0.46875 0.4951171875 0.05625 0.052734375
0 0.35390625 0.3212890625 0.0546875 0.052734375
0 0.2328125 0.2587890625 0.05625 0.052734375
0 0.51953125 0.6708984375 0.0546875 0.052734375
0 0.58203125 0.6728515625 0.0578125 0.052734375
0 0.14921875 0.6064453125 0.0546875 0.052734375
0 0.59140625 0.4970703125 0.0546875 0.052734375
0 0.41953125 0.26171875 0.0546875 0.0546875
0 0.1609375 0.4306640625 0.05625 0.052734375
0 0.39609375 0.6689453125 0.0546875 0.052734375
0 0.14765625 0.6650390625 0.0546875 0.052734375
0 0.6640625 0.326171875 0.05625 0.0546875
0 0.41328125 0.3779296875 0.0546875 0.052734375
0 0.153125 0.5478515625 0.05625 0.052734375
0 0.65625 0.4423828125 0.05625 0.052734375
0 0.53359375 0.4404296875 0.0546875 0.052734375
0 0.16640625 0.3154296875 0.0546875 0.052734375
0 0.45703125 0.6708984375 0.0546875 0.052734375
0 0.596875 0.3818359375 0.05625 0.052734375
0 0.17109375 0.2548828125 0.0546875 0.052734375
0 0.76796875 0.6767578125 0.0546875 0.052734375
0 0.27109375 0.6650390625 0.0546875 0.052734375
