0 0.58984375 0.4892578125 0.0390625 0.048828125
0 0.59609375 0.3759765625 0.0390625 0.048828125
0 0.76640625 0.6728515625 0.0390625 0.048828125
0 0.55390625 0.4892578125 0.0390625 0.048828125
0 0.51484375 0.5439453125 0.0390625 0.048828125
0 0.58046875 0.6611328125 0.0390625 0.048828125
0 0.69453125 0.6103515625 0.0390625 0.048828125
0 0.77734375 0.4384765625 0.0390625 0.048828125
0 0.65078125 0.7236328125 0.0390625 0.048828125
0 0.69140625 0.6669921875 0.0390625 0.048828125
0 0.73359375 0.6123046875 0.0390625 0.048828125
0 0.66015625 0.5498046875 0.0390625 0.048828125
0 0.57890625 0.7177734375 0.0390625 0.048828125
0 0.50859375 0.6572265625 0.0390625 0.048828125
0 0.63203125 0.3759765625 0.0390625 0.048828125
0 0.65703125 0.6064453125 0.0390625 0.048828125
0 0.66640625 0.4365234375 0.0390625 0.048828125
0 0.76953125 0.6142578125 0.0390625 0.048828125
0 0.54609375 0.6591796875 0.0390625 0.048828125
0 0.62421875 0.5478515625 0.0390625 0.048828125
0 0.51953125 0.4873046875 0.0390625 0.048828125
0 0.58671875 0.5458984375 0.0390625 0.048828125
0 0.66328125 0.4912109375 0.0390625 0.048828125
0 0.56015625 0.3740234375 0.0390625 0.048828125
0 0.83984375 0.7373046875 0.0390625 0.048828125
0 0.70546875 0.3779296875 0.0390625 0.048828125
0 0.78046875 0.3798828125 0.0390625 0.048828125
0 0.67109375 0.3779296875 0.0390625 0.048828125
0 0.47734375 0.5986328125 0.0390625 0.048828125
0 0.51328125 0.6005859375 0.0390625 0.048828125
0 0.61484375 0.7216796875 0.0390625 0.048828125
0 0.62734375 0.4912109375 0.0390625 0.048828125
0 0.74140625 0.4365234375 0.0390625 0.048828125
0 0.62890625 0.4326171875 0.0390625 0.048828125
0 0.80390625 0.6748046875 0.0390625 0.048828125
0 0.85234375 0.5009765625 0.0390625 0.048828125
0 0.56328125 0.3173828125 0.0390625 0.048828125
0 0.72890625 0.6689453125 0.0390625 0.048828125
0 0.76328125 0.7314453125 0.0390625 0.048828125
0 0.78359375 0.3232421875 0.0390625 0.048828125
0 0.68828125 0.7255859375 0.0390625 0.048828125
0 0.48359375 0.4853515625 0.0390625 0.048828125
0 0.70234375 0.4365234375 0.0390625 0.048828125
0 0.61796875 0.6630859375 0.0390625 0.048828125
0 0.72578125 0.7294921875 0.0390625 0.048828125
0 0.55234375 0.5458984375 0.0390625 0.048828125
0 0.48828125 0.3740234375 0.0390625 0.048828125
0 0.49140625 0.3173828125 0.0390625 0.048828125
0 0.52734375 0.3173828125 0.0390625 0.048828125
0 0.61953125 0.6064453125 0.0390625 0.048828125
0 0.69765625 0.5517578125 0.0390625 0.048828125
0 0.77421875 0.4970703125 0.0390625 0.048828125
0 0.85859375 0.3818359375 0.0390625 0.048828125
0 0.58359375 0.6044921875 0.0390625 0.048828125
0 0.63515625 0.3193359375 0.0390625 0.048828125
0 0.48046875 0.5419921875 0.0390625 0.048828125
0 0.74609375 0.3212890625 0.0390625 0.048828125
0 0.81640625 0.4404296875 0.0390625 0.048828125
0 0.81015625 0.5576171875 0.0390625 0.048828125
0 0.73359375 0.5537109375 0.0390625 0.048828125
0 0.80234375 0.7333984375 0.0390625 0.048828125
0 0.52421875 0.3740234375 0.0390625 0.048828125
0 0.67109375 0.3212890625 0.0390625 0.048828125
0 0.47421875 0.6552734375 0.0390625 0.048828125
0 0.50703125 0.7138671875 0.0390625 0.048828125
0 0.84921875 0.5595703125 0.0390625 0.048828125
0 0.74296875 0.3798828125 0.0390625 0.048828125
0 0.77265625 0.5556640625 0.0390625 0.048828125
0 0.82421875 0.3232421875 0.0390625 0.048828125
0 0.80703125 0.6162109375 0.0390625 0.048828125
0 0.55703125 0.4326171875 0.0390625 0.048828125
0 0.65546875 0.6650390625 0.0390625 0.048828125
0 0.54296875 0.7158203125 0.0390625 0.048828125
0 0.73671875 0.4951171875 0.0390625 0.048828125
0 0.81328125 0.4990234375 0.0390625 0.048828125
0 0.52109375 0.4306640625 0.0390625 0.048828125
0 0.59921875 0.3173828125 0.0390625 0.048828125
0 0.71015625 0.3212890625 0.0390625 0.048828125
0 0.54765625 0.6025390625 0.0390625 0.048828125
0 0.84296875 0.6767578125 0.0390625 0.048828125
0 0.84609375 0.6181640625 0.0390625 0.048828125
0 0.59296875 0.4326171875 0.0390625 0.048828125
0 0.47109375 0.7119140625 0.0390625 0.048828125
0 0.70234375 0.4931640625 0.0390625 0.048828125
0 0.81953125 0.3818359375 0.0390625 0.048828125
0 0.85546875 0.4423828125 0.0390625 0.048828125
0 0.48515625 0.4287109375 0.0390625 0.048828125
0 0.86171875 0.3232421875 0.0390625 0.048828125
