0 0.29296875 0.3037109375 0.0390625 0.048828125
0 0.55390625 0.7041015625 0.0390625 0.048828125
0 0.49453125 0.3642578125 0.0390625 0.048828125
0 0.40390625 0.3916015625 0.0390625 0.048828125
0 0.35390625 0.6474609375 0.0390625 0.048828125
0 0.31796875 0.1728515625 0.0390625 0.048828125
0 0.47890625 0.5498046875 0.0390625 0.048828125
0 0.35859375 0.4052734375 0.0390625 0.048828125
0 0.41953125 0.2060546875 0.0390625 0.048828125
0 0.31953125 0.7197265625 0.0390625 0.048828125
0 0.34453125 0.5908203125 0.0390625 0.048828125
0 0.56796875 0.5224609375 0.0390625 0.048828125
0 0.52890625 0.2939453125 0.0390625 0.048828125
0 0.50859375 0.7197265625 0.0390625 0.048828125
0 0.46484375 0.7333984375 0.0390625 0.048828125
0 0.30234375 0.3603515625 0.0390625 0.048828125
0 0.20078125 0.3291015625 0.0390625 0.048828125
0 0.43515625 0.5634765625 0.0390625 0.048828125
0 0.27734375 0.4912109375 0.0390625 0.048828125
0 0.36484375 0.1611328125 0.0390625 0.048828125
0 0.25703125 0.3740234375 0.0390625 0.048828125
0 0.32890625 0.2314453125 0.0390625 0.048828125
0 0.38984375 0.5771484375 0.0390625 0.048828125
0 0.41953125 0.7470703125 0.0390625 0.048828125
0 0.33359375 0.5341796875 0.0390625 0.048828125
0 0.48515625 0.3076171875 0.0390625 0.048828125
0 0.43984375 0.3212890625 0.0390625 0.048828125
0 0.50390625 0.4228515625 0.0390625 0.048828125
0 0.36953125 0.4638671875 0.0390625 0.048828125
0 0.47421875 0.2509765625 0.0390625 0.048828125
0 0.42890625 0.2646484375 0.0390625 0.048828125
0 0.53359375 0.5927734375 0.0390625 0.048828125
0 0.51484375 0.4794921875 0.0390625 0.048828125
0 0.44453125 0.6201171875 0.0390625 0.048828125
0 0.41015625 0.6904296875 0.0390625 0.048828125
0 0.55859375 0.4658203125 0.0390625 0.048828125
0 0.37421875 0.2197265625 0.0390625 0.048828125
0 0.45546875 0.1357421875 0.0390625 0.048828125
0 0.24140625 0.5615234375 0.0390625 0.048828125
0 0.26171875 0.6767578125 0.0390625 0.048828125
0 0.28828125 0.5478515625 0.0390625 0.048828125
0 0.28203125 0.2451171875 0.0390625 0.048828125
0 0.24609375 0.3173828125 0.0390625 0.048828125
0 0.36484375 0.7060546875 0.0390625 0.048828125
0 0.51953125 0.2373046875 0.0390625 0.048828125
0 0.46015625 0.4365234375 0.0390625 0.048828125
0 0.54921875 0.4091796875 0.0390625 0.048828125
0 0.57890625 0.5791015625 0.0390625 0.048828125
0 0.31328125 0.4189453125 0.0390625 0.048828125
0 0.39453125 0.3349609375 0.0390625 0.048828125
0 0.34921875 0.3486328125 0.0390625 0.048828125
0 0.46953125 0.4931640625 0.0390625 0.048828125
0 0.27265625 0.7353515625 0.0390625 0.048828125
0 0.37421875 0.7626953125 0.0390625 0.048828125
0 0.44921875 0.3779296875 0.0390625 0.048828125
0 0.26796875 0.4326171875 0.0390625 0.048828125
0 0.30859375 0.6630859375 0.0390625 0.048828125
0 0.32890625 0.7763671875 0.0390625 0.048828125
0 0.58828125 0.6337890625 0.0390625 0.048828125
0 0.17890625 0.2119140625 0.0390625 0.048828125
0 0.51015625 0.1806640625 0.0390625 0.048828125
0 0.42421875 0.5068359375 0.0390625 0.048828125
0 0.54453125 0.6494140625 0.0390625 0.048828125
0 0.23203125 0.5048828125 0.0390625 0.048828125
0 0.59765625 0.6904296875 0.0390625 0.048828125
0 0.52421875 0.5361328125 0.0390625 0.048828125
0 0.37890625 0.5205078125 0.0390625 0.048828125
0 0.27265625 0.1865234375 0.0390625 0.048828125
0 0.50078125 0.1220703125 0.0390625 0.048828125
0 0.38359375 0.2763671875 0.0390625 0.048828125
0 0.48984375 0.6064453125 0.0390625 0.048828125
0 0.41015625 0.1474609375 0.0390625 0.048828125
0 0.22109375 0.4462890625 0.0390625 0.048828125
0 0.22578125 0.2001953125 0.0390625 0.048828125
0 0.45390625 0.6767578125 0.0390625 0.048828125
0 0.29765625 0.6044921875 0.0390625 0.048828125
0 0.41484375 0.4482421875 0.0390625 0.048828125
0 0.49921875 0.6630859375 0.0390625 0.048828125
0 0.39921875 0.6337890625 0.0390625 0.048828125
0 0.25234375 0.6201171875 0.0390625 0.048828125
0 0.21015625 0.3876953125 0.0390625 0.048828125
0 0.46484375 0.1923828125 0.0390625 0.048828125
0 0.32421875 0.4775390625 0.0390625 0.048828125
0 0.33828125 0.2900390625 0.0390625 0.048828125
0 0.23671875 0.2587890625 0.0390625 0.048828125
0 0.28359375 0.7919921875 0.0390625 0.048828125
0 0.53984375 0.3525390625 0.0390625 0.048828125
0 0.18984375 0.2705078125 0.0390625 0.048828125
