0 0.61171875 0.3388671875 0.0390625 0.048828125
0 0.68828125 0.7197265625 0.0390625 0.048828125
0 0.63671875 0.6708984375 0.0390625 0.048828125
0 0.59765625 0.7958984375 0.0390625 0.048828125
0 0.83828125 0.7470703125 0.0390625 0.048828125
0 0.77890625 0.6435546875 0.0390625 0.048828125
0 0.62265625 0.5048828125 0.0390625 0.048828125
0 0.66171875 0.3837890625 0.0390625 0.048828125
0 0.54609375 0.7470703125 0.0390625 0.048828125
0 0.56171875 0.2958984375 0.0390625 0.048828125
0 0.51171875 0.2529296875 0.0390625 0.048828125
0 0.53359375 0.5791015625 0.0390625 0.048828125
0 0.67421875 0.5498046875 0.0390625 0.048828125
0 0.52734375 0.4697265625 0.0390625 0.048828125
0 0.76953125 0.5302734375 0.0390625 0.048828125
0 0.57265625 0.4599609375 0.0390625 0.048828125
0 0.49921875 0.7568359375 0.0390625 0.048828125
0 0.71796875 0.4833984375 0.0390625 0.048828125
0 0.66640625 0.4384765625 0.0390625 0.048828125
0 0.76015625 0.4189453125 0.0390625 0.048828125
0 0.47734375 0.4248046875 0.0390625 0.048828125
0 0.70859375 0.3740234375 0.0390625 0.048828125
0 0.59453125 0.7373046875 0.0390625 0.048828125
0 0.79921875 0.2978515625 0.0390625 0.048828125
0 0.73671875 0.7099609375 0.0390625 0.048828125
0 0.72578125 0.5966796875 0.0390625 0.048828125
0 0.61484375 0.3935546875 0.0390625 0.048828125
0 0.76484375 0.4736328125 0.0390625 0.048828125
0 0.52265625 0.4150390625 0.0390625 0.048828125
0 0.60859375 0.2861328125 0.0390625 0.048828125
0 0.62734375 0.5595703125 0.0390625 0.048828125
0 0.65390625 0.2744140625 0.0390625 0.048828125
0 0.48359375 0.5341796875 0.0390625 0.048828125
0 0.71328125 0.4287109375 0.0390625 0.048828125
0 0.58515625 0.6259765625 0.0390625 0.048828125
0 0.78359375 0.7001953125 0.0390625 0.048828125
0 0.51953125 0.3603515625 0.0390625 0.048828125
0 0.49140625 0.6455078125 0.0390625 0.048828125
0 0.65859375 0.3291015625 0.0390625 0.048828125
0 0.77421875 0.5869140625 0.0390625 0.048828125
0 0.57734375 0.5146484375 0.0390625 0.048828125
0 0.68359375 0.6630859375 0.0390625 0.048828125
0 0.54296875 0.6904296875 0.0390625 0.048828125
0 0.47421875 0.3701171875 0.0390625 0.048828125
0 0.55078125 0.8037109375 0.0390625 0.048828125
0 0.82734375 0.6337890625 0.0390625 0.048828125
0 0.49609375 0.7001953125 0.0390625 0.048828125
0 0.79140625 0.1904296875 0.0390625 0.048828125
0 0.70390625 0.3193359375 0.0390625 0.048828125
0 0.65078125 0.2216796875 0.0390625 0.048828125
0 0.74140625 0.7666015625 0.0390625 0.048828125
0 0.67890625 0.6064453125 0.0390625 0.048828125
0 0.70078125 0.2646484375 0.0390625 0.048828125
0 0.72109375 0.5400390625 0.0390625 0.048828125
0 0.83203125 0.6904296875 0.0390625 0.048828125
0 0.74765625 0.2548828125 0.0390625 0.048828125
0 0.61953125 0.4482421875 0.0390625 0.048828125
0 0.80703125 0.4091796875 0.0390625 0.048828125
0 0.81640625 0.5205078125 0.0390625 0.048828125
0 0.46953125 0.3154296875 0.0390625 0.048828125
0 0.56953125 0.4052734375 0.0390625 0.048828125
0 0.50390625 0.8134765625 0.0390625 0.048828125
0 0.56484375 0.3505859375 0.0390625 0.048828125
0 0.75546875 0.3642578125 0.0390625 0.048828125
0 0.64609375 0.7861328125 0.0390625 0.048828125
0 0.73046875 0.6513671875 0.0390625 0.048828125
0 0.53828125 0.6357421875 0.0390625 0.048828125
0 0.60390625 0.2314453125 0.0390625 0.048828125
0 0.63203125 0.6162109375 0.0390625 0.048828125
0 0.74453125 0.2001953125 0.0390625 0.048828125
0 0.78984375 0.7568359375 0.0390625 0.048828125
0 0.55859375 0.2412109375 0.0390625 0.048828125
0 0.58984375 0.6806640625 0.0390625 0.048828125
0 0.82265625 0.5771484375 0.0390625 0.048828125
0 0.48828125 0.5888671875 0.0390625 0.048828125
0 0.75234375 0.3095703125 0.0390625 0.048828125
0 0.66953125 0.4951171875 0.0390625 0.048828125
0 0.69765625 0.2099609375 0.0390625 0.048828125
0 0.81171875 0.4638671875 0.0390625 0.048828125
0 0.58046875 0.5693359375 0.0390625 0.048828125
0 0.51640625 0.3056640625 0.0390625 0.048828125
0 0.53046875 0.5244140625 0.0390625 0.048828125
0 0.64140625 0.7275390625 0.0390625 0.048828125
0 0.69296875 0.7763671875 0.0390625 0.048828125
0 0.48046875 0.4794921875 0.0390625 0.048828125
0 0.79453125 0.2451171875 0.0390625 0.048828125
0 0.80390625 0.3544921875 0.0390625 0.048828125
0 0.46640625 0.2626953125 0.0390625 0.048828125
