0 0.63515625 0.5927734375 0.0390625 0.048828125
0 0.69921875 0.3447265625 0.0390625 0.048828125
0 0.66015625 0.4091796875 0.0390625 0.048828125
0 0.50859375 0.3720703125 0.0390625 0.048828125
0 0.70859375 0.7646484375 0.0390625 0.048828125
0 0.52421875 0.4873046875 0.0390625 0.048828125
0 0.77109375 0.5126953125 0.0390625 0.048828125
0 0.59609375 0.6572265625 0.0390625 0.048828125
0 0.57109375 0.8447265625 0.0390625 0.048828125
0 0.57265625 0.4814453125 0.0390625 0.048828125
0 0.59609375 0.2998046875 0.0390625 0.048828125
0 0.61171875 0.7783203125 0.0390625 0.048828125
0 0.66015625 0.7705078125 0.0390625 0.048828125
0 0.49765625 0.6728515625 0.0390625 0.048828125
0 0.78828125 0.6298828125 0.0390625 0.048828125
0 0.56328125 0.4228515625 0.0390625 0.048828125
0 0.72265625 0.5185546875 0.0390625 0.048828125
0 0.44609375 0.2626953125 0.0390625 0.048828125
0 0.79765625 0.6904296875 0.0390625 0.048828125
0 0.79453125 0.3310546875 0.0390625 0.048828125
0 0.54921875 0.3076171875 0.0390625 0.048828125
0 0.74609375 0.3369140625 0.0390625 0.048828125
0 0.53203125 0.5478515625 0.0390625 0.048828125
0 0.70703125 0.4033203125 0.0390625 0.048828125
0 0.84765625 0.6826171875 0.0390625 0.048828125
0 0.73203125 0.5791015625 0.0390625 0.048828125
0 0.74921875 0.6962890625 0.0390625 0.048828125
0 0.55546875 0.3642578125 0.0390625 0.048828125
0 0.68359375 0.5849609375 0.0390625 0.048828125
0 0.54765625 0.6650390625 0.0390625 0.048828125
0 0.46796875 0.4365234375 0.0390625 0.048828125
0 0.48359375 0.5537109375 0.0390625 0.048828125
0 0.64296875 0.6513671875 0.0390625 0.048828125
0 0.46171875 0.3779296875 0.0390625 0.048828125
0 0.80546875 0.7490234375 0.0390625 0.048828125
0 0.76328125 0.4541015625 0.0390625 0.048828125
0 0.73828125 0.2783203125 0.0390625 0.048828125
0 0.66796875 0.4677734375 0.0390625 0.048828125
0 0.50078125 0.3134765625 0.0390625 0.048828125
0 0.61953125 0.8369140625 0.0390625 0.048828125
0 0.67578125 0.5263671875 0.0390625 0.048828125
0 0.63671875 0.2353515625 0.0390625 0.048828125
0 0.81171875 0.4482421875 0.0390625 0.048828125
0 0.50703125 0.7314453125 0.0390625 0.048828125
0 0.69140625 0.6435546875 0.0390625 0.048828125
0 0.70234375 0.7041015625 0.0390625 0.048828125
0 0.62734375 0.5341796875 0.0390625 0.048828125
0 0.56328125 0.7841796875 0.0390625 0.048828125
0 0.58828125 0.5986328125 0.0390625 0.048828125
0 0.78671875 0.2724609375 0.0390625 0.048828125
0 0.49140625 0.6123046875 0.0390625 0.048828125
0 0.65234375 0.7099609375 0.0390625 0.048828125
0 0.60390625 0.7177734375 0.0390625 0.048828125
0 0.61171875 0.4169921875 0.0390625 0.048828125
0 0.66796875 0.8310546875 0.0390625 0.048828125
0 0.68359375 0.2275390625 0.0390625 0.048828125
0 0.60234375 0.3583984375 0.0390625 0.048828125
0 0.52265625 0.8525390625 0.0390625 0.048828125
0 0.82734375 0.5654296875 0.0390625 0.048828125
0 0.75546875 0.7568359375 0.0390625 0.048828125
0 0.49296875 0.2548828125 0.0390625 0.048828125
0 0.64296875 0.2919921875 0.0390625 0.048828125
0 0.53828125 0.6064453125 0.0390625 0.048828125
0 0.86328125 0.8037109375 0.0390625 0.048828125
0 0.75546875 0.3955078125 0.0390625 0.048828125
0 0.71484375 0.4599609375 0.0390625 0.048828125
0 0.61953125 0.4755859375 0.0390625 0.048828125
0 0.58828125 0.2412109375 0.0390625 0.048828125
0 0.76796875 0.8173828125 0.0390625 0.048828125
0 0.83671875 0.6240234375 0.0390625 0.048828125
0 0.73984375 0.6376953125 0.0390625 0.048828125
0 0.55546875 0.7255859375 0.0390625 0.048828125
0 0.73046875 0.2216796875 0.0390625 0.048828125
0 0.54140625 0.2490234375 0.0390625 0.048828125
0 0.81953125 0.5048828125 0.0390625 0.048828125
0 0.69140625 0.2861328125 0.0390625 0.048828125
0 0.80234375 0.3896484375 0.0390625 0.048828125
0 0.71796875 0.8232421875 0.0390625 0.048828125
0 0.51484375 0.7919921875 0.0390625 0.048828125
0 0.65078125 0.3505859375 0.0390625 0.048828125
0 0.47578125 0.4951171875 0.0390625 0.048828125
0 0.77734375 0.2138671875 0.0390625 0.048828125
0 0.45390625 0.3193359375 0.0390625 0.048828125
0 0.57890625 0.5400390625 0.0390625 0.048828125
0 0.81640625 0.8095703125 0.0390625 0.048828125
0 0.77890625 0.5712890625 0.0390625 0.048828125
0 0.51640625 0.4306640625 0.0390625 0.048828125
0 0.85390625 0.7431640625 0.0390625 0.048828125
