0 0.62734375 0.720703125 0.0484375 0.0703125
0 0.5546875 0.720703125 0.046875 0.0703125
0 0.76015625 0.529296875 0.0484375 0.0703125
0 0.528125 0.443359375 0.046875 0.0703125
0 0.68671875 0.529296875 0.0484375 0.0703125
0 0.47109375 0.6298828125 0.0484375 0.068359375
0 0.6015625 0.439453125 0.046875 0.0703125
0 0.3703125 0.349609375 0.05 0.0703125
0 0.51171875 0.248046875 0.0484375 0.0703125
0 0.41875 0.05078125 0.046875 0.0703125
0 0.4546875 0.443359375 0.046875 0.0703125
0 0.56875 0.48828125 0.046875 0.0703125
0 0.46875 0.2001953125 0.046875 0.068359375
0 0.31875 0.203125 0.05 0.0703125
0 0.3515625 0.1552734375 0.05 0.068359375
0 0.38828125 0.5400390625 0.0484375 0.068359375
0 0.4359375 0.251953125 0.046875 0.0703125
0 0.678125 0.439453125 0.05 0.0703125
0 0.29609375 0.3525390625 0.0484375 0.068359375
0 0.46171875 0.1025390625 0.0484375 0.068359375
0 0.803125 0.578125 0.046875 0.0703125
0 0.4453125 0.349609375 0.046875 0.0703125
0 0.54453125 0.1982421875 0.0484375 0.072265625
0 0.3984375 0.6337890625 0.046875 0.068359375
0 0.27265625 0.4951171875 0.0484375 0.068359375
0 0.54453125 0.6298828125 0.0484375 0.068359375
0 0.4125 0.39453125 0.046875 0.0703125
0 0.5875 0.248046875 0.046875 0.0703125
0 0.253125 0.3056640625 0.046875 0.072265625
0 0.40390625 0.30078125 0.0484375 0.0703125
0 0.315625 0.5400390625 0.046875 0.068359375
0 0.5015625 0.5849609375 0.046875 0.068359375
0 0.6109375 0.533203125 0.046875 0.0703125
0 0.7203125 0.484375 0.046875 0.0703125
0 0.7953125 0.4814453125 0.046875 0.068359375
0 0.64375 0.484375 0.046875 0.0703125
0 0.6609375 0.671875 0.046875 0.0703125
0 0.23203125 0.4482421875 0.0484375 0.072265625
0 0.3953125 0.203125 0.046875 0.0703125
0 0.5875 0.67578125 0.046875 0.0703125
0 0.34609375 0.4951171875 0.0484375 0.068359375
0 0.7265625 0.578125 0.046875 0.0703125
0 0.6203125 0.626953125 0.046875 0.0703125
0 0.6703125 0.3388671875 0.046875 0.068359375
0 0.4859375 0.39453125 0.046875 0.0703125
0 0.51171875 0.67578125 0.0484375 0.0703125
0 0.578125 0.58203125 0.046875 0.0703125
0 0.421875 0.4912109375 0.046875 0.068359375
0 0.70078125 0.720703125 0.0484375 0.0703125
0 0.3359375 0.3974609375 0.046875 0.068359375
0 0.62734375 0.2939453125 0.0484375 0.068359375
0 0.5609375 0.390625 0.046875 0.0703125
0 0.43125 0.5849609375 0.046875 0.068359375
0 0.478125 0.30078125 0.046875 0.0703125
0 0.734375 0.671875 0.046875 0.0703125
0 0.66796875 0.765625 0.0484375 0.0703125
0 0.3609375 0.251953125 0.05 0.0703125
0 0.71171875 0.3896484375 0.0484375 0.072265625
0 0.28671875 0.25390625 0.0484375 0.07421875
0 0.18984375 0.4013671875 0.0484375 0.068359375
0 0.3265625 0.3037109375 0.046875 0.068359375
0 0.35546875 0.5888671875 0.0484375 0.068359375
0 0.59453125 0.341796875 0.0484375 0.0703125
0 0.8359375 0.5283203125 0.046875 0.072265625
0 0.59453125 0.765625 0.0484375 0.0703125
0 0.3859375 0.1025390625 0.046875 0.068359375
0 0.42890625 0.1513671875 0.0484375 0.068359375
0 0.2625 0.4013671875 0.046875 0.068359375
0 0.51875 0.345703125 0.046875 0.0703125
0 0.46171875 0.537109375 0.0484375 0.0703125
0 0.5015625 0.1484375 0.046875 0.0703125
0 0.634375 0.390625 0.046875 0.0703125
0 0.43828125 0.6767578125 0.0484375 0.072265625
0 0.5515625 0.296875 0.046875 0.0703125
0 0.4953125 0.4912109375 0.046875 0.068359375
0 0.5609375 0.814453125 0.046875 0.0703125
0 0.30546875 0.4462890625 0.0484375 0.068359375
0 0.69375 0.626953125 0.046875 0.0703125
0 0.7671875 0.623046875 0.046875 0.0703125
0 0.22265625 0.3525390625 0.0484375 0.068359375
0 0.653125 0.58203125 0.046875 0.0703125
0 0.3796875 0.4462890625 0.05 0.068359375
0 0.53515625 0.533203125 0.0484375 0.0703125
0 0.52109375 0.765625 0.0484375 0.0703125
0 0.478125 0.7236328125 0.046875 0.068359375
0 0.6015625 0.85546875 0.046875 0.0703125
0 0.634375 0.810546875 0.046875 0.0703125
0 0.753125 0.435546875 0.046875 0.0703125
