0 0.28984375 0.5791015625 0.0390625 0.048828125
0 0.31328125 0.3447265625 0.0390625 0.048828125
0 0.13828125 0.6220703125 0.0390625 0.048828125
0 0.03984375 0.6103515625 0.0390625 0.048828125
0 0.22734375 0.2138671875 0.0390625 0.048828125
0 0.14921875 0.5048828125 0.0390625 0.048828125
0 0.128125 0.2001953125 0.0375 0.048828125
0 0.27734375 0.6962890625 0.0390625 0.048828125
0 0.21484375 0.3330078125 0.0390625 0.048828125
0 0.16640625 0.3271484375 0.0390625 0.048828125
0 0.39140625 0.5322265625 0.0390625 0.048828125
0 0.41484375 0.2978515625 0.0390625 0.048828125
0 0.30078125 0.4619140625 0.0390625 0.048828125
0 0.40390625 0.4150390625 0.0390625 0.048828125
0 0.20390625 0.4501953125 0.0390625 0.048828125
0 0.33671875 0.5849609375 0.0390625 0.048828125
0 0.07578125 0.7333984375 0.0390625 0.048828125
0 0.25234375 0.4560546875 0.0390625 0.048828125
0 0.08828125 0.6162109375 0.0390625 0.048828125
0 0.06796875 0.3134765625 0.0390625 0.048828125
0 0.37890625 0.6494140625 0.0390625 0.048828125
0 0.17734375 0.2080078125 0.0390625 0.048828125
0 0.37890625 0.1728515625 0.0390625 0.048828125
0 0.06171875 0.3740234375 0.0390625 0.048828125
0 0.24140625 0.5751953125 0.0390625 0.048828125
0 0.42734375 0.1787109375 0.0390625 0.048828125
0 0.21015625 0.3916015625 0.0390625 0.048828125
0 0.12578125 0.7392578125 0.0390625 0.048828125
0 0.26484375 0.3388671875 0.0390625 0.048828125
0 0.22890625 0.6904296875 0.0390625 0.048828125
0 0.14296875 0.5634765625 0.0390625 0.048828125
0 0.24609375 0.5166015625 0.0390625 0.048828125
0 0.22265625 0.7490234375 0.0390625 0.048828125
0 0.32421875 0.2255859375 0.0390625 0.048828125
0 0.35546875 0.4091796875 0.0390625 0.048828125
0 0.27578125 0.2197265625 0.0390625 0.048828125
0 0.36640625 0.2919921875 0.0390625 0.048828125
0 0.31796875 0.2861328125 0.0390625 0.048828125
0 0.17265625 0.2666015625 0.0390625 0.048828125
0 0.36640625 0.7666015625 0.0390625 0.048828125
0 0.07265625 0.2548828125 0.0390625 0.048828125
0 0.18046875 0.6865234375 0.0390625 0.048828125
0 0.33203125 0.6435546875 0.0390625 0.048828125
0 0.18671875 0.6279296875 0.0390625 0.048828125
0 0.34296875 0.5263671875 0.0390625 0.048828125
0 0.37265625 0.7080078125 0.0390625 0.048828125
0 0.30703125 0.4033203125 0.0390625 0.048828125
0 0.34921875 0.4697265625 0.0390625 0.048828125
0 0.11171875 0.3798828125 0.0390625 0.048828125
0 0.26953125 0.2802734375 0.0390625 0.048828125
0 0.10546875 0.4384765625 0.0390625 0.048828125
0 0.36171875 0.3505859375 0.0390625 0.048828125
0 0.33046875 0.1669921875 0.0390625 0.048828125
0 0.07734375 0.1943359375 0.0390625 0.048828125
0 0.23515625 0.6318359375 0.0390625 0.048828125
0 0.08203125 0.6748046875 0.0390625 0.048828125
0 0.32578125 0.7021484375 0.0390625 0.048828125
0 0.38515625 0.5908203125 0.0390625 0.048828125
0 0.16015625 0.3857421875 0.0390625 0.048828125
0 0.05078125 0.4931640625 0.0390625 0.048828125
0 0.39765625 0.4736328125 0.0390625 0.048828125
0 0.10078125 0.4990234375 0.0390625 0.048828125
0 0.28046875 0.1591796875 0.0390625 0.048828125
0 0.37265625 0.2314453125 0.0390625 0.048828125
0 0.23203125 0.1533203125 0.0390625 0.048828125
0 0.28359375 0.6376953125 0.0390625 0.048828125
0 0.40859375 0.3564453125 0.0390625 0.048828125
0 0.15546875 0.4443359375 0.0390625 0.048828125
0 0.25859375 0.3974609375 0.0390625 0.048828125
0 0.29453125 0.5224609375 0.0390625 0.048828125
0 0.42109375 0.2392578125 0.0390625 0.048828125
0 0.19296875 0.5693359375 0.0390625 0.048828125
0 0.04453125 0.5517578125 0.0390625 0.048828125
0 0.13359375 0.1396484375 0.0390625 0.048828125
0 0.17421875 0.7431640625 0.0390625 0.048828125
0 0.11796875 0.3212890625 0.0390625 0.048828125
0 0.09453125 0.5576171875 0.0390625 0.048828125
0 0.02734375 0.7275390625 0.0390625 0.048828125
0 0.13203125 0.6806640625 0.0390625 0.048828125
0 0.27109375 0.7548828125 0.0390625 0.048828125
0 0.12265625 0.2607421875 0.0390625 0.048828125
0 0.19765625 0.5107421875 0.0390625 0.048828125
0 0.03359375 0.6689453125 0.0390625 0.048828125
0 0.22109375 0.2724609375 0.0390625 0.048828125
0 0.31953125 0.7607421875 0.0390625 0.048828125
0 0.18359375 0.1474609375 0.0390625 0.048828125
0 0.05703125 0.4326171875 0.0390625 0.048828125
0 0.08359375 0.1337890625 0.0390625 0.048828125
