0 0.46171875 0.58984375 0.0390625 0.05078125
0 0.4390625 0.482421875 0.040625 0.05078125
0 0.6171875 0.65625 0.040625 0.05078125
0 0.59453125 0.548828125 0.0390625 0.05078125
0 0.4828125 0.697265625 0.040625 0.05078125
0 0.5296875 0.685546875 0.040625 0.05078125
0 0.5734375 0.44140625 0.040625 0.05078125
0 0.6296875 0.7138671875 0.040625 0.048828125
0 0.55 0.5625 0.040625 0.046875
0 0.3078125 0.291015625 0.040625 0.05078125
0 0.4171875 0.373046875 0.040625 0.05078125
0 0.3296875 0.3984375 0.040625 0.05078125
0 0.6515625 0.3583984375 0.040625 0.048828125
0 0.640625 0.3056640625 0.040625 0.048828125
0 0.3421875 0.224609375 0.040625 0.05078125
0 0.540625 0.27734375 0.040625 0.05078125
0 0.55 0.33203125 0.040625 0.05078125
0 0.3390625 0.453125 0.040625 0.05078125
0 0.56171875 0.38671875 0.0390625 0.05078125
0 0.684375 0.5205078125 0.040625 0.048828125
0 0.696875 0.5751953125 0.040625 0.048828125
0 0.43125 0.1953125 0.040625 0.05078125
0 0.60625 0.6015625 0.040625 0.05078125
0 0.6734375 0.4658203125 0.040625 0.048828125
0 0.396875 0.265625 0.040625 0.05078125
0 0.2984375 0.236328125 0.040625 0.05078125
0 0.640625 0.53515625 0.040625 0.05078125
0 0.5265625 0.453125 0.040625 0.05078125
0 0.51953125 0.169921875 0.0390625 0.05078125
0 0.66171875 0.4130859375 0.0390625 0.048828125
0 0.39453125 0.7255859375 0.0390625 0.048828125
0 0.5734375 0.6708984375 0.040625 0.048828125
0 0.4390625 0.7109375 0.040625 0.05078125
0 0.575 0.212890625 0.040625 0.05078125
0 0.35 0.5087890625 0.040625 0.048828125
0 0.50625 0.345703125 0.040625 0.05078125
0 0.61953125 0.1982421875 0.0390625 0.048828125
0 0.46171875 0.3603515625 0.0390625 0.048828125
0 0.5296875 0.224609375 0.040625 0.05078125
0 0.6171875 0.427734375 0.040625 0.05078125
0 0.4421875 0.2509765625 0.040625 0.048828125
0 0.63125 0.2509765625 0.040625 0.048828125
0 0.5828125 0.494140625 0.040625 0.05078125
0 0.7078125 0.6279296875 0.040625 0.048828125
0 0.371875 0.6162109375 0.040625 0.048828125
0 0.596875 0.3203125 0.040625 0.05078125
0 0.71953125 0.685546875 0.0390625 0.05078125
0 0.50625 0.5751953125 0.040625 0.048828125
0 0.40625 0.7822265625 0.040625 0.048828125
0 0.6640625 0.642578125 0.040625 0.05078125
0 0.4828125 0.4677734375 0.040625 0.048828125
0 0.415625 0.6025390625 0.040625 0.048828125
0 0.5640625 0.158203125 0.040625 0.05078125
0 0.4265625 0.6591796875 0.040625 0.048828125
0 0.36171875 0.560546875 0.0390625 0.05078125
0 0.38671875 0.2099609375 0.0390625 0.048828125
0 0.3171875 0.34375 0.040625 0.05078125
0 0.45 0.7685546875 0.040625 0.048828125
0 0.48671875 0.23828125 0.0390625 0.05078125
0 0.4515625 0.302734375 0.040625 0.05078125
0 0.475 0.18359375 0.040625 0.05078125
0 0.4046875 0.548828125 0.040625 0.05078125
0 0.3828125 0.6708984375 0.040625 0.048828125
0 0.584375 0.265625 0.040625 0.05078125
0 0.4296875 0.4248046875 0.040625 0.048828125
0 0.675 0.69921875 0.040625 0.05078125
0 0.4734375 0.64453125 0.040625 0.05078125
0 0.45 0.53515625 0.040625 0.05078125
0 0.49453125 0.75390625 0.0390625 0.05078125
0 0.4734375 0.4130859375 0.040625 0.048828125
0 0.3828125 0.439453125 0.040625 0.05078125
0 0.5171875 0.630859375 0.040625 0.05078125
0 0.39453125 0.494140625 0.0390625 0.05078125
0 0.36171875 0.33203125 0.0390625 0.05078125
0 0.5390625 0.505859375 0.040625 0.05078125
0 0.3515625 0.279296875 0.040625 0.05078125
0 0.3734375 0.38671875 0.040625 0.05078125
0 0.40625 0.3173828125 0.040625 0.048828125
0 0.49453125 0.5205078125 0.0390625 0.048828125
0 0.540625 0.740234375 0.040625 0.05078125
0 0.6078125 0.373046875 0.040625 0.05078125
0 0.609375 0.1435546875 0.040625 0.048828125
0 0.6515625 0.58984375 0.040625 0.05078125
0 0.496875 0.291015625 0.040625 0.05078125
0 0.56171875 0.6162109375 0.0390625 0.048828125
0 0.5171875 0.3984375 0.040625 0.05078125
0 0.6296875 0.48046875 0.040625 0.05078125
0 0.584375 0.728515625 0.040625 0.05078125
