0 0.571875 0.578125 0.053125 0.05078125
0 0.515625 0.751953125 0.053125 0.05078125
0 0.63125 0.40625 0.053125 0.05078125
0 0.796875 0.3740234375 0.053125 0.048828125
0 0.46796875 0.71875 0.0546875 0.05078125
0 0.6203125 0.6083984375 0.053125 0.052734375
0 0.31015625 0.544921875 0.0546875 0.05078125
0 0.6390625 0.2001953125 0.053125 0.048828125
0 0.2609375 0.5126953125 0.05625 0.052734375
0 0.478125 0.5146484375 0.053125 0.048828125
0 0.68984375 0.232421875 0.0546875 0.05078125
0 0.534375 0.341796875 0.053125 0.05078125
0 0.4734375 0.23046875 0.053125 0.05078125
0 0.33125 0.4189453125 0.053125 0.048828125
0 0.6796875 0.4365234375 0.053125 0.048828125
0 0.70078125 0.310546875 0.0546875 0.05078125
0 0.8109375 0.455078125 0.053125 0.05078125
0 0.5953125 0.451171875 0.05625 0.05078125
0 0.275 0.5927734375 0.053125 0.048828125
0 0.5109375 0.4677734375 0.053125 0.052734375
0 0.653125 0.28125 0.053125 0.05078125
0 0.584375 0.3740234375 0.05625 0.048828125
0 0.834375 0.326171875 0.053125 0.05078125
0 0.4171875 0.404296875 0.053125 0.05078125
0 0.56953125 0.29296875 0.0546875 0.05078125
0 0.3578125 0.578125 0.053125 0.05078125
0 0.5484375 0.4189453125 0.053125 0.048828125
0 0.60625 0.24609375 0.05625 0.05078125
0 0.73828125 0.2646484375 0.0546875 0.052734375
0 0.4390625 0.2783203125 0.053125 0.048828125
0 0.9171875 0.3134765625 0.053125 0.048828125
0 0.5265625 0.546875 0.053125 0.05078125
0 0.3828125 0.451171875 0.053125 0.05078125
0 0.503125 0.673828125 0.053125 0.05078125
0 0.6171875 0.326171875 0.053125 0.05078125
0 0.4890625 0.5927734375 0.053125 0.048828125
0 0.59921875 0.736328125 0.0546875 0.05078125
0 0.56171875 0.4990234375 0.0546875 0.052734375
0 0.6765625 0.15234375 0.053125 0.05078125
0 0.55078125 0.703125 0.0546875 0.05078125
0 0.36640625 0.37109375 0.0546875 0.05078125
0 0.54375 0.1337890625 0.05625 0.052734375
0 0.8453125 0.40625 0.053125 0.05078125
0 0.64453125 0.484375 0.0546875 0.05078125
0 0.540625 0.625 0.053125 0.05078125
0 0.403125 0.326171875 0.053125 0.05078125
0 0.48671875 0.3095703125 0.0546875 0.052734375
0 0.60703125 0.529296875 0.0546875 0.05078125
0 0.3453125 0.4970703125 0.053125 0.048828125
0 0.703125 0.5927734375 0.053125 0.048828125
0 0.4203125 0.685546875 0.053125 0.05078125
0 0.86875 0.28125 0.053125 0.05078125
0 0.371875 0.65625 0.053125 0.05078125
0 0.440625 0.5625 0.053125 0.05078125
0 0.725 0.185546875 0.053125 0.05078125
0 0.225 0.5625 0.053125 0.05078125
0 0.77578125 0.501953125 0.0546875 0.05078125
0 0.7625 0.4228515625 0.053125 0.052734375
0 0.7390625 0.546875 0.05625 0.05078125
0 0.7515625 0.34375 0.053125 0.05078125
0 0.5 0.388671875 0.053125 0.05078125
0 0.40625 0.607421875 0.053125 0.05078125
0 0.58046875 0.083984375 0.0546875 0.05078125
0 0.72734375 0.46875 0.0546875 0.05078125
0 0.66875 0.359375 0.053125 0.05078125
0 0.6546875 0.5625 0.053125 0.05078125
0 0.4546875 0.640625 0.053125 0.05078125
0 0.59375 0.16796875 0.053125 0.05078125
0 0.44921875 0.3564453125 0.0546875 0.048828125
0 0.8796875 0.359375 0.053125 0.05078125
0 0.465625 0.4365234375 0.053125 0.048828125
0 0.5078125 0.1826171875 0.053125 0.048828125
0 0.82109375 0.248046875 0.0546875 0.05078125
0 0.5640625 0.78125 0.053125 0.05078125
0 0.66875 0.640625 0.053125 0.05078125
0 0.6921875 0.5146484375 0.053125 0.048828125
0 0.55625 0.212890625 0.053125 0.05078125
0 0.7140625 0.3916015625 0.053125 0.048828125
0 0.3953125 0.529296875 0.053125 0.05078125
0 0.296875 0.466796875 0.053125 0.05078125
0 0.428125 0.482421875 0.053125 0.05078125
0 0.5859375 0.6572265625 0.053125 0.052734375
0 0.7734375 0.21484375 0.053125 0.05078125
0 0.5234375 0.2607421875 0.05625 0.048828125
0 0.7859375 0.2958984375 0.053125 0.048828125
0 0.628125 0.119140625 0.053125 0.05078125
0 0.634375 0.6884765625 0.053125 0.048828125
0 0.321875 0.623046875 0.05625 0.05078125
