0 0.56015625 0.4638671875 0.0390625 0.048828125
0 0.61328125 0.5166015625 0.0390625 0.048828125
0 0.69921875 0.3857421875 0.0390625 0.048828125
0 0.67578125 0.6865234375 0.0390625 0.048828125
0 0.54921875 0.3447265625 0.0390625 0.048828125
0 0.53671875 0.7646484375 0.0390625 0.048828125
0 0.62265625 0.6337890625 0.0390625 0.048828125
0 0.49765625 0.2919921875 0.0390625 0.048828125
0 0.48671875 0.1708984375 0.0390625 0.048828125
0 0.68984375 0.2666015625 0.0390625 0.048828125
0 0.47421875 0.5947265625 0.0390625 0.048828125
0 0.76171875 0.5576171875 0.0390625 0.048828125
0 0.63671875 0.2119140625 0.0390625 0.048828125
0 0.78671875 0.2529296875 0.0390625 0.048828125
0 0.81484375 0.6103515625 0.0390625 0.048828125
0 0.68515625 0.2060546875 0.0390625 0.048828125
0 0.52265625 0.5888671875 0.0390625 0.048828125
0 0.75234375 0.4384765625 0.0390625 0.048828125
0 0.59765625 0.3388671875 0.0390625 0.048828125
0 0.60703125 0.4580078125 0.0390625 0.048828125
0 0.72265625 0.6806640625 0.0390625 0.048828125
0 0.48515625 0.7119140625 0.0390625 0.048828125
0 0.54453125 0.2861328125 0.0390625 0.048828125
0 0.74765625 0.3798828125 0.0390625 0.048828125
0 0.53203125 0.7060546875 0.0390625 0.048828125
0 0.46953125 0.5361328125 0.0390625 0.048828125
0 0.69453125 0.3271484375 0.0390625 0.048828125
0 0.67109375 0.6279296875 0.0390625 0.048828125
0 0.51171875 0.4697265625 0.0390625 0.048828125
0 0.66015625 0.5107421875 0.0390625 0.048828125
0 0.70859375 0.5048828125 0.0390625 0.048828125
0 0.58515625 0.7587890625 0.0390625 0.048828125
0 0.77109375 0.6748046875 0.0390625 0.048828125
0 0.44921875 0.2978515625 0.0390625 0.048828125
0 0.46015625 0.4169921875 0.0390625 0.048828125
0 0.58359375 0.1591796875 0.0390625 0.048828125
0 0.55546875 0.4052734375 0.0390625 0.048828125
0 0.64609375 0.3330078125 0.0390625 0.048828125
0 0.65078125 0.3916015625 0.0390625 0.048828125
0 0.71328125 0.5634765625 0.0390625 0.048828125
0 0.81015625 0.5517578125 0.0390625 0.048828125
0 0.63203125 0.7529296875 0.0390625 0.048828125
0 0.52734375 0.6474609375 0.0390625 0.048828125
0 0.79140625 0.3134765625 0.0390625 0.048828125
0 0.56953125 0.5810546875 0.0390625 0.048828125
0 0.46484375 0.4755859375 0.0390625 0.048828125
0 0.79453125 0.3740234375 0.0390625 0.048828125
0 0.58828125 0.2197265625 0.0390625 0.048828125
0 0.57421875 0.6416015625 0.0390625 0.048828125
0 0.66484375 0.5693359375 0.0390625 0.048828125
0 0.53984375 0.2255859375 0.0390625 0.048828125
0 0.73359375 0.2001953125 0.0390625 0.048828125
0 0.61796875 0.5751953125 0.0390625 0.048828125
0 0.75703125 0.4990234375 0.0390625 0.048828125
0 0.71796875 0.6220703125 0.0390625 0.048828125
0 0.50703125 0.4111328125 0.0390625 0.048828125
0 0.59296875 0.2783203125 0.0390625 0.048828125
0 0.53515625 0.1650390625 0.0390625 0.048828125
0 0.65546875 0.4521484375 0.0390625 0.048828125
0 0.60234375 0.3994140625 0.0390625 0.048828125
0 0.72890625 0.7392578125 0.0390625 0.048828125
0 0.51640625 0.5283203125 0.0390625 0.048828125
0 0.73828125 0.2607421875 0.0390625 0.048828125
0 0.63203125 0.1533203125 0.0390625 0.048828125
0 0.77578125 0.7333984375 0.0390625 0.048828125
0 0.45390625 0.3583984375 0.0390625 0.048828125
0 0.82421875 0.7275390625 0.0390625 0.048828125
0 0.62734375 0.6943359375 0.0390625 0.048828125
0 0.44453125 0.2373046875 0.0390625 0.048828125
0 0.50234375 0.3505859375 0.0390625 0.048828125
0 0.58046875 0.7001953125 0.0390625 0.048828125
0 0.43828125 0.1767578125 0.0390625 0.048828125
0 0.56484375 0.5224609375 0.0390625 0.048828125
0 0.49140625 0.2314453125 0.0390625 0.048828125
0 0.48984375 0.7705078125 0.0390625 0.048828125
0 0.74140625 0.3193359375 0.0390625 0.048828125
0 0.76640625 0.6162109375 0.0390625 0.048828125
0 0.72890625 0.1396484375 0.0390625 0.048828125
0 0.81953125 0.6689453125 0.0390625 0.048828125
0 0.79921875 0.4326171875 0.0390625 0.048828125
0 0.48046875 0.6533203125 0.0390625 0.048828125
0 0.77734375 0.1337890625 0.0390625 0.048828125
0 0.64140625 0.2724609375 0.0390625 0.048828125
0 0.68046875 0.7470703125 0.0390625 0.048828125
0 0.68046875 0.1455078125 0.0390625 0.048828125
0 0.70390625 0.4443359375 0.0390625 0.048828125
0 0.80390625 0.4912109375 0.0390625 0.048828125
0 0.78203125 0.1943359375 0.0390625 0.048828125
