0 0.32578125 0.548828125 0.0578125 0.05859375
0 0.50703125 0.474609375 0.0578125 0.05859375
0 0.509375 0.564453125 0.05625 0.05859375
0 0.69375 0.490234375 0.05625 0.05859375
0 0.69609375 0.58203125 0.0578125 0.05859375
0 0.54921875 0.244140625 0.0578125 0.05859375
0 0.55078125 0.33984375 0.0578125 0.05859375
0 0.790625 0.5908203125 0.05625 0.056640625
0 0.69140625 0.3974609375 0.0578125 0.056640625
0 0.60390625 0.6650390625 0.0578125 0.056640625
0 0.51171875 0.658203125 0.0578125 0.05859375
0 0.27265625 0.31640625 0.0578125 0.05859375
0 0.45390625 0.142578125 0.0578125 0.05859375
0 0.36484375 0.3232421875 0.0578125 0.056640625
0 0.17734375 0.306640625 0.0578125 0.05859375
0 0.73984375 0.44921875 0.0578125 0.05859375
0 0.41953125 0.6484375 0.0578125 0.05859375
0 0.37109375 0.599609375 0.0578125 0.05859375
0 0.83671875 0.548828125 0.0578125 0.05859375
0 0.36171875 0.23046875 0.0578125 0.05859375
0 0.5578125 0.6162109375 0.05625 0.056640625
0 0.32109375 0.4580078125 0.0578125 0.056640625
0 0.50546875 0.380859375 0.0578125 0.05859375
0 0.5140625 0.74609375 0.05625 0.05859375
0 0.83828125 0.6396484375 0.0578125 0.056640625
0 0.65703125 0.8046875 0.0578125 0.05859375
0 0.36015625 0.134765625 0.0578125 0.05859375
0 0.50234375 0.2890625 0.0578125 0.05859375
0 0.26796875 0.220703125 0.0578125 0.05859375
0 0.22890625 0.451171875 0.0578125 0.05859375
0 0.45703125 0.33203125 0.0578125 0.05859375
0 0.5625 0.7978515625 0.05625 0.056640625
0 0.7421875 0.5390625 0.05625 0.05859375
0 0.65 0.623046875 0.05625 0.05859375
0 0.46796875 0.697265625 0.0578125 0.05859375
0 0.6984375 0.673828125 0.05625 0.05859375
0 0.31796875 0.365234375 0.0578125 0.05859375
0 0.22578125 0.357421875 0.0578125 0.05859375
0 0.55546875 0.5234375 0.0578125 0.05859375
0 0.78828125 0.498046875 0.0578125 0.05859375
0 0.65234375 0.7138671875 0.0578125 0.056640625
0 0.45390625 0.2373046875 0.0578125 0.056640625
0 0.60859375 0.755859375 0.0578125 0.05859375
0 0.22421875 0.265625 0.0578125 0.05859375
0 0.56015625 0.70703125 0.0578125 0.05859375
0 0.32734375 0.642578125 0.0578125 0.05859375
0 0.74453125 0.6328125 0.0578125 0.05859375
0 0.37578125 0.69140625 0.0578125 0.05859375
0 0.64765625 0.533203125 0.0578125 0.05859375
0 0.46328125 0.607421875 0.0578125 0.05859375
0 0.6015625 0.57421875 0.05625 0.05859375
0 0.70078125 0.7626953125 0.0578125 0.056640625
0 0.4171875 0.55859375 0.05625 0.05859375
0 0.27734375 0.5 0.0578125 0.05859375
0 0.27421875 0.4091796875 0.0578125 0.056640625
0 0.18203125 0.400390625 0.0578125 0.05859375
0 0.55078125 0.4326171875 0.0578125 0.056640625
0 0.59921875 0.4814453125 0.0578125 0.056640625
0 0.56640625 0.88671875 0.0578125 0.05859375
0 0.36953125 0.509765625 0.0578125 0.05859375
0 0.6453125 0.439453125 0.05625 0.05859375
0 0.36640625 0.416015625 0.0578125 0.05859375
0 0.40859375 0.28125 0.0578125 0.05859375
0 0.41484375 0.466796875 0.0578125 0.05859375
0 0.41328125 0.375 0.0578125 0.05859375
0 0.746875 0.72265625 0.05625 0.05859375
0 0.18515625 0.4931640625 0.0578125 0.056640625
0 0.40859375 0.185546875 0.0578125 0.05859375
0 0.50234375 0.193359375 0.0578125 0.05859375
0 0.4703125 0.7890625 0.05625 0.05859375
0 0.61015625 0.8466796875 0.0578125 0.056640625
0 0.6453125 0.3466796875 0.05625 0.056640625
0 0.79296875 0.681640625 0.0578125 0.05859375
0 0.421875 0.740234375 0.05625 0.05859375
0 0.51875 0.837890625 0.05625 0.05859375
0 0.31640625 0.271484375 0.0578125 0.05859375
0 0.31328125 0.1796875 0.0578125 0.05859375
0 0.45859375 0.423828125 0.0578125 0.05859375
0 0.08984375 0.392578125 0.0578125 0.05859375
0 0.88515625 0.59765625 0.0578125 0.05859375
0 0.59765625 0.390625 0.0578125 0.05859375
0 0.46171875 0.515625 0.0578125 0.05859375
0 0.13671875 0.44140625 0.0578125 0.05859375
0 0.27890625 0.5908203125 0.0578125 0.056640625
0 0.23359375 0.5419921875 0.0578125 0.056640625
0 0.13359375 0.3486328125 0.0578125 0.056640625
0 0.59765625 0.2978515625 0.0578125 0.056640625
0 0.40546875 0.0908203125 0.0578125 0.056640625
