0 0.4390625 0.640625 0.05 0.0625
0 0.365625 0.3515625 0.05 0.05859375
0 0.4125 0.4267578125 0.053125 0.056640625
0 0.603125 0.388671875 0.053125 0.05859375
0 0.34375 0.8369140625 0.05 0.056640625
0 0.58125 0.5234375 0.053125 0.05859375
0 0.271875 0.54296875 0.053125 0.05859375
0 0.48671875 0.7158203125 0.0515625 0.060546875
0 0.51328125 0.9345703125 0.0515625 0.060546875
0 0.5203125 0.513671875 0.053125 0.05859375
0 0.4953125 0.302734375 0.053125 0.0625
0 0.4640625 0.8564453125 0.05 0.060546875
0 0.40390625 0.845703125 0.0515625 0.05859375
0 0.609375 0.73828125 0.05 0.05859375
0 0.246875 0.677734375 0.053125 0.05859375
0 0.5328125 0.4462890625 0.053125 0.060546875
0 0.33203125 0.5517578125 0.0515625 0.056640625
0 0.684375 0.2646484375 0.053125 0.060546875
0 0.234375 0.74609375 0.053125 0.05859375
0 0.246875 0.33203125 0.053125 0.0625
0 0.5546875 0.3125 0.05 0.05859375
0 0.30703125 0.33984375 0.0515625 0.05859375
0 0.5703125 0.5927734375 0.05 0.056640625
0 0.3546875 0.41796875 0.053125 0.05859375
0 0.17109375 0.7373046875 0.0515625 0.060546875
0 0.31875 0.62109375 0.05 0.05859375
0 0.29453125 0.755859375 0.0515625 0.05859375
0 0.54453125 0.37890625 0.0515625 0.0625
0 0.378125 0.62890625 0.05 0.0625
0 0.546875 0.7265625 0.05 0.05859375
0 0.653125 0.4658203125 0.05 0.060546875
0 0.6296875 0.6015625 0.05 0.05859375
0 0.428125 0.7080078125 0.053125 0.060546875
0 0.6609375 0.3974609375 0.053125 0.056640625
0 0.22265625 0.8154296875 0.0515625 0.060546875
0 0.2828125 0.474609375 0.05 0.0625
0 0.31875 0.2724609375 0.05 0.056640625
0 0.4015625 0.494140625 0.05 0.05859375
0 0.615625 0.322265625 0.05 0.05859375
0 0.453125 0.923828125 0.053125 0.05859375
0 0.38984375 0.5615234375 0.0515625 0.060546875
0 0.446875 0.2265625 0.05 0.05859375
0 0.22265625 0.4658203125 0.0515625 0.060546875
0 0.59609375 0.8046875 0.0515625 0.05859375
0 0.3671875 0.697265625 0.053125 0.05859375
0 0.35234375 0.767578125 0.0515625 0.05859375
0 0.45 0.572265625 0.053125 0.05859375
0 0.525 0.8642578125 0.05 0.060546875
0 0.4984375 0.6494140625 0.053125 0.060546875
0 0.2578125 0.263671875 0.05 0.05859375
0 0.61875 0.66796875 0.053125 0.05859375
0 0.415625 0.775390625 0.053125 0.05859375
0 0.475 0.7861328125 0.053125 0.060546875
0 0.4734375 0.4384765625 0.053125 0.056640625
0 0.3921875 0.916015625 0.053125 0.05859375
0 0.3890625 0.2158203125 0.05 0.060546875
0 0.48671875 0.3701171875 0.0515625 0.060546875
0 0.5734375 0.9453125 0.053125 0.05859375
0 0.2 0.6015625 0.05 0.05859375
0 0.284375 0.826171875 0.053125 0.05859375
0 0.625 0.2548828125 0.05 0.056640625
0 0.4375 0.2919921875 0.053125 0.060546875
0 0.559375 0.66015625 0.05 0.05859375
0 0.1484375 0.8759765625 0.053125 0.060546875
0 0.29453125 0.4072265625 0.0515625 0.060546875
0 0.34375 0.4833984375 0.05 0.060546875
0 0.46171875 0.505859375 0.0515625 0.05859375
0 0.50703125 0.234375 0.0515625 0.05859375
0 0.26796875 0.89453125 0.0515625 0.05859375
0 0.1859375 0.669921875 0.053125 0.0625
0 0.30703125 0.6884765625 0.0515625 0.056640625
0 0.5359375 0.796875 0.053125 0.05859375
0 0.3296875 0.20703125 0.053125 0.0625
0 0.56484375 0.24609375 0.0515625 0.05859375
0 0.2109375 0.53125 0.053125 0.05859375
0 0.3765625 0.2822265625 0.05 0.060546875
0 0.2359375 0.3994140625 0.05 0.060546875
0 0.3296875 0.904296875 0.053125 0.05859375
0 0.584375 0.875 0.05 0.05859375
0 0.4265625 0.359375 0.05 0.05859375
0 0.64140625 0.533203125 0.0515625 0.0625
0 0.2703125 0.197265625 0.05 0.05859375
0 0.6734375 0.330078125 0.05 0.05859375
0 0.5109375 0.5810546875 0.053125 0.056640625
0 0.2078125 0.8857421875 0.05 0.060546875
0 0.2609375 0.609375 0.05 0.05859375
0 0.5921875 0.45703125 0.05 0.0625
0 0.1625 0.806640625 0.05 0.0625
