0 0.47421875 0.66015625 0.0390625 0.02734375
0 0.51015625 0.689453125 0.0390625 0.02734375
0 0.47890625 0.720703125 0.0390625 0.02734375
0 0.57109375 0.630859375 0.0390625 0.02734375
0 0.26328125 0.48828125 0.0390625 0.02734375
0 0.33359375 0.544921875 0.0390625 0.02734375
0 0.23203125 0.517578125 0.0390625 0.02734375
0 0.65703125 0.486328125 0.0390625 0.02734375
0 0.29921875 0.517578125 0.0390625 0.02734375
0 0.37109375 0.630859375 0.0390625 0.02734375
0 0.52578125 0.486328125 0.0390625 0.02734375
0 0.32265625 0.376953125 0.0390625 0.02734375
0 0.26640625 0.546875 0.0390625 0.02734375
0 0.46171875 0.486328125 0.0390625 0.02734375
0 0.16171875 0.40625 0.0390625 0.02734375
0 0.59609375 0.54296875 0.0390625 0.02734375
0 0.43046875 0.515625 0.0390625 0.02734375
0 0.66328125 0.54296875 0.0390625 0.02734375
0 0.39921875 0.544921875 0.0390625 0.02734375
0 0.38828125 0.376953125 0.0390625 0.02734375
0 0.48359375 0.349609375 0.0390625 0.02734375
0 0.46484375 0.544921875 0.0390625 0.02734375
0 0.53515625 0.6015625 0.0390625 0.02734375
0 0.59140625 0.486328125 0.0390625 0.02734375
0 0.22421875 0.3515625 0.0390625 0.02734375
0 0.19765625 0.490234375 0.0390625 0.02734375
0 0.35703125 0.404296875 0.0390625 0.02734375
0 0.44296875 0.69140625 0.0390625 0.02734375
0 0.54140625 0.66015625 0.0390625 0.02734375
0 0.49609375 0.515625 0.0390625 0.02734375
0 0.29609375 0.4609375 0.0390625 0.02734375
0 0.35078125 0.294921875 0.0390625 0.02734375
0 0.62109375 0.45703125 0.0390625 0.02734375
0 0.56171875 0.515625 0.0390625 0.02734375
0 0.62734375 0.513671875 0.0390625 0.02734375
0 0.60234375 0.6015625 0.0390625 0.02734375
0 0.22734375 0.404296875 0.0390625 0.02734375
0 0.36484375 0.515625 0.0390625 0.02734375
0 0.42265625 0.404296875 0.0390625 0.02734375
0 0.50546875 0.630859375 0.0390625 0.02734375
0 0.39609375 0.48828125 0.0390625 0.02734375
0 0.40390625 0.6015625 0.0390625 0.02734375
0 0.43515625 0.572265625 0.0390625 0.02734375
0 0.45234375 0.376953125 0.0390625 0.02734375
0 0.28671875 0.296875 0.0390625 0.02734375
0 0.33671875 0.603515625 0.0390625 0.02734375
0 0.55234375 0.40234375 0.0390625 0.02734375
0 0.35390625 0.349609375 0.0390625 0.02734375
0 0.42578125 0.458984375 0.0390625 0.02734375
0 0.41484375 0.294921875 0.0390625 0.02734375
0 0.29296875 0.404296875 0.0390625 0.02734375
0 0.69296875 0.513671875 0.0390625 0.02734375
0 0.53046875 0.54296875 0.0390625 0.02734375
0 0.16328125 0.4609375 0.0390625 0.02734375
0 0.58671875 0.4296875 0.0390625 0.02734375
0 0.51796875 0.375 0.0390625 0.02734375
0 0.43828125 0.630859375 0.0390625 0.02734375
0 0.19453125 0.43359375 0.0390625 0.02734375
0 0.25859375 0.376953125 0.0390625 0.02734375
0 0.12890625 0.43359375 0.0390625 0.02734375
0 0.26015625 0.43359375 0.0390625 0.02734375
0 0.48671875 0.40234375 0.0390625 0.02734375
0 0.36015625 0.458984375 0.0390625 0.02734375
0 0.30078125 0.57421875 0.0390625 0.02734375
0 0.32578125 0.431640625 0.0390625 0.02734375
0 0.49140625 0.458984375 0.0390625 0.02734375
0 0.55703125 0.458984375 0.0390625 0.02734375
0 0.36796875 0.57421875 0.0390625 0.02734375
0 0.44921875 0.322265625 0.0390625 0.02734375
0 0.31640625 0.26953125 0.0390625 0.02734375
0 0.38515625 0.322265625 0.0390625 0.02734375
0 0.63203125 0.572265625 0.0390625 0.02734375
0 0.40703125 0.662109375 0.0390625 0.02734375
0 0.19296875 0.37890625 0.0390625 0.02734375
0 0.28984375 0.349609375 0.0390625 0.02734375
0 0.52109375 0.431640625 0.0390625 0.02734375
0 0.33046875 0.48828125 0.0390625 0.02734375
0 0.41796875 0.349609375 0.0390625 0.02734375
0 0.38046875 0.26953125 0.0390625 0.02734375
0 0.32109375 0.322265625 0.0390625 0.02734375
0 0.46953125 0.6015625 0.0390625 0.02734375
0 0.39140625 0.431640625 0.0390625 0.02734375
0 0.56640625 0.572265625 0.0390625 0.02734375
0 0.50078125 0.572265625 0.0390625 0.02734375
0 0.45703125 0.431640625 0.0390625 0.02734375
0 0.22890625 0.4609375 0.0390625 0.02734375
0 0.25546875 0.32421875 0.0390625 0.02734375
0 0.34765625 0.2421875 0.0390625 0.02734375
