0 0.63828125 0.5966796875 0.0421875 0.056640625
0 0.60078125 0.3408203125 0.0421875 0.056640625
0 0.79921875 0.634765625 0.0453125 0.0546875
0 0.90234375 0.6162109375 0.0453125 0.056640625
0 0.6859375 0.1884765625 0.04375 0.056640625
0 0.78203125 0.505859375 0.0453125 0.0546875
0 0.7890625 0.1669921875 0.040625 0.056640625
0 0.65625 0.7255859375 0.04375 0.056640625
0 0.70390625 0.3193359375 0.0421875 0.056640625
0 0.7546875 0.3095703125 0.04375 0.056640625
0 0.528125 0.552734375 0.04375 0.0546875
0 0.49296875 0.294921875 0.0421875 0.05859375
0 0.6203125 0.46875 0.040625 0.0546875
0 0.51015625 0.4248046875 0.0421875 0.056640625
0 0.72109375 0.4501953125 0.0421875 0.056640625
0 0.58828125 0.6064453125 0.0421875 0.056640625
0 0.8703125 0.75390625 0.04375 0.0546875
0 0.67109375 0.4599609375 0.0453125 0.056640625
0 0.85234375 0.625 0.0421875 0.0546875
0 0.8578125 0.2880859375 0.04375 0.056640625
0 0.546875 0.6806640625 0.04375 0.056640625
0 0.7375 0.1787109375 0.04375 0.056640625
0 0.5234375 0.1533203125 0.04375 0.056640625
0 0.86796875 0.35546875 0.0453125 0.05859375
0 0.68828125 0.5908203125 0.0453125 0.056640625
0 0.47265625 0.1630859375 0.0421875 0.056640625
0 0.71171875 0.384765625 0.0421875 0.0546875
0 0.81875 0.763671875 0.04375 0.05859375
0 0.6515625 0.3310546875 0.04375 0.056640625
0 0.70703125 0.7158203125 0.0421875 0.056640625
0 0.79140625 0.5712890625 0.0453125 0.056640625
0 0.68125 0.5244140625 0.04375 0.056640625
0 0.71640625 0.7822265625 0.0421875 0.056640625
0 0.58359375 0.2099609375 0.0421875 0.056640625
0 0.56015625 0.4140625 0.0453125 0.05859375
0 0.634375 0.19921875 0.04375 0.05859375
0 0.54296875 0.2841796875 0.0453125 0.056640625
0 0.59296875 0.2744140625 0.0421875 0.056640625
0 0.7453125 0.244140625 0.04375 0.0546875
0 0.565625 0.8095703125 0.04375 0.056640625
0 0.85078125 0.2236328125 0.0453125 0.056640625
0 0.75859375 0.7099609375 0.0421875 0.056640625
0 0.59609375 0.671875 0.0421875 0.0546875
0 0.7484375 0.6435546875 0.040625 0.056640625
0 0.5796875 0.5439453125 0.04375 0.056640625
0 0.55625 0.7470703125 0.04375 0.056640625
0 0.61015625 0.4033203125 0.0421875 0.056640625
0 0.5703125 0.48046875 0.04375 0.0546875
0 0.81484375 0.3662109375 0.0421875 0.056640625
0 0.64375 0.265625 0.04375 0.0546875
0 0.825 0.4287109375 0.040625 0.056640625
0 0.55 0.349609375 0.04375 0.0546875
0 0.575 0.1435546875 0.04375 0.056640625
0 0.84375 0.1572265625 0.04375 0.056640625
0 0.6984375 0.6533203125 0.04375 0.056640625
0 0.86171875 0.6904296875 0.0421875 0.056640625
0 0.60546875 0.7373046875 0.0421875 0.056640625
0 0.5375 0.6171875 0.04375 0.05859375
0 0.7640625 0.375 0.04375 0.0546875
0 0.88515625 0.4873046875 0.0453125 0.056640625
0 0.51953125 0.4873046875 0.0421875 0.056640625
0 0.83203125 0.4970703125 0.0421875 0.056640625
0 0.6265625 0.1318359375 0.04375 0.056640625
0 0.5328125 0.21875 0.04375 0.0546875
0 0.67734375 0.123046875 0.0421875 0.0546875
0 0.64765625 0.6630859375 0.0421875 0.056640625
0 0.50234375 0.3583984375 0.0421875 0.056640625
0 0.771875 0.439453125 0.04375 0.05859375
0 0.6609375 0.3935546875 0.04375 0.056640625
0 0.63046875 0.53515625 0.0421875 0.05859375
0 0.48203125 0.23046875 0.0421875 0.0546875
0 0.73828125 0.5810546875 0.0421875 0.056640625
0 0.8953125 0.5498046875 0.04375 0.056640625
0 0.78046875 0.099609375 0.0421875 0.0546875
0 0.7671875 0.7724609375 0.04375 0.056640625
0 0.80546875 0.2998046875 0.0421875 0.056640625
0 0.8421875 0.5595703125 0.040625 0.056640625
0 0.92109375 0.744140625 0.0421875 0.0546875
0 0.80859375 0.7001953125 0.0453125 0.056640625
0 0.665625 0.791015625 0.04375 0.0546875
0 0.79765625 0.234375 0.0421875 0.05859375
0 0.73125 0.515625 0.040625 0.0546875
0 0.9125 0.6796875 0.04375 0.05859375
0 0.69453125 0.25390625 0.0421875 0.0546875
0 0.61484375 0.7998046875 0.0421875 0.056640625
0 0.728125 0.1123046875 0.04375 0.056640625
0 0.875 0.4189453125 0.04375 0.056640625
0 0.83359375 0.0908203125 0.0453125 0.056640625
