0 0.45234375 0.1474609375 0.0578125 0.060546875
0 0.67734375 0.3251953125 0.0546875 0.056640625
0 0.40078125 0.3115234375 0.0546875 0.060546875
0 0.48515625 0.3427734375 0.0578125 0.060546875
0 0.76640625 0.4951171875 0.0546875 0.060546875
0 0.72578125 0.1611328125 0.0578125 0.056640625
0 0.6859375 0.6044921875 0.05625 0.060546875
0 0.53515625 0.1796875 0.0578125 0.05859375
0 0.6234375 0.3505859375 0.059375 0.056640625
0 0.55 0.744140625 0.05625 0.05859375
0 0.3453125 0.3369140625 0.05625 0.060546875
0 0.76171875 0.3544921875 0.0578125 0.060546875
0 0.31640625 0.2802734375 0.0578125 0.060546875
0 0.4890625 0.4853515625 0.05625 0.056640625
0 0.7359375 0.4384765625 0.05625 0.060546875
0 0.39609375 0.1728515625 0.0578125 0.056640625
0 0.63515625 0.775390625 0.0578125 0.05859375
0 0.63203125 0.6318359375 0.0578125 0.056640625
0 0.71171875 0.5205078125 0.0578125 0.060546875
0 0.54609375 0.4599609375 0.0578125 0.056640625
0 0.540625 0.3193359375 0.059375 0.056640625
0 0.81953125 0.4697265625 0.0578125 0.060546875
0 0.57265625 0.5166015625 0.0546875 0.056640625
0 0.54765625 0.6005859375 0.0546875 0.056640625
0 0.68203125 0.4638671875 0.0578125 0.060546875
0 0.64453125 0.1298828125 0.0546875 0.056640625
0 0.46015625 0.4267578125 0.0578125 0.060546875
0 0.8765625 0.5859375 0.05625 0.05859375
0 0.6734375 0.18359375 0.059375 0.05859375
0 0.45625 0.2861328125 0.05625 0.060546875
0 0.57890625 0.8017578125 0.0578125 0.056640625
0 0.7703125 0.6357421875 0.059375 0.060546875
0 0.62734375 0.4892578125 0.0546875 0.060546875
0 0.90859375 0.6435546875 0.0578125 0.056640625
0 0.71484375 0.6650390625 0.0578125 0.060546875
0 0.58984375 0.1533203125 0.0578125 0.060546875
0 0.9625 0.6171875 0.05625 0.05859375
0 0.59921875 0.43359375 0.0578125 0.05859375
0 0.48125 0.2060546875 0.05625 0.060546875
0 0.82421875 0.6123046875 0.0546875 0.056640625
0 0.79140625 0.412109375 0.0546875 0.05859375
0 0.5765625 0.6572265625 0.059375 0.056640625
0 0.59453125 0.29296875 0.0546875 0.05859375
0 0.9046875 0.5 0.05625 0.05859375
0 0.815625 0.3291015625 0.05625 0.060546875
0 0.40546875 0.4521484375 0.0578125 0.060546875
0 0.74375 0.7216796875 0.05625 0.060546875
0 0.84921875 0.5283203125 0.0546875 0.056640625
0 0.85390625 0.6689453125 0.0578125 0.056640625
0 0.51015625 0.2607421875 0.0578125 0.060546875
0 0.51796875 0.54296875 0.0578125 0.05859375
0 0.73046875 0.298828125 0.0546875 0.05859375
0 0.5140625 0.40234375 0.05625 0.05859375
0 0.70078125 0.2412109375 0.0578125 0.056640625
0 0.4921875 0.6259765625 0.05625 0.056640625
0 0.43359375 0.509765625 0.0546875 0.05859375
0 0.7953125 0.5537109375 0.059375 0.060546875
0 0.603125 0.57421875 0.05625 0.05859375
0 0.37578125 0.3955078125 0.0546875 0.060546875
0 0.56484375 0.2353515625 0.0578125 0.056640625
0 0.66015625 0.689453125 0.0578125 0.05859375
0 0.371875 0.255859375 0.059375 0.05859375
0 0.78671875 0.2744140625 0.0578125 0.060546875
0 0.55859375 0.0966796875 0.0546875 0.060546875
0 0.56953125 0.3759765625 0.0546875 0.056640625
0 0.65234375 0.4072265625 0.0546875 0.060546875
0 0.50625 0.1220703125 0.05625 0.060546875
0 0.6484375 0.267578125 0.059375 0.05859375
0 0.52109375 0.68359375 0.0578125 0.05859375
0 0.79921875 0.6953125 0.0546875 0.05859375
0 0.34296875 0.1982421875 0.0546875 0.056640625
0 0.61953125 0.2099609375 0.0546875 0.056640625
0 0.6125 0.0712890625 0.059375 0.060546875
0 0.2875 0.2236328125 0.05625 0.056640625
0 0.70703125 0.3798828125 0.0578125 0.060546875
0 0.43125 0.369140625 0.05625 0.05859375
0 0.42734375 0.2314453125 0.0578125 0.060546875
0 0.68984375 0.7490234375 0.0578125 0.060546875
0 0.46328125 0.568359375 0.0578125 0.05859375
0 0.87265625 0.4453125 0.0578125 0.05859375
0 0.75546875 0.2158203125 0.0546875 0.056640625
0 0.60546875 0.71484375 0.0546875 0.05859375
0 0.696875 0.103515625 0.05625 0.05859375
0 0.65703125 0.5478515625 0.0578125 0.060546875
0 0.73984375 0.5791015625 0.0578125 0.060546875
0 0.93359375 0.5595703125 0.0578125 0.056640625
0 0.84375 0.3876953125 0.05625 0.056640625
0 0.66640625 0.0478515625 0.0546875 0.060546875
