0 0.61328125 0.4853515625 0.0390625 0.048828125
0 0.70234375 0.7587890625 0.0390625 0.048828125
0 0.72734375 0.6826171875 0.0390625 0.048828125
0 0.63828125 0.4091796875 0.0390625 0.048828125
0 0.38671875 0.5361328125 0.0390625 0.048828125
0 0.46328125 0.6240234375 0.0390625 0.048828125
0 0.75234375 0.6083984375 0.0390625 0.048828125
0 0.71640625 0.4970703125 0.0390625 0.048828125
0 0.60234375 0.2998046875 0.0390625 0.048828125
0 0.62421875 0.6708984375 0.0390625 0.048828125
0 0.41171875 0.4599609375 0.0390625 0.048828125
0 0.66171875 0.3330078125 0.0390625 0.048828125
0 0.60078125 0.7451171875 0.0390625 0.048828125
0 0.39921875 0.2763671875 0.0390625 0.048828125
0 0.69140625 0.5732421875 0.0390625 0.048828125
0 0.58984375 0.5615234375 0.0390625 0.048828125
0 0.50078125 0.2880859375 0.0390625 0.048828125
0 0.47578125 0.3642578125 0.0390625 0.048828125
0 0.54140625 0.2666015625 0.0390625 0.048828125
0 0.67421875 0.5185546875 0.0390625 0.048828125
0 0.57734375 0.3759765625 0.0390625 0.048828125
0 0.66640625 0.6494140625 0.0390625 0.048828125
0 0.56640625 0.1884765625 0.0390625 0.048828125
0 0.66015625 0.7802734375 0.0390625 0.048828125
0 0.78671875 0.7177734375 0.0390625 0.048828125
0 0.43984375 0.6982421875 0.0390625 0.048828125
0 0.37578125 0.3525390625 0.0390625 0.048828125
0 0.45234375 0.4404296875 0.0390625 0.048828125
0 0.44609375 0.5693359375 0.0390625 0.048828125
0 0.45859375 0.3095703125 0.0390625 0.048828125
0 0.51171875 0.4736328125 0.0390625 0.048828125
0 0.43984375 0.2548828125 0.0390625 0.048828125
0 0.64921875 0.5947265625 0.0390625 0.048828125
0 0.57578125 0.8212890625 0.0390625 0.048828125
0 0.55859375 0.7666015625 0.0390625 0.048828125
0 0.51640625 0.7861328125 0.0390625 0.048828125
0 0.62578125 0.2216796875 0.0390625 0.048828125
0 0.35234375 0.4287109375 0.0390625 0.048828125
0 0.43515625 0.3857421875 0.0390625 0.048828125
0 0.42265625 0.6435546875 0.0390625 0.048828125
0 0.49921875 0.7314453125 0.0390625 0.048828125
0 0.68515625 0.7041015625 0.0390625 0.048828125
0 0.53359375 0.8408203125 0.0390625 0.048828125
0 0.51796875 0.3427734375 0.0390625 0.048828125
0 0.42890625 0.5146484375 0.0390625 0.048828125
0 0.33359375 0.3740234375 0.0390625 0.048828125
0 0.52265625 0.6572265625 0.0390625 0.048828125
0 0.48828125 0.5478515625 0.0390625 0.048828125
0 0.58203125 0.6904296875 0.0390625 0.048828125
0 0.55390625 0.4521484375 0.0390625 0.048828125
0 0.53984375 0.7119140625 0.0390625 0.048828125
0 0.68046875 0.3876953125 0.0390625 0.048828125
0 0.74453125 0.7392578125 0.0390625 0.048828125
0 0.39296875 0.4072265625 0.0390625 0.048828125
0 0.48203125 0.2333984375 0.0390625 0.048828125
0 0.65546875 0.4638671875 0.0390625 0.048828125
0 0.56484375 0.6357421875 0.0390625 0.048828125
0 0.40546875 0.5908203125 0.0390625 0.048828125
0 0.47109375 0.4931640625 0.0390625 0.048828125
0 0.49453125 0.4189453125 0.0390625 0.048828125
0 0.53515625 0.3974609375 0.0390625 0.048828125
0 0.31640625 0.3193359375 0.0390625 0.048828125
0 0.64140625 0.7255859375 0.0390625 0.048828125
0 0.35703125 0.2978515625 0.0390625 0.048828125
0 0.58359375 0.2431640625 0.0390625 0.048828125
0 0.41640625 0.3310546875 0.0390625 0.048828125
0 0.53046875 0.5283203125 0.0390625 0.048828125
0 0.70859375 0.6298828125 0.0390625 0.048828125
0 0.52421875 0.2099609375 0.0390625 0.048828125
0 0.49140625 0.8623046875 0.0390625 0.048828125
0 0.50546875 0.6025390625 0.0390625 0.048828125
0 0.73359375 0.5517578125 0.0390625 0.048828125
0 0.64453125 0.2763671875 0.0390625 0.048828125
0 0.48203125 0.6787109375 0.0390625 0.048828125
0 0.54765625 0.5810546875 0.0390625 0.048828125
0 0.47421875 0.8076171875 0.0390625 0.048828125
0 0.76953125 0.6630859375 0.0390625 0.048828125
0 0.56015625 0.3212890625 0.0390625 0.048828125
0 0.61953125 0.3544921875 0.0390625 0.048828125
0 0.36953125 0.4814453125 0.0390625 0.048828125
0 0.61796875 0.7998046875 0.0390625 0.048828125
0 0.60703125 0.6162109375 0.0390625 0.048828125
0 0.59609375 0.4306640625 0.0390625 0.048828125
0 0.63203125 0.5400390625 0.0390625 0.048828125
0 0.69765625 0.4423828125 0.0390625 0.048828125
0 0.45703125 0.7529296875 0.0390625 0.048828125
0 0.57109375 0.5068359375 0.0390625 0.048828125
0 0.60859375 0.1650390625 0.0390625 0.048828125
