0 0.721875 0.2783203125 0.040625 0.048828125
0 0.6125 0.578125 0.040625 0.046875
0 0.7265625 0.3349609375 0.0375 0.048828125
0 0.49765625 0.3681640625 0.0390625 0.048828125
0 0.6921875 0.453125 0.0375 0.046875
0 0.6421875 0.404296875 0.0375 0.046875
0 0.35390625 0.3330078125 0.0390625 0.048828125
0 0.53828125 0.3076171875 0.0390625 0.048828125
0 0.50390625 0.4248046875 0.0390625 0.048828125
0 0.57265625 0.6396484375 0.0390625 0.048828125
0 0.31328125 0.3955078125 0.0390625 0.048828125
0 0.46875 0.54296875 0.0375 0.046875
0 0.4171875 0.4951171875 0.0375 0.048828125
0 0.42890625 0.60546875 0.0390625 0.046875
0 0.38203125 0.6123046875 0.0390625 0.048828125
0 0.30703125 0.33984375 0.0390625 0.05078125
0 0.70390625 0.5654296875 0.0390625 0.048828125
0 0.359375 0.3896484375 0.0375 0.048828125
0 0.7484375 0.5576171875 0.040625 0.048828125
0 0.68046875 0.3427734375 0.0390625 0.048828125
0 0.33203125 0.5625 0.0390625 0.05078125
0 0.38828125 0.6669921875 0.0390625 0.048828125
0 0.3765625 0.556640625 0.0375 0.046875
0 0.45703125 0.4306640625 0.0390625 0.048828125
0 0.6015625 0.4658203125 0.0375 0.048828125
0 0.60703125 0.5224609375 0.0390625 0.048828125
0 0.8 0.6044921875 0.0375 0.048828125
0 0.7953125 0.55078125 0.040625 0.05078125
0 0.7625 0.2177734375 0.040625 0.048828125
0 0.69765625 0.5087890625 0.0390625 0.048828125
0 0.6515625 0.515625 0.0375 0.05078125
0 0.625 0.23828125 0.0375 0.046875
0 0.42265625 0.548828125 0.0390625 0.046875
0 0.475 0.59765625 0.0375 0.05078125
0 0.6765625 0.287109375 0.0375 0.046875
0 0.73203125 0.3916015625 0.0390625 0.048828125
0 0.64765625 0.4609375 0.0390625 0.046875
0 0.509375 0.48046875 0.0375 0.05078125
0 0.5671875 0.5830078125 0.0375 0.048828125
0 0.52109375 0.5908203125 0.0390625 0.048828125
0 0.7546875 0.6123046875 0.040625 0.048828125
0 0.5265625 0.6474609375 0.0375 0.048828125
0 0.63046875 0.29296875 0.0390625 0.05078125
0 0.4515625 0.375 0.0375 0.05078125
0 0.46328125 0.4873046875 0.0390625 0.048828125
0 0.58984375 0.3564453125 0.0390625 0.048828125
0 0.39375 0.26953125 0.0375 0.05078125
0 0.55546875 0.4736328125 0.0390625 0.048828125
0 0.325 0.5078125 0.0375 0.046875
0 0.48046875 0.6533203125 0.0390625 0.048828125
0 0.4 0.3251953125 0.0375 0.048828125
0 0.53203125 0.2509765625 0.0390625 0.048828125
0 0.40546875 0.3818359375 0.0390625 0.048828125
0 0.57890625 0.2431640625 0.0390625 0.048828125
0 0.55 0.4169921875 0.0375 0.048828125
0 0.3015625 0.283203125 0.0375 0.046875
0 0.41171875 0.4384765625 0.0390625 0.048828125
0 0.584375 0.2998046875 0.0375 0.048828125
0 0.65703125 0.5712890625 0.0390625 0.048828125
0 0.59609375 0.412109375 0.0390625 0.046875
0 0.74375 0.5009765625 0.0375 0.048828125
0 0.6875 0.396484375 0.040625 0.046875
0 0.76796875 0.2734375 0.0390625 0.046875
0 0.34765625 0.2763671875 0.0390625 0.048828125
0 0.715625 0.2255859375 0.040625 0.048828125
0 0.7890625 0.4951171875 0.040625 0.048828125
0 0.77890625 0.3837890625 0.0390625 0.048828125
0 0.44609375 0.3193359375 0.0390625 0.048828125
0 0.54375 0.36328125 0.0375 0.05078125
0 0.7734375 0.330078125 0.040625 0.046875
0 0.66328125 0.6259765625 0.0390625 0.048828125
0 0.37109375 0.5009765625 0.0390625 0.048828125
0 0.67109375 0.23046875 0.0390625 0.046875
0 0.56171875 0.5302734375 0.0390625 0.048828125
0 0.4921875 0.3134765625 0.0375 0.048828125
0 0.36484375 0.4453125 0.0390625 0.05078125
0 0.63671875 0.3486328125 0.0390625 0.048828125
0 0.61796875 0.6328125 0.0390625 0.05078125
0 0.33671875 0.6181640625 0.0390625 0.048828125
0 0.3421875 0.673828125 0.0375 0.046875
0 0.31875 0.4521484375 0.0375 0.048828125
0 0.709375 0.6181640625 0.0375 0.048828125
0 0.48671875 0.255859375 0.0390625 0.046875
0 0.73828125 0.447265625 0.0390625 0.046875
0 0.51484375 0.53515625 0.0390625 0.046875
0 0.4421875 0.2626953125 0.0375 0.048828125
0 0.434375 0.6611328125 0.0375 0.048828125
0 0.7828125 0.439453125 0.040625 0.046875
