0 0.5390625 0.263671875 0.040625 0.05078125
0 0.5015625 0.6650390625 0.040625 0.048828125
0 0.69765625 0.5791015625 0.0390625 0.048828125
0 0.63515625 0.744140625 0.0390625 0.05078125
0 0.68046875 0.2841796875 0.0421875 0.048828125
0 0.675 0.341796875 0.040625 0.05078125
0 0.5453125 0.2041015625 0.040625 0.048828125
0 0.4765625 0.427734375 0.040625 0.046875
0 0.64453125 0.62890625 0.0390625 0.05078125
0 0.50546875 0.607421875 0.0390625 0.05078125
0 0.6109375 0.505859375 0.040625 0.046875
0 0.5640625 0.5 0.040625 0.05078125
0 0.6171875 0.44921875 0.040625 0.05078125
0 0.5359375 0.787109375 0.040625 0.05078125
0 0.7140625 0.40625 0.0375 0.05078125
0 0.709375 0.4619140625 0.040625 0.048828125
0 0.58203125 0.794921875 0.0390625 0.05078125
0 0.4484375 0.716796875 0.040625 0.05078125
0 0.58203125 0.328125 0.0390625 0.05078125
0 0.63359375 0.27734375 0.0421875 0.046875
0 0.4421875 0.7744140625 0.040625 0.048828125
0 0.5453125 0.6728515625 0.040625 0.048828125
0 0.56953125 0.44140625 0.0390625 0.05078125
0 0.65078125 0.5712890625 0.0390625 0.048828125
0 0.57578125 0.3837890625 0.0390625 0.048828125
0 0.68046875 0.751953125 0.0421875 0.05078125
0 0.70390625 0.51953125 0.0390625 0.05078125
0 0.4828125 0.3701171875 0.040625 0.048828125
0 0.75 0.52734375 0.040625 0.05078125
0 0.5359375 0.3203125 0.040625 0.05078125
0 0.51171875 0.55078125 0.0390625 0.05078125
0 0.4125 0.59375 0.040625 0.05078125
0 0.73359375 0.701171875 0.0421875 0.05078125
0 0.640625 0.685546875 0.0375 0.05078125
0 0.446875 0.248046875 0.0375 0.05078125
0 0.7671875 0.35546875 0.0375 0.046875
0 0.725 0.291015625 0.040625 0.05078125
0 0.5984375 0.62109375 0.040625 0.05078125
0 0.51796875 0.4921875 0.0390625 0.05078125
0 0.6046875 0.5654296875 0.040625 0.048828125
0 0.43671875 0.36328125 0.0390625 0.05078125
0 0.5390625 0.73046875 0.040625 0.046875
0 0.4421875 0.306640625 0.040625 0.05078125
0 0.74375 0.5859375 0.040625 0.05078125
0 0.43125 0.421875 0.040625 0.05078125
0 0.4703125 0.4873046875 0.040625 0.048828125
0 0.5 0.197265625 0.0375 0.05078125
0 0.40703125 0.650390625 0.0421875 0.05078125
0 0.4015625 0.708984375 0.040625 0.05078125
0 0.771875 0.296875 0.040625 0.046875
0 0.5515625 0.61328125 0.040625 0.05078125
0 0.6859375 0.693359375 0.040625 0.05078125
0 0.675 0.80859375 0.040625 0.046875
0 0.778125 0.240234375 0.040625 0.05078125
0 0.7390625 0.6435546875 0.040625 0.048828125
0 0.63828125 0.2177734375 0.0390625 0.048828125
0 0.71875 0.34765625 0.040625 0.046875
0 0.66875 0.3984375 0.040625 0.05078125
0 0.4640625 0.54296875 0.040625 0.05078125
0 0.6625 0.45703125 0.040625 0.05078125
0 0.73125 0.232421875 0.040625 0.05078125
0 0.62734375 0.3349609375 0.0421875 0.048828125
0 0.41875 0.53515625 0.040625 0.05078125
0 0.45390625 0.6572265625 0.0421875 0.048828125
0 0.5875 0.73828125 0.0375 0.046875
0 0.76171875 0.4140625 0.0390625 0.05078125
0 0.72734375 0.759765625 0.0421875 0.05078125
0 0.65625 0.513671875 0.040625 0.046875
0 0.4953125 0.255859375 0.040625 0.05078125
0 0.6921875 0.6357421875 0.040625 0.048828125
0 0.6296875 0.802734375 0.040625 0.05078125
0 0.39609375 0.767578125 0.0390625 0.05078125
0 0.5921875 0.2109375 0.040625 0.046875
0 0.5296875 0.376953125 0.040625 0.05078125
0 0.5921875 0.6787109375 0.040625 0.048828125
0 0.4953125 0.724609375 0.040625 0.05078125
0 0.5859375 0.26953125 0.040625 0.046875
0 0.45859375 0.6005859375 0.0390625 0.048828125
0 0.4890625 0.779296875 0.040625 0.05078125
0 0.45234375 0.19140625 0.0390625 0.046875
0 0.6859375 0.224609375 0.040625 0.05078125
0 0.4890625 0.3134765625 0.040625 0.048828125
0 0.5234375 0.435546875 0.040625 0.046875
0 0.5578125 0.5576171875 0.040625 0.048828125
0 0.721875 0.81640625 0.040625 0.046875
0 0.75625 0.4697265625 0.040625 0.048828125
0 0.425 0.4794921875 0.040625 0.048828125
0 0.6234375 0.3916015625 0.040625 0.048828125
