0 0.32421875 0.3115234375 0.0390625 0.048828125
0 0.38828125 0.3095703125 0.0390625 0.048828125
0 0.21171875 0.4541015625 0.0390625 0.048828125
0 0.41328125 0.5146484375 0.0390625 0.048828125
0 0.27578125 0.4521484375 0.0390625 0.048828125
0 0.46015625 0.3740234375 0.0390625 0.048828125
0 0.34921875 0.5185546875 0.0390625 0.048828125
0 0.55078125 0.5791015625 0.0390625 0.048828125
0 0.43046875 0.6572265625 0.0390625 0.048828125
0 0.51328125 0.7998046875 0.0390625 0.048828125
0 0.47734375 0.5126953125 0.0390625 0.048828125
0 0.37734375 0.4814453125 0.0390625 0.048828125
0 0.46796875 0.6904296875 0.0390625 0.048828125
0 0.59765625 0.6845703125 0.0390625 0.048828125
0 0.56953125 0.7216796875 0.0390625 0.048828125
0 0.53359375 0.4384765625 0.0390625 0.048828125
0 0.49609375 0.6533203125 0.0390625 0.048828125
0 0.28359375 0.5205078125 0.0390625 0.048828125
0 0.61484375 0.5751953125 0.0390625 0.048828125
0 0.47578125 0.7626953125 0.0390625 0.048828125
0 0.17421875 0.4208984375 0.0390625 0.048828125
0 0.48671875 0.5810546875 0.0390625 0.048828125
0 0.40234375 0.6943359375 0.0390625 0.048828125
0 0.52421875 0.3701171875 0.0390625 0.048828125
0 0.63359375 0.4697265625 0.0390625 0.048828125
0 0.39609375 0.3759765625 0.0390625 0.048828125
0 0.51484375 0.5458984375 0.0390625 0.048828125
0 0.36484375 0.6591796875 0.0390625 0.048828125
0 0.65234375 0.6083984375 0.0390625 0.048828125
0 0.52265625 0.6162109375 0.0390625 0.048828125
0 0.59609375 0.4365234375 0.0390625 0.048828125
0 0.43359375 0.4091796875 0.0390625 0.048828125
0 0.34140625 0.4482421875 0.0390625 0.048828125
0 0.24765625 0.4873046875 0.0390625 0.048828125
0 0.18203125 0.4912109375 0.0390625 0.048828125
0 0.31328125 0.4853515625 0.0390625 0.048828125
0 0.29609375 0.3466796875 0.0390625 0.048828125
0 0.66953125 0.5029296875 0.0390625 0.048828125
0 0.53203125 0.6865234375 0.0390625 0.048828125
0 0.36015625 0.3447265625 0.0390625 0.048828125
0 0.56953125 0.4716796875 0.0390625 0.048828125
0 0.23984375 0.4189453125 0.0390625 0.048828125
0 0.33203125 0.3798828125 0.0390625 0.048828125
0 0.29140625 0.5927734375 0.0390625 0.048828125
0 0.45078125 0.5478515625 0.0390625 0.048828125
0 0.42421875 0.3408203125 0.0390625 0.048828125
0 0.36953125 0.4130859375 0.0390625 0.048828125
0 0.50546875 0.4755859375 0.0390625 0.048828125
0 0.26015625 0.3134765625 0.0390625 0.048828125
0 0.57890625 0.5419921875 0.0390625 0.048828125
0 0.32890625 0.6259765625 0.0390625 0.048828125
0 0.38515625 0.5517578125 0.0390625 0.048828125
0 0.49609375 0.4072265625 0.0390625 0.048828125
0 0.45859375 0.6181640625 0.0390625 0.048828125
0 0.23203125 0.3486328125 0.0390625 0.048828125
0 0.28828125 0.2783203125 0.0390625 0.048828125
0 0.56015625 0.6494140625 0.0390625 0.048828125
0 0.25546875 0.5576171875 0.0390625 0.048828125
0 0.62421875 0.6474609375 0.0390625 0.048828125
0 0.70703125 0.5361328125 0.0390625 0.048828125
0 0.58828125 0.6123046875 0.0390625 0.048828125
0 0.56015625 0.4033203125 0.0390625 0.048828125
0 0.35703125 0.5888671875 0.0390625 0.048828125
0 0.14609375 0.4580078125 0.0390625 0.048828125
0 0.35234375 0.2763671875 0.0390625 0.048828125
0 0.54140625 0.7607421875 0.0390625 0.048828125
0 0.50390625 0.7255859375 0.0390625 0.048828125
0 0.64296875 0.5380859375 0.0390625 0.048828125
0 0.42265625 0.5849609375 0.0390625 0.048828125
0 0.46953125 0.4423828125 0.0390625 0.048828125
0 0.43984375 0.7294921875 0.0390625 0.048828125
0 0.32109375 0.5537109375 0.0390625 0.048828125
0 0.48828125 0.3388671875 0.0390625 0.048828125
0 0.39453125 0.6220703125 0.0390625 0.048828125
0 0.44140625 0.4775390625 0.0390625 0.048828125
0 0.38046875 0.2412109375 0.0390625 0.048828125
0 0.60546875 0.5048828125 0.0390625 0.048828125
0 0.26796875 0.3818359375 0.0390625 0.048828125
0 0.20390625 0.3857421875 0.0390625 0.048828125
0 0.67890625 0.5732421875 0.0390625 0.048828125
0 0.30390625 0.4150390625 0.0390625 0.048828125
0 0.54140625 0.5087890625 0.0390625 0.048828125
0 0.40546875 0.4462890625 0.0390625 0.048828125
0 0.41640625 0.2744140625 0.0390625 0.048828125
0 0.45234375 0.3056640625 0.0390625 0.048828125
0 0.34453125 0.2099609375 0.0390625 0.048828125
0 0.31640625 0.2451171875 0.0390625 0.048828125
0 0.21953125 0.5244140625 0.0390625 0.048828125
