0 0.31640625 0.3115234375 0.0546875 0.052734375
0 0.48125 0.240234375 0.053125 0.0546875
0 0.43828125 0.5888671875 0.0515625 0.052734375
0 0.64140625 0.220703125 0.0546875 0.0546875
0 0.60703125 0.51953125 0.0546875 0.05078125
0 0.5875 0.7255859375 0.053125 0.052734375
0 0.31328125 0.755859375 0.0546875 0.05078125
0 0.64140625 0.720703125 0.0546875 0.0546875
0 0.290625 0.5078125 0.053125 0.05078125
0 0.34453125 0.5009765625 0.0546875 0.052734375
0 0.53515625 0.6796875 0.0546875 0.0546875
0 0.65078125 0.6162109375 0.0515625 0.052734375
0 0.53046875 0.7333984375 0.0515625 0.052734375
0 0.56953125 0.375 0.0546875 0.0546875
0 0.265625 0.7099609375 0.053125 0.052734375
0 0.375 0.697265625 0.053125 0.05078125
0 0.34921875 0.4501953125 0.0546875 0.052734375
0 0.66171875 0.513671875 0.0546875 0.0546875
0 0.63515625 0.2685546875 0.0546875 0.052734375
0 0.48671875 0.6357421875 0.0546875 0.052734375
0 0.3859375 0.595703125 0.053125 0.05078125
0 0.46953125 0.337890625 0.0546875 0.0546875
0 0.31953125 0.7041015625 0.0515625 0.052734375
0 0.3390625 0.55078125 0.053125 0.05078125
0 0.61953125 0.4189453125 0.0546875 0.052734375
0 0.47421875 0.291015625 0.0515625 0.05078125
0 0.69140625 0.2626953125 0.0546875 0.052734375
0 0.54765625 0.5771484375 0.0546875 0.052734375
0 0.48125 0.6865234375 0.053125 0.052734375
0 0.36328125 0.3525390625 0.0546875 0.052734375
0 0.55859375 0.474609375 0.0515625 0.0546875
0 0.421875 0.296875 0.053125 0.0546875
0 0.42109375 0.744140625 0.0546875 0.05078125
0 0.4328125 0.640625 0.053125 0.0546875
0 0.39140625 0.544921875 0.0546875 0.0546875
0 0.54140625 0.6279296875 0.0546875 0.052734375
0 0.59140625 0.6748046875 0.0546875 0.052734375
0 0.565625 0.4248046875 0.053125 0.052734375
0 0.6578125 0.5634765625 0.053125 0.052734375
0 0.45625 0.439453125 0.053125 0.05078125
0 0.42890625 0.24609375 0.0546875 0.05078125
0 0.3046875 0.4091796875 0.053125 0.052734375
0 0.51484375 0.3818359375 0.0546875 0.052734375
0 0.6734375 0.4111328125 0.053125 0.052734375
0 0.49921875 0.533203125 0.0546875 0.0546875
0 0.45078125 0.4892578125 0.0546875 0.052734375
0 0.3671875 0.75 0.053125 0.0546875
0 0.68515625 0.3125 0.0546875 0.05078125
0 0.52890625 0.2822265625 0.0546875 0.052734375
0 0.503125 0.482421875 0.053125 0.05078125
0 0.553125 0.5263671875 0.053125 0.052734375
0 0.37890625 0.6474609375 0.0546875 0.052734375
0 0.6234375 0.369140625 0.053125 0.05078125
0 0.5765625 0.32421875 0.053125 0.05078125
0 0.27890625 0.607421875 0.0546875 0.05078125
0 0.32734375 0.654296875 0.0546875 0.05078125
0 0.52109375 0.3330078125 0.0546875 0.052734375
0 0.58359375 0.27734375 0.0546875 0.0546875
0 0.4921875 0.5830078125 0.053125 0.052734375
0 0.4453125 0.5390625 0.053125 0.05078125
0 0.27265625 0.66015625 0.0546875 0.0546875
0 0.6125 0.4697265625 0.053125 0.052734375
0 0.41484375 0.3466796875 0.0546875 0.052734375
0 0.35703125 0.40234375 0.0546875 0.05078125
0 0.6453125 0.66796875 0.053125 0.05078125
0 0.696875 0.212890625 0.053125 0.05078125
0 0.59609375 0.6220703125 0.0515625 0.052734375
0 0.47578125 0.73828125 0.0515625 0.0546875
0 0.396875 0.49609375 0.053125 0.05078125
0 0.36953125 0.302734375 0.0515625 0.05078125
0 0.296875 0.4580078125 0.053125 0.052734375
0 0.37734375 0.2548828125 0.0546875 0.052734375
0 0.40859375 0.39453125 0.0546875 0.0546875
0 0.6015625 0.572265625 0.053125 0.0546875
0 0.66796875 0.462890625 0.0546875 0.0546875
0 0.46328125 0.3896484375 0.0546875 0.052734375
0 0.67734375 0.3603515625 0.0546875 0.052734375
0 0.40390625 0.4453125 0.0515625 0.0546875
0 0.51171875 0.4306640625 0.0546875 0.052734375
0 0.42734375 0.69140625 0.0546875 0.0546875
0 0.63125 0.318359375 0.053125 0.0546875
0 0.28671875 0.5576171875 0.0546875 0.052734375
0 0.33046875 0.6015625 0.0546875 0.0546875
0 0.2609375 0.7626953125 0.053125 0.052734375
0 0.5875 0.2255859375 0.053125 0.052734375
0 0.53515625 0.234375 0.0546875 0.05078125
0 0.325 0.259765625 0.053125 0.0546875
0 0.3109375 0.359375 0.053125 0.05078125
