0 0.4953125 0.5087890625 0.04375 0.052734375
0 0.39609375 0.6259765625 0.0453125 0.052734375
0 0.39453125 0.3896484375 0.0421875 0.052734375
0 0.546875 0.6865234375 0.04375 0.048828125
0 0.396875 0.4482421875 0.04375 0.048828125
0 0.54609375 0.4521484375 0.0453125 0.052734375
0 0.29453125 0.5068359375 0.0453125 0.052734375
0 0.44609375 0.3916015625 0.0421875 0.048828125
0 0.59765625 0.6875 0.0421875 0.05078125
0 0.64453125 0.3349609375 0.0453125 0.052734375
0 0.34453125 0.4482421875 0.0453125 0.048828125
0 0.44609375 0.8056640625 0.0421875 0.048828125
0 0.54453125 0.2744140625 0.0421875 0.048828125
0 0.5953125 0.453125 0.04375 0.05078125
0 0.4953125 0.333984375 0.04375 0.05078125
0 0.546875 0.7470703125 0.04375 0.052734375
0 0.3453125 0.5048828125 0.04375 0.048828125
0 0.59375 0.2177734375 0.04375 0.048828125
0 0.34453125 0.2705078125 0.0453125 0.052734375
0 0.496875 0.74609375 0.04375 0.05078125
0 0.49296875 0.2744140625 0.0421875 0.048828125
0 0.64609375 0.5693359375 0.0453125 0.048828125
0 0.29453125 0.330078125 0.0453125 0.05078125
0 0.4953125 0.626953125 0.04375 0.05078125
0 0.496875 0.5673828125 0.04375 0.048828125
0 0.54453125 0.3935546875 0.0421875 0.048828125
0 0.44375 0.5078125 0.04375 0.05078125
0 0.44453125 0.5654296875 0.0453125 0.052734375
0 0.34296875 0.2119140625 0.0421875 0.048828125
0 0.546875 0.5107421875 0.04375 0.048828125
0 0.39453125 0.2138671875 0.0421875 0.052734375
0 0.54453125 0.2158203125 0.0421875 0.052734375
0 0.44609375 0.626953125 0.0421875 0.05078125
0 0.29375 0.26953125 0.04375 0.05078125
0 0.29375 0.7431640625 0.04375 0.048828125
0 0.3453125 0.6845703125 0.04375 0.052734375
0 0.396875 0.6845703125 0.04375 0.052734375
0 0.6453125 0.3935546875 0.04375 0.048828125
0 0.3453125 0.330078125 0.04375 0.05078125
0 0.59609375 0.6279296875 0.0453125 0.052734375
0 0.3453125 0.5654296875 0.04375 0.052734375
0 0.39453125 0.74609375 0.0421875 0.05078125
0 0.59375 0.275390625 0.04375 0.05078125
0 0.44375 0.3330078125 0.04375 0.052734375
0 0.646875 0.6279296875 0.04375 0.052734375
0 0.54453125 0.3349609375 0.0421875 0.052734375
0 0.29375 0.4462890625 0.04375 0.052734375
0 0.44375 0.2744140625 0.04375 0.048828125
0 0.59453125 0.39453125 0.0453125 0.05078125
0 0.34296875 0.6240234375 0.0421875 0.048828125
0 0.5953125 0.51171875 0.04375 0.05078125
0 0.496875 0.806640625 0.04375 0.05078125
0 0.646875 0.6884765625 0.04375 0.048828125
0 0.396875 0.8037109375 0.04375 0.052734375
0 0.44609375 0.44921875 0.0421875 0.05078125
0 0.29375 0.388671875 0.04375 0.05078125
0 0.59375 0.333984375 0.04375 0.05078125
0 0.5953125 0.5693359375 0.04375 0.048828125
0 0.44375 0.21484375 0.04375 0.05078125
0 0.4953125 0.392578125 0.04375 0.05078125
0 0.59765625 0.8076171875 0.0421875 0.048828125
0 0.39453125 0.3310546875 0.0421875 0.048828125
0 0.29375 0.2109375 0.04375 0.05078125
0 0.2921875 0.8037109375 0.04375 0.052734375
0 0.4953125 0.6865234375 0.04375 0.048828125
0 0.44609375 0.7451171875 0.0421875 0.052734375
0 0.39453125 0.2724609375 0.0421875 0.048828125
0 0.54453125 0.6279296875 0.0421875 0.052734375
0 0.44609375 0.6845703125 0.0421875 0.052734375
0 0.29375 0.564453125 0.04375 0.05078125
0 0.5953125 0.748046875 0.04375 0.05078125
0 0.64921875 0.806640625 0.0421875 0.05078125
0 0.3453125 0.388671875 0.04375 0.05078125
0 0.34296875 0.7451171875 0.0421875 0.052734375
0 0.29375 0.68359375 0.04375 0.05078125
0 0.34453125 0.8056640625 0.0453125 0.048828125
0 0.546875 0.568359375 0.04375 0.05078125
0 0.39453125 0.5673828125 0.0421875 0.048828125
0 0.29375 0.623046875 0.04375 0.05078125
0 0.546875 0.806640625 0.04375 0.05078125
0 0.64296875 0.2763671875 0.0421875 0.048828125
0 0.39453125 0.5068359375 0.0421875 0.052734375
0 0.4953125 0.4501953125 0.04375 0.048828125
0 0.646875 0.748046875 0.04375 0.05078125
0 0.6453125 0.4521484375 0.04375 0.052734375
0 0.4953125 0.2177734375 0.04375 0.048828125
0 0.6453125 0.5126953125 0.04375 0.048828125
0 0.64296875 0.21875 0.0421875 0.05078125
