0 0.27578125 0.3720703125 0.0390625 0.048828125
0 0.31328125 0.4365234375 0.0390625 0.048828125
0 0.23671875 0.6689453125 0.0390625 0.048828125
0 0.23828125 0.3076171875 0.0390625 0.048828125
0 0.19921875 0.6083984375 0.0390625 0.048828125
0 0.16171875 0.5458984375 0.0390625 0.048828125
0 0.12421875 0.4814453125 0.0390625 0.048828125
0 0.10078125 0.2958984375 0.0390625 0.048828125
0 0.08515625 0.4169921875 0.0390625 0.048828125
0 0.20078125 0.2431640625 0.0390625 0.048828125
0 0.29921875 0.1923828125 0.0390625 0.048828125
0 0.06171875 0.2294921875 0.0390625 0.048828125
0 0.24609375 0.2470703125 0.0390625 0.048828125
0 0.11640625 0.5419921875 0.0390625 0.048828125
0 0.28359375 0.3134765625 0.0390625 0.048828125
0 0.03828125 0.7802734375 0.0390625 0.048828125
0 0.05390625 0.2919921875 0.0390625 0.048828125
0 0.09296875 0.3564453125 0.0390625 0.048828125
0 0.19140625 0.6669921875 0.0390625 0.048828125
0 0.13203125 0.4208984375 0.0390625 0.048828125
0 0.27421875 0.7314453125 0.0390625 0.048828125
0 0.07734375 0.4775390625 0.0390625 0.048828125
0 0.16171875 0.1787109375 0.0390625 0.048828125
0 0.08359375 0.7822265625 0.0390625 0.048828125
0 0.13828125 0.7236328125 0.0390625 0.048828125
0 0.15390625 0.6044921875 0.0390625 0.048828125
0 0.28203125 0.6728515625 0.0390625 0.048828125
0 0.29140625 0.2529296875 0.0390625 0.048828125
0 0.03828125 0.4150390625 0.0390625 0.048828125
0 0.22890625 0.7294921875 0.0390625 0.048828125
0 0.04609375 0.7197265625 0.0390625 0.048828125
0 0.25390625 0.1865234375 0.0390625 0.048828125
0 0.10859375 0.2353515625 0.0390625 0.048828125
0 0.16953125 0.4853515625 0.0390625 0.048828125
0 0.06171875 0.5986328125 0.0390625 0.048828125
0 0.20703125 0.5478515625 0.0390625 0.048828125
0 0.24453125 0.6103515625 0.0390625 0.048828125
0 0.32109375 0.3759765625 0.0390625 0.048828125
0 0.18515625 0.3642578125 0.0390625 0.048828125
0 0.14609375 0.6650390625 0.0390625 0.048828125
0 0.14765625 0.2998046875 0.0390625 0.048828125
0 0.26640625 0.7900390625 0.0390625 0.048828125
0 0.10078125 0.6611328125 0.0390625 0.048828125
0 0.13828125 0.3603515625 0.0390625 0.048828125
0 0.18359375 0.7255859375 0.0390625 0.048828125
0 0.04609375 0.3525390625 0.0390625 0.048828125
0 0.30546875 0.4951171875 0.0390625 0.048828125
0 0.22109375 0.7880859375 0.0390625 0.048828125
0 0.17578125 0.7861328125 0.0390625 0.048828125
0 0.11640625 0.1728515625 0.0390625 0.048828125
0 0.32890625 0.3154296875 0.0390625 0.048828125
0 0.0671875 0.1689453125 0.040625 0.048828125
0 0.26015625 0.4912109375 0.0390625 0.048828125
0 0.20859375 0.1826171875 0.0390625 0.048828125
0 0.02109375 0.1650390625 0.0421875 0.048828125
0 0.13046875 0.7841796875 0.0390625 0.048828125
0 0.33671875 0.2568359375 0.0390625 0.048828125
0 0.22265625 0.4287109375 0.0390625 0.048828125
0 0.00625 0.6572265625 0.0125 0.044921875
0 0.17734375 0.4248046875 0.0390625 0.048828125
0 0.21484375 0.4892578125 0.0390625 0.048828125
0 0.25234375 0.5517578125 0.0390625 0.048828125
0 0.34453125 0.1962890625 0.0390625 0.048828125
0 0.05390625 0.6591796875 0.0390625 0.048828125
0 0.10859375 0.6025390625 0.0390625 0.048828125
0 0.26796875 0.4326171875 0.0390625 0.048828125
0 0.02109375 0.537109375 0.0421875 0.046875
0 0.09296875 0.7216796875 0.0390625 0.048828125
0 0.15390625 0.2392578125 0.0390625 0.048828125
0 0.06953125 0.5380859375 0.0390625 0.048828125
0 0.29765625 0.5537109375 0.0390625 0.048828125
0 0.23046875 0.3681640625 0.0390625 0.048828125
0 0.28984375 0.6142578125 0.0390625 0.048828125
0 0.19296875 0.3037109375 0.0390625 0.048828125
0 0.03046875 0.4755859375 0.0390625 0.048828125
0 0.00625 0.2900390625 0.0125 0.044921875
0 0.01328125 0.2275390625 0.0265625 0.048828125
0 0.0140625 0.595703125 0.028125 0.046875
