0 0.62734375 0.2255859375 0.0390625 0.048828125
0 0.61484375 0.6279296875 0.0390625 0.048828125
0 0.75390625 0.5302734375 0.0390625 0.048828125
0 0.65546875 0.3330078125 0.0390625 0.048828125
0 0.52578125 0.3173828125 0.0390625 0.048828125
0 0.79296875 0.5185546875 0.0390625 0.048828125
0 0.87734375 0.6650390625 0.0390625 0.048828125
0 0.85234375 0.7294921875 0.0390625 0.048828125
0 0.50390625 0.3818359375 0.0390625 0.048828125
0 0.86328125 0.6123046875 0.0390625 0.048828125
0 0.68046875 0.2666015625 0.0390625 0.048828125
0 0.76953125 0.5830078125 0.0390625 0.048828125
0 0.54921875 0.2509765625 0.0390625 0.048828125
0 0.55546875 0.4208984375 0.0390625 0.048828125
0 0.57890625 0.3564453125 0.0390625 0.048828125
0 0.73046875 0.5947265625 0.0390625 0.048828125
0 0.76328125 0.4130859375 0.0390625 0.048828125
0 0.61796875 0.3447265625 0.0390625 0.048828125
0 0.66171875 0.5009765625 0.0390625 0.048828125
0 0.68203125 0.7216796875 0.0390625 0.048828125
0 0.74921875 0.3603515625 0.0390625 0.048828125
0 0.70546875 0.6572265625 0.0390625 0.048828125
0 0.63828125 0.5654296875 0.0390625 0.048828125
0 0.64140625 0.2783203125 0.0390625 0.048828125
0 0.59140625 0.6923828125 0.0390625 0.048828125
0 0.60234375 0.2919921875 0.0390625 0.048828125
0 0.77421875 0.7509765625 0.0390625 0.048828125
0 0.79921875 0.6884765625 0.0390625 0.048828125
0 0.72421875 0.4248046875 0.0390625 0.048828125
0 0.78828125 0.3466796875 0.0390625 0.048828125
0 0.66796875 0.6689453125 0.0390625 0.048828125
0 0.89296875 0.7177734375 0.0390625 0.048828125
0 0.74453125 0.6474609375 0.0390625 0.048828125
0 0.59453125 0.4091796875 0.0390625 0.048828125
0 0.60078125 0.5771484375 0.0390625 0.048828125
0 0.64453125 0.7314453125 0.0390625 0.048828125
0 0.63203125 0.3974609375 0.0390625 0.048828125
0 0.68515625 0.4384765625 0.0390625 0.048828125
0 0.77890625 0.4658203125 0.0390625 0.048828125
0 0.62265625 0.5126953125 0.0390625 0.048828125
0 0.57109375 0.4736328125 0.0390625 0.048828125
0 0.71953125 0.2529296875 0.0390625 0.048828125
0 0.65859375 0.7841796875 0.0390625 0.048828125
0 0.69140625 0.6064453125 0.0390625 0.048828125
0 0.71484375 0.5419921875 0.0390625 0.048828125
0 0.83828125 0.6767578125 0.0390625 0.048828125
0 0.66484375 0.2119140625 0.0390625 0.048828125
0 0.54140625 0.3701171875 0.0390625 0.048828125
0 0.73359375 0.3056640625 0.0390625 0.048828125
0 0.73984375 0.4775390625 0.0390625 0.048828125
0 0.84765625 0.5595703125 0.0390625 0.048828125
0 0.81796875 0.4541015625 0.0390625 0.048828125
0 0.58515625 0.5263671875 0.0390625 0.048828125
0 0.82265625 0.6240234375 0.0390625 0.048828125
0 0.72109375 0.7099609375 0.0390625 0.048828125
0 0.69453125 0.3193359375 0.0390625 0.048828125
0 0.70546875 0.2001953125 0.0390625 0.048828125
0 0.65234375 0.6181640625 0.0390625 0.048828125
0 0.71015625 0.3720703125 0.0390625 0.048828125
0 0.48828125 0.3291015625 0.0390625 0.048828125
0 0.83359375 0.5068359375 0.0390625 0.048828125
0 0.60859375 0.4619140625 0.0390625 0.048828125
0 0.64609375 0.4501953125 0.0390625 0.048828125
0 0.53359375 0.4853515625 0.0390625 0.048828125
0 0.54765625 0.5361328125 0.0390625 0.048828125
0 0.51796875 0.4345703125 0.0390625 0.048828125
0 0.75859375 0.2392578125 0.0390625 0.048828125
0 0.56171875 0.5888671875 0.0390625 0.048828125
0 0.69765625 0.7724609375 0.0390625 0.048828125
0 0.56484375 0.3037109375 0.0390625 0.048828125
0 0.51171875 0.2646484375 0.0390625 0.048828125
0 0.74453125 0.1865234375 0.0390625 0.048828125
0 0.67578125 0.5537109375 0.0390625 0.048828125
0 0.70078125 0.4892578125 0.0390625 0.048828125
0 0.81328125 0.7392578125 0.0390625 0.048828125
0 0.75859375 0.6982421875 0.0390625 0.048828125
0 0.57734375 0.6396484375 0.0390625 0.048828125
0 0.77421875 0.2939453125 0.0390625 0.048828125
0 0.80859375 0.5712890625 0.0390625 0.048828125
0 0.60703125 0.7431640625 0.0390625 0.048828125
0 0.78359375 0.6357421875 0.0390625 0.048828125
0 0.58828125 0.2392578125 0.0390625 0.048828125
0 0.67109375 0.3837890625 0.0390625 0.048828125
0 0.80390625 0.3994140625 0.0390625 0.048828125
0 0.73515625 0.7626953125 0.0390625 0.048828125
0 0.47421875 0.2763671875 0.0390625 0.048828125
0 0.63046875 0.6806640625 0.0390625 0.048828125
0 0.62109375 0.7939453125 0.0390625 0.048828125
