0 0.259375 0.73046875 0.053125 0.0546875
0 0.22265625 0.4560546875 0.0546875 0.056640625
0 0.33984375 0.2939453125 0.0546875 0.056640625
0 0.45390625 0.3330078125 0.0546875 0.056640625
0 0.3921875 0.7080078125 0.053125 0.056640625
0 0.571875 0.173828125 0.053125 0.0546875
0 0.375 0.572265625 0.053125 0.0546875
0 0.6859375 0.2099609375 0.05625 0.056640625
0 0.4890625 0.6083984375 0.053125 0.056640625
0 0.1421875 0.6962890625 0.053125 0.056640625
0 0.321875 0.1552734375 0.053125 0.056640625
0 0.35625 0.4326171875 0.053125 0.056640625
0 0.125 0.5595703125 0.053125 0.056640625
0 0.6046875 0.4482421875 0.053125 0.056640625
0 0.528125 0.4873046875 0.053125 0.056640625
0 0.2015625 0.5185546875 0.053125 0.056640625
0 0.259375 0.5341796875 0.053125 0.056640625
0 0.5890625 0.3095703125 0.05625 0.056640625
0 0.609375 0.2509765625 0.05625 0.056640625
0 0.43515625 0.3955078125 0.0546875 0.056640625
0 0.4953125 0.2158203125 0.053125 0.056640625
0 0.37734375 0.3740234375 0.0546875 0.056640625
0 0.22421875 0.2587890625 0.0546875 0.056640625
0 0.4 0.1142578125 0.053125 0.056640625
0 0.4125 0.6494140625 0.053125 0.056640625
0 0.5078125 0.7412109375 0.053125 0.056640625
0 0.303125 0.2177734375 0.053125 0.056640625
0 0.2625 0.3388671875 0.05625 0.056640625
0 0.64609375 0.3310546875 0.0546875 0.056640625
0 0.284375 0.076171875 0.053125 0.0546875
0 0.4921875 0.4130859375 0.05625 0.056640625
0 0.6296875 0.1923828125 0.053125 0.056640625
0 0.5265625 0.6845703125 0.053125 0.056640625
0 0.16328125 0.4384765625 0.0546875 0.056640625
0 0.14296875 0.4970703125 0.0546875 0.056640625
0 0.4328125 0.5908203125 0.053125 0.056640625
0 0.3984375 0.3154296875 0.053125 0.056640625
0 0.3421875 0.0947265625 0.053125 0.056640625
0 0.37109375 0.7685546875 0.0546875 0.056640625
0 0.44765625 0.7265625 0.0546875 0.0546875
0 0.55078125 0.2333984375 0.0546875 0.056640625
0 0.33828125 0.4951171875 0.0546875 0.056640625
0 0.1828125 0.5751953125 0.053125 0.056640625
0 0.509375 0.5498046875 0.053125 0.056640625
0 0.2421875 0.3955078125 0.05625 0.056640625
0 0.084375 0.6767578125 0.053125 0.056640625
0 0.2390625 0.5947265625 0.053125 0.056640625
0 0.47421875 0.2744140625 0.0546875 0.056640625
0 0.5484375 0.4306640625 0.053125 0.056640625
0 0.29765625 0.6142578125 0.0546875 0.056640625
0 0.515625 0.1533203125 0.053125 0.056640625
0 0.20390625 0.3173828125 0.0546875 0.056640625
0 0.3796875 0.173828125 0.053125 0.0546875
0 0.4140625 0.4521484375 0.053125 0.056640625
0 0.46796875 0.6669921875 0.0546875 0.056640625
0 0.56953125 0.3720703125 0.0546875 0.056640625
0 0.47265625 0.4716796875 0.0546875 0.056640625
0 0.28046875 0.2763671875 0.0546875 0.056640625
0 0.31953125 0.3564453125 0.0546875 0.056640625
0 0.41875 0.2529296875 0.053125 0.056640625
0 0.45703125 0.1357421875 0.0546875 0.056640625
0 0.30078125 0.4150390625 0.0546875 0.056640625
0 0.3546875 0.6318359375 0.053125 0.056640625
0 0.53046875 0.2919921875 0.0546875 0.056640625
0 0.1828125 0.376953125 0.053125 0.0546875
0 0.4375 0.1943359375 0.053125 0.056640625
0 0.3171875 0.5517578125 0.053125 0.056640625
0 0.27734375 0.6728515625 0.0546875 0.056640625
0 0.565625 0.5673828125 0.053125 0.056640625
0 0.4515625 0.5302734375 0.053125 0.056640625
0 0.20078125 0.7138671875 0.0546875 0.056640625
0 0.1046875 0.6181640625 0.053125 0.056640625
0 0.315625 0.7490234375 0.053125 0.056640625
0 0.2640625 0.1376953125 0.053125 0.056640625
0 0.2203125 0.6552734375 0.053125 0.056640625
0 0.1625 0.6357421875 0.053125 0.056640625
0 0.28046875 0.474609375 0.0546875 0.0546875
0 0.3359375 0.6904296875 0.053125 0.056640625
0 0.3953125 0.5107421875 0.05625 0.056640625
0 0.359375 0.2353515625 0.05625 0.056640625
0 0.2453125 0.1962890625 0.053125 0.056640625
0 0.5859375 0.5087890625 0.053125 0.056640625
0 0.5125 0.3505859375 0.05625 0.056640625
0 0.4296875 0.7861328125 0.05625 0.056640625
0 0.66640625 0.271484375 0.0546875 0.0546875
0 0.625 0.3896484375 0.053125 0.056640625
0 0.54453125 0.6259765625 0.0546875 0.056640625
0 0.48671875 0.8037109375 0.0546875 0.056640625
