0 0.58984375 0.609375 0.0421875 0.046875
0 0.6203125 0.51171875 0.04375 0.05078125
0 0.4171875 0.65234375 0.04375 0.05078125
0 0.45 0.552734375 0.04375 0.046875
0 0.55625 0.708984375 0.04375 0.046875
0 0.509375 0.69140625 0.04375 0.046875
0 0.484375 0.455078125 0.040625 0.046875
0 0.40078125 0.703125 0.0421875 0.046875
0 0.496875 0.572265625 0.04375 0.046875
0 0.77734375 0.3515625 0.0421875 0.046875
0 0.653125 0.4111328125 0.04375 0.048828125
0 0.7453125 0.4482421875 0.04375 0.048828125
0 0.40703125 0.3681640625 0.0421875 0.048828125
0 0.4234375 0.3203125 0.04375 0.046875
0 0.7453125 0.28515625 0.04375 0.046875
0 0.5296875 0.306640625 0.04375 0.046875
0 0.515625 0.357421875 0.04375 0.046875
0 0.73125 0.5 0.04375 0.046875
0 0.49921875 0.40625 0.0421875 0.046875
0 0.3578125 0.515625 0.04375 0.046875
0 0.34140625 0.564453125 0.0421875 0.046875
0 0.653125 0.24609375 0.04375 0.046875
0 0.43359375 0.6015625 0.0421875 0.046875
0 0.37421875 0.46484375 0.0421875 0.046875
0 0.684375 0.314453125 0.04375 0.046875
0 0.79296875 0.302734375 0.0421875 0.046875
0 0.4046875 0.5341796875 0.04375 0.048828125
0 0.5296875 0.47265625 0.04375 0.046875
0 0.5625 0.208984375 0.04375 0.046875
0 0.39140625 0.416015625 0.0421875 0.046875
0 0.64921875 0.748046875 0.0421875 0.046875
0 0.46328125 0.671875 0.0421875 0.046875
0 0.6015625 0.728515625 0.04375 0.046875
0 0.5015625 0.240234375 0.04375 0.046875
0 0.7140625 0.546875 0.040625 0.046875
0 0.56171875 0.375 0.0421875 0.05078125
0 0.45390625 0.220703125 0.0421875 0.046875
0 0.6078125 0.39453125 0.04375 0.046875
0 0.54765625 0.2578125 0.0421875 0.046875
0 0.4375 0.435546875 0.04375 0.046875
0 0.6390625 0.294921875 0.04375 0.046875
0 0.4375 0.26953125 0.04375 0.046875
0 0.46640625 0.505859375 0.0421875 0.046875
0 0.325 0.61328125 0.04375 0.046875
0 0.68203125 0.6484375 0.0421875 0.046875
0 0.46875 0.33984375 0.04375 0.046875
0 0.3078125 0.6640625 0.04375 0.046875
0 0.5421875 0.591796875 0.04375 0.046875
0 0.63125 0.796875 0.040625 0.046875
0 0.3703125 0.634765625 0.04375 0.046875
0 0.57734375 0.4921875 0.0421875 0.046875
0 0.6359375 0.62890625 0.040625 0.046875
0 0.515625 0.19140625 0.04375 0.046875
0 0.61875 0.677734375 0.04375 0.046875
0 0.69609375 0.59765625 0.0421875 0.046875
0 0.7 0.265625 0.04375 0.046875
0 0.7625 0.3984375 0.04375 0.046875
0 0.58515625 0.77734375 0.0421875 0.046875
0 0.59140625 0.27734375 0.0421875 0.046875
0 0.6234375 0.34375 0.040625 0.046875
0 0.6078125 0.228515625 0.04375 0.046875
0 0.65234375 0.580078125 0.0421875 0.046875
0 0.665625 0.6953125 0.04375 0.046875
0 0.4859375 0.2890625 0.040625 0.046875
0 0.6375 0.4609375 0.040625 0.046875
0 0.353125 0.68359375 0.04375 0.046875
0 0.5734375 0.658203125 0.04375 0.046875
0 0.60625 0.560546875 0.04375 0.046875
0 0.53828125 0.759765625 0.0421875 0.046875
0 0.59140625 0.443359375 0.0421875 0.046875
0 0.684375 0.48046875 0.04375 0.046875
0 0.52578125 0.640625 0.0421875 0.046875
0 0.6671875 0.529296875 0.04375 0.046875
0 0.715625 0.380859375 0.040625 0.046875
0 0.51328125 0.5234375 0.0421875 0.046875
0 0.73125 0.333984375 0.04375 0.046875
0 0.6984375 0.431640625 0.04375 0.046875
0 0.66953125 0.3623046875 0.0421875 0.048828125
0 0.559375 0.541015625 0.040625 0.05078125
0 0.49296875 0.740234375 0.0421875 0.046875
0 0.4515625 0.38671875 0.04375 0.046875
0 0.4703125 0.1728515625 0.04375 0.048828125
0 0.3875 0.583984375 0.040625 0.046875
0 0.57734375 0.326171875 0.0421875 0.046875
0 0.48046875 0.62109375 0.0421875 0.046875
0 0.54453125 0.423828125 0.0421875 0.046875
0 0.42109375 0.4853515625 0.0421875 0.048828125
0 0.44609375 0.72265625 0.0421875 0.046875
