0 0.41015625 0.4892578125 0.0390625 0.048828125
0 0.40390625 0.3759765625 0.0390625 0.048828125
0 0.23359375 0.6728515625 0.0390625 0.048828125
0 0.44609375 0.4892578125 0.0390625 0.048828125
0 0.48515625 0.5439453125 0.0390625 0.048828125
0 0.41953125 0.6611328125 0.0390625 0.048828125
0 0.30546875 0.6103515625 0.0390625 0.048828125
0 0.22265625 0.4384765625 0.0390625 0.048828125
0 0.34921875 0.7236328125 0.0390625 0.048828125
0 0.30859375 0.6669921875 0.0390625 0.048828125
0 0.26640625 0.6123046875 0.0390625 0.048828125
0 0.33984375 0.5498046875 0.0390625 0.048828125
0 0.42109375 0.7177734375 0.0390625 0.048828125
0 0.49140625 0.6572265625 0.0390625 0.048828125
0 0.36796875 0.3759765625 0.0390625 0.048828125
0 0.34296875 0.6064453125 0.0390625 0.048828125
0 0.33359375 0.4365234375 0.0390625 0.048828125
0 0.23046875 0.6142578125 0.0390625 0.048828125
0 0.45390625 0.6591796875 0.0390625 0.048828125
0 0.37578125 0.5478515625 0.0390625 0.048828125
0 0.48046875 0.4873046875 0.0390625 0.048828125
0 0.41328125 0.5458984375 0.0390625 0.048828125
0 0.33671875 0.4912109375 0.0390625 0.048828125
0 0.43984375 0.3740234375 0.0390625 0.048828125
0 0.16015625 0.7373046875 0.0390625 0.048828125
0 0.29453125 0.3779296875 0.0390625 0.048828125
0 0.21953125 0.3798828125 0.0390625 0.048828125
0 0.32890625 0.3779296875 0.0390625 0.048828125
0 0.52265625 0.5986328125 0.0390625 0.048828125
0 0.48671875 0.6005859375 0.0390625 0.048828125
0 0.38515625 0.7216796875 0.0390625 0.048828125
0 0.37265625 0.4912109375 0.0390625 0.048828125
0 0.25859375 0.4365234375 0.0390625 0.048828125
0 0.37109375 0.4326171875 0.0390625 0.048828125
0 0.19609375 0.6748046875 0.0390625 0.048828125
0 0.14765625 0.5009765625 0.0390625 0.048828125
0 0.43671875 0.3173828125 0.0390625 0.048828125
0 0.27109375 0.6689453125 0.0390625 0.048828125
0 0.23671875 0.7314453125 0.0390625 0.048828125
0 0.21640625 0.3232421875 0.0390625 0.048828125
0 0.31171875 0.7255859375 0.0390625 0.048828125
0 0.51640625 0.4853515625 0.0390625 0.048828125
0 0.29765625 0.4365234375 0.0390625 0.048828125
0 0.38203125 0.6630859375 0.0390625 0.048828125
0 0.27421875 0.7294921875 0.0390625 0.048828125
0 0.44765625 0.5458984375 0.0390625 0.048828125
0 0.51171875 0.3740234375 0.0390625 0.048828125
0 0.50859375 0.3173828125 0.0390625 0.048828125
0 0.47265625 0.3173828125 0.0390625 0.048828125
0 0.38046875 0.6064453125 0.0390625 0.048828125
0 0.30234375 0.5517578125 0.0390625 0.048828125
0 0.22578125 0.4970703125 0.0390625 0.048828125
0 0.14140625 0.3818359375 0.0390625 0.048828125
0 0.41640625 0.6044921875 0.0390625 0.048828125
0 0.36484375 0.3193359375 0.0390625 0.048828125
0 0.51953125 0.5419921875 0.0390625 0.048828125
0 0.25390625 0.3212890625 0.0390625 0.048828125
0 0.18359375 0.4404296875 0.0390625 0.048828125
0 0.18984375 0.5576171875 0.0390625 0.048828125
0 0.26640625 0.5537109375 0.0390625 0.048828125
0 0.19765625 0.7333984375 0.0390625 0.048828125
0 0.47578125 0.3740234375 0.0390625 0.048828125
0 0.32890625 0.3212890625 0.0390625 0.048828125
0 0.52578125 0.6552734375 0.0390625 0.048828125
0 0.49296875 0.7138671875 0.0390625 0.048828125
0 0.15078125 0.5595703125 0.0390625 0.048828125
0 0.25703125 0.3798828125 0.0390625 0.048828125
0 0.22734375 0.5556640625 0.0390625 0.048828125
0 0.17578125 0.3232421875 0.0390625 0.048828125
0 0.19296875 0.6162109375 0.0390625 0.048828125
0 0.44296875 0.4326171875 0.0390625 0.048828125
0 0.34453125 0.6650390625 0.0390625 0.048828125
0 0.45703125 0.7158203125 0.0390625 0.048828125
0 0.26328125 0.4951171875 0.0390625 0.048828125
0 0.18671875 0.4990234375 0.0390625 0.048828125
0 0.47890625 0.4306640625 0.0390625 0.048828125
0 0.40078125 0.3173828125 0.0390625 0.048828125
0 0.28984375 0.3212890625 0.0390625 0.048828125
0 0.45234375 0.6025390625 0.0390625 0.048828125
0 0.15703125 0.6767578125 0.0390625 0.048828125
0 0.15390625 0.6181640625 0.0390625 0.048828125
0 0.40703125 0.4326171875 0.0390625 0.048828125
0 0.52890625 0.7119140625 0.0390625 0.048828125
0 0.29765625 0.4931640625 0.0390625 0.048828125
0 0.18046875 0.3818359375 0.0390625 0.048828125
0 0.14453125 0.4423828125 0.0390625 0.048828125
0 0.51484375 0.4287109375 0.0390625 0.048828125
0 0.13828125 0.3232421875 0.0390625 0.048828125
