0 0.23828125 0.4501953125 0.0390625 0.048828125
0 0.32421875 0.7333984375 0.0390625 0.048828125
0 0.43671875 0.5302734375 0.0390625 0.048828125
0 0.43984375 0.2314453125 0.0390625 0.048828125
0 0.40078125 0.5966796875 0.0390625 0.048828125
0 0.26171875 0.6259765625 0.0390625 0.048828125
0 0.46640625 0.4052734375 0.0390625 0.048828125
0 0.31171875 0.3154296875 0.0390625 0.048828125
0 0.36328125 0.6650390625 0.0390625 0.048828125
0 0.47421875 0.4638671875 0.0390625 0.048828125
0 0.28359375 0.4404296875 0.0390625 0.048828125
0 0.17421875 0.3427734375 0.0390625 0.048828125
0 0.22890625 0.3916015625 0.0390625 0.048828125
0 0.37578125 0.4228515625 0.0390625 0.048828125
0 0.27578125 0.3837890625 0.0390625 0.048828125
0 0.46328125 0.7060546875 0.0390625 0.048828125
0 0.19921875 0.5166015625 0.0390625 0.048828125
0 0.54453125 0.6279296875 0.0390625 0.048828125
0 0.55390625 0.6865234375 0.0390625 0.048828125
0 0.34921875 0.2490234375 0.0390625 0.048828125
0 0.31640625 0.6748046875 0.0390625 0.048828125
0 0.49140625 0.5791015625 0.0390625 0.048828125
0 0.33828125 0.4892578125 0.0390625 0.048828125
0 0.49921875 0.6376953125 0.0390625 0.048828125
0 0.38515625 0.1826171875 0.0390625 0.048828125
0 0.41171875 0.3564453125 0.0390625 0.048828125
0 0.29140625 0.4990234375 0.0390625 0.048828125
0 0.20234375 0.2177734375 0.0390625 0.048828125
0 0.42890625 0.4716796875 0.0390625 0.048828125
0 0.56171875 0.7451171875 0.0390625 0.048828125
0 0.32109375 0.3740234375 0.0390625 0.048828125
0 0.25390625 0.5673828125 0.0390625 0.048828125
0 0.22421875 0.6943359375 0.0390625 0.048828125
0 0.40390625 0.2978515625 0.0390625 0.048828125
0 0.37890625 0.7822265625 0.0390625 0.048828125
0 0.40859375 0.6552734375 0.0390625 0.048828125
0 0.34609375 0.5478515625 0.0390625 0.048828125
0 0.25859375 0.2666015625 0.0390625 0.048828125
0 0.28671875 0.8017578125 0.0390625 0.048828125
0 0.45703125 0.3486328125 0.0390625 0.048828125
0 0.42578125 0.7724609375 0.0390625 0.048828125
0 0.20859375 0.5771484375 0.0390625 0.048828125
0 0.16640625 0.2841796875 0.0390625 0.048828125
0 0.47578125 0.1650390625 0.0390625 0.048828125
0 0.44921875 0.2900390625 0.0390625 0.048828125
0 0.51171875 0.3974609375 0.0390625 0.048828125
0 0.49453125 0.2802734375 0.0390625 0.048828125
0 0.45390625 0.6474609375 0.0390625 0.048828125
0 0.43046875 0.1748046875 0.0390625 0.048828125
0 0.37109375 0.7236328125 0.0390625 0.048828125
0 0.21171875 0.2744140625 0.0390625 0.048828125
0 0.38359375 0.4814453125 0.0390625 0.048828125
0 0.23203125 0.7529296875 0.0390625 0.048828125
0 0.24921875 0.2080078125 0.0390625 0.048828125
0 0.48359375 0.5205078125 0.0390625 0.048828125
0 0.35390625 0.6064453125 0.0390625 0.048828125
0 0.44609375 0.5888671875 0.0390625 0.048828125
0 0.21640625 0.6357421875 0.0390625 0.048828125
0 0.36640625 0.3662109375 0.0390625 0.048828125
0 0.51640625 0.7548828125 0.0390625 0.048828125
0 0.23984375 0.8115234375 0.0390625 0.048828125
0 0.33984375 0.1904296875 0.0390625 0.048828125
0 0.29453125 0.2001953125 0.0390625 0.048828125
0 0.22109375 0.3330078125 0.0390625 0.048828125
0 0.48515625 0.2236328125 0.0390625 0.048828125
0 0.27109375 0.6845703125 0.0390625 0.048828125
0 0.52890625 0.5126953125 0.0390625 0.048828125
0 0.30078125 0.5576171875 0.0390625 0.048828125
0 0.47109375 0.7646484375 0.0390625 0.048828125
0 0.51953125 0.4541015625 0.0390625 0.048828125
0 0.41640625 0.7138671875 0.0390625 0.048828125
0 0.26640625 0.3251953125 0.0390625 0.048828125
0 0.24609375 0.5087890625 0.0390625 0.048828125
0 0.30859375 0.6162109375 0.0390625 0.048828125
0 0.33203125 0.7919921875 0.0390625 0.048828125
0 0.35859375 0.3076171875 0.0390625 0.048828125
0 0.42109375 0.4150390625 0.0390625 0.048828125
0 0.27890625 0.7431640625 0.0390625 0.048828125
0 0.33046875 0.4326171875 0.0390625 0.048828125
0 0.53671875 0.5693359375 0.0390625 0.048828125
0 0.39453125 0.2412109375 0.0390625 0.048828125
0 0.19140625 0.4599609375 0.0390625 0.048828125
0 0.18359375 0.4013671875 0.0390625 0.048828125
0 0.39140625 0.5400390625 0.0390625 0.048828125
0 0.50859375 0.6962890625 0.0390625 0.048828125
0 0.30390625 0.2587890625 0.0390625 0.048828125
0 0.50234375 0.3388671875 0.0390625 0.048828125
0 0.15703125 0.2255859375 0.0390625 0.048828125
