0 0.68046875 0.6875 0.0671875 0.0859375
0 0.2140625 0.767578125 0.06875 0.0859375
0 0.63046875 0.390625 0.0671875 0.0859375
0 0.55 0.6796875 0.065625 0.0859375
0 0.57265625 0.28515625 0.0671875 0.0859375
0 0.359375 0.572265625 0.065625 0.0859375
0 0.15234375 0.6650390625 0.0671875 0.083984375
0 0.421875 0.6767578125 0.065625 0.087890625
0 0.74453125 0.6875 0.0671875 0.0859375
0 0.30546875 0.267578125 0.0671875 0.0859375
0 0.296875 0.46875 0.06875 0.0859375
0 0.5015625 0.3798828125 0.06875 0.087890625
0 0.3484375 0.7734375 0.06875 0.0859375
0 0.14609375 0.765625 0.0671875 0.0859375
0 0.30234375 0.369140625 0.0671875 0.0859375
0 0.70078125 0.29296875 0.0671875 0.0859375
0 0.3546875 0.671875 0.06875 0.0859375
0 0.54765625 0.7802734375 0.0671875 0.083984375
0 0.56640625 0.3857421875 0.0671875 0.083984375
0 0.6953125 0.392578125 0.065625 0.0859375
0 0.4859375 0.6767578125 0.065625 0.087890625
0 0.415625 0.775390625 0.065625 0.0859375
0 0.13984375 0.869140625 0.0671875 0.0859375
0 0.21953125 0.6689453125 0.0671875 0.087890625
0 0.434375 0.3759765625 0.065625 0.083984375
0 0.23515625 0.365234375 0.0671875 0.0859375
0 0.6921875 0.48828125 0.06875 0.0859375
0 0.64296875 0.19140625 0.0671875 0.0859375
0 0.4796875 0.775390625 0.065625 0.0859375
0 0.36953125 0.3720703125 0.0671875 0.087890625
0 0.6125 0.7802734375 0.065625 0.083984375
0 0.28125 0.7734375 0.065625 0.0859375
0 0.5625 0.484375 0.065625 0.0859375
0 0.17109375 0.263671875 0.0671875 0.0859375
0 0.1015625 0.2578125 0.06875 0.0859375
0 0.49609375 0.478515625 0.0671875 0.0859375
0 0.63671875 0.2890625 0.0671875 0.0859375
0 0.60625 0.8798828125 0.065625 0.087890625
0 0.75078125 0.58984375 0.0671875 0.0859375
0 0.20859375 0.869140625 0.0671875 0.0859375
0 0.28671875 0.6689453125 0.0671875 0.087890625
0 0.2765625 0.8720703125 0.065625 0.087890625
0 0.759375 0.39453125 0.065625 0.0859375
0 0.6265625 0.486328125 0.065625 0.0859375
0 0.0984375 0.359375 0.065625 0.0859375
0 0.16484375 0.361328125 0.0671875 0.0859375
0 0.615625 0.681640625 0.06875 0.0859375
0 0.22890625 0.466796875 0.0671875 0.0859375
0 0.409375 0.8720703125 0.065625 0.087890625
0 0.1625 0.466796875 0.065625 0.0859375
0 0.3453125 0.8720703125 0.065625 0.087890625
0 0.55625 0.58203125 0.065625 0.0859375
0 0.6203125 0.5859375 0.065625 0.0859375
0 0.75390625 0.4931640625 0.0671875 0.083984375
0 0.76953125 0.19921875 0.0671875 0.0859375
0 0.0859375 0.5625 0.065625 0.0859375
0 0.446875 0.1796875 0.065625 0.0859375
0 0.15625 0.564453125 0.065625 0.0859375
0 0.68671875 0.5859375 0.0671875 0.0859375
0 0.31171875 0.1689453125 0.0671875 0.087890625
0 0.43125 0.4765625 0.06875 0.0859375
0 0.440625 0.2783203125 0.065625 0.087890625
0 0.175 0.162109375 0.065625 0.0859375
0 0.0703125 0.865234375 0.06875 0.0859375
0 0.765625 0.2958984375 0.065625 0.087890625
0 0.575 0.1875 0.065625 0.0859375
0 0.29296875 0.5703125 0.0671875 0.0859375
0 0.425 0.5751953125 0.06875 0.087890625
0 0.4765625 0.8759765625 0.06875 0.083984375
0 0.740625 0.78515625 0.065625 0.0859375
0 0.2453125 0.166015625 0.065625 0.0859375
0 0.70703125 0.197265625 0.0671875 0.0859375
0 0.3640625 0.4716796875 0.065625 0.083984375
0 0.1078125 0.1552734375 0.06875 0.083984375
0 0.3796875 0.1767578125 0.06875 0.087890625
0 0.0921875 0.4609375 0.065625 0.0859375
0 0.3734375 0.275390625 0.06875 0.0859375
0 0.07578125 0.765625 0.0671875 0.0859375
0 0.6765625 0.783203125 0.065625 0.0859375
0 0.54140625 0.8759765625 0.0671875 0.083984375
0 0.2390625 0.265625 0.065625 0.0859375
0 0.5078125 0.283203125 0.06875 0.0859375
0 0.4921875 0.580078125 0.065625 0.0859375
0 0.08203125 0.662109375 0.0671875 0.0859375
0 0.5109375 0.181640625 0.065625 0.0859375
0 0.22265625 0.5693359375 0.0671875 0.083984375
0 0.6703125 0.8798828125 0.065625 0.087890625
0 0.73515625 0.8828125 0.0671875 0.0859375
