0 0.24453125 0.7333984375 0.0390625 0.048828125
0 0.19296875 0.2001953125 0.0390625 0.048828125
0 0.39296875 0.7490234375 0.0390625 0.048828125
0 0.17890625 0.3876953125 0.0390625 0.048828125
0 0.30703125 0.2919921875 0.0390625 0.048828125
0 0.51953125 0.6533203125 0.0390625 0.048828125
0 0.14609375 0.2138671875 0.0390625 0.048828125
0 0.25859375 0.5458984375 0.0390625 0.048828125
0 0.25078125 0.2470703125 0.0390625 0.048828125
0 0.44140625 0.4951171875 0.0390625 0.048828125
0 0.31484375 0.5908203125 0.0390625 0.048828125
0 0.29296875 0.4775390625 0.0390625 0.048828125
0 0.40546875 0.5654296875 0.0390625 0.048828125
0 0.40859375 0.3232421875 0.0390625 0.048828125
0 0.28203125 0.4189453125 0.0390625 0.048828125
0 0.39609375 0.5087890625 0.0390625 0.048828125
0 0.34140625 0.2216796875 0.0390625 0.048828125
0 0.37109375 0.6357421875 0.0390625 0.048828125
0 0.30234375 0.7763671875 0.0390625 0.048828125
0 0.23671875 0.4326171875 0.0390625 0.048828125
0 0.32890625 0.4072265625 0.0390625 0.048828125
0 0.14453125 0.4580078125 0.0390625 0.048828125
0 0.37734375 0.1513671875 0.0390625 0.048828125
0 0.45390625 0.3115234375 0.0390625 0.048828125
0 0.27890625 0.6611328125 0.0390625 0.048828125
0 0.20390625 0.2587890625 0.0390625 0.048828125
0 0.26953125 0.6044921875 0.0390625 0.048828125
0 0.36328125 0.3369140625 0.0390625 0.048828125
0 0.25546875 0.7900390625 0.0390625 0.048828125
0 0.47421875 0.6650390625 0.0390625 0.048828125
0 0.26015625 0.3037109375 0.0390625 0.048828125
0 0.41953125 0.3818359375 0.0390625 0.048828125
0 0.38515625 0.4501953125 0.0390625 0.048828125
0 0.43359375 0.1962890625 0.0390625 0.048828125
0 0.33203125 0.1630859375 0.0390625 0.048828125
0 0.34765625 0.7626953125 0.0390625 0.048828125
0 0.33828125 0.4638671875 0.0390625 0.048828125
0 0.29609375 0.2333984375 0.0390625 0.048828125
0 0.13203125 0.3994140625 0.0390625 0.048828125
0 0.24765625 0.4892578125 0.0390625 0.048828125
0 0.42734375 0.6787109375 0.0390625 0.048828125
0 0.21484375 0.3173828125 0.0390625 0.048828125
0 0.49765625 0.5400390625 0.0390625 0.048828125
0 0.12109375 0.3427734375 0.0390625 0.048828125
0 0.46171875 0.6083984375 0.0390625 0.048828125
0 0.38203125 0.6923828125 0.0390625 0.048828125
0 0.16640625 0.5732421875 0.0390625 0.048828125
0 0.31796875 0.3486328125 0.0390625 0.048828125
0 0.18984375 0.4443359375 0.0390625 0.048828125
0 0.41640625 0.6220703125 0.0390625 0.048828125
0 0.35234375 0.2783203125 0.0390625 0.048828125
0 0.48359375 0.7236328125 0.0390625 0.048828125
0 0.46484375 0.3681640625 0.0390625 0.048828125
0 0.20078125 0.5029296875 0.0390625 0.048828125
0 0.32578125 0.6474609375 0.0390625 0.048828125
0 0.18828125 0.6884765625 0.0390625 0.048828125
0 0.52890625 0.7099609375 0.0390625 0.048828125
0 0.50859375 0.5966796875 0.0390625 0.048828125
0 0.21171875 0.5595703125 0.0390625 0.048828125
0 0.36015625 0.5791015625 0.0390625 0.048828125
0 0.22265625 0.6181640625 0.0390625 0.048828125
0 0.27109375 0.3623046875 0.0390625 0.048828125
0 0.23359375 0.6748046875 0.0390625 0.048828125
0 0.15703125 0.2705078125 0.0390625 0.048828125
0 0.44453125 0.2529296875 0.0390625 0.048828125
0 0.42265625 0.1376953125 0.0390625 0.048828125
0 0.19765625 0.7451171875 0.0390625 0.048828125
0 0.22578125 0.3740234375 0.0390625 0.048828125
0 0.48671875 0.4814453125 0.0390625 0.048828125
0 0.34921875 0.5205078125 0.0390625 0.048828125
0 0.16796875 0.3291015625 0.0390625 0.048828125
0 0.43046875 0.4384765625 0.0390625 0.048828125
0 0.47578125 0.4248046875 0.0390625 0.048828125
0 0.39921875 0.2666015625 0.0390625 0.048828125
0 0.28984375 0.7197265625 0.0390625 0.048828125
0 0.09921875 0.2255859375 0.0390625 0.048828125
0 0.45234375 0.5517578125 0.0390625 0.048828125
0 0.37421875 0.3935546875 0.0390625 0.048828125
0 0.38828125 0.2080078125 0.0390625 0.048828125
0 0.15390625 0.5146484375 0.0390625 0.048828125
0 0.17578125 0.6298828125 0.0390625 0.048828125
0 0.33671875 0.7060546875 0.0390625 0.048828125
0 0.21015625 0.8037109375 0.0390625 0.048828125
0 0.28515625 0.1767578125 0.0390625 0.048828125
0 0.30390625 0.5341796875 0.0390625 0.048828125
0 0.43828125 0.7373046875 0.0390625 0.048828125
0 0.11015625 0.2841796875 0.0390625 0.048828125
0 0.23984375 0.1884765625 0.0390625 0.048828125
