0 0.6140625 0.365234375 0.059375 0.05859375
0 0.5390625 0.4208984375 0.059375 0.060546875
0 0.36796875 0.662109375 0.0578125 0.05859375
0 0.4953125 0.740234375 0.059375 0.05859375
0 0.4015625 0.40625 0.059375 0.05859375
0 0.15703125 0.70703125 0.0578125 0.05859375
0 0.309375 0.5908203125 0.059375 0.060546875
0 0.4609375 0.4775390625 0.059375 0.060546875
0 0.2046875 0.3203125 0.059375 0.05859375
0 0.521875 0.548828125 0.059375 0.05859375
0 0.2328125 0.6474609375 0.059375 0.060546875
0 0.384375 0.5341796875 0.059375 0.060546875
0 0.2921875 0.71875 0.059375 0.05859375
0 0.6734375 0.435546875 0.059375 0.05859375
0 0.7 0.7607421875 0.059375 0.060546875
0 0.7421875 0.4423828125 0.059375 0.060546875
0 0.8984375 0.326171875 0.059375 0.05859375
0 0.44375 0.60546875 0.059375 0.05859375
0 0.81875 0.3857421875 0.059375 0.060546875
0 0.8796875 0.45703125 0.059375 0.05859375
0 0.571875 0.68359375 0.059375 0.05859375
0 0.4765625 0.349609375 0.059375 0.05859375
0 0.3609375 0.724609375 0.059375 0.05859375
0 0.25 0.5224609375 0.059375 0.060546875
0 0.58828125 0.5556640625 0.0578125 0.060546875
0 0.6921875 0.3056640625 0.059375 0.060546875
0 0.7609375 0.3125 0.059375 0.05859375
0 0.2109375 0.255859375 0.059375 0.05859375
0 0.8015625 0.513671875 0.059375 0.05859375
0 0.325 0.462890625 0.059375 0.05859375
0 0.621875 0.298828125 0.059375 0.05859375
0 0.5125 0.611328125 0.059375 0.05859375
0 0.2734375 0.3291015625 0.059375 0.060546875
0 0.646875 0.626953125 0.059375 0.05859375
0 0.72578125 0.5703125 0.0578125 0.05859375
0 0.775 0.7041015625 0.059375 0.060546875
0 0.1953125 0.3857421875 0.059375 0.060546875
0 0.8296875 0.3203125 0.059375 0.05859375
0 0.171875 0.5791015625 0.059375 0.060546875
0 0.5984375 0.4921875 0.059375 0.05859375
0 0.6640625 0.4990234375 0.059375 0.060546875
0 0.834375 0.775390625 0.059375 0.05859375
0 0.5546875 0.291015625 0.059375 0.05859375
0 0.6828125 0.37109375 0.059375 0.05859375
0 0.5453125 0.357421875 0.059375 0.05859375
0 0.4359375 0.66796875 0.059375 0.05859375
0 0.39375 0.470703125 0.059375 0.05859375
0 0.7515625 0.37890625 0.059375 0.05859375
0 0.240625 0.583984375 0.059375 0.05859375
0 0.640625 0.689453125 0.059375 0.05859375
0 0.6046875 0.427734375 0.059375 0.05859375
0 0.3015625 0.654296875 0.059375 0.05859375
0 0.4703125 0.4140625 0.059375 0.05859375
0 0.4078125 0.34375 0.059375 0.05859375
0 0.7921875 0.576171875 0.059375 0.05859375
0 0.453125 0.541015625 0.059375 0.05859375
0 0.25625 0.45703125 0.059375 0.05859375
0 0.2796875 0.263671875 0.059375 0.05859375
0 0.4171875 0.27734375 0.059375 0.05859375
0 0.37734375 0.59765625 0.0578125 0.05859375
0 0.715625 0.6328125 0.059375 0.05859375
0 0.315625 0.52734375 0.059375 0.05859375
0 0.18125 0.513671875 0.059375 0.05859375
0 0.8515625 0.6474609375 0.059375 0.060546875
0 0.8703125 0.51953125 0.059375 0.05859375
0 0.3484375 0.26953125 0.059375 0.05859375
0 0.3421875 0.3359375 0.059375 0.05859375
0 0.5296875 0.484375 0.059375 0.05859375
0 0.5640625 0.74609375 0.059375 0.05859375
0 0.2640625 0.392578125 0.059375 0.05859375
0 0.8890625 0.392578125 0.059375 0.05859375
0 0.63125 0.75390625 0.059375 0.05859375
0 0.3328125 0.400390625 0.059375 0.05859375
0 0.4859375 0.2841796875 0.059375 0.060546875
0 0.1640625 0.640625 0.059375 0.05859375
0 0.70625 0.697265625 0.059375 0.05859375
0 0.7328125 0.505859375 0.059375 0.05859375
0 0.1875 0.44921875 0.059375 0.05859375
0 0.22578125 0.7109375 0.0578125 0.05859375
0 0.784375 0.640625 0.059375 0.05859375
0 0.8109375 0.44921875 0.059375 0.05859375
0 0.4265625 0.732421875 0.059375 0.05859375
0 0.765625 0.767578125 0.059375 0.05859375
0 0.8609375 0.583984375 0.059375 0.05859375
0 0.58125 0.619140625 0.059375 0.05859375
0 0.65703125 0.5625 0.0578125 0.05859375
0 0.5046875 0.67578125 0.059375 0.05859375
0 0.84375 0.7109375 0.059375 0.05859375
