0 0.66875 0.53125 0.05625 0.05859375
0 0.50078125 0.453125 0.0546875 0.05859375
0 0.4953125 0.54296875 0.05625 0.05859375
0 0.32578125 0.4658203125 0.0578125 0.060546875
0 0.321875 0.5546875 0.05625 0.05859375
0 0.4640625 0.2275390625 0.05625 0.060546875
0 0.4609375 0.3193359375 0.05625 0.060546875
0 0.234375 0.5634765625 0.05625 0.060546875
0 0.3296875 0.3759765625 0.05625 0.060546875
0 0.40546875 0.6376953125 0.0546875 0.060546875
0 0.4921875 0.634765625 0.05625 0.05859375
0 0.721875 0.3017578125 0.05625 0.060546875
0 0.55390625 0.12890625 0.0546875 0.05859375
0 0.63515625 0.3076171875 0.0546875 0.060546875
0 0.80859375 0.2958984375 0.0546875 0.060546875
0 0.2828125 0.423828125 0.05625 0.05859375
0 0.5796875 0.6259765625 0.05625 0.060546875
0 0.6234375 0.578125 0.05625 0.05859375
0 0.1921875 0.521484375 0.05625 0.05859375
0 0.6375 0.216796875 0.05625 0.0625
0 0.45 0.591796875 0.05625 0.0625
0 0.67421875 0.44140625 0.0546875 0.05859375
0 0.503125 0.36328125 0.05625 0.0625
0 0.4890625 0.7216796875 0.05625 0.060546875
0 0.1875 0.611328125 0.05625 0.05859375
0 0.3546875 0.775390625 0.05625 0.05859375
0 0.64375 0.123046875 0.05625 0.05859375
0 0.50625 0.271484375 0.05625 0.05859375
0 0.72734375 0.208984375 0.0546875 0.05859375
0 0.759375 0.435546875 0.059375 0.05859375
0 0.5484375 0.31640625 0.05625 0.05859375
0 0.44375 0.7685546875 0.059375 0.060546875
0 0.2796875 0.5126953125 0.05625 0.060546875
0 0.3640625 0.5966796875 0.05625 0.060546875
0 0.5328125 0.673828125 0.059375 0.05859375
0 0.31875 0.646484375 0.05625 0.05859375
0 0.6765625 0.349609375 0.05625 0.05859375
0 0.7640625 0.34375 0.05625 0.05859375
0 0.453125 0.5009765625 0.05625 0.060546875
0 0.2375 0.4716796875 0.05625 0.060546875
0 0.3609375 0.685546875 0.05625 0.05859375
0 0.55390625 0.2216796875 0.0546875 0.060546875
0 0.4 0.7275390625 0.05625 0.060546875
0 0.7671875 0.25390625 0.05625 0.05859375
0 0.446875 0.681640625 0.05625 0.0625
0 0.6640625 0.6201171875 0.059375 0.060546875
0 0.2765625 0.60546875 0.05625 0.05859375
0 0.61875 0.66796875 0.05625 0.05859375
0 0.3671875 0.5078125 0.059375 0.0625
0 0.53828125 0.583984375 0.0578125 0.05859375
0 0.4109375 0.55078125 0.05625 0.0625
0 0.315625 0.7333984375 0.05625 0.060546875
0 0.58125 0.537109375 0.05625 0.05859375
0 0.7140625 0.4833984375 0.05625 0.060546875
0 0.7171875 0.3935546875 0.059375 0.060546875
0 0.803125 0.384765625 0.05625 0.05859375
0 0.45859375 0.412109375 0.0546875 0.05859375
0 0.4140625 0.458984375 0.05625 0.05859375
0 0.4375 0.857421875 0.059375 0.0625
0 0.628125 0.4892578125 0.059375 0.060546875
0 0.371875 0.41796875 0.05625 0.05859375
0 0.6328125 0.400390625 0.05625 0.05859375
0 0.5953125 0.265625 0.05625 0.05859375
0 0.584375 0.447265625 0.05625 0.05859375
0 0.590625 0.3583984375 0.05625 0.060546875
0 0.27265625 0.6943359375 0.0578125 0.060546875
0 0.8 0.4775390625 0.05625 0.060546875
0 0.5953125 0.173828125 0.05625 0.05859375
0 0.509375 0.1767578125 0.05625 0.060546875
0 0.528125 0.7626953125 0.05625 0.060546875
0 0.396875 0.81640625 0.05625 0.05859375
0 0.371875 0.3251953125 0.05625 0.060546875
0 0.23046875 0.6533203125 0.0578125 0.060546875
0 0.575 0.7158203125 0.059375 0.060546875
0 0.484375 0.810546875 0.05625 0.05859375
0 0.6796875 0.2578125 0.05625 0.0625
0 0.6859375 0.16796875 0.05625 0.05859375
0 0.5453125 0.404296875 0.05625 0.0625
0 0.88984375 0.3818359375 0.0546875 0.060546875
0 0.1453125 0.5693359375 0.05625 0.060546875
0 0.4171875 0.3701171875 0.05625 0.060546875
0 0.5421875 0.4951171875 0.05625 0.060546875
0 0.8453125 0.427734375 0.05625 0.0625
0 0.7109375 0.572265625 0.05625 0.05859375
0 0.75390625 0.525390625 0.0578125 0.05859375
0 0.84921875 0.337890625 0.0578125 0.05859375
0 0.41953125 0.2783203125 0.0546875 0.060546875
0 0.6 0.078125 0.059375 0.05859375
