0 0.45234375 0.4619140625 0.0390625 0.048828125
0 0.28984375 0.3388671875 0.0390625 0.048828125
0 0.37734375 0.7353515625 0.0390625 0.048828125
0 0.26640625 0.2373046875 0.0390625 0.048828125
0 0.35390625 0.2177734375 0.0390625 0.048828125
0 0.20234375 0.3583984375 0.0390625 0.048828125
0 0.44140625 0.1982421875 0.0390625 0.048828125
0 0.35390625 0.4306640625 0.0390625 0.048828125
0 0.50546875 0.2919921875 0.0390625 0.048828125
0 0.46328125 0.7177734375 0.0390625 0.048828125
0 0.44140625 0.6201171875 0.0390625 0.048828125
0 0.43046875 0.5712890625 0.0390625 0.048828125
0 0.50546875 0.5029296875 0.0390625 0.048828125
0 0.52734375 0.6005859375 0.0390625 0.048828125
0 0.58046875 0.6416015625 0.0390625 0.048828125
0 0.27890625 0.4990234375 0.0390625 0.048828125
0 0.26796875 0.4501953125 0.0390625 0.048828125
0 0.36640625 0.4814453125 0.0390625 0.048828125
0 0.46328125 0.3017578125 0.0390625 0.048828125
0 0.30234375 0.5986328125 0.0390625 0.048828125
0 0.53828125 0.4423828125 0.0390625 0.048828125
0 0.37578125 0.3212890625 0.0390625 0.048828125
0 0.36640625 0.6884765625 0.0390625 0.048828125
0 0.46328125 0.5126953125 0.0390625 0.048828125
0 0.32109375 0.2783203125 0.0390625 0.048828125
0 0.43046875 0.3623046875 0.0390625 0.048828125
0 0.47421875 0.5615234375 0.0390625 0.048828125
0 0.38828125 0.5810546875 0.0390625 0.048828125
0 0.51640625 0.3427734375 0.0390625 0.048828125
0 0.49453125 0.4521484375 0.0390625 0.048828125
0 0.39765625 0.4208984375 0.0390625 0.048828125
0 0.38671875 0.3701171875 0.0390625 0.048828125
0 0.48359375 0.4033203125 0.0390625 0.048828125
0 0.45234375 0.6689453125 0.0390625 0.048828125
0 0.53671875 0.6513671875 0.0390625 0.048828125
0 0.35546875 0.6376953125 0.0390625 0.048828125
0 0.22109375 0.2451171875 0.0390625 0.048828125
0 0.55859375 0.5419921875 0.0390625 0.048828125
0 0.54765625 0.7001953125 0.0390625 0.048828125
0 0.50546875 0.7080078125 0.0390625 0.048828125
0 0.41953125 0.3115234375 0.0390625 0.048828125
0 0.34453125 0.5888671875 0.0390625 0.048828125
0 0.27734375 0.2880859375 0.0390625 0.048828125
0 0.54921875 0.4931640625 0.0390625 0.048828125
0 0.45234375 0.2509765625 0.0390625 0.048828125
0 0.33515625 0.7451171875 0.0390625 0.048828125
0 0.24765625 0.5595703125 0.0390625 0.048828125
0 0.40859375 0.2587890625 0.0390625 0.048828125
0 0.17890625 0.2548828125 0.0390625 0.048828125
0 0.56953125 0.5927734375 0.0390625 0.048828125
0 0.31015625 0.2275390625 0.0390625 0.048828125
0 0.41953125 0.7275390625 0.0390625 0.048828125
0 0.32421875 0.6962890625 0.0390625 0.048828125
0 0.37578125 0.5302734375 0.0390625 0.048828125
0 0.18984375 0.3076171875 0.0390625 0.048828125
0 0.31171875 0.4404296875 0.0390625 0.048828125
0 0.52734375 0.3935546875 0.0390625 0.048828125
0 0.44140625 0.4111328125 0.0390625 0.048828125
0 0.47265625 0.3525390625 0.0390625 0.048828125
0 0.29921875 0.3896484375 0.0390625 0.048828125
0 0.59140625 0.6904296875 0.0390625 0.048828125
0 0.25703125 0.3994140625 0.0390625 0.048828125
0 0.22421875 0.4599609375 0.0390625 0.048828125
0 0.31328125 0.6474609375 0.0390625 0.048828125
0 0.26015625 0.6083984375 0.0390625 0.048828125
0 0.48515625 0.1884765625 0.0390625 0.048828125
0 0.51640625 0.5517578125 0.0390625 0.048828125
0 0.33359375 0.5400390625 0.0390625 0.048828125
0 0.49609375 0.2412109375 0.0390625 0.048828125
0 0.29140625 0.5498046875 0.0390625 0.048828125
0 0.23359375 0.2978515625 0.0390625 0.048828125
0 0.36484375 0.2685546875 0.0390625 0.048828125
0 0.23671875 0.5087890625 0.0390625 0.048828125
0 0.33203125 0.3291015625 0.0390625 0.048828125
0 0.29296875 0.7548828125 0.0390625 0.048828125
0 0.34296875 0.3798828125 0.0390625 0.048828125
0 0.28203125 0.7060546875 0.0390625 0.048828125
0 0.48359375 0.6103515625 0.0390625 0.048828125
0 0.41953125 0.5205078125 0.0390625 0.048828125
0 0.26953125 0.6572265625 0.0390625 0.048828125
0 0.49453125 0.6591796875 0.0390625 0.048828125
0 0.40859375 0.4716796875 0.0390625 0.048828125
0 0.41015625 0.6787109375 0.0390625 0.048828125
0 0.39609375 0.2080078125 0.0390625 0.048828125
0 0.32265625 0.4912109375 0.0390625 0.048828125
0 0.24453125 0.3486328125 0.0390625 0.048828125
0 0.21328125 0.4091796875 0.0390625 0.048828125
0 0.39921875 0.6298828125 0.0390625 0.048828125
