0 0.6265625 0.7353515625 0.059375 0.060546875
0 0.475 0.2197265625 0.059375 0.060546875
0 0.5875 0.6064453125 0.059375 0.060546875
0 0.63125 0.52734375 0.059375 0.05859375
0 0.6140625 0.4658203125 0.059375 0.060546875
0 0.3421875 0.6591796875 0.059375 0.060546875
0 0.228125 0.279296875 0.059375 0.05859375
0 0.43125 0.30078125 0.059375 0.05859375
0 0.4359375 0.0908203125 0.059375 0.060546875
0 0.66875 0.65625 0.059375 0.05859375
0 0.375 0.10546875 0.059375 0.05859375
0 0.365625 0.5205078125 0.059375 0.060546875
0 0.4703125 0.427734375 0.059375 0.05859375
0 0.5125 0.3505859375 0.059375 0.060546875
0 0.7203125 0.3720703125 0.059375 0.060546875
0 0.5171875 0.140625 0.059375 0.05859375
0 0.5265625 0.62109375 0.059375 0.05859375
0 0.4984375 0.07421875 0.059375 0.05859375
0 0.5453125 0.6826171875 0.059375 0.060546875
0 0.2515625 0.1357421875 0.059375 0.060546875
0 0.484375 0.697265625 0.059375 0.05859375
0 0.26875 0.40625 0.059375 0.05859375
0 0.2703125 0.2001953125 0.059375 0.060546875
0 0.384375 0.5830078125 0.059375 0.060546875
0 0.3703125 0.3154296875 0.059375 0.060546875
0 0.346875 0.4560546875 0.059375 0.060546875
0 0.440625 0.7734375 0.059375 0.05859375
0 0.5734375 0.3369140625 0.059375 0.060546875
0 0.4265625 0.505859375 0.059375 0.05859375
0 0.7140625 0.580078125 0.059375 0.05859375
0 0.190625 0.150390625 0.059375 0.05859375
0 0.3125 0.119140625 0.059375 0.05859375
0 0.303125 0.5322265625 0.059375 0.060546875
0 0.5640625 0.7470703125 0.059375 0.060546875
0 0.328125 0.3916015625 0.059375 0.060546875
0 0.39375 0.169921875 0.059375 0.05859375
0 0.3796875 0.78515625 0.059375 0.05859375
0 0.4125 0.236328125 0.059375 0.05859375
0 0.61875 0.255859375 0.059375 0.05859375
0 0.56875 0.5419921875 0.059375 0.060546875
0 0.759375 0.5009765625 0.059375 0.060546875
0 0.778125 0.5654296875 0.059375 0.060546875
0 0.6453125 0.1103515625 0.059375 0.060546875
0 0.796875 0.6298828125 0.059375 0.060546875
0 0.67578125 0.451171875 0.0578125 0.05859375
0 0.58125 0.1240234375 0.059375 0.060546875
0 0.5546875 0.26953125 0.059375 0.05859375
0 0.68046875 0.2412109375 0.0578125 0.060546875
0 0.55 0.4775390625 0.059375 0.060546875
0 0.3078125 0.3291015625 0.059375 0.060546875
0 0.7328125 0.64453125 0.059375 0.05859375
0 0.8125 0.6943359375 0.059375 0.060546875
0 0.421875 0.708984375 0.059375 0.05859375
0 0.6875 0.720703125 0.059375 0.05859375
0 0.5953125 0.4013671875 0.059375 0.060546875
0 0.5078125 0.556640625 0.059375 0.05859375
0 0.3890625 0.376953125 0.059375 0.05859375
0 0.4078125 0.44140625 0.059375 0.05859375
0 0.503125 0.76171875 0.059375 0.05859375
0 0.3328125 0.1865234375 0.059375 0.060546875
0 0.6 0.19140625 0.059375 0.05859375
0 0.6375 0.3203125 0.059375 0.05859375
0 0.3515625 0.2509765625 0.059375 0.060546875
0 0.65625 0.38671875 0.059375 0.05859375
0 0.4453125 0.5703125 0.059375 0.05859375
0 0.6640625 0.1748046875 0.059375 0.060546875
0 0.4546875 0.1552734375 0.059375 0.060546875
0 0.53125 0.4150390625 0.059375 0.060546875
0 0.6234375 0.04296875 0.059375 0.05859375
0 0.46484375 0.6328125 0.0578125 0.05859375
0 0.53828125 0.205078125 0.0578125 0.05859375
0 0.60703125 0.6708984375 0.0578125 0.060546875
0 0.32265625 0.5966796875 0.0578125 0.060546875
0 0.49375 0.2861328125 0.059375 0.060546875
0 0.209375 0.21484375 0.059375 0.05859375
0 0.2890625 0.2646484375 0.059375 0.060546875
0 0.45 0.365234375 0.059375 0.05859375
0 0.7015625 0.3056640625 0.059375 0.060546875
0 0.403125 0.6474609375 0.059375 0.060546875
0 0.4890625 0.4921875 0.059375 0.05859375
0 0.284375 0.470703125 0.059375 0.05859375
0 0.65 0.591796875 0.059375 0.05859375
0 0.7390625 0.4365234375 0.059375 0.060546875
0 0.246875 0.34375 0.059375 0.05859375
0 0.6953125 0.515625 0.059375 0.05859375
0 0.7515625 0.708984375 0.059375 0.05859375
0 0.5625 0.0595703125 0.059375 0.060546875
0 0.3609375 0.7236328125 0.059375 0.060546875
