0 0.26640625 0.1796875 0.0484375 0.0625
0 0.20390625 0.8505859375 0.0484375 0.060546875
0 0.45078125 0.16015625 0.0484375 0.0625
0 0.18515625 0.6142578125 0.0484375 0.060546875
0 0.34453125 0.734375 0.0484375 0.0625
0 0.60859375 0.2802734375 0.0484375 0.060546875
0 0.14453125 0.8330078125 0.0484375 0.060546875
0 0.28515625 0.4150390625 0.0484375 0.060546875
0 0.27421875 0.791015625 0.0484375 0.0625
0 0.51171875 0.4794921875 0.0484375 0.060546875
0 0.35390625 0.3583984375 0.0484375 0.060546875
0 0.32734375 0.5009765625 0.0484375 0.060546875
0 0.46640625 0.390625 0.0484375 0.0625
0 0.47109375 0.6953125 0.0484375 0.0625
0 0.31328125 0.5751953125 0.0484375 0.060546875
0 0.45546875 0.4619140625 0.0484375 0.060546875
0 0.38671875 0.8232421875 0.0484375 0.060546875
0 0.42421875 0.302734375 0.0484375 0.0625
0 0.33828125 0.125 0.0484375 0.0625
0 0.25703125 0.5576171875 0.0484375 0.060546875
0 0.37109375 0.58984375 0.0484375 0.0625
0 0.14296875 0.5263671875 0.0484375 0.060546875
0 0.43203125 0.9111328125 0.0484375 0.060546875
0 0.52734375 0.7099609375 0.0484375 0.060546875
0 0.31015625 0.2705078125 0.0484375 0.060546875
0 0.21640625 0.7763671875 0.0484375 0.060546875
0 0.29765625 0.341796875 0.0484375 0.0625
0 0.41484375 0.6787109375 0.0484375 0.060546875
0 0.28046875 0.1083984375 0.0484375 0.060546875
0 0.55234375 0.265625 0.0484375 0.0625
0 0.28671875 0.7197265625 0.0484375 0.060546875
0 0.48359375 0.6220703125 0.0484375 0.060546875
0 0.44140625 0.5361328125 0.0484375 0.060546875
0 0.50234375 0.85546875 0.0484375 0.0625
0 0.37578125 0.896484375 0.0484375 0.0625
0 0.39453125 0.142578125 0.0484375 0.0625
0 0.38359375 0.5185546875 0.0484375 0.060546875
0 0.33046875 0.80859375 0.0484375 0.0625
0 0.12734375 0.599609375 0.0484375 0.0625
0 0.27109375 0.486328125 0.0484375 0.0625
0 0.49453125 0.248046875 0.0484375 0.0625
0 0.23046875 0.703125 0.0484375 0.0625
0 0.58046875 0.4228515625 0.0484375 0.060546875
0 0.11328125 0.6708984375 0.0484375 0.060546875
0 0.53671875 0.3369140625 0.0484375 0.060546875
0 0.43828125 0.2314453125 0.0484375 0.060546875
0 0.16953125 0.380859375 0.0484375 0.0625
0 0.35859375 0.6630859375 0.0484375 0.060546875
0 0.19921875 0.54296875 0.0484375 0.0625
0 0.48046875 0.3193359375 0.0484375 0.060546875
0 0.40078125 0.751953125 0.0484375 0.0625
0 0.56328125 0.19140625 0.0484375 0.0625
0 0.53984375 0.638671875 0.0484375 0.0625
0 0.21328125 0.4697265625 0.0484375 0.060546875
0 0.36796875 0.2880859375 0.0484375 0.060546875
0 0.19765625 0.236328125 0.0484375 0.0625
0 0.61953125 0.208984375 0.0484375 0.0625
0 0.59453125 0.3515625 0.0484375 0.0625
0 0.22578125 0.3984375 0.0484375 0.0625
0 0.41015625 0.3740234375 0.0484375 0.060546875
0 0.23984375 0.32421875 0.0484375 0.0625
0 0.30078125 0.646484375 0.0484375 0.0625
0 0.25390625 0.2529296875 0.0484375 0.060546875
0 0.15859375 0.76171875 0.0484375 0.0625
0 0.51484375 0.7841796875 0.0484375 0.060546875
0 0.48828125 0.9287109375 0.0484375 0.060546875
0 0.20859375 0.1650390625 0.0484375 0.060546875
0 0.24453125 0.6318359375 0.0484375 0.060546875
0 0.56796875 0.49609375 0.0484375 0.0625
0 0.39765625 0.447265625 0.0484375 0.0625
0 0.17265625 0.6884765625 0.0484375 0.060546875
0 0.49765625 0.55078125 0.0484375 0.0625
0 0.55390625 0.5673828125 0.0484375 0.060546875
0 0.45859375 0.7666015625 0.0484375 0.060546875
0 0.32265625 0.1962890625 0.0484375 0.060546875
0 0.08671875 0.818359375 0.0484375 0.0625
0 0.52421875 0.408203125 0.0484375 0.0625
0 0.42734375 0.6064453125 0.0484375 0.060546875
0 0.44609375 0.8408203125 0.0484375 0.060546875
0 0.15546875 0.455078125 0.0484375 0.0625
0 0.18203125 0.3095703125 0.0484375 0.060546875
0 0.38203125 0.2138671875 0.0484375 0.060546875
0 0.22421875 0.0908203125 0.0484375 0.060546875
0 0.31796875 0.8798828125 0.0484375 0.060546875
0 0.34140625 0.4296875 0.0484375 0.0625
0 0.50703125 0.1748046875 0.0484375 0.060546875
0 0.10078125 0.744140625 0.0484375 0.0625
0 0.26171875 0.865234375 0.0484375 0.0625
