0 0.51953125 0.8125 0.0484375 0.06640625
0 0.3984375 0.1845703125 0.046875 0.064453125
0 0.38359375 0.62890625 0.0484375 0.06640625
0 0.615625 0.5458984375 0.046875 0.064453125
0 0.5515625 0.6025390625 0.046875 0.064453125
0 0.6390625 0.404296875 0.046875 0.06640625
0 0.5984375 0.3173828125 0.046875 0.064453125
0 0.65 0.3310546875 0.046875 0.064453125
0 0.5078125 0.8828125 0.046875 0.06640625
0 0.32109375 0.6865234375 0.0484375 0.064453125
0 0.459375 0.5009765625 0.046875 0.064453125
0 0.3953125 0.55859375 0.046875 0.06640625
0 0.2796875 0.6005859375 0.046875 0.064453125
0 0.2453125 0.8125 0.046875 0.06640625
0 0.3421875 0.5458984375 0.046875 0.064453125
0 0.6578125 0.6318359375 0.046875 0.064453125
0 0.703125 0.3466796875 0.046875 0.064453125
0 0.4171875 0.4169921875 0.046875 0.064453125
0 0.42890625 0.34375 0.0484375 0.06640625
0 0.3875 0.2578125 0.046875 0.06640625
0 0.49296875 0.2861328125 0.0484375 0.064453125
0 0.534375 0.373046875 0.046875 0.06640625
0 0.3234375 0.3154296875 0.046875 0.064453125
0 0.59375 0.6865234375 0.046875 0.064453125
0 0.425 0.7158203125 0.046875 0.064453125
0 0.6125 0.912109375 0.046875 0.06640625
0 0.61015625 0.244140625 0.0484375 0.06640625
0 0.478125 0.728515625 0.046875 0.06640625
0 0.440625 0.2734375 0.046875 0.06640625
0 0.5578125 0.228515625 0.046875 0.06640625
0 0.3640625 0.4013671875 0.046875 0.064453125
0 0.515625 0.142578125 0.046875 0.06640625
0 0.50078125 0.5869140625 0.0484375 0.064453125
0 0.5125 0.5166015625 0.046875 0.064453125
0 0.4890625 0.658203125 0.046875 0.06640625
0 0.559375 0.8984375 0.046875 0.06640625
0 0.44765625 0.57421875 0.0484375 0.06640625
0 0.634375 0.7734375 0.046875 0.06640625
0 0.45546875 0.8701171875 0.0484375 0.064453125
0 0.26875 0.6708984375 0.046875 0.064453125
0 0.40234375 0.857421875 0.0484375 0.06640625
0 0.62734375 0.474609375 0.0484375 0.06640625
0 0.334375 0.2421875 0.046875 0.06640625
0 0.3625 0.7705078125 0.046875 0.064453125
0 0.3515625 0.8408203125 0.046875 0.064453125
0 0.2984375 0.828125 0.046875 0.06640625
0 0.621875 0.1708984375 0.046875 0.064453125
0 0.353125 0.4716796875 0.046875 0.064453125
0 0.37578125 0.328125 0.0484375 0.06640625
0 0.57421875 0.458984375 0.0484375 0.06640625
0 0.309375 0.7578125 0.046875 0.06640625
0 0.675 0.1865234375 0.046875 0.064453125
0 0.7140625 0.2734375 0.046875 0.06640625
0 0.4140625 0.7861328125 0.046875 0.064453125
0 0.66875 0.5615234375 0.046875 0.064453125
0 0.3 0.458984375 0.046875 0.06640625
0 0.66328125 0.259765625 0.0484375 0.06640625
0 0.5046875 0.2158203125 0.046875 0.064453125
0 0.540625 0.673828125 0.046875 0.06640625
0 0.5703125 0.828125 0.046875 0.06640625
0 0.4359375 0.64453125 0.046875 0.06640625
0 0.5625 0.529296875 0.046875 0.06640625
0 0.3453125 0.16796875 0.046875 0.06640625
0 0.6921875 0.4169921875 0.046875 0.064453125
0 0.4625 0.126953125 0.046875 0.06640625
0 0.2890625 0.529296875 0.046875 0.06640625
0 0.54609375 0.3017578125 0.0484375 0.064453125
0 0.3546875 0.0947265625 0.046875 0.064453125
0 0.58203125 0.7578125 0.0484375 0.06640625
0 0.4671875 0.7998046875 0.046875 0.064453125
0 0.6234375 0.8408203125 0.046875 0.064453125
0 0.4703125 0.4306640625 0.046875 0.064453125
0 0.25625 0.7421875 0.046875 0.06640625
0 0.48125 0.359375 0.046875 0.06640625
0 0.6046875 0.6162109375 0.046875 0.064453125
0 0.4515625 0.2001953125 0.046875 0.064453125
0 0.56875 0.158203125 0.046875 0.06640625
0 0.5234375 0.4462890625 0.046875 0.064453125
0 0.409375 0.111328125 0.046875 0.06640625
0 0.31171875 0.3857421875 0.0484375 0.064453125
0 0.40625 0.48828125 0.046875 0.06640625
0 0.5859375 0.388671875 0.046875 0.06640625
0 0.6796875 0.48828125 0.046875 0.06640625
0 0.52890625 0.744140625 0.0484375 0.06640625
0 0.33046875 0.6162109375 0.0484375 0.064453125
0 0.72734375 0.2001953125 0.0484375 0.064453125
0 0.371875 0.7001953125 0.046875 0.064453125
0 0.64609375 0.7021484375 0.0484375 0.064453125
