0 0.86328125 0.5283203125 0.0390625 0.048828125
0 0.75234375 0.3544921875 0.0390625 0.048828125
0 0.85078125 0.4052734375 0.0390625 0.048828125
0 0.84453125 0.3427734375 0.0390625 0.048828125
0 0.71328125 0.4228515625 0.0390625 0.048828125
0 0.83828125 0.2822265625 0.0390625 0.048828125
0 0.74140625 0.2314453125 0.0390625 0.048828125
0 0.93828125 0.3310546875 0.0390625 0.048828125
0 0.92578125 0.2060546875 0.0390625 0.048828125
0 0.83515625 0.7158203125 0.0390625 0.048828125
0 0.70078125 0.2998046875 0.0390625 0.048828125
0 0.82890625 0.6552734375 0.0390625 0.048828125
0 0.87421875 0.6513671875 0.0390625 0.048828125
0 0.82265625 0.5947265625 0.0390625 0.048828125
0 0.72578125 0.5439453125 0.0390625 0.048828125
0 0.88515625 0.2763671875 0.0390625 0.048828125
0 0.74609375 0.2939453125 0.0390625 0.048828125
0 0.78984375 0.7216796875 0.0390625 0.048828125
0 0.68671875 0.6083984375 0.0390625 0.048828125
0 0.85703125 0.4658203125 0.0390625 0.048828125
0 0.73828125 0.6650390625 0.0390625 0.048828125
0 0.77734375 0.5986328125 0.0390625 0.048828125
0 0.83359375 0.2197265625 0.0390625 0.048828125
0 0.75859375 0.4169921875 0.0390625 0.048828125
0 0.81640625 0.5322265625 0.0390625 0.048828125
0 0.78671875 0.2255859375 0.0390625 0.048828125
0 0.95078125 0.4560546875 0.0390625 0.048828125
0 0.88671875 0.7744140625 0.0390625 0.048828125
0 0.96171875 0.5791015625 0.0390625 0.048828125
0 0.71953125 0.4833984375 0.0390625 0.048828125
0 0.69921875 0.7294921875 0.0390625 0.048828125
0 0.75078125 0.7861328125 0.0390625 0.048828125
0 0.65078125 0.2451171875 0.0390625 0.048828125
0 0.73203125 0.6044921875 0.0390625 0.048828125
0 0.73515625 0.1708984375 0.0390625 0.048828125
0 0.975 0.7021484375 0.040625 0.048828125
0 0.70703125 0.3603515625 0.0390625 0.048828125
0 0.69296875 0.6689453125 0.0390625 0.048828125
0 0.80390625 0.4111328125 0.0390625 0.048828125
0 0.76484375 0.4775390625 0.0390625 0.048828125
0 0.68984375 0.1767578125 0.0390625 0.048828125
0 0.81015625 0.4716796875 0.0390625 0.048828125
0 0.975 0.2001953125 0.040625 0.048828125
0 0.95546875 0.5166015625 0.0390625 0.048828125
0 0.89765625 0.3994140625 0.0390625 0.048828125
0 0.87890625 0.2138671875 0.0390625 0.048828125
0 0.84140625 0.7783203125 0.0390625 0.048828125
0 0.79609375 0.7822265625 0.0390625 0.048828125
0 0.87421875 0.1513671875 0.0390625 0.048828125
0 0.66171875 0.3662109375 0.0390625 0.048828125
0 0.96875 0.6416015625 0.040625 0.048828125
0 0.9859375 0.3251953125 0.028125 0.048828125
0 0.94453125 0.3935546875 0.0390625 0.048828125
0 0.91484375 0.5849609375 0.0390625 0.048828125
0 0.9328125 0.2685546875 0.040625 0.048828125
0 0.92734375 0.7080078125 0.0390625 0.048828125
0 0.70546875 0.7900390625 0.0390625 0.048828125
0 0.65546875 0.3056640625 0.0390625 0.048828125
0 0.89140625 0.3369140625 0.0390625 0.048828125
0 0.68046875 0.5478515625 0.0390625 0.048828125
0 0.79765625 0.3486328125 0.0390625 0.048828125
0 0.990625 0.3876953125 0.01875 0.048828125
0 0.92109375 0.1435546875 0.0390625 0.048828125
0 0.78359375 0.6611328125 0.0390625 0.048828125
0 0.9796875 0.2626953125 0.040625 0.048828125
0 0.69609375 0.2392578125 0.0390625 0.048828125
0 0.82734375 0.1572265625 0.0390625 0.048828125
0 0.86796875 0.5888671875 0.0390625 0.048828125
0 0.67421875 0.4873046875 0.0390625 0.048828125
0 0.90390625 0.4599609375 0.0390625 0.048828125
0 0.96953125 0.1357421875 0.0390625 0.048828125
0 0.79296875 0.2880859375 0.0390625 0.048828125
0 0.90859375 0.5224609375 0.0390625 0.048828125
0 0.64453125 0.1826171875 0.0390625 0.048828125
0 0.77109375 0.5380859375 0.0390625 0.048828125
0 0.66796875 0.4267578125 0.0390625 0.048828125
0 0.92109375 0.6455078125 0.0390625 0.048828125
0 0.74453125 0.7255859375 0.0390625 0.048828125
0 0.93359375 0.7685546875 0.0390625 0.048828125
0 0.78046875 0.1650390625 0.0390625 0.048828125
0 0.88046875 0.7119140625 0.0390625 0.048828125
0 0.98125 0.7646484375 0.0375 0.048828125
