0 0.39765625 0.6513671875 0.0390625 0.048828125
0 0.5703125 0.5966796875 0.040625 0.048828125
0 0.5609375 0.70703125 0.040625 0.046875
0 0.4078125 0.5419921875 0.040625 0.048828125
0 0.36171875 0.5810546875 0.0390625 0.048828125
0 0.5984375 0.7744140625 0.040625 0.048828125
0 0.37265625 0.4716796875 0.0421875 0.048828125
0 0.58203125 0.4912109375 0.0390625 0.048828125
0 0.446875 0.166015625 0.040625 0.05078125
0 0.42109375 0.4326171875 0.0390625 0.048828125
0 0.3515625 0.69140625 0.040625 0.05078125
0 0.3953125 0.255859375 0.040625 0.05078125
0 0.40625 0.1484375 0.040625 0.05078125
0 0.4140625 0.4853515625 0.040625 0.048828125
0 0.48671875 0.6240234375 0.0421875 0.048828125
0 0.60234375 0.7216796875 0.0421875 0.048828125
0 0.40390625 0.5947265625 0.0421875 0.048828125
0 0.61640625 0.55859375 0.0390625 0.046875
0 0.52734375 0.6396484375 0.0390625 0.048828125
0 0.6703125 0.4140625 0.040625 0.05078125
0 0.6609375 0.5205078125 0.040625 0.048828125
0 0.521875 0.2509765625 0.040625 0.052734375
0 0.384375 0.3642578125 0.040625 0.048828125
0 0.56640625 0.2138671875 0.0390625 0.048828125
0 0.49609375 0.5146484375 0.0421875 0.048828125
0 0.4296875 0.32421875 0.040625 0.05078125
0 0.39140625 0.705078125 0.0390625 0.05078125
0 0.5109375 0.35546875 0.040625 0.05078125
0 0.50703125 0.408203125 0.0390625 0.05078125
0 0.4359375 0.26953125 0.040625 0.05078125
0 0.42421875 0.3779296875 0.0390625 0.048828125
0 0.490625 0.5712890625 0.040625 0.048828125
0 0.6375 0.7900390625 0.040625 0.048828125
0 0.68046875 0.3095703125 0.0421875 0.048828125
0 0.5515625 0.3701171875 0.040625 0.052734375
0 0.515625 0.7490234375 0.040625 0.048828125
0 0.6515625 0.6259765625 0.040625 0.048828125
0 0.6453125 0.244140625 0.040625 0.05078125
0 0.50078125 0.4619140625 0.0390625 0.048828125
0 0.6109375 0.6123046875 0.040625 0.048828125
0 0.58671875 0.4375 0.0421875 0.05078125
0 0.5359375 0.5302734375 0.040625 0.048828125
0 0.59765625 0.333984375 0.0390625 0.05078125
0 0.48046875 0.6787109375 0.0421875 0.048828125
0 0.5765625 0.5439453125 0.040625 0.048828125
0 0.60703125 0.6650390625 0.0390625 0.048828125
0 0.62578125 0.453125 0.0421875 0.05078125
0 0.4546875 0.5009765625 0.040625 0.048828125
0 0.55703125 0.31640625 0.0421875 0.05078125
0 0.5671875 0.6533203125 0.040625 0.048828125
0 0.4671875 0.3935546875 0.040625 0.048828125
0 0.475 0.7333984375 0.040625 0.048828125
0 0.60078125 0.279296875 0.0390625 0.05078125
0 0.390625 0.30859375 0.040625 0.05078125
0 0.45078125 0.5556640625 0.0390625 0.048828125
0 0.6359375 0.34765625 0.040625 0.05078125
0 0.37890625 0.4169921875 0.0421875 0.048828125
0 0.62109375 0.5048828125 0.0390625 0.048828125
0 0.4390625 0.6650390625 0.040625 0.048828125
0 0.4609375 0.4462890625 0.040625 0.048828125
0 0.5453125 0.423828125 0.040625 0.05078125
0 0.40078125 0.2021484375 0.0390625 0.052734375
0 0.56171875 0.265625 0.0390625 0.05078125
0 0.4703125 0.3408203125 0.040625 0.052734375
0 0.65703125 0.5732421875 0.0421875 0.048828125
0 0.60625 0.2275390625 0.040625 0.048828125
0 0.54140625 0.4765625 0.0421875 0.05078125
0 0.44453125 0.6103515625 0.0390625 0.048828125
0 0.515625 0.302734375 0.040625 0.05078125
0 0.36796875 0.5263671875 0.0390625 0.048828125
0 0.47578125 0.287109375 0.0390625 0.05078125
0 0.48203125 0.234375 0.0390625 0.05078125
0 0.48671875 0.1796875 0.0421875 0.05078125
0 0.59140625 0.384765625 0.0390625 0.05078125
0 0.64140625 0.734375 0.0421875 0.05078125
0 0.64140625 0.2958984375 0.0421875 0.048828125
0 0.66484375 0.466796875 0.0421875 0.05078125
0 0.646875 0.6806640625 0.040625 0.048828125
0 0.35703125 0.6357421875 0.0421875 0.048828125
0 0.63125 0.3994140625 0.040625 0.052734375
0 0.43359375 0.7197265625 0.0421875 0.048828125
0 0.44140625 0.21875 0.0421875 0.05078125
0 0.528125 0.1962890625 0.040625 0.048828125
0 0.52109375 0.6923828125 0.0390625 0.048828125
0 0.55546875 0.7607421875 0.0390625 0.048828125
0 0.53046875 0.5830078125 0.0390625 0.048828125
0 0.675 0.36328125 0.040625 0.05078125
0 0.684375 0.2578125 0.040625 0.05078125
