0 0.5515625 0.66796875 0.059375 0.0546875
0 0.1640625 0.716796875 0.059375 0.05859375
0 0.471875 0.5556640625 0.059375 0.056640625
0 0.40078125 0.501953125 0.0578125 0.0546875
0 0.3359375 0.509765625 0.05625 0.0546875
0 0.56796875 0.7900390625 0.0578125 0.056640625
0 0.625 0.7197265625 0.05625 0.056640625
0 0.68203125 0.65234375 0.0578125 0.0546875
0 0.72421875 0.4609375 0.0578125 0.05859375
0 0.221875 0.646484375 0.05625 0.05859375
0 0.20625 0.525390625 0.059375 0.0546875
0 0.4953125 0.736328125 0.059375 0.0546875
0 0.1046875 0.787109375 0.059375 0.0546875
0 0.2625 0.4560546875 0.059375 0.056640625
0 0.315625 0.8837890625 0.059375 0.056640625
0 0.1796875 0.837890625 0.05625 0.0546875
0 0.509375 0.859375 0.059375 0.0546875
0 0.40859375 0.5634765625 0.0578125 0.056640625
0 0.6953125 0.7734375 0.059375 0.0546875
0 0.665625 0.53125 0.059375 0.0546875
0 0.146875 0.595703125 0.059375 0.0546875
0 0.609375 0.59765625 0.059375 0.0546875
0 0.340625 0.5712890625 0.059375 0.056640625
0 0.4453125 0.8671875 0.05625 0.0546875
0 0.640625 0.84375 0.059375 0.0546875
0 0.73984375 0.58203125 0.0578125 0.0546875
0 0.37265625 0.8134765625 0.0578125 0.056640625
0 0.59375 0.4765625 0.059375 0.05859375
0 0.24296875 0.830078125 0.0578125 0.0546875
0 0.4171875 0.623046875 0.059375 0.05859375
0 0.35859375 0.69140625 0.0578125 0.0546875
0 0.76171875 0.765625 0.0578125 0.0546875
0 0.6015625 0.5400390625 0.05625 0.056640625
0 0.27890625 0.5791015625 0.0578125 0.056640625
0 0.47890625 0.615234375 0.0578125 0.05859375
0 0.65859375 0.46875 0.0578125 0.05859375
0 0.5859375 0.416015625 0.059375 0.0546875
0 0.3015625 0.759765625 0.05625 0.0546875
0 0.67421875 0.58984375 0.0578125 0.0546875
0 0.75234375 0.7060546875 0.0578125 0.056640625
0 0.15625 0.654296875 0.05625 0.05859375
0 0.73125 0.5224609375 0.059375 0.056640625
0 0.575 0.8515625 0.059375 0.0546875
0 0.13125 0.4716796875 0.05625 0.056640625
0 0.2296875 0.70703125 0.059375 0.0546875
0 0.6515625 0.408203125 0.059375 0.0546875
0 0.6890625 0.7138671875 0.059375 0.056640625
0 0.4296875 0.744140625 0.059375 0.0546875
0 0.421875 0.68359375 0.05625 0.0546875
0 0.25234375 0.8916015625 0.0578125 0.056640625
0 0.52890625 0.486328125 0.0578125 0.0546875
0 0.5359375 0.5478515625 0.05625 0.056640625
0 0.50234375 0.7978515625 0.0578125 0.056640625
0 0.171875 0.779296875 0.059375 0.0546875
0 0.76796875 0.828125 0.0578125 0.0546875
0 0.54453125 0.609375 0.0578125 0.0546875
0 0.4375 0.8056640625 0.059375 0.056640625
0 0.2859375 0.638671875 0.059375 0.05859375
0 0.29453125 0.69921875 0.0578125 0.0546875
0 0.3515625 0.630859375 0.059375 0.05859375
0 0.08984375 0.6640625 0.0578125 0.0546875
0 0.746875 0.6435546875 0.05625 0.056640625
0 0.2375 0.767578125 0.059375 0.0546875
0 0.1875 0.8994140625 0.059375 0.056640625
0 0.2140625 0.587890625 0.059375 0.0546875
0 0.52109375 0.42578125 0.0578125 0.0546875
0 0.140625 0.533203125 0.059375 0.0546875
0 0.703125 0.8359375 0.05625 0.0546875
0 0.271875 0.517578125 0.059375 0.0546875
0 0.6171875 0.66015625 0.059375 0.0546875
0 0.07421875 0.5419921875 0.0578125 0.056640625
0 0.0671875 0.4794921875 0.059375 0.056640625
0 0.328125 0.4482421875 0.059375 0.056640625
0 0.3640625 0.751953125 0.059375 0.0546875
0 0.4859375 0.67578125 0.059375 0.0546875
0 0.09921875 0.724609375 0.0578125 0.05859375
0 0.63203125 0.78125 0.0578125 0.0546875
0 0.4578125 0.431640625 0.05625 0.0546875
0 0.309375 0.8212890625 0.059375 0.056640625
0 0.08125 0.603515625 0.059375 0.0546875
0 0.115625 0.845703125 0.059375 0.0546875
0 0.39375 0.44140625 0.059375 0.0546875
0 0.3796875 0.875 0.05625 0.0546875
0 0.559375 0.7275390625 0.05625 0.056640625
0 0.46328125 0.494140625 0.0578125 0.0546875
0 0.12265625 0.9072265625 0.0578125 0.056640625
0 0.71640625 0.40234375 0.0578125 0.0546875
0 0.1984375 0.4638671875 0.05625 0.056640625
