0 0.42109375 0.30078125 0.0390625 0.046875
0 0.53828125 0.236328125 0.0390625 0.046875
0 0.5046875 0.5498046875 0.0375 0.044921875
0 0.6546875 0.2158203125 0.040625 0.044921875
0 0.62734375 0.4833984375 0.0390625 0.048828125
0 0.609375 0.6708984375 0.040625 0.048828125
0 0.4125 0.69921875 0.040625 0.046875
0 0.64921875 0.6630859375 0.0390625 0.048828125
0 0.39921875 0.4775390625 0.0390625 0.044921875
0 0.43828125 0.4716796875 0.0390625 0.048828125
0 0.5734375 0.6298828125 0.0375 0.048828125
0 0.65703125 0.5693359375 0.0390625 0.048828125
0 0.56875 0.6748046875 0.0375 0.048828125
0 0.6 0.3544921875 0.0375 0.044921875
0 0.37890625 0.658203125 0.0390625 0.046875
0 0.4578125 0.646484375 0.040625 0.046875
0 0.4421875 0.42578125 0.040625 0.046875
0 0.66640625 0.478515625 0.0390625 0.046875
0 0.64921875 0.2587890625 0.0390625 0.044921875
0 0.53828125 0.58984375 0.0390625 0.046875
0 0.465625 0.5556640625 0.040625 0.048828125
0 0.52890625 0.3251953125 0.0390625 0.048828125
0 0.41796875 0.6533203125 0.0390625 0.048828125
0 0.43203125 0.5166015625 0.0390625 0.048828125
0 0.6359375 0.39453125 0.0375 0.046875
0 0.5328125 0.2822265625 0.040625 0.048828125
0 0.68984375 0.2529296875 0.0390625 0.048828125
0 0.58203125 0.537109375 0.0390625 0.046875
0 0.53515625 0.634765625 0.0390625 0.046875
0 0.45234375 0.3388671875 0.0390625 0.044921875
0 0.59140625 0.4453125 0.0390625 0.046875
0 0.4953125 0.287109375 0.040625 0.046875
0 0.49140625 0.6875 0.0390625 0.046875
0 0.5 0.59375 0.0375 0.046875
0 0.46953125 0.509765625 0.0390625 0.046875
0 0.57734375 0.58203125 0.0390625 0.046875
0 0.61328125 0.6220703125 0.0390625 0.048828125
0 0.59765625 0.3994140625 0.0390625 0.048828125
0 0.6625 0.5244140625 0.040625 0.048828125
0 0.51953125 0.4140625 0.0390625 0.046875
0 0.50078125 0.2412109375 0.0390625 0.048828125
0 0.409375 0.3896484375 0.0375 0.048828125
0 0.56171875 0.36328125 0.0390625 0.046875
0 0.67421875 0.3857421875 0.0390625 0.044921875
0 0.5484375 0.498046875 0.040625 0.046875
0 0.51484375 0.4599609375 0.0390625 0.048828125
0 0.45234375 0.6943359375 0.0390625 0.048828125
0 0.684375 0.298828125 0.040625 0.046875
0 0.57265625 0.2724609375 0.0390625 0.048828125
0 0.55234375 0.4521484375 0.0390625 0.048828125
0 0.58828125 0.490234375 0.0390625 0.046875
0 0.46171875 0.6025390625 0.0390625 0.044921875
0 0.6390625 0.3486328125 0.040625 0.048828125
0 0.60546875 0.310546875 0.0390625 0.046875
0 0.390625 0.5673828125 0.0375 0.048828125
0 0.4234375 0.6083984375 0.0375 0.048828125
0 0.56640625 0.318359375 0.0390625 0.046875
0 0.61171875 0.267578125 0.0390625 0.046875
0 0.54296875 0.54296875 0.0390625 0.046875
0 0.50859375 0.5048828125 0.0390625 0.048828125
0 0.38515625 0.615234375 0.0390625 0.046875
0 0.63125 0.4404296875 0.040625 0.048828125
0 0.48984375 0.33203125 0.0390625 0.046875
0 0.44765625 0.3828125 0.0390625 0.046875
0 0.65234375 0.6181640625 0.0390625 0.048828125
0 0.69453125 0.2080078125 0.0390625 0.048828125
0 0.6171875 0.5771484375 0.040625 0.048828125
0 0.53046875 0.6826171875 0.0390625 0.048828125
0 0.47578125 0.4658203125 0.0390625 0.044921875
0 0.4578125 0.2939453125 0.040625 0.048828125
0 0.4046875 0.4326171875 0.040625 0.048828125
0 0.46328125 0.2509765625 0.0390625 0.048828125
0 0.48515625 0.3759765625 0.0390625 0.048828125
0 0.62109375 0.53125 0.0390625 0.046875
0 0.67109375 0.4326171875 0.0390625 0.048828125
0 0.5234375 0.3681640625 0.0375 0.048828125
0 0.67890625 0.341796875 0.0390625 0.046875
0 0.48203125 0.4208984375 0.0390625 0.048828125
0 0.55859375 0.4072265625 0.0390625 0.048828125
0 0.4953125 0.6416015625 0.040625 0.048828125
0 0.64453125 0.3037109375 0.0390625 0.048828125
0 0.39453125 0.521484375 0.0390625 0.046875
0 0.42734375 0.5615234375 0.0359375 0.044921875
0 0.37578125 0.7060546875 0.0390625 0.048828125
0 0.61484375 0.2216796875 0.0390625 0.048828125
0 0.57734375 0.2294921875 0.0390625 0.048828125
0 0.425 0.255859375 0.0375 0.046875
0 0.41484375 0.3447265625 0.0390625 0.048828125
