0 0.66953125 0.537109375 0.0484375 0.0546875
0 0.61796875 0.6103515625 0.0484375 0.056640625
0 0.78828125 0.6513671875 0.0484375 0.056640625
0 0.78046875 0.521484375 0.0484375 0.0546875
0 0.45078125 0.5703125 0.0484375 0.0546875
0 0.71015625 0.1474609375 0.0484375 0.056640625
0 0.71640625 0.337890625 0.0484375 0.0546875
0 0.50703125 0.6259765625 0.0484375 0.056640625
0 0.77265625 0.3291015625 0.0484375 0.056640625
0 0.559375 0.5546875 0.05 0.0546875
0 0.60078125 0.166015625 0.0484375 0.0546875
0 0.49140625 0.18359375 0.0484375 0.0546875
0 0.66484375 0.4091796875 0.0484375 0.056640625
0 0.78515625 0.5859375 0.0484375 0.0546875
0 0.55390625 0.427734375 0.0484375 0.0546875
0 0.60546875 0.3564453125 0.0484375 0.056640625
0 0.71328125 0.2099609375 0.0484375 0.056640625
0 0.84453125 0.6416015625 0.0484375 0.056640625
0 0.68046875 0.7314453125 0.0484375 0.056640625
0 0.77421875 0.3916015625 0.0484375 0.056640625
0 0.72421875 0.5302734375 0.0484375 0.056640625
0 0.50078125 0.4990234375 0.0484375 0.056640625
0 0.83359375 0.447265625 0.0484375 0.0546875
0 0.4953125 0.30859375 0.05 0.0546875
0 0.54609375 0.1748046875 0.0484375 0.056640625
0 0.65390625 0.1572265625 0.0484375 0.056640625
0 0.4390625 0.1923828125 0.05 0.056640625
0 0.49765625 0.3720703125 0.0484375 0.056640625
0 0.49296875 0.24609375 0.0484375 0.0546875
0 0.61328125 0.5458984375 0.0484375 0.056640625
0 0.51328125 0.7568359375 0.0484375 0.056640625
0 0.73203125 0.658203125 0.0484375 0.0546875
0 0.55703125 0.490234375 0.0484375 0.0546875
0 0.82109375 0.1298828125 0.0484375 0.056640625
0 0.72890625 0.5927734375 0.0484375 0.056640625
0 0.66171875 0.3466796875 0.0484375 0.056640625
0 0.8234375 0.1923828125 0.05 0.056640625
0 0.60390625 0.291015625 0.0484375 0.0546875
0 0.76953125 0.2666015625 0.0484375 0.056640625
0 0.60234375 0.228515625 0.0484375 0.0546875
0 0.65234375 0.09375 0.0484375 0.0546875
0 0.82890625 0.3203125 0.0484375 0.0546875
0 0.44453125 0.443359375 0.0484375 0.0546875
0 0.72265625 0.4658203125 0.0484375 0.056640625
0 0.81953125 0.0673828125 0.0484375 0.056640625
0 0.56484375 0.6826171875 0.0484375 0.056640625
0 0.76484375 0.138671875 0.0484375 0.0546875
0 0.61171875 0.4814453125 0.0484375 0.056640625
0 0.55234375 0.3623046875 0.0484375 0.056640625
0 0.56953125 0.7470703125 0.0484375 0.056640625
0 0.45859375 0.7646484375 0.0484375 0.056640625
0 0.71484375 0.275390625 0.0484375 0.0546875
0 0.54921875 0.2998046875 0.0484375 0.056640625
0 0.44140625 0.3173828125 0.0484375 0.056640625
0 0.79296875 0.7158203125 0.0484375 0.056640625
0 0.44609375 0.5078125 0.0484375 0.0546875
0 0.84140625 0.5771484375 0.0484375 0.056640625
0 0.45390625 0.7001953125 0.0484375 0.056640625
0 0.51015625 0.69140625 0.0484375 0.0546875
0 0.44296875 0.3798828125 0.0484375 0.056640625
0 0.61953125 0.67578125 0.0484375 0.0546875
0 0.50546875 0.5615234375 0.0484375 0.056640625
0 0.65859375 0.2841796875 0.0484375 0.056640625
0 0.70859375 0.0849609375 0.0484375 0.056640625
0 0.54453125 0.1123046875 0.0484375 0.056640625
0 0.76328125 0.076171875 0.0484375 0.0546875
0 0.6234375 0.7412109375 0.05 0.056640625
0 0.7671875 0.201171875 0.05 0.0546875
0 0.84921875 0.70703125 0.0484375 0.0546875
0 0.66640625 0.474609375 0.0484375 0.0546875
0 0.67265625 0.6025390625 0.0484375 0.056640625
0 0.48984375 0.12109375 0.0484375 0.0546875
0 0.59765625 0.1025390625 0.0484375 0.056640625
0 0.67578125 0.6669921875 0.0484375 0.056640625
0 0.54765625 0.2373046875 0.0484375 0.056640625
0 0.49921875 0.4365234375 0.0484375 0.056640625
0 0.83125 0.384765625 0.05 0.0546875
0 0.71796875 0.400390625 0.0484375 0.0546875
0 0.56171875 0.6181640625 0.0484375 0.056640625
0 0.61015625 0.4189453125 0.0484375 0.056640625
0 0.83671875 0.5126953125 0.0484375 0.056640625
0 0.77890625 0.4560546875 0.0484375 0.056640625
0 0.65703125 0.2197265625 0.0484375 0.056640625
0 0.4390625 0.2548828125 0.05 0.056640625
0 0.73671875 0.72265625 0.0484375 0.0546875
0 0.82578125 0.2548828125 0.0484375 0.056640625
0 0.43671875 0.1298828125 0.0484375 0.056640625
0 0.45234375 0.6357421875 0.0484375 0.056640625
