0 0.64921875 0.5986328125 0.0390625 0.048828125
0 0.36953125 0.6611328125 0.0390625 0.048828125
0 0.61328125 0.4267578125 0.0390625 0.048828125
0 0.57109375 0.5986328125 0.0390625 0.048828125
0 0.57578125 0.3681640625 0.0390625 0.048828125
0 0.45390625 0.5419921875 0.0390625 0.048828125
0 0.33046875 0.6025390625 0.0390625 0.048828125
0 0.49296875 0.6005859375 0.0390625 0.048828125
0 0.68828125 0.5966796875 0.0390625 0.048828125
0 0.41484375 0.3662109375 0.0390625 0.048828125
0 0.41328125 0.4833984375 0.0390625 0.048828125
0 0.53515625 0.4248046875 0.0390625 0.048828125
0 0.45078125 0.6591796875 0.0390625 0.048828125
0 0.32890625 0.6611328125 0.0390625 0.048828125
0 0.41484375 0.4248046875 0.0390625 0.048828125
0 0.65390625 0.3681640625 0.0390625 0.048828125
0 0.45234375 0.6005859375 0.0390625 0.048828125
0 0.57109375 0.6572265625 0.0390625 0.048828125
0 0.57421875 0.4267578125 0.0390625 0.048828125
0 0.65234375 0.4267578125 0.0390625 0.048828125
0 0.53203125 0.5986328125 0.0390625 0.048828125
0 0.49140625 0.6591796875 0.0390625 0.048828125
0 0.32734375 0.7216796875 0.0390625 0.048828125
0 0.37109375 0.6025390625 0.0390625 0.048828125
0 0.49453125 0.4248046875 0.0390625 0.048828125
0 0.37421875 0.4248046875 0.0390625 0.048828125
0 0.65234375 0.4833984375 0.0390625 0.048828125
0 0.61640625 0.3115234375 0.0390625 0.048828125
0 0.53046875 0.6572265625 0.0390625 0.048828125
0 0.45546875 0.4248046875 0.0390625 0.048828125
0 0.61015625 0.6552734375 0.0390625 0.048828125
0 0.41015625 0.6611328125 0.0390625 0.048828125
0 0.57421875 0.4833984375 0.0390625 0.048828125
0 0.33359375 0.3662109375 0.0390625 0.048828125
0 0.29140625 0.3662109375 0.0390625 0.048828125
0 0.53359375 0.4833984375 0.0390625 0.048828125
0 0.61484375 0.3681640625 0.0390625 0.048828125
0 0.60859375 0.7138671875 0.0390625 0.048828125
0 0.68984375 0.5400390625 0.0390625 0.048828125
0 0.36796875 0.7197265625 0.0390625 0.048828125
0 0.41171875 0.6005859375 0.0390625 0.048828125
0 0.41015625 0.7197265625 0.0390625 0.048828125
0 0.69140625 0.4267578125 0.0390625 0.048828125
0 0.61328125 0.4833984375 0.0390625 0.048828125
0 0.29140625 0.4248046875 0.0390625 0.048828125
0 0.33203125 0.4248046875 0.0390625 0.048828125
0 0.61015625 0.5986328125 0.0390625 0.048828125
0 0.37265625 0.4833984375 0.0390625 0.048828125
0 0.48984375 0.7158203125 0.0390625 0.048828125
0 0.33203125 0.4853515625 0.0390625 0.048828125
0 0.45078125 0.7177734375 0.0390625 0.048828125
0 0.57265625 0.5419921875 0.0390625 0.048828125
0 0.61171875 0.5419921875 0.0390625 0.048828125
0 0.68984375 0.4833984375 0.0390625 0.048828125
0 0.69296875 0.3115234375 0.0390625 0.048828125
0 0.28828125 0.5439453125 0.0390625 0.048828125
0 0.49765625 0.3095703125 0.0390625 0.048828125
0 0.33046875 0.5439453125 0.0390625 0.048828125
0 0.65078125 0.5400390625 0.0390625 0.048828125
0 0.41640625 0.3076171875 0.0390625 0.048828125
0 0.49453125 0.4833984375 0.0390625 0.048828125
0 0.49609375 0.3681640625 0.0390625 0.048828125
0 0.33359375 0.3076171875 0.0390625 0.048828125
0 0.28515625 0.7216796875 0.0390625 0.048828125
0 0.69296875 0.3681640625 0.0390625 0.048828125
0 0.57578125 0.3095703125 0.0390625 0.048828125
0 0.41328125 0.5419921875 0.0390625 0.048828125
0 0.49296875 0.5419921875 0.0390625 0.048828125
0 0.53046875 0.7158203125 0.0390625 0.048828125
0 0.68828125 0.6552734375 0.0390625 0.048828125
0 0.37578125 0.3076171875 0.0390625 0.048828125
0 0.65546875 0.3115234375 0.0390625 0.048828125
0 0.45390625 0.4833984375 0.0390625 0.048828125
0 0.29296875 0.3056640625 0.0390625 0.048828125
0 0.45703125 0.3095703125 0.0390625 0.048828125
0 0.28984375 0.4853515625 0.0390625 0.048828125
0 0.45546875 0.3681640625 0.0390625 0.048828125
0 0.28671875 0.6630859375 0.0390625 0.048828125
0 0.64921875 0.6552734375 0.0390625 0.048828125
0 0.56953125 0.7138671875 0.0390625 0.048828125
0 0.37421875 0.3662109375 0.0390625 0.048828125
0 0.53671875 0.3681640625 0.0390625 0.048828125
0 0.53359375 0.5419921875 0.0390625 0.048828125
0 0.28828125 0.6025390625 0.0390625 0.048828125
0 0.53671875 0.3095703125 0.0390625 0.048828125
0 0.37109375 0.5439453125 0.0390625 0.048828125
0 0.64765625 0.7119140625 0.0390625 0.048828125
0 0.68671875 0.7119140625 0.0390625 0.048828125
