0 0.30546875 0.6845703125 0.0390625 0.048828125
0 0.38359375 0.2373046875 0.0390625 0.048828125
0 0.34453125 0.5146484375 0.0390625 0.048828125
0 0.26171875 0.318359375 0.0390625 0.046875
0 0.26328125 0.53515625 0.0390625 0.05078125
0 0.38515625 0.5576171875 0.0421875 0.048828125
0 0.50078125 0.6318359375 0.0390625 0.048828125
0 0.303125 0.2548828125 0.040625 0.048828125
0 0.46328125 0.5908203125 0.0390625 0.048828125
0 0.38671875 0.3974609375 0.0390625 0.048828125
0 0.4640625 0.4326171875 0.040625 0.048828125
0 0.30390625 0.3642578125 0.0421875 0.048828125
0 0.42421875 0.388671875 0.0421875 0.05078125
0 0.34453125 0.4072265625 0.0390625 0.048828125
0 0.46484375 0.21875 0.0390625 0.05078125
0 0.46484375 0.1630859375 0.0390625 0.048828125
0 0.26328125 0.58984375 0.0390625 0.05078125
0 0.34453125 0.30078125 0.0390625 0.046875
0 0.26171875 0.263671875 0.0390625 0.05078125
0 0.34453125 0.4609375 0.0390625 0.046875
0 0.4234375 0.599609375 0.040625 0.05078125
0 0.303125 0.19921875 0.040625 0.05078125
0 0.50390625 0.318359375 0.0390625 0.046875
0 0.42578125 0.4423828125 0.0390625 0.048828125
0 0.26328125 0.4814453125 0.0390625 0.048828125
0 0.22265625 0.544921875 0.0390625 0.046875
0 0.42578125 0.2802734375 0.0390625 0.048828125
0 0.4234375 0.7021484375 0.040625 0.048828125
0 0.38359375 0.2900390625 0.0390625 0.048828125
0 0.22265625 0.3837890625 0.0390625 0.048828125
0 0.42578125 0.3330078125 0.0390625 0.048828125
0 0.38359375 0.1806640625 0.0390625 0.048828125
0 0.26171875 0.3720703125 0.0390625 0.048828125
0 0.38359375 0.505859375 0.0390625 0.05078125
0 0.34453125 0.3544921875 0.0390625 0.048828125
0 0.4234375 0.6513671875 0.040625 0.048828125
0 0.26328125 0.7470703125 0.0390625 0.052734375
0 0.303125 0.5263671875 0.040625 0.048828125
0 0.22265625 0.4384765625 0.0390625 0.048828125
0 0.34453125 0.2470703125 0.0390625 0.048828125
0 0.21953125 0.216796875 0.0421875 0.046875
0 0.26328125 0.6416015625 0.0390625 0.048828125
0 0.503125 0.5263671875 0.040625 0.048828125
0 0.34375 0.1904296875 0.040625 0.048828125
0 0.34453125 0.62109375 0.0390625 0.046875
0 0.4234375 0.5478515625 0.040625 0.048828125
0 0.4640625 0.4833984375 0.040625 0.048828125
0 0.30546875 0.6318359375 0.0390625 0.048828125
0 0.30546875 0.41796875 0.0390625 0.05078125
0 0.303125 0.30859375 0.040625 0.05078125
0 0.42578125 0.2265625 0.0390625 0.046875
0 0.34453125 0.5673828125 0.0390625 0.048828125
0 0.26171875 0.208984375 0.0390625 0.046875
0 0.46484375 0.2724609375 0.0390625 0.048828125
0 0.50234375 0.4755859375 0.0390625 0.048828125
0 0.50546875 0.154296875 0.0421875 0.05078125
0 0.38359375 0.6103515625 0.0390625 0.048828125
0 0.26328125 0.6943359375 0.0390625 0.048828125
0 0.46328125 0.6923828125 0.0390625 0.048828125
0 0.38359375 0.662109375 0.0390625 0.046875
0 0.303125 0.73828125 0.040625 0.046875
0 0.46484375 0.3798828125 0.0390625 0.048828125
0 0.50390625 0.208984375 0.0390625 0.046875
0 0.34453125 0.7255859375 0.0390625 0.048828125
0 0.38515625 0.34375 0.0421875 0.046875
0 0.22265625 0.4912109375 0.0390625 0.048828125
0 0.30546875 0.47265625 0.0390625 0.05078125
0 0.42421875 0.1708984375 0.0421875 0.048828125
0 0.38359375 0.7158203125 0.0390625 0.048828125
0 0.50234375 0.4228515625 0.0390625 0.048828125
0 0.30390625 0.578125 0.0421875 0.046875
0 0.34375 0.671875 0.040625 0.046875
0 0.22265625 0.65234375 0.0390625 0.05078125
0 0.46328125 0.537109375 0.0390625 0.046875
0 0.42578125 0.494140625 0.0390625 0.046875
0 0.22265625 0.5986328125 0.0390625 0.048828125
0 0.22265625 0.70703125 0.0390625 0.05078125
0 0.50390625 0.263671875 0.0390625 0.05078125
0 0.2625 0.427734375 0.040625 0.046875
0 0.38359375 0.4501953125 0.0390625 0.048828125
0 0.50390625 0.369140625 0.0390625 0.046875
0 0.46328125 0.6416015625 0.0390625 0.048828125
0 0.2203125 0.2724609375 0.040625 0.048828125
0 0.22265625 0.3291015625 0.0390625 0.048828125
0 0.22265625 0.7587890625 0.0390625 0.048828125
0 0.46484375 0.326171875 0.0390625 0.046875
0 0.50234375 0.578125 0.0390625 0.046875
0 0.5015625 0.6826171875 0.040625 0.048828125
