0 0.46953125 0.3955078125 0.0390625 0.048828125
0 0.51171875 0.3310546875 0.0390625 0.048828125
0 0.37421875 0.2958984375 0.0390625 0.048828125
0 0.38046875 0.4091796875 0.0390625 0.048828125
0 0.64609375 0.3662109375 0.0390625 0.048828125
0 0.43671875 0.7353515625 0.0390625 0.048828125
0 0.43203125 0.5693359375 0.0390625 0.048828125
0 0.60078125 0.3173828125 0.0390625 0.048828125
0 0.38671875 0.5771484375 0.0390625 0.048828125
0 0.55859375 0.3798828125 0.0390625 0.048828125
0 0.52578125 0.7197265625 0.0390625 0.048828125
0 0.61328125 0.7041015625 0.0390625 0.048828125
0 0.47421875 0.5068359375 0.0390625 0.048828125
0 0.37734375 0.3525390625 0.0390625 0.048828125
0 0.56328125 0.4912109375 0.0390625 0.048828125
0 0.52109375 0.5537109375 0.0390625 0.048828125
0 0.43515625 0.6806640625 0.0390625 0.048828125
0 0.32890625 0.3037109375 0.0390625 0.048828125
0 0.46171875 0.2255859375 0.0390625 0.048828125
0 0.38515625 0.5224609375 0.0390625 0.048828125
0 0.42578125 0.4013671875 0.0390625 0.048828125
0 0.60546875 0.4287109375 0.0390625 0.048828125
0 0.33828125 0.4736328125 0.0390625 0.048828125
0 0.61015625 0.5947265625 0.0390625 0.048828125
0 0.56953125 0.7119140625 0.0390625 0.048828125
0 0.48203125 0.7275390625 0.0390625 0.048828125
0 0.65546875 0.6962890625 0.0390625 0.048828125
0 0.60859375 0.5400390625 0.0390625 0.048828125
0 0.61171875 0.6494140625 0.0390625 0.048828125
0 0.51484375 0.3876953125 0.0390625 0.048828125
0 0.59609375 0.2041015625 0.0390625 0.048828125
0 0.41953125 0.2900390625 0.0390625 0.048828125
0 0.56015625 0.4365234375 0.0390625 0.048828125
0 0.34765625 0.7509765625 0.0390625 0.048828125
0 0.42265625 0.3466796875 0.0390625 0.048828125
0 0.47578125 0.5615234375 0.0390625 0.048828125
0 0.34609375 0.6962890625 0.0390625 0.048828125
0 0.52265625 0.6103515625 0.0390625 0.048828125
0 0.38984375 0.6318359375 0.0390625 0.048828125
0 0.52421875 0.6650390625 0.0390625 0.048828125
0 0.48359375 0.7822265625 0.0390625 0.048828125
0 0.34140625 0.5849609375 0.0390625 0.048828125
0 0.65078125 0.4775390625 0.0390625 0.048828125
0 0.42734375 0.4580078125 0.0390625 0.048828125
0 0.34921875 0.8056640625 0.0390625 0.048828125
0 0.55390625 0.2685546875 0.0390625 0.048828125
0 0.39296875 0.7431640625 0.0390625 0.048828125
0 0.51640625 0.4443359375 0.0390625 0.048828125
0 0.56484375 0.5478515625 0.0390625 0.048828125
0 0.55078125 0.2119140625 0.0390625 0.048828125
0 0.63984375 0.1962890625 0.0390625 0.048828125
0 0.43359375 0.6240234375 0.0390625 0.048828125
0 0.56640625 0.6025390625 0.0390625 0.048828125
0 0.65390625 0.5869140625 0.0390625 0.048828125
0 0.37109375 0.2392578125 0.0390625 0.048828125
0 0.64921875 0.4208984375 0.0390625 0.048828125
0 0.33203125 0.3603515625 0.0390625 0.048828125
0 0.64296875 0.2529296875 0.0390625 0.048828125
0 0.59765625 0.2607421875 0.0390625 0.048828125
0 0.65234375 0.5322265625 0.0390625 0.048828125
0 0.51015625 0.2744140625 0.0390625 0.048828125
0 0.60234375 0.3740234375 0.0390625 0.048828125
0 0.47890625 0.6162109375 0.0390625 0.048828125
0 0.43828125 0.7900390625 0.0390625 0.048828125
0 0.57109375 0.7666015625 0.0390625 0.048828125
0 0.39453125 0.7978515625 0.0390625 0.048828125
0 0.50703125 0.2177734375 0.0390625 0.048828125
0 0.39140625 0.6884765625 0.0390625 0.048828125
0 0.32578125 0.2470703125 0.0390625 0.048828125
0 0.47265625 0.4501953125 0.0390625 0.048828125
0 0.46796875 0.3388671875 0.0390625 0.048828125
0 0.61484375 0.7587890625 0.0390625 0.048828125
0 0.52734375 0.7744140625 0.0390625 0.048828125
0 0.46484375 0.2822265625 0.0390625 0.048828125
0 0.56796875 0.6572265625 0.0390625 0.048828125
0 0.60703125 0.4833984375 0.0390625 0.048828125
0 0.33984375 0.5283203125 0.0390625 0.048828125
0 0.43046875 0.5146484375 0.0390625 0.048828125
0 0.55703125 0.3251953125 0.0390625 0.048828125
0 0.51796875 0.4990234375 0.0390625 0.048828125
0 0.33515625 0.4169921875 0.0390625 0.048828125
0 0.38203125 0.4658203125 0.0390625 0.048828125
0 0.48046875 0.6728515625 0.0390625 0.048828125
0 0.65546875 0.6416015625 0.0390625 0.048828125
0 0.41640625 0.2333984375 0.0390625 0.048828125
0 0.34453125 0.6416015625 0.0390625 0.048828125
0 0.65703125 0.7509765625 0.0390625 0.048828125
0 0.64453125 0.3095703125 0.0390625 0.048828125
