0 0.63828125 0.41796875 0.0578125 0.06640625
0 0.30390625 0.1201171875 0.0578125 0.064453125
0 0.4265625 0.6845703125 0.05625 0.064453125
0 0.41484375 0.099609375 0.0578125 0.06640625
0 0.615625 0.3505859375 0.05625 0.064453125
0 0.40546875 0.24609375 0.0578125 0.06640625
0 0.60703125 0.49609375 0.0578125 0.06640625
0 0.49609375 0.5224609375 0.0578125 0.064453125
0 0.34765625 0.626953125 0.0578125 0.06640625
0 0.54921875 0.146484375 0.0578125 0.06640625
0 0.80390625 0.7470703125 0.0578125 0.064453125
0 0.29296875 0.26953125 0.0578125 0.06640625
0 0.43828125 0.1669921875 0.0578125 0.064453125
0 0.70546875 0.6220703125 0.0578125 0.064453125
0 0.50546875 0.37109375 0.0578125 0.06640625
0 0.51640625 0.224609375 0.0578125 0.06640625
0 0.46171875 0.603515625 0.0578125 0.06640625
0 0.62421875 0.201171875 0.0578125 0.06640625
0 0.36171875 0.4755859375 0.0578125 0.064453125
0 0.3828125 0.5458984375 0.05625 0.064453125
0 0.47265625 0.4521484375 0.0578125 0.064453125
0 0.32578125 0.556640625 0.0578125 0.06640625
0 0.25859375 0.34765625 0.0578125 0.06640625
0 0.37421875 0.3271484375 0.0578125 0.064453125
0 0.528125 0.8125 0.05625 0.06640625
0 0.5625 0.728515625 0.05625 0.06640625
0 0.571875 0.5771484375 0.05625 0.064453125
0 0.21484375 0.208984375 0.0578125 0.06640625
0 0.67265625 0.7021484375 0.0578125 0.064453125
0 0.39453125 0.39453125 0.0578125 0.06640625
0 0.71484375 0.47265625 0.0578125 0.06640625
0 0.32734375 0.1884765625 0.0578125 0.064453125
0 0.528125 0.44140625 0.05625 0.06640625
0 0.47109375 0.8251953125 0.0578125 0.064453125
0 0.53984375 0.29296875 0.0578125 0.06640625
0 0.39140625 0.767578125 0.0578125 0.06640625
0 0.59453125 0.6455078125 0.0578125 0.064453125
0 0.69453125 0.7734375 0.0578125 0.06640625
0 0.65078125 0.634765625 0.0578125 0.06640625
0 0.58359375 0.4287109375 0.0578125 0.064453125
0 0.68203125 0.5537109375 0.0578125 0.064453125
0 0.58359375 0.7998046875 0.0578125 0.064453125
0 0.72578125 0.689453125 0.0578125 0.06640625
0 0.52578125 0.0791015625 0.0578125 0.064453125
0 0.48359375 0.3037109375 0.0578125 0.064453125
0 0.62890625 0.564453125 0.0578125 0.06640625
0 0.44921875 0.7548828125 0.0578125 0.064453125
0 0.69140625 0.4052734375 0.0578125 0.064453125
0 0.73828125 0.541015625 0.0578125 0.06640625
0 0.64765625 0.26953125 0.0578125 0.06640625
0 0.78203125 0.6787109375 0.0578125 0.064453125
0 0.42890625 0.31640625 0.0578125 0.06640625
0 0.7515625 0.759765625 0.05625 0.06640625
0 0.50546875 0.7421875 0.0578125 0.06640625
0 0.28203125 0.41796875 0.0578125 0.06640625
0 0.61796875 0.7158203125 0.0578125 0.064453125
0 0.53984375 0.658203125 0.0578125 0.06640625
0 0.56015625 0.3603515625 0.0578125 0.064453125
0 0.44921875 0.3837890625 0.0578125 0.064453125
0 0.27265625 0.1982421875 0.0578125 0.064453125
0 0.19140625 0.1416015625 0.0578125 0.064453125
0 0.41796875 0.4619140625 0.0578125 0.064453125
0 0.3390625 0.4072265625 0.05625 0.064453125
0 0.47109375 0.0888671875 0.0578125 0.064453125
0 0.3828125 0.177734375 0.05625 0.06640625
0 0.415625 0.8388671875 0.04375 0.060546875
0 0.54921875 0.509765625 0.0390625 0.0546875
0 0.35078125 0.255859375 0.0578125 0.06640625
0 0.48359375 0.6708984375 0.0578125 0.064453125
0 0.40546875 0.6142578125 0.0578125 0.064453125
0 0.43828125 0.533203125 0.0578125 0.06640625
0 0.31640625 0.3369140625 0.0578125 0.064453125
0 0.63828125 0.7861328125 0.0578125 0.064453125
0 0.60234375 0.1357421875 0.0578125 0.064453125
0 0.59296875 0.2822265625 0.0578125 0.064453125
0 0.49296875 0.1572265625 0.0578125 0.064453125
0 0.24921875 0.130859375 0.0578125 0.06640625
0 0.659375 0.486328125 0.05625 0.06640625
0 0.36015625 0.1103515625 0.0578125 0.064453125
0 0.46171875 0.2353515625 0.0578125 0.064453125
0 0.571875 0.2138671875 0.05625 0.064453125
0 0.51875 0.5908203125 0.05625 0.064453125
0 0.30390625 0.48828125 0.0578125 0.06640625
0 0.36953125 0.697265625 0.0578125 0.06640625
0 0.67109375 0.3369140625 0.0578125 0.064453125
0 0.75859375 0.6083984375 0.0578125 0.064453125
0 0.23828125 0.279296875 0.0578125 0.06640625
0 0.57890625 0.068359375 0.0578125 0.06640625
