0 0.35703125 0.2158203125 0.0546875 0.060546875
0 0.33203125 0.4873046875 0.0546875 0.060546875
0 0.240625 0.8115234375 0.05625 0.060546875
0 0.53671875 0.4384765625 0.0578125 0.060546875
0 0.34453125 0.3525390625 0.0546875 0.060546875
0 0.25 0.6796875 0.05625 0.05859375
0 0.46171875 0.5 0.0578125 0.05859375
0 0.4421875 0.7646484375 0.05625 0.060546875
0 0.26171875 0.5478515625 0.0578125 0.060546875
0 0.51328125 0.705078125 0.0546875 0.05859375
0 0.48984375 0.228515625 0.0578125 0.05859375
0 0.22578125 0.134765625 0.0546875 0.05859375
0 0.39921875 0.4931640625 0.0546875 0.060546875
0 0.696875 0.1787109375 0.05625 0.060546875
0 0.47578125 0.36328125 0.0578125 0.05859375
0 0.41015625 0.3583984375 0.0546875 0.060546875
0 0.64609375 0.7177734375 0.0546875 0.060546875
0 0.27109375 0.4130859375 0.0546875 0.060546875
0 0.30859375 0.751953125 0.0578125 0.05859375
0 0.40390625 0.42578125 0.0546875 0.05859375
0 0.56015625 0.166015625 0.0546875 0.05859375
0 0.32265625 0.6201171875 0.0546875 0.060546875
0 0.54765625 0.3037109375 0.0546875 0.060546875
0 0.45859375 0.5654296875 0.0546875 0.060546875
0 0.3171875 0.6875 0.05625 0.05859375
0 0.68515625 0.314453125 0.0546875 0.05859375
0 0.5265625 0.5712890625 0.05625 0.056640625
0 0.42109375 0.220703125 0.0578125 0.05859375
0 0.48203125 0.2958984375 0.0578125 0.060546875
0 0.59140625 0.5771484375 0.0546875 0.060546875
0 0.56953125 0.8447265625 0.0578125 0.060546875
0 0.37734375 0.759765625 0.0546875 0.05859375
0 0.45390625 0.6318359375 0.0546875 0.060546875
0 0.25546875 0.615234375 0.0578125 0.05859375
0 0.5859375 0.6455078125 0.05625 0.060546875
0 0.61484375 0.30859375 0.0546875 0.05859375
0 0.65859375 0.583984375 0.0546875 0.05859375
0 0.21640625 0.2705078125 0.0546875 0.060546875
0 0.51875 0.6396484375 0.05625 0.060546875
0 0.6703125 0.44921875 0.05625 0.05859375
0 0.19609375 0.54296875 0.0546875 0.05859375
0 0.603125 0.4443359375 0.05625 0.056640625
0 0.20703125 0.408203125 0.0578125 0.05859375
0 0.28359375 0.2783203125 0.0546875 0.060546875
0 0.38046875 0.6923828125 0.0546875 0.060546875
0 0.68828125 0.24609375 0.0546875 0.05859375
0 0.38671875 0.6279296875 0.0546875 0.060546875
0 0.60859375 0.376953125 0.0546875 0.05859375
0 0.30703125 0.8193359375 0.0578125 0.060546875
0 0.328125 0.552734375 0.05625 0.05859375
0 0.53046875 0.5048828125 0.0578125 0.060546875
0 0.6640625 0.5166015625 0.05625 0.056640625
0 0.20078125 0.4755859375 0.0578125 0.060546875
0 0.634375 0.8515625 0.05625 0.05859375
0 0.22265625 0.2041015625 0.0546875 0.060546875
0 0.5796875 0.7119140625 0.05625 0.060546875
0 0.55625 0.234375 0.05625 0.05859375
0 0.63984375 0.7841796875 0.0546875 0.060546875
0 0.27734375 0.345703125 0.0546875 0.05859375
0 0.509375 0.7724609375 0.05625 0.060546875
0 0.6296875 0.1708984375 0.05625 0.060546875
0 0.54140625 0.3701171875 0.0546875 0.060546875
0 0.18203125 0.7421875 0.0546875 0.05859375
0 0.3484375 0.283203125 0.05625 0.05859375
0 0.50390625 0.8388671875 0.0546875 0.060546875
0 0.21328125 0.337890625 0.0578125 0.05859375
0 0.33828125 0.4208984375 0.0546875 0.060546875
0 0.4265625 0.1533203125 0.05625 0.060546875
0 0.43359375 0.83203125 0.0546875 0.05859375
0 0.18359375 0.6748046875 0.0546875 0.060546875
0 0.37421875 0.8271484375 0.0578125 0.060546875
0 0.26328125 0.48046875 0.0546875 0.05859375
0 0.57578125 0.779296875 0.0578125 0.05859375
0 0.17578125 0.8076171875 0.0546875 0.060546875
0 0.28515625 0.2099609375 0.0546875 0.056640625
0 0.29296875 0.1416015625 0.0546875 0.060546875
0 0.18671875 0.607421875 0.0578125 0.05859375
0 0.596875 0.51171875 0.05625 0.05859375
0 0.6234375 0.2412109375 0.05625 0.060546875
0 0.359375 0.146484375 0.05625 0.05859375
0 0.46953125 0.4326171875 0.0578125 0.060546875
0 0.39296875 0.5595703125 0.0546875 0.060546875
0 0.41796875 0.291015625 0.0546875 0.05859375
0 0.49296875 0.1591796875 0.0546875 0.060546875
0 0.24609375 0.7470703125 0.0546875 0.060546875
0 0.67578125 0.3818359375 0.0546875 0.056640625
0 0.4484375 0.7001953125 0.05625 0.060546875
0 0.65234375 0.6513671875 0.0546875 0.056640625
