0 0.28203125 0.501953125 0.0390625 0.046875
0 0.17109375 0.5947265625 0.0390625 0.048828125
0 0.1859375 0.4833984375 0.040625 0.048828125
0 0.2078125 0.31640625 0.040625 0.046875
0 0.265625 0.6142578125 0.040625 0.048828125
0 0.31796875 0.22265625 0.0390625 0.05078125
0 0.2140625 0.259765625 0.0375 0.046875
0 0.221875 0.203125 0.040625 0.046875
0 0.153125 0.3623046875 0.040625 0.048828125
0 0.24921875 0.3818359375 0.0390625 0.048828125
0 0.25078125 0.724609375 0.0390625 0.046875
0 0.34921875 0.345703125 0.0390625 0.046875
0 0.30234375 0.333984375 0.0390625 0.05078125
0 0.3140625 0.6220703125 0.040625 0.048828125
0 0.36484375 0.2314453125 0.0390625 0.048828125
0 0.178125 0.5400390625 0.040625 0.048828125
0 0.26953125 0.212890625 0.0390625 0.046875
0 0.14453125 0.41796875 0.0390625 0.046875
0 0.21875 0.603515625 0.040625 0.046875
0 0.2109375 0.6591796875 0.040625 0.048828125
0 0.13203125 0.123046875 0.0296875 0.05078125
0 0.203125 0.7158203125 0.040625 0.048828125
0 0.1734375 0.1923828125 0.0375 0.048828125
0 0.309375 0.27734375 0.040625 0.05078125
0 0.334375 0.455078125 0.040625 0.05078125
0 0.25625 0.3251953125 0.040625 0.048828125
0 0.2953125 0.3916015625 0.0375 0.048828125
0 0.29765625 0.732421875 0.0390625 0.05078125
0 0.34296875 0.3994140625 0.0390625 0.048828125
0 0.10703125 0.69921875 0.0265625 0.046875
0 0.20078125 0.373046875 0.0390625 0.046875
0 0.16015625 0.3056640625 0.0390625 0.048828125
0 0.325 0.166015625 0.040625 0.05078125
0 0.24140625 0.4365234375 0.0390625 0.048828125
0 0.234375 0.4931640625 0.040625 0.048828125
0 0.27421875 0.556640625 0.0390625 0.05078125
0 0.13828125 0.4755859375 0.0390625 0.048828125
0 0.11484375 0.642578125 0.0390625 0.05078125
0 0.328125 0.51171875 0.0375 0.05078125
0 0.2890625 0.447265625 0.040625 0.046875
0 0.26171875 0.26953125 0.0390625 0.046875
0 0.22890625 0.146484375 0.0390625 0.046875
0 0.3203125 0.56640625 0.0375 0.05078125
0 0.12265625 0.5869140625 0.0390625 0.048828125
0 0.3578125 0.2880859375 0.040625 0.048828125
0 0.15625 0.70703125 0.040625 0.046875
0 0.22578125 0.548828125 0.0390625 0.046875
0 0.30625 0.6767578125 0.040625 0.048828125
0 0.125 0.181640625 0.021875 0.046875
0 0.259375 0.6689453125 0.040625 0.048828125
0 0.17890625 0.1357421875 0.0390625 0.048828125
0 0.2765625 0.1552734375 0.040625 0.048828125
0 0.1671875 0.2490234375 0.040625 0.048828125
0 0.19453125 0.427734375 0.0390625 0.046875
0 0.1625 0.650390625 0.040625 0.046875
0 0.1296875 0.5322265625 0.040625 0.048828125
0 0.37265625 0.173828125 0.0390625 0.046875
