0 0.76640625 0.5634765625 0.0484375 0.056640625
0 0.62734375 0.4052734375 0.0453125 0.056640625
0 0.55546875 0.5185546875 0.0484375 0.056640625
0 0.69765625 0.2890625 0.0453125 0.0546875
0 0.84609375 0.384765625 0.0484375 0.0546875
0 0.7046875 0.6162109375 0.04375 0.052734375
0 0.54765625 0.5810546875 0.0453125 0.056640625
0 0.61875 0.466796875 0.046875 0.0546875
0 0.80234375 0.7021484375 0.0453125 0.056640625
0 0.73984375 0.755859375 0.0453125 0.05859375
0 0.77421875 0.5009765625 0.0453125 0.056640625
0 0.67109375 0.478515625 0.0484375 0.0546875
0 0.69765625 0.6796875 0.0453125 0.0546875
0 0.62578125 0.796875 0.0484375 0.0546875
0 0.590625 0.6572265625 0.046875 0.056640625
0 0.85390625 0.7138671875 0.0484375 0.056640625
0 0.65234375 0.6025390625 0.0453125 0.056640625
0 0.81875 0.5751953125 0.046875 0.056640625
0 0.56484375 0.8486328125 0.0453125 0.056640625
0 0.6171875 0.859375 0.04375 0.0546875
0 0.6359375 0.341796875 0.046875 0.05859375
0 0.77578125 0.8935546875 0.0484375 0.056640625
0 0.90703125 0.3330078125 0.0453125 0.056640625
0 0.47734375 0.6982421875 0.0453125 0.056640625
0 0.58359375 0.328125 0.0484375 0.0546875
0 0.73125 0.8193359375 0.046875 0.056640625
0 0.5484375 0.1884765625 0.046875 0.056640625
0 0.6609375 0.5400390625 0.046875 0.056640625
0 0.46640625 0.7626953125 0.0453125 0.056640625
0 0.58046875 0.7197265625 0.0484375 0.056640625
0 0.678125 0.8076171875 0.046875 0.056640625
0 0.85546875 0.322265625 0.0453125 0.0546875
0 0.51328125 0.4423828125 0.0484375 0.052734375
0 0.78359375 0.4365234375 0.0484375 0.052734375
0 0.74921875 0.2998046875 0.0453125 0.056640625
0 0.60234375 0.2021484375 0.0453125 0.052734375
0 0.49453125 0.5693359375 0.0453125 0.056640625
0 0.5109375 0.8369140625 0.046875 0.056640625
0 0.740625 0.3623046875 0.046875 0.056640625
0 0.73125 0.42578125 0.046875 0.05859375
0 0.59375 0.265625 0.046875 0.0546875
0 0.79375 0.373046875 0.046875 0.0546875
0 0.75859375 0.2373046875 0.0484375 0.056640625
0 0.528125 0.708984375 0.046875 0.0546875
0 0.521875 0.380859375 0.04375 0.05859375
0 0.80859375 0.638671875 0.0484375 0.05859375
0 0.8890625 0.4599609375 0.046875 0.052734375
0 0.8640625 0.6494140625 0.046875 0.052734375
0 0.82734375 0.5126953125 0.0453125 0.056640625
0 0.8109375 0.2490234375 0.046875 0.056640625
0 0.59921875 0.591796875 0.0453125 0.0546875
0 0.72265625 0.8837890625 0.0453125 0.052734375
0 0.79296875 0.7666015625 0.0453125 0.052734375
0 0.70625 0.224609375 0.046875 0.05859375
0 0.64375 0.6689453125 0.046875 0.056640625
0 0.51953125 0.7744140625 0.0453125 0.056640625
0 0.68828125 0.7421875 0.0484375 0.0546875
0 0.57265625 0.7822265625 0.0453125 0.056640625
0 0.71328125 0.5517578125 0.0484375 0.056640625
0 0.89765625 0.3974609375 0.0453125 0.052734375
0 0.8375 0.83984375 0.04375 0.05859375
0 0.84453125 0.7763671875 0.0453125 0.056640625
0 0.74921875 0.6904296875 0.0453125 0.056640625
0 0.52890625 0.3173828125 0.0453125 0.056640625
0 0.8640625 0.259765625 0.046875 0.0546875
0 0.60859375 0.529296875 0.0484375 0.0546875
0 0.53828125 0.646484375 0.0484375 0.0546875
0 0.88046875 0.5234375 0.0453125 0.0546875
0 0.64609375 0.2763671875 0.0484375 0.056640625
0 0.4578125 0.826171875 0.046875 0.0546875
0 0.66953125 0.8701171875 0.0453125 0.056640625
0 0.75625 0.626953125 0.046875 0.05859375
0 0.57421875 0.390625 0.0453125 0.0546875
0 0.6359375 0.7314453125 0.046875 0.056640625
0 0.503125 0.5078125 0.046875 0.0546875
0 0.6546875 0.2119140625 0.04375 0.056640625
0 0.78359375 0.830078125 0.0484375 0.0546875
0 0.82890625 0.904296875 0.0484375 0.0546875
0 0.80234375 0.3115234375 0.0453125 0.056640625
0 0.72265625 0.4892578125 0.0453125 0.056640625
0 0.87109375 0.5859375 0.0484375 0.0546875
0 0.6796875 0.4150390625 0.04375 0.052734375
0 0.565625 0.4560546875 0.046875 0.056640625
0 0.8359375 0.4501953125 0.046875 0.056640625
0 0.91640625 0.26953125 0.0484375 0.05859375
0 0.4859375 0.6328125 0.046875 0.05859375
0 0.68828125 0.3515625 0.0484375 0.0546875
0 0.53828125 0.2548828125 0.0484375 0.056640625
