0 0.47578125 0.5107421875 0.0546875 0.064453125
0 0.40078125 0.576171875 0.0546875 0.06640625
0 0.29140625 0.400390625 0.0546875 0.06640625
0 0.31171875 0.79296875 0.0546875 0.06640625
0 0.49453125 0.3564453125 0.0546875 0.068359375
0 0.49609375 0.9033203125 0.0546875 0.068359375
0 0.38515625 0.7275390625 0.0546875 0.064453125
0 0.56484375 0.2900390625 0.0546875 0.064453125
0 0.58515625 0.1337890625 0.0546875 0.064453125
0 0.30859375 0.24609375 0.0546875 0.06640625
0 0.58515625 0.685546875 0.0546875 0.06640625
0 0.20078125 0.6201171875 0.0546875 0.064453125
0 0.38203125 0.1787109375 0.0515625 0.064453125
0 0.17890625 0.2236328125 0.0546875 0.064453125
0 0.12734375 0.685546875 0.0546875 0.06640625
0 0.31640625 0.1689453125 0.0546875 0.064453125
0 0.52109375 0.6748046875 0.0546875 0.064453125
0 0.21640625 0.466796875 0.0546875 0.06640625
0 0.42890625 0.345703125 0.0546875 0.06640625
0 0.41328125 0.5009765625 0.0546875 0.064453125
0 0.24921875 0.7822265625 0.0546875 0.064453125
0 0.56640625 0.8369140625 0.0546875 0.064453125
0 0.50234375 0.2802734375 0.0546875 0.064453125
0 0.22734375 0.390625 0.0546875 0.06640625
0 0.50390625 0.8271484375 0.0546875 0.064453125
0 0.59609375 0.6103515625 0.0546875 0.064453125
0 0.29921875 0.32421875 0.0546875 0.06640625
0 0.31953125 0.7177734375 0.0546875 0.064453125
0 0.54140625 0.521484375 0.0546875 0.06640625
0 0.33828125 0.5654296875 0.0546875 0.064453125
0 0.27421875 0.5556640625 0.0546875 0.064453125
0 0.43203125 0.8916015625 0.0546875 0.064453125
0 0.18515625 0.7724609375 0.0546875 0.064453125
0 0.63046875 0.30078125 0.0546875 0.06640625
0 0.61171875 0.4560546875 0.0546875 0.064453125
0 0.45546875 0.1142578125 0.0546875 0.064453125
0 0.48359375 0.4345703125 0.0546875 0.068359375
0 0.36484375 0.3349609375 0.0546875 0.064453125
0 0.35703125 0.412109375 0.0546875 0.06640625
0 0.26484375 0.630859375 0.0546875 0.06640625
0 0.13515625 0.6103515625 0.0546875 0.064453125
0 0.3671875 0.8818359375 0.053125 0.064453125
0 0.51171875 0.7509765625 0.0546875 0.068359375
0 0.16953125 0.30078125 0.0546875 0.06640625
0 0.45703125 0.6630859375 0.0546875 0.064453125
0 0.60390625 0.53125 0.0546875 0.06640625
0 0.16484375 0.3798828125 0.0546875 0.064453125
0 0.44765625 0.1904296875 0.0546875 0.064453125
0 0.44921875 0.7412109375 0.0546875 0.068359375
0 0.33046875 0.6416015625 0.0546875 0.068359375
0 0.51171875 0.2021484375 0.0546875 0.068359375
0 0.25078125 0.1572265625 0.0546875 0.068359375
0 0.39296875 0.65234375 0.0546875 0.06640625
0 0.20859375 0.5458984375 0.0546875 0.064453125
0 0.25703125 0.7080078125 0.0546875 0.064453125
0 0.54921875 0.4453125 0.0546875 0.06640625
0 0.43671875 0.267578125 0.0546875 0.06640625
0 0.52109375 0.1240234375 0.0546875 0.064453125
0 0.34765625 0.490234375 0.0546875 0.06640625
0 0.42109375 0.423828125 0.0546875 0.06640625
0 0.23671875 0.8583984375 0.0546875 0.068359375
0 0.53203125 0.59765625 0.0546875 0.06640625
0 0.24296875 0.2353515625 0.0546875 0.064453125
0 0.39140625 0.1025390625 0.0546875 0.068359375
0 0.17421875 0.84765625 0.0546875 0.06640625
0 0.62109375 0.37890625 0.0546875 0.06640625
0 0.11015625 0.8369140625 0.0546875 0.064453125
0 0.37734375 0.8056640625 0.0546875 0.068359375
0 0.63984375 0.2236328125 0.0546875 0.064453125
0 0.55703125 0.3671875 0.0546875 0.06640625
0 0.43984375 0.8173828125 0.0546875 0.064453125
0 0.65078125 0.14453125 0.0546875 0.06640625
0 0.46640625 0.5859375 0.0546875 0.06640625
0 0.57734375 0.2119140625 0.0546875 0.068359375
0 0.55859375 0.9130859375 0.0546875 0.068359375
0 0.23671875 0.3125 0.0546875 0.06640625
0 0.19296875 0.6962890625 0.0546875 0.068359375
0 0.26171875 0.0791015625 0.0546875 0.064453125
0 0.11796875 0.7626953125 0.0546875 0.064453125
0 0.15390625 0.4560546875 0.0546875 0.064453125
0 0.57578125 0.7626953125 0.0546875 0.064453125
0 0.1953125 0.0693359375 0.053125 0.064453125
0 0.37265625 0.2568359375 0.0546875 0.068359375
0 0.30234375 0.8720703125 0.0546875 0.064453125
0 0.32578125 0.08984375 0.0546875 0.06640625
0 0.2828125 0.4765625 0.053125 0.06640625
0 0.14609375 0.53125 0.0546875 0.06640625
0 0.18671875 0.1474609375 0.0546875 0.068359375
