0 0.70390625 0.3193359375 0.0390625 0.048828125
0 0.64375 0.3134765625 0.040625 0.044921875
0 0.80390625 0.4599609375 0.0390625 0.044921875
0 0.61015625 0.5029296875 0.0390625 0.048828125
0 0.74375 0.4541015625 0.040625 0.048828125
0 0.571875 0.3671875 0.040625 0.046875
0 0.6703125 0.5087890625 0.040625 0.048828125
0 0.47578125 0.5517578125 0.0390625 0.044921875
0 0.58671875 0.6328125 0.0390625 0.046875
0 0.5015625 0.7587890625 0.0375 0.048828125
0 0.54921875 0.4951171875 0.0390625 0.048828125
0 0.6453125 0.47265625 0.040625 0.046875
0 0.54921875 0.6611328125 0.0390625 0.048828125
0 0.4265625 0.6455078125 0.040625 0.044921875
0 0.45078125 0.6826171875 0.0390625 0.044921875
0 0.4984375 0.421875 0.040625 0.046875
0 0.525 0.6240234375 0.040625 0.048828125
0 0.73203125 0.5166015625 0.0390625 0.048828125
0 0.415625 0.5439453125 0.040625 0.048828125
0 0.53828125 0.7275390625 0.0390625 0.048828125
0 0.84140625 0.4306640625 0.0390625 0.048828125
0 0.5359375 0.5576171875 0.040625 0.048828125
0 0.61171875 0.6689453125 0.0390625 0.044921875
0 0.5109375 0.3603515625 0.0375 0.048828125
0 0.40234375 0.4453125 0.0390625 0.046875
0 0.63203125 0.3740234375 0.0390625 0.048828125
0 0.51171875 0.5224609375 0.0390625 0.048828125
0 0.64921875 0.638671875 0.0390625 0.046875
0 0.37734375 0.5712890625 0.0390625 0.048828125
0 0.5 0.5869140625 0.040625 0.048828125
0 0.4390625 0.416015625 0.0375 0.046875
0 0.59453125 0.40234375 0.0390625 0.046875
0 0.68125 0.4453125 0.040625 0.046875
0 0.76796875 0.48828125 0.0390625 0.046875
0 0.83125 0.4951171875 0.0375 0.048828125
0 0.70546875 0.4814453125 0.0390625 0.048828125
0 0.72890625 0.3544921875 0.0390625 0.044921875
0 0.36640625 0.47265625 0.0390625 0.046875
0 0.4890625 0.65234375 0.040625 0.046875
0 0.66796875 0.34765625 0.0390625 0.046875
0 0.4625 0.451171875 0.040625 0.046875
0 0.7796875 0.4248046875 0.040625 0.048828125
0 0.69375 0.3828125 0.0375 0.046875
0 0.721875 0.5830078125 0.0375 0.048828125
0 0.571875 0.5302734375 0.040625 0.048828125
0 0.6078125 0.3388671875 0.040625 0.048828125
0 0.65625 0.4111328125 0.0375 0.048828125
0 0.5234375 0.458984375 0.0375 0.046875
0 0.76484375 0.3251953125 0.0390625 0.048828125
0 0.45078125 0.5146484375 0.0390625 0.044921875
0 0.68515625 0.6103515625 0.0390625 0.048828125
0 0.634375 0.5380859375 0.040625 0.044921875
0 0.5359375 0.3974609375 0.040625 0.048828125
0 0.5609375 0.5947265625 0.0375 0.048828125
0 0.790625 0.3603515625 0.040625 0.048828125
0 0.73984375 0.291015625 0.0390625 0.046875
0 0.4640625 0.6162109375 0.0375 0.044921875
0 0.75859375 0.552734375 0.0390625 0.046875
0 0.40234375 0.6103515625 0.0390625 0.048828125
0 0.32890625 0.5 0.0390625 0.046875
0 0.43828125 0.580078125 0.0390625 0.046875
0 0.475 0.3876953125 0.0375 0.048828125
0 0.659375 0.57421875 0.0375 0.046875
0 0.86640625 0.4677734375 0.0390625 0.048828125
0 0.6796875 0.2841796875 0.040625 0.048828125
0 0.47578125 0.7197265625 0.0390625 0.048828125
0 0.51328125 0.6904296875 0.0390625 0.048828125
0 0.38984375 0.5068359375 0.0390625 0.048828125
0 0.596875 0.56640625 0.0375 0.046875
0 0.559375 0.4306640625 0.0375 0.048828125
0 0.57421875 0.6982421875 0.0390625 0.044921875
0 0.6953125 0.5439453125 0.0375 0.048828125
0 0.546875 0.3330078125 0.0375 0.048828125
0 0.62265625 0.6025390625 0.0390625 0.044921875
0 0.58515625 0.4658203125 0.0390625 0.048828125
0 0.653125 0.25 0.040625 0.046875
0 0.4265625 0.4794921875 0.040625 0.048828125
0 0.75546875 0.388671875 0.0390625 0.046875
0 0.815625 0.3974609375 0.040625 0.048828125
0 0.3546875 0.5361328125 0.0375 0.048828125
0 0.71953125 0.4169921875 0.0390625 0.048828125
0 0.4875 0.486328125 0.0375 0.046875
0 0.62109375 0.4384765625 0.0390625 0.048828125
0 0.61875 0.2783203125 0.0375 0.044921875
0 0.5828125 0.3056640625 0.0375 0.048828125
0 0.6890625 0.224609375 0.040625 0.046875
0 0.7140625 0.2587890625 0.0375 0.048828125
0 0.79375 0.5244140625 0.0375 0.044921875
