0 0.37265625 0.5166015625 0.0390625 0.048828125
0 0.41015625 0.3896484375 0.0390625 0.048828125
0 0.54921875 0.3095703125 0.0390625 0.048828125
0 0.61640625 0.5478515625 0.0390625 0.048828125
0 0.65078125 0.3583984375 0.0390625 0.048828125
0 0.40546875 0.3271484375 0.0390625 0.048828125
0 0.60703125 0.4267578125 0.0390625 0.048828125
0 0.41484375 0.4501953125 0.0390625 0.048828125
0 0.26640625 0.4072265625 0.0390625 0.048828125
0 0.36328125 0.3955078125 0.0390625 0.048828125
0 0.38203125 0.6396484375 0.0390625 0.048828125
0 0.57421875 0.6142578125 0.0390625 0.048828125
0 0.62109375 0.6083984375 0.0390625 0.048828125
0 0.55390625 0.3720703125 0.0390625 0.048828125
0 0.74609375 0.3466796875 0.0390625 0.048828125
0 0.52109375 0.5595703125 0.0390625 0.048828125
0 0.76171875 0.5302734375 0.0390625 0.048828125
0 0.46796875 0.5048828125 0.0390625 0.048828125
0 0.26171875 0.3447265625 0.0390625 0.048828125
0 0.66015625 0.4814453125 0.0390625 0.048828125
0 0.51171875 0.4384765625 0.0390625 0.048828125
0 0.61171875 0.4873046875 0.0390625 0.048828125
0 0.75703125 0.4677734375 0.0390625 0.048828125
0 0.54453125 0.2490234375 0.0390625 0.048828125
0 0.69765625 0.3525390625 0.0390625 0.048828125
0 0.72421875 0.6572265625 0.0390625 0.048828125
0 0.71328125 0.5361328125 0.0390625 0.048828125
0 0.50078125 0.3154296875 0.0390625 0.048828125
0 0.27109375 0.4677734375 0.0390625 0.048828125
0 0.52578125 0.6201171875 0.0390625 0.048828125
0 0.75234375 0.4072265625 0.0390625 0.048828125
0 0.37734375 0.5791015625 0.0390625 0.048828125
0 0.27734375 0.5283203125 0.0390625 0.048828125
0 0.28671875 0.6513671875 0.0390625 0.048828125
0 0.47265625 0.5654296875 0.0390625 0.048828125
0 0.33515625 0.6455078125 0.0390625 0.048828125
0 0.69453125 0.2919921875 0.0390625 0.048828125
0 0.43515625 0.6943359375 0.0390625 0.048828125
0 0.40078125 0.2666015625 0.0390625 0.048828125
0 0.53046875 0.6806640625 0.0390625 0.048828125
0 0.55859375 0.4326171875 0.0390625 0.048828125
0 0.64453125 0.2978515625 0.0390625 0.048828125
0 0.76640625 0.5908203125 0.0390625 0.048828125
0 0.42578125 0.5712890625 0.0390625 0.048828125
0 0.31953125 0.4619140625 0.0390625 0.048828125
0 0.44921875 0.2607421875 0.0390625 0.048828125
0 0.32421875 0.5244140625 0.0390625 0.048828125
0 0.59765625 0.3037109375 0.0390625 0.048828125
0 0.56328125 0.4931640625 0.0390625 0.048828125
0 0.31015625 0.3388671875 0.0390625 0.048828125
0 0.48359375 0.6884765625 0.0390625 0.048828125
0 0.66953125 0.6025390625 0.0390625 0.048828125
0 0.70859375 0.4736328125 0.0390625 0.048828125
0 0.47890625 0.6279296875 0.0390625 0.048828125
0 0.33046875 0.5849609375 0.0390625 0.048828125
0 0.38828125 0.7001953125 0.0390625 0.048828125
0 0.77265625 0.6513671875 0.0390625 0.048828125
0 0.62734375 0.6689453125 0.0390625 0.048828125
0 0.49609375 0.2548828125 0.0390625 0.048828125
0 0.64140625 0.2353515625 0.0390625 0.048828125
0 0.46328125 0.4443359375 0.0390625 0.048828125
0 0.68984375 0.2294921875 0.0390625 0.048828125
0 0.67578125 0.6650390625 0.0390625 0.048828125
0 0.33984375 0.7060546875 0.0390625 0.048828125
0 0.50703125 0.3759765625 0.0390625 0.048828125
0 0.42109375 0.5107421875 0.0390625 0.048828125
0 0.74140625 0.2841796875 0.0390625 0.048828125
0 0.56953125 0.5537109375 0.0390625 0.048828125
0 0.45859375 0.3818359375 0.0390625 0.048828125
0 0.51640625 0.4990234375 0.0390625 0.048828125
0 0.73828125 0.2236328125 0.0390625 0.048828125
0 0.35703125 0.3330078125 0.0390625 0.048828125
0 0.36796875 0.4560546875 0.0390625 0.048828125
0 0.60234375 0.3642578125 0.0390625 0.048828125
0 0.25703125 0.2841796875 0.0390625 0.048828125
0 0.65546875 0.4189453125 0.0390625 0.048828125
0 0.66484375 0.5419921875 0.0390625 0.048828125
0 0.31484375 0.4013671875 0.0390625 0.048828125
0 0.71796875 0.5966796875 0.0390625 0.048828125
0 0.43046875 0.6318359375 0.0390625 0.048828125
0 0.70390625 0.4130859375 0.0390625 0.048828125
0 0.28203125 0.5908203125 0.0390625 0.048828125
0 0.35234375 0.2724609375 0.0390625 0.048828125
0 0.59296875 0.2431640625 0.0390625 0.048828125
0 0.30546875 0.2783203125 0.0390625 0.048828125
0 0.57890625 0.6767578125 0.0390625 0.048828125
0 0.29140625 0.7119140625 0.0390625 0.048828125
0 0.45390625 0.3212890625 0.0390625 0.048828125
