0 0.60859375 0.3916015625 0.0390625 0.048828125
0 0.42734375 0.248046875 0.0390625 0.046875
0 0.32734375 0.546875 0.0390625 0.046875
0 0.51171875 0.689453125 0.0390625 0.046875
0 0.41015625 0.2978515625 0.0390625 0.048828125
0 0.5296875 0.35546875 0.040625 0.046875
0 0.34453125 0.2119140625 0.0390625 0.048828125
0 0.44140625 0.484375 0.0390625 0.046875
0 0.21484375 0.609375 0.0390625 0.046875
0 0.3921875 0.6328125 0.040625 0.046875
0 0.4078125 0.5830078125 0.040625 0.048828125
0 0.64140625 0.2919921875 0.0390625 0.044921875
0 0.45078125 0.3173828125 0.0390625 0.048828125
0 0.54296875 0.58984375 0.0390625 0.046875
0 0.42578125 0.5341796875 0.0390625 0.044921875
0 0.52421875 0.23828125 0.0390625 0.046875
0 0.35859375 0.7314453125 0.0390625 0.048828125
0 0.31953125 0.7119140625 0.0390625 0.048828125
0 0.31171875 0.595703125 0.0390625 0.046875
0 0.41796875 0.41796875 0.0390625 0.046875
0 0.43203125 0.65234375 0.0390625 0.046875
0 0.51953125 0.5205078125 0.0390625 0.048828125
0 0.49609375 0.453125 0.0390625 0.046875
0 0.3375 0.3798828125 0.0375 0.048828125
0 0.23828125 0.67578125 0.0390625 0.046875
0 0.60234375 0.2744140625 0.0390625 0.048828125
0 0.36015625 0.4462890625 0.0390625 0.048828125
0 0.45703125 0.4365234375 0.0390625 0.048828125
0 0.24921875 0.5087890625 0.0390625 0.048828125
0 0.50546875 0.2861328125 0.0390625 0.048828125
0 0.28046875 0.6953125 0.0390625 0.046875
0 0.5140625 0.4033203125 0.040625 0.048828125
0 0.29609375 0.64453125 0.0390625 0.046875
0 0.4 0.75 0.040625 0.046875
0 0.1984375 0.6591796875 0.0375 0.048828125
0 0.5375 0.47265625 0.040625 0.046875
0 0.45546875 0.71875 0.0390625 0.046875
0 0.50390625 0.5703125 0.0390625 0.046875
0 0.39453125 0.349609375 0.0390625 0.046875
0 0.56328125 0.2548828125 0.0390625 0.048828125
0 0.46484375 0.5537109375 0.0390625 0.048828125
0 0.47265625 0.6689453125 0.0390625 0.048828125
0 0.56953125 0.375 0.0390625 0.046875
0 0.43984375 0.76953125 0.0390625 0.046875
0 0.32890625 0.26171875 0.0390625 0.046875
0 0.35234375 0.6142578125 0.0390625 0.048828125
0 0.31328125 0.3095703125 0.0390625 0.048828125
0 0.37109375 0.28125 0.0390625 0.046875
0 0.28203125 0.41015625 0.0390625 0.046875
0 0.57734375 0.4912109375 0.0390625 0.044921875
0 0.55390625 0.4228515625 0.0390625 0.048828125
0 0.47890625 0.7861328125 0.0390625 0.048828125
0 0.32109375 0.4296875 0.0390625 0.046875
0 0.3046875 0.4794921875 0.0375 0.048828125
0 0.384375 0.515625 0.040625 0.046875
0 0.48828125 0.62109375 0.0390625 0.046875
0 0.43359375 0.3671875 0.0390625 0.046875
0 0.23203125 0.55859375 0.0359375 0.046875
0 0.44296875 0.1982421875 0.0390625 0.044921875
0 0.48984375 0.3359375 0.0390625 0.046875
0 0.34453125 0.4970703125 0.0390625 0.048828125
0 0.5859375 0.32421875 0.0375 0.046875
0 0.48046875 0.50390625 0.0390625 0.046875
0 0.49453125 0.736328125 0.0390625 0.046875
0 0.37890625 0.3974609375 0.0390625 0.044921875
0 0.59296875 0.44140625 0.0390625 0.046875
0 0.29765625 0.3603515625 0.0390625 0.048828125
0 0.36015625 0.1591796875 0.0390625 0.048828125
0 0.415625 0.7001953125 0.040625 0.048828125
0 0.27265625 0.578125 0.0390625 0.046875
0 0.2546875 0.6279296875 0.040625 0.048828125
0 0.37578125 0.68359375 0.0390625 0.046875
0 0.38671875 0.228515625 0.0390625 0.046875
0 0.35546875 0.3291015625 0.0390625 0.048828125
0 0.62578125 0.3408203125 0.0390625 0.048828125
0 0.28828125 0.52734375 0.0390625 0.046875
0 0.40234375 0.4658203125 0.0390625 0.048828125
0 0.47265625 0.38671875 0.0390625 0.046875
0 0.48203125 0.21875 0.0390625 0.046875
0 0.33515625 0.6640625 0.0390625 0.046875
0 0.546875 0.3056640625 0.0375 0.048828125
0 0.46640625 0.2666015625 0.0390625 0.048828125
0 0.36796875 0.56640625 0.0390625 0.046875
0 0.40234375 0.1787109375 0.0390625 0.048828125
0 0.52734375 0.640625 0.0390625 0.046875
0 0.44921875 0.6015625 0.0390625 0.046875
0 0.265625 0.4609375 0.0375 0.046875
0 0.56171875 0.5400390625 0.0390625 0.048828125
