0 0.24609375 0.3115234375 0.0390625 0.048828125
0 0.24609375 0.3779296875 0.0390625 0.048828125
0 0.24609375 0.4443359375 0.0390625 0.048828125
0 0.24609375 0.5107421875 0.0390625 0.048828125
0 0.24609375 0.5771484375 0.0390625 0.048828125
0 0.24609375 0.6416015625 0.0390625 0.048828125
0 0.24609375 0.7060546875 0.0390625 0.048828125
0 0.24609375 0.7705078125 0.0390625 0.048828125
0 0.30078125 0.3115234375 0.0390625 0.048828125
0 0.30078125 0.3779296875 0.0390625 0.048828125
0 0.30078125 0.4443359375 0.0390625 0.048828125
0 0.30078125 0.5107421875 0.0390625 0.048828125
0 0.30078125 0.5751953125 0.0390625 0.048828125
0 0.30078125 0.6416015625 0.0390625 0.048828125
0 0.30078125 0.7060546875 0.0390625 0.048828125
0 0.30078125 0.7705078125 0.0390625 0.048828125
0 0.35546875 0.3115234375 0.0390625 0.048828125
0 0.35546875 0.3779296875 0.0390625 0.048828125
0 0.35546875 0.4443359375 0.0390625 0.048828125
0 0.35546875 0.5087890625 0.0390625 0.048828125
0 0.35546875 0.5751953125 0.0390625 0.048828125
0 0.35546875 0.6396484375 0.0390625 0.048828125
0 0.35546875 0.7041015625 0.0390625 0.048828125
0 0.35546875 0.7705078125 0.0390625 0.048828125
0 0.41015625 0.3115234375 0.0390625 0.048828125
0 0.41015625 0.3779296875 0.0390625 0.048828125
0 0.41015625 0.4423828125 0.0390625 0.048828125
0 0.41015625 0.5087890625 0.0390625 0.048828125
0 0.41015625 0.5732421875 0.0390625 0.048828125
0 0.41015625 0.6376953125 0.0390625 0.048828125
0 0.4085937440395355 0.7041015625 0.0390625 0.048828125
0 0.4085937440395355 0.7685546875 0.0390625 0.048828125
0 0.46484375 0.3095703125 0.0390625 0.048828125
0 0.46484375 0.3759765625 0.0390625 0.048828125
0 0.46484375 0.4423828125 0.0390625 0.048828125
0 0.4632812440395355 0.5068359375 0.0390625 0.048828125
0 0.4632812440395355 0.5732421875 0.0390625 0.048828125
0 0.4632812440395355 0.6376953125 0.0390625 0.048828125
0 0.4632812440395355 0.7021484375 0.0390625 0.048828125
0 0.4632812440395355 0.7685546875 0.0390625 0.048828125
0 0.51953125 0.3095703125 0.0390625 0.048828125
0 0.51953125 0.3759765625 0.0390625 0.048828125
0 0.5179687738418579 0.4404296875 0.0390625 0.048828125
0 0.5179687738418579 0.5068359375 0.0390625 0.048828125
0 0.5179687738418579 0.5732421875 0.0390625 0.048828125
0 0.5179687738418579 0.6376953125 0.0390625 0.048828125
0 0.516406238079071 0.7021484375 0.0390625 0.048828125
0 0.516406238079071 0.7666015625 0.0390625 0.048828125
0 0.57421875 0.3076171875 0.0390625 0.048828125
0 0.57421875 0.3740234375 0.0390625 0.048828125
0 0.5726562738418579 0.4404296875 0.0390625 0.048828125
0 0.5726562738418579 0.5068359375 0.0390625 0.048828125
0 0.5726562738418579 0.5712890625 0.0390625 0.048828125
0 0.5726562738418579 0.6357421875 0.0390625 0.048828125
0 0.571093738079071 0.7021484375 0.0390625 0.048828125
0 0.571093738079071 0.7666015625 0.0390625 0.048828125
0 0.62890625 0.3076171875 0.0390625 0.048828125
0 0.62890625 0.3740234375 0.0390625 0.048828125
0 0.6273437738418579 0.4404296875 0.0390625 0.048828125
0 0.6273437738418579 0.5048828125 0.0390625 0.048828125
0 0.6273437738418579 0.5712890625 0.0390625 0.048828125
0 0.625781238079071 0.6357421875 0.0390625 0.048828125
0 0.625781238079071 0.7001953125 0.0390625 0.048828125
0 0.625781238079071 0.7666015625 0.0390625 0.048828125
0 0.68359375 0.3076171875 0.0390625 0.048828125
0 0.68359375 0.3720703125 0.0390625 0.048828125
0 0.6820312738418579 0.4384765625 0.0390625 0.048828125
0 0.6820312738418579 0.5048828125 0.0390625 0.048828125
0 0.680468738079071 0.5693359375 0.0390625 0.048828125
0 0.680468738079071 0.6357421875 0.0390625 0.048828125
0 0.680468738079071 0.7001953125 0.0390625 0.048828125
0 0.678906261920929 0.7646484375 0.0390625 0.048828125
0 0.7398437261581421 0.3056640625 0.0390625 0.048828125
0 0.73828125 0.3720703125 0.0390625 0.048828125
0 0.7367187738418579 0.4384765625 0.0390625 0.048828125
0 0.7367187738418579 0.5048828125 0.0390625 0.048828125
0 0.735156238079071 0.5693359375 0.0390625 0.048828125
0 0.735156238079071 0.6337890625 0.0390625 0.048828125
0 0.733593761920929 0.7001953125 0.0390625 0.048828125
0 0.733593761920929 0.7646484375 0.0390625 0.048828125
0 0.7945312261581421 0.3056640625 0.0390625 0.048828125
0 0.79296875 0.3720703125 0.0390625 0.048828125
0 0.7914062738418579 0.4365234375 0.0390625 0.048828125
0 0.7914062738418579 0.5029296875 0.0390625 0.048828125
0 0.789843738079071 0.5673828125 0.0390625 0.048828125
0 0.788281261920929 0.6337890625 0.0390625 0.048828125
0 0.788281261920929 0.6982421875 0.0390625 0.048828125
0 0.7867187261581421 0.7626953125 0.0390625 0.048828125
