0 0.21328124403953552 0.4541015625 0.0390625 0.048828125
0 0.24296875298023224 0.4228515625 0.0390625 0.048828125
0 0.27265626192092896 0.3896484375 0.0390625 0.048828125
0 0.30078125 0.3583984375 0.0390625 0.048828125
0 0.32890623807907104 0.3251953125 0.0390625 0.048828125
0 0.3570312559604645 0.2939453125 0.0390625 0.048828125
0 0.38671875 0.2607421875 0.0390625 0.048828125
0 0.41328126192092896 0.2294921875 0.0390625 0.048828125
0 0.24609375 0.4912109375 0.0390625 0.048828125
0 0.2757812440395355 0.4580078125 0.0390625 0.048828125
0 0.30546873807907104 0.4248046875 0.0390625 0.048828125
0 0.3335937559604645 0.3935546875 0.0390625 0.048828125
0 0.3617187440395355 0.3603515625 0.0390625 0.048828125
0 0.38984376192092896 0.3291015625 0.0390625 0.048828125
0 0.41796875 0.2958984375 0.0390625 0.048828125
0 0.44609373807907104 0.2646484375 0.0390625 0.048828125
0 0.2789062559604645 0.5263671875 0.0390625 0.048828125
0 0.3101562559604645 0.4951171875 0.0390625 0.048828125
0 0.33671873807907104 0.4599609375 0.0390625 0.048828125
0 0.36640626192092896 0.4287109375 0.0390625 0.048828125
0 0.39453125 0.3955078125 0.0390625 0.048828125
0 0.42265623807907104 0.3642578125 0.0390625 0.048828125
0 0.4507812559604645 0.3310546875 0.0390625 0.048828125
0 0.4789062440395355 0.2998046875 0.0390625 0.048828125
0 0.31328123807907104 0.5634765625 0.0390625 0.048828125
0 0.3414062559604645 0.5302734375 0.0390625 0.048828125
0 0.3695312440395355 0.4970703125 0.0390625 0.048828125
0 0.39921873807907104 0.4638671875 0.0390625 0.048828125
0 0.4273437559604645 0.4306640625 0.0390625 0.048828125
0 0.4554687440395355 0.3994140625 0.0390625 0.048828125
0 0.48359376192092896 0.3662109375 0.0390625 0.048828125
0 0.51171875 0.3349609375 0.0390625 0.048828125
0 0.3460937440395355 0.5986328125 0.0390625 0.048828125
0 0.37421876192092896 0.5654296875 0.0390625 0.048828125
0 0.4039062559604645 0.5322265625 0.0390625 0.048828125
0 0.4320312440395355 0.4990234375 0.0390625 0.048828125
0 0.46015626192092896 0.4658203125 0.0390625 0.048828125
0 0.48828125 0.4345703125 0.0390625 0.048828125
0 0.516406238079071 0.4013671875 0.0390625 0.048828125
0 0.5445312261581421 0.3701171875 0.0390625 0.048828125
0 0.37890625 0.6357421875 0.0390625 0.048828125
0 0.40703123807907104 0.6025390625 0.0390625 0.048828125
0 0.43671876192092896 0.5693359375 0.0390625 0.048828125
0 0.46484375 0.5361328125 0.0390625 0.048828125
0 0.49296873807907104 0.5029296875 0.0390625 0.048828125
0 0.5210937261581421 0.4697265625 0.0390625 0.048828125
0 0.5492187738418579 0.4365234375 0.0390625 0.048828125
0 0.5757812261581421 0.4052734375 0.0390625 0.048828125
0 0.4117187559604645 0.6708984375 0.0390625 0.048828125
0 0.4398437440395355 0.6376953125 0.0390625 0.048828125
0 0.46953123807907104 0.6044921875 0.0390625 0.048828125
0 0.4976562559604645 0.5712890625 0.0390625 0.048828125
0 0.5257812738418579 0.5380859375 0.0390625 0.048828125
0 0.5523437261581421 0.5048828125 0.0390625 0.048828125
0 0.58203125 0.4716796875 0.0390625 0.048828125
0 0.608593761920929 0.4404296875 0.0390625 0.048828125
0 0.44609373807907104 0.7080078125 0.0390625 0.048828125
0 0.4742187559604645 0.6748046875 0.0390625 0.048828125
0 0.5023437738418579 0.6416015625 0.0390625 0.048828125
0 0.530468761920929 0.6064453125 0.0390625 0.048828125
0 0.55859375 0.5751953125 0.0390625 0.048828125
0 0.586718738079071 0.5400390625 0.0390625 0.048828125
0 0.6148437261581421 0.5087890625 0.0390625 0.048828125
0 0.641406238079071 0.4755859375 0.0390625 0.048828125
0 0.4789062440395355 0.7451171875 0.0390625 0.048828125
0 0.507031261920929 0.7119140625 0.0390625 0.048828125
0 0.53515625 0.6787109375 0.0390625 0.048828125
0 0.563281238079071 0.6435546875 0.0390625 0.048828125
0 0.5914062261581421 0.6103515625 0.0390625 0.048828125
0 0.6195312738418579 0.5771484375 0.0390625 0.048828125
0 0.647656261920929 0.5439453125 0.0390625 0.048828125
0 0.6742187738418579 0.5107421875 0.0390625 0.048828125
0 0.51171875 0.7822265625 0.0390625 0.048828125
0 0.539843738079071 0.7490234375 0.0390625 0.048828125
0 0.569531261920929 0.7138671875 0.0390625 0.048828125
0 0.59765625 0.6806640625 0.0390625 0.048828125
0 0.624218761920929 0.6474609375 0.0390625 0.048828125
0 0.65234375 0.6142578125 0.0390625 0.048828125
0 0.680468738079071 0.5810546875 0.0390625 0.048828125
0 0.7085937261581421 0.5478515625 0.0390625 0.048828125
0 0.546093761920929 0.8193359375 0.0390625 0.048828125
0 0.57421875 0.7861328125 0.0390625 0.048828125
0 0.602343738079071 0.7509765625 0.0390625 0.048828125
0 0.6304687261581421 0.7177734375 0.0390625 0.048828125
0 0.6585937738418579 0.6826171875 0.0390625 0.048828125
0 0.686718761920929 0.6494140625 0.0390625 0.048828125
0 0.7132812738418579 0.6162109375 0.0390625 0.048828125
0 0.741406261920929 0.5830078125 0.0390625 0.048828125
