0 0.19921875 0.3779296875 0.0390625 0.048828125
0 0.20859375596046448 0.4326171875 0.0390625 0.048828125
0 0.21640625596046448 0.4873046875 0.0390625 0.048828125
0 0.22578124701976776 0.5439453125 0.0390625 0.048828125
0 0.23515625298023224 0.5986328125 0.0390625 0.048828125
0 0.24296875298023224 0.6552734375 0.0390625 0.048828125
0 0.2523437440395355 0.7138671875 0.0390625 0.048828125
0 0.26171875 0.7705078125 0.0390625 0.048828125
0 0.2523437440395355 0.3662109375 0.0390625 0.048828125
0 0.26171875 0.4208984375 0.0390625 0.048828125
0 0.2710937559604645 0.4755859375 0.0390625 0.048828125
0 0.2789062559604645 0.5322265625 0.0390625 0.048828125
0 0.28828126192092896 0.5888671875 0.0390625 0.048828125
0 0.29765623807907104 0.6455078125 0.0390625 0.048828125
0 0.3070312440395355 0.7021484375 0.0390625 0.048828125
0 0.31640625 0.7587890625 0.0390625 0.048828125
0 0.30546873807907104 0.3564453125 0.0390625 0.048828125
0 0.3148437440395355 0.4111328125 0.0390625 0.048828125
0 0.3226562440395355 0.4658203125 0.0390625 0.048828125
0 0.33203125 0.5205078125 0.0390625 0.048828125
0 0.3414062559604645 0.5771484375 0.0390625 0.048828125
0 0.35078126192092896 0.6318359375 0.0390625 0.048828125
0 0.36015623807907104 0.6904296875 0.0390625 0.048828125
0 0.3695312440395355 0.7470703125 0.0390625 0.048828125
0 0.3570312559604645 0.3447265625 0.0390625 0.048828125
0 0.36640626192092896 0.3994140625 0.0390625 0.048828125
0 0.37578123807907104 0.4541015625 0.0390625 0.048828125
0 0.3851562440395355 0.5107421875 0.0390625 0.048828125
0 0.39453125 0.5654296875 0.0390625 0.048828125
0 0.4039062559604645 0.6220703125 0.0390625 0.048828125
0 0.41328126192092896 0.6787109375 0.0390625 0.048828125
0 0.42265623807907104 0.7353515625 0.0390625 0.048828125
0 0.4085937440395355 0.3349609375 0.0390625 0.048828125
0 0.4195312559604645 0.3896484375 0.0390625 0.048828125
0 0.4273437559604645 0.4443359375 0.0390625 0.048828125
0 0.43828123807907104 0.4990234375 0.0390625 0.048828125
0 0.4476562440395355 0.5537109375 0.0390625 0.048828125
0 0.4585937559604645 0.6103515625 0.0390625 0.048828125
0 0.4664062559604645 0.6669921875 0.0390625 0.048828125
0 0.47734373807907104 0.7255859375 0.0390625 0.048828125
0 0.46171873807907104 0.3232421875 0.0390625 0.048828125
0 0.4710937440395355 0.3779296875 0.0390625 0.048828125
0 0.48046875 0.4326171875 0.0390625 0.048828125
0 0.49140626192092896 0.4873046875 0.0390625 0.048828125
0 0.49921876192092896 0.5419921875 0.0390625 0.048828125
0 0.5101562738418579 0.5986328125 0.0390625 0.048828125
0 0.51953125 0.6572265625 0.0390625 0.048828125
0 0.530468761920929 0.7138671875 0.0390625 0.048828125
0 0.51171875 0.3115234375 0.0390625 0.048828125
0 0.522656261920929 0.3642578125 0.0390625 0.048828125
0 0.532031238079071 0.4208984375 0.0390625 0.048828125
0 0.54296875 0.4775390625 0.0390625 0.048828125
0 0.5523437261581421 0.5322265625 0.0390625 0.048828125
0 0.563281238079071 0.5888671875 0.0390625 0.048828125
0 0.57421875 0.6455078125 0.0390625 0.048828125
0 0.5835937261581421 0.7021484375 0.0390625 0.048828125
0 0.5648437738418579 0.3017578125 0.0390625 0.048828125
0 0.5757812261581421 0.3564453125 0.0390625 0.048828125
0 0.585156261920929 0.4111328125 0.0390625 0.048828125
0 0.5960937738418579 0.4658203125 0.0390625 0.048828125
0 0.60546875 0.5205078125 0.0390625 0.048828125
0 0.616406261920929 0.5771484375 0.0390625 0.048828125
0 0.6273437738418579 0.6337890625 0.0390625 0.048828125
0 0.6382812261581421 0.6904296875 0.0390625 0.048828125
0 0.617968738079071 0.2919921875 0.0390625 0.048828125
0 0.6273437738418579 0.3447265625 0.0390625 0.048828125
0 0.6382812261581421 0.3994140625 0.0390625 0.048828125
0 0.647656261920929 0.4560546875 0.0390625 0.048828125
0 0.6585937738418579 0.5107421875 0.0390625 0.048828125
0 0.6695312261581421 0.5673828125 0.0390625 0.048828125
0 0.680468738079071 0.6240234375 0.0390625 0.048828125
0 0.69140625 0.6806640625 0.0390625 0.048828125
0 0.6695312261581421 0.2802734375 0.0390625 0.048828125
0 0.680468738079071 0.3349609375 0.0390625 0.048828125
0 0.69140625 0.3896484375 0.0390625 0.048828125
0 0.7007812261581421 0.4443359375 0.0390625 0.048828125
0 0.711718738079071 0.5009765625 0.0390625 0.048828125
0 0.72265625 0.5556640625 0.0390625 0.048828125
0 0.735156238079071 0.6123046875 0.0390625 0.048828125
0 0.74609375 0.6689453125 0.0390625 0.048828125
0 0.72265625 0.2705078125 0.0390625 0.048828125
0 0.7320312261581421 0.3251953125 0.0390625 0.048828125
0 0.742968738079071 0.3779296875 0.0390625 0.048828125
0 0.75390625 0.4326171875 0.0390625 0.048828125
0 0.764843761920929 0.4892578125 0.0390625 0.048828125
0 0.7757812738418579 0.5458984375 0.0390625 0.048828125
0 0.7867187261581421 0.6025390625 0.0390625 0.048828125
0 0.7992187738418579 0.6591796875 0.0390625 0.048828125
