0 0.09140624850988388 0.6064453125 0.0390625 0.048828125
0 0.13203124701976776 0.6494140625 0.0390625 0.048828125
0 0.17265625298023224 0.6923828125 0.0390625 0.048828125
0 0.21328124403953552 0.7333984375 0.0390625 0.048828125
0 0.25390625 0.7763671875 0.0390625 0.048828125
0 0.29296875 0.8193359375 0.0390625 0.048828125
0 0.3335937559604645 0.8623046875 0.0390625 0.048828125
0 0.37421876192092896 0.9052734375 0.0390625 0.048828125
0 0.12578125298023224 0.5537109375 0.0390625 0.048828125
0 0.16640624403953552 0.5986328125 0.0390625 0.048828125
0 0.20703125 0.6396484375 0.0390625 0.048828125
0 0.24765625596046448 0.6826171875 0.0390625 0.048828125
0 0.28828126192092896 0.7255859375 0.0390625 0.048828125
0 0.32890623807907104 0.7685546875 0.0390625 0.048828125
0 0.36796873807907104 0.8115234375 0.0390625 0.048828125
0 0.4085937440395355 0.8544921875 0.0390625 0.048828125
0 0.16015625 0.5029296875 0.0390625 0.048828125
0 0.20234374701976776 0.5458984375 0.0390625 0.048828125
0 0.24296875298023224 0.5888671875 0.0390625 0.048828125
0 0.28203123807907104 0.6318359375 0.0390625 0.048828125
0 0.3226562440395355 0.6748046875 0.0390625 0.048828125
0 0.3617187440395355 0.7177734375 0.0390625 0.048828125
0 0.40234375 0.7607421875 0.0390625 0.048828125
0 0.4429687559604645 0.8017578125 0.0390625 0.048828125
0 0.19609375298023224 0.4521484375 0.0390625 0.048828125
0 0.23671874403953552 0.4951171875 0.0390625 0.048828125
0 0.2757812440395355 0.5380859375 0.0390625 0.048828125
0 0.31640625 0.5810546875 0.0390625 0.048828125
0 0.3570312559604645 0.6240234375 0.0390625 0.048828125
0 0.3960937559604645 0.6650390625 0.0390625 0.048828125
0 0.43671876192092896 0.7080078125 0.0390625 0.048828125
0 0.47578126192092896 0.7509765625 0.0390625 0.048828125
0 0.23046875 0.4013671875 0.0390625 0.048828125
0 0.2710937559604645 0.4443359375 0.0390625 0.048828125
0 0.3101562559604645 0.4873046875 0.0390625 0.048828125
0 0.35078126192092896 0.5302734375 0.0390625 0.048828125
0 0.39140623807907104 0.5732421875 0.0390625 0.048828125
0 0.43046873807907104 0.6142578125 0.0390625 0.048828125
0 0.4710937440395355 0.6572265625 0.0390625 0.048828125
0 0.5101562738418579 0.7001953125 0.0390625 0.048828125
0 0.26484376192092896 0.3505859375 0.0390625 0.048828125
0 0.30546873807907104 0.3935546875 0.0390625 0.048828125
0 0.34453123807907104 0.4365234375 0.0390625 0.048828125
0 0.3851562440395355 0.4794921875 0.0390625 0.048828125
0 0.4242187440395355 0.5224609375 0.0390625 0.048828125
0 0.46484375 0.5634765625 0.0390625 0.048828125
0 0.50390625 0.6064453125 0.0390625 0.048828125
0 0.5445312261581421 0.6494140625 0.0390625 0.048828125
0 0.2992187440395355 0.2998046875 0.0390625 0.048828125
0 0.3382812440395355 0.3427734375 0.0390625 0.048828125
0 0.37890625 0.3857421875 0.0390625 0.048828125
0 0.41796875 0.4287109375 0.0390625 0.048828125
0 0.4585937559604645 0.4716796875 0.0390625 0.048828125
0 0.49921876192092896 0.5126953125 0.0390625 0.048828125
0 0.538281261920929 0.5556640625 0.0390625 0.048828125
0 0.578906238079071 0.5986328125 0.0390625 0.048828125
0 0.33203125 0.2490234375 0.0390625 0.048828125
0 0.3726562559604645 0.2919921875 0.0390625 0.048828125
0 0.41328126192092896 0.3349609375 0.0390625 0.048828125
0 0.45390623807907104 0.3779296875 0.0390625 0.048828125
0 0.49296873807907104 0.4208984375 0.0390625 0.048828125
0 0.532031238079071 0.4619140625 0.0390625 0.048828125
0 0.5726562738418579 0.5048828125 0.0390625 0.048828125
0 0.6117187738418579 0.5478515625 0.0390625 0.048828125
0 0.36640626192092896 0.1962890625 0.0390625 0.048828125
0 0.40703123807907104 0.2412109375 0.0390625 0.048828125
0 0.4476562440395355 0.2841796875 0.0390625 0.048828125
0 0.4867187440395355 0.3271484375 0.0390625 0.048828125
0 0.52734375 0.3701171875 0.0390625 0.048828125
0 0.56640625 0.4130859375 0.0390625 0.048828125
0 0.60546875 0.4541015625 0.0390625 0.048828125
0 0.6460937261581421 0.4970703125 0.0390625 0.048828125
0 0.4007812440395355 0.1455078125 0.0390625 0.048828125
0 0.44140625 0.1904296875 0.0390625 0.048828125
0 0.48046875 0.2333984375 0.0390625 0.048828125
0 0.5210937261581421 0.2763671875 0.0390625 0.048828125
0 0.5601562261581421 0.3193359375 0.0390625 0.048828125
0 0.600781261920929 0.3623046875 0.0390625 0.048828125
0 0.639843761920929 0.4033203125 0.0390625 0.048828125
0 0.678906261920929 0.4462890625 0.0390625 0.048828125
0 0.4351562559604645 0.0947265625 0.0390625 0.048828125
0 0.47578126192092896 0.1376953125 0.0390625 0.048828125
0 0.514843761920929 0.1826171875 0.0390625 0.048828125
0 0.555468738079071 0.2255859375 0.0390625 0.048828125
0 0.594531238079071 0.2685546875 0.0390625 0.048828125
0 0.6351562738418579 0.3115234375 0.0390625 0.048828125
0 0.6742187738418579 0.3544921875 0.0390625 0.048828125
0 0.7132812738418579 0.3955078125 0.0390625 0.048828125
