0 0.74609375 0.3408203125 0.0390625 0.048828125
0 0.74609375 0.3916015625 0.0390625 0.048828125
0 0.7476562261581421 0.4443359375 0.0390625 0.048828125
0 0.7476562261581421 0.4970703125 0.0390625 0.048828125
0 0.74609375 0.5498046875 0.0390625 0.048828125
0 0.7476562261581421 0.6025390625 0.0390625 0.048828125
0 0.7476562261581421 0.6572265625 0.0390625 0.048828125
0 0.7476562261581421 0.7080078125 0.0390625 0.048828125
0 0.703906238079071 0.3486328125 0.0390625 0.048828125
0 0.702343761920929 0.4013671875 0.0390625 0.048828125
0 0.703906238079071 0.4521484375 0.0390625 0.048828125
0 0.703906238079071 0.5048828125 0.0390625 0.048828125
0 0.703906238079071 0.5556640625 0.0390625 0.048828125
0 0.703906238079071 0.6083984375 0.0390625 0.048828125
0 0.703906238079071 0.6611328125 0.0390625 0.048828125
0 0.703906238079071 0.7158203125 0.0390625 0.048828125
0 0.6617187261581421 0.3564453125 0.0390625 0.048828125
0 0.6617187261581421 0.4052734375 0.0390625 0.048828125
0 0.66015625 0.4580078125 0.0390625 0.048828125
0 0.6617187261581421 0.5087890625 0.0390625 0.048828125
0 0.6617187261581421 0.5634765625 0.0390625 0.048828125
0 0.6617187261581421 0.6123046875 0.0390625 0.048828125
0 0.6617187261581421 0.6689453125 0.0390625 0.048828125
0 0.66015625 0.7216796875 0.0390625 0.048828125
0 0.6195312738418579 0.3623046875 0.0390625 0.048828125
0 0.6195312738418579 0.4130859375 0.0390625 0.048828125
0 0.617968738079071 0.4638671875 0.0390625 0.048828125
0 0.617968738079071 0.5166015625 0.0390625 0.048828125
0 0.617968738079071 0.5673828125 0.0390625 0.048828125
0 0.6195312738418579 0.6201171875 0.0390625 0.048828125
0 0.617968738079071 0.6728515625 0.0390625 0.048828125
0 0.617968738079071 0.7275390625 0.0390625 0.048828125
0 0.5757812261581421 0.3681640625 0.0390625 0.048828125
0 0.577343761920929 0.4208984375 0.0390625 0.048828125
0 0.577343761920929 0.4716796875 0.0390625 0.048828125
0 0.5757812261581421 0.5205078125 0.0390625 0.048828125
0 0.5757812261581421 0.5751953125 0.0390625 0.048828125
0 0.5757812261581421 0.6259765625 0.0390625 0.048828125
0 0.5757812261581421 0.6767578125 0.0390625 0.048828125
0 0.57421875 0.7333984375 0.0390625 0.048828125
0 0.5367187261581421 0.3759765625 0.0390625 0.048828125
0 0.5367187261581421 0.4267578125 0.0390625 0.048828125
0 0.53515625 0.4755859375 0.0390625 0.048828125
0 0.53515625 0.5263671875 0.0390625 0.048828125
0 0.5335937738418579 0.5810546875 0.0390625 0.048828125
0 0.5335937738418579 0.6318359375 0.0390625 0.048828125
0 0.5335937738418579 0.6845703125 0.0390625 0.048828125
0 0.532031238079071 0.7373046875 0.0390625 0.048828125
0 0.49609375 0.3798828125 0.0390625 0.048828125
0 0.49609375 0.4306640625 0.0390625 0.048828125
0 0.49296873807907104 0.4833984375 0.0390625 0.048828125
0 0.49296873807907104 0.5341796875 0.0390625 0.048828125
0 0.49296873807907104 0.5849609375 0.0390625 0.048828125
0 0.49140626192092896 0.6376953125 0.0390625 0.048828125
0 0.49140626192092896 0.6884765625 0.0390625 0.048828125
0 0.49140626192092896 0.7412109375 0.0390625 0.048828125
0 0.45390623807907104 0.3896484375 0.0390625 0.048828125
0 0.45390623807907104 0.4384765625 0.0390625 0.048828125
0 0.4507812559604645 0.4892578125 0.0390625 0.048828125
0 0.45234376192092896 0.5400390625 0.0390625 0.048828125
0 0.4507812559604645 0.5927734375 0.0390625 0.048828125
0 0.4507812559604645 0.6435546875 0.0390625 0.048828125
0 0.44921875 0.6962890625 0.0390625 0.048828125
0 0.44921875 0.7490234375 0.0390625 0.048828125
0 0.41328126192092896 0.3935546875 0.0390625 0.048828125
0 0.41328126192092896 0.4443359375 0.0390625 0.048828125
0 0.4117187559604645 0.4951171875 0.0390625 0.048828125
0 0.4117187559604645 0.5458984375 0.0390625 0.048828125
0 0.41015625 0.5966796875 0.0390625 0.048828125
0 0.4085937440395355 0.6494140625 0.0390625 0.048828125
0 0.4085937440395355 0.7021484375 0.0390625 0.048828125
0 0.40703123807907104 0.7548828125 0.0390625 0.048828125
0 0.3726562559604645 0.4013671875 0.0390625 0.048828125
0 0.37109375 0.4501953125 0.0390625 0.048828125
0 0.37109375 0.5009765625 0.0390625 0.048828125
0 0.3695312440395355 0.5517578125 0.0390625 0.048828125
0 0.36796873807907104 0.6044921875 0.0390625 0.048828125
0 0.36640626192092896 0.6552734375 0.0390625 0.048828125
0 0.36640626192092896 0.7060546875 0.0390625 0.048828125
0 0.3648437559604645 0.7607421875 0.0390625 0.048828125
0 0.3304687440395355 0.4072265625 0.0390625 0.048828125
0 0.3304687440395355 0.4580078125 0.0390625 0.048828125
0 0.32890623807907104 0.5068359375 0.0390625 0.048828125
0 0.32734376192092896 0.5595703125 0.0390625 0.048828125
0 0.32734376192092896 0.6103515625 0.0390625 0.048828125
0 0.3257812559604645 0.6611328125 0.0390625 0.048828125
0 0.32421875 0.7119140625 0.0390625 0.048828125
0 0.32421875 0.7646484375 0.0390625 0.048828125
