0 0.04921875149011612 0.6689453125 0.0390625 0.048828125
0 0.06171875074505806 0.6181640625 0.0390625 0.048828125
0 0.07265625149011612 0.5732421875 0.0390625 0.048828125
0 0.08671875298023224 0.5244140625 0.0390625 0.048828125
0 0.09765625 0.4775390625 0.0390625 0.048828125
0 0.11171875149011612 0.4326171875 0.0390625 0.048828125
0 0.12109375 0.3837890625 0.0390625 0.048828125
0 0.13515624403953552 0.3369140625 0.0390625 0.048828125
0 0.09296874701976776 0.6845703125 0.0390625 0.048828125
0 0.10546875 0.6318359375 0.0390625 0.048828125
0 0.11640624701976776 0.5849609375 0.0390625 0.048828125
0 0.13046875596046448 0.5380859375 0.0390625 0.048828125
0 0.14140625298023224 0.4912109375 0.0390625 0.048828125
0 0.15546874701976776 0.4443359375 0.0390625 0.048828125
0 0.16640624403953552 0.3974609375 0.0390625 0.048828125
0 0.17734375596046448 0.3525390625 0.0390625 0.048828125
0 0.13359375298023224 0.6943359375 0.0390625 0.048828125
0 0.14921875298023224 0.6455078125 0.0390625 0.048828125
0 0.16015625 0.6005859375 0.0390625 0.048828125
0 0.17265625298023224 0.5498046875 0.0390625 0.048828125
0 0.18359375 0.5029296875 0.0390625 0.048828125
0 0.19765624403953552 0.4580078125 0.0390625 0.048828125
0 0.20859375596046448 0.4091796875 0.0390625 0.048828125
0 0.22109374403953552 0.3642578125 0.0390625 0.048828125
0 0.17890624701976776 0.7080078125 0.0390625 0.048828125
0 0.19140625 0.6572265625 0.0390625 0.048828125
0 0.20234374701976776 0.6103515625 0.0390625 0.048828125
0 0.21796874701976776 0.5634765625 0.0390625 0.048828125
0 0.22734375298023224 0.5166015625 0.0390625 0.048828125
0 0.23984375596046448 0.4697265625 0.0390625 0.048828125
0 0.25078123807907104 0.4248046875 0.0390625 0.048828125
0 0.2632812559604645 0.3759765625 0.0390625 0.048828125
0 0.22421875596046448 0.7177734375 0.0390625 0.048828125
0 0.23671874403953552 0.6728515625 0.0390625 0.048828125
0 0.24609375 0.6259765625 0.0390625 0.048828125
0 0.25859373807907104 0.5771484375 0.0390625 0.048828125
0 0.2710937559604645 0.5302734375 0.0390625 0.048828125
0 0.28203123807907104 0.4833984375 0.0390625 0.048828125
0 0.29296875 0.4365234375 0.0390625 0.048828125
0 0.30546873807907104 0.3896484375 0.0390625 0.048828125
0 0.26484376192092896 0.7333984375 0.0390625 0.048828125
0 0.28046876192092896 0.6865234375 0.0390625 0.048828125
0 0.28828126192092896 0.6376953125 0.0390625 0.048828125
0 0.3023437559604645 0.5888671875 0.0390625 0.048828125
0 0.3101562559604645 0.5400390625 0.0390625 0.048828125
0 0.3257812559604645 0.4951171875 0.0390625 0.048828125
0 0.33515626192092896 0.4482421875 0.0390625 0.048828125
0 0.34765625 0.4013671875 0.0390625 0.048828125
0 0.30859375 0.7451171875 0.0390625 0.048828125
0 0.3226562440395355 0.6962890625 0.0390625 0.048828125
0 0.33203125 0.6494140625 0.0390625 0.048828125
0 0.34296876192092896 0.6025390625 0.0390625 0.048828125
0 0.3570312559604645 0.5556640625 0.0390625 0.048828125
0 0.36796873807907104 0.5087890625 0.0390625 0.048828125
0 0.3773437440395355 0.4619140625 0.0390625 0.048828125
0 0.3882812559604645 0.4150390625 0.0390625 0.048828125
0 0.35234373807907104 0.7587890625 0.0390625 0.048828125
0 0.36640626192092896 0.7119140625 0.0390625 0.048828125
0 0.37421876192092896 0.6630859375 0.0390625 0.048828125
0 0.38671875 0.6142578125 0.0390625 0.048828125
0 0.39765626192092896 0.5673828125 0.0390625 0.048828125
0 0.41015625 0.5205078125 0.0390625 0.048828125
0 0.4195312559604645 0.4736328125 0.0390625 0.048828125
0 0.4320312440395355 0.4287109375 0.0390625 0.048828125
0 0.3960937559604645 0.7705078125 0.0390625 0.048828125
0 0.40703123807907104 0.7236328125 0.0390625 0.048828125
0 0.4195312559604645 0.6767578125 0.0390625 0.048828125
0 0.42890626192092896 0.6279296875 0.0390625 0.048828125
0 0.44140625 0.5810546875 0.0390625 0.048828125
0 0.45234376192092896 0.5322265625 0.0390625 0.048828125
0 0.4632812440395355 0.4853515625 0.0390625 0.048828125
0 0.47578126192092896 0.4404296875 0.0390625 0.048828125
0 0.44140625 0.7861328125 0.0390625 0.048828125
0 0.45234376192092896 0.7373046875 0.0390625 0.048828125
0 0.4632812440395355 0.6904296875 0.0390625 0.048828125
0 0.4742187559604645 0.6416015625 0.0390625 0.048828125
0 0.48359376192092896 0.5947265625 0.0390625 0.048828125
0 0.49609375 0.5478515625 0.0390625 0.048828125
0 0.5054687261581421 0.4990234375 0.0390625 0.048828125
0 0.516406238079071 0.4521484375 0.0390625 0.048828125
0 0.48359376192092896 0.7978515625 0.0390625 0.048828125
0 0.49609375 0.7490234375 0.0390625 0.048828125
0 0.5054687261581421 0.7021484375 0.0390625 0.048828125
0 0.5179687738418579 0.6552734375 0.0390625 0.048828125
0 0.52734375 0.6083984375 0.0390625 0.048828125
0 0.538281261920929 0.5595703125 0.0390625 0.048828125
0 0.5492187738418579 0.5126953125 0.0390625 0.048828125
0 0.561718761920929 0.4658203125 0.0390625 0.048828125
