0 0.3023437559604645 0.3173828125 0.0390625 0.048828125
0 0.30546873807907104 0.3642578125 0.0390625 0.048828125
0 0.3070312440395355 0.4111328125 0.0390625 0.048828125
0 0.30859375 0.4580078125 0.0390625 0.048828125
0 0.31328123807907104 0.5048828125 0.0390625 0.048828125
0 0.31328123807907104 0.5498046875 0.0390625 0.048828125
0 0.3148437440395355 0.6005859375 0.0390625 0.048828125
0 0.31953126192092896 0.6494140625 0.0390625 0.048828125
0 0.34296876192092896 0.3076171875 0.0390625 0.048828125
0 0.34765625 0.3544921875 0.0390625 0.048828125
0 0.35078126192092896 0.4013671875 0.0390625 0.048828125
0 0.35234373807907104 0.4482421875 0.0390625 0.048828125
0 0.3539062440395355 0.4951171875 0.0390625 0.048828125
0 0.3570312559604645 0.5400390625 0.0390625 0.048828125
0 0.36015623807907104 0.5908203125 0.0390625 0.048828125
0 0.3617187440395355 0.6376953125 0.0390625 0.048828125
0 0.3882812559604645 0.2998046875 0.0390625 0.048828125
0 0.38984376192092896 0.3466796875 0.0390625 0.048828125
0 0.3929687440395355 0.3916015625 0.0390625 0.048828125
0 0.39453125 0.4384765625 0.0390625 0.048828125
0 0.39765626192092896 0.4853515625 0.0390625 0.048828125
0 0.39921873807907104 0.5341796875 0.0390625 0.048828125
0 0.40234375 0.5791015625 0.0390625 0.048828125
0 0.40546876192092896 0.6298828125 0.0390625 0.048828125
0 0.4273437559604645 0.2880859375 0.0390625 0.048828125
0 0.43046873807907104 0.3349609375 0.0390625 0.048828125
0 0.43359375 0.3818359375 0.0390625 0.048828125
0 0.43671876192092896 0.4287109375 0.0390625 0.048828125
0 0.4398437440395355 0.4755859375 0.0390625 0.048828125
0 0.4429687559604645 0.5224609375 0.0390625 0.048828125
0 0.44609373807907104 0.5693359375 0.0390625 0.048828125
0 0.44921875 0.6162109375 0.0390625 0.048828125
0 0.46953123807907104 0.2783203125 0.0390625 0.048828125
0 0.4742187559604645 0.3271484375 0.0390625 0.048828125
0 0.47734373807907104 0.3720703125 0.0390625 0.048828125
0 0.4789062440395355 0.4189453125 0.0390625 0.048828125
0 0.48359376192092896 0.4638671875 0.0390625 0.048828125
0 0.48515623807907104 0.5146484375 0.0390625 0.048828125
0 0.48828125 0.5595703125 0.0390625 0.048828125
0 0.49140626192092896 0.6103515625 0.0390625 0.048828125
0 0.51171875 0.2666015625 0.0390625 0.048828125
0 0.516406238079071 0.3154296875 0.0390625 0.048828125
0 0.51953125 0.3642578125 0.0390625 0.048828125
0 0.522656261920929 0.4072265625 0.0390625 0.048828125
0 0.52734375 0.4560546875 0.0390625 0.048828125
0 0.5289062261581421 0.5029296875 0.0390625 0.048828125
0 0.532031238079071 0.5517578125 0.0390625 0.048828125
0 0.53515625 0.5966796875 0.0390625 0.048828125
0 0.555468738079071 0.2587890625 0.0390625 0.048828125
0 0.55859375 0.3056640625 0.0390625 0.048828125
0 0.563281238079071 0.3505859375 0.0390625 0.048828125
0 0.56640625 0.3994140625 0.0390625 0.048828125
0 0.569531261920929 0.4443359375 0.0390625 0.048828125
0 0.5726562738418579 0.4931640625 0.0390625 0.048828125
0 0.5757812261581421 0.5400390625 0.0390625 0.048828125
0 0.578906238079071 0.5908203125 0.0390625 0.048828125
0 0.59765625 0.2490234375 0.0390625 0.048828125
0 0.602343738079071 0.2939453125 0.0390625 0.048828125
0 0.6039062738418579 0.3447265625 0.0390625 0.048828125
0 0.608593761920929 0.3896484375 0.0390625 0.048828125
0 0.6117187738418579 0.4384765625 0.0390625 0.048828125
0 0.616406261920929 0.4833984375 0.0390625 0.048828125
0 0.6195312738418579 0.5322265625 0.0390625 0.048828125
0 0.6226562261581421 0.5791015625 0.0390625 0.048828125
0 0.641406238079071 0.2373046875 0.0390625 0.048828125
0 0.6460937261581421 0.2861328125 0.0390625 0.048828125
0 0.647656261920929 0.3330078125 0.0390625 0.048828125
0 0.6539062261581421 0.3798828125 0.0390625 0.048828125
0 0.655468761920929 0.4267578125 0.0390625 0.048828125
0 0.66015625 0.4736328125 0.0390625 0.048828125
0 0.663281261920929 0.5205078125 0.0390625 0.048828125
0 0.6664062738418579 0.5712890625 0.0390625 0.048828125
0 0.686718761920929 0.2275390625 0.0390625 0.048828125
0 0.688281238079071 0.2763671875 0.0390625 0.048828125
0 0.69140625 0.3232421875 0.0390625 0.048828125
0 0.696093738079071 0.3681640625 0.0390625 0.048828125
0 0.7007812261581421 0.4169921875 0.0390625 0.048828125
0 0.703906238079071 0.4638671875 0.0390625 0.048828125
0 0.70703125 0.5107421875 0.0390625 0.048828125
0 0.710156261920929 0.5615234375 0.0390625 0.048828125
0 0.73046875 0.2197265625 0.0390625 0.048828125
0 0.7320312261581421 0.2705078125 0.0390625 0.048828125
0 0.735156238079071 0.3134765625 0.0390625 0.048828125
0 0.7398437261581421 0.3603515625 0.0390625 0.048828125
0 0.742968738079071 0.4072265625 0.0390625 0.048828125
0 0.7476562261581421 0.4560546875 0.0390625 0.048828125
0 0.750781238079071 0.5029296875 0.0390625 0.048828125
0 0.7554687261581421 0.5517578125 0.0390625 0.048828125
