0 0.3492187559604645 0.8193359375 0.0390625 0.048828125
0 0.39453125 0.8212890625 0.0390625 0.048828125
0 0.44140625 0.8212890625 0.0390625 0.048828125
0 0.4867187440395355 0.8212890625 0.0390625 0.048828125
0 0.5335937738418579 0.8232421875 0.0390625 0.048828125
0 0.578906238079071 0.8232421875 0.0390625 0.048828125
0 0.625781238079071 0.8251953125 0.0390625 0.048828125
0 0.671093761920929 0.8251953125 0.0390625 0.048828125
0 0.35078126192092896 0.7646484375 0.0390625 0.048828125
0 0.3960937559604645 0.7646484375 0.0390625 0.048828125
0 0.44140625 0.7666015625 0.0390625 0.048828125
0 0.48828125 0.7666015625 0.0390625 0.048828125
0 0.5335937738418579 0.7685546875 0.0390625 0.048828125
0 0.5804687738418579 0.7685546875 0.0390625 0.048828125
0 0.625781238079071 0.7685546875 0.0390625 0.048828125
0 0.672656238079071 0.7705078125 0.0390625 0.048828125
0 0.35234373807907104 0.7099609375 0.0390625 0.048828125
0 0.39765626192092896 0.7099609375 0.0390625 0.048828125
0 0.4429687559604645 0.7119140625 0.0390625 0.048828125
0 0.4898437559604645 0.7119140625 0.0390625 0.048828125
0 0.53515625 0.7138671875 0.0390625 0.048828125
0 0.5804687738418579 0.7138671875 0.0390625 0.048828125
0 0.6273437738418579 0.7138671875 0.0390625 0.048828125
0 0.672656238079071 0.7158203125 0.0390625 0.048828125
0 0.3539062440395355 0.6552734375 0.0390625 0.048828125
0 0.39921873807907104 0.6552734375 0.0390625 0.048828125
0 0.44453126192092896 0.6572265625 0.0390625 0.048828125
0 0.4898437559604645 0.6572265625 0.0390625 0.048828125
0 0.53515625 0.6572265625 0.0390625 0.048828125
0 0.58203125 0.6591796875 0.0390625 0.048828125
0 0.6273437738418579 0.6591796875 0.0390625 0.048828125
0 0.672656238079071 0.6611328125 0.0390625 0.048828125
0 0.3539062440395355 0.6025390625 0.0390625 0.048828125
0 0.39921873807907104 0.6025390625 0.0390625 0.048828125
0 0.44609373807907104 0.6025390625 0.0390625 0.048828125
0 0.49140626192092896 0.6044921875 0.0390625 0.048828125
0 0.5367187261581421 0.6044921875 0.0390625 0.048828125
0 0.58203125 0.6044921875 0.0390625 0.048828125
0 0.6273437738418579 0.6064453125 0.0390625 0.048828125
0 0.6742187738418579 0.6064453125 0.0390625 0.048828125
0 0.35546875 0.5478515625 0.0390625 0.048828125
0 0.4007812440395355 0.5498046875 0.0390625 0.048828125
0 0.44609373807907104 0.5498046875 0.0390625 0.048828125
0 0.49140626192092896 0.5498046875 0.0390625 0.048828125
0 0.5367187261581421 0.5517578125 0.0390625 0.048828125
0 0.58203125 0.5517578125 0.0390625 0.048828125
0 0.6273437738418579 0.5517578125 0.0390625 0.048828125
0 0.6742187738418579 0.5537109375 0.0390625 0.048828125
0 0.3570312559604645 0.4951171875 0.0390625 0.048828125
0 0.40234375 0.4951171875 0.0390625 0.048828125
0 0.4476562440395355 0.4970703125 0.0390625 0.048828125
0 0.49296873807907104 0.4970703125 0.0390625 0.048828125
0 0.538281261920929 0.4970703125 0.0390625 0.048828125
0 0.5835937261581421 0.4990234375 0.0390625 0.048828125
0 0.62890625 0.4990234375 0.0390625 0.048828125
0 0.6742187738418579 0.4990234375 0.0390625 0.048828125
0 0.35859376192092896 0.4423828125 0.0390625 0.048828125
0 0.4039062559604645 0.4423828125 0.0390625 0.048828125
0 0.44921875 0.4443359375 0.0390625 0.048828125
0 0.4945312440395355 0.4443359375 0.0390625 0.048828125
0 0.538281261920929 0.4443359375 0.0390625 0.048828125
0 0.585156261920929 0.4462890625 0.0390625 0.048828125
0 0.62890625 0.4462890625 0.0390625 0.048828125
0 0.67578125 0.4462890625 0.0390625 0.048828125
0 0.36015623807907104 0.3896484375 0.0390625 0.048828125
0 0.40546876192092896 0.3896484375 0.0390625 0.048828125
0 0.44921875 0.3916015625 0.0390625 0.048828125
0 0.4945312440395355 0.3916015625 0.0390625 0.048828125
0 0.539843738079071 0.3916015625 0.0390625 0.048828125
0 0.585156261920929 0.3916015625 0.0390625 0.048828125
0 0.6304687261581421 0.3935546875 0.0390625 0.048828125
0 0.67578125 0.3935546875 0.0390625 0.048828125
0 0.36015623807907104 0.3369140625 0.0390625 0.048828125
0 0.40546876192092896 0.3369140625 0.0390625 0.048828125
0 0.4507812559604645 0.3388671875 0.0390625 0.048828125
0 0.49609375 0.3388671875 0.0390625 0.048828125
0 0.5414062738418579 0.3388671875 0.0390625 0.048828125
0 0.586718738079071 0.3388671875 0.0390625 0.048828125
0 0.6304687261581421 0.3408203125 0.0390625 0.048828125
0 0.67578125 0.3408203125 0.0390625 0.048828125
0 0.3617187440395355 0.2841796875 0.0390625 0.048828125
0 0.40703123807907104 0.2841796875 0.0390625 0.048828125
0 0.45234376192092896 0.2861328125 0.0390625 0.048828125
0 0.49609375 0.2861328125 0.0390625 0.048828125
0 0.5414062738418579 0.2861328125 0.0390625 0.048828125
0 0.586718738079071 0.2880859375 0.0390625 0.048828125
0 0.632031261920929 0.2880859375 0.0390625 0.048828125
0 0.6773437261581421 0.2880859375 0.0390625 0.048828125
