0 0.32421875 0.2490234375 0.0390625 0.048828125
0 0.36328125 0.2509765625 0.0390625 0.048828125
0 0.40234375 0.2509765625 0.0390625 0.048828125
0 0.4398437440395355 0.2529296875 0.0390625 0.048828125
0 0.4789062440395355 0.2529296875 0.0390625 0.048828125
0 0.516406238079071 0.2548828125 0.0390625 0.048828125
0 0.553906261920929 0.2548828125 0.0390625 0.048828125
0 0.5914062261581421 0.2568359375 0.0390625 0.048828125
0 0.32421875 0.3037109375 0.0390625 0.048828125
0 0.36328125 0.3056640625 0.0390625 0.048828125
0 0.40234375 0.3056640625 0.0390625 0.048828125
0 0.4398437440395355 0.3076171875 0.0390625 0.048828125
0 0.4789062440395355 0.3076171875 0.0390625 0.048828125
0 0.516406238079071 0.3095703125 0.0390625 0.048828125
0 0.553906261920929 0.3095703125 0.0390625 0.048828125
0 0.5914062261581421 0.3095703125 0.0390625 0.048828125
0 0.3257812559604645 0.3603515625 0.0390625 0.048828125
0 0.36328125 0.3603515625 0.0390625 0.048828125
0 0.40234375 0.3603515625 0.0390625 0.048828125
0 0.44140625 0.3623046875 0.0390625 0.048828125
0 0.4789062440395355 0.3623046875 0.0390625 0.048828125
0 0.5179687738418579 0.3623046875 0.0390625 0.048828125
0 0.555468738079071 0.3642578125 0.0390625 0.048828125
0 0.592968761920929 0.3642578125 0.0390625 0.048828125
0 0.3257812559604645 0.4150390625 0.0390625 0.048828125
0 0.3648437559604645 0.4150390625 0.0390625 0.048828125
0 0.4039062559604645 0.4150390625 0.0390625 0.048828125
0 0.44140625 0.4150390625 0.0390625 0.048828125
0 0.4789062440395355 0.4169921875 0.0390625 0.048828125
0 0.5179687738418579 0.4169921875 0.0390625 0.048828125
0 0.555468738079071 0.4169921875 0.0390625 0.048828125
0 0.592968761920929 0.4189453125 0.0390625 0.048828125
0 0.3257812559604645 0.4697265625 0.0390625 0.048828125
0 0.3648437559604645 0.4697265625 0.0390625 0.048828125
0 0.4039062559604645 0.4697265625 0.0390625 0.048828125
0 0.44140625 0.4697265625 0.0390625 0.048828125
0 0.48046875 0.4697265625 0.0390625 0.048828125
0 0.5179687738418579 0.4716796875 0.0390625 0.048828125
0 0.555468738079071 0.4716796875 0.0390625 0.048828125
0 0.592968761920929 0.4716796875 0.0390625 0.048828125
0 0.32734376192092896 0.5244140625 0.0390625 0.048828125
0 0.36640626192092896 0.5244140625 0.0390625 0.048828125
0 0.4039062559604645 0.5244140625 0.0390625 0.048828125
0 0.4429687559604645 0.5244140625 0.0390625 0.048828125
0 0.48046875 0.5244140625 0.0390625 0.048828125
0 0.5179687738418579 0.5244140625 0.0390625 0.048828125
0 0.555468738079071 0.5244140625 0.0390625 0.048828125
0 0.594531238079071 0.5263671875 0.0390625 0.048828125
0 0.32734376192092896 0.5791015625 0.0390625 0.048828125
0 0.36640626192092896 0.5791015625 0.0390625 0.048828125
0 0.40546876192092896 0.5791015625 0.0390625 0.048828125
0 0.4429687559604645 0.5791015625 0.0390625 0.048828125
0 0.48046875 0.5791015625 0.0390625 0.048828125
0 0.51953125 0.5791015625 0.0390625 0.048828125
0 0.5570312738418579 0.5791015625 0.0390625 0.048828125
0 0.594531238079071 0.5791015625 0.0390625 0.048828125
0 0.32734376192092896 0.6337890625 0.0390625 0.048828125
0 0.36640626192092896 0.6337890625 0.0390625 0.048828125
0 0.40546876192092896 0.6337890625 0.0390625 0.048828125
0 0.4429687559604645 0.6337890625 0.0390625 0.048828125
0 0.4820312559604645 0.6337890625 0.0390625 0.048828125
0 0.51953125 0.6337890625 0.0390625 0.048828125
0 0.5570312738418579 0.6337890625 0.0390625 0.048828125
0 0.594531238079071 0.6337890625 0.0390625 0.048828125
0 0.32734376192092896 0.6904296875 0.0390625 0.048828125
0 0.36640626192092896 0.6884765625 0.0390625 0.048828125
0 0.40546876192092896 0.6884765625 0.0390625 0.048828125
0 0.4429687559604645 0.6884765625 0.0390625 0.048828125
0 0.4820312559604645 0.6884765625 0.0390625 0.048828125
0 0.51953125 0.6884765625 0.0390625 0.048828125
0 0.55859375 0.6884765625 0.0390625 0.048828125
0 0.5960937738418579 0.6865234375 0.0390625 0.048828125
0 0.32734376192092896 0.7451171875 0.0390625 0.048828125
0 0.36640626192092896 0.7431640625 0.0390625 0.048828125
0 0.40546876192092896 0.7431640625 0.0390625 0.048828125
0 0.44453126192092896 0.7431640625 0.0390625 0.048828125
0 0.4820312559604645 0.7431640625 0.0390625 0.048828125
0 0.5210937261581421 0.7431640625 0.0390625 0.048828125
0 0.55859375 0.7412109375 0.0390625 0.048828125
0 0.5960937738418579 0.7412109375 0.0390625 0.048828125
0 0.32890623807907104 0.7998046875 0.0390625 0.048828125
0 0.36796873807907104 0.7998046875 0.0390625 0.048828125
0 0.40546876192092896 0.7978515625 0.0390625 0.048828125
0 0.44453126192092896 0.7978515625 0.0390625 0.048828125
0 0.48359376192092896 0.7978515625 0.0390625 0.048828125
0 0.5210937261581421 0.7978515625 0.0390625 0.048828125
0 0.55859375 0.7978515625 0.0390625 0.048828125
0 0.5960937738418579 0.7958984375 0.0390625 0.048828125
