0 0.61328125 0.8330078125 0.0328125 0.052734375
0 0.612500011920929 0.7666015625 0.03125 0.044921875
0 0.612500011920929 0.701171875 0.03125 0.046875
0 0.6109374761581421 0.63671875 0.03125 0.046875
0 0.6109374761581421 0.5712890625 0.03125 0.048828125
0 0.6109374761581421 0.5078125 0.03125 0.046875
0 0.609375 0.4443359375 0.03125 0.048828125
0 0.610156238079071 0.3798828125 0.0390625 0.048828125
0 0.573437511920929 0.82421875 0.03125 0.046875
0 0.5718749761581421 0.7568359375 0.03125 0.048828125
0 0.5718749761581421 0.6923828125 0.03125 0.044921875
0 0.5718749761581421 0.626953125 0.03125 0.05078125
0 0.5703125 0.5615234375 0.03125 0.044921875
0 0.5703125 0.4970703125 0.03125 0.048828125
0 0.5703125 0.4326171875 0.03125 0.044921875
0 0.5703125 0.3681640625 0.03125 0.048828125
0 0.5328124761581421 0.814453125 0.03125 0.05078125
0 0.5328124761581421 0.748046875 0.03125 0.046875
0 0.5328124761581421 0.681640625 0.03125 0.05078125
0 0.53125 0.6171875 0.03125 0.046875
0 0.53125 0.55078125 0.03125 0.05078125
0 0.53125 0.486328125 0.03125 0.046875
0 0.53125 0.421875 0.03125 0.05078125
0 0.530468761920929 0.3564453125 0.0296875 0.044921875
0 0.49140626192092896 0.8056640625 0.0390625 0.048828125
0 0.49140626192092896 0.73828125 0.0328125 0.05078125
0 0.49140626192092896 0.6728515625 0.0390625 0.048828125
0 0.49140626192092896 0.6064453125 0.0328125 0.048828125
0 0.49140626192092896 0.5419921875 0.0390625 0.048828125
0 0.49140626192092896 0.4755859375 0.0328125 0.048828125
0 0.49140626192092896 0.4111328125 0.0390625 0.048828125
0 0.4906249940395355 0.345703125 0.034375 0.05078125
0 0.4507812559604645 0.796875 0.0328125 0.05078125
0 0.4507812559604645 0.7294921875 0.0328125 0.048828125
0 0.4507812559604645 0.662109375 0.0328125 0.05078125
0 0.44999998807907104 0.595703125 0.03125 0.046875
0 0.44999998807907104 0.5302734375 0.03125 0.048828125
0 0.44999998807907104 0.46484375 0.03125 0.046875
0 0.44999998807907104 0.3994140625 0.03125 0.048828125
0 0.44999998807907104 0.3349609375 0.03125 0.048828125
0 0.4078125059604645 0.787109375 0.034375 0.046875
0 0.4078125059604645 0.71875 0.034375 0.05078125
0 0.40937501192092896 0.65234375 0.03125 0.046875
0 0.4078125059604645 0.5859375 0.034375 0.05078125
0 0.4085937440395355 0.5205078125 0.0390625 0.048828125
0 0.4078125059604645 0.455078125 0.034375 0.05078125
0 0.4078125059604645 0.3896484375 0.034375 0.048828125
0 0.4078125059604645 0.3232421875 0.034375 0.052734375
0 0.3671875 0.77734375 0.034375 0.0546875
0 0.3671875 0.7099609375 0.03125 0.048828125
0 0.3671875 0.642578125 0.034375 0.05078125
0 0.36796873807907104 0.5751953125 0.0390625 0.048828125
0 0.36796873807907104 0.5087890625 0.0328125 0.048828125
0 0.36796873807907104 0.4443359375 0.0390625 0.048828125
0 0.36796873807907104 0.376953125 0.0328125 0.05078125
0 0.36796873807907104 0.3115234375 0.0390625 0.048828125
0 0.32421875 0.7685546875 0.0328125 0.048828125
0 0.32499998807907104 0.7001953125 0.034375 0.052734375
0 0.32421875 0.6318359375 0.0390625 0.048828125
0 0.32499998807907104 0.564453125 0.03125 0.05078125
0 0.32499998807907104 0.4990234375 0.03125 0.048828125
0 0.32499998807907104 0.431640625 0.034375 0.05078125
0 0.3257812559604645 0.3662109375 0.0390625 0.048828125
0 0.32499998807907104 0.2998046875 0.034375 0.048828125
0 0.28125 0.7587890625 0.0375 0.052734375
0 0.28046876192092896 0.6904296875 0.0390625 0.048828125
0 0.28125 0.6220703125 0.034375 0.052734375
0 0.28203123807907104 0.5556640625 0.0390625 0.048828125
0 0.2828125059604645 0.48828125 0.034375 0.05078125
0 0.28203123807907104 0.4208984375 0.0390625 0.048828125
0 0.2828125059604645 0.3544921875 0.034375 0.052734375
0 0.28203123807907104 0.2880859375 0.0390625 0.048828125
0 0.23671874403953552 0.7490234375 0.0328125 0.048828125
0 0.23749999701976776 0.6806640625 0.034375 0.052734375
0 0.23828125 0.6123046875 0.0390625 0.048828125
0 0.23906250298023224 0.544921875 0.034375 0.05078125
0 0.23828125 0.4775390625 0.0390625 0.048828125
0 0.23984375596046448 0.4091796875 0.0390625 0.048828125
0 0.23984375596046448 0.3427734375 0.0390625 0.048828125
0 0.23984375596046448 0.2763671875 0.0390625 0.048828125
0 0.19296875596046448 0.7392578125 0.0390625 0.048828125
0 0.19453124701976776 0.6708984375 0.0390625 0.048828125
0 0.19453124701976776 0.6025390625 0.0390625 0.048828125
0 0.19453124701976776 0.5341796875 0.0390625 0.048828125
0 0.19609375298023224 0.4658203125 0.0390625 0.048828125
0 0.19453124701976776 0.3955078125 0.0390625 0.048828125
0 0.19609375298023224 0.3310546875 0.0359375 0.052734375
0 0.19609375298023224 0.2646484375 0.0390625 0.048828125
