0 0.17265625298023224 0.2451171875 0.0390625 0.048828125
0 0.17109374701976776 0.3037109375 0.0390625 0.048828125
0 0.16953125596046448 0.3603515625 0.0390625 0.048828125
0 0.16796875 0.4189453125 0.0390625 0.048828125
0 0.16640624403953552 0.4775390625 0.0390625 0.048828125
0 0.16328124701976776 0.5380859375 0.0390625 0.048828125
0 0.16171875596046448 0.5966796875 0.0390625 0.048828125
0 0.16015625 0.6572265625 0.0390625 0.048828125
0 0.22578124701976776 0.2451171875 0.0390625 0.048828125
0 0.22578124701976776 0.3037109375 0.0390625 0.048828125
0 0.22421875596046448 0.3623046875 0.0390625 0.048828125
0 0.22265625 0.4189453125 0.0390625 0.048828125
0 0.22109374403953552 0.4794921875 0.0390625 0.048828125
0 0.21953125298023224 0.5380859375 0.0390625 0.048828125
0 0.21796874701976776 0.5966796875 0.0390625 0.048828125
0 0.21484375 0.6572265625 0.0390625 0.048828125
0 0.28046876192092896 0.2470703125 0.0390625 0.048828125
0 0.2789062559604645 0.3056640625 0.0390625 0.048828125
0 0.27734375 0.3623046875 0.0390625 0.048828125
0 0.2757812440395355 0.4208984375 0.0390625 0.048828125
0 0.27421873807907104 0.4794921875 0.0390625 0.048828125
0 0.27421873807907104 0.5380859375 0.0390625 0.048828125
0 0.27265626192092896 0.5986328125 0.0390625 0.048828125
0 0.2710937559604645 0.6591796875 0.0390625 0.048828125
0 0.3335937559604645 0.2470703125 0.0390625 0.048828125
0 0.33203125 0.3056640625 0.0390625 0.048828125
0 0.33203125 0.3642578125 0.0390625 0.048828125
0 0.3304687440395355 0.4208984375 0.0390625 0.048828125
0 0.32890623807907104 0.4794921875 0.0390625 0.048828125
0 0.32890623807907104 0.5380859375 0.0390625 0.048828125
0 0.32734376192092896 0.5986328125 0.0390625 0.048828125
0 0.3257812559604645 0.6591796875 0.0390625 0.048828125
0 0.38671875 0.2490234375 0.0390625 0.048828125
0 0.38671875 0.3056640625 0.0390625 0.048828125
0 0.3851562440395355 0.3642578125 0.0390625 0.048828125
0 0.3851562440395355 0.4228515625 0.0390625 0.048828125
0 0.38359373807907104 0.4814453125 0.0390625 0.048828125
0 0.38203126192092896 0.5400390625 0.0390625 0.048828125
0 0.38203126192092896 0.5986328125 0.0390625 0.048828125
0 0.3804687559604645 0.6591796875 0.0390625 0.048828125
0 0.4398437440395355 0.2490234375 0.0390625 0.048828125
0 0.4398437440395355 0.3076171875 0.0390625 0.048828125
0 0.43828123807907104 0.3642578125 0.0390625 0.048828125
0 0.43828123807907104 0.4228515625 0.0390625 0.048828125
0 0.43828123807907104 0.4814453125 0.0390625 0.048828125
0 0.43671876192092896 0.5400390625 0.0390625 0.048828125
0 0.43671876192092896 0.6005859375 0.0390625 0.048828125
0 0.4351562559604645 0.6611328125 0.0390625 0.048828125
0 0.4945312440395355 0.2490234375 0.0390625 0.048828125
0 0.49296873807907104 0.3076171875 0.0390625 0.048828125
0 0.49296873807907104 0.3662109375 0.0390625 0.048828125
0 0.49296873807907104 0.4228515625 0.0390625 0.048828125
0 0.49140626192092896 0.4814453125 0.0390625 0.048828125
0 0.49140626192092896 0.5419921875 0.0390625 0.048828125
0 0.4898437559604645 0.6005859375 0.0390625 0.048828125
0 0.4898437559604645 0.6611328125 0.0390625 0.048828125
0 0.547656238079071 0.2509765625 0.0390625 0.048828125
0 0.546093761920929 0.3076171875 0.0390625 0.048828125
0 0.546093761920929 0.3662109375 0.0390625 0.048828125
0 0.546093761920929 0.4248046875 0.0390625 0.048828125
0 0.546093761920929 0.4833984375 0.0390625 0.048828125
0 0.546093761920929 0.5419921875 0.0390625 0.048828125
0 0.5445312261581421 0.6025390625 0.0390625 0.048828125
0 0.5445312261581421 0.6630859375 0.0390625 0.048828125
0 0.600781261920929 0.2509765625 0.0390625 0.048828125
0 0.600781261920929 0.3095703125 0.0390625 0.048828125
0 0.600781261920929 0.3662109375 0.0390625 0.048828125
0 0.600781261920929 0.4248046875 0.0390625 0.048828125
0 0.5992187261581421 0.4833984375 0.0390625 0.048828125
0 0.5992187261581421 0.5439453125 0.0390625 0.048828125
0 0.5992187261581421 0.6025390625 0.0390625 0.048828125
0 0.5992187261581421 0.6630859375 0.0390625 0.048828125
0 0.6539062261581421 0.2529296875 0.0390625 0.048828125
0 0.6539062261581421 0.3095703125 0.0390625 0.048828125
0 0.6539062261581421 0.3681640625 0.0390625 0.048828125
0 0.6539062261581421 0.4267578125 0.0390625 0.048828125
0 0.6539062261581421 0.4853515625 0.0390625 0.048828125
0 0.6539062261581421 0.5439453125 0.0390625 0.048828125
0 0.655468761920929 0.6044921875 0.0390625 0.048828125
0 0.655468761920929 0.6650390625 0.0390625 0.048828125
0 0.7085937261581421 0.2529296875 0.0390625 0.048828125
0 0.7085937261581421 0.3115234375 0.0390625 0.048828125
0 0.7085937261581421 0.3681640625 0.0390625 0.048828125
0 0.7085937261581421 0.4267578125 0.0390625 0.048828125
0 0.7085937261581421 0.4853515625 0.0390625 0.048828125
0 0.7085937261581421 0.5458984375 0.0390625 0.048828125
0 0.710156261920929 0.6044921875 0.0390625 0.048828125
0 0.710156261920929 0.6650390625 0.0390625 0.048828125
