0 0.22265625 0.7568359375 0.0390625 0.048828125
0 0.22734375298023224 0.6884765625 0.0390625 0.048828125
0 0.23359374701976776 0.6201171875 0.0390625 0.048828125
0 0.23828125 0.5517578125 0.0390625 0.048828125
0 0.24296875298023224 0.4853515625 0.0390625 0.048828125
0 0.24765625596046448 0.4169921875 0.0390625 0.048828125
0 0.2523437440395355 0.3486328125 0.0390625 0.048828125
0 0.25703126192092896 0.2783203125 0.0390625 0.048828125
0 0.2757812440395355 0.7568359375 0.0390625 0.048828125
0 0.28046876192092896 0.6904296875 0.0390625 0.048828125
0 0.28515625 0.6220703125 0.0390625 0.048828125
0 0.2914062440395355 0.5537109375 0.0390625 0.048828125
0 0.29609376192092896 0.4873046875 0.0390625 0.048828125
0 0.30078125 0.4189453125 0.0390625 0.048828125
0 0.30546873807907104 0.3505859375 0.0390625 0.048828125
0 0.3101562559604645 0.2822265625 0.0390625 0.048828125
0 0.32890623807907104 0.7587890625 0.0390625 0.048828125
0 0.3335937559604645 0.6923828125 0.0390625 0.048828125
0 0.3382812440395355 0.6240234375 0.0390625 0.048828125
0 0.34296876192092896 0.5556640625 0.0390625 0.048828125
0 0.34765625 0.4892578125 0.0390625 0.048828125
0 0.3539062440395355 0.4208984375 0.0390625 0.048828125
0 0.35859376192092896 0.3544921875 0.0390625 0.048828125
0 0.36328125 0.2841796875 0.0390625 0.048828125
0 0.3804687559604645 0.7607421875 0.0390625 0.048828125
0 0.3851562440395355 0.6923828125 0.0390625 0.048828125
0 0.38984376192092896 0.6259765625 0.0390625 0.048828125
0 0.3960937559604645 0.5595703125 0.0390625 0.048828125
0 0.4007812440395355 0.4912109375 0.0390625 0.048828125
0 0.40546876192092896 0.4248046875 0.0390625 0.048828125
0 0.41015625 0.3564453125 0.0390625 0.048828125
0 0.41484373807907104 0.2880859375 0.0390625 0.048828125
0 0.4320312440395355 0.7626953125 0.0390625 0.048828125
0 0.43671876192092896 0.6943359375 0.0390625 0.048828125
0 0.44140625 0.6279296875 0.0390625 0.048828125
0 0.4476562440395355 0.5615234375 0.0390625 0.048828125
0 0.45234376192092896 0.4931640625 0.0390625 0.048828125
0 0.45703125 0.4267578125 0.0390625 0.048828125
0 0.4632812440395355 0.3583984375 0.0390625 0.048828125
0 0.46796876192092896 0.2919921875 0.0390625 0.048828125
0 0.48359376192092896 0.7626953125 0.0390625 0.048828125
0 0.48828125 0.6962890625 0.0390625 0.048828125
0 0.4945312440395355 0.6298828125 0.0390625 0.048828125
0 0.49921876192092896 0.5634765625 0.0390625 0.048828125
0 0.50390625 0.4951171875 0.0390625 0.048828125
0 0.508593738079071 0.4287109375 0.0390625 0.048828125
0 0.5132812261581421 0.3623046875 0.0390625 0.048828125
0 0.51953125 0.2939453125 0.0390625 0.048828125
0 0.53515625 0.7646484375 0.0390625 0.048828125
0 0.539843738079071 0.6982421875 0.0390625 0.048828125
0 0.5445312261581421 0.6318359375 0.0390625 0.048828125
0 0.55078125 0.5654296875 0.0390625 0.048828125
0 0.555468738079071 0.4990234375 0.0390625 0.048828125
0 0.5601562261581421 0.4306640625 0.0390625 0.048828125
0 0.5648437738418579 0.3642578125 0.0390625 0.048828125
0 0.571093738079071 0.2978515625 0.0390625 0.048828125
0 0.586718738079071 0.7666015625 0.0390625 0.048828125
0 0.5914062261581421 0.7001953125 0.0390625 0.048828125
0 0.5960937738418579 0.6337890625 0.0390625 0.048828125
0 0.600781261920929 0.5673828125 0.0390625 0.048828125
0 0.60546875 0.5009765625 0.0390625 0.048828125
0 0.6117187738418579 0.4326171875 0.0390625 0.048828125
0 0.616406261920929 0.3662109375 0.0390625 0.048828125
0 0.6226562261581421 0.2998046875 0.0390625 0.048828125
0 0.63671875 0.7685546875 0.0390625 0.048828125
0 0.641406238079071 0.7021484375 0.0390625 0.048828125
0 0.6460937261581421 0.6357421875 0.0390625 0.048828125
0 0.65234375 0.5693359375 0.0390625 0.048828125
0 0.657031238079071 0.5029296875 0.0390625 0.048828125
0 0.6617187261581421 0.4365234375 0.0390625 0.048828125
0 0.66796875 0.3681640625 0.0390625 0.048828125
0 0.672656238079071 0.3017578125 0.0390625 0.048828125
0 0.686718761920929 0.7705078125 0.0390625 0.048828125
0 0.69140625 0.7041015625 0.0390625 0.048828125
0 0.6976562738418579 0.6376953125 0.0390625 0.048828125
0 0.702343761920929 0.5712890625 0.0390625 0.048828125
0 0.7085937261581421 0.5048828125 0.0390625 0.048828125
0 0.7132812738418579 0.4384765625 0.0390625 0.048828125
0 0.717968761920929 0.3720703125 0.0390625 0.048828125
0 0.7242187261581421 0.3037109375 0.0390625 0.048828125
0 0.7367187738418579 0.7724609375 0.0390625 0.048828125
0 0.742968738079071 0.7060546875 0.0390625 0.048828125
0 0.7476562261581421 0.6396484375 0.0390625 0.048828125
0 0.7523437738418579 0.5732421875 0.0390625 0.048828125
0 0.758593738079071 0.5068359375 0.0390625 0.048828125
0 0.764843761920929 0.4404296875 0.0390625 0.048828125
0 0.76953125 0.3740234375 0.0390625 0.048828125
0 0.774218738079071 0.3076171875 0.0390625 0.048828125
