0 0.22265625 0.5048828125 0.0390625 0.048828125
0 0.25078123807907104 0.4619140625 0.0390625 0.048828125
0 0.27734375 0.4189453125 0.0390625 0.048828125
0 0.30390626192092896 0.3759765625 0.0390625 0.048828125
0 0.3304687440395355 0.3349609375 0.0390625 0.048828125
0 0.3570312559604645 0.2919921875 0.0390625 0.048828125
0 0.38203126192092896 0.2509765625 0.0390625 0.048828125
0 0.4085937440395355 0.2080078125 0.0390625 0.048828125
0 0.25703126192092896 0.5380859375 0.0390625 0.048828125
0 0.28515625 0.4951171875 0.0390625 0.048828125
0 0.31171876192092896 0.4521484375 0.0390625 0.048828125
0 0.3382812440395355 0.4111328125 0.0390625 0.048828125
0 0.36328125 0.3681640625 0.0390625 0.048828125
0 0.38984376192092896 0.3271484375 0.0390625 0.048828125
0 0.4164062440395355 0.2841796875 0.0390625 0.048828125
0 0.4429687559604645 0.2431640625 0.0390625 0.048828125
0 0.2914062440395355 0.5712890625 0.0390625 0.048828125
0 0.31953126192092896 0.5283203125 0.0390625 0.048828125
0 0.34453123807907104 0.4873046875 0.0390625 0.048828125
0 0.37109375 0.4443359375 0.0390625 0.048828125
0 0.39765626192092896 0.4033203125 0.0390625 0.048828125
0 0.4242187440395355 0.3603515625 0.0390625 0.048828125
0 0.4507812559604645 0.3193359375 0.0390625 0.048828125
0 0.47734373807907104 0.2763671875 0.0390625 0.048828125
0 0.3257812559604645 0.6064453125 0.0390625 0.048828125
0 0.35234373807907104 0.5634765625 0.0390625 0.048828125
0 0.37890625 0.5205078125 0.0390625 0.048828125
0 0.40546876192092896 0.4794921875 0.0390625 0.048828125
0 0.4320312440395355 0.4365234375 0.0390625 0.048828125
0 0.4585937559604645 0.3955078125 0.0390625 0.048828125
0 0.48515623807907104 0.3525390625 0.0390625 0.048828125
0 0.5101562738418579 0.3115234375 0.0390625 0.048828125
0 0.36015623807907104 0.6396484375 0.0390625 0.048828125
0 0.38671875 0.5966796875 0.0390625 0.048828125
0 0.41328126192092896 0.5556640625 0.0390625 0.048828125
0 0.4398437440395355 0.5126953125 0.0390625 0.048828125
0 0.4664062559604645 0.4697265625 0.0390625 0.048828125
0 0.49140626192092896 0.4287109375 0.0390625 0.048828125
0 0.5179687738418579 0.3857421875 0.0390625 0.048828125
0 0.5445312261581421 0.3447265625 0.0390625 0.048828125
0 0.39453125 0.6748046875 0.0390625 0.048828125
0 0.42109376192092896 0.6318359375 0.0390625 0.048828125
0 0.4476562440395355 0.5888671875 0.0390625 0.048828125
0 0.4742187559604645 0.5458984375 0.0390625 0.048828125
0 0.49921876192092896 0.5048828125 0.0390625 0.048828125
0 0.5257812738418579 0.4619140625 0.0390625 0.048828125
0 0.5523437261581421 0.4208984375 0.0390625 0.048828125
0 0.578906238079071 0.3779296875 0.0390625 0.048828125
0 0.42890626192092896 0.7080078125 0.0390625 0.048828125
0 0.4554687440395355 0.6650390625 0.0390625 0.048828125
0 0.4820312559604645 0.6220703125 0.0390625 0.048828125
0 0.507031261920929 0.5810546875 0.0390625 0.048828125
0 0.5335937738418579 0.5380859375 0.0390625 0.048828125
0 0.5601562261581421 0.4970703125 0.0390625 0.048828125
0 0.586718738079071 0.4541015625 0.0390625 0.048828125
0 0.6117187738418579 0.4130859375 0.0390625 0.048828125
0 0.4632812440395355 0.7431640625 0.0390625 0.048828125
0 0.4898437559604645 0.7001953125 0.0390625 0.048828125
0 0.516406238079071 0.6572265625 0.0390625 0.048828125
0 0.5414062738418579 0.6142578125 0.0390625 0.048828125
0 0.5679687261581421 0.5732421875 0.0390625 0.048828125
0 0.594531238079071 0.5302734375 0.0390625 0.048828125
0 0.6195312738418579 0.4892578125 0.0390625 0.048828125
0 0.6460937261581421 0.4462890625 0.0390625 0.048828125
0 0.4976562559604645 0.7763671875 0.0390625 0.048828125
0 0.524218738079071 0.7333984375 0.0390625 0.048828125
0 0.5492187738418579 0.6904296875 0.0390625 0.048828125
0 0.5757812261581421 0.6494140625 0.0390625 0.048828125
0 0.602343738079071 0.6064453125 0.0390625 0.048828125
0 0.6273437738418579 0.5634765625 0.0390625 0.048828125
0 0.6539062261581421 0.5224609375 0.0390625 0.048828125
0 0.680468738079071 0.4814453125 0.0390625 0.048828125
0 0.532031238079071 0.8115234375 0.0390625 0.048828125
0 0.5570312738418579 0.7685546875 0.0390625 0.048828125
0 0.5835937261581421 0.7255859375 0.0390625 0.048828125
0 0.610156238079071 0.6826171875 0.0390625 0.048828125
0 0.63671875 0.6396484375 0.0390625 0.048828125
0 0.6617187261581421 0.5986328125 0.0390625 0.048828125
0 0.688281238079071 0.5556640625 0.0390625 0.048828125
0 0.71484375 0.5146484375 0.0390625 0.048828125
0 0.5648437738418579 0.8466796875 0.0390625 0.048828125
0 0.5914062261581421 0.8037109375 0.0390625 0.048828125
0 0.617968738079071 0.7607421875 0.0390625 0.048828125
0 0.64453125 0.7177734375 0.0390625 0.048828125
0 0.6695312261581421 0.6748046875 0.0390625 0.048828125
0 0.696093738079071 0.6318359375 0.0390625 0.048828125
0 0.72265625 0.5908203125 0.0390625 0.048828125
0 0.7476562261581421 0.5478515625 0.0390625 0.048828125
