0 0.45234376192092896 0.7978515625 0.0390625 0.048828125
0 0.4945312440395355 0.7978515625 0.0390625 0.048828125
0 0.5367187261581421 0.7978515625 0.0390625 0.048828125
0 0.5804687738418579 0.7978515625 0.0390625 0.048828125
0 0.62109375 0.7998046875 0.0390625 0.048828125
0 0.664843738079071 0.7998046875 0.0390625 0.048828125
0 0.70703125 0.7998046875 0.0390625 0.048828125
0 0.7476562261581421 0.7998046875 0.0390625 0.048828125
0 0.45390623807907104 0.7431640625 0.0390625 0.048828125
0 0.49609375 0.7431640625 0.0390625 0.048828125
0 0.539843738079071 0.7451171875 0.0390625 0.048828125
0 0.58203125 0.7451171875 0.0390625 0.048828125
0 0.624218761920929 0.7451171875 0.0390625 0.048828125
0 0.6664062738418579 0.7470703125 0.0390625 0.048828125
0 0.7085937261581421 0.7470703125 0.0390625 0.048828125
0 0.750781238079071 0.7470703125 0.0390625 0.048828125
0 0.4554687440395355 0.6904296875 0.0390625 0.048828125
0 0.49921876192092896 0.6904296875 0.0390625 0.048828125
0 0.5414062738418579 0.6904296875 0.0390625 0.048828125
0 0.5835937261581421 0.6904296875 0.0390625 0.048828125
0 0.625781238079071 0.6923828125 0.0390625 0.048828125
0 0.66796875 0.6923828125 0.0390625 0.048828125
0 0.710156261920929 0.6923828125 0.0390625 0.048828125
0 0.7523437738418579 0.6923828125 0.0390625 0.048828125
0 0.4585937559604645 0.6357421875 0.0390625 0.048828125
0 0.500781238079071 0.6357421875 0.0390625 0.048828125
0 0.54296875 0.6376953125 0.0390625 0.048828125
0 0.585156261920929 0.6376953125 0.0390625 0.048828125
0 0.6273437738418579 0.6376953125 0.0390625 0.048828125
0 0.6695312261581421 0.6396484375 0.0390625 0.048828125
0 0.711718738079071 0.6396484375 0.0390625 0.048828125
0 0.75390625 0.6396484375 0.0390625 0.048828125
0 0.46015626192092896 0.5830078125 0.0390625 0.048828125
0 0.5023437738418579 0.5830078125 0.0390625 0.048828125
0 0.5445312261581421 0.5830078125 0.0390625 0.048828125
0 0.586718738079071 0.5830078125 0.0390625 0.048828125
0 0.62890625 0.5849609375 0.0390625 0.048828125
0 0.671093761920929 0.5849609375 0.0390625 0.048828125
0 0.7132812738418579 0.5849609375 0.0390625 0.048828125
0 0.7554687261581421 0.5849609375 0.0390625 0.048828125
0 0.46171873807907104 0.5283203125 0.0390625 0.048828125
0 0.50390625 0.5283203125 0.0390625 0.048828125
0 0.546093761920929 0.5302734375 0.0390625 0.048828125
0 0.5882812738418579 0.5302734375 0.0390625 0.048828125
0 0.6304687261581421 0.5302734375 0.0390625 0.048828125
0 0.672656238079071 0.5322265625 0.0390625 0.048828125
0 0.7164062261581421 0.5322265625 0.0390625 0.048828125
0 0.758593738079071 0.5341796875 0.0390625 0.048828125
0 0.4632812440395355 0.4736328125 0.0390625 0.048828125
0 0.5054687261581421 0.4755859375 0.0390625 0.048828125
0 0.547656238079071 0.4755859375 0.0390625 0.048828125
0 0.58984375 0.4755859375 0.0390625 0.048828125
0 0.632031261920929 0.4775390625 0.0390625 0.048828125
0 0.6742187738418579 0.4775390625 0.0390625 0.048828125
0 0.717968761920929 0.4775390625 0.0390625 0.048828125
0 0.7601562738418579 0.4794921875 0.0390625 0.048828125
0 0.46484375 0.4208984375 0.0390625 0.048828125
0 0.507031261920929 0.4208984375 0.0390625 0.048828125
0 0.5492187738418579 0.4228515625 0.0390625 0.048828125
0 0.5914062261581421 0.4228515625 0.0390625 0.048828125
0 0.6351562738418579 0.4228515625 0.0390625 0.048828125
0 0.6773437261581421 0.4248046875 0.0390625 0.048828125
0 0.719531238079071 0.4248046875 0.0390625 0.048828125
0 0.76171875 0.4248046875 0.0390625 0.048828125
0 0.4664062559604645 0.3662109375 0.0390625 0.048828125
0 0.508593738079071 0.3681640625 0.0390625 0.048828125
0 0.55078125 0.3681640625 0.0390625 0.048828125
0 0.594531238079071 0.3681640625 0.0390625 0.048828125
0 0.63671875 0.3701171875 0.0390625 0.048828125
0 0.678906261920929 0.3701171875 0.0390625 0.048828125
0 0.7210937738418579 0.3701171875 0.0390625 0.048828125
0 0.7632812261581421 0.3720703125 0.0390625 0.048828125
0 0.46796876192092896 0.3115234375 0.0390625 0.048828125
0 0.5101562738418579 0.3134765625 0.0390625 0.048828125
0 0.553906261920929 0.3134765625 0.0390625 0.048828125
0 0.5960937738418579 0.3154296875 0.0390625 0.048828125
0 0.6382812261581421 0.3154296875 0.0390625 0.048828125
0 0.680468738079071 0.3154296875 0.0390625 0.048828125
0 0.72265625 0.3173828125 0.0390625 0.048828125
0 0.766406238079071 0.3173828125 0.0390625 0.048828125
0 0.46953123807907104 0.2568359375 0.0390625 0.048828125
0 0.5132812261581421 0.2587890625 0.0390625 0.048828125
0 0.555468738079071 0.2587890625 0.0390625 0.048828125
0 0.59765625 0.2607421875 0.0390625 0.048828125
0 0.639843761920929 0.2607421875 0.0390625 0.048828125
0 0.68359375 0.2626953125 0.0390625 0.048828125
0 0.725781261920929 0.2626953125 0.0390625 0.048828125
0 0.7679687738418579 0.2646484375 0.0390625 0.048828125
