0 0.15859374403953552 0.5673828125 0.0390625 0.048828125
0 0.18359375 0.6044921875 0.0390625 0.048828125
0 0.21015624701976776 0.6416015625 0.0390625 0.048828125
0 0.23515625298023224 0.6806640625 0.0390625 0.048828125
0 0.26171875 0.7177734375 0.0390625 0.048828125
0 0.28828126192092896 0.7568359375 0.0390625 0.048828125
0 0.3148437440395355 0.7939453125 0.0390625 0.048828125
0 0.33984375 0.8330078125 0.0390625 0.048828125
0 0.19296875596046448 0.5302734375 0.0390625 0.048828125
0 0.21796874701976776 0.5673828125 0.0390625 0.048828125
0 0.24453124403953552 0.6044921875 0.0390625 0.048828125
0 0.2710937559604645 0.6435546875 0.0390625 0.048828125
0 0.29609376192092896 0.6806640625 0.0390625 0.048828125
0 0.3226562440395355 0.7197265625 0.0390625 0.048828125
0 0.34765625 0.7587890625 0.0390625 0.048828125
0 0.37421876192092896 0.7978515625 0.0390625 0.048828125
0 0.22578124701976776 0.4951171875 0.0390625 0.048828125
0 0.2523437440395355 0.5322265625 0.0390625 0.048828125
0 0.27734375 0.5693359375 0.0390625 0.048828125
0 0.30390626192092896 0.6064453125 0.0390625 0.048828125
0 0.3304687440395355 0.6455078125 0.0390625 0.048828125
0 0.35546875 0.6826171875 0.0390625 0.048828125
0 0.38203126192092896 0.7216796875 0.0390625 0.048828125
0 0.4085937440395355 0.7587890625 0.0390625 0.048828125
0 0.2601562440395355 0.4599609375 0.0390625 0.048828125
0 0.2867187559604645 0.4951171875 0.0390625 0.048828125
0 0.31171876192092896 0.5341796875 0.0390625 0.048828125
0 0.33671873807907104 0.5712890625 0.0390625 0.048828125
0 0.3648437559604645 0.6083984375 0.0390625 0.048828125
0 0.38984376192092896 0.6455078125 0.0390625 0.048828125
0 0.4164062440395355 0.6845703125 0.0390625 0.048828125
0 0.4429687559604645 0.7236328125 0.0390625 0.048828125
0 0.2945312559604645 0.4228515625 0.0390625 0.048828125
0 0.31953126192092896 0.4599609375 0.0390625 0.048828125
0 0.3460937440395355 0.4970703125 0.0390625 0.048828125
0 0.37109375 0.5341796875 0.0390625 0.048828125
0 0.39921873807907104 0.5732421875 0.0390625 0.048828125
0 0.4242187440395355 0.6103515625 0.0390625 0.048828125
0 0.4507812559604645 0.6494140625 0.0390625 0.048828125
0 0.47734373807907104 0.6865234375 0.0390625 0.048828125
0 0.32734376192092896 0.3876953125 0.0390625 0.048828125
0 0.3539062440395355 0.4248046875 0.0390625 0.048828125
0 0.37890625 0.4619140625 0.0390625 0.048828125
0 0.40546876192092896 0.4990234375 0.0390625 0.048828125
0 0.4320312440395355 0.5361328125 0.0390625 0.048828125
0 0.4585937559604645 0.5732421875 0.0390625 0.048828125
0 0.48515623807907104 0.6123046875 0.0390625 0.048828125
0 0.51171875 0.6494140625 0.0390625 0.048828125
0 0.3617187440395355 0.3525390625 0.0390625 0.048828125
0 0.38671875 0.3896484375 0.0390625 0.048828125
0 0.41328126192092896 0.4267578125 0.0390625 0.048828125
0 0.4398437440395355 0.4638671875 0.0390625 0.048828125
0 0.4664062559604645 0.5009765625 0.0390625 0.048828125
0 0.49140626192092896 0.5380859375 0.0390625 0.048828125
0 0.5179687738418579 0.5751953125 0.0390625 0.048828125
0 0.546093761920929 0.6142578125 0.0390625 0.048828125
0 0.39453125 0.3173828125 0.0390625 0.048828125
0 0.4195312559604645 0.3544921875 0.0390625 0.048828125
0 0.44609373807907104 0.3916015625 0.0390625 0.048828125
0 0.47265625 0.4267578125 0.0390625 0.048828125
0 0.49921876192092896 0.4658203125 0.0390625 0.048828125
0 0.5257812738418579 0.5029296875 0.0390625 0.048828125
0 0.5523437261581421 0.5400390625 0.0390625 0.048828125
0 0.5804687738418579 0.5791015625 0.0390625 0.048828125
0 0.4273437559604645 0.2822265625 0.0390625 0.048828125
0 0.45390623807907104 0.3173828125 0.0390625 0.048828125
0 0.48046875 0.3544921875 0.0390625 0.048828125
0 0.507031261920929 0.3916015625 0.0390625 0.048828125
0 0.5335937738418579 0.4287109375 0.0390625 0.048828125
0 0.5601562261581421 0.4658203125 0.0390625 0.048828125
0 0.586718738079071 0.5029296875 0.0390625 0.048828125
0 0.6148437261581421 0.5419921875 0.0390625 0.048828125
0 0.46171873807907104 0.2451171875 0.0390625 0.048828125
0 0.48828125 0.2822265625 0.0390625 0.048828125
0 0.5132812261581421 0.3193359375 0.0390625 0.048828125
0 0.5414062738418579 0.3564453125 0.0390625 0.048828125
0 0.56640625 0.3935546875 0.0390625 0.048828125
0 0.592968761920929 0.4306640625 0.0390625 0.048828125
0 0.62109375 0.4677734375 0.0390625 0.048828125
0 0.649218738079071 0.5048828125 0.0390625 0.048828125
0 0.4945312440395355 0.2099609375 0.0390625 0.048828125
0 0.5210937261581421 0.2470703125 0.0390625 0.048828125
0 0.547656238079071 0.2822265625 0.0390625 0.048828125
0 0.57421875 0.3193359375 0.0390625 0.048828125
0 0.600781261920929 0.3583984375 0.0390625 0.048828125
0 0.62890625 0.3955078125 0.0390625 0.048828125
0 0.655468761920929 0.4306640625 0.0390625 0.048828125
0 0.6820312738418579 0.4697265625 0.0390625 0.048828125
