0 0.22734375298023224 0.5751953125 0.0390625 0.048828125
0 0.25859373807907104 0.6123046875 0.0390625 0.048828125
0 0.28984373807907104 0.6474609375 0.0390625 0.048828125
0 0.32109373807907104 0.6845703125 0.0390625 0.048828125
0 0.35234373807907104 0.7197265625 0.0390625 0.048828125
0 0.3851562440395355 0.7568359375 0.0390625 0.048828125
0 0.41796875 0.7939453125 0.0390625 0.048828125
0 0.44921875 0.8310546875 0.0390625 0.048828125
0 0.2601562440395355 0.5380859375 0.0390625 0.048828125
0 0.2914062440395355 0.5751953125 0.0390625 0.048828125
0 0.3226562440395355 0.6103515625 0.0390625 0.048828125
0 0.3539062440395355 0.6474609375 0.0390625 0.048828125
0 0.3851562440395355 0.6826171875 0.0390625 0.048828125
0 0.41796875 0.7197265625 0.0390625 0.048828125
0 0.44921875 0.7568359375 0.0390625 0.048828125
0 0.4820312559604645 0.7939453125 0.0390625 0.048828125
0 0.2914062440395355 0.5029296875 0.0390625 0.048828125
0 0.3226562440395355 0.5380859375 0.0390625 0.048828125
0 0.35546875 0.5732421875 0.0390625 0.048828125
0 0.38671875 0.6103515625 0.0390625 0.048828125
0 0.41796875 0.6455078125 0.0390625 0.048828125
0 0.44921875 0.6826171875 0.0390625 0.048828125
0 0.4820312559604645 0.7197265625 0.0390625 0.048828125
0 0.5132812261581421 0.7548828125 0.0390625 0.048828125
0 0.32421875 0.4658203125 0.0390625 0.048828125
0 0.35546875 0.5009765625 0.0390625 0.048828125
0 0.38671875 0.5380859375 0.0390625 0.048828125
0 0.41796875 0.5732421875 0.0390625 0.048828125
0 0.4507812559604645 0.6103515625 0.0390625 0.048828125
0 0.4820312559604645 0.6455078125 0.0390625 0.048828125
0 0.5132812261581421 0.6826171875 0.0390625 0.048828125
0 0.546093761920929 0.7177734375 0.0390625 0.048828125
0 0.3570312559604645 0.4306640625 0.0390625 0.048828125
0 0.38671875 0.4658203125 0.0390625 0.048828125
0 0.4195312559604645 0.5009765625 0.0390625 0.048828125
0 0.4507812559604645 0.5361328125 0.0390625 0.048828125
0 0.4820312559604645 0.5732421875 0.0390625 0.048828125
0 0.5132812261581421 0.6083984375 0.0390625 0.048828125
0 0.546093761920929 0.6455078125 0.0390625 0.048828125
0 0.578906238079071 0.6806640625 0.0390625 0.048828125
0 0.3882812559604645 0.3935546875 0.0390625 0.048828125
0 0.4195312559604645 0.4306640625 0.0390625 0.048828125
0 0.4507812559604645 0.4658203125 0.0390625 0.048828125
0 0.4820312559604645 0.5009765625 0.0390625 0.048828125
0 0.5132812261581421 0.5361328125 0.0390625 0.048828125
0 0.546093761920929 0.5712890625 0.0390625 0.048828125
0 0.577343761920929 0.6083984375 0.0390625 0.048828125
0 0.610156238079071 0.6435546875 0.0390625 0.048828125
0 0.4195312559604645 0.3583984375 0.0390625 0.048828125
0 0.4507812559604645 0.3935546875 0.0390625 0.048828125
0 0.4820312559604645 0.4287109375 0.0390625 0.048828125
0 0.5132812261581421 0.4638671875 0.0390625 0.048828125
0 0.546093761920929 0.4990234375 0.0390625 0.048828125
0 0.577343761920929 0.5361328125 0.0390625 0.048828125
0 0.610156238079071 0.5712890625 0.0390625 0.048828125
0 0.641406238079071 0.6083984375 0.0390625 0.048828125
0 0.4507812559604645 0.3232421875 0.0390625 0.048828125
0 0.4820312559604645 0.3583984375 0.0390625 0.048828125
0 0.5132812261581421 0.3935546875 0.0390625 0.048828125
0 0.546093761920929 0.4287109375 0.0390625 0.048828125
0 0.577343761920929 0.4638671875 0.0390625 0.048828125
0 0.610156238079071 0.4990234375 0.0390625 0.048828125
0 0.641406238079071 0.5361328125 0.0390625 0.048828125
0 0.6742187738418579 0.5712890625 0.0390625 0.048828125
0 0.4820312559604645 0.2880859375 0.0390625 0.048828125
0 0.5132812261581421 0.3232421875 0.0390625 0.048828125
0 0.5445312261581421 0.3583984375 0.0390625 0.048828125
0 0.577343761920929 0.3916015625 0.0390625 0.048828125
0 0.608593761920929 0.4267578125 0.0390625 0.048828125
0 0.641406238079071 0.4638671875 0.0390625 0.048828125
0 0.672656238079071 0.4990234375 0.0390625 0.048828125
0 0.7054687738418579 0.5341796875 0.0390625 0.048828125
0 0.514843761920929 0.2509765625 0.0390625 0.048828125
0 0.546093761920929 0.2861328125 0.0390625 0.048828125
0 0.577343761920929 0.3212890625 0.0390625 0.048828125
0 0.608593761920929 0.3564453125 0.0390625 0.048828125
0 0.639843761920929 0.3916015625 0.0390625 0.048828125
0 0.672656238079071 0.4267578125 0.0390625 0.048828125
0 0.703906238079071 0.4638671875 0.0390625 0.048828125
0 0.7367187738418579 0.4990234375 0.0390625 0.048828125
0 0.546093761920929 0.2158203125 0.0390625 0.048828125
0 0.577343761920929 0.2509765625 0.0390625 0.048828125
0 0.608593761920929 0.2861328125 0.0390625 0.048828125
0 0.639843761920929 0.3212890625 0.0390625 0.048828125
0 0.672656238079071 0.3564453125 0.0390625 0.048828125
0 0.703906238079071 0.3916015625 0.0390625 0.048828125
0 0.7367187738418579 0.4267578125 0.0390625 0.048828125
0 0.76953125 0.4619140625 0.0390625 0.048828125
