0 0.22109374403953552 0.7294921875 0.0390625 0.048828125
0 0.22265625 0.6767578125 0.0390625 0.048828125
0 0.22421875596046448 0.6279296875 0.0390625 0.048828125
0 0.22734375298023224 0.5791015625 0.0390625 0.048828125
0 0.22890624403953552 0.5283203125 0.0390625 0.048828125
0 0.23203125596046448 0.4794921875 0.0390625 0.048828125
0 0.23359374701976776 0.4306640625 0.0390625 0.048828125
0 0.23359374701976776 0.3818359375 0.0390625 0.048828125
0 0.2632812559604645 0.7255859375 0.0390625 0.048828125
0 0.26640623807907104 0.6748046875 0.0390625 0.048828125
0 0.2679687440395355 0.6240234375 0.0390625 0.048828125
0 0.26953125 0.5751953125 0.0390625 0.048828125
0 0.2710937559604645 0.5263671875 0.0390625 0.048828125
0 0.27265626192092896 0.4794921875 0.0390625 0.048828125
0 0.2757812440395355 0.4287109375 0.0390625 0.048828125
0 0.27734375 0.3798828125 0.0390625 0.048828125
0 0.30859375 0.7236328125 0.0390625 0.048828125
0 0.30859375 0.6708984375 0.0390625 0.048828125
0 0.3101562559604645 0.6220703125 0.0390625 0.048828125
0 0.31328123807907104 0.5732421875 0.0390625 0.048828125
0 0.3148437440395355 0.5244140625 0.0390625 0.048828125
0 0.31640625 0.4755859375 0.0390625 0.048828125
0 0.3179687559604645 0.4267578125 0.0390625 0.048828125
0 0.31953126192092896 0.3779296875 0.0390625 0.048828125
0 0.35078126192092896 0.7177734375 0.0390625 0.048828125
0 0.35234373807907104 0.6689453125 0.0390625 0.048828125
0 0.3539062440395355 0.6201171875 0.0390625 0.048828125
0 0.35546875 0.5693359375 0.0390625 0.048828125
0 0.35859376192092896 0.5205078125 0.0390625 0.048828125
0 0.35859376192092896 0.4736328125 0.0390625 0.048828125
0 0.36015623807907104 0.4248046875 0.0390625 0.048828125
0 0.3617187440395355 0.3759765625 0.0390625 0.048828125
0 0.39453125 0.7177734375 0.0390625 0.048828125
0 0.3960937559604645 0.6650390625 0.0390625 0.048828125
0 0.39765626192092896 0.6181640625 0.0390625 0.048828125
0 0.39921873807907104 0.5693359375 0.0390625 0.048828125
0 0.4007812440395355 0.5205078125 0.0390625 0.048828125
0 0.40234375 0.4716796875 0.0390625 0.048828125
0 0.4039062559604645 0.4228515625 0.0390625 0.048828125
0 0.4039062559604645 0.3740234375 0.0390625 0.048828125
0 0.43828123807907104 0.7138671875 0.0390625 0.048828125
0 0.4398437440395355 0.6630859375 0.0390625 0.048828125
0 0.44140625 0.6142578125 0.0390625 0.048828125
0 0.4429687559604645 0.5673828125 0.0390625 0.048828125
0 0.44453126192092896 0.5166015625 0.0390625 0.048828125
0 0.44609373807907104 0.4697265625 0.0390625 0.048828125
0 0.44609373807907104 0.4189453125 0.0390625 0.048828125
0 0.4476562440395355 0.3681640625 0.0390625 0.048828125
0 0.4820312559604645 0.7119140625 0.0390625 0.048828125
0 0.4820312559604645 0.6611328125 0.0390625 0.048828125
0 0.48515623807907104 0.6123046875 0.0390625 0.048828125
0 0.48515623807907104 0.5634765625 0.0390625 0.048828125
0 0.4867187440395355 0.5146484375 0.0390625 0.048828125
0 0.48828125 0.4677734375 0.0390625 0.048828125
0 0.4898437559604645 0.4169921875 0.0390625 0.048828125
0 0.48828125 0.3681640625 0.0390625 0.048828125
0 0.5257812738418579 0.7080078125 0.0390625 0.048828125
0 0.52734375 0.6591796875 0.0390625 0.048828125
0 0.52734375 0.6083984375 0.0390625 0.048828125
0 0.5289062261581421 0.5615234375 0.0390625 0.048828125
0 0.530468761920929 0.5126953125 0.0390625 0.048828125
0 0.530468761920929 0.4638671875 0.0390625 0.048828125
0 0.532031238079071 0.4130859375 0.0390625 0.048828125
0 0.532031238079071 0.3642578125 0.0390625 0.048828125
0 0.571093738079071 0.7080078125 0.0390625 0.048828125
0 0.569531261920929 0.6552734375 0.0390625 0.048828125
0 0.571093738079071 0.6064453125 0.0390625 0.048828125
0 0.5726562738418579 0.5595703125 0.0390625 0.048828125
0 0.5726562738418579 0.5107421875 0.0390625 0.048828125
0 0.57421875 0.4619140625 0.0390625 0.048828125
0 0.57421875 0.4130859375 0.0390625 0.048828125
0 0.5757812261581421 0.3642578125 0.0390625 0.048828125
0 0.61328125 0.7060546875 0.0390625 0.048828125
0 0.6148437261581421 0.6513671875 0.0390625 0.048828125
0 0.6148437261581421 0.6025390625 0.0390625 0.048828125
0 0.616406261920929 0.5537109375 0.0390625 0.048828125
0 0.616406261920929 0.5068359375 0.0390625 0.048828125
0 0.616406261920929 0.4580078125 0.0390625 0.048828125
0 0.617968738079071 0.4091796875 0.0390625 0.048828125
0 0.6195312738418579 0.3603515625 0.0390625 0.048828125
0 0.6585937738418579 0.7041015625 0.0390625 0.048828125
0 0.6585937738418579 0.6513671875 0.0390625 0.048828125
0 0.6585937738418579 0.6025390625 0.0390625 0.048828125
0 0.6585937738418579 0.5537109375 0.0390625 0.048828125
0 0.66015625 0.5048828125 0.0390625 0.048828125
0 0.66015625 0.4560546875 0.0390625 0.048828125
0 0.66015625 0.4072265625 0.0390625 0.048828125
0 0.6617187261581421 0.3564453125 0.0390625 0.048828125
