0 0.8023437261581421 0.7158203125 0.0390625 0.048828125
0 0.80078125 0.6513671875 0.0390625 0.048828125
0 0.80078125 0.5869140625 0.0390625 0.048828125
0 0.80078125 0.5205078125 0.0390625 0.048828125
0 0.7992187738418579 0.4580078125 0.0390625 0.048828125
0 0.7992187738418579 0.3935546875 0.0390625 0.048828125
0 0.7992187738418579 0.3291015625 0.0390625 0.048828125
0 0.7992187738418579 0.2666015625 0.0390625 0.048828125
0 0.7445312738418579 0.7138671875 0.0390625 0.048828125
0 0.7445312738418579 0.6494140625 0.0390625 0.048828125
0 0.7445312738418579 0.5830078125 0.0390625 0.048828125
0 0.742968738079071 0.5185546875 0.0390625 0.048828125
0 0.742968738079071 0.4560546875 0.0390625 0.048828125
0 0.742968738079071 0.3916015625 0.0390625 0.048828125
0 0.742968738079071 0.3291015625 0.0390625 0.048828125
0 0.742968738079071 0.2666015625 0.0390625 0.048828125
0 0.688281238079071 0.7119140625 0.0390625 0.048828125
0 0.688281238079071 0.6455078125 0.0390625 0.048828125
0 0.688281238079071 0.5810546875 0.0390625 0.048828125
0 0.686718761920929 0.5166015625 0.0390625 0.048828125
0 0.686718761920929 0.4541015625 0.0390625 0.048828125
0 0.686718761920929 0.3896484375 0.0390625 0.048828125
0 0.686718761920929 0.3271484375 0.0390625 0.048828125
0 0.686718761920929 0.2646484375 0.0390625 0.048828125
0 0.632031261920929 0.7099609375 0.0390625 0.048828125
0 0.6304687261581421 0.6435546875 0.0390625 0.048828125
0 0.6304687261581421 0.5791015625 0.0390625 0.048828125
0 0.6304687261581421 0.5146484375 0.0390625 0.048828125
0 0.6304687261581421 0.4521484375 0.0390625 0.048828125
0 0.632031261920929 0.3876953125 0.0390625 0.048828125
0 0.632031261920929 0.3251953125 0.0390625 0.048828125
0 0.632031261920929 0.2626953125 0.0390625 0.048828125
0 0.57421875 0.7080078125 0.0390625 0.048828125
0 0.57421875 0.6416015625 0.0390625 0.048828125
0 0.57421875 0.5771484375 0.0390625 0.048828125
0 0.5757812261581421 0.5126953125 0.0390625 0.048828125
0 0.5757812261581421 0.4501953125 0.0390625 0.048828125
0 0.5757812261581421 0.3857421875 0.0390625 0.048828125
0 0.5757812261581421 0.3232421875 0.0390625 0.048828125
0 0.5757812261581421 0.2607421875 0.0390625 0.048828125
0 0.5179687738418579 0.7060546875 0.0390625 0.048828125
0 0.5179687738418579 0.6396484375 0.0390625 0.048828125
0 0.51953125 0.5751953125 0.0390625 0.048828125
0 0.51953125 0.5107421875 0.0390625 0.048828125
0 0.51953125 0.4482421875 0.0390625 0.048828125
0 0.51953125 0.3837890625 0.0390625 0.048828125
0 0.5210937261581421 0.3212890625 0.0390625 0.048828125
0 0.5210937261581421 0.2587890625 0.0390625 0.048828125
0 0.46171873807907104 0.7041015625 0.0390625 0.048828125
0 0.46171873807907104 0.6376953125 0.0390625 0.048828125
0 0.4632812440395355 0.5732421875 0.0390625 0.048828125
0 0.4632812440395355 0.5087890625 0.0390625 0.048828125
0 0.4632812440395355 0.4462890625 0.0390625 0.048828125
0 0.46484375 0.3837890625 0.0390625 0.048828125
0 0.46484375 0.3193359375 0.0390625 0.048828125
0 0.4664062559604645 0.2568359375 0.0390625 0.048828125
0 0.40546876192092896 0.7021484375 0.0390625 0.048828125
0 0.40546876192092896 0.6357421875 0.0390625 0.048828125
0 0.40703123807907104 0.5712890625 0.0390625 0.048828125
0 0.40703123807907104 0.5068359375 0.0390625 0.048828125
0 0.4085937440395355 0.4443359375 0.0390625 0.048828125
0 0.4085937440395355 0.3818359375 0.0390625 0.048828125
0 0.41015625 0.3173828125 0.0390625 0.048828125
0 0.41015625 0.2548828125 0.0390625 0.048828125
0 0.34765625 0.7001953125 0.0390625 0.048828125
0 0.3492187559604645 0.6337890625 0.0390625 0.048828125
0 0.35078126192092896 0.5712890625 0.0390625 0.048828125
0 0.35078126192092896 0.5068359375 0.0390625 0.048828125
0 0.35234373807907104 0.4423828125 0.0390625 0.048828125
0 0.35234373807907104 0.3798828125 0.0390625 0.048828125
0 0.3539062440395355 0.3154296875 0.0390625 0.048828125
0 0.35546875 0.2529296875 0.0390625 0.048828125
0 0.2914062440395355 0.6982421875 0.0390625 0.048828125
0 0.29296875 0.6337890625 0.0390625 0.048828125
0 0.2945312559604645 0.5693359375 0.0390625 0.048828125
0 0.2945312559604645 0.5048828125 0.0390625 0.048828125
0 0.29609376192092896 0.4404296875 0.0390625 0.048828125
0 0.29765623807907104 0.3779296875 0.0390625 0.048828125
0 0.29765623807907104 0.3134765625 0.0390625 0.048828125
0 0.2992187440395355 0.2509765625 0.0390625 0.048828125
0 0.23359374701976776 0.6982421875 0.0390625 0.048828125
0 0.23671874403953552 0.6318359375 0.0390625 0.048828125
0 0.23671874403953552 0.5673828125 0.0390625 0.048828125
0 0.23828125 0.5029296875 0.0390625 0.048828125
0 0.23984375596046448 0.4384765625 0.0390625 0.048828125
0 0.24140624701976776 0.3759765625 0.0390625 0.048828125
0 0.24296875298023224 0.3115234375 0.0390625 0.048828125
0 0.24296875298023224 0.2490234375 0.0390625 0.048828125
