0 0.2601562440395355 0.8408203125 0.0390625 0.048828125
0 0.31328123807907104 0.8564453125 0.0390625 0.048828125
0 0.3648437559604645 0.8740234375 0.0390625 0.048828125
0 0.4164062440395355 0.8916015625 0.0390625 0.048828125
0 0.46796876192092896 0.9072265625 0.0390625 0.048828125
0 0.51953125 0.9248046875 0.0390625 0.048828125
0 0.5726562738418579 0.9423828125 0.0390625 0.048828125
0 0.6226562261581421 0.9599609375 0.0390625 0.048828125
0 0.2710937559604645 0.7744140625 0.0390625 0.048828125
0 0.32421875 0.7919921875 0.0390625 0.048828125
0 0.37578123807907104 0.8095703125 0.0390625 0.048828125
0 0.42578125 0.8271484375 0.0390625 0.048828125
0 0.4789062440395355 0.8427734375 0.0390625 0.048828125
0 0.530468761920929 0.8603515625 0.0390625 0.048828125
0 0.58203125 0.8779296875 0.0390625 0.048828125
0 0.633593738079071 0.8955078125 0.0390625 0.048828125
0 0.28203123807907104 0.7119140625 0.0390625 0.048828125
0 0.3335937559604645 0.7275390625 0.0390625 0.048828125
0 0.38671875 0.7451171875 0.0390625 0.048828125
0 0.43671876192092896 0.7626953125 0.0390625 0.048828125
0 0.48828125 0.7802734375 0.0390625 0.048828125
0 0.539843738079071 0.7958984375 0.0390625 0.048828125
0 0.5914062261581421 0.8134765625 0.0390625 0.048828125
0 0.641406238079071 0.8310546875 0.0390625 0.048828125
0 0.29296875 0.6474609375 0.0390625 0.048828125
0 0.34453123807907104 0.6650390625 0.0390625 0.048828125
0 0.3960937559604645 0.6806640625 0.0390625 0.048828125
0 0.4476562440395355 0.6982421875 0.0390625 0.048828125
0 0.4976562559604645 0.7158203125 0.0390625 0.048828125
0 0.5492187738418579 0.7333984375 0.0390625 0.048828125
0 0.600781261920929 0.7490234375 0.0390625 0.048828125
0 0.65234375 0.7666015625 0.0390625 0.048828125
0 0.30390626192092896 0.5849609375 0.0390625 0.048828125
0 0.35546875 0.6005859375 0.0390625 0.048828125
0 0.40546876192092896 0.6181640625 0.0390625 0.048828125
0 0.45703125 0.6357421875 0.0390625 0.048828125
0 0.508593738079071 0.6513671875 0.0390625 0.048828125
0 0.55859375 0.6689453125 0.0390625 0.048828125
0 0.610156238079071 0.6865234375 0.0390625 0.048828125
0 0.66015625 0.7041015625 0.0390625 0.048828125
0 0.31328123807907104 0.5205078125 0.0390625 0.048828125
0 0.3648437559604645 0.5380859375 0.0390625 0.048828125
0 0.4164062440395355 0.5556640625 0.0390625 0.048828125
0 0.4664062559604645 0.5732421875 0.0390625 0.048828125
0 0.5179687738418579 0.5888671875 0.0390625 0.048828125
0 0.5679687261581421 0.6064453125 0.0390625 0.048828125
0 0.6195312738418579 0.6240234375 0.0390625 0.048828125
0 0.6695312261581421 0.6416015625 0.0390625 0.048828125
0 0.32421875 0.4580078125 0.0390625 0.048828125
0 0.37578123807907104 0.4755859375 0.0390625 0.048828125
0 0.42578125 0.4931640625 0.0390625 0.048828125
0 0.47734373807907104 0.5107421875 0.0390625 0.048828125
0 0.52734375 0.5283203125 0.0390625 0.048828125
0 0.578906238079071 0.5439453125 0.0390625 0.048828125
0 0.62890625 0.5615234375 0.0390625 0.048828125
0 0.678906261920929 0.5791015625 0.0390625 0.048828125
0 0.33515626192092896 0.3974609375 0.0390625 0.048828125
0 0.3851562440395355 0.4150390625 0.0390625 0.048828125
0 0.43671876192092896 0.4326171875 0.0390625 0.048828125
0 0.4867187440395355 0.4482421875 0.0390625 0.048828125
0 0.5367187261581421 0.4658203125 0.0390625 0.048828125
0 0.5882812738418579 0.4833984375 0.0390625 0.048828125
0 0.6382812261581421 0.5009765625 0.0390625 0.048828125
0 0.688281238079071 0.5166015625 0.0390625 0.048828125
0 0.34453123807907104 0.3349609375 0.0390625 0.048828125
0 0.3960937559604645 0.3525390625 0.0390625 0.048828125
0 0.44609373807907104 0.3701171875 0.0390625 0.048828125
0 0.49609375 0.3876953125 0.0390625 0.048828125
0 0.547656238079071 0.4033203125 0.0390625 0.048828125
0 0.59765625 0.4208984375 0.0390625 0.048828125
0 0.647656261920929 0.4384765625 0.0390625 0.048828125
0 0.6976562738418579 0.4560546875 0.0390625 0.048828125
0 0.35546875 0.2724609375 0.0390625 0.048828125
0 0.40546876192092896 0.2900390625 0.0390625 0.048828125
0 0.45703125 0.3076171875 0.0390625 0.048828125
0 0.507031261920929 0.3251953125 0.0390625 0.048828125
0 0.5570312738418579 0.3427734375 0.0390625 0.048828125
0 0.6070312261581421 0.3603515625 0.0390625 0.048828125
0 0.657031238079071 0.3759765625 0.0390625 0.048828125
0 0.70703125 0.3935546875 0.0390625 0.048828125
0 0.3648437559604645 0.2119140625 0.0390625 0.048828125
0 0.4164062440395355 0.2294921875 0.0390625 0.048828125
0 0.4664062559604645 0.2470703125 0.0390625 0.048828125
0 0.516406238079071 0.2646484375 0.0390625 0.048828125
0 0.56640625 0.2822265625 0.0390625 0.048828125
0 0.616406261920929 0.2998046875 0.0390625 0.048828125
0 0.6664062738418579 0.3154296875 0.0390625 0.048828125
0 0.7164062261581421 0.3349609375 0.0390625 0.048828125
