0 0.31640625 0.6201171875 0.0390625 0.048828125
0 0.3492187559604645 0.6494140625 0.0390625 0.048828125
0 0.38359373807907104 0.6787109375 0.0390625 0.048828125
0 0.41796875 0.7099609375 0.0390625 0.048828125
0 0.45234376192092896 0.7392578125 0.0390625 0.048828125
0 0.4867187440395355 0.7685546875 0.0390625 0.048828125
0 0.522656261920929 0.7998046875 0.0390625 0.048828125
0 0.5570312738418579 0.8310546875 0.0390625 0.048828125
0 0.3414062559604645 0.5751953125 0.0390625 0.048828125
0 0.37421876192092896 0.6064453125 0.0390625 0.048828125
0 0.4085937440395355 0.6357421875 0.0390625 0.048828125
0 0.4429687559604645 0.6650390625 0.0390625 0.048828125
0 0.47734373807907104 0.6943359375 0.0390625 0.048828125
0 0.5132812261581421 0.7255859375 0.0390625 0.048828125
0 0.547656238079071 0.7548828125 0.0390625 0.048828125
0 0.58203125 0.7861328125 0.0390625 0.048828125
0 0.36640626192092896 0.5322265625 0.0390625 0.048828125
0 0.4007812440395355 0.5615234375 0.0390625 0.048828125
0 0.4351562559604645 0.5908203125 0.0390625 0.048828125
0 0.46953123807907104 0.6201171875 0.0390625 0.048828125
0 0.5023437738418579 0.6513671875 0.0390625 0.048828125
0 0.538281261920929 0.6806640625 0.0390625 0.048828125
0 0.5726562738418579 0.7119140625 0.0390625 0.048828125
0 0.6070312261581421 0.7412109375 0.0390625 0.048828125
0 0.39140623807907104 0.4892578125 0.0390625 0.048828125
0 0.42578125 0.5185546875 0.0390625 0.048828125
0 0.4585937559604645 0.5478515625 0.0390625 0.048828125
0 0.4945312440395355 0.5771484375 0.0390625 0.048828125
0 0.5289062261581421 0.6064453125 0.0390625 0.048828125
0 0.563281238079071 0.6357421875 0.0390625 0.048828125
0 0.59765625 0.6669921875 0.0390625 0.048828125
0 0.633593738079071 0.6962890625 0.0390625 0.048828125
0 0.4164062440395355 0.4443359375 0.0390625 0.048828125
0 0.4507812559604645 0.4736328125 0.0390625 0.048828125
0 0.48515623807907104 0.5029296875 0.0390625 0.048828125
0 0.51953125 0.5322265625 0.0390625 0.048828125
0 0.553906261920929 0.5634765625 0.0390625 0.048828125
0 0.5882812738418579 0.5927734375 0.0390625 0.048828125
0 0.6226562261581421 0.6220703125 0.0390625 0.048828125
0 0.6585937738418579 0.6533203125 0.0390625 0.048828125
0 0.44140625 0.4013671875 0.0390625 0.048828125
0 0.47578126192092896 0.4306640625 0.0390625 0.048828125
0 0.5101562738418579 0.4599609375 0.0390625 0.048828125
0 0.5445312261581421 0.4892578125 0.0390625 0.048828125
0 0.578906238079071 0.5185546875 0.0390625 0.048828125
0 0.61328125 0.5478515625 0.0390625 0.048828125
0 0.649218738079071 0.5791015625 0.0390625 0.048828125
0 0.68359375 0.6083984375 0.0390625 0.048828125
0 0.4664062559604645 0.3583984375 0.0390625 0.048828125
0 0.500781238079071 0.3857421875 0.0390625 0.048828125
0 0.53515625 0.4169921875 0.0390625 0.048828125
0 0.569531261920929 0.4462890625 0.0390625 0.048828125
0 0.6039062738418579 0.4755859375 0.0390625 0.048828125
0 0.6382812261581421 0.5048828125 0.0390625 0.048828125
0 0.6742187738418579 0.5341796875 0.0390625 0.048828125
0 0.7085937261581421 0.5634765625 0.0390625 0.048828125
0 0.49140626192092896 0.3134765625 0.0390625 0.048828125
0 0.5257812738418579 0.3427734375 0.0390625 0.048828125
0 0.5601562261581421 0.3720703125 0.0390625 0.048828125
0 0.594531238079071 0.4013671875 0.0390625 0.048828125
0 0.62890625 0.4306640625 0.0390625 0.048828125
0 0.664843738079071 0.4599609375 0.0390625 0.048828125
0 0.69921875 0.4892578125 0.0390625 0.048828125
0 0.733593761920929 0.5205078125 0.0390625 0.048828125
0 0.516406238079071 0.2705078125 0.0390625 0.048828125
0 0.55078125 0.2998046875 0.0390625 0.048828125
0 0.585156261920929 0.3291015625 0.0390625 0.048828125
0 0.6195312738418579 0.3583984375 0.0390625 0.048828125
0 0.6539062261581421 0.3876953125 0.0390625 0.048828125
0 0.6898437738418579 0.4169921875 0.0390625 0.048828125
0 0.7242187261581421 0.4462890625 0.0390625 0.048828125
0 0.7601562738418579 0.4755859375 0.0390625 0.048828125
0 0.5414062738418579 0.2275390625 0.0390625 0.048828125
0 0.5757812261581421 0.2548828125 0.0390625 0.048828125
0 0.610156238079071 0.2841796875 0.0390625 0.048828125
0 0.64453125 0.3134765625 0.0390625 0.048828125
0 0.680468738079071 0.3427734375 0.0390625 0.048828125
0 0.71484375 0.3720703125 0.0390625 0.048828125
0 0.749218761920929 0.4013671875 0.0390625 0.048828125
0 0.78515625 0.4306640625 0.0390625 0.048828125
0 0.56640625 0.1826171875 0.0390625 0.048828125
0 0.600781261920929 0.2119140625 0.0390625 0.048828125
0 0.6351562738418579 0.2412109375 0.0390625 0.048828125
0 0.6695312261581421 0.2705078125 0.0390625 0.048828125
0 0.7054687738418579 0.2998046875 0.0390625 0.048828125
0 0.7398437261581421 0.3291015625 0.0390625 0.048828125
0 0.7757812738418579 0.3583984375 0.0390625 0.048828125
0 0.8101562261581421 0.3876953125 0.0390625 0.048828125
