0 0.2835937440395355 0.5185546875 0.0390625 0.048828125
0 0.30546873807907104 0.5634765625 0.0390625 0.048828125
0 0.32890623807907104 0.6083984375 0.0390625 0.048828125
0 0.35078126192092896 0.6533203125 0.0390625 0.048828125
0 0.37421876192092896 0.6982421875 0.0390625 0.048828125
0 0.3960937559604645 0.7431640625 0.0390625 0.048828125
0 0.4195312559604645 0.7900390625 0.0390625 0.048828125
0 0.4429687559604645 0.8349609375 0.0390625 0.048828125
0 0.31953126192092896 0.4892578125 0.0390625 0.048828125
0 0.3414062559604645 0.5341796875 0.0390625 0.048828125
0 0.3648437559604645 0.5791015625 0.0390625 0.048828125
0 0.38671875 0.6240234375 0.0390625 0.048828125
0 0.41015625 0.6708984375 0.0390625 0.048828125
0 0.43359375 0.7158203125 0.0390625 0.048828125
0 0.45703125 0.7607421875 0.0390625 0.048828125
0 0.4789062440395355 0.8056640625 0.0390625 0.048828125
0 0.35546875 0.4599609375 0.0390625 0.048828125
0 0.37890625 0.5068359375 0.0390625 0.048828125
0 0.4007812440395355 0.5517578125 0.0390625 0.048828125
0 0.4242187440395355 0.5947265625 0.0390625 0.048828125
0 0.44609373807907104 0.6416015625 0.0390625 0.048828125
0 0.46953123807907104 0.6865234375 0.0390625 0.048828125
0 0.49296873807907104 0.7314453125 0.0390625 0.048828125
0 0.514843761920929 0.7763671875 0.0390625 0.048828125
0 0.39140623807907104 0.4326171875 0.0390625 0.048828125
0 0.41484373807907104 0.4775390625 0.0390625 0.048828125
0 0.43671876192092896 0.5224609375 0.0390625 0.048828125
0 0.46015626192092896 0.5673828125 0.0390625 0.048828125
0 0.4820312559604645 0.6123046875 0.0390625 0.048828125
0 0.5054687261581421 0.6572265625 0.0390625 0.048828125
0 0.5289062261581421 0.7041015625 0.0390625 0.048828125
0 0.55078125 0.7490234375 0.0390625 0.048828125
0 0.4273437559604645 0.4033203125 0.0390625 0.048828125
0 0.4507812559604645 0.4482421875 0.0390625 0.048828125
0 0.47265625 0.4931640625 0.0390625 0.048828125
0 0.49609375 0.5380859375 0.0390625 0.048828125
0 0.5179687738418579 0.5849609375 0.0390625 0.048828125
0 0.5414062738418579 0.6279296875 0.0390625 0.048828125
0 0.5648437738418579 0.6748046875 0.0390625 0.048828125
0 0.5882812738418579 0.7197265625 0.0390625 0.048828125
0 0.4632812440395355 0.3740234375 0.0390625 0.048828125
0 0.48515623807907104 0.4208984375 0.0390625 0.048828125
0 0.508593738079071 0.4658203125 0.0390625 0.048828125
0 0.532031238079071 0.5107421875 0.0390625 0.048828125
0 0.553906261920929 0.5556640625 0.0390625 0.048828125
0 0.577343761920929 0.6005859375 0.0390625 0.048828125
0 0.600781261920929 0.6455078125 0.0390625 0.048828125
0 0.6226562261581421 0.6904296875 0.0390625 0.048828125
0 0.49921876192092896 0.3466796875 0.0390625 0.048828125
0 0.522656261920929 0.3916015625 0.0390625 0.048828125
0 0.5445312261581421 0.4365234375 0.0390625 0.048828125
0 0.5679687261581421 0.4814453125 0.0390625 0.048828125
0 0.58984375 0.5263671875 0.0390625 0.048828125
0 0.61328125 0.5712890625 0.0390625 0.048828125
0 0.63671875 0.6162109375 0.0390625 0.048828125
0 0.66015625 0.6630859375 0.0390625 0.048828125
0 0.53515625 0.3173828125 0.0390625 0.048828125
0 0.55859375 0.3623046875 0.0390625 0.048828125
0 0.5804687738418579 0.4072265625 0.0390625 0.048828125
0 0.6039062738418579 0.4521484375 0.0390625 0.048828125
0 0.625781238079071 0.4970703125 0.0390625 0.048828125
0 0.649218738079071 0.5419921875 0.0390625 0.048828125
0 0.672656238079071 0.5869140625 0.0390625 0.048828125
0 0.696093738079071 0.6337890625 0.0390625 0.048828125
0 0.571093738079071 0.2880859375 0.0390625 0.048828125
0 0.594531238079071 0.3349609375 0.0390625 0.048828125
0 0.617968738079071 0.3798828125 0.0390625 0.048828125
0 0.639843761920929 0.4248046875 0.0390625 0.048828125
0 0.663281261920929 0.4697265625 0.0390625 0.048828125
0 0.6851562261581421 0.5146484375 0.0390625 0.048828125
0 0.7085937261581421 0.5595703125 0.0390625 0.048828125
0 0.7320312261581421 0.6044921875 0.0390625 0.048828125
0 0.6070312261581421 0.2607421875 0.0390625 0.048828125
0 0.6304687261581421 0.3056640625 0.0390625 0.048828125
0 0.6539062261581421 0.3505859375 0.0390625 0.048828125
0 0.67578125 0.3955078125 0.0390625 0.048828125
0 0.69921875 0.4404296875 0.0390625 0.048828125
0 0.7210937738418579 0.4853515625 0.0390625 0.048828125
0 0.74609375 0.5302734375 0.0390625 0.048828125
0 0.7679687738418579 0.5771484375 0.0390625 0.048828125
0 0.6429687738418579 0.2314453125 0.0390625 0.048828125
0 0.6664062738418579 0.2763671875 0.0390625 0.048828125
0 0.6898437738418579 0.3212890625 0.0390625 0.048828125
0 0.711718738079071 0.3662109375 0.0390625 0.048828125
0 0.735156238079071 0.4111328125 0.0390625 0.048828125
0 0.758593738079071 0.4580078125 0.0390625 0.048828125
0 0.782031238079071 0.5009765625 0.0390625 0.048828125
0 0.803906261920929 0.5478515625 0.0390625 0.048828125
