0 0.24296875298023224 0.4775390625 0.0390625 0.048828125
0 0.27421873807907104 0.4384765625 0.0390625 0.048828125
0 0.30546873807907104 0.3994140625 0.0390625 0.048828125
0 0.33671873807907104 0.3603515625 0.0390625 0.048828125
0 0.36796873807907104 0.3212890625 0.0390625 0.048828125
0 0.39921873807907104 0.2822265625 0.0390625 0.048828125
0 0.43046873807907104 0.2431640625 0.0390625 0.048828125
0 0.46171873807907104 0.2041015625 0.0390625 0.048828125
0 0.27421873807907104 0.5146484375 0.0390625 0.048828125
0 0.30546873807907104 0.4755859375 0.0390625 0.048828125
0 0.33671873807907104 0.4365234375 0.0390625 0.048828125
0 0.36796873807907104 0.3974609375 0.0390625 0.048828125
0 0.39921873807907104 0.3583984375 0.0390625 0.048828125
0 0.43046873807907104 0.3193359375 0.0390625 0.048828125
0 0.46171873807907104 0.2802734375 0.0390625 0.048828125
0 0.4945312440395355 0.2412109375 0.0390625 0.048828125
0 0.3070312440395355 0.5498046875 0.0390625 0.048828125
0 0.3382812440395355 0.5107421875 0.0390625 0.048828125
0 0.3695312440395355 0.4736328125 0.0390625 0.048828125
0 0.39921873807907104 0.4345703125 0.0390625 0.048828125
0 0.4320312440395355 0.3955078125 0.0390625 0.048828125
0 0.4632812440395355 0.3564453125 0.0390625 0.048828125
0 0.4945312440395355 0.3173828125 0.0390625 0.048828125
0 0.5257812738418579 0.2783203125 0.0390625 0.048828125
0 0.3382812440395355 0.5869140625 0.0390625 0.048828125
0 0.3695312440395355 0.5478515625 0.0390625 0.048828125
0 0.4007812440395355 0.5087890625 0.0390625 0.048828125
0 0.4320312440395355 0.4716796875 0.0390625 0.048828125
0 0.4632812440395355 0.4326171875 0.0390625 0.048828125
0 0.4945312440395355 0.3935546875 0.0390625 0.048828125
0 0.5257812738418579 0.3544921875 0.0390625 0.048828125
0 0.5570312738418579 0.3154296875 0.0390625 0.048828125
0 0.3695312440395355 0.6220703125 0.0390625 0.048828125
0 0.4007812440395355 0.5849609375 0.0390625 0.048828125
0 0.4320312440395355 0.5458984375 0.0390625 0.048828125
0 0.4632812440395355 0.5068359375 0.0390625 0.048828125
0 0.4945312440395355 0.4677734375 0.0390625 0.048828125
0 0.5257812738418579 0.4287109375 0.0390625 0.048828125
0 0.5570312738418579 0.3916015625 0.0390625 0.048828125
0 0.58984375 0.3525390625 0.0390625 0.048828125
0 0.4007812440395355 0.6591796875 0.0390625 0.048828125
0 0.4320312440395355 0.6201171875 0.0390625 0.048828125
0 0.4632812440395355 0.5810546875 0.0390625 0.048828125
0 0.4945312440395355 0.5439453125 0.0390625 0.048828125
0 0.5257812738418579 0.5048828125 0.0390625 0.048828125
0 0.5570312738418579 0.4658203125 0.0390625 0.048828125
0 0.5882812738418579 0.4267578125 0.0390625 0.048828125
0 0.62109375 0.3876953125 0.0390625 0.048828125
0 0.4320312440395355 0.6943359375 0.0390625 0.048828125
0 0.4632812440395355 0.6552734375 0.0390625 0.048828125
0 0.4945312440395355 0.6181640625 0.0390625 0.048828125
0 0.5257812738418579 0.5791015625 0.0390625 0.048828125
0 0.5570312738418579 0.5419921875 0.0390625 0.048828125
0 0.5882812738418579 0.5029296875 0.0390625 0.048828125
0 0.62109375 0.4638671875 0.0390625 0.048828125
0 0.65234375 0.4248046875 0.0390625 0.048828125
0 0.4632812440395355 0.7294921875 0.0390625 0.048828125
0 0.4945312440395355 0.6923828125 0.0390625 0.048828125
0 0.5257812738418579 0.6533203125 0.0390625 0.048828125
0 0.5570312738418579 0.6162109375 0.0390625 0.048828125
0 0.5882812738418579 0.5771484375 0.0390625 0.048828125
0 0.62109375 0.5380859375 0.0390625 0.048828125
0 0.65234375 0.5009765625 0.0390625 0.048828125
0 0.6820312738418579 0.4619140625 0.0390625 0.048828125
0 0.49609375 0.7666015625 0.0390625 0.048828125
0 0.52734375 0.7275390625 0.0390625 0.048828125
0 0.55859375 0.6904296875 0.0390625 0.048828125
0 0.5882812738418579 0.6513671875 0.0390625 0.048828125
0 0.62109375 0.6123046875 0.0390625 0.048828125
0 0.6507812738418579 0.5751953125 0.0390625 0.048828125
0 0.68359375 0.5361328125 0.0390625 0.048828125
0 0.71484375 0.4970703125 0.0390625 0.048828125
0 0.5257812738418579 0.8017578125 0.0390625 0.048828125
0 0.5570312738418579 0.7626953125 0.0390625 0.048828125
0 0.5882812738418579 0.7255859375 0.0390625 0.048828125
0 0.6195312738418579 0.6865234375 0.0390625 0.048828125
0 0.6507812738418579 0.6494140625 0.0390625 0.048828125
0 0.6820312738418579 0.6103515625 0.0390625 0.048828125
0 0.7132812738418579 0.5732421875 0.0390625 0.048828125
0 0.74609375 0.5341796875 0.0390625 0.048828125
0 0.5570312738418579 0.8369140625 0.0390625 0.048828125
0 0.5882812738418579 0.7998046875 0.0390625 0.048828125
0 0.6195312738418579 0.7607421875 0.0390625 0.048828125
0 0.6507812738418579 0.7236328125 0.0390625 0.048828125
0 0.6820312738418579 0.6845703125 0.0390625 0.048828125
0 0.7132812738418579 0.6474609375 0.0390625 0.048828125
0 0.7445312738418579 0.6083984375 0.0390625 0.048828125
0 0.77734375 0.5693359375 0.0390625 0.048828125
