0 0.2679687440395355 0.5263671875 0.0390625 0.048828125
0 0.29296875 0.5712890625 0.0390625 0.048828125
0 0.31640625 0.6142578125 0.0390625 0.048828125
0 0.3414062559604645 0.6591796875 0.0390625 0.048828125
0 0.36640626192092896 0.7041015625 0.0390625 0.048828125
0 0.38984376192092896 0.7470703125 0.0390625 0.048828125
0 0.41484373807907104 0.7919921875 0.0390625 0.048828125
0 0.43828123807907104 0.8369140625 0.0390625 0.048828125
0 0.30390626192092896 0.4970703125 0.0390625 0.048828125
0 0.32734376192092896 0.5400390625 0.0390625 0.048828125
0 0.35234373807907104 0.5849609375 0.0390625 0.048828125
0 0.3773437440395355 0.6279296875 0.0390625 0.048828125
0 0.4007812440395355 0.6728515625 0.0390625 0.048828125
0 0.42578125 0.7158203125 0.0390625 0.048828125
0 0.44921875 0.7607421875 0.0390625 0.048828125
0 0.4742187559604645 0.8056640625 0.0390625 0.048828125
0 0.3382812440395355 0.4658203125 0.0390625 0.048828125
0 0.36328125 0.5107421875 0.0390625 0.048828125
0 0.38671875 0.5537109375 0.0390625 0.048828125
0 0.4117187559604645 0.5966796875 0.0390625 0.048828125
0 0.43671876192092896 0.6416015625 0.0390625 0.048828125
0 0.46015626192092896 0.6865234375 0.0390625 0.048828125
0 0.48359376192092896 0.7294921875 0.0390625 0.048828125
0 0.508593738079071 0.7744140625 0.0390625 0.048828125
0 0.3726562559604645 0.4345703125 0.0390625 0.048828125
0 0.39765626192092896 0.4794921875 0.0390625 0.048828125
0 0.42265623807907104 0.5224609375 0.0390625 0.048828125
0 0.44609373807907104 0.5673828125 0.0390625 0.048828125
0 0.4710937440395355 0.6103515625 0.0390625 0.048828125
0 0.49609375 0.6552734375 0.0390625 0.048828125
0 0.51953125 0.6982421875 0.0390625 0.048828125
0 0.54296875 0.7431640625 0.0390625 0.048828125
0 0.4085937440395355 0.4052734375 0.0390625 0.048828125
0 0.43359375 0.4482421875 0.0390625 0.048828125
0 0.45703125 0.4931640625 0.0390625 0.048828125
0 0.4820312559604645 0.5361328125 0.0390625 0.048828125
0 0.5054687261581421 0.5810546875 0.0390625 0.048828125
0 0.530468761920929 0.6240234375 0.0390625 0.048828125
0 0.553906261920929 0.6689453125 0.0390625 0.048828125
0 0.578906238079071 0.7119140625 0.0390625 0.048828125
0 0.4429687559604645 0.3740234375 0.0390625 0.048828125
0 0.46796876192092896 0.4169921875 0.0390625 0.048828125
0 0.49296873807907104 0.4619140625 0.0390625 0.048828125
0 0.516406238079071 0.5048828125 0.0390625 0.048828125
0 0.5414062738418579 0.5498046875 0.0390625 0.048828125
0 0.5648437738418579 0.5947265625 0.0390625 0.048828125
0 0.58984375 0.6376953125 0.0390625 0.048828125
0 0.61328125 0.6826171875 0.0390625 0.048828125
0 0.4789062440395355 0.3427734375 0.0390625 0.048828125
0 0.5023437738418579 0.3876953125 0.0390625 0.048828125
0 0.52734375 0.4306640625 0.0390625 0.048828125
0 0.55078125 0.4755859375 0.0390625 0.048828125
0 0.5757812261581421 0.5185546875 0.0390625 0.048828125
0 0.600781261920929 0.5634765625 0.0390625 0.048828125
0 0.624218761920929 0.6064453125 0.0390625 0.048828125
0 0.649218738079071 0.6513671875 0.0390625 0.048828125
0 0.5132812261581421 0.3134765625 0.0390625 0.048828125
0 0.538281261920929 0.3564453125 0.0390625 0.048828125
0 0.561718761920929 0.4013671875 0.0390625 0.048828125
0 0.586718738079071 0.4443359375 0.0390625 0.048828125
0 0.610156238079071 0.4892578125 0.0390625 0.048828125
0 0.6351562738418579 0.5322265625 0.0390625 0.048828125
0 0.66015625 0.5771484375 0.0390625 0.048828125
0 0.68359375 0.6201171875 0.0390625 0.048828125
0 0.5492187738418579 0.2822265625 0.0390625 0.048828125
0 0.5726562738418579 0.3271484375 0.0390625 0.048828125
0 0.59765625 0.3701171875 0.0390625 0.048828125
0 0.62109375 0.4130859375 0.0390625 0.048828125
0 0.6460937261581421 0.4580078125 0.0390625 0.048828125
0 0.6695312261581421 0.5029296875 0.0390625 0.048828125
0 0.694531261920929 0.5458984375 0.0390625 0.048828125
0 0.719531238079071 0.5908203125 0.0390625 0.048828125
0 0.5835937261581421 0.2509765625 0.0390625 0.048828125
0 0.608593761920929 0.2958984375 0.0390625 0.048828125
0 0.632031261920929 0.3388671875 0.0390625 0.048828125
0 0.657031238079071 0.3837890625 0.0390625 0.048828125
0 0.680468738079071 0.4267578125 0.0390625 0.048828125
0 0.7054687738418579 0.4716796875 0.0390625 0.048828125
0 0.7289062738418579 0.5146484375 0.0390625 0.048828125
0 0.75390625 0.5595703125 0.0390625 0.048828125
0 0.6195312738418579 0.2216796875 0.0390625 0.048828125
0 0.6429687738418579 0.2646484375 0.0390625 0.048828125
0 0.66796875 0.3095703125 0.0390625 0.048828125
0 0.69140625 0.3525390625 0.0390625 0.048828125
0 0.7164062261581421 0.3974609375 0.0390625 0.048828125
0 0.7398437261581421 0.4404296875 0.0390625 0.048828125
0 0.764843761920929 0.4853515625 0.0390625 0.048828125
0 0.789843738079071 0.5302734375 0.0390625 0.048828125
