0 0.719531238079071 0.4775390625 0.0390625 0.048828125
0 0.717968761920929 0.5244140625 0.0390625 0.048828125
0 0.717968761920929 0.5712890625 0.0390625 0.048828125
0 0.717968761920929 0.6162109375 0.0390625 0.048828125
0 0.7164062261581421 0.6611328125 0.0390625 0.048828125
0 0.7164062261581421 0.7080078125 0.0390625 0.048828125
0 0.7164062261581421 0.7529296875 0.0390625 0.048828125
0 0.71484375 0.7958984375 0.0390625 0.048828125
0 0.6742187738418579 0.4794921875 0.0390625 0.048828125
0 0.6742187738418579 0.5244140625 0.0390625 0.048828125
0 0.672656238079071 0.5712890625 0.0390625 0.048828125
0 0.672656238079071 0.6162109375 0.0390625 0.048828125
0 0.672656238079071 0.6630859375 0.0390625 0.048828125
0 0.672656238079071 0.7080078125 0.0390625 0.048828125
0 0.672656238079071 0.7529296875 0.0390625 0.048828125
0 0.672656238079071 0.7978515625 0.0390625 0.048828125
0 0.62890625 0.4794921875 0.0390625 0.048828125
0 0.62890625 0.5263671875 0.0390625 0.048828125
0 0.62890625 0.5732421875 0.0390625 0.048828125
0 0.62890625 0.6181640625 0.0390625 0.048828125
0 0.62890625 0.6630859375 0.0390625 0.048828125
0 0.62890625 0.7080078125 0.0390625 0.048828125
0 0.62890625 0.7529296875 0.0390625 0.048828125
0 0.62890625 0.7978515625 0.0390625 0.048828125
0 0.585156261920929 0.4814453125 0.0390625 0.048828125
0 0.585156261920929 0.5263671875 0.0390625 0.048828125
0 0.585156261920929 0.5732421875 0.0390625 0.048828125
0 0.585156261920929 0.6181640625 0.0390625 0.048828125
0 0.585156261920929 0.6630859375 0.0390625 0.048828125
0 0.585156261920929 0.7099609375 0.0390625 0.048828125
0 0.585156261920929 0.7529296875 0.0390625 0.048828125
0 0.585156261920929 0.7998046875 0.0390625 0.048828125
0 0.5414062738418579 0.4814453125 0.0390625 0.048828125
0 0.539843738079071 0.5283203125 0.0390625 0.048828125
0 0.5414062738418579 0.5732421875 0.0390625 0.048828125
0 0.5414062738418579 0.6201171875 0.0390625 0.048828125
0 0.5414062738418579 0.6650390625 0.0390625 0.048828125
0 0.5414062738418579 0.7099609375 0.0390625 0.048828125
0 0.5414062738418579 0.7548828125 0.0390625 0.048828125
0 0.5414062738418579 0.7998046875 0.0390625 0.048828125
0 0.49609375 0.4833984375 0.0390625 0.048828125
0 0.49609375 0.5283203125 0.0390625 0.048828125
0 0.49609375 0.5751953125 0.0390625 0.048828125
0 0.4976562559604645 0.6201171875 0.0390625 0.048828125
0 0.4976562559604645 0.6650390625 0.0390625 0.048828125
0 0.4976562559604645 0.7099609375 0.0390625 0.048828125
0 0.4976562559604645 0.7548828125 0.0390625 0.048828125
0 0.4976562559604645 0.7998046875 0.0390625 0.048828125
0 0.45234376192092896 0.4833984375 0.0390625 0.048828125
0 0.45234376192092896 0.5283203125 0.0390625 0.048828125
0 0.45234376192092896 0.5751953125 0.0390625 0.048828125
0 0.45234376192092896 0.6201171875 0.0390625 0.048828125
0 0.45390623807907104 0.6669921875 0.0390625 0.048828125
0 0.45390623807907104 0.7119140625 0.0390625 0.048828125
0 0.45390623807907104 0.7568359375 0.0390625 0.048828125
0 0.4554687440395355 0.7998046875 0.0390625 0.048828125
0 0.40703123807907104 0.4833984375 0.0390625 0.048828125
0 0.4085937440395355 0.5302734375 0.0390625 0.048828125
0 0.4085937440395355 0.5751953125 0.0390625 0.048828125
0 0.4085937440395355 0.6220703125 0.0390625 0.048828125
0 0.41015625 0.6669921875 0.0390625 0.048828125
0 0.41015625 0.7119140625 0.0390625 0.048828125
0 0.41015625 0.7568359375 0.0390625 0.048828125
0 0.4117187559604645 0.8017578125 0.0390625 0.048828125
0 0.36328125 0.4853515625 0.0390625 0.048828125
0 0.3648437559604645 0.5302734375 0.0390625 0.048828125
0 0.3648437559604645 0.5771484375 0.0390625 0.048828125
0 0.3648437559604645 0.6220703125 0.0390625 0.048828125
0 0.36640626192092896 0.6669921875 0.0390625 0.048828125
0 0.36640626192092896 0.7119140625 0.0390625 0.048828125
0 0.36640626192092896 0.7568359375 0.0390625 0.048828125
0 0.36796873807907104 0.8017578125 0.0390625 0.048828125
0 0.31953126192092896 0.4853515625 0.0390625 0.048828125
0 0.31953126192092896 0.5322265625 0.0390625 0.048828125
0 0.32109373807907104 0.5771484375 0.0390625 0.048828125
0 0.32109373807907104 0.6220703125 0.0390625 0.048828125
0 0.3226562440395355 0.6689453125 0.0390625 0.048828125
0 0.3226562440395355 0.7138671875 0.0390625 0.048828125
0 0.32421875 0.7587890625 0.0390625 0.048828125
0 0.32421875 0.8037109375 0.0390625 0.048828125
0 0.27421873807907104 0.4853515625 0.0390625 0.048828125
0 0.2757812440395355 0.5322265625 0.0390625 0.048828125
0 0.2757812440395355 0.5771484375 0.0390625 0.048828125
0 0.27734375 0.6240234375 0.0390625 0.048828125
0 0.2789062559604645 0.6689453125 0.0390625 0.048828125
0 0.2789062559604645 0.7138671875 0.0390625 0.048828125
0 0.28046876192092896 0.7587890625 0.0390625 0.048828125
0 0.28046876192092896 0.8037109375 0.0390625 0.048828125
