0 0.23046875 0.3642578125 0.0390625 0.048828125
0 0.24609375 0.4130859375 0.0390625 0.048828125
0 0.26171875 0.4638671875 0.0390625 0.048828125
0 0.2789062559604645 0.5146484375 0.0390625 0.048828125
0 0.2945312559604645 0.5634765625 0.0390625 0.048828125
0 0.31171876192092896 0.6142578125 0.0390625 0.048828125
0 0.32734376192092896 0.6650390625 0.0390625 0.048828125
0 0.34453123807907104 0.7158203125 0.0390625 0.048828125
0 0.26953125 0.3427734375 0.0390625 0.048828125
0 0.2867187559604645 0.3935546875 0.0390625 0.048828125
0 0.3023437559604645 0.4423828125 0.0390625 0.048828125
0 0.3179687559604645 0.4931640625 0.0390625 0.048828125
0 0.33515626192092896 0.5439453125 0.0390625 0.048828125
0 0.35078126192092896 0.5927734375 0.0390625 0.048828125
0 0.36796873807907104 0.6435546875 0.0390625 0.048828125
0 0.38359373807907104 0.6943359375 0.0390625 0.048828125
0 0.3101562559604645 0.3212890625 0.0390625 0.048828125
0 0.3257812559604645 0.3720703125 0.0390625 0.048828125
0 0.34296876192092896 0.4228515625 0.0390625 0.048828125
0 0.35859376192092896 0.4716796875 0.0390625 0.048828125
0 0.37578123807907104 0.5224609375 0.0390625 0.048828125
0 0.39140623807907104 0.5732421875 0.0390625 0.048828125
0 0.40703123807907104 0.6220703125 0.0390625 0.048828125
0 0.4242187440395355 0.6728515625 0.0390625 0.048828125
0 0.35078126192092896 0.3017578125 0.0390625 0.048828125
0 0.36640626192092896 0.3505859375 0.0390625 0.048828125
0 0.38203126192092896 0.4013671875 0.0390625 0.048828125
0 0.39921873807907104 0.4521484375 0.0390625 0.048828125
0 0.41484373807907104 0.5029296875 0.0390625 0.048828125
0 0.4320312440395355 0.5517578125 0.0390625 0.048828125
0 0.4476562440395355 0.6025390625 0.0390625 0.048828125
0 0.4632812440395355 0.6533203125 0.0390625 0.048828125
0 0.38984376192092896 0.2802734375 0.0390625 0.048828125
0 0.40703123807907104 0.3310546875 0.0390625 0.048828125
0 0.42265623807907104 0.3818359375 0.0390625 0.048828125
0 0.43828123807907104 0.4326171875 0.0390625 0.048828125
0 0.4554687440395355 0.4814453125 0.0390625 0.048828125
0 0.4710937440395355 0.5322265625 0.0390625 0.048828125
0 0.48828125 0.5830078125 0.0390625 0.048828125
0 0.50390625 0.6337890625 0.0390625 0.048828125
0 0.43046873807907104 0.2607421875 0.0390625 0.048828125
0 0.44609373807907104 0.3115234375 0.0390625 0.048828125
0 0.4632812440395355 0.3603515625 0.0390625 0.048828125
0 0.4789062440395355 0.4111328125 0.0390625 0.048828125
0 0.4945312440395355 0.4619140625 0.0390625 0.048828125
0 0.51171875 0.5107421875 0.0390625 0.048828125
0 0.52734375 0.5615234375 0.0390625 0.048828125
0 0.5445312261581421 0.6123046875 0.0390625 0.048828125
0 0.4710937440395355 0.2392578125 0.0390625 0.048828125
0 0.4867187440395355 0.2900390625 0.0390625 0.048828125
0 0.5023437738418579 0.3408203125 0.0390625 0.048828125
0 0.51953125 0.3896484375 0.0390625 0.048828125
0 0.53515625 0.4404296875 0.0390625 0.048828125
0 0.5523437261581421 0.4912109375 0.0390625 0.048828125
0 0.5679687261581421 0.5419921875 0.0390625 0.048828125
0 0.585156261920929 0.5927734375 0.0390625 0.048828125
0 0.5101562738418579 0.2177734375 0.0390625 0.048828125
0 0.52734375 0.2685546875 0.0390625 0.048828125
0 0.54296875 0.3193359375 0.0390625 0.048828125
0 0.5601562261581421 0.3701171875 0.0390625 0.048828125
0 0.5757812261581421 0.4208984375 0.0390625 0.048828125
0 0.5914062261581421 0.4697265625 0.0390625 0.048828125
0 0.608593761920929 0.5205078125 0.0390625 0.048828125
0 0.624218761920929 0.5712890625 0.0390625 0.048828125
0 0.55078125 0.1982421875 0.0390625 0.048828125
0 0.56640625 0.2490234375 0.0390625 0.048828125
0 0.5835937261581421 0.2978515625 0.0390625 0.048828125
0 0.5992187261581421 0.3486328125 0.0390625 0.048828125
0 0.616406261920929 0.3994140625 0.0390625 0.048828125
0 0.632031261920929 0.4501953125 0.0390625 0.048828125
0 0.649218738079071 0.5009765625 0.0390625 0.048828125
0 0.664843738079071 0.5498046875 0.0390625 0.048828125
0 0.5914062261581421 0.1767578125 0.0390625 0.048828125
0 0.6070312261581421 0.2275390625 0.0390625 0.048828125
0 0.6226562261581421 0.2783203125 0.0390625 0.048828125
0 0.639843761920929 0.3291015625 0.0390625 0.048828125
0 0.657031238079071 0.3798828125 0.0390625 0.048828125
0 0.672656238079071 0.4287109375 0.0390625 0.048828125
0 0.6898437738418579 0.4794921875 0.0390625 0.048828125
0 0.7054687738418579 0.5302734375 0.0390625 0.048828125
0 0.632031261920929 0.1572265625 0.0390625 0.048828125
0 0.647656261920929 0.2060546875 0.0390625 0.048828125
0 0.664843738079071 0.2568359375 0.0390625 0.048828125
0 0.680468738079071 0.3076171875 0.0390625 0.048828125
0 0.696093738079071 0.3583984375 0.0390625 0.048828125
0 0.7132812738418579 0.4091796875 0.0390625 0.048828125
0 0.73046875 0.4599609375 0.0390625 0.048828125
0 0.74609375 0.5107421875 0.0390625 0.048828125
