0 0.40703123807907104 0.7998046875 0.0390625 0.048828125
0 0.44609373807907104 0.7998046875 0.0390625 0.048828125
0 0.48515623807907104 0.7978515625 0.0390625 0.048828125
0 0.522656261920929 0.7978515625 0.0390625 0.048828125
0 0.561718761920929 0.7978515625 0.0390625 0.048828125
0 0.600781261920929 0.7978515625 0.0390625 0.048828125
0 0.6382812261581421 0.7958984375 0.0390625 0.048828125
0 0.67578125 0.7958984375 0.0390625 0.048828125
0 0.41484373807907104 0.7490234375 0.0390625 0.048828125
0 0.45390623807907104 0.7470703125 0.0390625 0.048828125
0 0.49140626192092896 0.7470703125 0.0390625 0.048828125
0 0.530468761920929 0.7470703125 0.0390625 0.048828125
0 0.569531261920929 0.7470703125 0.0390625 0.048828125
0 0.6070312261581421 0.7451171875 0.0390625 0.048828125
0 0.6460937261581421 0.7451171875 0.0390625 0.048828125
0 0.68359375 0.7451171875 0.0390625 0.048828125
0 0.42109376192092896 0.6962890625 0.0390625 0.048828125
0 0.46015626192092896 0.6962890625 0.0390625 0.048828125
0 0.49921876192092896 0.6962890625 0.0390625 0.048828125
0 0.538281261920929 0.6943359375 0.0390625 0.048828125
0 0.5757812261581421 0.6943359375 0.0390625 0.048828125
0 0.6148437261581421 0.6943359375 0.0390625 0.048828125
0 0.65234375 0.6943359375 0.0390625 0.048828125
0 0.69140625 0.6943359375 0.0390625 0.048828125
0 0.42890626192092896 0.6435546875 0.0390625 0.048828125
0 0.46796876192092896 0.6435546875 0.0390625 0.048828125
0 0.507031261920929 0.6435546875 0.0390625 0.048828125
0 0.546093761920929 0.6435546875 0.0390625 0.048828125
0 0.5835937261581421 0.6435546875 0.0390625 0.048828125
0 0.6226562261581421 0.6435546875 0.0390625 0.048828125
0 0.66015625 0.6435546875 0.0390625 0.048828125
0 0.69921875 0.6435546875 0.0390625 0.048828125
0 0.43671876192092896 0.5927734375 0.0390625 0.048828125
0 0.47578126192092896 0.5927734375 0.0390625 0.048828125
0 0.514843761920929 0.5927734375 0.0390625 0.048828125
0 0.553906261920929 0.5927734375 0.0390625 0.048828125
0 0.5914062261581421 0.5927734375 0.0390625 0.048828125
0 0.6304687261581421 0.5927734375 0.0390625 0.048828125
0 0.66796875 0.5927734375 0.0390625 0.048828125
0 0.70703125 0.5908203125 0.0390625 0.048828125
0 0.4429687559604645 0.5400390625 0.0390625 0.048828125
0 0.48359376192092896 0.5400390625 0.0390625 0.048828125
0 0.522656261920929 0.5400390625 0.0390625 0.048828125
0 0.5601562261581421 0.5400390625 0.0390625 0.048828125
0 0.5992187261581421 0.5400390625 0.0390625 0.048828125
0 0.6382812261581421 0.5400390625 0.0390625 0.048828125
0 0.67578125 0.5400390625 0.0390625 0.048828125
0 0.7132812738418579 0.5400390625 0.0390625 0.048828125
0 0.4507812559604645 0.4873046875 0.0390625 0.048828125
0 0.4898437559604645 0.4873046875 0.0390625 0.048828125
0 0.530468761920929 0.4873046875 0.0390625 0.048828125
0 0.5679687261581421 0.4873046875 0.0390625 0.048828125
0 0.6070312261581421 0.4873046875 0.0390625 0.048828125
0 0.64453125 0.4892578125 0.0390625 0.048828125
0 0.68359375 0.4892578125 0.0390625 0.048828125
0 0.7210937738418579 0.4892578125 0.0390625 0.048828125
0 0.4585937559604645 0.4345703125 0.0390625 0.048828125
0 0.4976562559604645 0.4365234375 0.0390625 0.048828125
0 0.5367187261581421 0.4365234375 0.0390625 0.048828125
0 0.5757812261581421 0.4365234375 0.0390625 0.048828125
0 0.6148437261581421 0.4365234375 0.0390625 0.048828125
0 0.65234375 0.4365234375 0.0390625 0.048828125
0 0.69140625 0.4365234375 0.0390625 0.048828125
0 0.73046875 0.4365234375 0.0390625 0.048828125
0 0.4664062559604645 0.3818359375 0.0390625 0.048828125
0 0.5054687261581421 0.3837890625 0.0390625 0.048828125
0 0.5445312261581421 0.3837890625 0.0390625 0.048828125
0 0.5835937261581421 0.3837890625 0.0390625 0.048828125
0 0.6226562261581421 0.3837890625 0.0390625 0.048828125
0 0.66015625 0.3837890625 0.0390625 0.048828125
0 0.69921875 0.3857421875 0.0390625 0.048828125
0 0.73828125 0.3857421875 0.0390625 0.048828125
0 0.47265625 0.3291015625 0.0390625 0.048828125
0 0.5132812261581421 0.3310546875 0.0390625 0.048828125
0 0.5523437261581421 0.3310546875 0.0390625 0.048828125
0 0.5914062261581421 0.3310546875 0.0390625 0.048828125
0 0.6304687261581421 0.3310546875 0.0390625 0.048828125
0 0.6695312261581421 0.3330078125 0.0390625 0.048828125
0 0.70703125 0.3330078125 0.0390625 0.048828125
0 0.74609375 0.3330078125 0.0390625 0.048828125
0 0.48046875 0.2763671875 0.0390625 0.048828125
0 0.5210937261581421 0.2763671875 0.0390625 0.048828125
0 0.5601562261581421 0.2783203125 0.0390625 0.048828125
0 0.5992187261581421 0.2783203125 0.0390625 0.048828125
0 0.6382812261581421 0.2783203125 0.0390625 0.048828125
0 0.67578125 0.2802734375 0.0390625 0.048828125
0 0.71484375 0.2802734375 0.0390625 0.048828125
0 0.75390625 0.2802734375 0.0390625 0.048828125
