0 0.28203123807907104 0.4150390625 0.0390625 0.048828125
0 0.2835937440395355 0.4697265625 0.0390625 0.048828125
0 0.2835937440395355 0.5224609375 0.0390625 0.048828125
0 0.2835937440395355 0.5751953125 0.0390625 0.048828125
0 0.2835937440395355 0.6298828125 0.0390625 0.048828125
0 0.2835937440395355 0.6826171875 0.0390625 0.048828125
0 0.2835937440395355 0.7373046875 0.0390625 0.048828125
0 0.2835937440395355 0.7919921875 0.0390625 0.048828125
0 0.3257812559604645 0.4150390625 0.0390625 0.048828125
0 0.3257812559604645 0.4677734375 0.0390625 0.048828125
0 0.3257812559604645 0.5224609375 0.0390625 0.048828125
0 0.3257812559604645 0.5751953125 0.0390625 0.048828125
0 0.3257812559604645 0.6279296875 0.0390625 0.048828125
0 0.32734376192092896 0.6826171875 0.0390625 0.048828125
0 0.32734376192092896 0.7373046875 0.0390625 0.048828125
0 0.32734376192092896 0.7900390625 0.0390625 0.048828125
0 0.36796873807907104 0.4150390625 0.0390625 0.048828125
0 0.36796873807907104 0.4677734375 0.0390625 0.048828125
0 0.3695312440395355 0.5205078125 0.0390625 0.048828125
0 0.3695312440395355 0.5751953125 0.0390625 0.048828125
0 0.3695312440395355 0.6279296875 0.0390625 0.048828125
0 0.3695312440395355 0.6806640625 0.0390625 0.048828125
0 0.3695312440395355 0.7353515625 0.0390625 0.048828125
0 0.37109375 0.7900390625 0.0390625 0.048828125
0 0.41015625 0.4130859375 0.0390625 0.048828125
0 0.4117187559604645 0.4677734375 0.0390625 0.048828125
0 0.4117187559604645 0.5205078125 0.0390625 0.048828125
0 0.4117187559604645 0.5732421875 0.0390625 0.048828125
0 0.41328126192092896 0.6279296875 0.0390625 0.048828125
0 0.41328126192092896 0.6806640625 0.0390625 0.048828125
0 0.41328126192092896 0.7353515625 0.0390625 0.048828125
0 0.41328126192092896 0.7900390625 0.0390625 0.048828125
0 0.45390623807907104 0.4130859375 0.0390625 0.048828125
0 0.45390623807907104 0.4658203125 0.0390625 0.048828125
0 0.45390623807907104 0.5185546875 0.0390625 0.048828125
0 0.4554687440395355 0.5732421875 0.0390625 0.048828125
0 0.4554687440395355 0.6259765625 0.0390625 0.048828125
0 0.4554687440395355 0.6806640625 0.0390625 0.048828125
0 0.45703125 0.7333984375 0.0390625 0.048828125
0 0.45703125 0.7880859375 0.0390625 0.048828125
0 0.49609375 0.4111328125 0.0390625 0.048828125
0 0.49609375 0.4658203125 0.0390625 0.048828125
0 0.4976562559604645 0.5185546875 0.0390625 0.048828125
0 0.4976562559604645 0.5712890625 0.0390625 0.048828125
0 0.4976562559604645 0.6259765625 0.0390625 0.048828125
0 0.49921876192092896 0.6787109375 0.0390625 0.048828125
0 0.49921876192092896 0.7333984375 0.0390625 0.048828125
0 0.49921876192092896 0.7880859375 0.0390625 0.048828125
0 0.539843738079071 0.4111328125 0.0390625 0.048828125
0 0.539843738079071 0.4638671875 0.0390625 0.048828125
0 0.539843738079071 0.5185546875 0.0390625 0.048828125
0 0.5414062738418579 0.5712890625 0.0390625 0.048828125
0 0.5414062738418579 0.6240234375 0.0390625 0.048828125
0 0.5414062738418579 0.6787109375 0.0390625 0.048828125
0 0.54296875 0.7333984375 0.0390625 0.048828125
0 0.54296875 0.7861328125 0.0390625 0.048828125
0 0.58203125 0.4111328125 0.0390625 0.048828125
0 0.58203125 0.4638671875 0.0390625 0.048828125
0 0.5835937261581421 0.5166015625 0.0390625 0.048828125
0 0.5835937261581421 0.5712890625 0.0390625 0.048828125
0 0.5835937261581421 0.6240234375 0.0390625 0.048828125
0 0.585156261920929 0.6787109375 0.0390625 0.048828125
0 0.585156261920929 0.7314453125 0.0390625 0.048828125
0 0.586718738079071 0.7861328125 0.0390625 0.048828125
0 0.625781238079071 0.4091796875 0.0390625 0.048828125
0 0.625781238079071 0.4638671875 0.0390625 0.048828125
0 0.625781238079071 0.5166015625 0.0390625 0.048828125
0 0.6273437738418579 0.5693359375 0.0390625 0.048828125
0 0.6273437738418579 0.6240234375 0.0390625 0.048828125
0 0.62890625 0.6767578125 0.0390625 0.048828125
0 0.62890625 0.7314453125 0.0390625 0.048828125
0 0.62890625 0.7861328125 0.0390625 0.048828125
0 0.66796875 0.4091796875 0.0390625 0.048828125
0 0.6695312261581421 0.4619140625 0.0390625 0.048828125
0 0.6695312261581421 0.5166015625 0.0390625 0.048828125
0 0.6695312261581421 0.5693359375 0.0390625 0.048828125
0 0.671093761920929 0.6240234375 0.0390625 0.048828125
0 0.671093761920929 0.6767578125 0.0390625 0.048828125
0 0.672656238079071 0.7314453125 0.0390625 0.048828125
0 0.672656238079071 0.7861328125 0.0390625 0.048828125
0 0.711718738079071 0.4072265625 0.0390625 0.048828125
0 0.711718738079071 0.4619140625 0.0390625 0.048828125
0 0.7132812738418579 0.5146484375 0.0390625 0.048828125
0 0.7132812738418579 0.5693359375 0.0390625 0.048828125
0 0.71484375 0.6220703125 0.0390625 0.048828125
0 0.71484375 0.6767578125 0.0390625 0.048828125
0 0.71484375 0.7294921875 0.0390625 0.048828125
0 0.7164062261581421 0.7841796875 0.0390625 0.048828125
