0 0.36015623807907104 0.4951171875 0.0390625 0.048828125
0 0.3851562440395355 0.5322265625 0.0390625 0.048828125
0 0.41015625 0.5712890625 0.0390625 0.048828125
0 0.4351562559604645 0.6083984375 0.0390625 0.048828125
0 0.46171873807907104 0.6474609375 0.0390625 0.048828125
0 0.4867187440395355 0.6865234375 0.0390625 0.048828125
0 0.5132812261581421 0.7255859375 0.0390625 0.048828125
0 0.539843738079071 0.7646484375 0.0390625 0.048828125
0 0.39140623807907104 0.4580078125 0.0390625 0.048828125
0 0.4164062440395355 0.4970703125 0.0390625 0.048828125
0 0.44140625 0.5341796875 0.0390625 0.048828125
0 0.46796876192092896 0.5732421875 0.0390625 0.048828125
0 0.49296873807907104 0.6103515625 0.0390625 0.048828125
0 0.51953125 0.6494140625 0.0390625 0.048828125
0 0.5445312261581421 0.6884765625 0.0390625 0.048828125
0 0.571093738079071 0.7275390625 0.0390625 0.048828125
0 0.42265623807907104 0.4228515625 0.0390625 0.048828125
0 0.4476562440395355 0.4599609375 0.0390625 0.048828125
0 0.4742187559604645 0.4990234375 0.0390625 0.048828125
0 0.49921876192092896 0.5361328125 0.0390625 0.048828125
0 0.5257812738418579 0.5751953125 0.0390625 0.048828125
0 0.55078125 0.6123046875 0.0390625 0.048828125
0 0.577343761920929 0.6513671875 0.0390625 0.048828125
0 0.6039062738418579 0.6923828125 0.0390625 0.048828125
0 0.45390623807907104 0.3857421875 0.0390625 0.048828125
0 0.48046875 0.4228515625 0.0390625 0.048828125
0 0.5054687261581421 0.4619140625 0.0390625 0.048828125
0 0.530468761920929 0.4990234375 0.0390625 0.048828125
0 0.5570312738418579 0.5380859375 0.0390625 0.048828125
0 0.5835937261581421 0.5771484375 0.0390625 0.048828125
0 0.608593761920929 0.6162109375 0.0390625 0.048828125
0 0.6351562738418579 0.6533203125 0.0390625 0.048828125
0 0.48515623807907104 0.3486328125 0.0390625 0.048828125
0 0.51171875 0.3876953125 0.0390625 0.048828125
0 0.5367187261581421 0.4248046875 0.0390625 0.048828125
0 0.563281238079071 0.4638671875 0.0390625 0.048828125
0 0.5882812738418579 0.5009765625 0.0390625 0.048828125
0 0.6148437261581421 0.5400390625 0.0390625 0.048828125
0 0.641406238079071 0.5791015625 0.0390625 0.048828125
0 0.66796875 0.6181640625 0.0390625 0.048828125
0 0.516406238079071 0.3134765625 0.0390625 0.048828125
0 0.54296875 0.3505859375 0.0390625 0.048828125
0 0.569531261920929 0.3876953125 0.0390625 0.048828125
0 0.594531238079071 0.4267578125 0.0390625 0.048828125
0 0.62109375 0.4638671875 0.0390625 0.048828125
0 0.647656261920929 0.5029296875 0.0390625 0.048828125
0 0.6742187738418579 0.5419921875 0.0390625 0.048828125
0 0.7007812261581421 0.5810546875 0.0390625 0.048828125
0 0.5492187738418579 0.2763671875 0.0390625 0.048828125
0 0.57421875 0.3134765625 0.0390625 0.048828125
0 0.600781261920929 0.3525390625 0.0390625 0.048828125
0 0.6273437738418579 0.3896484375 0.0390625 0.048828125
0 0.65234375 0.4287109375 0.0390625 0.048828125
0 0.678906261920929 0.4658203125 0.0390625 0.048828125
0 0.70703125 0.5048828125 0.0390625 0.048828125
0 0.733593761920929 0.5439453125 0.0390625 0.048828125
0 0.5804687738418579 0.2392578125 0.0390625 0.048828125
0 0.6070312261581421 0.2783203125 0.0390625 0.048828125
0 0.633593738079071 0.3154296875 0.0390625 0.048828125
0 0.6585937738418579 0.3525390625 0.0390625 0.048828125
0 0.6851562261581421 0.3916015625 0.0390625 0.048828125
0 0.711718738079071 0.4287109375 0.0390625 0.048828125
0 0.73828125 0.4677734375 0.0390625 0.048828125
0 0.764843761920929 0.5068359375 0.0390625 0.048828125
0 0.61328125 0.2041015625 0.0390625 0.048828125
0 0.6382812261581421 0.2412109375 0.0390625 0.048828125
0 0.664843738079071 0.2783203125 0.0390625 0.048828125
0 0.69140625 0.3154296875 0.0390625 0.048828125
0 0.717968761920929 0.3544921875 0.0390625 0.048828125
0 0.7445312738418579 0.3916015625 0.0390625 0.048828125
0 0.7710937261581421 0.4306640625 0.0390625 0.048828125
0 0.797656238079071 0.4697265625 0.0390625 0.048828125
0 0.64453125 0.1650390625 0.0390625 0.048828125
0 0.671093761920929 0.2041015625 0.0390625 0.048828125
0 0.6976562738418579 0.2412109375 0.0390625 0.048828125
0 0.7242187261581421 0.2783203125 0.0390625 0.048828125
0 0.750781238079071 0.3173828125 0.0390625 0.048828125
0 0.77734375 0.3544921875 0.0390625 0.048828125
0 0.803906261920929 0.3935546875 0.0390625 0.048828125
0 0.83203125 0.4326171875 0.0390625 0.048828125
0 0.6773437261581421 0.1298828125 0.0390625 0.048828125
0 0.702343761920929 0.1669921875 0.0390625 0.048828125
0 0.7289062738418579 0.2041015625 0.0390625 0.048828125
0 0.7554687261581421 0.2412109375 0.0390625 0.048828125
0 0.7835937738418579 0.2802734375 0.0390625 0.048828125
0 0.8101562261581421 0.3173828125 0.0390625 0.048828125
0 0.836718738079071 0.3564453125 0.0390625 0.048828125
0 0.8648437261581421 0.3955078125 0.0390625 0.048828125
