0 0.35234373807907104 0.3505859375 0.0390625 0.048828125
0 0.38984376192092896 0.3271484375 0.0390625 0.048828125
0 0.4273437559604645 0.3017578125 0.0390625 0.048828125
0 0.4632812440395355 0.2783203125 0.0390625 0.048828125
0 0.500781238079071 0.2529296875 0.0390625 0.048828125
0 0.538281261920929 0.2294921875 0.0390625 0.048828125
0 0.5757812261581421 0.2021484375 0.0390625 0.048828125
0 0.610156238079071 0.1767578125 0.0390625 0.048828125
0 0.36796873807907104 0.4013671875 0.0390625 0.048828125
0 0.40546876192092896 0.3759765625 0.0390625 0.048828125
0 0.4429687559604645 0.3505859375 0.0390625 0.048828125
0 0.4789062440395355 0.3271484375 0.0390625 0.048828125
0 0.516406238079071 0.3017578125 0.0390625 0.048828125
0 0.553906261920929 0.2783203125 0.0390625 0.048828125
0 0.58984375 0.2529296875 0.0390625 0.048828125
0 0.6273437738418579 0.2294921875 0.0390625 0.048828125
0 0.38359373807907104 0.4482421875 0.0390625 0.048828125
0 0.4195312559604645 0.4248046875 0.0390625 0.048828125
0 0.45703125 0.3994140625 0.0390625 0.048828125
0 0.4945312440395355 0.3759765625 0.0390625 0.048828125
0 0.530468761920929 0.3505859375 0.0390625 0.048828125
0 0.56640625 0.3271484375 0.0390625 0.048828125
0 0.6039062738418579 0.3017578125 0.0390625 0.048828125
0 0.639843761920929 0.2783203125 0.0390625 0.048828125
0 0.39765626192092896 0.4990234375 0.0390625 0.048828125
0 0.4351562559604645 0.4736328125 0.0390625 0.048828125
0 0.47265625 0.4482421875 0.0390625 0.048828125
0 0.508593738079071 0.4248046875 0.0390625 0.048828125
0 0.546093761920929 0.3994140625 0.0390625 0.048828125
0 0.58203125 0.3740234375 0.0390625 0.048828125
0 0.617968738079071 0.3505859375 0.0390625 0.048828125
0 0.655468761920929 0.3271484375 0.0390625 0.048828125
0 0.41328126192092896 0.5458984375 0.0390625 0.048828125
0 0.4507812559604645 0.5224609375 0.0390625 0.048828125
0 0.4867187440395355 0.4970703125 0.0390625 0.048828125
0 0.524218738079071 0.4736328125 0.0390625 0.048828125
0 0.5601562261581421 0.4482421875 0.0390625 0.048828125
0 0.59765625 0.4248046875 0.0390625 0.048828125
0 0.633593738079071 0.3994140625 0.0390625 0.048828125
0 0.6695312261581421 0.3759765625 0.0390625 0.048828125
0 0.42890626192092896 0.5947265625 0.0390625 0.048828125
0 0.46484375 0.5712890625 0.0390625 0.048828125
0 0.5023437738418579 0.5458984375 0.0390625 0.048828125
0 0.538281261920929 0.5205078125 0.0390625 0.048828125
0 0.5757812261581421 0.4970703125 0.0390625 0.048828125
0 0.610156238079071 0.4716796875 0.0390625 0.048828125
0 0.647656261920929 0.4482421875 0.0390625 0.048828125
0 0.6851562261581421 0.4228515625 0.0390625 0.048828125
0 0.4429687559604645 0.6435546875 0.0390625 0.048828125
0 0.48046875 0.6181640625 0.0390625 0.048828125
0 0.516406238079071 0.5947265625 0.0390625 0.048828125
0 0.553906261920929 0.5693359375 0.0390625 0.048828125
0 0.58984375 0.5439453125 0.0390625 0.048828125
0 0.625781238079071 0.5205078125 0.0390625 0.048828125
0 0.6617187261581421 0.4970703125 0.0390625 0.048828125
0 0.6976562738418579 0.4716796875 0.0390625 0.048828125
0 0.4585937559604645 0.6923828125 0.0390625 0.048828125
0 0.4945312440395355 0.6669921875 0.0390625 0.048828125
0 0.532031238079071 0.6416015625 0.0390625 0.048828125
0 0.5679687261581421 0.6181640625 0.0390625 0.048828125
0 0.6039062738418579 0.5927734375 0.0390625 0.048828125
0 0.641406238079071 0.5673828125 0.0390625 0.048828125
0 0.6773437261581421 0.5439453125 0.0390625 0.048828125
0 0.7132812738418579 0.5185546875 0.0390625 0.048828125
0 0.47265625 0.7412109375 0.0390625 0.048828125
0 0.5101562738418579 0.7158203125 0.0390625 0.048828125
0 0.546093761920929 0.6904296875 0.0390625 0.048828125
0 0.58203125 0.6650390625 0.0390625 0.048828125
0 0.617968738079071 0.6396484375 0.0390625 0.048828125
0 0.655468761920929 0.6162109375 0.0390625 0.048828125
0 0.69140625 0.5927734375 0.0390625 0.048828125
0 0.725781261920929 0.5673828125 0.0390625 0.048828125
0 0.4867187440395355 0.7880859375 0.0390625 0.048828125
0 0.524218738079071 0.7626953125 0.0390625 0.048828125
0 0.5601562261581421 0.7373046875 0.0390625 0.048828125
0 0.5960937738418579 0.7138671875 0.0390625 0.048828125
0 0.633593738079071 0.6884765625 0.0390625 0.048828125
0 0.6695312261581421 0.6650390625 0.0390625 0.048828125
0 0.7054687738418579 0.6396484375 0.0390625 0.048828125
0 0.741406261920929 0.6123046875 0.0390625 0.048828125
0 0.5023437738418579 0.8369140625 0.0390625 0.048828125
0 0.538281261920929 0.8115234375 0.0390625 0.048828125
0 0.57421875 0.7861328125 0.0390625 0.048828125
0 0.6117187738418579 0.7607421875 0.0390625 0.048828125
0 0.647656261920929 0.7373046875 0.0390625 0.048828125
0 0.68359375 0.7119140625 0.0390625 0.048828125
0 0.719531238079071 0.6865234375 0.0390625 0.048828125
0 0.7554687261581421 0.6630859375 0.0390625 0.048828125
