0 0.20390625298023224 0.4365234375 0.0390625 0.048828125
0 0.22109374403953552 0.4873046875 0.0390625 0.048828125
0 0.23828125 0.5380859375 0.0390625 0.048828125
0 0.25390625 0.5869140625 0.0390625 0.048828125
0 0.2710937559604645 0.6376953125 0.0390625 0.048828125
0 0.2867187559604645 0.6884765625 0.0390625 0.048828125
0 0.30390626192092896 0.7392578125 0.0390625 0.048828125
0 0.31953126192092896 0.7900390625 0.0390625 0.048828125
0 0.24453124403953552 0.4150390625 0.0390625 0.048828125
0 0.26171875 0.4658203125 0.0390625 0.048828125
0 0.2789062559604645 0.5166015625 0.0390625 0.048828125
0 0.2945312559604645 0.5673828125 0.0390625 0.048828125
0 0.3101562559604645 0.6181640625 0.0390625 0.048828125
0 0.32734376192092896 0.6669921875 0.0390625 0.048828125
0 0.34453123807907104 0.7177734375 0.0390625 0.048828125
0 0.36015623807907104 0.7685546875 0.0390625 0.048828125
0 0.28515625 0.3955078125 0.0390625 0.048828125
0 0.3023437559604645 0.4462890625 0.0390625 0.048828125
0 0.3179687559604645 0.4951171875 0.0390625 0.048828125
0 0.33515626192092896 0.5458984375 0.0390625 0.048828125
0 0.35078126192092896 0.5966796875 0.0390625 0.048828125
0 0.36640626192092896 0.6474609375 0.0390625 0.048828125
0 0.38359373807907104 0.6962890625 0.0390625 0.048828125
0 0.4007812440395355 0.7470703125 0.0390625 0.048828125
0 0.3257812559604645 0.3740234375 0.0390625 0.048828125
0 0.3414062559604645 0.4248046875 0.0390625 0.048828125
0 0.35859376192092896 0.4755859375 0.0390625 0.048828125
0 0.37421876192092896 0.5263671875 0.0390625 0.048828125
0 0.39140623807907104 0.5751953125 0.0390625 0.048828125
0 0.40703123807907104 0.6259765625 0.0390625 0.048828125
0 0.42265623807907104 0.6767578125 0.0390625 0.048828125
0 0.4398437440395355 0.7255859375 0.0390625 0.048828125
0 0.3648437559604645 0.3544921875 0.0390625 0.048828125
0 0.38203126192092896 0.4052734375 0.0390625 0.048828125
0 0.39765626192092896 0.4541015625 0.0390625 0.048828125
0 0.41484373807907104 0.5048828125 0.0390625 0.048828125
0 0.43046873807907104 0.5537109375 0.0390625 0.048828125
0 0.44609373807907104 0.6044921875 0.0390625 0.048828125
0 0.4632812440395355 0.6552734375 0.0390625 0.048828125
0 0.48046875 0.7060546875 0.0390625 0.048828125
0 0.40546876192092896 0.3330078125 0.0390625 0.048828125
0 0.42109376192092896 0.3837890625 0.0390625 0.048828125
0 0.43828123807907104 0.4345703125 0.0390625 0.048828125
0 0.45390623807907104 0.4833984375 0.0390625 0.048828125
0 0.46953123807907104 0.5341796875 0.0390625 0.048828125
0 0.4867187440395355 0.5830078125 0.0390625 0.048828125
0 0.50390625 0.6337890625 0.0390625 0.048828125
0 0.51953125 0.6845703125 0.0390625 0.048828125
0 0.44453126192092896 0.3134765625 0.0390625 0.048828125
0 0.46171873807907104 0.3642578125 0.0390625 0.048828125
0 0.47734373807907104 0.4130859375 0.0390625 0.048828125
0 0.49296873807907104 0.4638671875 0.0390625 0.048828125
0 0.5101562738418579 0.5126953125 0.0390625 0.048828125
0 0.52734375 0.5634765625 0.0390625 0.048828125
0 0.54296875 0.6142578125 0.0390625 0.048828125
0 0.5601562261581421 0.6650390625 0.0390625 0.048828125
0 0.48515623807907104 0.2919921875 0.0390625 0.048828125
0 0.500781238079071 0.3427734375 0.0390625 0.048828125
0 0.5179687738418579 0.3935546875 0.0390625 0.048828125
0 0.5335937738418579 0.4423828125 0.0390625 0.048828125
0 0.5492187738418579 0.4931640625 0.0390625 0.048828125
0 0.56640625 0.5419921875 0.0390625 0.048828125
0 0.58203125 0.5927734375 0.0390625 0.048828125
0 0.5992187261581421 0.6435546875 0.0390625 0.048828125
0 0.524218738079071 0.2724609375 0.0390625 0.048828125
0 0.5414062738418579 0.3212890625 0.0390625 0.048828125
0 0.5570312738418579 0.3720703125 0.0390625 0.048828125
0 0.5726562738418579 0.4228515625 0.0390625 0.048828125
0 0.58984375 0.4716796875 0.0390625 0.048828125
0 0.60546875 0.5224609375 0.0390625 0.048828125
0 0.6226562261581421 0.5712890625 0.0390625 0.048828125
0 0.639843761920929 0.6220703125 0.0390625 0.048828125
0 0.5648437738418579 0.2509765625 0.0390625 0.048828125
0 0.5804687738418579 0.3017578125 0.0390625 0.048828125
0 0.59765625 0.3525390625 0.0390625 0.048828125
0 0.61328125 0.4013671875 0.0390625 0.048828125
0 0.62890625 0.4521484375 0.0390625 0.048828125
0 0.6460937261581421 0.5009765625 0.0390625 0.048828125
0 0.6617187261581421 0.5517578125 0.0390625 0.048828125
0 0.678906261920929 0.6025390625 0.0390625 0.048828125
0 0.6039062738418579 0.2314453125 0.0390625 0.048828125
0 0.6195312738418579 0.2802734375 0.0390625 0.048828125
0 0.63671875 0.3310546875 0.0390625 0.048828125
0 0.65234375 0.3818359375 0.0390625 0.048828125
0 0.66796875 0.4306640625 0.0390625 0.048828125
0 0.6851562261581421 0.4814453125 0.0390625 0.048828125
0 0.7007812261581421 0.5302734375 0.0390625 0.048828125
0 0.717968761920929 0.5810546875 0.0390625 0.048828125
