0 0.21640625596046448 0.5986328125 0.0390625 0.048828125
0 0.24296875298023224 0.5537109375 0.0390625 0.048828125
0 0.26953125 0.5087890625 0.0390625 0.048828125
0 0.29609376192092896 0.4619140625 0.0390625 0.048828125
0 0.3226562440395355 0.4169921875 0.0390625 0.048828125
0 0.3492187559604645 0.3701171875 0.0390625 0.048828125
0 0.3773437440395355 0.3251953125 0.0390625 0.048828125
0 0.4039062559604645 0.2783203125 0.0390625 0.048828125
0 0.25078123807907104 0.6240234375 0.0390625 0.048828125
0 0.27734375 0.5791015625 0.0390625 0.048828125
0 0.30390626192092896 0.5341796875 0.0390625 0.048828125
0 0.3304687440395355 0.4892578125 0.0390625 0.048828125
0 0.3570312559604645 0.4423828125 0.0390625 0.048828125
0 0.38359373807907104 0.3974609375 0.0390625 0.048828125
0 0.41015625 0.3505859375 0.0390625 0.048828125
0 0.43671876192092896 0.3056640625 0.0390625 0.048828125
0 0.2835937440395355 0.6494140625 0.0390625 0.048828125
0 0.31171876192092896 0.6044921875 0.0390625 0.048828125
0 0.3382812440395355 0.5595703125 0.0390625 0.048828125
0 0.3648437559604645 0.5146484375 0.0390625 0.048828125
0 0.38984376192092896 0.4677734375 0.0390625 0.048828125
0 0.4164062440395355 0.4228515625 0.0390625 0.048828125
0 0.4429687559604645 0.3779296875 0.0390625 0.048828125
0 0.46953123807907104 0.3330078125 0.0390625 0.048828125
0 0.3179687559604645 0.6767578125 0.0390625 0.048828125
0 0.34453123807907104 0.6298828125 0.0390625 0.048828125
0 0.37109375 0.5849609375 0.0390625 0.048828125
0 0.39765626192092896 0.5400390625 0.0390625 0.048828125
0 0.4242187440395355 0.4951171875 0.0390625 0.048828125
0 0.44921875 0.4501953125 0.0390625 0.048828125
0 0.47734373807907104 0.4033203125 0.0390625 0.048828125
0 0.50390625 0.3583984375 0.0390625 0.048828125
0 0.35078126192092896 0.7001953125 0.0390625 0.048828125
0 0.3773437440395355 0.6552734375 0.0390625 0.048828125
0 0.4039062559604645 0.6103515625 0.0390625 0.048828125
0 0.43046873807907104 0.5654296875 0.0390625 0.048828125
0 0.45703125 0.5205078125 0.0390625 0.048828125
0 0.48359376192092896 0.4755859375 0.0390625 0.048828125
0 0.508593738079071 0.4306640625 0.0390625 0.048828125
0 0.5367187261581421 0.3857421875 0.0390625 0.048828125
0 0.3851562440395355 0.7255859375 0.0390625 0.048828125
0 0.41015625 0.6806640625 0.0390625 0.048828125
0 0.43671876192092896 0.6357421875 0.0390625 0.048828125
0 0.4632812440395355 0.5908203125 0.0390625 0.048828125
0 0.4898437559604645 0.5458984375 0.0390625 0.048828125
0 0.516406238079071 0.5009765625 0.0390625 0.048828125
0 0.54296875 0.4560546875 0.0390625 0.048828125
0 0.5679687261581421 0.4111328125 0.0390625 0.048828125
0 0.41796875 0.7509765625 0.0390625 0.048828125
0 0.4429687559604645 0.7060546875 0.0390625 0.048828125
0 0.46953123807907104 0.6611328125 0.0390625 0.048828125
0 0.49609375 0.6162109375 0.0390625 0.048828125
0 0.522656261920929 0.5712890625 0.0390625 0.048828125
0 0.547656238079071 0.5263671875 0.0390625 0.048828125
0 0.57421875 0.4814453125 0.0390625 0.048828125
0 0.600781261920929 0.4365234375 0.0390625 0.048828125
0 0.44921875 0.7763671875 0.0390625 0.048828125
0 0.47578126192092896 0.7314453125 0.0390625 0.048828125
0 0.5023437738418579 0.6865234375 0.0390625 0.048828125
0 0.5289062261581421 0.6416015625 0.0390625 0.048828125
0 0.553906261920929 0.5966796875 0.0390625 0.048828125
0 0.5804687738418579 0.5517578125 0.0390625 0.048828125
0 0.6070312261581421 0.5068359375 0.0390625 0.048828125
0 0.633593738079071 0.4619140625 0.0390625 0.048828125
0 0.4820312559604645 0.7998046875 0.0390625 0.048828125
0 0.508593738079071 0.7548828125 0.0390625 0.048828125
0 0.53515625 0.7099609375 0.0390625 0.048828125
0 0.5601562261581421 0.6669921875 0.0390625 0.048828125
0 0.586718738079071 0.6220703125 0.0390625 0.048828125
0 0.61328125 0.5771484375 0.0390625 0.048828125
0 0.639843761920929 0.5322265625 0.0390625 0.048828125
0 0.6664062738418579 0.4892578125 0.0390625 0.048828125
0 0.514843761920929 0.8251953125 0.0390625 0.048828125
0 0.5414062738418579 0.7802734375 0.0390625 0.048828125
0 0.56640625 0.7353515625 0.0390625 0.048828125
0 0.592968761920929 0.6904296875 0.0390625 0.048828125
0 0.6195312738418579 0.6474609375 0.0390625 0.048828125
0 0.64453125 0.6025390625 0.0390625 0.048828125
0 0.672656238079071 0.5576171875 0.0390625 0.048828125
0 0.6976562738418579 0.5126953125 0.0390625 0.048828125
0 0.546093761920929 0.8486328125 0.0390625 0.048828125
0 0.5726562738418579 0.8056640625 0.0390625 0.048828125
0 0.5992187261581421 0.7607421875 0.0390625 0.048828125
0 0.625781238079071 0.7158203125 0.0390625 0.048828125
0 0.6507812738418579 0.6728515625 0.0390625 0.048828125
0 0.6773437261581421 0.6279296875 0.0390625 0.048828125
0 0.703906238079071 0.5830078125 0.0390625 0.048828125
0 0.7289062738418579 0.5400390625 0.0390625 0.048828125
