0 0.34765625 0.3681640625 0.0390625 0.048828125
0 0.38203126192092896 0.3427734375 0.0390625 0.048828125
0 0.4164062440395355 0.3173828125 0.0390625 0.048828125
0 0.44921875 0.2939453125 0.0390625 0.048828125
0 0.4820312559604645 0.2705078125 0.0390625 0.048828125
0 0.514843761920929 0.2451171875 0.0390625 0.048828125
0 0.547656238079071 0.2197265625 0.0390625 0.048828125
0 0.5804687738418579 0.1962890625 0.0390625 0.048828125
0 0.37109375 0.4150390625 0.0390625 0.048828125
0 0.4039062559604645 0.3896484375 0.0390625 0.048828125
0 0.43828123807907104 0.3642578125 0.0390625 0.048828125
0 0.4710937440395355 0.3408203125 0.0390625 0.048828125
0 0.50390625 0.3154296875 0.0390625 0.048828125
0 0.5367187261581421 0.2919921875 0.0390625 0.048828125
0 0.569531261920929 0.2666015625 0.0390625 0.048828125
0 0.6039062738418579 0.2412109375 0.0390625 0.048828125
0 0.3929687440395355 0.4619140625 0.0390625 0.048828125
0 0.4273437559604645 0.4365234375 0.0390625 0.048828125
0 0.46015626192092896 0.4111328125 0.0390625 0.048828125
0 0.49296873807907104 0.3857421875 0.0390625 0.048828125
0 0.5257812738418579 0.3623046875 0.0390625 0.048828125
0 0.55859375 0.3369140625 0.0390625 0.048828125
0 0.5914062261581421 0.3115234375 0.0390625 0.048828125
0 0.624218761920929 0.2880859375 0.0390625 0.048828125
0 0.4164062440395355 0.5087890625 0.0390625 0.048828125
0 0.44921875 0.4833984375 0.0390625 0.048828125
0 0.4820312559604645 0.4580078125 0.0390625 0.048828125
0 0.516406238079071 0.4326171875 0.0390625 0.048828125
0 0.5492187738418579 0.4072265625 0.0390625 0.048828125
0 0.58203125 0.3837890625 0.0390625 0.048828125
0 0.6148437261581421 0.3583984375 0.0390625 0.048828125
0 0.647656261920929 0.3330078125 0.0390625 0.048828125
0 0.43828123807907104 0.5556640625 0.0390625 0.048828125
0 0.4710937440395355 0.5302734375 0.0390625 0.048828125
0 0.5054687261581421 0.5029296875 0.0390625 0.048828125
0 0.538281261920929 0.4794921875 0.0390625 0.048828125
0 0.571093738079071 0.4541015625 0.0390625 0.048828125
0 0.6039062738418579 0.4287109375 0.0390625 0.048828125
0 0.63671875 0.4033203125 0.0390625 0.048828125
0 0.6695312261581421 0.3798828125 0.0390625 0.048828125
0 0.46171873807907104 0.6005859375 0.0390625 0.048828125
0 0.4945312440395355 0.5751953125 0.0390625 0.048828125
0 0.52734375 0.5498046875 0.0390625 0.048828125
0 0.5601562261581421 0.5244140625 0.0390625 0.048828125
0 0.592968761920929 0.5009765625 0.0390625 0.048828125
0 0.625781238079071 0.4755859375 0.0390625 0.048828125
0 0.6585937738418579 0.4501953125 0.0390625 0.048828125
0 0.69140625 0.4248046875 0.0390625 0.048828125
0 0.48359376192092896 0.6474609375 0.0390625 0.048828125
0 0.516406238079071 0.6220703125 0.0390625 0.048828125
0 0.5492187738418579 0.5966796875 0.0390625 0.048828125
0 0.58203125 0.5712890625 0.0390625 0.048828125
0 0.616406261920929 0.5458984375 0.0390625 0.048828125
0 0.649218738079071 0.5205078125 0.0390625 0.048828125
0 0.680468738079071 0.4970703125 0.0390625 0.048828125
0 0.7132812738418579 0.4716796875 0.0390625 0.048828125
0 0.5054687261581421 0.6943359375 0.0390625 0.048828125
0 0.539843738079071 0.6689453125 0.0390625 0.048828125
0 0.5726562738418579 0.6435546875 0.0390625 0.048828125
0 0.60546875 0.6181640625 0.0390625 0.048828125
0 0.6382812261581421 0.5927734375 0.0390625 0.048828125
0 0.671093761920929 0.5673828125 0.0390625 0.048828125
0 0.703906238079071 0.5419921875 0.0390625 0.048828125
0 0.7367187738418579 0.5185546875 0.0390625 0.048828125
0 0.5289062261581421 0.7412109375 0.0390625 0.048828125
0 0.561718761920929 0.7158203125 0.0390625 0.048828125
0 0.5960937738418579 0.6904296875 0.0390625 0.048828125
0 0.6273437738418579 0.6650390625 0.0390625 0.048828125
0 0.66015625 0.6396484375 0.0390625 0.048828125
0 0.6929687261581421 0.6142578125 0.0390625 0.048828125
0 0.725781261920929 0.5888671875 0.0390625 0.048828125
0 0.758593738079071 0.5634765625 0.0390625 0.048828125
0 0.55078125 0.7900390625 0.0390625 0.048828125
0 0.585156261920929 0.7626953125 0.0390625 0.048828125
0 0.617968738079071 0.7373046875 0.0390625 0.048828125
0 0.6507812738418579 0.7119140625 0.0390625 0.048828125
0 0.68359375 0.6865234375 0.0390625 0.048828125
0 0.7164062261581421 0.6591796875 0.0390625 0.048828125
0 0.749218761920929 0.6357421875 0.0390625 0.048828125
0 0.780468761920929 0.6083984375 0.0390625 0.048828125
0 0.57421875 0.8369140625 0.0390625 0.048828125
0 0.6070312261581421 0.8095703125 0.0390625 0.048828125
0 0.639843761920929 0.7841796875 0.0390625 0.048828125
0 0.672656238079071 0.7587890625 0.0390625 0.048828125
0 0.7054687738418579 0.7333984375 0.0390625 0.048828125
0 0.73828125 0.7060546875 0.0390625 0.048828125
0 0.7710937261581421 0.6806640625 0.0390625 0.048828125
0 0.803906261920929 0.6552734375 0.0390625 0.048828125
