0 0.2710937559604645 0.4521484375 0.0390625 0.048828125
0 0.28515625 0.5029296875 0.0390625 0.048828125
0 0.2992187440395355 0.5537109375 0.0390625 0.048828125
0 0.31171876192092896 0.6044921875 0.0390625 0.048828125
0 0.3257812559604645 0.6552734375 0.0390625 0.048828125
0 0.33984375 0.7060546875 0.0390625 0.048828125
0 0.3539062440395355 0.7568359375 0.0390625 0.048828125
0 0.36796873807907104 0.8056640625 0.0390625 0.048828125
0 0.31171876192092896 0.4345703125 0.0390625 0.048828125
0 0.3257812559604645 0.4853515625 0.0390625 0.048828125
0 0.33984375 0.5341796875 0.0390625 0.048828125
0 0.35234373807907104 0.5869140625 0.0390625 0.048828125
0 0.36640626192092896 0.6376953125 0.0390625 0.048828125
0 0.3804687559604645 0.6884765625 0.0390625 0.048828125
0 0.39453125 0.7373046875 0.0390625 0.048828125
0 0.4085937440395355 0.7880859375 0.0390625 0.048828125
0 0.35234373807907104 0.4169921875 0.0390625 0.048828125
0 0.36640626192092896 0.4677734375 0.0390625 0.048828125
0 0.37890625 0.5185546875 0.0390625 0.048828125
0 0.3929687440395355 0.5673828125 0.0390625 0.048828125
0 0.40703123807907104 0.6181640625 0.0390625 0.048828125
0 0.42109376192092896 0.6689453125 0.0390625 0.048828125
0 0.4351562559604645 0.7197265625 0.0390625 0.048828125
0 0.44921875 0.7705078125 0.0390625 0.048828125
0 0.3929687440395355 0.3994140625 0.0390625 0.048828125
0 0.40703123807907104 0.4501953125 0.0390625 0.048828125
0 0.4195312559604645 0.5009765625 0.0390625 0.048828125
0 0.43359375 0.5517578125 0.0390625 0.048828125
0 0.4476562440395355 0.6005859375 0.0390625 0.048828125
0 0.46015626192092896 0.6513671875 0.0390625 0.048828125
0 0.47578126192092896 0.7021484375 0.0390625 0.048828125
0 0.4898437559604645 0.7529296875 0.0390625 0.048828125
0 0.4320312440395355 0.3837890625 0.0390625 0.048828125
0 0.44609373807907104 0.4326171875 0.0390625 0.048828125
0 0.46015626192092896 0.4833984375 0.0390625 0.048828125
0 0.4742187559604645 0.5341796875 0.0390625 0.048828125
0 0.48828125 0.5830078125 0.0390625 0.048828125
0 0.5023437738418579 0.6337890625 0.0390625 0.048828125
0 0.516406238079071 0.6826171875 0.0390625 0.048828125
0 0.530468761920929 0.7333984375 0.0390625 0.048828125
0 0.47265625 0.3642578125 0.0390625 0.048828125
0 0.4867187440395355 0.4150390625 0.0390625 0.048828125
0 0.500781238079071 0.4658203125 0.0390625 0.048828125
0 0.514843761920929 0.5146484375 0.0390625 0.048828125
0 0.5289062261581421 0.5654296875 0.0390625 0.048828125
0 0.5414062738418579 0.6162109375 0.0390625 0.048828125
0 0.5570312738418579 0.6669921875 0.0390625 0.048828125
0 0.571093738079071 0.7158203125 0.0390625 0.048828125
0 0.5132812261581421 0.3486328125 0.0390625 0.048828125
0 0.52734375 0.3974609375 0.0390625 0.048828125
0 0.5414062738418579 0.4482421875 0.0390625 0.048828125
0 0.555468738079071 0.4970703125 0.0390625 0.048828125
0 0.5679687261581421 0.5478515625 0.0390625 0.048828125
0 0.5835937261581421 0.5986328125 0.0390625 0.048828125
0 0.59765625 0.6455078125 0.0390625 0.048828125
0 0.610156238079071 0.6982421875 0.0390625 0.048828125
0 0.553906261920929 0.3291015625 0.0390625 0.048828125
0 0.5679687261581421 0.3798828125 0.0390625 0.048828125
0 0.58203125 0.4287109375 0.0390625 0.048828125
0 0.5960937738418579 0.4794921875 0.0390625 0.048828125
0 0.610156238079071 0.5302734375 0.0390625 0.048828125
0 0.624218761920929 0.5791015625 0.0390625 0.048828125
0 0.6382812261581421 0.6298828125 0.0390625 0.048828125
0 0.6539062261581421 0.6806640625 0.0390625 0.048828125
0 0.594531238079071 0.3115234375 0.0390625 0.048828125
0 0.608593761920929 0.3623046875 0.0390625 0.048828125
0 0.62109375 0.4111328125 0.0390625 0.048828125
0 0.63671875 0.4619140625 0.0390625 0.048828125
0 0.6507812738418579 0.5126953125 0.0390625 0.048828125
0 0.664843738079071 0.5634765625 0.0390625 0.048828125
0 0.678906261920929 0.6123046875 0.0390625 0.048828125
0 0.6929687261581421 0.6630859375 0.0390625 0.048828125
0 0.6351562738418579 0.2939453125 0.0390625 0.048828125
0 0.649218738079071 0.3427734375 0.0390625 0.048828125
0 0.663281261920929 0.3935546875 0.0390625 0.048828125
0 0.6773437261581421 0.4443359375 0.0390625 0.048828125
0 0.69140625 0.4931640625 0.0390625 0.048828125
0 0.7054687738418579 0.5439453125 0.0390625 0.048828125
0 0.719531238079071 0.5947265625 0.0390625 0.048828125
0 0.733593761920929 0.6455078125 0.0390625 0.048828125
0 0.67578125 0.2744140625 0.0390625 0.048828125
0 0.6898437738418579 0.3251953125 0.0390625 0.048828125
0 0.703906238079071 0.3759765625 0.0390625 0.048828125
0 0.717968761920929 0.4248046875 0.0390625 0.048828125
0 0.7320312261581421 0.4755859375 0.0390625 0.048828125
0 0.74609375 0.5263671875 0.0390625 0.048828125
0 0.76171875 0.5771484375 0.0390625 0.048828125
0 0.7757812738418579 0.6279296875 0.0390625 0.048828125
