0 0.26171875 0.4345703125 0.0390625 0.048828125
0 0.26171875 0.4873046875 0.0390625 0.048828125
0 0.2632812559604645 0.5380859375 0.0390625 0.048828125
0 0.26484376192092896 0.5888671875 0.0390625 0.048828125
0 0.26640623807907104 0.6416015625 0.0390625 0.048828125
0 0.26640623807907104 0.6923828125 0.0390625 0.048828125
0 0.2679687440395355 0.7431640625 0.0390625 0.048828125
0 0.26953125 0.7939453125 0.0390625 0.048828125
0 0.30546873807907104 0.4345703125 0.0390625 0.048828125
0 0.3070312440395355 0.4853515625 0.0390625 0.048828125
0 0.3070312440395355 0.5380859375 0.0390625 0.048828125
0 0.30859375 0.5888671875 0.0390625 0.048828125
0 0.30859375 0.6396484375 0.0390625 0.048828125
0 0.3101562559604645 0.6923828125 0.0390625 0.048828125
0 0.31171876192092896 0.7431640625 0.0390625 0.048828125
0 0.31171876192092896 0.7939453125 0.0390625 0.048828125
0 0.3492187559604645 0.4326171875 0.0390625 0.048828125
0 0.35078126192092896 0.4853515625 0.0390625 0.048828125
0 0.35078126192092896 0.5380859375 0.0390625 0.048828125
0 0.35234373807907104 0.5888671875 0.0390625 0.048828125
0 0.35234373807907104 0.6396484375 0.0390625 0.048828125
0 0.3539062440395355 0.6904296875 0.0390625 0.048828125
0 0.35546875 0.7431640625 0.0390625 0.048828125
0 0.35546875 0.7939453125 0.0390625 0.048828125
0 0.3929687440395355 0.4326171875 0.0390625 0.048828125
0 0.39453125 0.4833984375 0.0390625 0.048828125
0 0.39453125 0.5361328125 0.0390625 0.048828125
0 0.3960937559604645 0.5869140625 0.0390625 0.048828125
0 0.3960937559604645 0.6396484375 0.0390625 0.048828125
0 0.39765626192092896 0.6904296875 0.0390625 0.048828125
0 0.39765626192092896 0.7412109375 0.0390625 0.048828125
0 0.39921873807907104 0.7919921875 0.0390625 0.048828125
0 0.43671876192092896 0.4326171875 0.0390625 0.048828125
0 0.43828123807907104 0.4833984375 0.0390625 0.048828125
0 0.43828123807907104 0.5361328125 0.0390625 0.048828125
0 0.43828123807907104 0.5869140625 0.0390625 0.048828125
0 0.4398437440395355 0.6376953125 0.0390625 0.048828125
0 0.44140625 0.6904296875 0.0390625 0.048828125
0 0.44140625 0.7412109375 0.0390625 0.048828125
0 0.4429687559604645 0.7919921875 0.0390625 0.048828125
0 0.48046875 0.4306640625 0.0390625 0.048828125
0 0.4820312559604645 0.4833984375 0.0390625 0.048828125
0 0.4820312559604645 0.5341796875 0.0390625 0.048828125
0 0.4820312559604645 0.5869140625 0.0390625 0.048828125
0 0.48359376192092896 0.6376953125 0.0390625 0.048828125
0 0.48359376192092896 0.6884765625 0.0390625 0.048828125
0 0.48515623807907104 0.7392578125 0.0390625 0.048828125
0 0.48515623807907104 0.7919921875 0.0390625 0.048828125
0 0.524218738079071 0.4306640625 0.0390625 0.048828125
0 0.5257812738418579 0.4814453125 0.0390625 0.048828125
0 0.5257812738418579 0.5341796875 0.0390625 0.048828125
0 0.5257812738418579 0.5849609375 0.0390625 0.048828125
0 0.52734375 0.6376953125 0.0390625 0.048828125
0 0.52734375 0.6884765625 0.0390625 0.048828125
0 0.52734375 0.7392578125 0.0390625 0.048828125
0 0.5289062261581421 0.7900390625 0.0390625 0.048828125
0 0.5679687261581421 0.4287109375 0.0390625 0.048828125
0 0.569531261920929 0.4814453125 0.0390625 0.048828125
0 0.569531261920929 0.5341796875 0.0390625 0.048828125
0 0.569531261920929 0.5849609375 0.0390625 0.048828125
0 0.571093738079071 0.6357421875 0.0390625 0.048828125
0 0.571093738079071 0.6884765625 0.0390625 0.048828125
0 0.5726562738418579 0.7392578125 0.0390625 0.048828125
0 0.5726562738418579 0.7900390625 0.0390625 0.048828125
0 0.6117187738418579 0.4287109375 0.0390625 0.048828125
0 0.6117187738418579 0.4814453125 0.0390625 0.048828125
0 0.61328125 0.5322265625 0.0390625 0.048828125
0 0.61328125 0.5849609375 0.0390625 0.048828125
0 0.6148437261581421 0.6357421875 0.0390625 0.048828125
0 0.6148437261581421 0.6884765625 0.0390625 0.048828125
0 0.6148437261581421 0.7392578125 0.0390625 0.048828125
0 0.616406261920929 0.7900390625 0.0390625 0.048828125
0 0.657031238079071 0.4287109375 0.0390625 0.048828125
0 0.657031238079071 0.4794921875 0.0390625 0.048828125
0 0.657031238079071 0.5322265625 0.0390625 0.048828125
0 0.657031238079071 0.5830078125 0.0390625 0.048828125
0 0.657031238079071 0.6357421875 0.0390625 0.048828125
0 0.6585937738418579 0.6865234375 0.0390625 0.048828125
0 0.6585937738418579 0.7373046875 0.0390625 0.048828125
0 0.6585937738418579 0.7900390625 0.0390625 0.048828125
0 0.7007812261581421 0.4267578125 0.0390625 0.048828125
0 0.7007812261581421 0.4794921875 0.0390625 0.048828125
0 0.7007812261581421 0.5322265625 0.0390625 0.048828125
0 0.7007812261581421 0.5830078125 0.0390625 0.048828125
0 0.702343761920929 0.6337890625 0.0390625 0.048828125
0 0.702343761920929 0.6865234375 0.0390625 0.048828125
0 0.702343761920929 0.7373046875 0.0390625 0.048828125
0 0.702343761920929 0.7880859375 0.0390625 0.048828125
