0 0.26484376192092896 0.4169921875 0.0390625 0.048828125
0 0.26640623807907104 0.4716796875 0.0390625 0.048828125
0 0.26640623807907104 0.5244140625 0.0390625 0.048828125
0 0.2679687440395355 0.5791015625 0.0390625 0.048828125
0 0.2679687440395355 0.6318359375 0.0390625 0.048828125
0 0.26953125 0.6845703125 0.0390625 0.048828125
0 0.26953125 0.7392578125 0.0390625 0.048828125
0 0.26953125 0.7919921875 0.0390625 0.048828125
0 0.30859375 0.4169921875 0.0390625 0.048828125
0 0.30859375 0.4697265625 0.0390625 0.048828125
0 0.3101562559604645 0.5244140625 0.0390625 0.048828125
0 0.31171876192092896 0.5771484375 0.0390625 0.048828125
0 0.31171876192092896 0.6298828125 0.0390625 0.048828125
0 0.31171876192092896 0.6845703125 0.0390625 0.048828125
0 0.31328123807907104 0.7392578125 0.0390625 0.048828125
0 0.31328123807907104 0.7919921875 0.0390625 0.048828125
0 0.35234373807907104 0.4150390625 0.0390625 0.048828125
0 0.35234373807907104 0.4697265625 0.0390625 0.048828125
0 0.3539062440395355 0.5224609375 0.0390625 0.048828125
0 0.3539062440395355 0.5771484375 0.0390625 0.048828125
0 0.35546875 0.6298828125 0.0390625 0.048828125
0 0.35546875 0.6826171875 0.0390625 0.048828125
0 0.35546875 0.7373046875 0.0390625 0.048828125
0 0.3570312559604645 0.7919921875 0.0390625 0.048828125
0 0.3960937559604645 0.4150390625 0.0390625 0.048828125
0 0.3960937559604645 0.4697265625 0.0390625 0.048828125
0 0.39765626192092896 0.5224609375 0.0390625 0.048828125
0 0.39765626192092896 0.5751953125 0.0390625 0.048828125
0 0.39765626192092896 0.6298828125 0.0390625 0.048828125
0 0.39921873807907104 0.6826171875 0.0390625 0.048828125
0 0.39921873807907104 0.7373046875 0.0390625 0.048828125
0 0.4007812440395355 0.7900390625 0.0390625 0.048828125
0 0.43828123807907104 0.4150390625 0.0390625 0.048828125
0 0.4398437440395355 0.4677734375 0.0390625 0.048828125
0 0.4398437440395355 0.5224609375 0.0390625 0.048828125
0 0.44140625 0.5751953125 0.0390625 0.048828125
0 0.44140625 0.6279296875 0.0390625 0.048828125
0 0.4429687559604645 0.6826171875 0.0390625 0.048828125
0 0.4429687559604645 0.7353515625 0.0390625 0.048828125
0 0.4429687559604645 0.7900390625 0.0390625 0.048828125
0 0.4820312559604645 0.4130859375 0.0390625 0.048828125
0 0.48359376192092896 0.4677734375 0.0390625 0.048828125
0 0.48359376192092896 0.5205078125 0.0390625 0.048828125
0 0.48359376192092896 0.5751953125 0.0390625 0.048828125
0 0.48515623807907104 0.6279296875 0.0390625 0.048828125
0 0.48515623807907104 0.6806640625 0.0390625 0.048828125
0 0.4867187440395355 0.7353515625 0.0390625 0.048828125
0 0.4867187440395355 0.7900390625 0.0390625 0.048828125
0 0.5257812738418579 0.4130859375 0.0390625 0.048828125
0 0.5257812738418579 0.4658203125 0.0390625 0.048828125
0 0.52734375 0.5205078125 0.0390625 0.048828125
0 0.52734375 0.5732421875 0.0390625 0.048828125
0 0.5289062261581421 0.6279296875 0.0390625 0.048828125
0 0.5289062261581421 0.6806640625 0.0390625 0.048828125
0 0.5289062261581421 0.7353515625 0.0390625 0.048828125
0 0.530468761920929 0.7880859375 0.0390625 0.048828125
0 0.569531261920929 0.4130859375 0.0390625 0.048828125
0 0.569531261920929 0.4658203125 0.0390625 0.048828125
0 0.571093738079071 0.5205078125 0.0390625 0.048828125
0 0.571093738079071 0.5732421875 0.0390625 0.048828125
0 0.571093738079071 0.6259765625 0.0390625 0.048828125
0 0.5726562738418579 0.6806640625 0.0390625 0.048828125
0 0.5726562738418579 0.7353515625 0.0390625 0.048828125
0 0.5726562738418579 0.7880859375 0.0390625 0.048828125
0 0.61328125 0.4111328125 0.0390625 0.048828125
0 0.61328125 0.4658203125 0.0390625 0.048828125
0 0.61328125 0.5185546875 0.0390625 0.048828125
0 0.6148437261581421 0.5732421875 0.0390625 0.048828125
0 0.6148437261581421 0.6259765625 0.0390625 0.048828125
0 0.6148437261581421 0.6806640625 0.0390625 0.048828125
0 0.616406261920929 0.7333984375 0.0390625 0.048828125
0 0.616406261920929 0.7880859375 0.0390625 0.048828125
0 0.657031238079071 0.4111328125 0.0390625 0.048828125
0 0.657031238079071 0.4638671875 0.0390625 0.048828125
0 0.657031238079071 0.5185546875 0.0390625 0.048828125
0 0.657031238079071 0.5712890625 0.0390625 0.048828125
0 0.6585937738418579 0.6259765625 0.0390625 0.048828125
0 0.6585937738418579 0.6787109375 0.0390625 0.048828125
0 0.6585937738418579 0.7333984375 0.0390625 0.048828125
0 0.66015625 0.7861328125 0.0390625 0.048828125
0 0.7007812261581421 0.4091796875 0.0390625 0.048828125
0 0.7007812261581421 0.4638671875 0.0390625 0.048828125
0 0.7007812261581421 0.5185546875 0.0390625 0.048828125
0 0.702343761920929 0.5712890625 0.0390625 0.048828125
0 0.702343761920929 0.6259765625 0.0390625 0.048828125
0 0.702343761920929 0.6787109375 0.0390625 0.048828125
0 0.702343761920929 0.7333984375 0.0390625 0.048828125
0 0.703906238079071 0.7861328125 0.0390625 0.048828125
