0 0.32890623807907104 0.4482421875 0.0390625 0.048828125
0 0.33515626192092896 0.5009765625 0.0390625 0.048828125
0 0.3414062559604645 0.5537109375 0.0390625 0.048828125
0 0.3492187559604645 0.6064453125 0.0390625 0.048828125
0 0.35546875 0.6591796875 0.0390625 0.048828125
0 0.36328125 0.7119140625 0.0390625 0.048828125
0 0.37109375 0.7646484375 0.0390625 0.048828125
0 0.3773437440395355 0.8173828125 0.0390625 0.048828125
0 0.3695312440395355 0.4384765625 0.0390625 0.048828125
0 0.3773437440395355 0.4912109375 0.0390625 0.048828125
0 0.3851562440395355 0.5439453125 0.0390625 0.048828125
0 0.39140623807907104 0.5966796875 0.0390625 0.048828125
0 0.39765626192092896 0.6494140625 0.0390625 0.048828125
0 0.40546876192092896 0.7021484375 0.0390625 0.048828125
0 0.41328126192092896 0.7548828125 0.0390625 0.048828125
0 0.4195312559604645 0.8095703125 0.0390625 0.048828125
0 0.4117187559604645 0.4306640625 0.0390625 0.048828125
0 0.4195312559604645 0.4833984375 0.0390625 0.048828125
0 0.4273437559604645 0.5341796875 0.0390625 0.048828125
0 0.43359375 0.5888671875 0.0390625 0.048828125
0 0.44140625 0.6396484375 0.0390625 0.048828125
0 0.4476562440395355 0.6923828125 0.0390625 0.048828125
0 0.4554687440395355 0.7470703125 0.0390625 0.048828125
0 0.46171873807907104 0.7998046875 0.0390625 0.048828125
0 0.45390623807907104 0.4208984375 0.0390625 0.048828125
0 0.46171873807907104 0.4736328125 0.0390625 0.048828125
0 0.46953123807907104 0.5263671875 0.0390625 0.048828125
0 0.47578126192092896 0.5791015625 0.0390625 0.048828125
0 0.48359376192092896 0.6318359375 0.0390625 0.048828125
0 0.4898437559604645 0.6845703125 0.0390625 0.048828125
0 0.4976562559604645 0.7373046875 0.0390625 0.048828125
0 0.5054687261581421 0.7900390625 0.0390625 0.048828125
0 0.49609375 0.4111328125 0.0390625 0.048828125
0 0.50390625 0.4638671875 0.0390625 0.048828125
0 0.51171875 0.5166015625 0.0390625 0.048828125
0 0.5179687738418579 0.5693359375 0.0390625 0.048828125
0 0.5257812738418579 0.6220703125 0.0390625 0.048828125
0 0.5335937738418579 0.6748046875 0.0390625 0.048828125
0 0.539843738079071 0.7294921875 0.0390625 0.048828125
0 0.547656238079071 0.7822265625 0.0390625 0.048828125
0 0.539843738079071 0.4033203125 0.0390625 0.048828125
0 0.546093761920929 0.4560546875 0.0390625 0.048828125
0 0.553906261920929 0.5087890625 0.0390625 0.048828125
0 0.5601562261581421 0.5615234375 0.0390625 0.048828125
0 0.5679687261581421 0.6142578125 0.0390625 0.048828125
0 0.57421875 0.6669921875 0.0390625 0.048828125
0 0.58203125 0.7197265625 0.0390625 0.048828125
0 0.58984375 0.7724609375 0.0390625 0.048828125
0 0.5804687738418579 0.3935546875 0.0390625 0.048828125
0 0.5882812738418579 0.4462890625 0.0390625 0.048828125
0 0.5960937738418579 0.4990234375 0.0390625 0.048828125
0 0.602343738079071 0.5517578125 0.0390625 0.048828125
0 0.610156238079071 0.6044921875 0.0390625 0.048828125
0 0.617968738079071 0.6572265625 0.0390625 0.048828125
0 0.625781238079071 0.7099609375 0.0390625 0.048828125
0 0.632031261920929 0.7626953125 0.0390625 0.048828125
0 0.624218761920929 0.3857421875 0.0390625 0.048828125
0 0.6304687261581421 0.4384765625 0.0390625 0.048828125
0 0.6382812261581421 0.4892578125 0.0390625 0.048828125
0 0.6460937261581421 0.5419921875 0.0390625 0.048828125
0 0.65234375 0.5947265625 0.0390625 0.048828125
0 0.66015625 0.6474609375 0.0390625 0.048828125
0 0.66796875 0.7021484375 0.0390625 0.048828125
0 0.67578125 0.7548828125 0.0390625 0.048828125
0 0.6664062738418579 0.3759765625 0.0390625 0.048828125
0 0.672656238079071 0.4287109375 0.0390625 0.048828125
0 0.680468738079071 0.4814453125 0.0390625 0.048828125
0 0.688281238079071 0.5341796875 0.0390625 0.048828125
0 0.694531261920929 0.5869140625 0.0390625 0.048828125
0 0.702343761920929 0.6396484375 0.0390625 0.048828125
0 0.710156261920929 0.6923828125 0.0390625 0.048828125
0 0.717968761920929 0.7451171875 0.0390625 0.048828125
0 0.7085937261581421 0.3662109375 0.0390625 0.048828125
0 0.7164062261581421 0.4189453125 0.0390625 0.048828125
0 0.72265625 0.4716796875 0.0390625 0.048828125
0 0.73046875 0.5244140625 0.0390625 0.048828125
0 0.73828125 0.5771484375 0.0390625 0.048828125
0 0.74609375 0.6318359375 0.0390625 0.048828125
0 0.7523437738418579 0.6845703125 0.0390625 0.048828125
0 0.76171875 0.7373046875 0.0390625 0.048828125
0 0.750781238079071 0.3583984375 0.0390625 0.048828125
0 0.758593738079071 0.4111328125 0.0390625 0.048828125
0 0.766406238079071 0.4638671875 0.0390625 0.048828125
0 0.772656261920929 0.5166015625 0.0390625 0.048828125
0 0.780468761920929 0.5693359375 0.0390625 0.048828125
0 0.788281261920929 0.6220703125 0.0390625 0.048828125
0 0.796093761920929 0.6748046875 0.0390625 0.048828125
0 0.803906261920929 0.7275390625 0.0390625 0.048828125
