0 0.25390625 0.7373046875 0.0390625 0.048828125
0 0.2554687559604645 0.6826171875 0.0390625 0.048828125
0 0.2554687559604645 0.6279296875 0.0390625 0.048828125
0 0.2554687559604645 0.5732421875 0.0390625 0.048828125
0 0.2554687559604645 0.5205078125 0.0390625 0.048828125
0 0.2554687559604645 0.4658203125 0.0390625 0.048828125
0 0.2554687559604645 0.4111328125 0.0390625 0.048828125
0 0.2554687559604645 0.3564453125 0.0390625 0.048828125
0 0.29765623807907104 0.7373046875 0.0390625 0.048828125
0 0.29765623807907104 0.6826171875 0.0390625 0.048828125
0 0.29765623807907104 0.6279296875 0.0390625 0.048828125
0 0.29765623807907104 0.5732421875 0.0390625 0.048828125
0 0.29765623807907104 0.5185546875 0.0390625 0.048828125
0 0.29765623807907104 0.4658203125 0.0390625 0.048828125
0 0.29765623807907104 0.4111328125 0.0390625 0.048828125
0 0.29765623807907104 0.3564453125 0.0390625 0.048828125
0 0.3414062559604645 0.7373046875 0.0390625 0.048828125
0 0.3414062559604645 0.6826171875 0.0390625 0.048828125
0 0.3414062559604645 0.6279296875 0.0390625 0.048828125
0 0.3414062559604645 0.5732421875 0.0390625 0.048828125
0 0.3414062559604645 0.5185546875 0.0390625 0.048828125
0 0.3414062559604645 0.4638671875 0.0390625 0.048828125
0 0.3414062559604645 0.4111328125 0.0390625 0.048828125
0 0.3414062559604645 0.3564453125 0.0390625 0.048828125
0 0.38359373807907104 0.7353515625 0.0390625 0.048828125
0 0.3851562440395355 0.6806640625 0.0390625 0.048828125
0 0.3851562440395355 0.6259765625 0.0390625 0.048828125
0 0.3851562440395355 0.5712890625 0.0390625 0.048828125
0 0.3851562440395355 0.5185546875 0.0390625 0.048828125
0 0.3851562440395355 0.4638671875 0.0390625 0.048828125
0 0.3851562440395355 0.4091796875 0.0390625 0.048828125
0 0.38359373807907104 0.3544921875 0.0390625 0.048828125
0 0.42890626192092896 0.7353515625 0.0390625 0.048828125
0 0.42890626192092896 0.6806640625 0.0390625 0.048828125
0 0.4273437559604645 0.6259765625 0.0390625 0.048828125
0 0.4273437559604645 0.5712890625 0.0390625 0.048828125
0 0.4273437559604645 0.5166015625 0.0390625 0.048828125
0 0.4273437559604645 0.4638671875 0.0390625 0.048828125
0 0.4273437559604645 0.4091796875 0.0390625 0.048828125
0 0.4273437559604645 0.3544921875 0.0390625 0.048828125
0 0.4710937440395355 0.7353515625 0.0390625 0.048828125
0 0.4710937440395355 0.6806640625 0.0390625 0.048828125
0 0.4710937440395355 0.6259765625 0.0390625 0.048828125
0 0.4710937440395355 0.5712890625 0.0390625 0.048828125
0 0.4710937440395355 0.5166015625 0.0390625 0.048828125
0 0.4710937440395355 0.4619140625 0.0390625 0.048828125
0 0.4710937440395355 0.4072265625 0.0390625 0.048828125
0 0.4710937440395355 0.3544921875 0.0390625 0.048828125
0 0.514843761920929 0.7353515625 0.0390625 0.048828125
0 0.514843761920929 0.6806640625 0.0390625 0.048828125
0 0.514843761920929 0.6259765625 0.0390625 0.048828125
0 0.514843761920929 0.5693359375 0.0390625 0.048828125
0 0.514843761920929 0.5166015625 0.0390625 0.048828125
0 0.514843761920929 0.4619140625 0.0390625 0.048828125
0 0.5132812261581421 0.4072265625 0.0390625 0.048828125
0 0.514843761920929 0.3525390625 0.0390625 0.048828125
0 0.55859375 0.7353515625 0.0390625 0.048828125
0 0.55859375 0.6787109375 0.0390625 0.048828125
0 0.55859375 0.6240234375 0.0390625 0.048828125
0 0.5570312738418579 0.5693359375 0.0390625 0.048828125
0 0.5570312738418579 0.5146484375 0.0390625 0.048828125
0 0.5570312738418579 0.4619140625 0.0390625 0.048828125
0 0.5570312738418579 0.4072265625 0.0390625 0.048828125
0 0.5570312738418579 0.3525390625 0.0390625 0.048828125
0 0.602343738079071 0.7333984375 0.0390625 0.048828125
0 0.602343738079071 0.6787109375 0.0390625 0.048828125
0 0.602343738079071 0.6240234375 0.0390625 0.048828125
0 0.600781261920929 0.5693359375 0.0390625 0.048828125
0 0.600781261920929 0.5146484375 0.0390625 0.048828125
0 0.600781261920929 0.4599609375 0.0390625 0.048828125
0 0.600781261920929 0.4052734375 0.0390625 0.048828125
0 0.600781261920929 0.3505859375 0.0390625 0.048828125
0 0.6460937261581421 0.7333984375 0.0390625 0.048828125
0 0.6460937261581421 0.6787109375 0.0390625 0.048828125
0 0.64453125 0.6240234375 0.0390625 0.048828125
0 0.64453125 0.5693359375 0.0390625 0.048828125
0 0.64453125 0.5146484375 0.0390625 0.048828125
0 0.64453125 0.4599609375 0.0390625 0.048828125
0 0.64453125 0.4052734375 0.0390625 0.048828125
0 0.64453125 0.3505859375 0.0390625 0.048828125
0 0.6898437738418579 0.7333984375 0.0390625 0.048828125
0 0.6898437738418579 0.6787109375 0.0390625 0.048828125
0 0.6898437738418579 0.6240234375 0.0390625 0.048828125
0 0.688281238079071 0.5693359375 0.0390625 0.048828125
0 0.688281238079071 0.5146484375 0.0390625 0.048828125
0 0.688281238079071 0.4599609375 0.0390625 0.048828125
0 0.688281238079071 0.4052734375 0.0390625 0.048828125
0 0.688281238079071 0.3505859375 0.0390625 0.048828125
