0 0.23046875 0.7001953125 0.0390625 0.048828125
0 0.27265626192092896 0.7158203125 0.0390625 0.048828125
0 0.3148437440395355 0.7314453125 0.0390625 0.048828125
0 0.3570312559604645 0.7470703125 0.0390625 0.048828125
0 0.39921873807907104 0.7646484375 0.0390625 0.048828125
0 0.44140625 0.7802734375 0.0390625 0.048828125
0 0.48359376192092896 0.7958984375 0.0390625 0.048828125
0 0.5257812738418579 0.8115234375 0.0390625 0.048828125
0 0.24140624701976776 0.6494140625 0.0390625 0.048828125
0 0.28515625 0.6650390625 0.0390625 0.048828125
0 0.32734376192092896 0.6806640625 0.0390625 0.048828125
0 0.3695312440395355 0.6962890625 0.0390625 0.048828125
0 0.4117187559604645 0.7119140625 0.0390625 0.048828125
0 0.45390623807907104 0.7275390625 0.0390625 0.048828125
0 0.49609375 0.7431640625 0.0390625 0.048828125
0 0.538281261920929 0.7587890625 0.0390625 0.048828125
0 0.25390625 0.5966796875 0.0390625 0.048828125
0 0.29765623807907104 0.6123046875 0.0390625 0.048828125
0 0.3382812440395355 0.6279296875 0.0390625 0.048828125
0 0.3804687559604645 0.6435546875 0.0390625 0.048828125
0 0.42265623807907104 0.6591796875 0.0390625 0.048828125
0 0.46484375 0.6748046875 0.0390625 0.048828125
0 0.507031261920929 0.6923828125 0.0390625 0.048828125
0 0.5492187738418579 0.7080078125 0.0390625 0.048828125
0 0.26640623807907104 0.5458984375 0.0390625 0.048828125
0 0.30859375 0.5615234375 0.0390625 0.048828125
0 0.35078126192092896 0.5771484375 0.0390625 0.048828125
0 0.3929687440395355 0.5927734375 0.0390625 0.048828125
0 0.4351562559604645 0.6083984375 0.0390625 0.048828125
0 0.47734373807907104 0.6240234375 0.0390625 0.048828125
0 0.51953125 0.6396484375 0.0390625 0.048828125
0 0.561718761920929 0.6552734375 0.0390625 0.048828125
0 0.2789062559604645 0.4931640625 0.0390625 0.048828125
0 0.32109373807907104 0.5087890625 0.0390625 0.048828125
0 0.36328125 0.5263671875 0.0390625 0.048828125
0 0.40546876192092896 0.5419921875 0.0390625 0.048828125
0 0.44609373807907104 0.5576171875 0.0390625 0.048828125
0 0.48828125 0.5732421875 0.0390625 0.048828125
0 0.530468761920929 0.5888671875 0.0390625 0.048828125
0 0.5726562738418579 0.6044921875 0.0390625 0.048828125
0 0.2914062440395355 0.4423828125 0.0390625 0.048828125
0 0.3335937559604645 0.4599609375 0.0390625 0.048828125
0 0.37578123807907104 0.4755859375 0.0390625 0.048828125
0 0.4164062440395355 0.4912109375 0.0390625 0.048828125
0 0.4585937559604645 0.5068359375 0.0390625 0.048828125
0 0.500781238079071 0.5224609375 0.0390625 0.048828125
0 0.54296875 0.5380859375 0.0390625 0.048828125
0 0.5835937261581421 0.5537109375 0.0390625 0.048828125
0 0.30390626192092896 0.3935546875 0.0390625 0.048828125
0 0.34453123807907104 0.4091796875 0.0390625 0.048828125
0 0.38671875 0.4248046875 0.0390625 0.048828125
0 0.42890626192092896 0.4404296875 0.0390625 0.048828125
0 0.4710937440395355 0.4560546875 0.0390625 0.048828125
0 0.51171875 0.4716796875 0.0390625 0.048828125
0 0.553906261920929 0.4873046875 0.0390625 0.048828125
0 0.5960937738418579 0.5029296875 0.0390625 0.048828125
0 0.3148437440395355 0.3408203125 0.0390625 0.048828125
0 0.3570312559604645 0.3583984375 0.0390625 0.048828125
0 0.39921873807907104 0.3740234375 0.0390625 0.048828125
0 0.4398437440395355 0.3896484375 0.0390625 0.048828125
0 0.4820312559604645 0.4052734375 0.0390625 0.048828125
0 0.522656261920929 0.4208984375 0.0390625 0.048828125
0 0.5648437738418579 0.4365234375 0.0390625 0.048828125
0 0.6070312261581421 0.4521484375 0.0390625 0.048828125
0 0.32734376192092896 0.2919921875 0.0390625 0.048828125
0 0.36796873807907104 0.3076171875 0.0390625 0.048828125
0 0.41015625 0.3232421875 0.0390625 0.048828125
0 0.45234376192092896 0.3388671875 0.0390625 0.048828125
0 0.49296873807907104 0.3544921875 0.0390625 0.048828125
0 0.53515625 0.3701171875 0.0390625 0.048828125
0 0.577343761920929 0.3857421875 0.0390625 0.048828125
0 0.617968738079071 0.4013671875 0.0390625 0.048828125
0 0.3382812440395355 0.2412109375 0.0390625 0.048828125
0 0.3804687559604645 0.2568359375 0.0390625 0.048828125
0 0.42265623807907104 0.2724609375 0.0390625 0.048828125
0 0.4632812440395355 0.2880859375 0.0390625 0.048828125
0 0.5054687261581421 0.3037109375 0.0390625 0.048828125
0 0.546093761920929 0.3193359375 0.0390625 0.048828125
0 0.5882812738418579 0.3349609375 0.0390625 0.048828125
0 0.6304687261581421 0.3505859375 0.0390625 0.048828125
0 0.35078126192092896 0.1904296875 0.0390625 0.048828125
0 0.39140623807907104 0.2060546875 0.0390625 0.048828125
0 0.43359375 0.2216796875 0.0390625 0.048828125
0 0.47578126192092896 0.2373046875 0.0390625 0.048828125
0 0.516406238079071 0.2548828125 0.0390625 0.048828125
0 0.55859375 0.2705078125 0.0390625 0.048828125
0 0.5992187261581421 0.2861328125 0.0390625 0.048828125
0 0.641406238079071 0.2998046875 0.0390625 0.048828125
