0 0.26484376192092896 0.3662109375 0.0390625 0.048828125
0 0.2757812440395355 0.4189453125 0.0390625 0.048828125
0 0.2867187559604645 0.4716796875 0.0390625 0.048828125
0 0.29765623807907104 0.5244140625 0.0390625 0.048828125
0 0.3070312440395355 0.5771484375 0.0390625 0.048828125
0 0.3179687559604645 0.6298828125 0.0390625 0.048828125
0 0.32890623807907104 0.6826171875 0.0390625 0.048828125
0 0.33984375 0.7353515625 0.0390625 0.048828125
0 0.30390626192092896 0.3486328125 0.0390625 0.048828125
0 0.3148437440395355 0.4013671875 0.0390625 0.048828125
0 0.32421875 0.4541015625 0.0390625 0.048828125
0 0.33515626192092896 0.5087890625 0.0390625 0.048828125
0 0.3460937440395355 0.5595703125 0.0390625 0.048828125
0 0.35546875 0.6123046875 0.0390625 0.048828125
0 0.36640626192092896 0.6650390625 0.0390625 0.048828125
0 0.3773437440395355 0.7158203125 0.0390625 0.048828125
0 0.3414062559604645 0.3330078125 0.0390625 0.048828125
0 0.35234373807907104 0.3857421875 0.0390625 0.048828125
0 0.36328125 0.4384765625 0.0390625 0.048828125
0 0.3726562559604645 0.4912109375 0.0390625 0.048828125
0 0.38359373807907104 0.54296875 0.0296875 0.04296875
0 0.39453125 0.5947265625 0.0390625 0.048828125
0 0.4039062559604645 0.6474609375 0.0390625 0.048828125
0 0.41484373807907104 0.7001953125 0.0390625 0.048828125
0 0.37890625 0.3173828125 0.0390625 0.048828125
0 0.38984376192092896 0.3701171875 0.0390625 0.048828125
0 0.4007812440395355 0.4208984375 0.0390625 0.048828125
0 0.41015625 0.4736328125 0.0390625 0.048828125
0 0.42109376192092896 0.5263671875 0.0390625 0.048828125
0 0.43046873807907104 0.5791015625 0.0390625 0.048828125
0 0.44140625 0.6298828125 0.0390625 0.048828125
0 0.4507812559604645 0.6826171875 0.0390625 0.048828125
0 0.4164062440395355 0.2998046875 0.0390625 0.048828125
0 0.4273437559604645 0.3525390625 0.0390625 0.048828125
0 0.43828123807907104 0.4052734375 0.0390625 0.048828125
0 0.4476562440395355 0.4580078125 0.0390625 0.048828125
0 0.45781248807907104 0.509765625 0.028125 0.04296875
0 0.46796876192092896 0.5615234375 0.0390625 0.048828125
0 0.4789062440395355 0.6123046875 0.0390625 0.048828125
0 0.48828125 0.6650390625 0.0390625 0.048828125
0 0.45390623807907104 0.2841796875 0.0390625 0.048828125
0 0.46484375 0.3369140625 0.0390625 0.048828125
0 0.4742187559604645 0.3896484375 0.0390625 0.048828125
0 0.48515623807907104 0.4404296875 0.0390625 0.048828125
0 0.4945312440395355 0.4931640625 0.0390625 0.048828125
0 0.5054687261581421 0.5439453125 0.0390625 0.048828125
0 0.514843761920929 0.5966796875 0.0390625 0.048828125
0 0.5257812738418579 0.6474609375 0.0390625 0.048828125
0 0.49140626192092896 0.2646484375 0.0390625 0.048828125
0 0.500781238079071 0.3193359375 0.0390625 0.048828125
0 0.51171875 0.3720703125 0.0390625 0.048828125
0 0.522656261920929 0.4248046875 0.0390625 0.048828125
0 0.532031238079071 0.4755859375 0.0390625 0.048828125
0 0.5414062738418579 0.5283203125 0.0390625 0.048828125
0 0.5523437261581421 0.5791015625 0.0390625 0.048828125
0 0.561718761920929 0.6318359375 0.0390625 0.048828125
0 0.5289062261581421 0.2509765625 0.0390625 0.048828125
0 0.538281261920929 0.3037109375 0.0390625 0.048828125
0 0.5492187738418579 0.3564453125 0.0390625 0.048828125
0 0.55859375 0.4091796875 0.0390625 0.048828125
0 0.5679687261581421 0.4599609375 0.0390625 0.048828125
0 0.578906238079071 0.5107421875 0.0390625 0.048828125
0 0.5882812738418579 0.5634765625 0.0390625 0.048828125
0 0.5992187261581421 0.6142578125 0.0390625 0.048828125
0 0.5648437738418579 0.2353515625 0.0390625 0.048828125
0 0.5757812261581421 0.2880859375 0.0390625 0.048828125
0 0.585156261920929 0.3408203125 0.0390625 0.048828125
0 0.594531238079071 0.3916015625 0.0390625 0.048828125
0 0.60546875 0.4423828125 0.0390625 0.048828125
0 0.6148437261581421 0.4951171875 0.0390625 0.048828125
0 0.624218761920929 0.5458984375 0.0390625 0.048828125
0 0.6351562738418579 0.5966796875 0.0390625 0.048828125
0 0.602343738079071 0.2197265625 0.0390625 0.048828125
0 0.6117187738418579 0.2705078125 0.0390625 0.048828125
0 0.62109375 0.3232421875 0.0390625 0.048828125
0 0.632031261920929 0.3759765625 0.0390625 0.048828125
0 0.641406238079071 0.4267578125 0.0390625 0.048828125
0 0.6507812738418579 0.4794921875 0.0390625 0.048828125
0 0.6617187261581421 0.5283203125 0.0390625 0.048828125
0 0.671093761920929 0.5810546875 0.0390625 0.048828125
0 0.6382812261581421 0.2041015625 0.0390625 0.048828125
0 0.647656261920929 0.2548828125 0.0390625 0.048828125
0 0.6585937738418579 0.3076171875 0.0390625 0.048828125
0 0.66796875 0.3583984375 0.0390625 0.048828125
0 0.6773437261581421 0.4111328125 0.0390625 0.048828125
0 0.686718761920929 0.4619140625 0.0390625 0.048828125
0 0.6976562738418579 0.5126953125 0.0390625 0.048828125
0 0.70703125 0.5654296875 0.0390625 0.048828125
