0 0.3218750059604645 0.2734375 0.028125 0.04296875
0 0.3257812559604645 0.328125 0.0296875 0.04296875
0 0.32890623807907104 0.3818359375 0.0296875 0.041015625
0 0.3335937559604645 0.4365234375 0.0296875 0.041015625
0 0.33984375 0.4921875 0.0296875 0.04296875
0 0.34375 0.546875 0.028125 0.04296875
0 0.34765625 0.6005859375 0.0296875 0.044921875
0 0.3515625 0.65625 0.028125 0.04296875
0 0.35859376192092896 0.275390625 0.0296875 0.04296875
0 0.3609375059604645 0.330078125 0.028125 0.04296875
0 0.3671875 0.3837890625 0.028125 0.041015625
0 0.37187498807907104 0.4384765625 0.028125 0.041015625
0 0.3765625059604645 0.4931640625 0.028125 0.041015625
0 0.3804687559604645 0.5478515625 0.0265625 0.041015625
0 0.3843750059604645 0.6015625 0.028125 0.04296875
0 0.3890624940395355 0.658203125 0.028125 0.04296875
0 0.39453125 0.2763671875 0.0265625 0.041015625
0 0.3984375 0.33203125 0.028125 0.04296875
0 0.40312498807907104 0.3857421875 0.028125 0.041015625
0 0.4078125059604645 0.439453125 0.028125 0.04296875
0 0.4124999940395355 0.494140625 0.028125 0.04296875
0 0.41718751192092896 0.548828125 0.028125 0.04296875
0 0.421875 0.603515625 0.028125 0.04296875
0 0.42578125 0.658203125 0.0296875 0.04296875
0 0.43046873807907104 0.279296875 0.0265625 0.04296875
0 0.43437498807907104 0.3330078125 0.028125 0.041015625
0 0.4390625059604645 0.3876953125 0.028125 0.041015625
0 0.4437499940395355 0.4404296875 0.028125 0.041015625
0 0.44843751192092896 0.4951171875 0.028125 0.041015625
0 0.453125 0.5498046875 0.028125 0.041015625
0 0.45781248807907104 0.603515625 0.028125 0.04296875
0 0.46171873807907104 0.658203125 0.0265625 0.04296875
0 0.46562498807907104 0.2802734375 0.025 0.041015625
0 0.4703125059604645 0.333984375 0.028125 0.04296875
0 0.4749999940395355 0.3876953125 0.028125 0.041015625
0 0.4781250059604645 0.4404296875 0.025 0.041015625
0 0.484375 0.49609375 0.028125 0.04296875
0 0.48906248807907104 0.5498046875 0.028125 0.041015625
0 0.49296873807907104 0.6044921875 0.0265625 0.041015625
0 0.49687498807907104 0.658203125 0.028125 0.04296875
0 0.5015624761581421 0.2822265625 0.028125 0.041015625
0 0.5054687261581421 0.3359375 0.0265625 0.0390625
0 0.5101562738418579 0.3896484375 0.0265625 0.041015625
0 0.514843761920929 0.443359375 0.0265625 0.0390625
0 0.51953125 0.4970703125 0.0265625 0.041015625
0 0.5234375 0.55078125 0.028125 0.04296875
0 0.52734375 0.6044921875 0.0265625 0.041015625
0 0.5328124761581421 0.6591796875 0.028125 0.041015625
0 0.5367187261581421 0.2841796875 0.0265625 0.041015625
0 0.5406249761581421 0.3369140625 0.028125 0.041015625
0 0.5453125238418579 0.3916015625 0.028125 0.041015625
0 0.550000011920929 0.4443359375 0.028125 0.041015625
0 0.553906261920929 0.498046875 0.0265625 0.04296875
0 0.55859375 0.5517578125 0.0265625 0.041015625
0 0.5625 0.6064453125 0.028125 0.041015625
0 0.5679687261581421 0.6591796875 0.0265625 0.041015625
0 0.5703125 0.2861328125 0.028125 0.041015625
0 0.5757812261581421 0.3388671875 0.0265625 0.041015625
0 0.5796874761581421 0.3916015625 0.028125 0.041015625
0 0.5835937261581421 0.4462890625 0.0265625 0.041015625
0 0.5882812738418579 0.4990234375 0.0265625 0.041015625
0 0.59375 0.5517578125 0.025 0.041015625
0 0.5992187261581421 0.6064453125 0.0265625 0.041015625
0 0.6031249761581421 0.6611328125 0.025 0.041015625
0 0.60546875 0.287109375 0.0265625 0.0390625
0 0.609375 0.33984375 0.028125 0.0390625
0 0.6148437261581421 0.3935546875 0.0265625 0.041015625
0 0.6195312738418579 0.4462890625 0.0265625 0.041015625
0 0.624218761920929 0.5 0.0265625 0.0390625
0 0.62890625 0.5537109375 0.0265625 0.041015625
0 0.6328125 0.6064453125 0.028125 0.041015625
0 0.6382812261581421 0.66015625 0.0265625 0.04296875
0 0.639843761920929 0.2880859375 0.0265625 0.041015625
0 0.64453125 0.341796875 0.0265625 0.0390625
0 0.6484375 0.39453125 0.028125 0.0390625
0 0.6539062261581421 0.447265625 0.0265625 0.0390625
0 0.6585937738418579 0.5009765625 0.0265625 0.041015625
0 0.663281261920929 0.5537109375 0.0265625 0.041015625
0 0.66796875 0.607421875 0.0265625 0.0390625
0 0.6734374761581421 0.6611328125 0.028125 0.041015625
0 0.6734374761581421 0.287109375 0.025 0.04296875
0 0.6773437261581421 0.3408203125 0.0265625 0.037109375
0 0.682812511920929 0.39453125 0.025 0.04296875
0 0.686718761920929 0.447265625 0.0265625 0.04296875
0 0.6929687261581421 0.5009765625 0.0265625 0.041015625
0 0.6968749761581421 0.5537109375 0.028125 0.041015625
0 0.7015625238418579 0.6064453125 0.028125 0.041015625
0 0.70703125 0.66015625 0.0265625 0.04296875
