0 0.37890625 0.2548828125 0.0234375 0.041015625
0 0.3843750059604645 0.310546875 0.025 0.04296875
0 0.3882812559604645 0.365234375 0.0265625 0.04296875
0 0.39375001192092896 0.419921875 0.025 0.04296875
0 0.39921873807907104 0.4755859375 0.0234375 0.041015625
0 0.4039062559604645 0.53125 0.0265625 0.046875
0 0.40937501192092896 0.5869140625 0.021875 0.041015625
0 0.41484373807907104 0.6416015625 0.0265625 0.044921875
0 0.40937501192092896 0.259765625 0.025 0.04296875
0 0.4140625 0.3134765625 0.021875 0.041015625
0 0.4195312559604645 0.369140625 0.0234375 0.04296875
0 0.42500001192092896 0.4248046875 0.021875 0.041015625
0 0.42890626192092896 0.4794921875 0.0234375 0.044921875
0 0.43437498807907104 0.5341796875 0.021875 0.041015625
0 0.4398437440395355 0.58984375 0.0234375 0.04296875
0 0.44453126192092896 0.64453125 0.0234375 0.0390625
0 0.4398437440395355 0.263671875 0.0203125 0.0390625
0 0.44453126192092896 0.318359375 0.0234375 0.04296875
0 0.44921875 0.3740234375 0.0203125 0.041015625
0 0.45390623807907104 0.427734375 0.0234375 0.04296875
0 0.4593749940395355 0.482421875 0.021875 0.04296875
0 0.46406251192092896 0.537109375 0.021875 0.04296875
0 0.46953123807907104 0.591796875 0.0234375 0.04296875
0 0.4742187559604645 0.6474609375 0.0234375 0.041015625
0 0.46875 0.2685546875 0.025 0.044921875
0 0.47343748807907104 0.3232421875 0.021875 0.041015625
0 0.4789062440395355 0.376953125 0.0234375 0.04296875
0 0.48359376192092896 0.4306640625 0.0203125 0.041015625
0 0.48828125 0.4853515625 0.0234375 0.044921875
0 0.4937500059604645 0.5400390625 0.021875 0.041015625
0 0.4984374940395355 0.5947265625 0.021875 0.044921875
0 0.50390625 0.6494140625 0.0203125 0.041015625
0 0.4976562559604645 0.2734375 0.0203125 0.0390625
0 0.5023437738418579 0.326171875 0.0234375 0.04296875
0 0.5078125 0.380859375 0.021875 0.04296875
0 0.51171875 0.4345703125 0.0234375 0.044921875
0 0.5179687738418579 0.4892578125 0.0203125 0.041015625
0 0.522656261920929 0.54296875 0.0234375 0.04296875
0 0.52734375 0.59765625 0.0203125 0.0390625
0 0.532031238079071 0.65234375 0.0234375 0.04296875
0 0.526562511920929 0.2763671875 0.025 0.044921875
0 0.53125 0.3310546875 0.021875 0.041015625
0 0.5367187261581421 0.384765625 0.0234375 0.04296875
0 0.5414062738418579 0.4384765625 0.0203125 0.041015625
0 0.546093761920929 0.4921875 0.0234375 0.04296875
0 0.55078125 0.5458984375 0.0234375 0.041015625
0 0.5562499761581421 0.599609375 0.021875 0.04296875
0 0.561718761920929 0.6552734375 0.0203125 0.041015625
0 0.5546875 0.28125 0.01875 0.0390625
0 0.5601562261581421 0.3349609375 0.0234375 0.041015625
0 0.5648437738418579 0.3876953125 0.0203125 0.041015625
0 0.569531261920929 0.44140625 0.0234375 0.04296875
0 0.57421875 0.4951171875 0.0234375 0.041015625
0 0.5796874761581421 0.548828125 0.021875 0.04296875
0 0.585156261920929 0.6025390625 0.0203125 0.041015625
0 0.58984375 0.6572265625 0.0234375 0.044921875
0 0.5835937261581421 0.28515625 0.0234375 0.04296875
0 0.5882812738418579 0.337890625 0.0203125 0.0390625
0 0.59375 0.3916015625 0.021875 0.044921875
0 0.59765625 0.4443359375 0.0203125 0.041015625
0 0.6031249761581421 0.498046875 0.021875 0.04296875
0 0.608593761920929 0.5517578125 0.0203125 0.041015625
0 0.61328125 0.60546875 0.0234375 0.04296875
0 0.6187499761581421 0.6591796875 0.021875 0.041015625
0 0.6117187738418579 0.2890625 0.0203125 0.0390625
0 0.6148437261581421 0.341796875 0.0234375 0.04296875
0 0.62109375 0.3955078125 0.0203125 0.041015625
0 0.625781238079071 0.4482421875 0.0234375 0.044921875
0 0.6304687261581421 0.5009765625 0.0203125 0.041015625
0 0.635937511920929 0.5556640625 0.021875 0.041015625
0 0.640625 0.6083984375 0.01875 0.041015625
0 0.6460937261581421 0.6630859375 0.0234375 0.041015625
0 0.6382812261581421 0.29296875 0.0234375 0.04296875
0 0.643750011920929 0.345703125 0.021875 0.0390625
0 0.6484375 0.3994140625 0.021875 0.041015625
0 0.6539062261581421 0.4521484375 0.0203125 0.041015625
0 0.6585937738418579 0.5048828125 0.0203125 0.041015625
0 0.663281261920929 0.5576171875 0.0203125 0.041015625
0 0.66796875 0.6103515625 0.0234375 0.041015625
0 0.6742187738418579 0.6650390625 0.0203125 0.041015625
0 0.667187511920929 0.296875 0.021875 0.0390625
0 0.671093761920929 0.3486328125 0.0234375 0.041015625
0 0.67578125 0.40234375 0.0234375 0.04296875
0 0.6820312738418579 0.455078125 0.0234375 0.04296875
0 0.686718761920929 0.5078125 0.0203125 0.0390625
0 0.69140625 0.560546875 0.0234375 0.04296875
0 0.6968749761581421 0.6142578125 0.021875 0.041015625
0 0.703125 0.66796875 0.025 0.04296875
