0 0.24609375 0.2958984375 0.0390625 0.048828125
0 0.24921874701976776 0.3486328125 0.0390625 0.048828125
0 0.25390625 0.4033203125 0.0390625 0.048828125
0 0.25703126192092896 0.4560546875 0.0390625 0.048828125
0 0.26171875 0.5087890625 0.0390625 0.048828125
0 0.26484376192092896 0.5634765625 0.0390625 0.048828125
0 0.26953125 0.6162109375 0.0390625 0.048828125
0 0.27265626192092896 0.6708984375 0.0390625 0.048828125
0 0.28828126192092896 0.2939453125 0.0390625 0.048828125
0 0.29296875 0.3466796875 0.0390625 0.048828125
0 0.29609376192092896 0.4013671875 0.0390625 0.048828125
0 0.30078125 0.4541015625 0.0390625 0.048828125
0 0.30390626192092896 0.5068359375 0.0390625 0.048828125
0 0.30859375 0.5595703125 0.0390625 0.048828125
0 0.31171876192092896 0.6142578125 0.0390625 0.048828125
0 0.31640625 0.6669921875 0.0390625 0.048828125
0 0.33203125 0.2919921875 0.0390625 0.048828125
0 0.33515626192092896 0.3447265625 0.0390625 0.048828125
0 0.33984375 0.3974609375 0.0390625 0.048828125
0 0.34296876192092896 0.4521484375 0.0390625 0.048828125
0 0.34765625 0.5048828125 0.0390625 0.048828125
0 0.35078126192092896 0.5576171875 0.0390625 0.048828125
0 0.3539062440395355 0.6123046875 0.0390625 0.048828125
0 0.35859376192092896 0.6650390625 0.0390625 0.048828125
0 0.37421876192092896 0.2900390625 0.0390625 0.048828125
0 0.3773437440395355 0.3427734375 0.0390625 0.048828125
0 0.38203126192092896 0.3955078125 0.0390625 0.048828125
0 0.3851562440395355 0.4482421875 0.0390625 0.048828125
0 0.38984376192092896 0.5009765625 0.0390625 0.048828125
0 0.3929687440395355 0.5556640625 0.0390625 0.048828125
0 0.39765626192092896 0.6083984375 0.0390625 0.048828125
0 0.4007812440395355 0.6630859375 0.0390625 0.048828125
0 0.4164062440395355 0.2880859375 0.0390625 0.048828125
0 0.4195312559604645 0.3408203125 0.0390625 0.048828125
0 0.4242187440395355 0.3935546875 0.0390625 0.048828125
0 0.4273437559604645 0.4462890625 0.0390625 0.048828125
0 0.4320312440395355 0.4990234375 0.0390625 0.048828125
0 0.4351562559604645 0.5537109375 0.0390625 0.048828125
0 0.4398437440395355 0.6064453125 0.0390625 0.048828125
0 0.44453126192092896 0.6591796875 0.0390625 0.048828125
0 0.4585937559604645 0.2861328125 0.0390625 0.048828125
0 0.46171873807907104 0.3388671875 0.0390625 0.048828125
0 0.4664062559604645 0.3916015625 0.0390625 0.048828125
0 0.46953123807907104 0.4443359375 0.0390625 0.048828125
0 0.4742187559604645 0.4970703125 0.0390625 0.048828125
0 0.4789062440395355 0.5498046875 0.0390625 0.048828125
0 0.4820312559604645 0.6025390625 0.0390625 0.048828125
0 0.4867187440395355 0.6572265625 0.0390625 0.048828125
0 0.500781238079071 0.2841796875 0.0390625 0.048828125
0 0.50390625 0.3369140625 0.0390625 0.048828125
0 0.508593738079071 0.3896484375 0.0390625 0.048828125
0 0.51171875 0.4423828125 0.0390625 0.048828125
0 0.516406238079071 0.4951171875 0.0390625 0.048828125
0 0.5210937261581421 0.5478515625 0.0390625 0.048828125
0 0.524218738079071 0.6005859375 0.0390625 0.048828125
0 0.5289062261581421 0.6533203125 0.0390625 0.048828125
0 0.5414062738418579 0.2822265625 0.0390625 0.048828125
0 0.546093761920929 0.3349609375 0.0390625 0.048828125
0 0.55078125 0.3876953125 0.0390625 0.048828125
0 0.553906261920929 0.4404296875 0.0390625 0.048828125
0 0.55859375 0.4931640625 0.0390625 0.048828125
0 0.561718761920929 0.5458984375 0.0390625 0.048828125
0 0.56640625 0.5986328125 0.0390625 0.048828125
0 0.571093738079071 0.6513671875 0.0390625 0.048828125
0 0.5835937261581421 0.2802734375 0.0390625 0.048828125
0 0.5882812738418579 0.3330078125 0.0390625 0.048828125
0 0.5914062261581421 0.3857421875 0.0390625 0.048828125
0 0.5960937738418579 0.4365234375 0.0390625 0.048828125
0 0.600781261920929 0.4912109375 0.0390625 0.048828125
0 0.6039062738418579 0.5439453125 0.0390625 0.048828125
0 0.608593761920929 0.5966796875 0.0390625 0.048828125
0 0.61328125 0.6494140625 0.0390625 0.048828125
0 0.625781238079071 0.2783203125 0.0390625 0.048828125
0 0.6304687261581421 0.3310546875 0.0390625 0.048828125
0 0.633593738079071 0.3818359375 0.0390625 0.048828125
0 0.6382812261581421 0.4345703125 0.0390625 0.048828125
0 0.641406238079071 0.4873046875 0.0390625 0.048828125
0 0.6460937261581421 0.5419921875 0.0390625 0.048828125
0 0.6507812738418579 0.5947265625 0.0390625 0.048828125
0 0.655468761920929 0.6474609375 0.0390625 0.048828125
0 0.66796875 0.2763671875 0.0390625 0.048828125
0 0.671093761920929 0.3291015625 0.0390625 0.048828125
0 0.67578125 0.3798828125 0.0390625 0.048828125
0 0.680468738079071 0.4326171875 0.0390625 0.048828125
0 0.68359375 0.4853515625 0.0390625 0.048828125
0 0.688281238079071 0.5380859375 0.0390625 0.048828125
0 0.6929687261581421 0.5927734375 0.0390625 0.048828125
0 0.6976562738418579 0.6455078125 0.0390625 0.048828125
