0 0.32734376192092896 0.3388671875 0.0390625 0.048828125
0 0.33203125 0.3876953125 0.0390625 0.048828125
0 0.33671873807907104 0.4365234375 0.0390625 0.048828125
0 0.34296876192092896 0.4853515625 0.0390625 0.048828125
0 0.34765625 0.5341796875 0.0390625 0.048828125
0 0.3539062440395355 0.5830078125 0.0390625 0.048828125
0 0.35859376192092896 0.6318359375 0.0390625 0.048828125
0 0.36328125 0.6826171875 0.0390625 0.048828125
0 0.36796873807907104 0.3291015625 0.0390625 0.048828125
0 0.37421876192092896 0.3779296875 0.0390625 0.048828125
0 0.37890625 0.4267578125 0.0390625 0.048828125
0 0.3851562440395355 0.4755859375 0.0390625 0.048828125
0 0.38984376192092896 0.5244140625 0.0390625 0.048828125
0 0.39453125 0.5732421875 0.0390625 0.048828125
0 0.4007812440395355 0.6240234375 0.0390625 0.048828125
0 0.40703123807907104 0.6728515625 0.0390625 0.048828125
0 0.41015625 0.3193359375 0.0390625 0.048828125
0 0.41484373807907104 0.3681640625 0.0390625 0.048828125
0 0.42109376192092896 0.4169921875 0.0390625 0.048828125
0 0.42578125 0.4658203125 0.0390625 0.048828125
0 0.4320312440395355 0.5146484375 0.0390625 0.048828125
0 0.43671876192092896 0.5634765625 0.0390625 0.048828125
0 0.4429687559604645 0.6123046875 0.0390625 0.048828125
0 0.44921875 0.6611328125 0.0390625 0.048828125
0 0.4507812559604645 0.3095703125 0.0390625 0.048828125
0 0.45703125 0.3583984375 0.0390625 0.048828125
0 0.46171873807907104 0.4072265625 0.0390625 0.048828125
0 0.46796876192092896 0.4560546875 0.0390625 0.048828125
0 0.47265625 0.5048828125 0.0390625 0.048828125
0 0.4789062440395355 0.5537109375 0.0390625 0.048828125
0 0.48515623807907104 0.6025390625 0.0390625 0.048828125
0 0.4898437559604645 0.6533203125 0.0390625 0.048828125
0 0.49296873807907104 0.2998046875 0.0390625 0.048828125
0 0.49921876192092896 0.3486328125 0.0390625 0.048828125
0 0.50390625 0.3955078125 0.0390625 0.048828125
0 0.5101562738418579 0.4443359375 0.0390625 0.048828125
0 0.514843761920929 0.4951171875 0.0390625 0.048828125
0 0.5210937261581421 0.5439453125 0.0390625 0.048828125
0 0.52734375 0.5927734375 0.0390625 0.048828125
0 0.532031238079071 0.6435546875 0.0390625 0.048828125
0 0.5335937738418579 0.2900390625 0.0390625 0.048828125
0 0.539843738079071 0.3388671875 0.0390625 0.048828125
0 0.546093761920929 0.3857421875 0.0390625 0.048828125
0 0.55078125 0.4345703125 0.0390625 0.048828125
0 0.5570312738418579 0.4833984375 0.0390625 0.048828125
0 0.563281238079071 0.5341796875 0.0390625 0.048828125
0 0.5679687261581421 0.5830078125 0.0390625 0.048828125
0 0.57421875 0.6337890625 0.0390625 0.048828125
0 0.5757812261581421 0.2783203125 0.0390625 0.048828125
0 0.58203125 0.3271484375 0.0390625 0.048828125
0 0.5882812738418579 0.3759765625 0.0390625 0.048828125
0 0.592968761920929 0.4248046875 0.0390625 0.048828125
0 0.5992187261581421 0.4736328125 0.0390625 0.048828125
0 0.60546875 0.5224609375 0.0390625 0.048828125
0 0.6117187738418579 0.5732421875 0.0390625 0.048828125
0 0.616406261920929 0.6240234375 0.0390625 0.048828125
0 0.617968738079071 0.2685546875 0.0390625 0.048828125
0 0.624218761920929 0.3173828125 0.0390625 0.048828125
0 0.62890625 0.3662109375 0.0390625 0.048828125
0 0.6351562738418579 0.4150390625 0.0390625 0.048828125
0 0.641406238079071 0.4638671875 0.0390625 0.048828125
0 0.647656261920929 0.5126953125 0.0390625 0.048828125
0 0.6539062261581421 0.5634765625 0.0390625 0.048828125
0 0.66015625 0.6123046875 0.0390625 0.048828125
0 0.66015625 0.2587890625 0.0390625 0.048828125
0 0.664843738079071 0.3076171875 0.0390625 0.048828125
0 0.671093761920929 0.3564453125 0.0390625 0.048828125
0 0.6773437261581421 0.4052734375 0.0390625 0.048828125
0 0.68359375 0.4541015625 0.0390625 0.048828125
0 0.6898437738418579 0.5029296875 0.0390625 0.048828125
0 0.696093738079071 0.5537109375 0.0390625 0.048828125
0 0.702343761920929 0.6025390625 0.0390625 0.048828125
0 0.702343761920929 0.2490234375 0.0390625 0.048828125
0 0.70703125 0.2978515625 0.0390625 0.048828125
0 0.71484375 0.3466796875 0.0390625 0.048828125
0 0.719531238079071 0.3955078125 0.0390625 0.048828125
0 0.725781261920929 0.4443359375 0.0390625 0.048828125
0 0.7320312261581421 0.4951171875 0.0390625 0.048828125
0 0.73828125 0.5439453125 0.0390625 0.048828125
0 0.74609375 0.5927734375 0.0390625 0.048828125
0 0.7445312738418579 0.2392578125 0.0390625 0.048828125
0 0.750781238079071 0.2880859375 0.0390625 0.048828125
0 0.757031261920929 0.3369140625 0.0390625 0.048828125
0 0.7632812261581421 0.3857421875 0.0390625 0.048828125
0 0.76953125 0.4345703125 0.0390625 0.048828125
0 0.7757812738418579 0.4833984375 0.0390625 0.048828125
0 0.782031238079071 0.5341796875 0.0390625 0.048828125
0 0.788281261920929 0.5849609375 0.0390625 0.048828125
