0 0.15078124403953552 0.5419921875 0.0390625 0.048828125
0 0.15703125298023224 0.4931640625 0.0390625 0.048828125
0 0.16171875596046448 0.4443359375 0.0390625 0.048828125
0 0.16640624403953552 0.3974609375 0.0390625 0.048828125
0 0.17265625298023224 0.3486328125 0.0390625 0.048828125
0 0.17734375596046448 0.3017578125 0.0390625 0.048828125
0 0.18359375 0.2548828125 0.0390625 0.048828125
0 0.18828125298023224 0.2080078125 0.0390625 0.048828125
0 0.19453124701976776 0.5419921875 0.0390625 0.048828125
0 0.19921875 0.4931640625 0.0390625 0.048828125
0 0.20390625298023224 0.4443359375 0.0390625 0.048828125
0 0.21015624701976776 0.3974609375 0.0390625 0.048828125
0 0.21484375 0.3486328125 0.0390625 0.048828125
0 0.21953125298023224 0.3017578125 0.0390625 0.048828125
0 0.22578124701976776 0.2529296875 0.0390625 0.048828125
0 0.23046875 0.2060546875 0.0390625 0.048828125
0 0.23671874403953552 0.5419921875 0.0390625 0.048828125
0 0.24140624701976776 0.4931640625 0.0390625 0.048828125
0 0.24765625596046448 0.4443359375 0.0390625 0.048828125
0 0.2523437440395355 0.3955078125 0.0390625 0.048828125
0 0.25703126192092896 0.3486328125 0.0390625 0.048828125
0 0.2632812559604645 0.3017578125 0.0390625 0.048828125
0 0.26640623807907104 0.2548828125 0.0390625 0.048828125
0 0.27265626192092896 0.2060546875 0.0390625 0.048828125
0 0.28046876192092896 0.5400390625 0.0390625 0.048828125
0 0.28515625 0.4931640625 0.0390625 0.048828125
0 0.28984373807907104 0.4443359375 0.0390625 0.048828125
0 0.2945312559604645 0.3955078125 0.0390625 0.048828125
0 0.30078125 0.3486328125 0.0390625 0.048828125
0 0.30546873807907104 0.3017578125 0.0390625 0.048828125
0 0.3101562559604645 0.2529296875 0.0390625 0.048828125
0 0.3148437440395355 0.2060546875 0.0390625 0.048828125
0 0.3226562440395355 0.5419921875 0.0390625 0.048828125
0 0.32734376192092896 0.4931640625 0.0390625 0.048828125
0 0.3335937559604645 0.4443359375 0.0390625 0.048828125
0 0.3382812440395355 0.3955078125 0.0390625 0.048828125
0 0.34296876192092896 0.3486328125 0.0390625 0.048828125
0 0.34765625 0.2998046875 0.0390625 0.048828125
0 0.35234373807907104 0.2529296875 0.0390625 0.048828125
0 0.3570312559604645 0.2060546875 0.0390625 0.048828125
0 0.36640626192092896 0.5419921875 0.0390625 0.048828125
0 0.37109375 0.4912109375 0.0390625 0.048828125
0 0.37578123807907104 0.4443359375 0.0390625 0.048828125
0 0.3804687559604645 0.3955078125 0.0390625 0.048828125
0 0.3851562440395355 0.3466796875 0.0390625 0.048828125
0 0.38984376192092896 0.2998046875 0.0390625 0.048828125
0 0.39453125 0.2529296875 0.0390625 0.048828125
0 0.39921873807907104 0.2041015625 0.0390625 0.048828125
0 0.4085937440395355 0.5419921875 0.0390625 0.048828125
0 0.41328126192092896 0.4912109375 0.0390625 0.048828125
0 0.4195312559604645 0.4443359375 0.0390625 0.048828125
0 0.42265623807907104 0.3955078125 0.0390625 0.048828125
0 0.4273437559604645 0.3466796875 0.0390625 0.048828125
0 0.4320312440395355 0.2998046875 0.0390625 0.048828125
0 0.43671876192092896 0.2509765625 0.0390625 0.048828125
0 0.44140625 0.2041015625 0.0390625 0.048828125
0 0.45234376192092896 0.5400390625 0.0390625 0.048828125
0 0.45703125 0.4912109375 0.0390625 0.048828125
0 0.46171873807907104 0.4443359375 0.0390625 0.048828125
0 0.4664062559604645 0.3955078125 0.0390625 0.048828125
0 0.4710937440395355 0.3466796875 0.0390625 0.048828125
0 0.4742187559604645 0.2998046875 0.0390625 0.048828125
0 0.48046875 0.2509765625 0.0390625 0.048828125
0 0.48359376192092896 0.2041015625 0.0390625 0.048828125
0 0.49609375 0.5419921875 0.0390625 0.048828125
0 0.500781238079071 0.4912109375 0.0390625 0.048828125
0 0.50390625 0.4423828125 0.0390625 0.048828125
0 0.508593738079071 0.3955078125 0.0390625 0.048828125
0 0.5132812261581421 0.3466796875 0.0390625 0.048828125
0 0.5179687738418579 0.2978515625 0.0390625 0.048828125
0 0.522656261920929 0.2509765625 0.0390625 0.048828125
0 0.52734375 0.2041015625 0.0390625 0.048828125
0 0.538281261920929 0.5400390625 0.0390625 0.048828125
0 0.54296875 0.4912109375 0.0390625 0.048828125
0 0.547656238079071 0.4423828125 0.0390625 0.048828125
0 0.5523437261581421 0.3955078125 0.0390625 0.048828125
0 0.555468738079071 0.3466796875 0.0390625 0.048828125
0 0.5601562261581421 0.2978515625 0.0390625 0.048828125
0 0.5648437738418579 0.2509765625 0.0390625 0.048828125
0 0.569531261920929 0.2021484375 0.0390625 0.048828125
0 0.58203125 0.5419921875 0.0390625 0.048828125
0 0.586718738079071 0.4912109375 0.0390625 0.048828125
0 0.5914062261581421 0.4423828125 0.0390625 0.048828125
0 0.594531238079071 0.3935546875 0.0390625 0.048828125
0 0.5992187261581421 0.3447265625 0.0390625 0.048828125
0 0.6039062738418579 0.2978515625 0.0390625 0.048828125
0 0.608593761920929 0.2490234375 0.0390625 0.048828125
0 0.6117187738418579 0.2021484375 0.0390625 0.048828125
