0 0.3304687440395355 0.3212890625 0.0390625 0.048828125
0 0.37109375 0.3037109375 0.0390625 0.048828125
0 0.41328126192092896 0.2861328125 0.0390625 0.048828125
0 0.45390623807907104 0.2705078125 0.0390625 0.048828125
0 0.49609375 0.2548828125 0.0390625 0.048828125
0 0.538281261920929 0.2353515625 0.0390625 0.048828125
0 0.5804687738418579 0.2197265625 0.0390625 0.048828125
0 0.6226562261581421 0.2021484375 0.0390625 0.048828125
0 0.34296876192092896 0.3720703125 0.0390625 0.048828125
0 0.38359373807907104 0.3564453125 0.0390625 0.048828125
0 0.4242187440395355 0.3369140625 0.0390625 0.048828125
0 0.46796876192092896 0.3212890625 0.0390625 0.048828125
0 0.5101562738418579 0.3037109375 0.0390625 0.048828125
0 0.55078125 0.2861328125 0.0390625 0.048828125
0 0.592968761920929 0.2705078125 0.0390625 0.048828125
0 0.6351562738418579 0.2529296875 0.0390625 0.048828125
0 0.3539062440395355 0.4208984375 0.0390625 0.048828125
0 0.3960937559604645 0.4052734375 0.0390625 0.048828125
0 0.43671876192092896 0.3876953125 0.0390625 0.048828125
0 0.4789062440395355 0.3701171875 0.0390625 0.048828125
0 0.5210937261581421 0.3544921875 0.0390625 0.048828125
0 0.563281238079071 0.3369140625 0.0390625 0.048828125
0 0.60546875 0.3212890625 0.0390625 0.048828125
0 0.647656261920929 0.3037109375 0.0390625 0.048828125
0 0.36640626192092896 0.4716796875 0.0390625 0.048828125
0 0.40703123807907104 0.4541015625 0.0390625 0.048828125
0 0.44921875 0.4384765625 0.0390625 0.048828125
0 0.49140626192092896 0.4208984375 0.0390625 0.048828125
0 0.5335937738418579 0.4033203125 0.0390625 0.048828125
0 0.5757812261581421 0.3857421875 0.0390625 0.048828125
0 0.617968738079071 0.3701171875 0.0390625 0.048828125
0 0.66015625 0.3525390625 0.0390625 0.048828125
0 0.3773437440395355 0.5224609375 0.0390625 0.048828125
0 0.4195312559604645 0.5048828125 0.0390625 0.048828125
0 0.46171873807907104 0.4892578125 0.0390625 0.048828125
0 0.50390625 0.4716796875 0.0390625 0.048828125
0 0.546093761920929 0.4541015625 0.0390625 0.048828125
0 0.5882812738418579 0.4384765625 0.0390625 0.048828125
0 0.6304687261581421 0.4208984375 0.0390625 0.048828125
0 0.672656238079071 0.4033203125 0.0390625 0.048828125
0 0.38984376192092896 0.5712890625 0.0390625 0.048828125
0 0.4320312440395355 0.5556640625 0.0390625 0.048828125
0 0.4742187559604645 0.5380859375 0.0390625 0.048828125
0 0.516406238079071 0.5205078125 0.0390625 0.048828125
0 0.55859375 0.5048828125 0.0390625 0.048828125
0 0.600781261920929 0.4873046875 0.0390625 0.048828125
0 0.6429687738418579 0.4697265625 0.0390625 0.048828125
0 0.6851562261581421 0.4521484375 0.0390625 0.048828125
0 0.4007812440395355 0.6220703125 0.0390625 0.048828125
0 0.4429687559604645 0.6064453125 0.0390625 0.048828125
0 0.48515623807907104 0.5888671875 0.0390625 0.048828125
0 0.5289062261581421 0.5712890625 0.0390625 0.048828125
0 0.571093738079071 0.5556640625 0.0390625 0.048828125
0 0.61328125 0.5380859375 0.0390625 0.048828125
0 0.655468761920929 0.5205078125 0.0390625 0.048828125
0 0.6976562738418579 0.5029296875 0.0390625 0.048828125
0 0.41328126192092896 0.6708984375 0.0390625 0.048828125
0 0.4554687440395355 0.6572265625 0.0390625 0.048828125
0 0.4976562559604645 0.6396484375 0.0390625 0.048828125
0 0.539843738079071 0.6220703125 0.0390625 0.048828125
0 0.5835937261581421 0.6044921875 0.0390625 0.048828125
0 0.625781238079071 0.5888671875 0.0390625 0.048828125
0 0.6695312261581421 0.5712890625 0.0390625 0.048828125
0 0.711718738079071 0.5517578125 0.0390625 0.048828125
0 0.42578125 0.7236328125 0.0390625 0.048828125
0 0.46796876192092896 0.7080078125 0.0390625 0.048828125
0 0.5101562738418579 0.6904296875 0.0390625 0.048828125
0 0.5523437261581421 0.6728515625 0.0390625 0.048828125
0 0.5960937738418579 0.6552734375 0.0390625 0.048828125
0 0.6382812261581421 0.6396484375 0.0390625 0.048828125
0 0.680468738079071 0.6220703125 0.0390625 0.048828125
0 0.7242187261581421 0.6044921875 0.0390625 0.048828125
0 0.43828123807907104 0.7744140625 0.0390625 0.048828125
0 0.48046875 0.7568359375 0.0390625 0.048828125
0 0.522656261920929 0.7392578125 0.0390625 0.048828125
0 0.56640625 0.7236328125 0.0390625 0.048828125
0 0.608593761920929 0.7060546875 0.0390625 0.048828125
0 0.6507812738418579 0.6884765625 0.0390625 0.048828125
0 0.694531261920929 0.6728515625 0.0390625 0.048828125
0 0.7367187738418579 0.6552734375 0.0390625 0.048828125
0 0.4507812559604645 0.8271484375 0.0390625 0.048828125
0 0.49296873807907104 0.8115234375 0.0390625 0.048828125
0 0.53515625 0.7919921875 0.0390625 0.048828125
0 0.578906238079071 0.7763671875 0.0390625 0.048828125
0 0.62109375 0.7587890625 0.0390625 0.048828125
0 0.663281261920929 0.7431640625 0.0390625 0.048828125
0 0.70703125 0.7255859375 0.0390625 0.048828125
0 0.750781238079071 0.7080078125 0.0390625 0.048828125
