0 0.3335937559604645 0.4326171875 0.0390625 0.048828125
0 0.3382812440395355 0.4892578125 0.0390625 0.048828125
0 0.34296876192092896 0.5439453125 0.0390625 0.048828125
0 0.34765625 0.6005859375 0.0390625 0.048828125
0 0.3539062440395355 0.6572265625 0.0390625 0.048828125
0 0.35859376192092896 0.7138671875 0.0390625 0.048828125
0 0.36328125 0.7705078125 0.0390625 0.048828125
0 0.36796873807907104 0.8271484375 0.0390625 0.048828125
0 0.3773437440395355 0.4267578125 0.0390625 0.048828125
0 0.38203126192092896 0.4814453125 0.0390625 0.048828125
0 0.3882812559604645 0.5380859375 0.0390625 0.048828125
0 0.3929687440395355 0.5947265625 0.0390625 0.048828125
0 0.39765626192092896 0.6513671875 0.0390625 0.048828125
0 0.4039062559604645 0.7080078125 0.0390625 0.048828125
0 0.4085937440395355 0.7626953125 0.0390625 0.048828125
0 0.41328126192092896 0.8193359375 0.0390625 0.048828125
0 0.42265623807907104 0.4189453125 0.0390625 0.048828125
0 0.4273437559604645 0.4755859375 0.0390625 0.048828125
0 0.4320312440395355 0.5322265625 0.0390625 0.048828125
0 0.43828123807907104 0.5869140625 0.0390625 0.048828125
0 0.4429687559604645 0.6435546875 0.0390625 0.048828125
0 0.4476562440395355 0.7001953125 0.0390625 0.048828125
0 0.45390623807907104 0.7568359375 0.0390625 0.048828125
0 0.4585937559604645 0.8134765625 0.0390625 0.048828125
0 0.46796876192092896 0.4130859375 0.0390625 0.048828125
0 0.47265625 0.4697265625 0.0390625 0.048828125
0 0.47734373807907104 0.5244140625 0.0390625 0.048828125
0 0.4820312559604645 0.5810546875 0.0390625 0.048828125
0 0.48828125 0.6376953125 0.0390625 0.048828125
0 0.49296873807907104 0.6943359375 0.0390625 0.048828125
0 0.4976562559604645 0.7509765625 0.0390625 0.048828125
0 0.50390625 0.8076171875 0.0390625 0.048828125
0 0.51171875 0.4052734375 0.0390625 0.048828125
0 0.516406238079071 0.4619140625 0.0390625 0.048828125
0 0.522656261920929 0.5185546875 0.0390625 0.048828125
0 0.52734375 0.5751953125 0.0390625 0.048828125
0 0.532031238079071 0.6318359375 0.0390625 0.048828125
0 0.538281261920929 0.6865234375 0.0390625 0.048828125
0 0.54296875 0.7431640625 0.0390625 0.048828125
0 0.547656238079071 0.8017578125 0.0390625 0.048828125
0 0.5570312738418579 0.3994140625 0.0390625 0.048828125
0 0.561718761920929 0.4560546875 0.0390625 0.048828125
0 0.56640625 0.5126953125 0.0390625 0.048828125
0 0.5726562738418579 0.5673828125 0.0390625 0.048828125
0 0.577343761920929 0.6240234375 0.0390625 0.048828125
0 0.58203125 0.6806640625 0.0390625 0.048828125
0 0.5882812738418579 0.7373046875 0.0390625 0.048828125
0 0.592968761920929 0.7939453125 0.0390625 0.048828125
0 0.602343738079071 0.3935546875 0.0390625 0.048828125
0 0.6070312261581421 0.4482421875 0.0390625 0.048828125
0 0.6117187738418579 0.5048828125 0.0390625 0.048828125
0 0.616406261920929 0.5615234375 0.0390625 0.048828125
0 0.6226562261581421 0.6181640625 0.0390625 0.048828125
0 0.6273437738418579 0.6748046875 0.0390625 0.048828125
0 0.633593738079071 0.7314453125 0.0390625 0.048828125
0 0.6382812261581421 0.7880859375 0.0390625 0.048828125
0 0.6460937261581421 0.3857421875 0.0390625 0.048828125
0 0.65234375 0.4423828125 0.0390625 0.048828125
0 0.657031238079071 0.4990234375 0.0390625 0.048828125
0 0.6617187261581421 0.5556640625 0.0390625 0.048828125
0 0.66796875 0.6123046875 0.0390625 0.048828125
0 0.672656238079071 0.6669921875 0.0390625 0.048828125
0 0.678906261920929 0.7236328125 0.0390625 0.048828125
0 0.68359375 0.7822265625 0.0390625 0.048828125
0 0.6929687261581421 0.3798828125 0.0390625 0.048828125
0 0.6976562738418579 0.4365234375 0.0390625 0.048828125
0 0.702343761920929 0.4912109375 0.0390625 0.048828125
0 0.70703125 0.5478515625 0.0390625 0.048828125
0 0.7132812738418579 0.6044921875 0.0390625 0.048828125
0 0.717968761920929 0.6611328125 0.0390625 0.048828125
0 0.7242187261581421 0.7177734375 0.0390625 0.048828125
0 0.7289062738418579 0.7744140625 0.0390625 0.048828125
0 0.7367187738418579 0.3720703125 0.0390625 0.048828125
0 0.742968738079071 0.4287109375 0.0390625 0.048828125
0 0.7476562261581421 0.4853515625 0.0390625 0.048828125
0 0.75390625 0.5419921875 0.0390625 0.048828125
0 0.758593738079071 0.5986328125 0.0390625 0.048828125
0 0.7632812261581421 0.6552734375 0.0390625 0.048828125
0 0.76953125 0.7119140625 0.0390625 0.048828125
0 0.774218738079071 0.7685546875 0.0390625 0.048828125
0 0.7835937738418579 0.3662109375 0.0390625 0.048828125
0 0.788281261920929 0.4208984375 0.0390625 0.048828125
0 0.7945312261581421 0.4794921875 0.0390625 0.048828125
0 0.7992187738418579 0.5341796875 0.0390625 0.048828125
0 0.803906261920929 0.5927734375 0.0390625 0.048828125
0 0.8101562261581421 0.6494140625 0.0390625 0.048828125
0 0.8148437738418579 0.7060546875 0.0390625 0.048828125
0 0.821093738079071 0.7626953125 0.0390625 0.048828125
