0 0.10078124701976776 0.5322265625 0.0390625 0.048828125
0 0.10390625149011612 0.4814453125 0.0390625 0.048828125
0 0.10859374701976776 0.4326171875 0.0390625 0.048828125
0 0.11171875149011612 0.3818359375 0.0390625 0.048828125
0 0.11640624701976776 0.3330078125 0.0390625 0.048828125
0 0.11953125149011612 0.2841796875 0.0390625 0.048828125
0 0.12265624850988388 0.2353515625 0.0390625 0.048828125
0 0.12734374403953552 0.1865234375 0.0390625 0.048828125
0 0.14453125 0.5322265625 0.0390625 0.048828125
0 0.14765624701976776 0.4833984375 0.0390625 0.048828125
0 0.15234375 0.4326171875 0.0390625 0.048828125
0 0.15546874701976776 0.3837890625 0.0390625 0.048828125
0 0.16015625 0.3330078125 0.0390625 0.048828125
0 0.16328124701976776 0.2841796875 0.0390625 0.048828125
0 0.16640624403953552 0.2353515625 0.0390625 0.048828125
0 0.16953125596046448 0.1865234375 0.0390625 0.048828125
0 0.18828125298023224 0.5341796875 0.0390625 0.048828125
0 0.19296875596046448 0.4833984375 0.0390625 0.048828125
0 0.19609375298023224 0.4345703125 0.0390625 0.048828125
0 0.19921875 0.3837890625 0.0390625 0.048828125
0 0.20234374701976776 0.3349609375 0.0390625 0.048828125
0 0.20703125 0.2861328125 0.0390625 0.048828125
0 0.21015624701976776 0.2373046875 0.0390625 0.048828125
0 0.21328124403953552 0.1884765625 0.0390625 0.048828125
0 0.23203125596046448 0.5361328125 0.0390625 0.048828125
0 0.23671874403953552 0.4853515625 0.0390625 0.048828125
0 0.23984375596046448 0.4345703125 0.0390625 0.048828125
0 0.24296875298023224 0.3857421875 0.0390625 0.048828125
0 0.24609375 0.3369140625 0.0390625 0.048828125
0 0.24921874701976776 0.2861328125 0.0390625 0.048828125
0 0.25390625 0.2373046875 0.0390625 0.048828125
0 0.25703126192092896 0.1884765625 0.0390625 0.048828125
0 0.27734375 0.5361328125 0.0390625 0.048828125
0 0.28046876192092896 0.4873046875 0.0390625 0.048828125
0 0.2835937440395355 0.4365234375 0.0390625 0.048828125
0 0.2867187559604645 0.3857421875 0.0390625 0.048828125
0 0.28984373807907104 0.3369140625 0.0390625 0.048828125
0 0.29296875 0.2880859375 0.0390625 0.048828125
0 0.29609376192092896 0.2392578125 0.0390625 0.048828125
0 0.2992187440395355 0.1904296875 0.0390625 0.048828125
0 0.32109373807907104 0.5380859375 0.0390625 0.048828125
0 0.32421875 0.4873046875 0.0390625 0.048828125
0 0.32734376192092896 0.4365234375 0.0390625 0.048828125
0 0.3304687440395355 0.3876953125 0.0390625 0.048828125
0 0.3335937559604645 0.3388671875 0.0390625 0.048828125
0 0.33671873807907104 0.2900390625 0.0390625 0.048828125
0 0.33984375 0.2392578125 0.0390625 0.048828125
0 0.34296876192092896 0.1904296875 0.0390625 0.048828125
0 0.3648437559604645 0.5380859375 0.0390625 0.048828125
0 0.36796873807907104 0.4892578125 0.0390625 0.048828125
0 0.37109375 0.4384765625 0.0390625 0.048828125
0 0.37421876192092896 0.3896484375 0.0390625 0.048828125
0 0.3773437440395355 0.3388671875 0.0390625 0.048828125
0 0.3804687559604645 0.2900390625 0.0390625 0.048828125
0 0.38359373807907104 0.2412109375 0.0390625 0.048828125
0 0.38671875 0.1923828125 0.0390625 0.048828125
0 0.4085937440395355 0.5400390625 0.0390625 0.048828125
0 0.4117187559604645 0.4892578125 0.0390625 0.048828125
0 0.41484373807907104 0.4404296875 0.0390625 0.048828125
0 0.41796875 0.3896484375 0.0390625 0.048828125
0 0.42109376192092896 0.3408203125 0.0390625 0.048828125
0 0.4242187440395355 0.2919921875 0.0390625 0.048828125
0 0.4273437559604645 0.2412109375 0.0390625 0.048828125
0 0.42890626192092896 0.1923828125 0.0390625 0.048828125
0 0.45234376192092896 0.5419921875 0.0390625 0.048828125
0 0.4554687440395355 0.4912109375 0.0390625 0.048828125
0 0.4585937559604645 0.4423828125 0.0390625 0.048828125
0 0.46171873807907104 0.3916015625 0.0390625 0.048828125
0 0.4632812440395355 0.3427734375 0.0390625 0.048828125
0 0.4664062559604645 0.2919921875 0.0390625 0.048828125
0 0.46953123807907104 0.2431640625 0.0390625 0.048828125
0 0.47265625 0.1943359375 0.0390625 0.048828125
0 0.49609375 0.5419921875 0.0390625 0.048828125
0 0.49921876192092896 0.4931640625 0.0390625 0.048828125
0 0.5023437738418579 0.4423828125 0.0390625 0.048828125
0 0.5054687261581421 0.3916015625 0.0390625 0.048828125
0 0.507031261920929 0.3427734375 0.0390625 0.048828125
0 0.5101562738418579 0.2939453125 0.0390625 0.048828125
0 0.5132812261581421 0.2431640625 0.0390625 0.048828125
0 0.516406238079071 0.1943359375 0.0390625 0.048828125
0 0.539843738079071 0.5439453125 0.0390625 0.048828125
0 0.54296875 0.4931640625 0.0390625 0.048828125
0 0.546093761920929 0.4443359375 0.0390625 0.048828125
0 0.5492187738418579 0.3935546875 0.0390625 0.048828125
0 0.55078125 0.3447265625 0.0390625 0.048828125
0 0.553906261920929 0.2939453125 0.0390625 0.048828125
0 0.5570312738418579 0.2451171875 0.0390625 0.048828125
0 0.5601562261581421 0.1962890625 0.0390625 0.048828125
