0 0.2554687559604645 0.2998046875 0.0390625 0.048828125
0 0.25703126192092896 0.3525390625 0.0390625 0.048828125
0 0.25703126192092896 0.4033203125 0.0390625 0.048828125
0 0.25859373807907104 0.4560546875 0.0390625 0.048828125
0 0.25859373807907104 0.5087890625 0.0390625 0.048828125
0 0.2601562440395355 0.5615234375 0.0390625 0.048828125
0 0.2601562440395355 0.6162109375 0.0390625 0.048828125
0 0.2601562440395355 0.6689453125 0.0390625 0.048828125
0 0.2992187440395355 0.2998046875 0.0390625 0.048828125
0 0.2992187440395355 0.3525390625 0.0390625 0.048828125
0 0.30078125 0.4033203125 0.0390625 0.048828125
0 0.3023437559604645 0.4560546875 0.0390625 0.048828125
0 0.3023437559604645 0.5087890625 0.0390625 0.048828125
0 0.3023437559604645 0.5615234375 0.0390625 0.048828125
0 0.30390626192092896 0.6162109375 0.0390625 0.048828125
0 0.30390626192092896 0.6689453125 0.0390625 0.048828125
0 0.3414062559604645 0.2998046875 0.0390625 0.048828125
0 0.34296876192092896 0.3525390625 0.0390625 0.048828125
0 0.34453123807907104 0.4052734375 0.0390625 0.048828125
0 0.34453123807907104 0.4560546875 0.0390625 0.048828125
0 0.3460937440395355 0.5087890625 0.0390625 0.048828125
0 0.3460937440395355 0.5615234375 0.0390625 0.048828125
0 0.34765625 0.6142578125 0.0390625 0.048828125
0 0.34765625 0.6689453125 0.0390625 0.048828125
0 0.3851562440395355 0.2998046875 0.0390625 0.048828125
0 0.3851562440395355 0.3525390625 0.0390625 0.048828125
0 0.38671875 0.4052734375 0.0390625 0.048828125
0 0.3882812559604645 0.4560546875 0.0390625 0.048828125
0 0.3882812559604645 0.5087890625 0.0390625 0.048828125
0 0.38984376192092896 0.5615234375 0.0390625 0.048828125
0 0.38984376192092896 0.6142578125 0.0390625 0.048828125
0 0.39140623807907104 0.6689453125 0.0390625 0.048828125
0 0.4273437559604645 0.2998046875 0.0390625 0.048828125
0 0.42890626192092896 0.3525390625 0.0390625 0.048828125
0 0.43046873807907104 0.4052734375 0.0390625 0.048828125
0 0.43046873807907104 0.4560546875 0.0390625 0.048828125
0 0.4320312440395355 0.5087890625 0.0390625 0.048828125
0 0.4320312440395355 0.5615234375 0.0390625 0.048828125
0 0.43359375 0.6162109375 0.0390625 0.048828125
0 0.4351562559604645 0.6689453125 0.0390625 0.048828125
0 0.46953123807907104 0.2998046875 0.0390625 0.048828125
0 0.4710937440395355 0.3525390625 0.0390625 0.048828125
0 0.47265625 0.4052734375 0.0390625 0.048828125
0 0.4742187559604645 0.4560546875 0.0390625 0.048828125
0 0.4742187559604645 0.5087890625 0.0390625 0.048828125
0 0.47578126192092896 0.5615234375 0.0390625 0.048828125
0 0.47734373807907104 0.6142578125 0.0390625 0.048828125
0 0.47734373807907104 0.6689453125 0.0390625 0.048828125
0 0.5132812261581421 0.2998046875 0.0390625 0.048828125
0 0.5132812261581421 0.3525390625 0.0390625 0.048828125
0 0.514843761920929 0.4052734375 0.0390625 0.048828125
0 0.516406238079071 0.4580078125 0.0390625 0.048828125
0 0.5179687738418579 0.5087890625 0.0390625 0.048828125
0 0.5179687738418579 0.5615234375 0.0390625 0.048828125
0 0.51953125 0.6142578125 0.0390625 0.048828125
0 0.5210937261581421 0.6689453125 0.0390625 0.048828125
0 0.555468738079071 0.2998046875 0.0390625 0.048828125
0 0.5570312738418579 0.3525390625 0.0390625 0.048828125
0 0.5570312738418579 0.4052734375 0.0390625 0.048828125
0 0.55859375 0.4580078125 0.0390625 0.048828125
0 0.5601562261581421 0.5087890625 0.0390625 0.048828125
0 0.561718761920929 0.5615234375 0.0390625 0.048828125
0 0.563281238079071 0.6162109375 0.0390625 0.048828125
0 0.5648437738418579 0.6689453125 0.0390625 0.048828125
0 0.59765625 0.2998046875 0.0390625 0.048828125
0 0.5992187261581421 0.3525390625 0.0390625 0.048828125
0 0.600781261920929 0.4052734375 0.0390625 0.048828125
0 0.602343738079071 0.4580078125 0.0390625 0.048828125
0 0.6039062738418579 0.5107421875 0.0390625 0.048828125
0 0.6039062738418579 0.5634765625 0.0390625 0.048828125
0 0.60546875 0.6162109375 0.0390625 0.048828125
0 0.6070312261581421 0.6689453125 0.0390625 0.048828125
0 0.641406238079071 0.2998046875 0.0390625 0.048828125
0 0.641406238079071 0.3525390625 0.0390625 0.048828125
0 0.6429687738418579 0.4052734375 0.0390625 0.048828125
0 0.64453125 0.4580078125 0.0390625 0.048828125
0 0.6460937261581421 0.5087890625 0.0390625 0.048828125
0 0.647656261920929 0.5634765625 0.0390625 0.048828125
0 0.649218738079071 0.6162109375 0.0390625 0.048828125
0 0.6507812738418579 0.6689453125 0.0390625 0.048828125
0 0.68359375 0.2998046875 0.0390625 0.048828125
0 0.6851562261581421 0.3525390625 0.0390625 0.048828125
0 0.686718761920929 0.4052734375 0.0390625 0.048828125
0 0.686718761920929 0.4580078125 0.0390625 0.048828125
0 0.688281238079071 0.5107421875 0.0390625 0.048828125
0 0.6898437738418579 0.5634765625 0.0390625 0.048828125
0 0.69140625 0.6162109375 0.0390625 0.048828125
0 0.6929687261581421 0.6689453125 0.0390625 0.048828125
