0 0.6820312738418579 0.2998046875 0.0390625 0.048828125
0 0.68359375 0.3505859375 0.0390625 0.048828125
0 0.6851562261581421 0.4013671875 0.0390625 0.048828125
0 0.6851562261581421 0.4521484375 0.0390625 0.048828125
0 0.686718761920929 0.5029296875 0.0390625 0.048828125
0 0.686718761920929 0.5537109375 0.0390625 0.048828125
0 0.688281238079071 0.6044921875 0.0390625 0.048828125
0 0.6898437738418579 0.6552734375 0.0390625 0.048828125
0 0.639843761920929 0.3017578125 0.0390625 0.048828125
0 0.639843761920929 0.3525390625 0.0390625 0.048828125
0 0.641406238079071 0.4013671875 0.0390625 0.048828125
0 0.641406238079071 0.4521484375 0.0390625 0.048828125
0 0.6429687738418579 0.5029296875 0.0390625 0.048828125
0 0.6429687738418579 0.5537109375 0.0390625 0.048828125
0 0.64453125 0.6064453125 0.0390625 0.048828125
0 0.6460937261581421 0.6572265625 0.0390625 0.048828125
0 0.5960937738418579 0.3017578125 0.0390625 0.048828125
0 0.59765625 0.3525390625 0.0390625 0.048828125
0 0.59765625 0.4033203125 0.0390625 0.048828125
0 0.5992187261581421 0.4521484375 0.0390625 0.048828125
0 0.5992187261581421 0.5029296875 0.0390625 0.048828125
0 0.600781261920929 0.5556640625 0.0390625 0.048828125
0 0.600781261920929 0.6064453125 0.0390625 0.048828125
0 0.602343738079071 0.6572265625 0.0390625 0.048828125
0 0.553906261920929 0.3037109375 0.0390625 0.048828125
0 0.553906261920929 0.3525390625 0.0390625 0.048828125
0 0.555468738079071 0.4033203125 0.0390625 0.048828125
0 0.555468738079071 0.4541015625 0.0390625 0.048828125
0 0.5570312738418579 0.5048828125 0.0390625 0.048828125
0 0.5570312738418579 0.5556640625 0.0390625 0.048828125
0 0.55859375 0.6064453125 0.0390625 0.048828125
0 0.55859375 0.6591796875 0.0390625 0.048828125
0 0.51171875 0.3037109375 0.0390625 0.048828125
0 0.51171875 0.3544921875 0.0390625 0.048828125
0 0.51171875 0.4033203125 0.0390625 0.048828125
0 0.5132812261581421 0.4541015625 0.0390625 0.048828125
0 0.5132812261581421 0.5048828125 0.0390625 0.048828125
0 0.5132812261581421 0.5556640625 0.0390625 0.048828125
0 0.514843761920929 0.6064453125 0.0390625 0.048828125
0 0.514843761920929 0.6591796875 0.0390625 0.048828125
0 0.46796876192092896 0.3056640625 0.0390625 0.048828125
0 0.46796876192092896 0.3544921875 0.0390625 0.048828125
0 0.46953123807907104 0.4052734375 0.0390625 0.048828125
0 0.46953123807907104 0.4560546875 0.0390625 0.048828125
0 0.46953123807907104 0.5068359375 0.0390625 0.048828125
0 0.4710937440395355 0.5576171875 0.0390625 0.048828125
0 0.4710937440395355 0.6083984375 0.0390625 0.048828125
0 0.4710937440395355 0.6591796875 0.0390625 0.048828125
0 0.42578125 0.3056640625 0.0390625 0.048828125
0 0.42578125 0.3564453125 0.0390625 0.048828125
0 0.42578125 0.4072265625 0.0390625 0.048828125
0 0.4273437559604645 0.4560546875 0.0390625 0.048828125
0 0.4273437559604645 0.5068359375 0.0390625 0.048828125
0 0.4273437559604645 0.5576171875 0.0390625 0.048828125
0 0.4273437559604645 0.6083984375 0.0390625 0.048828125
0 0.42890626192092896 0.6611328125 0.0390625 0.048828125
0 0.38203126192092896 0.3056640625 0.0390625 0.048828125
0 0.38359373807907104 0.3564453125 0.0390625 0.048828125
0 0.38359373807907104 0.4072265625 0.0390625 0.048828125
0 0.38359373807907104 0.4580078125 0.0390625 0.048828125
0 0.38359373807907104 0.5087890625 0.0390625 0.048828125
0 0.38359373807907104 0.5595703125 0.0390625 0.048828125
0 0.3851562440395355 0.6103515625 0.0390625 0.048828125
0 0.3851562440395355 0.6611328125 0.0390625 0.048828125
0 0.33984375 0.3076171875 0.0390625 0.048828125
0 0.33984375 0.3583984375 0.0390625 0.048828125
0 0.33984375 0.4072265625 0.0390625 0.048828125
0 0.33984375 0.4580078125 0.0390625 0.048828125
0 0.3414062559604645 0.5087890625 0.0390625 0.048828125
0 0.3414062559604645 0.5595703125 0.0390625 0.048828125
0 0.3414062559604645 0.6103515625 0.0390625 0.048828125
0 0.3414062559604645 0.6630859375 0.0390625 0.048828125
0 0.29609376192092896 0.3076171875 0.0390625 0.048828125
0 0.29765623807907104 0.3583984375 0.0390625 0.048828125
0 0.29765623807907104 0.4091796875 0.0390625 0.048828125
0 0.29765623807907104 0.4599609375 0.0390625 0.048828125
0 0.29765623807907104 0.5087890625 0.0390625 0.048828125
0 0.29765623807907104 0.5615234375 0.0390625 0.048828125
0 0.29765623807907104 0.6123046875 0.0390625 0.048828125
0 0.29765623807907104 0.6630859375 0.0390625 0.048828125
0 0.25390625 0.3095703125 0.0390625 0.048828125
0 0.25390625 0.3583984375 0.0390625 0.048828125
0 0.25390625 0.4091796875 0.0390625 0.048828125
0 0.25390625 0.4599609375 0.0390625 0.048828125
0 0.25390625 0.5107421875 0.0390625 0.048828125
0 0.25390625 0.5615234375 0.0390625 0.048828125
0 0.25390625 0.6123046875 0.0390625 0.048828125
0 0.25390625 0.6650390625 0.0390625 0.048828125
