0 0.15234375 0.7978515625 0.0390625 0.048828125
0 0.15546874701976776 0.7294921875 0.0390625 0.048828125
0 0.15703125298023224 0.6611328125 0.0390625 0.048828125
0 0.15859374403953552 0.5927734375 0.0390625 0.048828125
0 0.16015625 0.5244140625 0.0390625 0.048828125
0 0.16171875596046448 0.4560546875 0.0390625 0.048828125
0 0.16171875596046448 0.3896484375 0.0390625 0.048828125
0 0.16328124701976776 0.3212890625 0.0390625 0.048828125
0 0.20703125 0.7978515625 0.0390625 0.048828125
0 0.20859375596046448 0.7314453125 0.0390625 0.048828125
0 0.21015624701976776 0.6630859375 0.0390625 0.048828125
0 0.21328124403953552 0.5947265625 0.0390625 0.048828125
0 0.21484375 0.5263671875 0.0390625 0.048828125
0 0.21484375 0.4580078125 0.0390625 0.048828125
0 0.21640625596046448 0.3916015625 0.0390625 0.048828125
0 0.21796874701976776 0.3232421875 0.0390625 0.048828125
0 0.26171875 0.7998046875 0.0390625 0.048828125
0 0.2632812559604645 0.7314453125 0.0390625 0.048828125
0 0.26484376192092896 0.6650390625 0.0390625 0.048828125
0 0.26640623807907104 0.5966796875 0.0390625 0.048828125
0 0.2679687440395355 0.5283203125 0.0390625 0.048828125
0 0.26953125 0.4599609375 0.0390625 0.048828125
0 0.2710937559604645 0.3935546875 0.0390625 0.048828125
0 0.27265626192092896 0.3251953125 0.0390625 0.048828125
0 0.31640625 0.8017578125 0.0390625 0.048828125
0 0.3179687559604645 0.7333984375 0.0390625 0.048828125
0 0.31953126192092896 0.6650390625 0.0390625 0.048828125
0 0.32109373807907104 0.5986328125 0.0390625 0.048828125
0 0.3226562440395355 0.5302734375 0.0390625 0.048828125
0 0.32421875 0.4619140625 0.0390625 0.048828125
0 0.3257812559604645 0.3955078125 0.0390625 0.048828125
0 0.32734376192092896 0.3271484375 0.0390625 0.048828125
0 0.37109375 0.8037109375 0.0390625 0.048828125
0 0.3726562559604645 0.7353515625 0.0390625 0.048828125
0 0.37421876192092896 0.6669921875 0.0390625 0.048828125
0 0.37421876192092896 0.6005859375 0.0390625 0.048828125
0 0.3773437440395355 0.5322265625 0.0390625 0.048828125
0 0.37890625 0.4638671875 0.0390625 0.048828125
0 0.37890625 0.3974609375 0.0390625 0.048828125
0 0.3804687559604645 0.3291015625 0.0390625 0.048828125
0 0.4242187440395355 0.8056640625 0.0390625 0.048828125
0 0.42578125 0.7373046875 0.0390625 0.048828125
0 0.4273437559604645 0.6689453125 0.0390625 0.048828125
0 0.42890626192092896 0.6025390625 0.0390625 0.048828125
0 0.43046873807907104 0.5341796875 0.0390625 0.048828125
0 0.4320312440395355 0.4658203125 0.0390625 0.048828125
0 0.43359375 0.3994140625 0.0390625 0.048828125
0 0.4351562559604645 0.3310546875 0.0390625 0.048828125
0 0.4789062440395355 0.8076171875 0.0390625 0.048828125
0 0.48046875 0.7392578125 0.0390625 0.048828125
0 0.4820312559604645 0.6708984375 0.0390625 0.048828125
0 0.48359376192092896 0.6044921875 0.0390625 0.048828125
0 0.48515623807907104 0.5361328125 0.0390625 0.048828125
0 0.4867187440395355 0.4677734375 0.0390625 0.048828125
0 0.48828125 0.3994140625 0.0390625 0.048828125
0 0.4898437559604645 0.3330078125 0.0390625 0.048828125
0 0.5335937738418579 0.8095703125 0.0390625 0.048828125
0 0.53515625 0.7412109375 0.0390625 0.048828125
0 0.5367187261581421 0.6728515625 0.0390625 0.048828125
0 0.5367187261581421 0.6064453125 0.0390625 0.048828125
0 0.538281261920929 0.5380859375 0.0390625 0.048828125
0 0.539843738079071 0.4697265625 0.0390625 0.048828125
0 0.5414062738418579 0.4013671875 0.0390625 0.048828125
0 0.54296875 0.3349609375 0.0390625 0.048828125
0 0.586718738079071 0.8115234375 0.0390625 0.048828125
0 0.5882812738418579 0.7431640625 0.0390625 0.048828125
0 0.58984375 0.6748046875 0.0390625 0.048828125
0 0.5914062261581421 0.6083984375 0.0390625 0.048828125
0 0.592968761920929 0.5400390625 0.0390625 0.048828125
0 0.594531238079071 0.4716796875 0.0390625 0.048828125
0 0.5960937738418579 0.4033203125 0.0390625 0.048828125
0 0.59765625 0.3349609375 0.0390625 0.048828125
0 0.641406238079071 0.8134765625 0.0390625 0.048828125
0 0.6429687738418579 0.7451171875 0.0390625 0.048828125
0 0.64453125 0.6767578125 0.0390625 0.048828125
0 0.6460937261581421 0.6103515625 0.0390625 0.048828125
0 0.647656261920929 0.5419921875 0.0390625 0.048828125
0 0.649218738079071 0.4736328125 0.0390625 0.048828125
0 0.6507812738418579 0.4052734375 0.0390625 0.048828125
0 0.65234375 0.3369140625 0.0390625 0.048828125
0 0.696093738079071 0.8154296875 0.0390625 0.048828125
0 0.6976562738418579 0.7470703125 0.0390625 0.048828125
0 0.69921875 0.6806640625 0.0390625 0.048828125
0 0.7007812261581421 0.6123046875 0.0390625 0.048828125
0 0.702343761920929 0.5439453125 0.0390625 0.048828125
0 0.703906238079071 0.4755859375 0.0390625 0.048828125
0 0.7054687738418579 0.4072265625 0.0390625 0.048828125
0 0.70703125 0.3388671875 0.0390625 0.048828125
