0 0.26640623807907104 0.3623046875 0.0390625 0.048828125
0 0.30390626192092896 0.3447265625 0.0390625 0.048828125
0 0.34296876192092896 0.3251953125 0.0390625 0.048828125
0 0.3804687559604645 0.3056640625 0.0390625 0.048828125
0 0.4195312559604645 0.2880859375 0.0390625 0.048828125
0 0.4585937559604645 0.2685546875 0.0390625 0.048828125
0 0.4976562559604645 0.2490234375 0.0390625 0.048828125
0 0.5367187261581421 0.2294921875 0.0390625 0.048828125
0 0.28515625 0.4111328125 0.0390625 0.048828125
0 0.32421875 0.3935546875 0.0390625 0.048828125
0 0.3617187440395355 0.3759765625 0.0390625 0.048828125
0 0.4007812440395355 0.3564453125 0.0390625 0.048828125
0 0.43828123807907104 0.3369140625 0.0390625 0.048828125
0 0.47734373807907104 0.3193359375 0.0390625 0.048828125
0 0.516406238079071 0.2998046875 0.0390625 0.048828125
0 0.555468738079071 0.2802734375 0.0390625 0.048828125
0 0.30546873807907104 0.4619140625 0.0390625 0.048828125
0 0.34296876192092896 0.4423828125 0.0390625 0.048828125
0 0.38203126192092896 0.4248046875 0.0390625 0.048828125
0 0.4195312559604645 0.4052734375 0.0390625 0.048828125
0 0.4585937559604645 0.3876953125 0.0390625 0.048828125
0 0.49609375 0.3681640625 0.0390625 0.048828125
0 0.53515625 0.3486328125 0.0390625 0.048828125
0 0.57421875 0.3310546875 0.0390625 0.048828125
0 0.32421875 0.5107421875 0.0390625 0.048828125
0 0.3617187440395355 0.4912109375 0.0390625 0.048828125
0 0.39921873807907104 0.4736328125 0.0390625 0.048828125
0 0.43828123807907104 0.4560546875 0.0390625 0.048828125
0 0.47734373807907104 0.4365234375 0.0390625 0.048828125
0 0.516406238079071 0.4189453125 0.0390625 0.048828125
0 0.555468738079071 0.3994140625 0.0390625 0.048828125
0 0.594531238079071 0.3798828125 0.0390625 0.048828125
0 0.34296876192092896 0.5595703125 0.0390625 0.048828125
0 0.3804687559604645 0.5400390625 0.0390625 0.048828125
0 0.4195312559604645 0.5224609375 0.0390625 0.048828125
0 0.45703125 0.5048828125 0.0390625 0.048828125
0 0.49609375 0.4853515625 0.0390625 0.048828125
0 0.53515625 0.4677734375 0.0390625 0.048828125
0 0.57421875 0.4482421875 0.0390625 0.048828125
0 0.61328125 0.4306640625 0.0390625 0.048828125
0 0.3617187440395355 0.6064453125 0.0390625 0.048828125
0 0.4007812440395355 0.5888671875 0.0390625 0.048828125
0 0.43828123807907104 0.5712890625 0.0390625 0.048828125
0 0.47734373807907104 0.5537109375 0.0390625 0.048828125
0 0.516406238079071 0.5361328125 0.0390625 0.048828125
0 0.553906261920929 0.5166015625 0.0390625 0.048828125
0 0.592968761920929 0.4990234375 0.0390625 0.048828125
0 0.632031261920929 0.4794921875 0.0390625 0.048828125
0 0.3804687559604645 0.6552734375 0.0390625 0.048828125
0 0.4195312559604645 0.6376953125 0.0390625 0.048828125
0 0.45703125 0.6201171875 0.0390625 0.048828125
0 0.4945312440395355 0.6025390625 0.0390625 0.048828125
0 0.5335937738418579 0.5849609375 0.0390625 0.048828125
0 0.5726562738418579 0.5654296875 0.0390625 0.048828125
0 0.6117187738418579 0.5478515625 0.0390625 0.048828125
0 0.6507812738418579 0.5302734375 0.0390625 0.048828125
0 0.39921873807907104 0.7041015625 0.0390625 0.048828125
0 0.43828123807907104 0.6865234375 0.0390625 0.048828125
0 0.47578126192092896 0.6689453125 0.0390625 0.048828125
0 0.514843761920929 0.6513671875 0.0390625 0.048828125
0 0.553906261920929 0.6337890625 0.0390625 0.048828125
0 0.5914062261581421 0.6142578125 0.0390625 0.048828125
0 0.632031261920929 0.5966796875 0.0390625 0.048828125
0 0.671093761920929 0.5791015625 0.0390625 0.048828125
0 0.4195312559604645 0.7529296875 0.0390625 0.048828125
0 0.45703125 0.7353515625 0.0390625 0.048828125
0 0.49609375 0.7177734375 0.0390625 0.048828125
0 0.5335937738418579 0.7001953125 0.0390625 0.048828125
0 0.5726562738418579 0.6826171875 0.0390625 0.048828125
0 0.6117187738418579 0.6650390625 0.0390625 0.048828125
0 0.6507812738418579 0.6474609375 0.0390625 0.048828125
0 0.6898437738418579 0.6279296875 0.0390625 0.048828125
0 0.43828123807907104 0.8017578125 0.0390625 0.048828125
0 0.47578126192092896 0.7841796875 0.0390625 0.048828125
0 0.514843761920929 0.7666015625 0.0390625 0.048828125
0 0.5523437261581421 0.7490234375 0.0390625 0.048828125
0 0.5914062261581421 0.7314453125 0.0390625 0.048828125
0 0.6304687261581421 0.7138671875 0.0390625 0.048828125
0 0.6695312261581421 0.6962890625 0.0390625 0.048828125
0 0.7085937261581421 0.6787109375 0.0390625 0.048828125
0 0.45703125 0.8505859375 0.0390625 0.048828125
0 0.4945312440395355 0.8330078125 0.0390625 0.048828125
0 0.5335937738418579 0.8154296875 0.0390625 0.048828125
0 0.571093738079071 0.7978515625 0.0390625 0.048828125
0 0.610156238079071 0.7802734375 0.0390625 0.048828125
0 0.649218738079071 0.7626953125 0.0390625 0.048828125
0 0.688281238079071 0.7451171875 0.0390625 0.048828125
0 0.7289062738418579 0.7275390625 0.0390625 0.048828125
