0 0.22421875596046448 0.4970703125 0.0390625 0.048828125
0 0.24140624701976776 0.5458984375 0.0390625 0.048828125
0 0.2601562440395355 0.5927734375 0.0390625 0.048828125
0 0.2789062559604645 0.6396484375 0.0390625 0.048828125
0 0.29765623807907104 0.6865234375 0.0390625 0.048828125
0 0.3148437440395355 0.7353515625 0.0390625 0.048828125
0 0.3335937559604645 0.7822265625 0.0390625 0.048828125
0 0.35234373807907104 0.8330078125 0.0390625 0.048828125
0 0.26484376192092896 0.4755859375 0.0390625 0.048828125
0 0.2835937440395355 0.5224609375 0.0390625 0.048828125
0 0.30078125 0.5693359375 0.0390625 0.048828125
0 0.31953126192092896 0.6162109375 0.0390625 0.048828125
0 0.3382812440395355 0.6650390625 0.0390625 0.048828125
0 0.35546875 0.7119140625 0.0390625 0.048828125
0 0.37421876192092896 0.7607421875 0.0390625 0.048828125
0 0.3929687440395355 0.8095703125 0.0390625 0.048828125
0 0.30390626192092896 0.4521484375 0.0390625 0.048828125
0 0.32421875 0.4990234375 0.0390625 0.048828125
0 0.3414062559604645 0.5458984375 0.0390625 0.048828125
0 0.36015623807907104 0.5927734375 0.0390625 0.048828125
0 0.37890625 0.6416015625 0.0390625 0.048828125
0 0.3960937559604645 0.6884765625 0.0390625 0.048828125
0 0.41484373807907104 0.7373046875 0.0390625 0.048828125
0 0.43359375 0.7861328125 0.0390625 0.048828125
0 0.34453123807907104 0.4306640625 0.0390625 0.048828125
0 0.36328125 0.4755859375 0.0390625 0.048828125
0 0.38203126192092896 0.5244140625 0.0390625 0.048828125
0 0.4007812440395355 0.5712890625 0.0390625 0.048828125
0 0.41796875 0.6181640625 0.0390625 0.048828125
0 0.43671876192092896 0.6650390625 0.0390625 0.048828125
0 0.4554687440395355 0.7138671875 0.0390625 0.048828125
0 0.4742187559604645 0.7626953125 0.0390625 0.048828125
0 0.3851562440395355 0.4072265625 0.0390625 0.048828125
0 0.4039062559604645 0.4541015625 0.0390625 0.048828125
0 0.42265623807907104 0.5009765625 0.0390625 0.048828125
0 0.4398437440395355 0.5478515625 0.0390625 0.048828125
0 0.4585937559604645 0.5947265625 0.0390625 0.048828125
0 0.47734373807907104 0.6416015625 0.0390625 0.048828125
0 0.49609375 0.6904296875 0.0390625 0.048828125
0 0.514843761920929 0.7373046875 0.0390625 0.048828125
0 0.4242187440395355 0.3837890625 0.0390625 0.048828125
0 0.4429687559604645 0.4306640625 0.0390625 0.048828125
0 0.46171873807907104 0.4775390625 0.0390625 0.048828125
0 0.48046875 0.5244140625 0.0390625 0.048828125
0 0.49921876192092896 0.5712890625 0.0390625 0.048828125
0 0.5179687738418579 0.6201171875 0.0390625 0.048828125
0 0.5367187261581421 0.6669921875 0.0390625 0.048828125
0 0.555468738079071 0.7158203125 0.0390625 0.048828125
0 0.46484375 0.3603515625 0.0390625 0.048828125
0 0.48359376192092896 0.4091796875 0.0390625 0.048828125
0 0.5023437738418579 0.4541015625 0.0390625 0.048828125
0 0.5210937261581421 0.5009765625 0.0390625 0.048828125
0 0.538281261920929 0.5498046875 0.0390625 0.048828125
0 0.55859375 0.5966796875 0.0390625 0.048828125
0 0.577343761920929 0.6435546875 0.0390625 0.048828125
0 0.5960937738418579 0.6923828125 0.0390625 0.048828125
0 0.5054687261581421 0.3388671875 0.0390625 0.048828125
0 0.522656261920929 0.3857421875 0.0390625 0.048828125
0 0.54296875 0.4326171875 0.0390625 0.048828125
0 0.5601562261581421 0.4794921875 0.0390625 0.048828125
0 0.5804687738418579 0.5263671875 0.0390625 0.048828125
0 0.5992187261581421 0.5732421875 0.0390625 0.048828125
0 0.617968738079071 0.6201171875 0.0390625 0.048828125
0 0.63671875 0.6689453125 0.0390625 0.048828125
0 0.5445312261581421 0.3173828125 0.0390625 0.048828125
0 0.563281238079071 0.3623046875 0.0390625 0.048828125
0 0.58203125 0.4091796875 0.0390625 0.048828125
0 0.600781261920929 0.4560546875 0.0390625 0.048828125
0 0.6195312738418579 0.5048828125 0.0390625 0.048828125
0 0.639843761920929 0.5498046875 0.0390625 0.048828125
0 0.6585937738418579 0.5986328125 0.0390625 0.048828125
0 0.6773437261581421 0.6455078125 0.0390625 0.048828125
0 0.5835937261581421 0.2939453125 0.0390625 0.048828125
0 0.6039062738418579 0.3408203125 0.0390625 0.048828125
0 0.62109375 0.3857421875 0.0390625 0.048828125
0 0.641406238079071 0.4345703125 0.0390625 0.048828125
0 0.66015625 0.4814453125 0.0390625 0.048828125
0 0.678906261920929 0.5283203125 0.0390625 0.048828125
0 0.6976562738418579 0.5751953125 0.0390625 0.048828125
0 0.717968761920929 0.6240234375 0.0390625 0.048828125
0 0.624218761920929 0.2685546875 0.0390625 0.048828125
0 0.6429687738418579 0.3173828125 0.0390625 0.048828125
0 0.6617187261581421 0.3623046875 0.0390625 0.048828125
0 0.6820312738418579 0.4111328125 0.0390625 0.048828125
0 0.7007812261581421 0.4580078125 0.0390625 0.048828125
0 0.719531238079071 0.5048828125 0.0390625 0.048828125
0 0.73828125 0.5537109375 0.0390625 0.048828125
0 0.758593738079071 0.6005859375 0.0390625 0.048828125
