0 0.8023437261581421 0.3076171875 0.0390625 0.048828125
0 0.803906261920929 0.3583984375 0.0390625 0.048828125
0 0.803906261920929 0.4072265625 0.0390625 0.048828125
0 0.805468738079071 0.4580078125 0.0390625 0.048828125
0 0.805468738079071 0.5087890625 0.0390625 0.048828125
0 0.8070312738418579 0.5595703125 0.0390625 0.048828125
0 0.8070312738418579 0.6123046875 0.0390625 0.048828125
0 0.80859375 0.6630859375 0.0390625 0.048828125
0 0.7601562738418579 0.3076171875 0.0390625 0.048828125
0 0.7601562738418579 0.3583984375 0.0390625 0.048828125
0 0.76171875 0.4091796875 0.0390625 0.048828125
0 0.76171875 0.4599609375 0.0390625 0.048828125
0 0.76171875 0.5107421875 0.0390625 0.048828125
0 0.7632812261581421 0.5615234375 0.0390625 0.048828125
0 0.7632812261581421 0.6123046875 0.0390625 0.048828125
0 0.764843761920929 0.6650390625 0.0390625 0.048828125
0 0.7164062261581421 0.3095703125 0.0390625 0.048828125
0 0.717968761920929 0.3603515625 0.0390625 0.048828125
0 0.717968761920929 0.4111328125 0.0390625 0.048828125
0 0.717968761920929 0.4619140625 0.0390625 0.048828125
0 0.717968761920929 0.5126953125 0.0390625 0.048828125
0 0.719531238079071 0.5634765625 0.0390625 0.048828125
0 0.719531238079071 0.6142578125 0.0390625 0.048828125
0 0.719531238079071 0.6650390625 0.0390625 0.048828125
0 0.6742187738418579 0.3115234375 0.0390625 0.048828125
0 0.6742187738418579 0.3623046875 0.0390625 0.048828125
0 0.6742187738418579 0.4111328125 0.0390625 0.048828125
0 0.6742187738418579 0.4619140625 0.0390625 0.048828125
0 0.67578125 0.5126953125 0.0390625 0.048828125
0 0.67578125 0.5634765625 0.0390625 0.048828125
0 0.67578125 0.6142578125 0.0390625 0.048828125
0 0.6773437261581421 0.6669921875 0.0390625 0.048828125
0 0.632031261920929 0.3134765625 0.0390625 0.048828125
0 0.632031261920929 0.3642578125 0.0390625 0.048828125
0 0.632031261920929 0.4130859375 0.0390625 0.048828125
0 0.632031261920929 0.4638671875 0.0390625 0.048828125
0 0.632031261920929 0.5146484375 0.0390625 0.048828125
0 0.632031261920929 0.5654296875 0.0390625 0.048828125
0 0.633593738079071 0.6162109375 0.0390625 0.048828125
0 0.633593738079071 0.6669921875 0.0390625 0.048828125
0 0.5882812738418579 0.3154296875 0.0390625 0.048828125
0 0.5882812738418579 0.3642578125 0.0390625 0.048828125
0 0.5882812738418579 0.4150390625 0.0390625 0.048828125
0 0.5882812738418579 0.4658203125 0.0390625 0.048828125
0 0.58984375 0.5166015625 0.0390625 0.048828125
0 0.58984375 0.5673828125 0.0390625 0.048828125
0 0.58984375 0.6181640625 0.0390625 0.048828125
0 0.58984375 0.6689453125 0.0390625 0.048828125
0 0.546093761920929 0.3173828125 0.0390625 0.048828125
0 0.546093761920929 0.3662109375 0.0390625 0.048828125
0 0.546093761920929 0.4169921875 0.0390625 0.048828125
0 0.546093761920929 0.4658203125 0.0390625 0.048828125
0 0.546093761920929 0.5166015625 0.0390625 0.048828125
0 0.546093761920929 0.5673828125 0.0390625 0.048828125
0 0.546093761920929 0.6181640625 0.0390625 0.048828125
0 0.547656238079071 0.6708984375 0.0390625 0.048828125
0 0.50390625 0.3173828125 0.0390625 0.048828125
0 0.50390625 0.3681640625 0.0390625 0.048828125
0 0.50390625 0.4169921875 0.0390625 0.048828125
0 0.50390625 0.4677734375 0.0390625 0.048828125
0 0.50390625 0.5185546875 0.0390625 0.048828125
0 0.50390625 0.5693359375 0.0390625 0.048828125
0 0.50390625 0.6201171875 0.0390625 0.048828125
0 0.50390625 0.6708984375 0.0390625 0.048828125
0 0.46015626192092896 0.3193359375 0.0390625 0.048828125
0 0.46015626192092896 0.3701171875 0.0390625 0.048828125
0 0.46171873807907104 0.4189453125 0.0390625 0.048828125
0 0.46015626192092896 0.4697265625 0.0390625 0.048828125
0 0.46015626192092896 0.5205078125 0.0390625 0.048828125
0 0.46015626192092896 0.5712890625 0.0390625 0.048828125
0 0.46015626192092896 0.6220703125 0.0390625 0.048828125
0 0.46171873807907104 0.6728515625 0.0390625 0.048828125
0 0.41796875 0.3212890625 0.0390625 0.048828125
0 0.41796875 0.3720703125 0.0390625 0.048828125
0 0.41796875 0.4208984375 0.0390625 0.048828125
0 0.41796875 0.4716796875 0.0390625 0.048828125
0 0.41796875 0.5205078125 0.0390625 0.048828125
0 0.41796875 0.5712890625 0.0390625 0.048828125
0 0.41796875 0.6240234375 0.0390625 0.048828125
0 0.41796875 0.6748046875 0.0390625 0.048828125
0 0.37578123807907104 0.3232421875 0.0390625 0.048828125
0 0.37578123807907104 0.3720703125 0.0390625 0.048828125
0 0.37578123807907104 0.4228515625 0.0390625 0.048828125
0 0.37578123807907104 0.4736328125 0.0390625 0.048828125
0 0.37578123807907104 0.5224609375 0.0390625 0.048828125
0 0.37578123807907104 0.5732421875 0.0390625 0.048828125
0 0.37578123807907104 0.6240234375 0.0390625 0.048828125
0 0.37578123807907104 0.6748046875 0.0390625 0.048828125
