0 0.28515625 0.7158203125 0.0390625 0.048828125
0 0.28515625 0.6650390625 0.0390625 0.048828125
0 0.2867187559604645 0.6123046875 0.0390625 0.048828125
0 0.2867187559604645 0.5595703125 0.0390625 0.048828125
0 0.2867187559604645 0.5087890625 0.0390625 0.048828125
0 0.28828126192092896 0.4580078125 0.0390625 0.048828125
0 0.28828126192092896 0.4072265625 0.0390625 0.048828125
0 0.28828126192092896 0.3564453125 0.0390625 0.048828125
0 0.32734376192092896 0.7119140625 0.0390625 0.048828125
0 0.32734376192092896 0.6591796875 0.0390625 0.048828125
0 0.32890623807907104 0.6083984375 0.0390625 0.048828125
0 0.32890623807907104 0.5556640625 0.0390625 0.048828125
0 0.32890623807907104 0.5048828125 0.0390625 0.048828125
0 0.32890623807907104 0.4541015625 0.0390625 0.048828125
0 0.3304687440395355 0.4013671875 0.0390625 0.048828125
0 0.3304687440395355 0.3505859375 0.0390625 0.048828125
0 0.3695312440395355 0.7080078125 0.0390625 0.048828125
0 0.3695312440395355 0.6552734375 0.0390625 0.048828125
0 0.3695312440395355 0.6044921875 0.0390625 0.048828125
0 0.37109375 0.5517578125 0.0390625 0.048828125
0 0.37109375 0.4990234375 0.0390625 0.048828125
0 0.37109375 0.4482421875 0.0390625 0.048828125
0 0.37109375 0.3974609375 0.0390625 0.048828125
0 0.3726562559604645 0.3466796875 0.0390625 0.048828125
0 0.4117187559604645 0.7041015625 0.0390625 0.048828125
0 0.4117187559604645 0.6513671875 0.0390625 0.048828125
0 0.4117187559604645 0.5986328125 0.0390625 0.048828125
0 0.41328126192092896 0.5478515625 0.0390625 0.048828125
0 0.41328126192092896 0.4951171875 0.0390625 0.048828125
0 0.41328126192092896 0.4443359375 0.0390625 0.048828125
0 0.41328126192092896 0.3935546875 0.0390625 0.048828125
0 0.41328126192092896 0.3427734375 0.0390625 0.048828125
0 0.45390623807907104 0.7001953125 0.0390625 0.048828125
0 0.45390623807907104 0.6474609375 0.0390625 0.048828125
0 0.45390623807907104 0.5947265625 0.0390625 0.048828125
0 0.45390623807907104 0.5439453125 0.0390625 0.048828125
0 0.45390623807907104 0.4912109375 0.0390625 0.048828125
0 0.4554687440395355 0.4404296875 0.0390625 0.048828125
0 0.4554687440395355 0.3876953125 0.0390625 0.048828125
0 0.4554687440395355 0.3369140625 0.0390625 0.048828125
0 0.49609375 0.6962890625 0.0390625 0.048828125
0 0.49609375 0.6435546875 0.0390625 0.048828125
0 0.49609375 0.5908203125 0.0390625 0.048828125
0 0.49609375 0.5380859375 0.0390625 0.048828125
0 0.49609375 0.4873046875 0.0390625 0.048828125
0 0.4976562559604645 0.4345703125 0.0390625 0.048828125
0 0.49609375 0.3837890625 0.0390625 0.048828125
0 0.4976562559604645 0.3330078125 0.0390625 0.048828125
0 0.538281261920929 0.6923828125 0.0390625 0.048828125
0 0.539843738079071 0.6396484375 0.0390625 0.048828125
0 0.539843738079071 0.5869140625 0.0390625 0.048828125
0 0.539843738079071 0.5341796875 0.0390625 0.048828125
0 0.538281261920929 0.4833984375 0.0390625 0.048828125
0 0.538281261920929 0.4306640625 0.0390625 0.048828125
0 0.538281261920929 0.3798828125 0.0390625 0.048828125
0 0.539843738079071 0.3271484375 0.0390625 0.048828125
0 0.58203125 0.6884765625 0.0390625 0.048828125
0 0.58203125 0.6337890625 0.0390625 0.048828125
0 0.58203125 0.5830078125 0.0390625 0.048828125
0 0.58203125 0.5302734375 0.0390625 0.048828125
0 0.5804687738418579 0.4775390625 0.0390625 0.048828125
0 0.58203125 0.4267578125 0.0390625 0.048828125
0 0.58203125 0.3740234375 0.0390625 0.048828125
0 0.5804687738418579 0.3232421875 0.0390625 0.048828125
0 0.624218761920929 0.6826171875 0.0390625 0.048828125
0 0.624218761920929 0.6298828125 0.0390625 0.048828125
0 0.624218761920929 0.5771484375 0.0390625 0.048828125
0 0.624218761920929 0.5263671875 0.0390625 0.048828125
0 0.624218761920929 0.4736328125 0.0390625 0.048828125
0 0.624218761920929 0.4208984375 0.0390625 0.048828125
0 0.624218761920929 0.3701171875 0.0390625 0.048828125
0 0.624218761920929 0.3173828125 0.0390625 0.048828125
0 0.66796875 0.6787109375 0.0390625 0.048828125
0 0.66796875 0.6259765625 0.0390625 0.048828125
0 0.66796875 0.5732421875 0.0390625 0.048828125
0 0.66796875 0.5205078125 0.0390625 0.048828125
0 0.6664062738418579 0.4697265625 0.0390625 0.048828125
0 0.6664062738418579 0.4169921875 0.0390625 0.048828125
0 0.6664062738418579 0.3662109375 0.0390625 0.048828125
0 0.6664062738418579 0.3134765625 0.0390625 0.048828125
0 0.711718738079071 0.6748046875 0.0390625 0.048828125
0 0.711718738079071 0.6220703125 0.0390625 0.048828125
0 0.710156261920929 0.5693359375 0.0390625 0.048828125
0 0.710156261920929 0.5166015625 0.0390625 0.048828125
0 0.710156261920929 0.4638671875 0.0390625 0.048828125
0 0.710156261920929 0.4130859375 0.0390625 0.048828125
0 0.7085937261581421 0.3603515625 0.0390625 0.048828125
0 0.710156261920929 0.3095703125 0.0390625 0.048828125
