0 0.3257812559604645 0.3330078125 0.0390625 0.048828125
0 0.36328125 0.3076171875 0.0390625 0.048828125
0 0.4007812440395355 0.2822265625 0.0390625 0.048828125
0 0.4398437440395355 0.2587890625 0.0390625 0.048828125
0 0.47578126192092896 0.2333984375 0.0390625 0.048828125
0 0.514843761920929 0.2099609375 0.0390625 0.048828125
0 0.5523437261581421 0.1845703125 0.0390625 0.048828125
0 0.58984375 0.1591796875 0.0390625 0.048828125
0 0.3460937440395355 0.3779296875 0.0390625 0.048828125
0 0.38359373807907104 0.3525390625 0.0390625 0.048828125
0 0.42109376192092896 0.3271484375 0.0390625 0.048828125
0 0.4585937559604645 0.3037109375 0.0390625 0.048828125
0 0.49609375 0.2783203125 0.0390625 0.048828125
0 0.53515625 0.2548828125 0.0390625 0.048828125
0 0.5726562738418579 0.2294921875 0.0390625 0.048828125
0 0.610156238079071 0.2041015625 0.0390625 0.048828125
0 0.36640626192092896 0.4208984375 0.0390625 0.048828125
0 0.4039062559604645 0.3974609375 0.0390625 0.048828125
0 0.44140625 0.3720703125 0.0390625 0.048828125
0 0.4789062440395355 0.3486328125 0.0390625 0.048828125
0 0.5179687738418579 0.3232421875 0.0390625 0.048828125
0 0.555468738079071 0.2978515625 0.0390625 0.048828125
0 0.592968761920929 0.2744140625 0.0390625 0.048828125
0 0.6304687261581421 0.2490234375 0.0390625 0.048828125
0 0.38671875 0.4658203125 0.0390625 0.048828125
0 0.4242187440395355 0.4423828125 0.0390625 0.048828125
0 0.46171873807907104 0.4169921875 0.0390625 0.048828125
0 0.500781238079071 0.3935546875 0.0390625 0.048828125
0 0.538281261920929 0.3681640625 0.0390625 0.048828125
0 0.5757812261581421 0.3427734375 0.0390625 0.048828125
0 0.61328125 0.3173828125 0.0390625 0.048828125
0 0.65234375 0.2939453125 0.0390625 0.048828125
0 0.40703123807907104 0.5107421875 0.0390625 0.048828125
0 0.44453126192092896 0.4873046875 0.0390625 0.048828125
0 0.48359376192092896 0.4619140625 0.0390625 0.048828125
0 0.5210937261581421 0.4365234375 0.0390625 0.048828125
0 0.55859375 0.4130859375 0.0390625 0.048828125
0 0.5960937738418579 0.3876953125 0.0390625 0.048828125
0 0.633593738079071 0.3623046875 0.0390625 0.048828125
0 0.672656238079071 0.3388671875 0.0390625 0.048828125
0 0.4273437559604645 0.5576171875 0.0390625 0.048828125
0 0.4664062559604645 0.5322265625 0.0390625 0.048828125
0 0.50390625 0.5068359375 0.0390625 0.048828125
0 0.5414062738418579 0.4814453125 0.0390625 0.048828125
0 0.578906238079071 0.4580078125 0.0390625 0.048828125
0 0.616406261920929 0.4326171875 0.0390625 0.048828125
0 0.655468761920929 0.4072265625 0.0390625 0.048828125
0 0.6929687261581421 0.3828125 0.0390625 0.046875
0 0.4476562440395355 0.6025390625 0.0390625 0.048828125
0 0.4867187440395355 0.5771484375 0.0390625 0.048828125
0 0.524218738079071 0.5517578125 0.0390625 0.048828125
0 0.561718761920929 0.5263671875 0.0390625 0.048828125
0 0.5992187261581421 0.5029296875 0.0390625 0.048828125
0 0.6382812261581421 0.4775390625 0.0390625 0.048828125
0 0.67578125 0.4521484375 0.0390625 0.048828125
0 0.7132812738418579 0.4287109375 0.0390625 0.048828125
0 0.46953123807907104 0.6474609375 0.0390625 0.048828125
0 0.507031261920929 0.6220703125 0.0390625 0.048828125
0 0.5445312261581421 0.5986328125 0.0390625 0.048828125
0 0.5835937261581421 0.5732421875 0.0390625 0.048828125
0 0.62109375 0.5478515625 0.0390625 0.048828125
0 0.6585937738418579 0.5224609375 0.0390625 0.048828125
0 0.6976562738418579 0.4970703125 0.0390625 0.048828125
0 0.735156238079071 0.4736328125 0.0390625 0.048828125
0 0.4898437559604645 0.6943359375 0.0390625 0.048828125
0 0.52734375 0.6689453125 0.0390625 0.048828125
0 0.5648437738418579 0.6435546875 0.0390625 0.048828125
0 0.6039062738418579 0.6181640625 0.0390625 0.048828125
0 0.641406238079071 0.5927734375 0.0390625 0.048828125
0 0.680468738079071 0.5673828125 0.0390625 0.048828125
0 0.717968761920929 0.5439453125 0.0390625 0.048828125
0 0.757031261920929 0.5185546875 0.0390625 0.048828125
0 0.5101562738418579 0.7392578125 0.0390625 0.048828125
0 0.5492187738418579 0.7138671875 0.0390625 0.048828125
0 0.586718738079071 0.6884765625 0.0390625 0.048828125
0 0.624218761920929 0.6630859375 0.0390625 0.048828125
0 0.663281261920929 0.6376953125 0.0390625 0.048828125
0 0.7007812261581421 0.6142578125 0.0390625 0.048828125
0 0.7398437261581421 0.5888671875 0.0390625 0.048828125
0 0.77734375 0.5634765625 0.0390625 0.048828125
0 0.532031238079071 0.7861328125 0.0390625 0.048828125
0 0.569531261920929 0.7607421875 0.0390625 0.048828125
0 0.608593761920929 0.7353515625 0.0390625 0.048828125
0 0.6460937261581421 0.7099609375 0.0390625 0.048828125
0 0.6851562261581421 0.6845703125 0.0390625 0.048828125
0 0.72265625 0.6591796875 0.0390625 0.048828125
0 0.7601562738418579 0.6337890625 0.0390625 0.048828125
0 0.7992187738418579 0.6083984375 0.0390625 0.048828125
