0 0.4085937440395355 0.7705078125 0.0390625 0.048828125
0 0.4507812559604645 0.7763671875 0.0390625 0.048828125
0 0.4945312440395355 0.7822265625 0.0390625 0.048828125
0 0.5367187261581421 0.7861328125 0.0390625 0.048828125
0 0.578906238079071 0.7919921875 0.0390625 0.048828125
0 0.62109375 0.7978515625 0.0390625 0.048828125
0 0.664843738079071 0.8037109375 0.0390625 0.048828125
0 0.70703125 0.8095703125 0.0390625 0.048828125
0 0.4117187559604645 0.7158203125 0.0390625 0.048828125
0 0.45390623807907104 0.7216796875 0.0390625 0.048828125
0 0.49609375 0.7275390625 0.0390625 0.048828125
0 0.539843738079071 0.7333984375 0.0390625 0.048828125
0 0.58203125 0.7373046875 0.0390625 0.048828125
0 0.624218761920929 0.7431640625 0.0390625 0.048828125
0 0.66796875 0.7490234375 0.0390625 0.048828125
0 0.710156261920929 0.7548828125 0.0390625 0.048828125
0 0.41484373807907104 0.6611328125 0.0390625 0.048828125
0 0.45703125 0.6669921875 0.0390625 0.048828125
0 0.49921876192092896 0.6728515625 0.0390625 0.048828125
0 0.5414062738418579 0.6767578125 0.0390625 0.048828125
0 0.585156261920929 0.6826171875 0.0390625 0.048828125
0 0.6273437738418579 0.6884765625 0.0390625 0.048828125
0 0.6695312261581421 0.6943359375 0.0390625 0.048828125
0 0.711718738079071 0.7001953125 0.0390625 0.048828125
0 0.41796875 0.6064453125 0.0390625 0.048828125
0 0.46015626192092896 0.6123046875 0.0390625 0.048828125
0 0.5023437738418579 0.6181640625 0.0390625 0.048828125
0 0.5445312261581421 0.6240234375 0.0390625 0.048828125
0 0.586718738079071 0.6298828125 0.0390625 0.048828125
0 0.62890625 0.6337890625 0.0390625 0.048828125
0 0.672656238079071 0.6396484375 0.0390625 0.048828125
0 0.71484375 0.6455078125 0.0390625 0.048828125
0 0.4195312559604645 0.5537109375 0.0390625 0.048828125
0 0.46171873807907104 0.5576171875 0.0390625 0.048828125
0 0.5054687261581421 0.5634765625 0.0390625 0.048828125
0 0.547656238079071 0.5693359375 0.0390625 0.048828125
0 0.58984375 0.5751953125 0.0390625 0.048828125
0 0.632031261920929 0.5810546875 0.0390625 0.048828125
0 0.6742187738418579 0.5849609375 0.0390625 0.048828125
0 0.7164062261581421 0.5908203125 0.0390625 0.048828125
0 0.42265623807907104 0.4990234375 0.0390625 0.048828125
0 0.46484375 0.5048828125 0.0390625 0.048828125
0 0.508593738079071 0.5107421875 0.0390625 0.048828125
0 0.55078125 0.5146484375 0.0390625 0.048828125
0 0.592968761920929 0.5205078125 0.0390625 0.048828125
0 0.6351562738418579 0.5263671875 0.0390625 0.048828125
0 0.6773437261581421 0.5322265625 0.0390625 0.048828125
0 0.719531238079071 0.5380859375 0.0390625 0.048828125
0 0.42578125 0.4443359375 0.0390625 0.048828125
0 0.46796876192092896 0.4501953125 0.0390625 0.048828125
0 0.5101562738418579 0.4560546875 0.0390625 0.048828125
0 0.553906261920929 0.4619140625 0.0390625 0.048828125
0 0.5960937738418579 0.4677734375 0.0390625 0.048828125
0 0.6382812261581421 0.4736328125 0.0390625 0.048828125
0 0.680468738079071 0.4775390625 0.0390625 0.048828125
0 0.72265625 0.4833984375 0.0390625 0.048828125
0 0.42890626192092896 0.3916015625 0.0390625 0.048828125
0 0.4710937440395355 0.3974609375 0.0390625 0.048828125
0 0.5132812261581421 0.4013671875 0.0390625 0.048828125
0 0.555468738079071 0.4072265625 0.0390625 0.048828125
0 0.59765625 0.4130859375 0.0390625 0.048828125
0 0.639843761920929 0.4189453125 0.0390625 0.048828125
0 0.68359375 0.4248046875 0.0390625 0.048828125
0 0.725781261920929 0.4306640625 0.0390625 0.048828125
0 0.4320312440395355 0.3369140625 0.0390625 0.048828125
0 0.4742187559604645 0.3427734375 0.0390625 0.048828125
0 0.516406238079071 0.3486328125 0.0390625 0.048828125
0 0.55859375 0.3544921875 0.0390625 0.048828125
0 0.600781261920929 0.3603515625 0.0390625 0.048828125
0 0.6429687738418579 0.3662109375 0.0390625 0.048828125
0 0.6851562261581421 0.3701171875 0.0390625 0.048828125
0 0.727343738079071 0.3759765625 0.0390625 0.048828125
0 0.4351562559604645 0.2822265625 0.0390625 0.048828125
0 0.47734373807907104 0.2900390625 0.0390625 0.048828125
0 0.51953125 0.2958984375 0.0390625 0.048828125
0 0.561718761920929 0.2998046875 0.0390625 0.048828125
0 0.6039062738418579 0.3056640625 0.0390625 0.048828125
0 0.6460937261581421 0.3115234375 0.0390625 0.048828125
0 0.688281238079071 0.3173828125 0.0390625 0.048828125
0 0.73046875 0.3232421875 0.0390625 0.048828125
0 0.43828123807907104 0.2294921875 0.0390625 0.048828125
0 0.48046875 0.2353515625 0.0390625 0.048828125
0 0.522656261920929 0.2412109375 0.0390625 0.048828125
0 0.5648437738418579 0.2470703125 0.0390625 0.048828125
0 0.6070312261581421 0.2529296875 0.0390625 0.048828125
0 0.649218738079071 0.2587890625 0.0390625 0.048828125
0 0.69140625 0.2646484375 0.0390625 0.048828125
0 0.7320312261581421 0.2685546875 0.0390625 0.048828125
