0 0.28984373807907104 0.3017578125 0.0390625 0.048828125
0 0.32421875 0.2724609375 0.0390625 0.048828125
0 0.36015623807907104 0.2431640625 0.0390625 0.048828125
0 0.39453125 0.2138671875 0.0390625 0.048828125
0 0.42890626192092896 0.1845703125 0.0390625 0.048828125
0 0.4632812440395355 0.1552734375 0.0390625 0.048828125
0 0.4976562559604645 0.1259765625 0.0390625 0.048828125
0 0.532031238079071 0.0966796875 0.0390625 0.048828125
0 0.3148437440395355 0.3427734375 0.0390625 0.048828125
0 0.3492187559604645 0.3115234375 0.0390625 0.048828125
0 0.3851562440395355 0.2822265625 0.0390625 0.048828125
0 0.4195312559604645 0.2529296875 0.0390625 0.048828125
0 0.45390623807907104 0.2236328125 0.0390625 0.048828125
0 0.48828125 0.1943359375 0.0390625 0.048828125
0 0.522656261920929 0.1650390625 0.0390625 0.048828125
0 0.5570312738418579 0.1357421875 0.0390625 0.048828125
0 0.33984375 0.3818359375 0.0390625 0.048828125
0 0.37421876192092896 0.3525390625 0.0390625 0.048828125
0 0.41015625 0.3232421875 0.0390625 0.048828125
0 0.44453126192092896 0.2939453125 0.0390625 0.048828125
0 0.4789062440395355 0.2626953125 0.0390625 0.048828125
0 0.5132812261581421 0.2333984375 0.0390625 0.048828125
0 0.547656238079071 0.2041015625 0.0390625 0.048828125
0 0.58203125 0.1748046875 0.0390625 0.048828125
0 0.3648437559604645 0.4228515625 0.0390625 0.048828125
0 0.4007812440395355 0.3916015625 0.0390625 0.048828125
0 0.4351562559604645 0.3623046875 0.0390625 0.048828125
0 0.46953123807907104 0.3330078125 0.0390625 0.048828125
0 0.50390625 0.3037109375 0.0390625 0.048828125
0 0.538281261920929 0.2744140625 0.0390625 0.048828125
0 0.57421875 0.2451171875 0.0390625 0.048828125
0 0.608593761920929 0.2138671875 0.0390625 0.048828125
0 0.38984376192092896 0.4619140625 0.0390625 0.048828125
0 0.42578125 0.4326171875 0.0390625 0.048828125
0 0.46015626192092896 0.4033203125 0.0390625 0.048828125
0 0.4945312440395355 0.3740234375 0.0390625 0.048828125
0 0.5289062261581421 0.3447265625 0.0390625 0.048828125
0 0.5648437738418579 0.3134765625 0.0390625 0.048828125
0 0.5992187261581421 0.2841796875 0.0390625 0.048828125
0 0.633593738079071 0.2548828125 0.0390625 0.048828125
0 0.41484373807907104 0.5029296875 0.0390625 0.048828125
0 0.4507812559604645 0.4736328125 0.0390625 0.048828125
0 0.48515623807907104 0.4423828125 0.0390625 0.048828125
0 0.51953125 0.4130859375 0.0390625 0.048828125
0 0.553906261920929 0.3837890625 0.0390625 0.048828125
0 0.58984375 0.3544921875 0.0390625 0.048828125
0 0.624218761920929 0.3232421875 0.0390625 0.048828125
0 0.6585937738418579 0.2939453125 0.0390625 0.048828125
0 0.4398437440395355 0.5439453125 0.0390625 0.048828125
0 0.47578126192092896 0.5126953125 0.0390625 0.048828125
0 0.5101562738418579 0.4833984375 0.0390625 0.048828125
0 0.546093761920929 0.4541015625 0.0390625 0.048828125
0 0.5804687738418579 0.4228515625 0.0390625 0.048828125
0 0.6148437261581421 0.3935546875 0.0390625 0.048828125
0 0.649218738079071 0.3642578125 0.0390625 0.048828125
0 0.6851562261581421 0.3349609375 0.0390625 0.048828125
0 0.4664062559604645 0.5849609375 0.0390625 0.048828125
0 0.500781238079071 0.5537109375 0.0390625 0.048828125
0 0.5367187261581421 0.5244140625 0.0390625 0.048828125
0 0.571093738079071 0.4951171875 0.0390625 0.048828125
0 0.60546875 0.4638671875 0.0390625 0.048828125
0 0.641406238079071 0.4345703125 0.0390625 0.048828125
0 0.67578125 0.4052734375 0.0390625 0.048828125
0 0.710156261920929 0.3740234375 0.0390625 0.048828125
0 0.49140626192092896 0.6259765625 0.0390625 0.048828125
0 0.52734375 0.5947265625 0.0390625 0.048828125
0 0.561718761920929 0.5654296875 0.0390625 0.048828125
0 0.5960937738418579 0.5361328125 0.0390625 0.048828125
0 0.632031261920929 0.5048828125 0.0390625 0.048828125
0 0.6664062738418579 0.4755859375 0.0390625 0.048828125
0 0.7007812261581421 0.4443359375 0.0390625 0.048828125
0 0.7367187738418579 0.4150390625 0.0390625 0.048828125
0 0.516406238079071 0.6669921875 0.0390625 0.048828125
0 0.5523437261581421 0.6357421875 0.0390625 0.048828125
0 0.586718738079071 0.6064453125 0.0390625 0.048828125
0 0.6226562261581421 0.5751953125 0.0390625 0.048828125
0 0.657031238079071 0.5458984375 0.0390625 0.048828125
0 0.6929687261581421 0.5166015625 0.0390625 0.048828125
0 0.727343738079071 0.4853515625 0.0390625 0.048828125
0 0.76171875 0.4560546875 0.0390625 0.048828125
0 0.54296875 0.7080078125 0.0390625 0.048828125
0 0.577343761920929 0.6787109375 0.0390625 0.048828125
0 0.61328125 0.6474609375 0.0390625 0.048828125
0 0.649218738079071 0.6181640625 0.0390625 0.048828125
0 0.68359375 0.5869140625 0.0390625 0.048828125
0 0.717968761920929 0.5576171875 0.0390625 0.048828125
0 0.75390625 0.5263671875 0.0390625 0.048828125
0 0.788281261920929 0.4970703125 0.0390625 0.048828125
