0 0.31640625 0.2294921875 0.0390625 0.048828125
0 0.3570312559604645 0.2138671875 0.0390625 0.048828125
0 0.39765626192092896 0.1982421875 0.0390625 0.048828125
0 0.43828123807907104 0.1826171875 0.0390625 0.048828125
0 0.4789062440395355 0.1669921875 0.0390625 0.048828125
0 0.5179687738418579 0.1494140625 0.0390625 0.048828125
0 0.55859375 0.1337890625 0.0390625 0.048828125
0 0.5992187261581421 0.1181640625 0.0390625 0.048828125
0 0.3304687440395355 0.2783203125 0.0390625 0.048828125
0 0.37109375 0.2626953125 0.0390625 0.048828125
0 0.4117187559604645 0.2470703125 0.0390625 0.048828125
0 0.45234376192092896 0.2314453125 0.0390625 0.048828125
0 0.49296873807907104 0.2158203125 0.0390625 0.048828125
0 0.5335937738418579 0.1982421875 0.0390625 0.048828125
0 0.5726562738418579 0.1826171875 0.0390625 0.048828125
0 0.61328125 0.1669921875 0.0390625 0.048828125
0 0.34453123807907104 0.3271484375 0.0390625 0.048828125
0 0.3851562440395355 0.3115234375 0.0390625 0.048828125
0 0.42578125 0.2958984375 0.0390625 0.048828125
0 0.4664062559604645 0.2802734375 0.0390625 0.048828125
0 0.507031261920929 0.2646484375 0.0390625 0.048828125
0 0.547656238079071 0.2470703125 0.0390625 0.048828125
0 0.5882812738418579 0.2314453125 0.0390625 0.048828125
0 0.6273437738418579 0.2158203125 0.0390625 0.048828125
0 0.35859376192092896 0.3779296875 0.0390625 0.048828125
0 0.39921873807907104 0.3603515625 0.0390625 0.048828125
0 0.4398437440395355 0.3447265625 0.0390625 0.048828125
0 0.48046875 0.3291015625 0.0390625 0.048828125
0 0.5210937261581421 0.3134765625 0.0390625 0.048828125
0 0.561718761920929 0.2978515625 0.0390625 0.048828125
0 0.602343738079071 0.2802734375 0.0390625 0.048828125
0 0.6429687738418579 0.2646484375 0.0390625 0.048828125
0 0.3726562559604645 0.4267578125 0.0390625 0.048828125
0 0.41328126192092896 0.4111328125 0.0390625 0.048828125
0 0.45390623807907104 0.3955078125 0.0390625 0.048828125
0 0.4945312440395355 0.3779296875 0.0390625 0.048828125
0 0.53515625 0.3623046875 0.0390625 0.048828125
0 0.5757812261581421 0.3466796875 0.0390625 0.048828125
0 0.617968738079071 0.3291015625 0.0390625 0.048828125
0 0.657031238079071 0.3134765625 0.0390625 0.048828125
0 0.38671875 0.4755859375 0.0390625 0.048828125
0 0.4273437559604645 0.4599609375 0.0390625 0.048828125
0 0.46953123807907104 0.4443359375 0.0390625 0.048828125
0 0.5101562738418579 0.4267578125 0.0390625 0.048828125
0 0.55078125 0.4111328125 0.0390625 0.048828125
0 0.5914062261581421 0.3955078125 0.0390625 0.048828125
0 0.6304687261581421 0.3798828125 0.0390625 0.048828125
0 0.672656238079071 0.3623046875 0.0390625 0.048828125
0 0.40234375 0.5263671875 0.0390625 0.048828125
0 0.4429687559604645 0.5087890625 0.0390625 0.048828125
0 0.48359376192092896 0.4931640625 0.0390625 0.048828125
0 0.524218738079071 0.4775390625 0.0390625 0.048828125
0 0.5648437738418579 0.4599609375 0.0390625 0.048828125
0 0.60546875 0.4443359375 0.0390625 0.048828125
0 0.6460937261581421 0.4287109375 0.0390625 0.048828125
0 0.686718761920929 0.4130859375 0.0390625 0.048828125
0 0.4164062440395355 0.5751953125 0.0390625 0.048828125
0 0.45703125 0.5595703125 0.0390625 0.048828125
0 0.4976562559604645 0.5419921875 0.0390625 0.048828125
0 0.538281261920929 0.5263671875 0.0390625 0.048828125
0 0.578906238079071 0.5107421875 0.0390625 0.048828125
0 0.6195312738418579 0.4951171875 0.0390625 0.048828125
0 0.66015625 0.4775390625 0.0390625 0.048828125
0 0.7007812261581421 0.4619140625 0.0390625 0.048828125
0 0.43046873807907104 0.6259765625 0.0390625 0.048828125
0 0.4710937440395355 0.6083984375 0.0390625 0.048828125
0 0.51171875 0.5927734375 0.0390625 0.048828125
0 0.5523437261581421 0.5771484375 0.0390625 0.048828125
0 0.592968761920929 0.5595703125 0.0390625 0.048828125
0 0.6351562738418579 0.5439453125 0.0390625 0.048828125
0 0.67578125 0.5283203125 0.0390625 0.048828125
0 0.7164062261581421 0.5107421875 0.0390625 0.048828125
0 0.44453126192092896 0.6767578125 0.0390625 0.048828125
0 0.4867187440395355 0.6591796875 0.0390625 0.048828125
0 0.52734375 0.6435546875 0.0390625 0.048828125
0 0.5679687261581421 0.6259765625 0.0390625 0.048828125
0 0.608593761920929 0.6103515625 0.0390625 0.048828125
0 0.649218738079071 0.5947265625 0.0390625 0.048828125
0 0.6898437738418579 0.5771484375 0.0390625 0.048828125
0 0.73046875 0.5615234375 0.0390625 0.048828125
0 0.4585937559604645 0.7255859375 0.0390625 0.048828125
0 0.500781238079071 0.7099609375 0.0390625 0.048828125
0 0.5414062738418579 0.6923828125 0.0390625 0.048828125
0 0.58203125 0.6767578125 0.0390625 0.048828125
0 0.624218761920929 0.6611328125 0.0390625 0.048828125
0 0.664843738079071 0.6435546875 0.0390625 0.048828125
0 0.7054687738418579 0.6279296875 0.0390625 0.048828125
0 0.74609375 0.6123046875 0.0390625 0.048828125
