0 0.28203123807907104 0.3759765625 0.0390625 0.048828125
0 0.28828126192092896 0.4208984375 0.0390625 0.048828125
0 0.2945312559604645 0.4658203125 0.0390625 0.048828125
0 0.30078125 0.5107421875 0.0390625 0.048828125
0 0.3070312440395355 0.5556640625 0.0390625 0.048828125
0 0.31328123807907104 0.6025390625 0.0390625 0.048828125
0 0.31953126192092896 0.6474609375 0.0390625 0.048828125
0 0.3257812559604645 0.6943359375 0.0390625 0.048828125
0 0.32109373807907104 0.3603515625 0.0390625 0.048828125
0 0.32734376192092896 0.4052734375 0.0390625 0.048828125
0 0.3335937559604645 0.4501953125 0.0390625 0.048828125
0 0.33984375 0.4951171875 0.0390625 0.048828125
0 0.3460937440395355 0.5400390625 0.0390625 0.048828125
0 0.35234373807907104 0.5849609375 0.0390625 0.048828125
0 0.35859376192092896 0.6318359375 0.0390625 0.048828125
0 0.3648437559604645 0.6787109375 0.0390625 0.048828125
0 0.36015623807907104 0.3427734375 0.0390625 0.048828125
0 0.36640626192092896 0.3876953125 0.0390625 0.048828125
0 0.3726562559604645 0.4326171875 0.0390625 0.048828125
0 0.37890625 0.4775390625 0.0390625 0.048828125
0 0.3851562440395355 0.5244140625 0.0390625 0.048828125
0 0.39140623807907104 0.5693359375 0.0390625 0.048828125
0 0.39921873807907104 0.6162109375 0.0390625 0.048828125
0 0.40546876192092896 0.6611328125 0.0390625 0.048828125
0 0.39921873807907104 0.3271484375 0.0390625 0.048828125
0 0.40546876192092896 0.3720703125 0.0390625 0.048828125
0 0.4117187559604645 0.4169921875 0.0390625 0.048828125
0 0.41796875 0.4619140625 0.0390625 0.048828125
0 0.42578125 0.5068359375 0.0390625 0.048828125
0 0.4320312440395355 0.5537109375 0.0390625 0.048828125
0 0.43828123807907104 0.5986328125 0.0390625 0.048828125
0 0.44609373807907104 0.6455078125 0.0390625 0.048828125
0 0.43828123807907104 0.3095703125 0.0390625 0.048828125
0 0.44453126192092896 0.3564453125 0.0390625 0.048828125
0 0.45234376192092896 0.4013671875 0.0390625 0.048828125
0 0.4585937559604645 0.4462890625 0.0390625 0.048828125
0 0.46484375 0.4912109375 0.0390625 0.048828125
0 0.4710937440395355 0.5361328125 0.0390625 0.048828125
0 0.4789062440395355 0.5830078125 0.0390625 0.048828125
0 0.48515623807907104 0.6298828125 0.0390625 0.048828125
0 0.47734373807907104 0.2939453125 0.0390625 0.048828125
0 0.48515623807907104 0.3388671875 0.0390625 0.048828125
0 0.49140626192092896 0.3837890625 0.0390625 0.048828125
0 0.4976562559604645 0.4287109375 0.0390625 0.048828125
0 0.5054687261581421 0.4755859375 0.0390625 0.048828125
0 0.51171875 0.5205078125 0.0390625 0.048828125
0 0.51953125 0.5673828125 0.0390625 0.048828125
0 0.5257812738418579 0.6123046875 0.0390625 0.048828125
0 0.5179687738418579 0.2783203125 0.0390625 0.048828125
0 0.524218738079071 0.3212890625 0.0390625 0.048828125
0 0.530468761920929 0.3681640625 0.0390625 0.048828125
0 0.538281261920929 0.4130859375 0.0390625 0.048828125
0 0.5445312261581421 0.4580078125 0.0390625 0.048828125
0 0.5523437261581421 0.5029296875 0.0390625 0.048828125
0 0.55859375 0.5498046875 0.0390625 0.048828125
0 0.56640625 0.5966796875 0.0390625 0.048828125
0 0.5570312738418579 0.2607421875 0.0390625 0.048828125
0 0.5648437738418579 0.3056640625 0.0390625 0.048828125
0 0.571093738079071 0.3505859375 0.0390625 0.048828125
0 0.577343761920929 0.3955078125 0.0390625 0.048828125
0 0.585156261920929 0.4404296875 0.0390625 0.048828125
0 0.592968761920929 0.4873046875 0.0390625 0.048828125
0 0.5992187261581421 0.5341796875 0.0390625 0.048828125
0 0.6070312261581421 0.5791015625 0.0390625 0.048828125
0 0.59765625 0.2451171875 0.0390625 0.048828125
0 0.6039062738418579 0.2900390625 0.0390625 0.048828125
0 0.6117187738418579 0.3349609375 0.0390625 0.048828125
0 0.617968738079071 0.3798828125 0.0390625 0.048828125
0 0.625781238079071 0.4248046875 0.0390625 0.048828125
0 0.633593738079071 0.4716796875 0.0390625 0.048828125
0 0.641406238079071 0.5166015625 0.0390625 0.048828125
0 0.647656261920929 0.5634765625 0.0390625 0.048828125
0 0.63671875 0.2275390625 0.0390625 0.048828125
0 0.64453125 0.2724609375 0.0390625 0.048828125
0 0.6507812738418579 0.3173828125 0.0390625 0.048828125
0 0.6585937738418579 0.3623046875 0.0390625 0.048828125
0 0.6664062738418579 0.4091796875 0.0390625 0.048828125
0 0.6742187738418579 0.4541015625 0.0390625 0.048828125
0 0.6820312738418579 0.5009765625 0.0390625 0.048828125
0 0.688281238079071 0.5458984375 0.0390625 0.048828125
0 0.6773437261581421 0.2119140625 0.0390625 0.048828125
0 0.6851562261581421 0.2568359375 0.0390625 0.048828125
0 0.69140625 0.3017578125 0.0390625 0.048828125
0 0.69921875 0.3466796875 0.0390625 0.048828125
0 0.70703125 0.3916015625 0.0390625 0.048828125
0 0.71484375 0.4384765625 0.0390625 0.048828125
0 0.72265625 0.4833984375 0.0390625 0.048828125
0 0.73046875 0.5302734375 0.0390625 0.048828125
