0 0.2710937559604645 0.4638671875 0.0390625 0.048828125
0 0.2867187559604645 0.5068359375 0.0390625 0.048828125
0 0.30390626192092896 0.5498046875 0.0390625 0.048828125
0 0.31953126192092896 0.5927734375 0.0390625 0.048828125
0 0.33671873807907104 0.6376953125 0.0390625 0.048828125
0 0.35234373807907104 0.6806640625 0.0390625 0.048828125
0 0.3695312440395355 0.7255859375 0.0390625 0.048828125
0 0.38671875 0.7705078125 0.0390625 0.048828125
0 0.3070312440395355 0.4365234375 0.0390625 0.048828125
0 0.3226562440395355 0.4794921875 0.0390625 0.048828125
0 0.33984375 0.5224609375 0.0390625 0.048828125
0 0.35546875 0.5654296875 0.0390625 0.048828125
0 0.3726562559604645 0.6103515625 0.0390625 0.048828125
0 0.38984376192092896 0.6533203125 0.0390625 0.048828125
0 0.40546876192092896 0.6962890625 0.0390625 0.048828125
0 0.42265623807907104 0.7431640625 0.0390625 0.048828125
0 0.34296876192092896 0.4091796875 0.0390625 0.048828125
0 0.35859376192092896 0.4521484375 0.0390625 0.048828125
0 0.37578123807907104 0.4951171875 0.0390625 0.048828125
0 0.39140623807907104 0.5380859375 0.0390625 0.048828125
0 0.4085937440395355 0.5830078125 0.0390625 0.048828125
0 0.4242187440395355 0.6259765625 0.0390625 0.048828125
0 0.44140625 0.6689453125 0.0390625 0.048828125
0 0.4585937559604645 0.7138671875 0.0390625 0.048828125
0 0.3773437440395355 0.3818359375 0.0390625 0.048828125
0 0.39453125 0.4248046875 0.0390625 0.048828125
0 0.41015625 0.4677734375 0.0390625 0.048828125
0 0.4273437559604645 0.5107421875 0.0390625 0.048828125
0 0.44453126192092896 0.5537109375 0.0390625 0.048828125
0 0.46171873807907104 0.5986328125 0.0390625 0.048828125
0 0.4789062440395355 0.6416015625 0.0390625 0.048828125
0 0.49609375 0.6865234375 0.0390625 0.048828125
0 0.41328126192092896 0.3544921875 0.0390625 0.048828125
0 0.43046873807907104 0.3974609375 0.0390625 0.048828125
0 0.4476562440395355 0.4404296875 0.0390625 0.048828125
0 0.4632812440395355 0.4833984375 0.0390625 0.048828125
0 0.48046875 0.5263671875 0.0390625 0.048828125
0 0.4976562559604645 0.5712890625 0.0390625 0.048828125
0 0.514843761920929 0.6142578125 0.0390625 0.048828125
0 0.532031238079071 0.6591796875 0.0390625 0.048828125
0 0.44921875 0.3271484375 0.0390625 0.048828125
0 0.4664062559604645 0.3701171875 0.0390625 0.048828125
0 0.48359376192092896 0.4130859375 0.0390625 0.048828125
0 0.49921876192092896 0.4560546875 0.0390625 0.048828125
0 0.516406238079071 0.4990234375 0.0390625 0.048828125
0 0.5335937738418579 0.5419921875 0.0390625 0.048828125
0 0.55078125 0.5869140625 0.0390625 0.048828125
0 0.569531261920929 0.6298828125 0.0390625 0.048828125
0 0.4867187440395355 0.2998046875 0.0390625 0.048828125
0 0.5023437738418579 0.3408203125 0.0390625 0.048828125
0 0.51953125 0.3837890625 0.0390625 0.048828125
0 0.53515625 0.4267578125 0.0390625 0.048828125
0 0.5523437261581421 0.4716796875 0.0390625 0.048828125
0 0.569531261920929 0.5146484375 0.0390625 0.048828125
0 0.586718738079071 0.5576171875 0.0390625 0.048828125
0 0.60546875 0.6025390625 0.0390625 0.048828125
0 0.522656261920929 0.2705078125 0.0390625 0.048828125
0 0.538281261920929 0.3134765625 0.0390625 0.048828125
0 0.555468738079071 0.3564453125 0.0390625 0.048828125
0 0.5726562738418579 0.3994140625 0.0390625 0.048828125
0 0.58984375 0.4423828125 0.0390625 0.048828125
0 0.6070312261581421 0.4873046875 0.0390625 0.048828125
0 0.624218761920929 0.5302734375 0.0390625 0.048828125
0 0.6429687738418579 0.5751953125 0.0390625 0.048828125
0 0.55859375 0.2431640625 0.0390625 0.048828125
0 0.5757812261581421 0.2861328125 0.0390625 0.048828125
0 0.5914062261581421 0.3291015625 0.0390625 0.048828125
0 0.608593761920929 0.3720703125 0.0390625 0.048828125
0 0.625781238079071 0.4150390625 0.0390625 0.048828125
0 0.64453125 0.4580078125 0.0390625 0.048828125
0 0.6617187261581421 0.5029296875 0.0390625 0.048828125
0 0.678906261920929 0.5478515625 0.0390625 0.048828125
0 0.594531238079071 0.2158203125 0.0390625 0.048828125
0 0.6117187738418579 0.2587890625 0.0390625 0.048828125
0 0.62890625 0.3017578125 0.0390625 0.048828125
0 0.6460937261581421 0.3447265625 0.0390625 0.048828125
0 0.663281261920929 0.3876953125 0.0390625 0.048828125
0 0.680468738079071 0.4306640625 0.0390625 0.048828125
0 0.69921875 0.4755859375 0.0390625 0.048828125
0 0.7164062261581421 0.5185546875 0.0390625 0.048828125
0 0.632031261920929 0.1865234375 0.0390625 0.048828125
0 0.649218738079071 0.2294921875 0.0390625 0.048828125
0 0.6664062738418579 0.2724609375 0.0390625 0.048828125
0 0.6820312738418579 0.3173828125 0.0390625 0.048828125
0 0.7007812261581421 0.3603515625 0.0390625 0.048828125
0 0.719531238079071 0.4033203125 0.0390625 0.048828125
0 0.735156238079071 0.4482421875 0.0390625 0.048828125
0 0.75390625 0.4912109375 0.0390625 0.048828125
