0 0.2757812440395355 0.2900390625 0.0390625 0.048828125
0 0.3101562559604645 0.2626953125 0.0390625 0.048828125
0 0.34453123807907104 0.2353515625 0.0390625 0.048828125
0 0.37890625 0.2099609375 0.0390625 0.048828125
0 0.41328126192092896 0.1826171875 0.0390625 0.048828125
0 0.4476562440395355 0.1572265625 0.0390625 0.048828125
0 0.4820312559604645 0.1298828125 0.0390625 0.048828125
0 0.514843761920929 0.1044921875 0.0390625 0.048828125
0 0.30078125 0.3271484375 0.0390625 0.048828125
0 0.33671873807907104 0.3017578125 0.0390625 0.048828125
0 0.37109375 0.2744140625 0.0390625 0.048828125
0 0.40546876192092896 0.2470703125 0.0390625 0.048828125
0 0.43828123807907104 0.2216796875 0.0390625 0.048828125
0 0.4742187559604645 0.1943359375 0.0390625 0.048828125
0 0.507031261920929 0.1669921875 0.0390625 0.048828125
0 0.5414062738418579 0.1416015625 0.0390625 0.048828125
0 0.32734376192092896 0.3662109375 0.0390625 0.048828125
0 0.3617187440395355 0.3408203125 0.0390625 0.048828125
0 0.3960937559604645 0.3134765625 0.0390625 0.048828125
0 0.43046873807907104 0.2861328125 0.0390625 0.048828125
0 0.46484375 0.2587890625 0.0390625 0.048828125
0 0.49921876192092896 0.2333984375 0.0390625 0.048828125
0 0.532031238079071 0.2060546875 0.0390625 0.048828125
0 0.56640625 0.1787109375 0.0390625 0.048828125
0 0.35234373807907104 0.4052734375 0.0390625 0.048828125
0 0.3882812559604645 0.3798828125 0.0390625 0.048828125
0 0.42265623807907104 0.3525390625 0.0390625 0.048828125
0 0.45703125 0.3251953125 0.0390625 0.048828125
0 0.4898437559604645 0.2998046875 0.0390625 0.048828125
0 0.524218738079071 0.2724609375 0.0390625 0.048828125
0 0.55859375 0.2451171875 0.0390625 0.048828125
0 0.592968761920929 0.2177734375 0.0390625 0.048828125
0 0.37890625 0.4443359375 0.0390625 0.048828125
0 0.41328126192092896 0.4169921875 0.0390625 0.048828125
0 0.4476562440395355 0.3916015625 0.0390625 0.048828125
0 0.4820312559604645 0.3642578125 0.0390625 0.048828125
0 0.516406238079071 0.3369140625 0.0390625 0.048828125
0 0.55078125 0.3115234375 0.0390625 0.048828125
0 0.585156261920929 0.2841796875 0.0390625 0.048828125
0 0.617968738079071 0.2568359375 0.0390625 0.048828125
0 0.4039062559604645 0.4833984375 0.0390625 0.048828125
0 0.43828123807907104 0.4580078125 0.0390625 0.048828125
0 0.4742187559604645 0.4306640625 0.0390625 0.048828125
0 0.507031261920929 0.4033203125 0.0390625 0.048828125
0 0.5414062738418579 0.3759765625 0.0390625 0.048828125
0 0.5757812261581421 0.3486328125 0.0390625 0.048828125
0 0.610156238079071 0.3212890625 0.0390625 0.048828125
0 0.64453125 0.2958984375 0.0390625 0.048828125
0 0.43046873807907104 0.5244140625 0.0390625 0.048828125
0 0.46484375 0.4970703125 0.0390625 0.048828125
0 0.49921876192092896 0.4697265625 0.0390625 0.048828125
0 0.5335937738418579 0.4423828125 0.0390625 0.048828125
0 0.5679687261581421 0.4150390625 0.0390625 0.048828125
0 0.602343738079071 0.3876953125 0.0390625 0.048828125
0 0.63671875 0.3603515625 0.0390625 0.048828125
0 0.671093761920929 0.3349609375 0.0390625 0.048828125
0 0.4554687440395355 0.5634765625 0.0390625 0.048828125
0 0.4898437559604645 0.5361328125 0.0390625 0.048828125
0 0.524218738079071 0.5087890625 0.0390625 0.048828125
0 0.5601562261581421 0.4814453125 0.0390625 0.048828125
0 0.594531238079071 0.4541015625 0.0390625 0.048828125
0 0.62890625 0.4267578125 0.0390625 0.048828125
0 0.6617187261581421 0.3994140625 0.0390625 0.048828125
0 0.696093738079071 0.3720703125 0.0390625 0.048828125
0 0.4820312559604645 0.6044921875 0.0390625 0.048828125
0 0.516406238079071 0.5751953125 0.0390625 0.048828125
0 0.55078125 0.5478515625 0.0390625 0.048828125
0 0.585156261920929 0.5205078125 0.0390625 0.048828125
0 0.6195312738418579 0.4931640625 0.0390625 0.048828125
0 0.6539062261581421 0.4658203125 0.0390625 0.048828125
0 0.688281238079071 0.4384765625 0.0390625 0.048828125
0 0.72265625 0.4111328125 0.0390625 0.048828125
0 0.507031261920929 0.6435546875 0.0390625 0.048828125
0 0.54296875 0.6162109375 0.0390625 0.048828125
0 0.577343761920929 0.5888671875 0.0390625 0.048828125
0 0.6117187738418579 0.5615234375 0.0390625 0.048828125
0 0.6460937261581421 0.5341796875 0.0390625 0.048828125
0 0.680468738079071 0.5068359375 0.0390625 0.048828125
0 0.71484375 0.4775390625 0.0390625 0.048828125
0 0.749218761920929 0.4521484375 0.0390625 0.048828125
0 0.5335937738418579 0.6845703125 0.0390625 0.048828125
0 0.569531261920929 0.6552734375 0.0390625 0.048828125
0 0.602343738079071 0.6279296875 0.0390625 0.048828125
0 0.6382812261581421 0.6005859375 0.0390625 0.048828125
0 0.672656238079071 0.5732421875 0.0390625 0.048828125
0 0.70703125 0.5458984375 0.0390625 0.048828125
0 0.741406261920929 0.5185546875 0.0390625 0.048828125
0 0.7757812738418579 0.4912109375 0.0390625 0.048828125
