0 0.31328123807907104 0.2822265625 0.0390625 0.048828125
0 0.3179687559604645 0.3369140625 0.0390625 0.048828125
0 0.32109373807907104 0.3896484375 0.0390625 0.048828125
0 0.3257812559604645 0.4443359375 0.0390625 0.048828125
0 0.3304687440395355 0.4970703125 0.0390625 0.048828125
0 0.33515626192092896 0.5517578125 0.0390625 0.048828125
0 0.3382812440395355 0.6064453125 0.0390625 0.048828125
0 0.34296876192092896 0.6591796875 0.0390625 0.048828125
0 0.35546875 0.2822265625 0.0390625 0.048828125
0 0.36015623807907104 0.3349609375 0.0390625 0.048828125
0 0.36328125 0.3896484375 0.0390625 0.048828125
0 0.36796873807907104 0.4423828125 0.0390625 0.048828125
0 0.3726562559604645 0.4951171875 0.0390625 0.048828125
0 0.3773437440395355 0.5498046875 0.0390625 0.048828125
0 0.3804687559604645 0.6044921875 0.0390625 0.048828125
0 0.3851562440395355 0.6572265625 0.0390625 0.048828125
0 0.39765626192092896 0.2822265625 0.0390625 0.048828125
0 0.40234375 0.3349609375 0.0390625 0.048828125
0 0.40546876192092896 0.3876953125 0.0390625 0.048828125
0 0.41015625 0.4423828125 0.0390625 0.048828125
0 0.41484373807907104 0.4951171875 0.0390625 0.048828125
0 0.4195312559604645 0.5478515625 0.0390625 0.048828125
0 0.42265623807907104 0.6025390625 0.0390625 0.048828125
0 0.4273437559604645 0.6572265625 0.0390625 0.048828125
0 0.4398437440395355 0.2802734375 0.0390625 0.048828125
0 0.4429687559604645 0.3330078125 0.0390625 0.048828125
0 0.4476562440395355 0.3876953125 0.0390625 0.048828125
0 0.45234376192092896 0.4404296875 0.0390625 0.048828125
0 0.45703125 0.4931640625 0.0390625 0.048828125
0 0.46015626192092896 0.5478515625 0.0390625 0.048828125
0 0.46484375 0.6005859375 0.0390625 0.048828125
0 0.46953123807907104 0.6552734375 0.0390625 0.048828125
0 0.48046875 0.2802734375 0.0390625 0.048828125
0 0.48515623807907104 0.3330078125 0.0390625 0.048828125
0 0.4898437559604645 0.3857421875 0.0390625 0.048828125
0 0.49296873807907104 0.4384765625 0.0390625 0.048828125
0 0.4976562559604645 0.4931640625 0.0390625 0.048828125
0 0.5023437738418579 0.5458984375 0.0390625 0.048828125
0 0.507031261920929 0.6005859375 0.0390625 0.048828125
0 0.51171875 0.6533203125 0.0390625 0.048828125
0 0.5210937261581421 0.2802734375 0.0390625 0.048828125
0 0.5257812738418579 0.3330078125 0.0390625 0.048828125
0 0.530468761920929 0.3857421875 0.0390625 0.048828125
0 0.53515625 0.4384765625 0.0390625 0.048828125
0 0.539843738079071 0.4912109375 0.0390625 0.048828125
0 0.5445312261581421 0.5458984375 0.0390625 0.048828125
0 0.5492187738418579 0.5986328125 0.0390625 0.048828125
0 0.553906261920929 0.6513671875 0.0390625 0.048828125
0 0.563281238079071 0.2783203125 0.0390625 0.048828125
0 0.5679687261581421 0.3310546875 0.0390625 0.048828125
0 0.571093738079071 0.3837890625 0.0390625 0.048828125
0 0.5757812261581421 0.4365234375 0.0390625 0.048828125
0 0.5804687738418579 0.4912109375 0.0390625 0.048828125
0 0.585156261920929 0.5439453125 0.0390625 0.048828125
0 0.58984375 0.5966796875 0.0390625 0.048828125
0 0.594531238079071 0.6513671875 0.0390625 0.048828125
0 0.6039062738418579 0.2783203125 0.0390625 0.048828125
0 0.608593761920929 0.3291015625 0.0390625 0.048828125
0 0.61328125 0.3837890625 0.0390625 0.048828125
0 0.617968738079071 0.4365234375 0.0390625 0.048828125
0 0.62109375 0.4892578125 0.0390625 0.048828125
0 0.625781238079071 0.5419921875 0.0390625 0.048828125
0 0.6304687261581421 0.5966796875 0.0390625 0.048828125
0 0.6351562738418579 0.6494140625 0.0390625 0.048828125
0 0.64453125 0.2763671875 0.0390625 0.048828125
0 0.649218738079071 0.3291015625 0.0390625 0.048828125
0 0.6539062261581421 0.3818359375 0.0390625 0.048828125
0 0.6585937738418579 0.4345703125 0.0390625 0.048828125
0 0.663281261920929 0.4892578125 0.0390625 0.048828125
0 0.66796875 0.5419921875 0.0390625 0.048828125
0 0.672656238079071 0.5947265625 0.0390625 0.048828125
0 0.6773437261581421 0.6494140625 0.0390625 0.048828125
0 0.6851562261581421 0.2763671875 0.0390625 0.048828125
0 0.6898437738418579 0.3291015625 0.0390625 0.048828125
0 0.694531261920929 0.3818359375 0.0390625 0.048828125
0 0.69921875 0.4345703125 0.0390625 0.048828125
0 0.703906238079071 0.4873046875 0.0390625 0.048828125
0 0.7085937261581421 0.5400390625 0.0390625 0.048828125
0 0.7132812738418579 0.5927734375 0.0390625 0.048828125
0 0.717968761920929 0.6474609375 0.0390625 0.048828125
0 0.727343738079071 0.2744140625 0.0390625 0.048828125
0 0.73046875 0.3271484375 0.0390625 0.048828125
0 0.735156238079071 0.3798828125 0.0390625 0.048828125
0 0.7398437261581421 0.4326171875 0.0390625 0.048828125
0 0.7445312738418579 0.4853515625 0.0390625 0.048828125
0 0.749218761920929 0.5400390625 0.0390625 0.048828125
0 0.75390625 0.5927734375 0.0390625 0.048828125
0 0.758593738079071 0.6455078125 0.0390625 0.048828125
