0 0.2789062559604645 0.4384765625 0.0390625 0.048828125
0 0.28984373807907104 0.4794921875 0.0390625 0.048828125
0 0.3023437559604645 0.5224609375 0.0390625 0.048828125
0 0.31328123807907104 0.5634765625 0.0390625 0.048828125
0 0.32421875 0.6083984375 0.0390625 0.048828125
0 0.33671873807907104 0.6494140625 0.0390625 0.048828125
0 0.3492187559604645 0.6943359375 0.0390625 0.048828125
0 0.36015623807907104 0.7373046875 0.0390625 0.048828125
0 0.31640625 0.4150390625 0.0390625 0.048828125
0 0.32734376192092896 0.4560546875 0.0390625 0.048828125
0 0.33984375 0.4990234375 0.0390625 0.048828125
0 0.35078126192092896 0.5400390625 0.0390625 0.048828125
0 0.36328125 0.5830078125 0.0390625 0.048828125
0 0.37421876192092896 0.6259765625 0.0390625 0.048828125
0 0.38671875 0.6689453125 0.0390625 0.048828125
0 0.39921873807907104 0.7138671875 0.0390625 0.048828125
0 0.35234373807907104 0.3916015625 0.0390625 0.048828125
0 0.3648437559604645 0.4326171875 0.0390625 0.048828125
0 0.37578123807907104 0.4755859375 0.0390625 0.048828125
0 0.3882812559604645 0.5166015625 0.0390625 0.048828125
0 0.4007812440395355 0.5595703125 0.0390625 0.048828125
0 0.4117187559604645 0.6025390625 0.0390625 0.048828125
0 0.4242187440395355 0.6455078125 0.0390625 0.048828125
0 0.43671876192092896 0.6884765625 0.0390625 0.048828125
0 0.38984376192092896 0.3681640625 0.0390625 0.048828125
0 0.40234375 0.4091796875 0.0390625 0.048828125
0 0.41328126192092896 0.4521484375 0.0390625 0.048828125
0 0.42578125 0.4931640625 0.0390625 0.048828125
0 0.43828123807907104 0.5361328125 0.0390625 0.048828125
0 0.4507812559604645 0.5791015625 0.0390625 0.048828125
0 0.46171873807907104 0.6220703125 0.0390625 0.048828125
0 0.4742187559604645 0.6650390625 0.0390625 0.048828125
0 0.4273437559604645 0.3447265625 0.0390625 0.048828125
0 0.4398437440395355 0.3857421875 0.0390625 0.048828125
0 0.45234376192092896 0.4267578125 0.0390625 0.048828125
0 0.4632812440395355 0.4697265625 0.0390625 0.048828125
0 0.47578126192092896 0.5126953125 0.0390625 0.048828125
0 0.48828125 0.5556640625 0.0390625 0.048828125
0 0.500781238079071 0.5986328125 0.0390625 0.048828125
0 0.5132812261581421 0.6416015625 0.0390625 0.048828125
0 0.46484375 0.3212890625 0.0390625 0.048828125
0 0.47734373807907104 0.3623046875 0.0390625 0.048828125
0 0.4898437559604645 0.4033203125 0.0390625 0.048828125
0 0.500781238079071 0.4462890625 0.0390625 0.048828125
0 0.5132812261581421 0.4892578125 0.0390625 0.048828125
0 0.5257812738418579 0.5302734375 0.0390625 0.048828125
0 0.538281261920929 0.5732421875 0.0390625 0.048828125
0 0.55078125 0.6181640625 0.0390625 0.048828125
0 0.5023437738418579 0.2978515625 0.0390625 0.048828125
0 0.514843761920929 0.3388671875 0.0390625 0.048828125
0 0.52734375 0.3798828125 0.0390625 0.048828125
0 0.539843738079071 0.4228515625 0.0390625 0.048828125
0 0.5523437261581421 0.4658203125 0.0390625 0.048828125
0 0.5648437738418579 0.5068359375 0.0390625 0.048828125
0 0.577343761920929 0.5498046875 0.0390625 0.048828125
0 0.58984375 0.5927734375 0.0390625 0.048828125
0 0.539843738079071 0.2724609375 0.0390625 0.048828125
0 0.5523437261581421 0.3154296875 0.0390625 0.048828125
0 0.5648437738418579 0.3564453125 0.0390625 0.048828125
0 0.577343761920929 0.3994140625 0.0390625 0.048828125
0 0.58984375 0.4404296875 0.0390625 0.048828125
0 0.602343738079071 0.4833984375 0.0390625 0.048828125
0 0.616406261920929 0.5263671875 0.0390625 0.048828125
0 0.62890625 0.5693359375 0.0390625 0.048828125
0 0.577343761920929 0.2490234375 0.0390625 0.048828125
0 0.58984375 0.2900390625 0.0390625 0.048828125
0 0.602343738079071 0.3330078125 0.0390625 0.048828125
0 0.616406261920929 0.3740234375 0.0390625 0.048828125
0 0.6273437738418579 0.4169921875 0.0390625 0.048828125
0 0.641406238079071 0.4599609375 0.0390625 0.048828125
0 0.6539062261581421 0.5029296875 0.0390625 0.048828125
0 0.66796875 0.5458984375 0.0390625 0.048828125
0 0.616406261920929 0.2255859375 0.0390625 0.048828125
0 0.62890625 0.2666015625 0.0390625 0.048828125
0 0.641406238079071 0.3095703125 0.0390625 0.048828125
0 0.6539062261581421 0.3505859375 0.0390625 0.048828125
0 0.6664062738418579 0.3935546875 0.0390625 0.048828125
0 0.680468738079071 0.4365234375 0.0390625 0.048828125
0 0.6929687261581421 0.4794921875 0.0390625 0.048828125
0 0.70703125 0.5224609375 0.0390625 0.048828125
0 0.6539062261581421 0.2021484375 0.0390625 0.048828125
0 0.66796875 0.2431640625 0.0390625 0.048828125
0 0.680468738079071 0.2841796875 0.0390625 0.048828125
0 0.6929687261581421 0.3271484375 0.0390625 0.048828125
0 0.7054687738418579 0.3701171875 0.0390625 0.048828125
0 0.717968761920929 0.4111328125 0.0390625 0.048828125
0 0.7320312261581421 0.4541015625 0.0390625 0.048828125
0 0.74609375 0.4990234375 0.0390625 0.048828125
