0 0.26953125 0.2470703125 0.0390625 0.048828125
0 0.26953125 0.2939453125 0.0390625 0.048828125
0 0.2710937559604645 0.3427734375 0.0390625 0.048828125
0 0.2710937559604645 0.3916015625 0.0390625 0.048828125
0 0.2710937559604645 0.4384765625 0.0390625 0.048828125
0 0.2710937559604645 0.4853515625 0.0390625 0.048828125
0 0.2710937559604645 0.5322265625 0.0390625 0.048828125
0 0.2710937559604645 0.5791015625 0.0390625 0.048828125
0 0.3148437440395355 0.2451171875 0.0390625 0.048828125
0 0.3148437440395355 0.2939453125 0.0390625 0.048828125
0 0.3148437440395355 0.3427734375 0.0390625 0.048828125
0 0.3148437440395355 0.3896484375 0.0390625 0.048828125
0 0.3148437440395355 0.4365234375 0.0390625 0.048828125
0 0.3148437440395355 0.4853515625 0.0390625 0.048828125
0 0.3148437440395355 0.5322265625 0.0390625 0.048828125
0 0.3148437440395355 0.5791015625 0.0390625 0.048828125
0 0.35859376192092896 0.2451171875 0.0390625 0.048828125
0 0.35859376192092896 0.2939453125 0.0390625 0.048828125
0 0.35859376192092896 0.3408203125 0.0390625 0.048828125
0 0.35859376192092896 0.3896484375 0.0390625 0.048828125
0 0.35859376192092896 0.4365234375 0.0390625 0.048828125
0 0.35859376192092896 0.4833984375 0.0390625 0.048828125
0 0.35859376192092896 0.5302734375 0.0390625 0.048828125
0 0.35859376192092896 0.5771484375 0.0390625 0.048828125
0 0.4039062559604645 0.2431640625 0.0390625 0.048828125
0 0.40234375 0.2919921875 0.0390625 0.048828125
0 0.40234375 0.3408203125 0.0390625 0.048828125
0 0.40234375 0.3876953125 0.0390625 0.048828125
0 0.40234375 0.4345703125 0.0390625 0.048828125
0 0.40234375 0.4814453125 0.0390625 0.048828125
0 0.40234375 0.5283203125 0.0390625 0.048828125
0 0.40234375 0.5751953125 0.0390625 0.048828125
0 0.4476562440395355 0.2431640625 0.0390625 0.048828125
0 0.4476562440395355 0.2919921875 0.0390625 0.048828125
0 0.4476562440395355 0.3388671875 0.0390625 0.048828125
0 0.44609373807907104 0.3857421875 0.0390625 0.048828125
0 0.44609373807907104 0.4345703125 0.0390625 0.048828125
0 0.44609373807907104 0.4814453125 0.0390625 0.048828125
0 0.44609373807907104 0.5283203125 0.0390625 0.048828125
0 0.44453126192092896 0.5751953125 0.0390625 0.048828125
0 0.49140626192092896 0.2412109375 0.0390625 0.048828125
0 0.49140626192092896 0.2900390625 0.0390625 0.048828125
0 0.49140626192092896 0.3388671875 0.0390625 0.048828125
0 0.4898437559604645 0.3857421875 0.0390625 0.048828125
0 0.4898437559604645 0.4326171875 0.0390625 0.048828125
0 0.48828125 0.4794921875 0.0390625 0.048828125
0 0.48828125 0.5263671875 0.0390625 0.048828125
0 0.48828125 0.5732421875 0.0390625 0.048828125
0 0.5367187261581421 0.2392578125 0.0390625 0.048828125
0 0.53515625 0.2880859375 0.0390625 0.048828125
0 0.53515625 0.3369140625 0.0390625 0.048828125
0 0.5335937738418579 0.3837890625 0.0390625 0.048828125
0 0.5335937738418579 0.4326171875 0.0390625 0.048828125
0 0.532031238079071 0.4794921875 0.0390625 0.048828125
0 0.532031238079071 0.5263671875 0.0390625 0.048828125
0 0.532031238079071 0.5712890625 0.0390625 0.048828125
0 0.5804687738418579 0.2392578125 0.0390625 0.048828125
0 0.578906238079071 0.2880859375 0.0390625 0.048828125
0 0.578906238079071 0.3349609375 0.0390625 0.048828125
0 0.577343761920929 0.3837890625 0.0390625 0.048828125
0 0.577343761920929 0.4306640625 0.0390625 0.048828125
0 0.5757812261581421 0.4775390625 0.0390625 0.048828125
0 0.5757812261581421 0.5244140625 0.0390625 0.048828125
0 0.57421875 0.5712890625 0.0390625 0.048828125
0 0.624218761920929 0.2373046875 0.0390625 0.048828125
0 0.624218761920929 0.2861328125 0.0390625 0.048828125
0 0.6226562261581421 0.3349609375 0.0390625 0.048828125
0 0.62109375 0.3818359375 0.0390625 0.048828125
0 0.62109375 0.4287109375 0.0390625 0.048828125
0 0.6195312738418579 0.4755859375 0.0390625 0.048828125
0 0.617968738079071 0.5224609375 0.0390625 0.048828125
0 0.617968738079071 0.5693359375 0.0390625 0.048828125
0 0.6695312261581421 0.2353515625 0.0390625 0.048828125
0 0.66796875 0.2841796875 0.0390625 0.048828125
0 0.6664062738418579 0.3330078125 0.0390625 0.048828125
0 0.664843738079071 0.3798828125 0.0390625 0.048828125
0 0.664843738079071 0.4287109375 0.0390625 0.048828125
0 0.663281261920929 0.4755859375 0.0390625 0.048828125
0 0.6617187261581421 0.5224609375 0.0390625 0.048828125
0 0.6617187261581421 0.5673828125 0.0390625 0.048828125
0 0.7132812738418579 0.2353515625 0.0390625 0.048828125
0 0.711718738079071 0.2841796875 0.0390625 0.048828125
0 0.710156261920929 0.3310546875 0.0390625 0.048828125
0 0.710156261920929 0.3798828125 0.0390625 0.048828125
0 0.7085937261581421 0.4267578125 0.0390625 0.048828125
0 0.70703125 0.4736328125 0.0390625 0.048828125
0 0.7054687738418579 0.5205078125 0.0390625 0.048828125
0 0.7054687738418579 0.5673828125 0.0390625 0.048828125
