0 0.3125 0.7451171875 0.021875 0.037109375
0 0.3140625059604645 0.69140625 0.025 0.04296875
0 0.31562501192092896 0.6376953125 0.025 0.041015625
0 0.3179687559604645 0.583984375 0.0234375 0.0390625
0 0.3203125 0.5302734375 0.025 0.041015625
0 0.3226562440395355 0.4765625 0.0234375 0.04296875
0 0.32421875 0.4228515625 0.0234375 0.037109375
0 0.3257812559604645 0.3701171875 0.0265625 0.041015625
0 0.3414062559604645 0.7451171875 0.0234375 0.041015625
0 0.34375 0.6904296875 0.021875 0.041015625
0 0.3453125059604645 0.6357421875 0.021875 0.041015625
0 0.34765625 0.58203125 0.0234375 0.0390625
0 0.3492187559604645 0.5283203125 0.0203125 0.041015625
0 0.35234373807907104 0.474609375 0.0234375 0.0390625
0 0.3539062440395355 0.421875 0.0234375 0.0390625
0 0.35546875 0.3681640625 0.0234375 0.037109375
0 0.3695312440395355 0.7431640625 0.0234375 0.037109375
0 0.37187498807907104 0.689453125 0.021875 0.0390625
0 0.37421876192092896 0.634765625 0.0234375 0.0390625
0 0.37578123807907104 0.5810546875 0.0234375 0.041015625
0 0.37890625 0.5263671875 0.0234375 0.041015625
0 0.3804687559604645 0.4736328125 0.0234375 0.041015625
0 0.3828125 0.419921875 0.021875 0.0390625
0 0.3851562440395355 0.365234375 0.0234375 0.0390625
0 0.39921873807907104 0.7431640625 0.0234375 0.041015625
0 0.4007812440395355 0.6884765625 0.0234375 0.041015625
0 0.4039062559604645 0.6337890625 0.0234375 0.041015625
0 0.40625 0.5791015625 0.021875 0.041015625
0 0.4085937440395355 0.525390625 0.0234375 0.0390625
0 0.41015625 0.470703125 0.0234375 0.0390625
0 0.4124999940395355 0.4169921875 0.021875 0.041015625
0 0.41484373807907104 0.36328125 0.0234375 0.0390625
0 0.42890626192092896 0.7421875 0.0234375 0.0390625
0 0.4320312440395355 0.6865234375 0.0234375 0.041015625
0 0.43359375 0.6328125 0.0234375 0.0390625
0 0.4359374940395355 0.5771484375 0.021875 0.041015625
0 0.43828123807907104 0.5234375 0.0234375 0.0390625
0 0.4398437440395355 0.4697265625 0.0234375 0.041015625
0 0.44140625 0.4150390625 0.0234375 0.041015625
0 0.44453126192092896 0.3603515625 0.0234375 0.041015625
0 0.46015626192092896 0.7412109375 0.0234375 0.041015625
0 0.46171873807907104 0.6865234375 0.0234375 0.041015625
0 0.46406251192092896 0.6318359375 0.025 0.041015625
0 0.4664062559604645 0.576171875 0.0234375 0.0390625
0 0.46796876192092896 0.5224609375 0.0234375 0.041015625
0 0.4703125059604645 0.4677734375 0.021875 0.041015625
0 0.47265625 0.4130859375 0.0234375 0.041015625
0 0.4742187559604645 0.3583984375 0.0234375 0.037109375
0 0.4898437559604645 0.740234375 0.0234375 0.0390625
0 0.4921875 0.685546875 0.025 0.0390625
0 0.4945312440395355 0.6298828125 0.0234375 0.041015625
0 0.49609375 0.5751953125 0.0234375 0.041015625
0 0.49921876192092896 0.51953125 0.0234375 0.0390625
0 0.500781238079071 0.46484375 0.0234375 0.04296875
0 0.50390625 0.4111328125 0.0234375 0.041015625
0 0.5054687261581421 0.3564453125 0.0234375 0.041015625
0 0.5210937261581421 0.740234375 0.0234375 0.0390625
0 0.522656261920929 0.6845703125 0.0234375 0.041015625
0 0.5249999761581421 0.62890625 0.025 0.04296875
0 0.52734375 0.5732421875 0.0234375 0.041015625
0 0.5289062261581421 0.5185546875 0.0234375 0.041015625
0 0.532031238079071 0.4638671875 0.0234375 0.041015625
0 0.5335937738418579 0.408203125 0.0234375 0.04296875
0 0.53515625 0.353515625 0.0234375 0.0390625
0 0.5523437261581421 0.7392578125 0.0234375 0.041015625
0 0.5546875 0.6845703125 0.025 0.041015625
0 0.5570312738418579 0.6279296875 0.0234375 0.041015625
0 0.55859375 0.572265625 0.0234375 0.04296875
0 0.5601562261581421 0.5166015625 0.0234375 0.041015625
0 0.5625 0.4609375 0.025 0.04296875
0 0.5648437738418579 0.4072265625 0.0234375 0.041015625
0 0.56640625 0.3505859375 0.0234375 0.041015625
0 0.5835937261581421 0.7392578125 0.0265625 0.041015625
0 0.5859375 0.6826171875 0.025 0.041015625
0 0.5874999761581421 0.626953125 0.025 0.04296875
0 0.58984375 0.5712890625 0.0234375 0.041015625
0 0.5914062261581421 0.515625 0.0234375 0.04296875
0 0.594531238079071 0.4599609375 0.0234375 0.041015625
0 0.596875011920929 0.4033203125 0.025 0.041015625
0 0.59765625 0.34765625 0.0234375 0.0390625
0 0.6148437261581421 0.73828125 0.0234375 0.0390625
0 0.6171875 0.681640625 0.028125 0.04296875
0 0.620312511920929 0.6259765625 0.028125 0.044921875
0 0.62109375 0.5693359375 0.0265625 0.044921875
0 0.624218761920929 0.513671875 0.0265625 0.04296875
0 0.625 0.45703125 0.028125 0.04296875
0 0.62890625 0.40234375 0.0265625 0.04296875
0 0.6312500238418579 0.3466796875 0.028125 0.044921875
