0 0.3460937440395355 0.6943359375 0.0390625 0.048828125
0 0.3882812559604645 0.7099609375 0.0390625 0.048828125
0 0.43046873807907104 0.7236328125 0.0390625 0.048828125
0 0.47265625 0.7392578125 0.0390625 0.048828125
0 0.514843761920929 0.7529296875 0.0390625 0.048828125
0 0.5570312738418579 0.7685546875 0.0390625 0.048828125
0 0.5992187261581421 0.7822265625 0.0390625 0.048828125
0 0.641406238079071 0.7978515625 0.0390625 0.048828125
0 0.35859376192092896 0.6416015625 0.0390625 0.048828125
0 0.39921873807907104 0.6572265625 0.0390625 0.048828125
0 0.44140625 0.6708984375 0.0390625 0.048828125
0 0.48515623807907104 0.6865234375 0.0390625 0.048828125
0 0.5257812738418579 0.7001953125 0.0390625 0.048828125
0 0.569531261920929 0.7158203125 0.0390625 0.048828125
0 0.610156238079071 0.7294921875 0.0390625 0.048828125
0 0.6539062261581421 0.7451171875 0.0390625 0.048828125
0 0.3695312440395355 0.5908203125 0.0390625 0.048828125
0 0.4117187559604645 0.6044921875 0.0390625 0.048828125
0 0.45390623807907104 0.6201171875 0.0390625 0.048828125
0 0.49609375 0.6337890625 0.0390625 0.048828125
0 0.538281261920929 0.6494140625 0.0390625 0.048828125
0 0.5804687738418579 0.6630859375 0.0390625 0.048828125
0 0.6226562261581421 0.6787109375 0.0390625 0.048828125
0 0.664843738079071 0.6923828125 0.0390625 0.048828125
0 0.38203126192092896 0.5380859375 0.0390625 0.048828125
0 0.4242187440395355 0.5537109375 0.0390625 0.048828125
0 0.46484375 0.5673828125 0.0390625 0.048828125
0 0.507031261920929 0.5810546875 0.0390625 0.048828125
0 0.5492187738418579 0.5966796875 0.0390625 0.048828125
0 0.5914062261581421 0.6103515625 0.0390625 0.048828125
0 0.633593738079071 0.6259765625 0.0390625 0.048828125
0 0.67578125 0.6396484375 0.0390625 0.048828125
0 0.3929687440395355 0.4873046875 0.0390625 0.048828125
0 0.4351562559604645 0.5009765625 0.0390625 0.048828125
0 0.47734373807907104 0.5166015625 0.0390625 0.048828125
0 0.51953125 0.5302734375 0.0390625 0.048828125
0 0.561718761920929 0.5439453125 0.0390625 0.048828125
0 0.602343738079071 0.5595703125 0.0390625 0.048828125
0 0.6460937261581421 0.5732421875 0.0390625 0.048828125
0 0.688281238079071 0.5888671875 0.0390625 0.048828125
0 0.40546876192092896 0.4365234375 0.0390625 0.048828125
0 0.44609373807907104 0.4501953125 0.0390625 0.048828125
0 0.48828125 0.4638671875 0.0390625 0.048828125
0 0.530468761920929 0.4794921875 0.0390625 0.048828125
0 0.5726562738418579 0.4931640625 0.0390625 0.048828125
0 0.6148437261581421 0.5068359375 0.0390625 0.048828125
0 0.657031238079071 0.5224609375 0.0390625 0.048828125
0 0.69921875 0.5361328125 0.0390625 0.048828125
0 0.4164062440395355 0.3837890625 0.0390625 0.048828125
0 0.4585937559604645 0.3994140625 0.0390625 0.048828125
0 0.500781238079071 0.4130859375 0.0390625 0.048828125
0 0.5414062738418579 0.4267578125 0.0390625 0.048828125
0 0.5835937261581421 0.4404296875 0.0390625 0.048828125
0 0.625781238079071 0.4560546875 0.0390625 0.048828125
0 0.66796875 0.4697265625 0.0390625 0.048828125
0 0.710156261920929 0.4853515625 0.0390625 0.048828125
0 0.4273437559604645 0.3330078125 0.0390625 0.048828125
0 0.46953123807907104 0.3466796875 0.0390625 0.048828125
0 0.51171875 0.3623046875 0.0390625 0.048828125
0 0.553906261920929 0.3759765625 0.0390625 0.048828125
0 0.594531238079071 0.3896484375 0.0390625 0.048828125
0 0.63671875 0.4033203125 0.0390625 0.048828125
0 0.680468738079071 0.4189453125 0.0390625 0.048828125
0 0.72265625 0.4326171875 0.0390625 0.048828125
0 0.4398437440395355 0.2822265625 0.0390625 0.048828125
0 0.48046875 0.2958984375 0.0390625 0.048828125
0 0.522656261920929 0.3095703125 0.0390625 0.048828125
0 0.5648437738418579 0.3251953125 0.0390625 0.048828125
0 0.6070312261581421 0.3388671875 0.0390625 0.048828125
0 0.649218738079071 0.3525390625 0.0390625 0.048828125
0 0.69140625 0.3681640625 0.0390625 0.048828125
0 0.733593761920929 0.3798828125 0.0390625 0.048828125
0 0.4507812559604645 0.2314453125 0.0390625 0.048828125
0 0.49296873807907104 0.2451171875 0.0390625 0.048828125
0 0.5335937738418579 0.2587890625 0.0390625 0.048828125
0 0.5757812261581421 0.2724609375 0.0390625 0.048828125
0 0.617968738079071 0.2880859375 0.0390625 0.048828125
0 0.66015625 0.3017578125 0.0390625 0.048828125
0 0.702343761920929 0.3154296875 0.0390625 0.048828125
0 0.7445312738418579 0.3291015625 0.0390625 0.048828125
0 0.46171873807907104 0.1806640625 0.0390625 0.048828125
0 0.50390625 0.1943359375 0.0390625 0.048828125
0 0.5445312261581421 0.2080078125 0.0390625 0.048828125
0 0.586718738079071 0.2216796875 0.0390625 0.048828125
0 0.62890625 0.2353515625 0.0390625 0.048828125
0 0.671093761920929 0.2490234375 0.0390625 0.048828125
0 0.7132812738418579 0.2646484375 0.0390625 0.048828125
0 0.7554687261581421 0.2783203125 0.0390625 0.048828125
