0 0.2789062559604645 0.2548828125 0.0390625 0.048828125
0 0.3148437440395355 0.2333984375 0.0390625 0.048828125
0 0.35234373807907104 0.2138671875 0.0390625 0.048828125
0 0.3882812559604645 0.1923828125 0.0390625 0.048828125
0 0.4242187440395355 0.1708984375 0.0390625 0.048828125
0 0.46015626192092896 0.1494140625 0.0390625 0.048828125
0 0.4976562559604645 0.1279296875 0.0390625 0.048828125
0 0.532031238079071 0.1064453125 0.0390625 0.048828125
0 0.2992187440395355 0.2958984375 0.0390625 0.048828125
0 0.33671873807907104 0.2763671875 0.0390625 0.048828125
0 0.3726562559604645 0.2548828125 0.0390625 0.048828125
0 0.41015625 0.2333984375 0.0390625 0.048828125
0 0.44609373807907104 0.2119140625 0.0390625 0.048828125
0 0.48359376192092896 0.1923828125 0.0390625 0.048828125
0 0.51953125 0.1689453125 0.0390625 0.048828125
0 0.555468738079071 0.1494140625 0.0390625 0.048828125
0 0.32109373807907104 0.3388671875 0.0390625 0.048828125
0 0.35859376192092896 0.3173828125 0.0390625 0.048828125
0 0.3960937559604645 0.2958984375 0.0390625 0.048828125
0 0.4320312440395355 0.2744140625 0.0390625 0.048828125
0 0.46953123807907104 0.2548828125 0.0390625 0.048828125
0 0.5054687261581421 0.2314453125 0.0390625 0.048828125
0 0.5414062738418579 0.2099609375 0.0390625 0.048828125
0 0.577343761920929 0.1884765625 0.0390625 0.048828125
0 0.34296876192092896 0.3798828125 0.0390625 0.048828125
0 0.3804687559604645 0.3603515625 0.0390625 0.048828125
0 0.4164062440395355 0.3388671875 0.0390625 0.048828125
0 0.45390623807907104 0.3173828125 0.0390625 0.048828125
0 0.4898437559604645 0.2958984375 0.0390625 0.048828125
0 0.5257812738418579 0.2744140625 0.0390625 0.048828125
0 0.563281238079071 0.2529296875 0.0390625 0.048828125
0 0.5992187261581421 0.2314453125 0.0390625 0.048828125
0 0.3648437559604645 0.4228515625 0.0390625 0.048828125
0 0.40234375 0.4013671875 0.0390625 0.048828125
0 0.4398437440395355 0.3798828125 0.0390625 0.048828125
0 0.47578126192092896 0.3583984375 0.0390625 0.048828125
0 0.51171875 0.3369140625 0.0390625 0.048828125
0 0.5492187738418579 0.3154296875 0.0390625 0.048828125
0 0.585156261920929 0.2939453125 0.0390625 0.048828125
0 0.62109375 0.2724609375 0.0390625 0.048828125
0 0.38671875 0.4658203125 0.0390625 0.048828125
0 0.4242187440395355 0.4443359375 0.0390625 0.048828125
0 0.46015626192092896 0.4228515625 0.0390625 0.048828125
0 0.4976562559604645 0.4013671875 0.0390625 0.048828125
0 0.53515625 0.3798828125 0.0390625 0.048828125
0 0.571093738079071 0.3583984375 0.0390625 0.048828125
0 0.6070312261581421 0.3349609375 0.0390625 0.048828125
0 0.64453125 0.3154296875 0.0390625 0.048828125
0 0.4085937440395355 0.5087890625 0.0390625 0.048828125
0 0.44609373807907104 0.4873046875 0.0390625 0.048828125
0 0.48359376192092896 0.4638671875 0.0390625 0.048828125
0 0.51953125 0.4423828125 0.0390625 0.048828125
0 0.5570312738418579 0.4208984375 0.0390625 0.048828125
0 0.592968761920929 0.3994140625 0.0390625 0.048828125
0 0.62890625 0.3779296875 0.0390625 0.048828125
0 0.6664062738418579 0.3564453125 0.0390625 0.048828125
0 0.43046873807907104 0.5517578125 0.0390625 0.048828125
0 0.46796876192092896 0.5302734375 0.0390625 0.048828125
0 0.5054687261581421 0.5068359375 0.0390625 0.048828125
0 0.5414062738418579 0.4853515625 0.0390625 0.048828125
0 0.578906238079071 0.4638671875 0.0390625 0.048828125
0 0.6148437261581421 0.4423828125 0.0390625 0.048828125
0 0.65234375 0.4208984375 0.0390625 0.048828125
0 0.688281238079071 0.3994140625 0.0390625 0.048828125
0 0.45234376192092896 0.5947265625 0.0390625 0.048828125
0 0.4898437559604645 0.5732421875 0.0390625 0.048828125
0 0.52734375 0.5498046875 0.0390625 0.048828125
0 0.563281238079071 0.5283203125 0.0390625 0.048828125
0 0.600781261920929 0.5068359375 0.0390625 0.048828125
0 0.6382812261581421 0.4853515625 0.0390625 0.048828125
0 0.6742187738418579 0.4638671875 0.0390625 0.048828125
0 0.710156261920929 0.4423828125 0.0390625 0.048828125
0 0.4742187559604645 0.6376953125 0.0390625 0.048828125
0 0.51171875 0.6162109375 0.0390625 0.048828125
0 0.5492187738418579 0.5947265625 0.0390625 0.048828125
0 0.585156261920929 0.5712890625 0.0390625 0.048828125
0 0.6226562261581421 0.5498046875 0.0390625 0.048828125
0 0.66015625 0.5283203125 0.0390625 0.048828125
0 0.696093738079071 0.5068359375 0.0390625 0.048828125
0 0.733593761920929 0.4833984375 0.0390625 0.048828125
0 0.49609375 0.6826171875 0.0390625 0.048828125
0 0.5335937738418579 0.6611328125 0.0390625 0.048828125
0 0.571093738079071 0.6376953125 0.0390625 0.048828125
0 0.608593761920929 0.6162109375 0.0390625 0.048828125
0 0.6460937261581421 0.5947265625 0.0390625 0.048828125
0 0.6820312738418579 0.5712890625 0.0390625 0.048828125
0 0.719531238079071 0.5498046875 0.0390625 0.048828125
0 0.757031261920929 0.5283203125 0.0390625 0.048828125
