0 0.27265626192092896 0.3076171875 0.0390625 0.048828125
0 0.30546873807907104 0.2763671875 0.0390625 0.048828125
0 0.3382812440395355 0.2431640625 0.0390625 0.048828125
0 0.37109375 0.2099609375 0.0390625 0.048828125
0 0.4039062559604645 0.1787109375 0.0390625 0.048828125
0 0.43671876192092896 0.1455078125 0.0390625 0.048828125
0 0.46953123807907104 0.1142578125 0.0390625 0.048828125
0 0.5023437738418579 0.0830078125 0.0390625 0.048828125
0 0.30078125 0.3447265625 0.0390625 0.048828125
0 0.33203125 0.3115234375 0.0390625 0.048828125
0 0.36640626192092896 0.2802734375 0.0390625 0.048828125
0 0.39921873807907104 0.2470703125 0.0390625 0.048828125
0 0.43046873807907104 0.2138671875 0.0390625 0.048828125
0 0.4632812440395355 0.1826171875 0.0390625 0.048828125
0 0.49609375 0.1494140625 0.0390625 0.048828125
0 0.5289062261581421 0.1181640625 0.0390625 0.048828125
0 0.32734376192092896 0.3818359375 0.0390625 0.048828125
0 0.36015623807907104 0.3486328125 0.0390625 0.048828125
0 0.3929687440395355 0.3154296875 0.0390625 0.048828125
0 0.42578125 0.2822265625 0.0390625 0.048828125
0 0.4585937559604645 0.2509765625 0.0390625 0.048828125
0 0.49140626192092896 0.2177734375 0.0390625 0.048828125
0 0.524218738079071 0.1865234375 0.0390625 0.048828125
0 0.5570312738418579 0.1533203125 0.0390625 0.048828125
0 0.3539062440395355 0.4169921875 0.0390625 0.048828125
0 0.3882812559604645 0.3857421875 0.0390625 0.048828125
0 0.4195312559604645 0.3525390625 0.0390625 0.048828125
0 0.45390623807907104 0.3193359375 0.0390625 0.048828125
0 0.48515623807907104 0.2861328125 0.0390625 0.048828125
0 0.5179687738418579 0.2548828125 0.0390625 0.048828125
0 0.55078125 0.2216796875 0.0390625 0.048828125
0 0.5835937261581421 0.1904296875 0.0390625 0.048828125
0 0.38203126192092896 0.4541015625 0.0390625 0.048828125
0 0.41484373807907104 0.4208984375 0.0390625 0.048828125
0 0.4476562440395355 0.3876953125 0.0390625 0.048828125
0 0.48046875 0.3564453125 0.0390625 0.048828125
0 0.5132812261581421 0.3232421875 0.0390625 0.048828125
0 0.546093761920929 0.2900390625 0.0390625 0.048828125
0 0.578906238079071 0.2587890625 0.0390625 0.048828125
0 0.6117187738418579 0.2255859375 0.0390625 0.048828125
0 0.41015625 0.4912109375 0.0390625 0.048828125
0 0.4429687559604645 0.4580078125 0.0390625 0.048828125
0 0.47578126192092896 0.4248046875 0.0390625 0.048828125
0 0.508593738079071 0.3916015625 0.0390625 0.048828125
0 0.5414062738418579 0.3603515625 0.0390625 0.048828125
0 0.57421875 0.3271484375 0.0390625 0.048828125
0 0.6070312261581421 0.2939453125 0.0390625 0.048828125
0 0.639843761920929 0.2626953125 0.0390625 0.048828125
0 0.43828123807907104 0.5283203125 0.0390625 0.048828125
0 0.4710937440395355 0.4951171875 0.0390625 0.048828125
0 0.50390625 0.4619140625 0.0390625 0.048828125
0 0.5367187261581421 0.4287109375 0.0390625 0.048828125
0 0.569531261920929 0.3955078125 0.0390625 0.048828125
0 0.602343738079071 0.3642578125 0.0390625 0.048828125
0 0.6351562738418579 0.3310546875 0.0390625 0.048828125
0 0.66796875 0.2978515625 0.0390625 0.048828125
0 0.4664062559604645 0.5654296875 0.0390625 0.048828125
0 0.49921876192092896 0.5322265625 0.0390625 0.048828125
0 0.532031238079071 0.4990234375 0.0390625 0.048828125
0 0.5648437738418579 0.4658203125 0.0390625 0.048828125
0 0.59765625 0.4326171875 0.0390625 0.048828125
0 0.6304687261581421 0.3994140625 0.0390625 0.048828125
0 0.663281261920929 0.3681640625 0.0390625 0.048828125
0 0.696093738079071 0.3349609375 0.0390625 0.048828125
0 0.49296873807907104 0.6025390625 0.0390625 0.048828125
0 0.52734375 0.5693359375 0.0390625 0.048828125
0 0.5601562261581421 0.5361328125 0.0390625 0.048828125
0 0.592968761920929 0.5029296875 0.0390625 0.048828125
0 0.625781238079071 0.4697265625 0.0390625 0.048828125
0 0.6585937738418579 0.4365234375 0.0390625 0.048828125
0 0.69140625 0.4033203125 0.0390625 0.048828125
0 0.7242187261581421 0.3720703125 0.0390625 0.048828125
0 0.522656261920929 0.6396484375 0.0390625 0.048828125
0 0.555468738079071 0.6064453125 0.0390625 0.048828125
0 0.5882812738418579 0.5732421875 0.0390625 0.048828125
0 0.62109375 0.5400390625 0.0390625 0.048828125
0 0.6539062261581421 0.5068359375 0.0390625 0.048828125
0 0.686718761920929 0.4736328125 0.0390625 0.048828125
0 0.719531238079071 0.4404296875 0.0390625 0.048828125
0 0.7523437738418579 0.4072265625 0.0390625 0.048828125
0 0.55078125 0.6787109375 0.0390625 0.048828125
0 0.5835937261581421 0.6435546875 0.0390625 0.048828125
0 0.616406261920929 0.6103515625 0.0390625 0.048828125
0 0.649218738079071 0.5771484375 0.0390625 0.048828125
0 0.6820312738418579 0.5439453125 0.0390625 0.048828125
0 0.7164062261581421 0.5107421875 0.0390625 0.048828125
0 0.749218761920929 0.4775390625 0.0390625 0.048828125
0 0.780468761920929 0.4443359375 0.0390625 0.048828125
