0 0.24765625596046448 0.6005859375 0.0390625 0.048828125
0 0.27734375 0.6357421875 0.0390625 0.048828125
0 0.3070312440395355 0.6708984375 0.0390625 0.048828125
0 0.33671873807907104 0.7060546875 0.0390625 0.048828125
0 0.36796873807907104 0.7412109375 0.0390625 0.048828125
0 0.39765626192092896 0.7763671875 0.0390625 0.048828125
0 0.42890626192092896 0.8115234375 0.0390625 0.048828125
0 0.46015626192092896 0.8486328125 0.0390625 0.048828125
0 0.27421873807907104 0.5595703125 0.0390625 0.048828125
0 0.30390626192092896 0.5947265625 0.0390625 0.048828125
0 0.3335937559604645 0.6279296875 0.0390625 0.048828125
0 0.3648437559604645 0.6630859375 0.0390625 0.048828125
0 0.39453125 0.6982421875 0.0390625 0.048828125
0 0.42578125 0.7353515625 0.0390625 0.048828125
0 0.4554687440395355 0.7705078125 0.0390625 0.048828125
0 0.4867187440395355 0.8056640625 0.0390625 0.048828125
0 0.30078125 0.5185546875 0.0390625 0.048828125
0 0.3304687440395355 0.5517578125 0.0390625 0.048828125
0 0.3617187440395355 0.5869140625 0.0390625 0.048828125
0 0.39140623807907104 0.6220703125 0.0390625 0.048828125
0 0.42109376192092896 0.6572265625 0.0390625 0.048828125
0 0.45234376192092896 0.6923828125 0.0390625 0.048828125
0 0.48359376192092896 0.7275390625 0.0390625 0.048828125
0 0.5132812261581421 0.7626953125 0.0390625 0.048828125
0 0.32734376192092896 0.4755859375 0.0390625 0.048828125
0 0.35859376192092896 0.5107421875 0.0390625 0.048828125
0 0.3882812559604645 0.5458984375 0.0390625 0.048828125
0 0.41796875 0.5810546875 0.0390625 0.048828125
0 0.44921875 0.6162109375 0.0390625 0.048828125
0 0.4789062440395355 0.6513671875 0.0390625 0.048828125
0 0.5101562738418579 0.6865234375 0.0390625 0.048828125
0 0.5414062738418579 0.7216796875 0.0390625 0.048828125
0 0.35546875 0.4345703125 0.0390625 0.048828125
0 0.3851562440395355 0.4697265625 0.0390625 0.048828125
0 0.41484373807907104 0.5048828125 0.0390625 0.048828125
0 0.44453126192092896 0.5380859375 0.0390625 0.048828125
0 0.47578126192092896 0.5732421875 0.0390625 0.048828125
0 0.507031261920929 0.6083984375 0.0390625 0.048828125
0 0.5367187261581421 0.6435546875 0.0390625 0.048828125
0 0.5679687261581421 0.6787109375 0.0390625 0.048828125
0 0.38203126192092896 0.3916015625 0.0390625 0.048828125
0 0.4117187559604645 0.4267578125 0.0390625 0.048828125
0 0.44140625 0.4619140625 0.0390625 0.048828125
0 0.47265625 0.4970703125 0.0390625 0.048828125
0 0.5023437738418579 0.5322265625 0.0390625 0.048828125
0 0.5335937738418579 0.5673828125 0.0390625 0.048828125
0 0.5648437738418579 0.6025390625 0.0390625 0.048828125
0 0.5960937738418579 0.6376953125 0.0390625 0.048828125
0 0.4085937440395355 0.3505859375 0.0390625 0.048828125
0 0.43828123807907104 0.3857421875 0.0390625 0.048828125
0 0.46953123807907104 0.4208984375 0.0390625 0.048828125
0 0.49921876192092896 0.4560546875 0.0390625 0.048828125
0 0.530468761920929 0.4892578125 0.0390625 0.048828125
0 0.561718761920929 0.5244140625 0.0390625 0.048828125
0 0.5914062261581421 0.5615234375 0.0390625 0.048828125
0 0.6226562261581421 0.5947265625 0.0390625 0.048828125
0 0.43671876192092896 0.3095703125 0.0390625 0.048828125
0 0.4664062559604645 0.3447265625 0.0390625 0.048828125
0 0.49609375 0.3779296875 0.0390625 0.048828125
0 0.52734375 0.4130859375 0.0390625 0.048828125
0 0.55859375 0.4482421875 0.0390625 0.048828125
0 0.5882812738418579 0.4833984375 0.0390625 0.048828125
0 0.6195312738418579 0.5185546875 0.0390625 0.048828125
0 0.6507812738418579 0.5537109375 0.0390625 0.048828125
0 0.4632812440395355 0.2666015625 0.0390625 0.048828125
0 0.4945312440395355 0.3017578125 0.0390625 0.048828125
0 0.524218738079071 0.3369140625 0.0390625 0.048828125
0 0.553906261920929 0.3720703125 0.0390625 0.048828125
0 0.585156261920929 0.4072265625 0.0390625 0.048828125
0 0.616406261920929 0.4404296875 0.0390625 0.048828125
0 0.647656261920929 0.4755859375 0.0390625 0.048828125
0 0.678906261920929 0.5107421875 0.0390625 0.048828125
0 0.49140626192092896 0.2255859375 0.0390625 0.048828125
0 0.5210937261581421 0.2607421875 0.0390625 0.048828125
0 0.5523437261581421 0.2958984375 0.0390625 0.048828125
0 0.58203125 0.3291015625 0.0390625 0.048828125
0 0.61328125 0.3642578125 0.0390625 0.048828125
0 0.64453125 0.3994140625 0.0390625 0.048828125
0 0.67578125 0.4345703125 0.0390625 0.048828125
0 0.70703125 0.4697265625 0.0390625 0.048828125
0 0.51953125 0.1845703125 0.0390625 0.048828125
0 0.5492187738418579 0.2177734375 0.0390625 0.048828125
0 0.5804687738418579 0.2529296875 0.0390625 0.048828125
0 0.610156238079071 0.2880859375 0.0390625 0.048828125
0 0.641406238079071 0.3232421875 0.0390625 0.048828125
0 0.672656238079071 0.3583984375 0.0390625 0.048828125
0 0.703906238079071 0.3916015625 0.0390625 0.048828125
0 0.735156238079071 0.4267578125 0.0390625 0.048828125
