0 0.25859373807907104 0.2978515625 0.0390625 0.048828125
0 0.29296875 0.2705078125 0.0390625 0.048828125
0 0.32734376192092896 0.2451171875 0.0390625 0.048828125
0 0.3617187440395355 0.2177734375 0.0390625 0.048828125
0 0.39453125 0.1923828125 0.0390625 0.048828125
0 0.42890626192092896 0.1650390625 0.0390625 0.048828125
0 0.46171873807907104 0.1396484375 0.0390625 0.048828125
0 0.49609375 0.1123046875 0.0390625 0.048828125
0 0.28515625 0.3349609375 0.0390625 0.048828125
0 0.31953126192092896 0.3095703125 0.0390625 0.048828125
0 0.3539062440395355 0.2822265625 0.0390625 0.048828125
0 0.38671875 0.2548828125 0.0390625 0.048828125
0 0.42109376192092896 0.2294921875 0.0390625 0.048828125
0 0.4554687440395355 0.2021484375 0.0390625 0.048828125
0 0.48828125 0.1767578125 0.0390625 0.048828125
0 0.5210937261581421 0.1494140625 0.0390625 0.048828125
0 0.31171876192092896 0.3740234375 0.0390625 0.048828125
0 0.3460937440395355 0.3466796875 0.0390625 0.048828125
0 0.37890625 0.3193359375 0.0390625 0.048828125
0 0.41328126192092896 0.2939453125 0.0390625 0.048828125
0 0.4476562440395355 0.2666015625 0.0390625 0.048828125
0 0.48046875 0.2392578125 0.0390625 0.048828125
0 0.5132812261581421 0.2119140625 0.0390625 0.048828125
0 0.547656238079071 0.1865234375 0.0390625 0.048828125
0 0.3382812440395355 0.4111328125 0.0390625 0.048828125
0 0.37109375 0.3837890625 0.0390625 0.048828125
0 0.40546876192092896 0.3564453125 0.0390625 0.048828125
0 0.4398437440395355 0.3310546875 0.0390625 0.048828125
0 0.4742187559604645 0.3037109375 0.0390625 0.048828125
0 0.507031261920929 0.2763671875 0.0390625 0.048828125
0 0.5414062738418579 0.2509765625 0.0390625 0.048828125
0 0.57421875 0.2236328125 0.0390625 0.048828125
0 0.3648437559604645 0.4501953125 0.0390625 0.048828125
0 0.39921873807907104 0.4228515625 0.0390625 0.048828125
0 0.4320312440395355 0.3955078125 0.0390625 0.048828125
0 0.4664062559604645 0.3681640625 0.0390625 0.048828125
0 0.49921876192092896 0.3408203125 0.0390625 0.048828125
0 0.5335937738418579 0.3134765625 0.0390625 0.048828125
0 0.5679687261581421 0.2880859375 0.0390625 0.048828125
0 0.600781261920929 0.2607421875 0.0390625 0.048828125
0 0.39140623807907104 0.4873046875 0.0390625 0.048828125
0 0.4242187440395355 0.4599609375 0.0390625 0.048828125
0 0.4585937559604645 0.4326171875 0.0390625 0.048828125
0 0.49296873807907104 0.4052734375 0.0390625 0.048828125
0 0.5257812738418579 0.3779296875 0.0390625 0.048828125
0 0.5601562261581421 0.3525390625 0.0390625 0.048828125
0 0.594531238079071 0.3251953125 0.0390625 0.048828125
0 0.6273437738418579 0.2978515625 0.0390625 0.048828125
0 0.41796875 0.5263671875 0.0390625 0.048828125
0 0.45234376192092896 0.4970703125 0.0390625 0.048828125
0 0.4867187440395355 0.4697265625 0.0390625 0.048828125
0 0.51953125 0.4443359375 0.0390625 0.048828125
0 0.553906261920929 0.4150390625 0.0390625 0.048828125
0 0.586718738079071 0.3896484375 0.0390625 0.048828125
0 0.62109375 0.3623046875 0.0390625 0.048828125
0 0.6539062261581421 0.3349609375 0.0390625 0.048828125
0 0.44453126192092896 0.5634765625 0.0390625 0.048828125
0 0.4789062440395355 0.5361328125 0.0390625 0.048828125
0 0.5132812261581421 0.5087890625 0.0390625 0.048828125
0 0.547656238079071 0.4814453125 0.0390625 0.048828125
0 0.5804687738418579 0.4541015625 0.0390625 0.048828125
0 0.6148437261581421 0.4267578125 0.0390625 0.048828125
0 0.647656261920929 0.3994140625 0.0390625 0.048828125
0 0.680468738079071 0.3720703125 0.0390625 0.048828125
0 0.4710937440395355 0.6025390625 0.0390625 0.048828125
0 0.5054687261581421 0.5751953125 0.0390625 0.048828125
0 0.539843738079071 0.5478515625 0.0390625 0.048828125
0 0.57421875 0.5205078125 0.0390625 0.048828125
0 0.6070312261581421 0.4912109375 0.0390625 0.048828125
0 0.641406238079071 0.4638671875 0.0390625 0.048828125
0 0.6742187738418579 0.4384765625 0.0390625 0.048828125
0 0.7085937261581421 0.4091796875 0.0390625 0.048828125
0 0.49921876192092896 0.6416015625 0.0390625 0.048828125
0 0.5335937738418579 0.6123046875 0.0390625 0.048828125
0 0.5679687261581421 0.5849609375 0.0390625 0.048828125
0 0.600781261920929 0.5576171875 0.0390625 0.048828125
0 0.6351562738418579 0.5302734375 0.0390625 0.048828125
0 0.66796875 0.5029296875 0.0390625 0.048828125
0 0.702343761920929 0.4755859375 0.0390625 0.048828125
0 0.735156238079071 0.4482421875 0.0390625 0.048828125
0 0.52734375 0.6806640625 0.0390625 0.048828125
0 0.5601562261581421 0.6533203125 0.0390625 0.048828125
0 0.594531238079071 0.6240234375 0.0390625 0.048828125
0 0.6273437738418579 0.595703125 0.0234375 0.03515625
0 0.6585937738418579 0.5673828125 0.0390625 0.048828125
0 0.696093738079071 0.5400390625 0.0390625 0.048828125
0 0.73046875 0.5126953125 0.0390625 0.048828125
0 0.7632812261581421 0.4853515625 0.0390625 0.048828125
