0 0.29765623807907104 0.7744140625 0.0390625 0.048828125
0 0.3414062559604645 0.7861328125 0.0390625 0.048828125
0 0.38359373807907104 0.7958984375 0.0390625 0.048828125
0 0.4273437559604645 0.8076171875 0.0390625 0.048828125
0 0.4710937440395355 0.8173828125 0.0390625 0.048828125
0 0.5132812261581421 0.8291015625 0.0390625 0.048828125
0 0.555468738079071 0.8408203125 0.0390625 0.048828125
0 0.5992187261581421 0.8505859375 0.0390625 0.048828125
0 0.30546873807907104 0.7197265625 0.0390625 0.048828125
0 0.3492187559604645 0.7314453125 0.0390625 0.048828125
0 0.3929687440395355 0.7412109375 0.0390625 0.048828125
0 0.4351562559604645 0.7529296875 0.0390625 0.048828125
0 0.4789062440395355 0.7646484375 0.0390625 0.048828125
0 0.5210937261581421 0.7744140625 0.0390625 0.048828125
0 0.5648437738418579 0.7861328125 0.0390625 0.048828125
0 0.6070312261581421 0.7958984375 0.0390625 0.048828125
0 0.3148437440395355 0.6669921875 0.0390625 0.048828125
0 0.3570312559604645 0.6767578125 0.0390625 0.048828125
0 0.4007812440395355 0.6884765625 0.0390625 0.048828125
0 0.4429687559604645 0.6982421875 0.0390625 0.048828125
0 0.4867187440395355 0.7099609375 0.0390625 0.048828125
0 0.5289062261581421 0.7197265625 0.0390625 0.048828125
0 0.5726562738418579 0.7314453125 0.0390625 0.048828125
0 0.6148437261581421 0.7431640625 0.0390625 0.048828125
0 0.3226562440395355 0.6123046875 0.0390625 0.048828125
0 0.36640626192092896 0.6240234375 0.0390625 0.048828125
0 0.4085937440395355 0.6337890625 0.0390625 0.048828125
0 0.4507812559604645 0.6455078125 0.0390625 0.048828125
0 0.4945312440395355 0.6552734375 0.0390625 0.048828125
0 0.5367187261581421 0.6669921875 0.0390625 0.048828125
0 0.5804687738418579 0.6787109375 0.0390625 0.048828125
0 0.6226562261581421 0.6884765625 0.0390625 0.048828125
0 0.3304687440395355 0.5595703125 0.0390625 0.048828125
0 0.37421876192092896 0.5693359375 0.0390625 0.048828125
0 0.4164062440395355 0.5810546875 0.0390625 0.048828125
0 0.4585937559604645 0.5927734375 0.0390625 0.048828125
0 0.5023437738418579 0.6025390625 0.0390625 0.048828125
0 0.5445312261581421 0.6142578125 0.0390625 0.048828125
0 0.5882812738418579 0.6240234375 0.0390625 0.048828125
0 0.6304687261581421 0.6357421875 0.0390625 0.048828125
0 0.33984375 0.5048828125 0.0390625 0.048828125
0 0.38203126192092896 0.5166015625 0.0390625 0.048828125
0 0.4242187440395355 0.5283203125 0.0390625 0.048828125
0 0.46796876192092896 0.5380859375 0.0390625 0.048828125
0 0.5101562738418579 0.5498046875 0.0390625 0.048828125
0 0.5523437261581421 0.5595703125 0.0390625 0.048828125
0 0.5960937738418579 0.5712890625 0.0390625 0.048828125
0 0.6382812261581421 0.5830078125 0.0390625 0.048828125
0 0.34765625 0.4521484375 0.0390625 0.048828125
0 0.38984376192092896 0.4638671875 0.0390625 0.048828125
0 0.43359375 0.4736328125 0.0390625 0.048828125
0 0.47578126192092896 0.4853515625 0.0390625 0.048828125
0 0.5179687738418579 0.4970703125 0.0390625 0.048828125
0 0.5601562261581421 0.5068359375 0.0390625 0.048828125
0 0.6039062738418579 0.5185546875 0.0390625 0.048828125
0 0.6460937261581421 0.5283203125 0.0390625 0.048828125
0 0.35546875 0.3994140625 0.0390625 0.048828125
0 0.39921873807907104 0.4111328125 0.0390625 0.048828125
0 0.44140625 0.4208984375 0.0390625 0.048828125
0 0.48359376192092896 0.4326171875 0.0390625 0.048828125
0 0.5257812738418579 0.4423828125 0.0390625 0.048828125
0 0.5679687261581421 0.4541015625 0.0390625 0.048828125
0 0.6117187738418579 0.4658203125 0.0390625 0.048828125
0 0.6539062261581421 0.4755859375 0.0390625 0.048828125
0 0.36328125 0.3466796875 0.0390625 0.048828125
0 0.40703123807907104 0.3583984375 0.0390625 0.048828125
0 0.44921875 0.3681640625 0.0390625 0.048828125
0 0.49140626192092896 0.3798828125 0.0390625 0.048828125
0 0.5335937738418579 0.3896484375 0.0390625 0.048828125
0 0.5757812261581421 0.4013671875 0.0390625 0.048828125
0 0.6195312738418579 0.4130859375 0.0390625 0.048828125
0 0.6617187261581421 0.4228515625 0.0390625 0.048828125
0 0.37109375 0.2939453125 0.0390625 0.048828125
0 0.41484373807907104 0.3037109375 0.0390625 0.048828125
0 0.45703125 0.3154296875 0.0390625 0.048828125
0 0.49921876192092896 0.3271484375 0.0390625 0.048828125
0 0.54296875 0.3369140625 0.0390625 0.048828125
0 0.585156261920929 0.3486328125 0.0390625 0.048828125
0 0.6273437738418579 0.3583984375 0.0390625 0.048828125
0 0.6695312261581421 0.3701171875 0.0390625 0.048828125
0 0.3804687559604645 0.2412109375 0.0390625 0.048828125
0 0.42265623807907104 0.2509765625 0.0390625 0.048828125
0 0.46484375 0.2626953125 0.0390625 0.048828125
0 0.507031261920929 0.2744140625 0.0390625 0.048828125
0 0.55078125 0.2841796875 0.0390625 0.048828125
0 0.592968761920929 0.2958984375 0.0390625 0.048828125
0 0.6351562738418579 0.3056640625 0.0390625 0.048828125
0 0.6773437261581421 0.3173828125 0.0390625 0.048828125
