0 0.28984373807907104 0.8154296875 0.0390625 0.048828125
0 0.3335937559604645 0.8193359375 0.0390625 0.048828125
0 0.3773437440395355 0.8232421875 0.0390625 0.048828125
0 0.42109376192092896 0.8271484375 0.0390625 0.048828125
0 0.46484375 0.8310546875 0.0390625 0.048828125
0 0.508593738079071 0.8349609375 0.0390625 0.048828125
0 0.553906261920929 0.8388671875 0.0390625 0.048828125
0 0.59765625 0.8427734375 0.0390625 0.048828125
0 0.29296875 0.7607421875 0.0390625 0.048828125
0 0.33671873807907104 0.7646484375 0.0390625 0.048828125
0 0.3804687559604645 0.7685546875 0.0390625 0.048828125
0 0.4242187440395355 0.7724609375 0.0390625 0.048828125
0 0.46796876192092896 0.7763671875 0.0390625 0.048828125
0 0.51171875 0.7802734375 0.0390625 0.048828125
0 0.555468738079071 0.7841796875 0.0390625 0.048828125
0 0.600781261920929 0.7880859375 0.0390625 0.048828125
0 0.29609376192092896 0.7041015625 0.0390625 0.048828125
0 0.33984375 0.7080078125 0.0390625 0.048828125
0 0.38359373807907104 0.7138671875 0.0390625 0.048828125
0 0.4273437559604645 0.7177734375 0.0390625 0.048828125
0 0.4710937440395355 0.7216796875 0.0390625 0.048828125
0 0.514843761920929 0.7255859375 0.0390625 0.048828125
0 0.55859375 0.7294921875 0.0390625 0.048828125
0 0.602343738079071 0.7333984375 0.0390625 0.048828125
0 0.2992187440395355 0.6494140625 0.0390625 0.048828125
0 0.34296876192092896 0.6552734375 0.0390625 0.048828125
0 0.38671875 0.6591796875 0.0390625 0.048828125
0 0.43046873807907104 0.6630859375 0.0390625 0.048828125
0 0.4742187559604645 0.6669921875 0.0390625 0.048828125
0 0.5179687738418579 0.6708984375 0.0390625 0.048828125
0 0.561718761920929 0.6748046875 0.0390625 0.048828125
0 0.60546875 0.6787109375 0.0390625 0.048828125
0 0.3023437559604645 0.5947265625 0.0390625 0.048828125
0 0.3460937440395355 0.5986328125 0.0390625 0.048828125
0 0.38984376192092896 0.6044921875 0.0390625 0.048828125
0 0.43359375 0.6083984375 0.0390625 0.048828125
0 0.47734373807907104 0.6123046875 0.0390625 0.048828125
0 0.5210937261581421 0.6162109375 0.0390625 0.048828125
0 0.5648437738418579 0.6201171875 0.0390625 0.048828125
0 0.608593761920929 0.6259765625 0.0390625 0.048828125
0 0.3070312440395355 0.5419921875 0.0390625 0.048828125
0 0.3492187559604645 0.5458984375 0.0390625 0.048828125
0 0.3929687440395355 0.5498046875 0.0390625 0.048828125
0 0.43671876192092896 0.5537109375 0.0390625 0.048828125
0 0.48046875 0.5576171875 0.0390625 0.048828125
0 0.524218738079071 0.5615234375 0.0390625 0.048828125
0 0.5679687261581421 0.5673828125 0.0390625 0.048828125
0 0.6117187738418579 0.5712890625 0.0390625 0.048828125
0 0.3101562559604645 0.4873046875 0.0390625 0.048828125
0 0.3539062440395355 0.4912109375 0.0390625 0.048828125
0 0.3960937559604645 0.4951171875 0.0390625 0.048828125
0 0.4398437440395355 0.4990234375 0.0390625 0.048828125
0 0.48359376192092896 0.5048828125 0.0390625 0.048828125
0 0.52734375 0.5087890625 0.0390625 0.048828125
0 0.571093738079071 0.5126953125 0.0390625 0.048828125
0 0.6148437261581421 0.5166015625 0.0390625 0.048828125
0 0.31328123807907104 0.4326171875 0.0390625 0.048828125
0 0.3570312559604645 0.4365234375 0.0390625 0.048828125
0 0.4007812440395355 0.4423828125 0.0390625 0.048828125
0 0.4429687559604645 0.4462890625 0.0390625 0.048828125
0 0.4867187440395355 0.4501953125 0.0390625 0.048828125
0 0.530468761920929 0.4541015625 0.0390625 0.048828125
0 0.57421875 0.4580078125 0.0390625 0.048828125
0 0.617968738079071 0.4619140625 0.0390625 0.048828125
0 0.31640625 0.3779296875 0.0390625 0.048828125
0 0.36015623807907104 0.3837890625 0.0390625 0.048828125
0 0.4039062559604645 0.3876953125 0.0390625 0.048828125
0 0.4476562440395355 0.3916015625 0.0390625 0.048828125
0 0.4898437559604645 0.3955078125 0.0390625 0.048828125
0 0.5335937738418579 0.4013671875 0.0390625 0.048828125
0 0.577343761920929 0.4052734375 0.0390625 0.048828125
0 0.62109375 0.4091796875 0.0390625 0.048828125
0 0.31953126192092896 0.3251953125 0.0390625 0.048828125
0 0.36328125 0.3291015625 0.0390625 0.048828125
0 0.40703123807907104 0.3330078125 0.0390625 0.048828125
0 0.4507812559604645 0.3388671875 0.0390625 0.048828125
0 0.4945312440395355 0.3427734375 0.0390625 0.048828125
0 0.5367187261581421 0.3466796875 0.0390625 0.048828125
0 0.5804687738418579 0.3505859375 0.0390625 0.048828125
0 0.624218761920929 0.3544921875 0.0390625 0.048828125
0 0.32421875 0.2705078125 0.0390625 0.048828125
0 0.36640626192092896 0.2744140625 0.0390625 0.048828125
0 0.41015625 0.2802734375 0.0390625 0.048828125
0 0.45390623807907104 0.2841796875 0.0390625 0.048828125
0 0.4976562559604645 0.2880859375 0.0390625 0.048828125
0 0.5414062738418579 0.2919921875 0.0390625 0.048828125
0 0.5835937261581421 0.2978515625 0.0390625 0.048828125
0 0.6273437738418579 0.3017578125 0.0390625 0.048828125
