0 0.42578125 0.2412109375 0.0390625 0.048828125
0 0.46796876192092896 0.2353515625 0.0390625 0.048828125
0 0.508593738079071 0.2294921875 0.0390625 0.048828125
0 0.55078125 0.2216796875 0.0390625 0.048828125
0 0.5914062261581421 0.2158203125 0.0390625 0.048828125
0 0.633593738079071 0.2099609375 0.0390625 0.048828125
0 0.67578125 0.2041015625 0.0390625 0.048828125
0 0.7164062261581421 0.1962890625 0.0390625 0.048828125
0 0.43359375 0.2861328125 0.0390625 0.048828125
0 0.4742187559604645 0.2802734375 0.0390625 0.048828125
0 0.516406238079071 0.2744140625 0.0390625 0.048828125
0 0.55859375 0.2685546875 0.0390625 0.048828125
0 0.5992187261581421 0.2607421875 0.0390625 0.048828125
0 0.641406238079071 0.2548828125 0.0390625 0.048828125
0 0.68359375 0.2490234375 0.0390625 0.048828125
0 0.7242187261581421 0.2431640625 0.0390625 0.048828125
0 0.4398437440395355 0.3330078125 0.0390625 0.048828125
0 0.4820312559604645 0.3271484375 0.0390625 0.048828125
0 0.524218738079071 0.3212890625 0.0390625 0.048828125
0 0.56640625 0.3134765625 0.0390625 0.048828125
0 0.6070312261581421 0.3076171875 0.0390625 0.048828125
0 0.649218738079071 0.3017578125 0.0390625 0.048828125
0 0.69140625 0.2939453125 0.0390625 0.048828125
0 0.7320312261581421 0.2880859375 0.0390625 0.048828125
0 0.4476562440395355 0.3798828125 0.0390625 0.048828125
0 0.4898437559604645 0.3740234375 0.0390625 0.048828125
0 0.532031238079071 0.3662109375 0.0390625 0.048828125
0 0.57421875 0.3603515625 0.0390625 0.048828125
0 0.6148437261581421 0.3544921875 0.0390625 0.048828125
0 0.657031238079071 0.3466796875 0.0390625 0.048828125
0 0.69921875 0.3408203125 0.0390625 0.048828125
0 0.741406261920929 0.3349609375 0.0390625 0.048828125
0 0.4554687440395355 0.4267578125 0.0390625 0.048828125
0 0.4976562559604645 0.4189453125 0.0390625 0.048828125
0 0.539843738079071 0.4130859375 0.0390625 0.048828125
0 0.5804687738418579 0.4072265625 0.0390625 0.048828125
0 0.6226562261581421 0.4013671875 0.0390625 0.048828125
0 0.664843738079071 0.3935546875 0.0390625 0.048828125
0 0.70703125 0.3876953125 0.0390625 0.048828125
0 0.749218761920929 0.3818359375 0.0390625 0.048828125
0 0.4632812440395355 0.4736328125 0.0390625 0.048828125
0 0.5054687261581421 0.4677734375 0.0390625 0.048828125
0 0.547656238079071 0.4599609375 0.0390625 0.048828125
0 0.58984375 0.4541015625 0.0390625 0.048828125
0 0.6304687261581421 0.4482421875 0.0390625 0.048828125
0 0.6742187738418579 0.4404296875 0.0390625 0.048828125
0 0.71484375 0.4345703125 0.0390625 0.048828125
0 0.757031261920929 0.4267578125 0.0390625 0.048828125
0 0.46953123807907104 0.5205078125 0.0390625 0.048828125
0 0.5132812261581421 0.5146484375 0.0390625 0.048828125
0 0.555468738079071 0.5068359375 0.0390625 0.048828125
0 0.59765625 0.5009765625 0.0390625 0.048828125
0 0.639843761920929 0.4951171875 0.0390625 0.048828125
0 0.6820312738418579 0.4873046875 0.0390625 0.048828125
0 0.7242187261581421 0.4814453125 0.0390625 0.048828125
0 0.766406238079071 0.4755859375 0.0390625 0.048828125
0 0.47734373807907104 0.5673828125 0.0390625 0.048828125
0 0.5210937261581421 0.5615234375 0.0390625 0.048828125
0 0.563281238079071 0.5537109375 0.0390625 0.048828125
0 0.60546875 0.5478515625 0.0390625 0.048828125
0 0.647656261920929 0.5419921875 0.0390625 0.048828125
0 0.6898437738418579 0.5341796875 0.0390625 0.048828125
0 0.7320312261581421 0.5283203125 0.0390625 0.048828125
0 0.774218738079071 0.5224609375 0.0390625 0.048828125
0 0.48515623807907104 0.6162109375 0.0390625 0.048828125
0 0.5289062261581421 0.6083984375 0.0390625 0.048828125
0 0.571093738079071 0.6025390625 0.0390625 0.048828125
0 0.61328125 0.5966796875 0.0390625 0.048828125
0 0.655468761920929 0.5888671875 0.0390625 0.048828125
0 0.6976562738418579 0.5830078125 0.0390625 0.048828125
0 0.7398437261581421 0.5771484375 0.0390625 0.048828125
0 0.7835937738418579 0.5693359375 0.0390625 0.048828125
0 0.49296873807907104 0.6630859375 0.0390625 0.048828125
0 0.5367187261581421 0.6572265625 0.0390625 0.048828125
0 0.578906238079071 0.6494140625 0.0390625 0.048828125
0 0.62109375 0.6435546875 0.0390625 0.048828125
0 0.663281261920929 0.6376953125 0.0390625 0.048828125
0 0.70703125 0.6298828125 0.0390625 0.048828125
0 0.749218761920929 0.6240234375 0.0390625 0.048828125
0 0.7914062738418579 0.6181640625 0.0390625 0.048828125
0 0.500781238079071 0.7119140625 0.0390625 0.048828125
0 0.5445312261581421 0.7060546875 0.0390625 0.048828125
0 0.586718738079071 0.6982421875 0.0390625 0.048828125
0 0.62890625 0.6923828125 0.0390625 0.048828125
0 0.672656238079071 0.6845703125 0.0390625 0.048828125
0 0.71484375 0.6787109375 0.0390625 0.048828125
0 0.758593738079071 0.6728515625 0.0390625 0.048828125
0 0.80078125 0.6650390625 0.0390625 0.048828125
