0 0.21953125298023224 0.3564453125 0.0390625 0.048828125
0 0.2601562440395355 0.3369140625 0.0390625 0.048828125
0 0.30078125 0.3154296875 0.0390625 0.048828125
0 0.33984375 0.2958984375 0.0390625 0.048828125
0 0.3804687559604645 0.2763671875 0.0390625 0.048828125
0 0.42109376192092896 0.2548828125 0.0390625 0.048828125
0 0.46015626192092896 0.2353515625 0.0390625 0.048828125
0 0.500781238079071 0.2158203125 0.0390625 0.048828125
0 0.23515625298023224 0.4052734375 0.0390625 0.048828125
0 0.2757812440395355 0.3857421875 0.0390625 0.048828125
0 0.31640625 0.3662109375 0.0390625 0.048828125
0 0.3570312559604645 0.3447265625 0.0390625 0.048828125
0 0.3960937559604645 0.3251953125 0.0390625 0.048828125
0 0.43671876192092896 0.3056640625 0.0390625 0.048828125
0 0.47734373807907104 0.2841796875 0.0390625 0.048828125
0 0.516406238079071 0.2646484375 0.0390625 0.048828125
0 0.25078123807907104 0.4541015625 0.0390625 0.048828125
0 0.2914062440395355 0.4345703125 0.0390625 0.048828125
0 0.33203125 0.4150390625 0.0390625 0.048828125
0 0.3726562559604645 0.3955078125 0.0390625 0.048828125
0 0.41328126192092896 0.3740234375 0.0390625 0.048828125
0 0.45234376192092896 0.3544921875 0.0390625 0.048828125
0 0.49296873807907104 0.3349609375 0.0390625 0.048828125
0 0.5335937738418579 0.3134765625 0.0390625 0.048828125
0 0.2679687440395355 0.5048828125 0.0390625 0.048828125
0 0.30859375 0.4833984375 0.0390625 0.048828125
0 0.34765625 0.4638671875 0.0390625 0.048828125
0 0.3882812559604645 0.4443359375 0.0390625 0.048828125
0 0.42890626192092896 0.4228515625 0.0390625 0.048828125
0 0.46953123807907104 0.4033203125 0.0390625 0.048828125
0 0.508593738079071 0.3837890625 0.0390625 0.048828125
0 0.5492187738418579 0.3642578125 0.0390625 0.048828125
0 0.2835937440395355 0.5537109375 0.0390625 0.048828125
0 0.32421875 0.5341796875 0.0390625 0.048828125
0 0.3648437559604645 0.5126953125 0.0390625 0.048828125
0 0.40546876192092896 0.4931640625 0.0390625 0.048828125
0 0.44453126192092896 0.4736328125 0.0390625 0.048828125
0 0.48515623807907104 0.4541015625 0.0390625 0.048828125
0 0.5257812738418579 0.4326171875 0.0390625 0.048828125
0 0.5648437738418579 0.4130859375 0.0390625 0.048828125
0 0.2992187440395355 0.6044921875 0.0390625 0.048828125
0 0.33984375 0.5830078125 0.0390625 0.048828125
0 0.3804687559604645 0.5634765625 0.0390625 0.048828125
0 0.42109376192092896 0.5419921875 0.0390625 0.048828125
0 0.46171873807907104 0.5224609375 0.0390625 0.048828125
0 0.500781238079071 0.5029296875 0.0390625 0.048828125
0 0.5414062738418579 0.4814453125 0.0390625 0.048828125
0 0.58203125 0.4619140625 0.0390625 0.048828125
0 0.3148437440395355 0.6533203125 0.0390625 0.048828125
0 0.35546875 0.6318359375 0.0390625 0.048828125
0 0.3960937559604645 0.6123046875 0.0390625 0.048828125
0 0.43671876192092896 0.5927734375 0.0390625 0.048828125
0 0.47734373807907104 0.5732421875 0.0390625 0.048828125
0 0.5179687738418579 0.5517578125 0.0390625 0.048828125
0 0.5570312738418579 0.5322265625 0.0390625 0.048828125
0 0.59765625 0.5107421875 0.0390625 0.048828125
0 0.33203125 0.7041015625 0.0390625 0.048828125
0 0.3726562559604645 0.6826171875 0.0390625 0.048828125
0 0.41328126192092896 0.6630859375 0.0390625 0.048828125
0 0.45390623807907104 0.6416015625 0.0390625 0.048828125
0 0.49296873807907104 0.6220703125 0.0390625 0.048828125
0 0.5335937738418579 0.6025390625 0.0390625 0.048828125
0 0.57421875 0.5810546875 0.0390625 0.048828125
0 0.6148437261581421 0.5615234375 0.0390625 0.048828125
0 0.34765625 0.7529296875 0.0390625 0.048828125
0 0.3882812559604645 0.7333984375 0.0390625 0.048828125
0 0.42890626192092896 0.7138671875 0.0390625 0.048828125
0 0.46953123807907104 0.6923828125 0.0390625 0.048828125
0 0.5101562738418579 0.6708984375 0.0390625 0.048828125
0 0.55078125 0.6513671875 0.0390625 0.048828125
0 0.5914062261581421 0.6318359375 0.0390625 0.048828125
0 0.632031261920929 0.6123046875 0.0390625 0.048828125
0 0.36328125 0.8037109375 0.0390625 0.048828125
0 0.4039062559604645 0.7841796875 0.0390625 0.048828125
0 0.44453126192092896 0.7626953125 0.0390625 0.048828125
0 0.4867187440395355 0.7431640625 0.0390625 0.048828125
0 0.52734375 0.7216796875 0.0390625 0.048828125
0 0.56640625 0.7021484375 0.0390625 0.048828125
0 0.6070312261581421 0.6826171875 0.0390625 0.048828125
0 0.647656261920929 0.6611328125 0.0390625 0.048828125
0 0.3804687559604645 0.8544921875 0.0390625 0.048828125
0 0.42109376192092896 0.8349609375 0.0390625 0.048828125
0 0.46171873807907104 0.8134765625 0.0390625 0.048828125
0 0.5023437738418579 0.7919921875 0.0390625 0.048828125
0 0.54296875 0.7724609375 0.0390625 0.048828125
0 0.5835937261581421 0.7529296875 0.0390625 0.048828125
0 0.624218761920929 0.7314453125 0.0390625 0.048828125
0 0.664843738079071 0.7119140625 0.0390625 0.048828125
