0 0.42890626192092896 0.2275390625 0.0390625 0.048828125
0 0.4710937440395355 0.2216796875 0.0390625 0.048828125
0 0.51171875 0.2158203125 0.0390625 0.048828125
0 0.553906261920929 0.2080078125 0.0390625 0.048828125
0 0.5960937738418579 0.2021484375 0.0390625 0.048828125
0 0.63671875 0.1943359375 0.0390625 0.048828125
0 0.678906261920929 0.1884765625 0.0390625 0.048828125
0 0.7210937738418579 0.1806640625 0.0390625 0.048828125
0 0.43671876192092896 0.2724609375 0.0390625 0.048828125
0 0.4789062440395355 0.2646484375 0.0390625 0.048828125
0 0.51953125 0.2587890625 0.0390625 0.048828125
0 0.561718761920929 0.2509765625 0.0390625 0.048828125
0 0.6039062738418579 0.2451171875 0.0390625 0.048828125
0 0.6460937261581421 0.2373046875 0.0390625 0.048828125
0 0.686718761920929 0.2314453125 0.0390625 0.048828125
0 0.7289062738418579 0.2236328125 0.0390625 0.048828125
0 0.44453126192092896 0.3154296875 0.0390625 0.048828125
0 0.4867187440395355 0.3076171875 0.0390625 0.048828125
0 0.5289062261581421 0.3017578125 0.0390625 0.048828125
0 0.571093738079071 0.2939453125 0.0390625 0.048828125
0 0.6117187738418579 0.2880859375 0.0390625 0.048828125
0 0.6539062261581421 0.2802734375 0.0390625 0.048828125
0 0.696093738079071 0.2744140625 0.0390625 0.048828125
0 0.73828125 0.2666015625 0.0390625 0.048828125
0 0.45234376192092896 0.3583984375 0.0390625 0.048828125
0 0.4945312440395355 0.3525390625 0.0390625 0.048828125
0 0.5367187261581421 0.3447265625 0.0390625 0.048828125
0 0.578906238079071 0.3388671875 0.0390625 0.048828125
0 0.62109375 0.3310546875 0.0390625 0.048828125
0 0.663281261920929 0.3251953125 0.0390625 0.048828125
0 0.703906238079071 0.3173828125 0.0390625 0.048828125
0 0.74609375 0.3115234375 0.0390625 0.048828125
0 0.46015626192092896 0.4033203125 0.0390625 0.048828125
0 0.5023437738418579 0.3955078125 0.0390625 0.048828125
0 0.5445312261581421 0.3896484375 0.0390625 0.048828125
0 0.586718738079071 0.3818359375 0.0390625 0.048828125
0 0.62890625 0.3759765625 0.0390625 0.048828125
0 0.671093761920929 0.3681640625 0.0390625 0.048828125
0 0.7132812738418579 0.3603515625 0.0390625 0.048828125
0 0.7554687261581421 0.3544921875 0.0390625 0.048828125
0 0.46953123807907104 0.4462890625 0.0390625 0.048828125
0 0.51171875 0.4404296875 0.0390625 0.048828125
0 0.5523437261581421 0.4326171875 0.0390625 0.048828125
0 0.5960937738418579 0.4267578125 0.0390625 0.048828125
0 0.6382812261581421 0.4189453125 0.0390625 0.048828125
0 0.680468738079071 0.4130859375 0.0390625 0.048828125
0 0.72265625 0.4052734375 0.0390625 0.048828125
0 0.764843761920929 0.3974609375 0.0390625 0.048828125
0 0.47734373807907104 0.4912109375 0.0390625 0.048828125
0 0.51953125 0.4853515625 0.0390625 0.048828125
0 0.561718761920929 0.4775390625 0.0390625 0.048828125
0 0.6039062738418579 0.4716796875 0.0390625 0.048828125
0 0.6460937261581421 0.4638671875 0.0390625 0.048828125
0 0.688281238079071 0.4560546875 0.0390625 0.048828125
0 0.7320312261581421 0.4501953125 0.0390625 0.048828125
0 0.774218738079071 0.4423828125 0.0390625 0.048828125
0 0.48515623807907104 0.5361328125 0.0390625 0.048828125
0 0.52734375 0.5302734375 0.0390625 0.048828125
0 0.569531261920929 0.5224609375 0.0390625 0.048828125
0 0.61328125 0.5146484375 0.0390625 0.048828125
0 0.655468761920929 0.5087890625 0.0390625 0.048828125
0 0.6976562738418579 0.5009765625 0.0390625 0.048828125
0 0.7398437261581421 0.4951171875 0.0390625 0.048828125
0 0.7835937738418579 0.4873046875 0.0390625 0.048828125
0 0.49296873807907104 0.5810546875 0.0390625 0.048828125
0 0.5367187261581421 0.5751953125 0.0390625 0.048828125
0 0.578906238079071 0.5673828125 0.0390625 0.048828125
0 0.62109375 0.5595703125 0.0390625 0.048828125
0 0.664843738079071 0.5537109375 0.0390625 0.048828125
0 0.70703125 0.5458984375 0.0390625 0.048828125
0 0.749218761920929 0.5400390625 0.0390625 0.048828125
0 0.79296875 0.5322265625 0.0390625 0.048828125
0 0.5023437738418579 0.6279296875 0.0390625 0.048828125
0 0.5445312261581421 0.6201171875 0.0390625 0.048828125
0 0.586718738079071 0.6123046875 0.0390625 0.048828125
0 0.6304687261581421 0.6064453125 0.0390625 0.048828125
0 0.672656238079071 0.5986328125 0.0390625 0.048828125
0 0.7164062261581421 0.5927734375 0.0390625 0.048828125
0 0.758593738079071 0.5849609375 0.0390625 0.048828125
0 0.80078125 0.5771484375 0.0390625 0.048828125
0 0.5101562738418579 0.6728515625 0.0390625 0.048828125
0 0.5523437261581421 0.6669921875 0.0390625 0.048828125
0 0.5960937738418579 0.6591796875 0.0390625 0.048828125
0 0.6382812261581421 0.6513671875 0.0390625 0.048828125
0 0.6820312738418579 0.6455078125 0.0390625 0.048828125
0 0.725781261920929 0.6376953125 0.0390625 0.048828125
0 0.7679687738418579 0.6298828125 0.0390625 0.048828125
0 0.811718761920929 0.6240234375 0.0390625 0.048828125
