0 0.23203125596046448 0.4189453125 0.0390625 0.048828125
0 0.25703126192092896 0.3818359375 0.0390625 0.048828125
0 0.28203123807907104 0.3427734375 0.0390625 0.048828125
0 0.30859375 0.3037109375 0.0390625 0.048828125
0 0.3335937559604645 0.2666015625 0.0390625 0.048828125
0 0.35859376192092896 0.2275390625 0.0390625 0.048828125
0 0.38359373807907104 0.1904296875 0.0390625 0.048828125
0 0.4085937440395355 0.1513671875 0.0390625 0.048828125
0 0.26640623807907104 0.4541015625 0.0390625 0.048828125
0 0.2914062440395355 0.4169921875 0.0390625 0.048828125
0 0.31640625 0.3779296875 0.0390625 0.048828125
0 0.34296876192092896 0.3388671875 0.0390625 0.048828125
0 0.36796873807907104 0.2998046875 0.0390625 0.048828125
0 0.3929687440395355 0.2626953125 0.0390625 0.048828125
0 0.41796875 0.2236328125 0.0390625 0.048828125
0 0.44140625 0.1865234375 0.0390625 0.048828125
0 0.2992187440395355 0.4892578125 0.0390625 0.048828125
0 0.3257812559604645 0.4501953125 0.0390625 0.048828125
0 0.35078126192092896 0.4111328125 0.0390625 0.048828125
0 0.37578123807907104 0.3740234375 0.0390625 0.048828125
0 0.4007812440395355 0.3349609375 0.0390625 0.048828125
0 0.42578125 0.2958984375 0.0390625 0.048828125
0 0.4507812559604645 0.2587890625 0.0390625 0.048828125
0 0.47578126192092896 0.2197265625 0.0390625 0.048828125
0 0.3335937559604645 0.5244140625 0.0390625 0.048828125
0 0.36015623807907104 0.4853515625 0.0390625 0.048828125
0 0.3851562440395355 0.4462890625 0.0390625 0.048828125
0 0.41015625 0.4072265625 0.0390625 0.048828125
0 0.4351562559604645 0.3701171875 0.0390625 0.048828125
0 0.46015626192092896 0.3310546875 0.0390625 0.048828125
0 0.48515623807907104 0.2919921875 0.0390625 0.048828125
0 0.5101562738418579 0.2548828125 0.0390625 0.048828125
0 0.36796873807907104 0.5595703125 0.0390625 0.048828125
0 0.3929687440395355 0.5205078125 0.0390625 0.048828125
0 0.4195312559604645 0.4814453125 0.0390625 0.048828125
0 0.44453126192092896 0.4423828125 0.0390625 0.048828125
0 0.46953123807907104 0.4033203125 0.0390625 0.048828125
0 0.4945312440395355 0.3662109375 0.0390625 0.048828125
0 0.5179687738418579 0.3271484375 0.0390625 0.048828125
0 0.54296875 0.2880859375 0.0390625 0.048828125
0 0.40234375 0.5947265625 0.0390625 0.048828125
0 0.4273437559604645 0.5556640625 0.0390625 0.048828125
0 0.45234376192092896 0.5166015625 0.0390625 0.048828125
0 0.47734373807907104 0.4775390625 0.0390625 0.048828125
0 0.5023437738418579 0.4384765625 0.0390625 0.048828125
0 0.52734375 0.3994140625 0.0390625 0.048828125
0 0.5523437261581421 0.3623046875 0.0390625 0.048828125
0 0.5757812261581421 0.3232421875 0.0390625 0.048828125
0 0.43671876192092896 0.6279296875 0.0390625 0.048828125
0 0.46171873807907104 0.5888671875 0.0390625 0.048828125
0 0.4867187440395355 0.5498046875 0.0390625 0.048828125
0 0.51171875 0.5126953125 0.0390625 0.048828125
0 0.5367187261581421 0.4736328125 0.0390625 0.048828125
0 0.5601562261581421 0.4345703125 0.0390625 0.048828125
0 0.585156261920929 0.3955078125 0.0390625 0.048828125
0 0.610156238079071 0.3564453125 0.0390625 0.048828125
0 0.4710937440395355 0.6630859375 0.0390625 0.048828125
0 0.4945312440395355 0.6240234375 0.0390625 0.048828125
0 0.5210937261581421 0.5849609375 0.0390625 0.048828125
0 0.546093761920929 0.5458984375 0.0390625 0.048828125
0 0.569531261920929 0.5068359375 0.0390625 0.048828125
0 0.594531238079071 0.4697265625 0.0390625 0.048828125
0 0.6195312738418579 0.4306640625 0.0390625 0.048828125
0 0.6429687738418579 0.3916015625 0.0390625 0.048828125
0 0.50390625 0.6982421875 0.0390625 0.048828125
0 0.5289062261581421 0.6591796875 0.0390625 0.048828125
0 0.553906261920929 0.6201171875 0.0390625 0.048828125
0 0.578906238079071 0.5810546875 0.0390625 0.048828125
0 0.6039062738418579 0.5419921875 0.0390625 0.048828125
0 0.62890625 0.5029296875 0.0390625 0.048828125
0 0.65234375 0.4638671875 0.0390625 0.048828125
0 0.6773437261581421 0.4267578125 0.0390625 0.048828125
0 0.538281261920929 0.7333984375 0.0390625 0.048828125
0 0.563281238079071 0.6943359375 0.0390625 0.048828125
0 0.5882812738418579 0.6552734375 0.0390625 0.048828125
0 0.61328125 0.6162109375 0.0390625 0.048828125
0 0.6382812261581421 0.5771484375 0.0390625 0.048828125
0 0.6617187261581421 0.5380859375 0.0390625 0.048828125
0 0.686718761920929 0.4990234375 0.0390625 0.048828125
0 0.711718738079071 0.4599609375 0.0390625 0.048828125
0 0.5726562738418579 0.7685546875 0.0390625 0.048828125
0 0.59765625 0.7294921875 0.0390625 0.048828125
0 0.6226562261581421 0.6904296875 0.0390625 0.048828125
0 0.647656261920929 0.6494140625 0.0390625 0.048828125
0 0.671093761920929 0.6103515625 0.0390625 0.048828125
0 0.696093738079071 0.5712890625 0.0390625 0.048828125
0 0.7210937738418579 0.5322265625 0.0390625 0.048828125
0 0.7445312738418579 0.4951171875 0.0390625 0.048828125
