0 0.21328124403953552 0.5107421875 0.0390625 0.048828125
0 0.23671874403953552 0.4638671875 0.0390625 0.048828125
0 0.25859373807907104 0.4169921875 0.0390625 0.048828125
0 0.28046876192092896 0.3720703125 0.0390625 0.048828125
0 0.30390626192092896 0.3251953125 0.0390625 0.048828125
0 0.3257812559604645 0.2783203125 0.0390625 0.048828125
0 0.34765625 0.2314453125 0.0390625 0.048828125
0 0.37109375 0.1865234375 0.0390625 0.048828125
0 0.24921874701976776 0.5361328125 0.0390625 0.048828125
0 0.2710937559604645 0.4892578125 0.0390625 0.048828125
0 0.2945312559604645 0.4443359375 0.0390625 0.048828125
0 0.31640625 0.3974609375 0.0390625 0.048828125
0 0.3382812440395355 0.3505859375 0.0390625 0.048828125
0 0.3617187440395355 0.3056640625 0.0390625 0.048828125
0 0.38359373807907104 0.2587890625 0.0390625 0.048828125
0 0.40546876192092896 0.2119140625 0.0390625 0.048828125
0 0.28515625 0.5634765625 0.0390625 0.048828125
0 0.3070312440395355 0.5166015625 0.0390625 0.048828125
0 0.3304687440395355 0.4697265625 0.0390625 0.048828125
0 0.35234373807907104 0.4248046875 0.0390625 0.048828125
0 0.37421876192092896 0.3779296875 0.0390625 0.048828125
0 0.3960937559604645 0.3310546875 0.0390625 0.048828125
0 0.4195312559604645 0.2841796875 0.0390625 0.048828125
0 0.44140625 0.2373046875 0.0390625 0.048828125
0 0.32109373807907104 0.5908203125 0.0390625 0.048828125
0 0.34296876192092896 0.5439453125 0.0390625 0.048828125
0 0.3648437559604645 0.4970703125 0.0390625 0.048828125
0 0.3882812559604645 0.4501953125 0.0390625 0.048828125
0 0.41015625 0.4033203125 0.0390625 0.048828125
0 0.4320312440395355 0.3564453125 0.0390625 0.048828125
0 0.4554687440395355 0.3115234375 0.0390625 0.048828125
0 0.47734373807907104 0.2646484375 0.0390625 0.048828125
0 0.3570312559604645 0.6162109375 0.0390625 0.048828125
0 0.37890625 0.5693359375 0.0390625 0.048828125
0 0.40234375 0.5224609375 0.0390625 0.048828125
0 0.4242187440395355 0.4755859375 0.0390625 0.048828125
0 0.44609373807907104 0.4306640625 0.0390625 0.048828125
0 0.46796876192092896 0.3837890625 0.0390625 0.048828125
0 0.49140626192092896 0.3369140625 0.0390625 0.048828125
0 0.5132812261581421 0.2900390625 0.0390625 0.048828125
0 0.3929687440395355 0.6435546875 0.0390625 0.048828125
0 0.41484373807907104 0.5966796875 0.0390625 0.048828125
0 0.43828123807907104 0.5498046875 0.0390625 0.048828125
0 0.46015626192092896 0.5029296875 0.0390625 0.048828125
0 0.4820312559604645 0.4560546875 0.0390625 0.048828125
0 0.50390625 0.4091796875 0.0390625 0.048828125
0 0.52734375 0.3642578125 0.0390625 0.048828125
0 0.5492187738418579 0.3173828125 0.0390625 0.048828125
0 0.43046873807907104 0.6689453125 0.0390625 0.048828125
0 0.45234376192092896 0.6220703125 0.0390625 0.048828125
0 0.4742187559604645 0.5751953125 0.0390625 0.048828125
0 0.4976562559604645 0.5283203125 0.0390625 0.048828125
0 0.51953125 0.4814453125 0.0390625 0.048828125
0 0.5414062738418579 0.4365234375 0.0390625 0.048828125
0 0.563281238079071 0.3896484375 0.0390625 0.048828125
0 0.586718738079071 0.3427734375 0.0390625 0.048828125
0 0.4664062559604645 0.6962890625 0.0390625 0.048828125
0 0.48828125 0.6494140625 0.0390625 0.048828125
0 0.5101562738418579 0.6025390625 0.0390625 0.048828125
0 0.5335937738418579 0.5556640625 0.0390625 0.048828125
0 0.555468738079071 0.5087890625 0.0390625 0.048828125
0 0.577343761920929 0.4619140625 0.0390625 0.048828125
0 0.5992187261581421 0.4150390625 0.0390625 0.048828125
0 0.6226562261581421 0.3681640625 0.0390625 0.048828125
0 0.5023437738418579 0.7236328125 0.0390625 0.048828125
0 0.5257812738418579 0.6748046875 0.0390625 0.048828125
0 0.547656238079071 0.6298828125 0.0390625 0.048828125
0 0.569531261920929 0.5810546875 0.0390625 0.048828125
0 0.5914062261581421 0.5341796875 0.0390625 0.048828125
0 0.61328125 0.4892578125 0.0390625 0.048828125
0 0.63671875 0.4423828125 0.0390625 0.048828125
0 0.66015625 0.3955078125 0.0390625 0.048828125
0 0.539843738079071 0.7490234375 0.0390625 0.048828125
0 0.561718761920929 0.7021484375 0.0390625 0.048828125
0 0.5835937261581421 0.6552734375 0.0390625 0.048828125
0 0.6070312261581421 0.6083984375 0.0390625 0.048828125
0 0.62890625 0.5615234375 0.0390625 0.048828125
0 0.6507812738418579 0.5146484375 0.0390625 0.048828125
0 0.6742187738418579 0.4677734375 0.0390625 0.048828125
0 0.696093738079071 0.4208984375 0.0390625 0.048828125
0 0.577343761920929 0.7763671875 0.0390625 0.048828125
0 0.5992187261581421 0.7294921875 0.0390625 0.048828125
0 0.62109375 0.6826171875 0.0390625 0.048828125
0 0.6429687738418579 0.6357421875 0.0390625 0.048828125
0 0.6664062738418579 0.5888671875 0.0390625 0.048828125
0 0.688281238079071 0.5419921875 0.0390625 0.048828125
0 0.710156261920929 0.4951171875 0.0390625 0.048828125
0 0.733593761920929 0.4482421875 0.0390625 0.048828125
