0 0.2789062559604645 0.2958984375 0.0390625 0.048828125
0 0.3148437440395355 0.2724609375 0.0390625 0.048828125
0 0.35234373807907104 0.2490234375 0.0390625 0.048828125
0 0.3882812559604645 0.2255859375 0.0390625 0.048828125
0 0.42578125 0.2041015625 0.0390625 0.048828125
0 0.46171873807907104 0.1806640625 0.0390625 0.048828125
0 0.49921876192092896 0.1572265625 0.0390625 0.048828125
0 0.53515625 0.1337890625 0.0390625 0.048828125
0 0.2992187440395355 0.3388671875 0.0390625 0.048828125
0 0.33671873807907104 0.3154296875 0.0390625 0.048828125
0 0.37421876192092896 0.2919921875 0.0390625 0.048828125
0 0.41015625 0.2685546875 0.0390625 0.048828125
0 0.4476562440395355 0.2451171875 0.0390625 0.048828125
0 0.48515623807907104 0.2236328125 0.0390625 0.048828125
0 0.51953125 0.2001953125 0.0390625 0.048828125
0 0.5570312738418579 0.1767578125 0.0390625 0.048828125
0 0.3226562440395355 0.3818359375 0.0390625 0.048828125
0 0.35859376192092896 0.3583984375 0.0390625 0.048828125
0 0.3960937559604645 0.3349609375 0.0390625 0.048828125
0 0.4320312440395355 0.3115234375 0.0390625 0.048828125
0 0.46953123807907104 0.2880859375 0.0390625 0.048828125
0 0.5054687261581421 0.2646484375 0.0390625 0.048828125
0 0.54296875 0.2412109375 0.0390625 0.048828125
0 0.578906238079071 0.2197265625 0.0390625 0.048828125
0 0.34453123807907104 0.4248046875 0.0390625 0.048828125
0 0.3804687559604645 0.4013671875 0.0390625 0.048828125
0 0.41796875 0.3779296875 0.0390625 0.048828125
0 0.4554687440395355 0.3544921875 0.0390625 0.048828125
0 0.49140626192092896 0.3310546875 0.0390625 0.048828125
0 0.5289062261581421 0.3076171875 0.0390625 0.048828125
0 0.5648437738418579 0.2841796875 0.0390625 0.048828125
0 0.600781261920929 0.2607421875 0.0390625 0.048828125
0 0.36640626192092896 0.4677734375 0.0390625 0.048828125
0 0.40234375 0.4443359375 0.0390625 0.048828125
0 0.4398437440395355 0.4208984375 0.0390625 0.048828125
0 0.47734373807907104 0.3974609375 0.0390625 0.048828125
0 0.5132812261581421 0.3740234375 0.0390625 0.048828125
0 0.55078125 0.3505859375 0.0390625 0.048828125
0 0.586718738079071 0.3271484375 0.0390625 0.048828125
0 0.6226562261581421 0.3037109375 0.0390625 0.048828125
0 0.3882812559604645 0.5126953125 0.0390625 0.048828125
0 0.42578125 0.4873046875 0.0390625 0.048828125
0 0.46171873807907104 0.4638671875 0.0390625 0.048828125
0 0.49921876192092896 0.4404296875 0.0390625 0.048828125
0 0.53515625 0.4169921875 0.0390625 0.048828125
0 0.5726562738418579 0.3935546875 0.0390625 0.048828125
0 0.608593761920929 0.3701171875 0.0390625 0.048828125
0 0.6460937261581421 0.3466796875 0.0390625 0.048828125
0 0.41015625 0.5556640625 0.0390625 0.048828125
0 0.4476562440395355 0.5322265625 0.0390625 0.048828125
0 0.48359376192092896 0.5068359375 0.0390625 0.048828125
0 0.5210937261581421 0.4833984375 0.0390625 0.048828125
0 0.55859375 0.4599609375 0.0390625 0.048828125
0 0.594531238079071 0.4365234375 0.0390625 0.048828125
0 0.632031261920929 0.4130859375 0.0390625 0.048828125
0 0.66796875 0.3896484375 0.0390625 0.048828125
0 0.4320312440395355 0.5986328125 0.0390625 0.048828125
0 0.46953123807907104 0.5751953125 0.0390625 0.048828125
0 0.507031261920929 0.5517578125 0.0390625 0.048828125
0 0.54296875 0.5263671875 0.0390625 0.048828125
0 0.5804687738418579 0.5029296875 0.0390625 0.048828125
0 0.616406261920929 0.4794921875 0.0390625 0.048828125
0 0.6539062261581421 0.4560546875 0.0390625 0.048828125
0 0.69140625 0.4326171875 0.0390625 0.048828125
0 0.4554687440395355 0.6416015625 0.0390625 0.048828125
0 0.49140626192092896 0.6181640625 0.0390625 0.048828125
0 0.5289062261581421 0.5947265625 0.0390625 0.048828125
0 0.56640625 0.5712890625 0.0390625 0.048828125
0 0.6039062738418579 0.5458984375 0.0390625 0.048828125
0 0.639843761920929 0.5224609375 0.0390625 0.048828125
0 0.6773437261581421 0.4990234375 0.0390625 0.048828125
0 0.7132812738418579 0.4755859375 0.0390625 0.048828125
0 0.47734373807907104 0.6865234375 0.0390625 0.048828125
0 0.514843761920929 0.6630859375 0.0390625 0.048828125
0 0.5523437261581421 0.6376953125 0.0390625 0.048828125
0 0.5882812738418579 0.6142578125 0.0390625 0.048828125
0 0.625781238079071 0.5908203125 0.0390625 0.048828125
0 0.663281261920929 0.5673828125 0.0390625 0.048828125
0 0.69921875 0.5419921875 0.0390625 0.048828125
0 0.7367187738418579 0.5185546875 0.0390625 0.048828125
0 0.500781238079071 0.7314453125 0.0390625 0.048828125
0 0.538281261920929 0.7060546875 0.0390625 0.048828125
0 0.57421875 0.6826171875 0.0390625 0.048828125
0 0.6117187738418579 0.6572265625 0.0390625 0.048828125
0 0.649218738079071 0.6337890625 0.0390625 0.048828125
0 0.686718761920929 0.6103515625 0.0390625 0.048828125
0 0.72265625 0.5869140625 0.0390625 0.048828125
0 0.758593738079071 0.5615234375 0.0390625 0.048828125
