0 0.3804687559604645 0.2705078125 0.0390625 0.048828125
0 0.42265623807907104 0.2626953125 0.0390625 0.048828125
0 0.46484375 0.2529296875 0.0390625 0.048828125
0 0.507031261920929 0.2431640625 0.0390625 0.048828125
0 0.5492187738418579 0.2333984375 0.0390625 0.048828125
0 0.5914062261581421 0.2236328125 0.0390625 0.048828125
0 0.633593738079071 0.2138671875 0.0390625 0.048828125
0 0.67578125 0.2060546875 0.0390625 0.048828125
0 0.3882812559604645 0.3251953125 0.0390625 0.048828125
0 0.43046873807907104 0.3154296875 0.0390625 0.048828125
0 0.47265625 0.3056640625 0.0390625 0.048828125
0 0.514843761920929 0.2978515625 0.0390625 0.048828125
0 0.5570312738418579 0.2880859375 0.0390625 0.048828125
0 0.5992187261581421 0.2783203125 0.0390625 0.048828125
0 0.641406238079071 0.2685546875 0.0390625 0.048828125
0 0.68359375 0.2587890625 0.0390625 0.048828125
0 0.3960937559604645 0.3798828125 0.0390625 0.048828125
0 0.43828123807907104 0.3701171875 0.0390625 0.048828125
0 0.48046875 0.3603515625 0.0390625 0.048828125
0 0.522656261920929 0.3505859375 0.0390625 0.048828125
0 0.5648437738418579 0.3408203125 0.0390625 0.048828125
0 0.6070312261581421 0.3310546875 0.0390625 0.048828125
0 0.649218738079071 0.3212890625 0.0390625 0.048828125
0 0.69140625 0.3115234375 0.0390625 0.048828125
0 0.4039062559604645 0.4326171875 0.0390625 0.048828125
0 0.44609373807907104 0.4228515625 0.0390625 0.048828125
0 0.4898437559604645 0.4130859375 0.0390625 0.048828125
0 0.530468761920929 0.4052734375 0.0390625 0.048828125
0 0.5726562738418579 0.3955078125 0.0390625 0.048828125
0 0.6148437261581421 0.3857421875 0.0390625 0.048828125
0 0.657031238079071 0.3759765625 0.0390625 0.048828125
0 0.69921875 0.3662109375 0.0390625 0.048828125
0 0.41328126192092896 0.4873046875 0.0390625 0.048828125
0 0.4554687440395355 0.4775390625 0.0390625 0.048828125
0 0.4976562559604645 0.4677734375 0.0390625 0.048828125
0 0.539843738079071 0.4580078125 0.0390625 0.048828125
0 0.5804687738418579 0.4482421875 0.0390625 0.048828125
0 0.6226562261581421 0.4384765625 0.0390625 0.048828125
0 0.664843738079071 0.4287109375 0.0390625 0.048828125
0 0.70703125 0.4189453125 0.0390625 0.048828125
0 0.42109376192092896 0.5400390625 0.0390625 0.048828125
0 0.4632812440395355 0.5302734375 0.0390625 0.048828125
0 0.5054687261581421 0.5205078125 0.0390625 0.048828125
0 0.547656238079071 0.5107421875 0.0390625 0.048828125
0 0.58984375 0.5009765625 0.0390625 0.048828125
0 0.632031261920929 0.4931640625 0.0390625 0.048828125
0 0.6742187738418579 0.4833984375 0.0390625 0.048828125
0 0.71484375 0.4736328125 0.0390625 0.048828125
0 0.42890626192092896 0.5947265625 0.0390625 0.048828125
0 0.4710937440395355 0.5849609375 0.0390625 0.048828125
0 0.5132812261581421 0.5751953125 0.0390625 0.048828125
0 0.555468738079071 0.5654296875 0.0390625 0.048828125
0 0.59765625 0.5556640625 0.0390625 0.048828125
0 0.639843761920929 0.5458984375 0.0390625 0.048828125
0 0.6820312738418579 0.5361328125 0.0390625 0.048828125
0 0.7242187261581421 0.5263671875 0.0390625 0.048828125
0 0.43671876192092896 0.6494140625 0.0390625 0.048828125
0 0.4789062440395355 0.6396484375 0.0390625 0.048828125
0 0.5210937261581421 0.6298828125 0.0390625 0.048828125
0 0.563281238079071 0.6201171875 0.0390625 0.048828125
0 0.60546875 0.6083984375 0.0390625 0.048828125
0 0.647656261920929 0.6005859375 0.0390625 0.048828125
0 0.6898437738418579 0.5908203125 0.0390625 0.048828125
0 0.7320312261581421 0.5810546875 0.0390625 0.048828125
0 0.44453126192092896 0.7021484375 0.0390625 0.048828125
0 0.48828125 0.6923828125 0.0390625 0.048828125
0 0.5289062261581421 0.6826171875 0.0390625 0.048828125
0 0.571093738079071 0.6728515625 0.0390625 0.048828125
0 0.61328125 0.6630859375 0.0390625 0.048828125
0 0.655468761920929 0.6533203125 0.0390625 0.048828125
0 0.6976562738418579 0.6435546875 0.0390625 0.048828125
0 0.7398437261581421 0.6337890625 0.0390625 0.048828125
0 0.45390623807907104 0.7568359375 0.0390625 0.048828125
0 0.49609375 0.7470703125 0.0390625 0.048828125
0 0.538281261920929 0.7373046875 0.0390625 0.048828125
0 0.5804687738418579 0.7275390625 0.0390625 0.048828125
0 0.6226562261581421 0.7177734375 0.0390625 0.048828125
0 0.664843738079071 0.7080078125 0.0390625 0.048828125
0 0.70703125 0.6982421875 0.0390625 0.048828125
0 0.749218761920929 0.6884765625 0.0390625 0.048828125
0 0.46171873807907104 0.8115234375 0.0390625 0.048828125
0 0.50390625 0.8017578125 0.0390625 0.048828125
0 0.546093761920929 0.7919921875 0.0390625 0.048828125
0 0.5882812738418579 0.7822265625 0.0390625 0.048828125
0 0.6304687261581421 0.7705078125 0.0390625 0.048828125
0 0.672656238079071 0.7607421875 0.0390625 0.048828125
0 0.71484375 0.7509765625 0.0390625 0.048828125
0 0.757031261920929 0.7412109375 0.0390625 0.048828125
