0 0.13515624403953552 0.4580078125 0.0390625 0.048828125
0 0.15859374403953552 0.5029296875 0.0390625 0.048828125
0 0.18203124403953552 0.5458984375 0.0390625 0.048828125
0 0.20546874403953552 0.5908203125 0.0390625 0.048828125
0 0.22734375298023224 0.6357421875 0.0390625 0.048828125
0 0.25078123807907104 0.6806640625 0.0390625 0.048828125
0 0.27421873807907104 0.7236328125 0.0390625 0.048828125
0 0.29765623807907104 0.7685546875 0.0390625 0.048828125
0 0.17265625298023224 0.4306640625 0.0390625 0.048828125
0 0.19609375298023224 0.4755859375 0.0390625 0.048828125
0 0.21953125298023224 0.5185546875 0.0390625 0.048828125
0 0.24296875298023224 0.5634765625 0.0390625 0.048828125
0 0.26484376192092896 0.6064453125 0.0390625 0.048828125
0 0.28984373807907104 0.6513671875 0.0390625 0.048828125
0 0.31171876192092896 0.6962890625 0.0390625 0.048828125
0 0.33671873807907104 0.7412109375 0.0390625 0.048828125
0 0.21015624701976776 0.4033203125 0.0390625 0.048828125
0 0.23359374701976776 0.4462890625 0.0390625 0.048828125
0 0.25703126192092896 0.4912109375 0.0390625 0.048828125
0 0.2789062559604645 0.5341796875 0.0390625 0.048828125
0 0.30390626192092896 0.5791015625 0.0390625 0.048828125
0 0.3257812559604645 0.6240234375 0.0390625 0.048828125
0 0.3492187559604645 0.6669921875 0.0390625 0.048828125
0 0.3726562559604645 0.7119140625 0.0390625 0.048828125
0 0.24609375 0.3759765625 0.0390625 0.048828125
0 0.26953125 0.4189453125 0.0390625 0.048828125
0 0.29296875 0.4638671875 0.0390625 0.048828125
0 0.31640625 0.5068359375 0.0390625 0.048828125
0 0.33984375 0.5517578125 0.0390625 0.048828125
0 0.36328125 0.5947265625 0.0390625 0.048828125
0 0.38671875 0.6396484375 0.0390625 0.048828125
0 0.41015625 0.6845703125 0.0390625 0.048828125
0 0.2835937440395355 0.3466796875 0.0390625 0.048828125
0 0.3070312440395355 0.3916015625 0.0390625 0.048828125
0 0.3304687440395355 0.4345703125 0.0390625 0.048828125
0 0.3539062440395355 0.4794921875 0.0390625 0.048828125
0 0.3773437440395355 0.5224609375 0.0390625 0.048828125
0 0.4007812440395355 0.5673828125 0.0390625 0.048828125
0 0.4242187440395355 0.6123046875 0.0390625 0.048828125
0 0.4476562440395355 0.6552734375 0.0390625 0.048828125
0 0.32109373807907104 0.3212890625 0.0390625 0.048828125
0 0.34296876192092896 0.3642578125 0.0390625 0.048828125
0 0.36640626192092896 0.4072265625 0.0390625 0.048828125
0 0.38984376192092896 0.4521484375 0.0390625 0.048828125
0 0.41328126192092896 0.4951171875 0.0390625 0.048828125
0 0.43671876192092896 0.5400390625 0.0390625 0.048828125
0 0.46015626192092896 0.5830078125 0.0390625 0.048828125
0 0.48359376192092896 0.6279296875 0.0390625 0.048828125
0 0.3570312559604645 0.2939453125 0.0390625 0.048828125
0 0.3804687559604645 0.3369140625 0.0390625 0.048828125
0 0.4039062559604645 0.3798828125 0.0390625 0.048828125
0 0.4273437559604645 0.4248046875 0.0390625 0.048828125
0 0.4507812559604645 0.4677734375 0.0390625 0.048828125
0 0.4742187559604645 0.5126953125 0.0390625 0.048828125
0 0.4976562559604645 0.5556640625 0.0390625 0.048828125
0 0.5210937261581421 0.6005859375 0.0390625 0.048828125
0 0.3929687440395355 0.2666015625 0.0390625 0.048828125
0 0.4164062440395355 0.3095703125 0.0390625 0.048828125
0 0.4398437440395355 0.3525390625 0.0390625 0.048828125
0 0.4632812440395355 0.3955078125 0.0390625 0.048828125
0 0.4867187440395355 0.4404296875 0.0390625 0.048828125
0 0.5101562738418579 0.4833984375 0.0390625 0.048828125
0 0.5335937738418579 0.5283203125 0.0390625 0.048828125
0 0.5570312738418579 0.5732421875 0.0390625 0.048828125
0 0.42890626192092896 0.2373046875 0.0390625 0.048828125
0 0.45234376192092896 0.2822265625 0.0390625 0.048828125
0 0.47578126192092896 0.3251953125 0.0390625 0.048828125
0 0.49921876192092896 0.3681640625 0.0390625 0.048828125
0 0.522656261920929 0.4130859375 0.0390625 0.048828125
0 0.546093761920929 0.4560546875 0.0390625 0.048828125
0 0.569531261920929 0.5009765625 0.0390625 0.048828125
0 0.594531238079071 0.5439453125 0.0390625 0.048828125
0 0.46484375 0.2099609375 0.0390625 0.048828125
0 0.48828125 0.2548828125 0.0390625 0.048828125
0 0.51171875 0.2978515625 0.0390625 0.048828125
0 0.53515625 0.3408203125 0.0390625 0.048828125
0 0.5601562261581421 0.3857421875 0.0390625 0.048828125
0 0.5835937261581421 0.4287109375 0.0390625 0.048828125
0 0.6070312261581421 0.4736328125 0.0390625 0.048828125
0 0.6304687261581421 0.5166015625 0.0390625 0.048828125
0 0.500781238079071 0.1826171875 0.0390625 0.048828125
0 0.524218738079071 0.2275390625 0.0390625 0.048828125
0 0.547656238079071 0.2705078125 0.0390625 0.048828125
0 0.5726562738418579 0.3134765625 0.0390625 0.048828125
0 0.5960937738418579 0.3583984375 0.0390625 0.048828125
0 0.6195312738418579 0.4013671875 0.0390625 0.048828125
0 0.6429687738418579 0.4443359375 0.0390625 0.048828125
0 0.6664062738418579 0.4892578125 0.0390625 0.048828125
