0 0.42890626192092896 0.2470703125 0.0390625 0.048828125
0 0.4710937440395355 0.2412109375 0.0390625 0.048828125
0 0.5132812261581421 0.2353515625 0.0390625 0.048828125
0 0.553906261920929 0.2294921875 0.0390625 0.048828125
0 0.5960937738418579 0.2236328125 0.0390625 0.048828125
0 0.63671875 0.2177734375 0.0390625 0.048828125
0 0.678906261920929 0.2099609375 0.0390625 0.048828125
0 0.7210937738418579 0.2041015625 0.0390625 0.048828125
0 0.43671876192092896 0.2939453125 0.0390625 0.048828125
0 0.4789062440395355 0.2880859375 0.0390625 0.048828125
0 0.51953125 0.2822265625 0.0390625 0.048828125
0 0.561718761920929 0.2763671875 0.0390625 0.048828125
0 0.6039062738418579 0.2705078125 0.0390625 0.048828125
0 0.6460937261581421 0.2646484375 0.0390625 0.048828125
0 0.686718761920929 0.2568359375 0.0390625 0.048828125
0 0.7289062738418579 0.2509765625 0.0390625 0.048828125
0 0.44453126192092896 0.3408203125 0.0390625 0.048828125
0 0.48515623807907104 0.3349609375 0.0390625 0.048828125
0 0.52734375 0.3291015625 0.0390625 0.048828125
0 0.569531261920929 0.3232421875 0.0390625 0.048828125
0 0.610156238079071 0.3173828125 0.0390625 0.048828125
0 0.65234375 0.3115234375 0.0390625 0.048828125
0 0.694531261920929 0.3037109375 0.0390625 0.048828125
0 0.7367187738418579 0.2978515625 0.0390625 0.048828125
0 0.4507812559604645 0.3876953125 0.0390625 0.048828125
0 0.49296873807907104 0.3818359375 0.0390625 0.048828125
0 0.53515625 0.3759765625 0.0390625 0.048828125
0 0.577343761920929 0.3701171875 0.0390625 0.048828125
0 0.617968738079071 0.3642578125 0.0390625 0.048828125
0 0.66015625 0.3583984375 0.0390625 0.048828125
0 0.702343761920929 0.3525390625 0.0390625 0.048828125
0 0.7445312738418579 0.3447265625 0.0390625 0.048828125
0 0.4585937559604645 0.4345703125 0.0390625 0.048828125
0 0.500781238079071 0.4287109375 0.0390625 0.048828125
0 0.54296875 0.4228515625 0.0390625 0.048828125
0 0.5835937261581421 0.4169921875 0.0390625 0.048828125
0 0.625781238079071 0.4111328125 0.0390625 0.048828125
0 0.66796875 0.4052734375 0.0390625 0.048828125
0 0.710156261920929 0.3994140625 0.0390625 0.048828125
0 0.7523437738418579 0.3935546875 0.0390625 0.048828125
0 0.46484375 0.4833984375 0.0390625 0.048828125
0 0.507031261920929 0.4775390625 0.0390625 0.048828125
0 0.5492187738418579 0.4716796875 0.0390625 0.048828125
0 0.5914062261581421 0.4658203125 0.0390625 0.048828125
0 0.633593738079071 0.4580078125 0.0390625 0.048828125
0 0.67578125 0.4521484375 0.0390625 0.048828125
0 0.717968761920929 0.4462890625 0.0390625 0.048828125
0 0.7601562738418579 0.4404296875 0.0390625 0.048828125
0 0.47265625 0.5322265625 0.0390625 0.048828125
0 0.514843761920929 0.5244140625 0.0390625 0.048828125
0 0.5570312738418579 0.5185546875 0.0390625 0.048828125
0 0.5992187261581421 0.5126953125 0.0390625 0.048828125
0 0.641406238079071 0.5068359375 0.0390625 0.048828125
0 0.68359375 0.5009765625 0.0390625 0.048828125
0 0.725781261920929 0.4951171875 0.0390625 0.048828125
0 0.7679687738418579 0.4873046875 0.0390625 0.048828125
0 0.48046875 0.5791015625 0.0390625 0.048828125
0 0.522656261920929 0.5732421875 0.0390625 0.048828125
0 0.5648437738418579 0.5673828125 0.0390625 0.048828125
0 0.6070312261581421 0.5615234375 0.0390625 0.048828125
0 0.649218738079071 0.5556640625 0.0390625 0.048828125
0 0.69140625 0.5498046875 0.0390625 0.048828125
0 0.733593761920929 0.5419921875 0.0390625 0.048828125
0 0.7757812738418579 0.5361328125 0.0390625 0.048828125
0 0.48828125 0.6279296875 0.0390625 0.048828125
0 0.530468761920929 0.6220703125 0.0390625 0.048828125
0 0.5726562738418579 0.6162109375 0.0390625 0.048828125
0 0.6148437261581421 0.6103515625 0.0390625 0.048828125
0 0.657031238079071 0.6025390625 0.0390625 0.048828125
0 0.69921875 0.5966796875 0.0390625 0.048828125
0 0.742968738079071 0.5908203125 0.0390625 0.048828125
0 0.78515625 0.5849609375 0.0390625 0.048828125
0 0.4945312440395355 0.6767578125 0.0390625 0.048828125
0 0.538281261920929 0.6708984375 0.0390625 0.048828125
0 0.5804687738418579 0.6650390625 0.0390625 0.048828125
0 0.6226562261581421 0.6591796875 0.0390625 0.048828125
0 0.664843738079071 0.6513671875 0.0390625 0.048828125
0 0.70703125 0.6455078125 0.0390625 0.048828125
0 0.750781238079071 0.6396484375 0.0390625 0.048828125
0 0.79296875 0.6337890625 0.0390625 0.048828125
0 0.5023437738418579 0.7275390625 0.0390625 0.048828125
0 0.5445312261581421 0.7197265625 0.0390625 0.048828125
0 0.5882812738418579 0.7138671875 0.0390625 0.048828125
0 0.6304687261581421 0.7080078125 0.0390625 0.048828125
0 0.6742187738418579 0.7021484375 0.0390625 0.048828125
0 0.7164062261581421 0.6943359375 0.0390625 0.048828125
0 0.758593738079071 0.6884765625 0.0390625 0.048828125
0 0.80078125 0.6826171875 0.0390625 0.048828125
