0 0.5101562738418579 0.2041015625 0.0390625 0.048828125
0 0.55078125 0.1982421875 0.0390625 0.048828125
0 0.592968761920929 0.1904296875 0.0390625 0.048828125
0 0.633593738079071 0.1845703125 0.0390625 0.048828125
0 0.6742187738418579 0.1787109375 0.0390625 0.048828125
0 0.71484375 0.1728515625 0.0390625 0.048828125
0 0.7554687261581421 0.1650390625 0.0390625 0.048828125
0 0.797656238079071 0.1591796875 0.0390625 0.048828125
0 0.5179687738418579 0.2587890625 0.0390625 0.048828125
0 0.55859375 0.2509765625 0.0390625 0.048828125
0 0.5992187261581421 0.2451171875 0.0390625 0.048828125
0 0.641406238079071 0.2392578125 0.0390625 0.048828125
0 0.6820312738418579 0.2314453125 0.0390625 0.048828125
0 0.72265625 0.2255859375 0.0390625 0.048828125
0 0.7632812261581421 0.2197265625 0.0390625 0.048828125
0 0.803906261920929 0.2119140625 0.0390625 0.048828125
0 0.524218738079071 0.3115234375 0.0390625 0.048828125
0 0.56640625 0.3056640625 0.0390625 0.048828125
0 0.6070312261581421 0.2978515625 0.0390625 0.048828125
0 0.647656261920929 0.2919921875 0.0390625 0.048828125
0 0.6898437738418579 0.2861328125 0.0390625 0.048828125
0 0.73046875 0.2783203125 0.0390625 0.048828125
0 0.7710937261581421 0.2724609375 0.0390625 0.048828125
0 0.811718761920929 0.2646484375 0.0390625 0.048828125
0 0.532031238079071 0.3662109375 0.0390625 0.048828125
0 0.5726562738418579 0.3583984375 0.0390625 0.048828125
0 0.6148437261581421 0.3525390625 0.0390625 0.048828125
0 0.655468761920929 0.3447265625 0.0390625 0.048828125
0 0.696093738079071 0.3388671875 0.0390625 0.048828125
0 0.7367187738418579 0.3330078125 0.0390625 0.048828125
0 0.7789062261581421 0.3251953125 0.0390625 0.048828125
0 0.819531261920929 0.3193359375 0.0390625 0.048828125
0 0.538281261920929 0.4189453125 0.0390625 0.048828125
0 0.5804687738418579 0.4130859375 0.0390625 0.048828125
0 0.62109375 0.4052734375 0.0390625 0.048828125
0 0.663281261920929 0.3994140625 0.0390625 0.048828125
0 0.703906238079071 0.3935546875 0.0390625 0.048828125
0 0.7445312738418579 0.3857421875 0.0390625 0.048828125
0 0.78515625 0.3798828125 0.0390625 0.048828125
0 0.8257812261581421 0.3720703125 0.0390625 0.048828125
0 0.546093761920929 0.4736328125 0.0390625 0.048828125
0 0.586718738079071 0.4658203125 0.0390625 0.048828125
0 0.62890625 0.4599609375 0.0390625 0.048828125
0 0.6695312261581421 0.4521484375 0.0390625 0.048828125
0 0.711718738079071 0.4462890625 0.0390625 0.048828125
0 0.7523437738418579 0.4404296875 0.0390625 0.048828125
0 0.79296875 0.4326171875 0.0390625 0.048828125
0 0.8335937261581421 0.4267578125 0.0390625 0.048828125
0 0.5523437261581421 0.5263671875 0.0390625 0.048828125
0 0.594531238079071 0.5205078125 0.0390625 0.048828125
0 0.6351562738418579 0.5126953125 0.0390625 0.048828125
0 0.6773437261581421 0.5068359375 0.0390625 0.048828125
0 0.717968761920929 0.5009765625 0.0390625 0.048828125
0 0.758593738079071 0.4931640625 0.0390625 0.048828125
0 0.80078125 0.4873046875 0.0390625 0.048828125
0 0.8414062261581421 0.4794921875 0.0390625 0.048828125
0 0.5601562261581421 0.5810546875 0.0390625 0.048828125
0 0.600781261920929 0.5732421875 0.0390625 0.048828125
0 0.6429687738418579 0.5673828125 0.0390625 0.048828125
0 0.68359375 0.5615234375 0.0390625 0.048828125
0 0.725781261920929 0.5537109375 0.0390625 0.048828125
0 0.766406238079071 0.5478515625 0.0390625 0.048828125
0 0.80859375 0.5400390625 0.0390625 0.048828125
0 0.8492187261581421 0.5341796875 0.0390625 0.048828125
0 0.56640625 0.6357421875 0.0390625 0.048828125
0 0.608593761920929 0.6279296875 0.0390625 0.048828125
0 0.649218738079071 0.6220703125 0.0390625 0.048828125
0 0.69140625 0.6142578125 0.0390625 0.048828125
0 0.7320312261581421 0.6083984375 0.0390625 0.048828125
0 0.774218738079071 0.6005859375 0.0390625 0.048828125
0 0.8148437738418579 0.5947265625 0.0390625 0.048828125
0 0.8570312261581421 0.5888671875 0.0390625 0.048828125
0 0.57421875 0.6904296875 0.0390625 0.048828125
0 0.6148437261581421 0.6826171875 0.0390625 0.048828125
0 0.657031238079071 0.6767578125 0.0390625 0.048828125
0 0.6976562738418579 0.6689453125 0.0390625 0.048828125
0 0.7398437261581421 0.6630859375 0.0390625 0.048828125
0 0.780468761920929 0.6552734375 0.0390625 0.048828125
0 0.8226562738418579 0.6494140625 0.0390625 0.048828125
0 0.86328125 0.6416015625 0.0390625 0.048828125
0 0.5804687738418579 0.7451171875 0.0390625 0.048828125
0 0.6226562261581421 0.7373046875 0.0390625 0.048828125
0 0.663281261920929 0.7294921875 0.0390625 0.048828125
0 0.7054687738418579 0.7236328125 0.0390625 0.048828125
0 0.7476562261581421 0.7158203125 0.0390625 0.048828125
0 0.788281261920929 0.7099609375 0.0390625 0.048828125
0 0.828906238079071 0.7041015625 0.0390625 0.048828125
0 0.87109375 0.6962890625 0.0390625 0.048828125
