0 0.24609375 0.3232421875 0.0390625 0.048828125
0 0.28828126192092896 0.3134765625 0.0390625 0.048828125
0 0.33203125 0.3017578125 0.0390625 0.048828125
0 0.37421876192092896 0.2919921875 0.0390625 0.048828125
0 0.4164062440395355 0.2822265625 0.0390625 0.048828125
0 0.46015626192092896 0.2724609375 0.0390625 0.048828125
0 0.5023437738418579 0.2626953125 0.0390625 0.048828125
0 0.5445312261581421 0.2509765625 0.0390625 0.048828125
0 0.25390625 0.3759765625 0.0390625 0.048828125
0 0.29609376192092896 0.3662109375 0.0390625 0.048828125
0 0.33984375 0.3564453125 0.0390625 0.048828125
0 0.38203126192092896 0.3447265625 0.0390625 0.048828125
0 0.4242187440395355 0.3349609375 0.0390625 0.048828125
0 0.46796876192092896 0.3251953125 0.0390625 0.048828125
0 0.5101562738418579 0.3154296875 0.0390625 0.048828125
0 0.553906261920929 0.3056640625 0.0390625 0.048828125
0 0.26171875 0.4287109375 0.0390625 0.048828125
0 0.30390626192092896 0.4189453125 0.0390625 0.048828125
0 0.34765625 0.4091796875 0.0390625 0.048828125
0 0.38984376192092896 0.3974609375 0.0390625 0.048828125
0 0.43359375 0.3876953125 0.0390625 0.048828125
0 0.47578126192092896 0.3779296875 0.0390625 0.048828125
0 0.5179687738418579 0.3681640625 0.0390625 0.048828125
0 0.561718761920929 0.3583984375 0.0390625 0.048828125
0 0.26953125 0.4814453125 0.0390625 0.048828125
0 0.31328123807907104 0.4716796875 0.0390625 0.048828125
0 0.35546875 0.4619140625 0.0390625 0.048828125
0 0.39765626192092896 0.4521484375 0.0390625 0.048828125
0 0.44140625 0.4404296875 0.0390625 0.048828125
0 0.48359376192092896 0.4306640625 0.0390625 0.048828125
0 0.5257812738418579 0.4208984375 0.0390625 0.048828125
0 0.569531261920929 0.4111328125 0.0390625 0.048828125
0 0.27734375 0.5361328125 0.0390625 0.048828125
0 0.32109373807907104 0.5244140625 0.0390625 0.048828125
0 0.36328125 0.5146484375 0.0390625 0.048828125
0 0.40703123807907104 0.5048828125 0.0390625 0.048828125
0 0.44921875 0.4951171875 0.0390625 0.048828125
0 0.49140626192092896 0.4833984375 0.0390625 0.048828125
0 0.5335937738418579 0.4736328125 0.0390625 0.048828125
0 0.577343761920929 0.4638671875 0.0390625 0.048828125
0 0.28515625 0.5888671875 0.0390625 0.048828125
0 0.32890623807907104 0.5791015625 0.0390625 0.048828125
0 0.37109375 0.5673828125 0.0390625 0.048828125
0 0.41484373807907104 0.5576171875 0.0390625 0.048828125
0 0.45703125 0.5478515625 0.0390625 0.048828125
0 0.49921876192092896 0.5361328125 0.0390625 0.048828125
0 0.54296875 0.5263671875 0.0390625 0.048828125
0 0.585156261920929 0.5166015625 0.0390625 0.048828125
0 0.2945312559604645 0.6416015625 0.0390625 0.048828125
0 0.33671873807907104 0.6318359375 0.0390625 0.048828125
0 0.3804687559604645 0.6220703125 0.0390625 0.048828125
0 0.42265623807907104 0.6103515625 0.0390625 0.048828125
0 0.46484375 0.6005859375 0.0390625 0.048828125
0 0.508593738079071 0.5908203125 0.0390625 0.048828125
0 0.55078125 0.5791015625 0.0390625 0.048828125
0 0.594531238079071 0.5693359375 0.0390625 0.048828125
0 0.3023437559604645 0.6962890625 0.0390625 0.048828125
0 0.3460937440395355 0.6845703125 0.0390625 0.048828125
0 0.3882812559604645 0.6748046875 0.0390625 0.048828125
0 0.43046873807907104 0.6650390625 0.0390625 0.048828125
0 0.4742187559604645 0.6533203125 0.0390625 0.048828125
0 0.516406238079071 0.6435546875 0.0390625 0.048828125
0 0.5601562261581421 0.6337890625 0.0390625 0.048828125
0 0.602343738079071 0.6220703125 0.0390625 0.048828125
0 0.3101562559604645 0.7490234375 0.0390625 0.048828125
0 0.3539062440395355 0.7392578125 0.0390625 0.048828125
0 0.3960937559604645 0.7275390625 0.0390625 0.048828125
0 0.4398437440395355 0.7177734375 0.0390625 0.048828125
0 0.4820312559604645 0.7080078125 0.0390625 0.048828125
0 0.5257812738418579 0.6962890625 0.0390625 0.048828125
0 0.5679687261581421 0.6865234375 0.0390625 0.048828125
0 0.610156238079071 0.6767578125 0.0390625 0.048828125
0 0.31953126192092896 0.8037109375 0.0390625 0.048828125
0 0.3617187440395355 0.7939453125 0.0390625 0.048828125
0 0.40546876192092896 0.7822265625 0.0390625 0.048828125
0 0.4476562440395355 0.7705078125 0.0390625 0.048828125
0 0.49140626192092896 0.7607421875 0.0390625 0.048828125
0 0.5335937738418579 0.7509765625 0.0390625 0.048828125
0 0.577343761920929 0.7392578125 0.0390625 0.048828125
0 0.6195312738418579 0.7294921875 0.0390625 0.048828125
0 0.32734376192092896 0.8583984375 0.0390625 0.048828125
0 0.37109375 0.8466796875 0.0390625 0.048828125
0 0.41328126192092896 0.8369140625 0.0390625 0.048828125
0 0.45703125 0.8251953125 0.0390625 0.048828125
0 0.49921876192092896 0.8154296875 0.0390625 0.048828125
0 0.54296875 0.8037109375 0.0390625 0.048828125
0 0.585156261920929 0.7939453125 0.0390625 0.048828125
0 0.62890625 0.7822265625 0.0390625 0.048828125
