0 0.47265625 0.7255859375 0.0390625 0.048828125
0 0.516406238079071 0.7314453125 0.0390625 0.048828125
0 0.55859375 0.7373046875 0.0390625 0.048828125
0 0.602343738079071 0.7451171875 0.0390625 0.048828125
0 0.64453125 0.7509765625 0.0390625 0.048828125
0 0.688281238079071 0.7568359375 0.0390625 0.048828125
0 0.7320312261581421 0.7626953125 0.0390625 0.048828125
0 0.774218738079071 0.7705078125 0.0390625 0.048828125
0 0.47578126192092896 0.6728515625 0.0390625 0.048828125
0 0.5179687738418579 0.6787109375 0.0390625 0.048828125
0 0.561718761920929 0.6845703125 0.0390625 0.048828125
0 0.60546875 0.6923828125 0.0390625 0.048828125
0 0.647656261920929 0.6982421875 0.0390625 0.048828125
0 0.69140625 0.7041015625 0.0390625 0.048828125
0 0.733593761920929 0.7119140625 0.0390625 0.048828125
0 0.77734375 0.7177734375 0.0390625 0.048828125
0 0.4789062440395355 0.6201171875 0.0390625 0.048828125
0 0.5210937261581421 0.6279296875 0.0390625 0.048828125
0 0.5648437738418579 0.6337890625 0.0390625 0.048828125
0 0.6070312261581421 0.6396484375 0.0390625 0.048828125
0 0.6507812738418579 0.6455078125 0.0390625 0.048828125
0 0.6929687261581421 0.6513671875 0.0390625 0.048828125
0 0.7367187738418579 0.6591796875 0.0390625 0.048828125
0 0.7789062261581421 0.6650390625 0.0390625 0.048828125
0 0.4820312559604645 0.5693359375 0.0390625 0.048828125
0 0.524218738079071 0.5751953125 0.0390625 0.048828125
0 0.5679687261581421 0.5810546875 0.0390625 0.048828125
0 0.610156238079071 0.5869140625 0.0390625 0.048828125
0 0.6539062261581421 0.5947265625 0.0390625 0.048828125
0 0.696093738079071 0.6005859375 0.0390625 0.048828125
0 0.73828125 0.6064453125 0.0390625 0.048828125
0 0.782031238079071 0.6123046875 0.0390625 0.048828125
0 0.48515623807907104 0.5166015625 0.0390625 0.048828125
0 0.52734375 0.5224609375 0.0390625 0.048828125
0 0.569531261920929 0.5283203125 0.0390625 0.048828125
0 0.61328125 0.5361328125 0.0390625 0.048828125
0 0.655468761920929 0.5419921875 0.0390625 0.048828125
0 0.69921875 0.5478515625 0.0390625 0.048828125
0 0.741406261920929 0.5537109375 0.0390625 0.048828125
0 0.7835937738418579 0.5615234375 0.0390625 0.048828125
0 0.48828125 0.4658203125 0.0390625 0.048828125
0 0.530468761920929 0.4716796875 0.0390625 0.048828125
0 0.5726562738418579 0.4775390625 0.0390625 0.048828125
0 0.616406261920929 0.4833984375 0.0390625 0.048828125
0 0.6585937738418579 0.4892578125 0.0390625 0.048828125
0 0.7007812261581421 0.4970703125 0.0390625 0.048828125
0 0.7445312738418579 0.5029296875 0.0390625 0.048828125
0 0.7867187261581421 0.5087890625 0.0390625 0.048828125
0 0.49140626192092896 0.4130859375 0.0390625 0.048828125
0 0.5335937738418579 0.4208984375 0.0390625 0.048828125
0 0.5757812261581421 0.4267578125 0.0390625 0.048828125
0 0.617968738079071 0.4326171875 0.0390625 0.048828125
0 0.6617187261581421 0.4384765625 0.0390625 0.048828125
0 0.703906238079071 0.4443359375 0.0390625 0.048828125
0 0.74609375 0.4501953125 0.0390625 0.048828125
0 0.788281261920929 0.4580078125 0.0390625 0.048828125
0 0.4945312440395355 0.3623046875 0.0390625 0.048828125
0 0.5367187261581421 0.3681640625 0.0390625 0.048828125
0 0.578906238079071 0.3740234375 0.0390625 0.048828125
0 0.62109375 0.3818359375 0.0390625 0.048828125
0 0.663281261920929 0.3876953125 0.0390625 0.048828125
0 0.70703125 0.3935546875 0.0390625 0.048828125
0 0.749218761920929 0.3994140625 0.0390625 0.048828125
0 0.7914062738418579 0.4072265625 0.0390625 0.048828125
0 0.49609375 0.3115234375 0.0390625 0.048828125
0 0.539843738079071 0.3173828125 0.0390625 0.048828125
0 0.58203125 0.3232421875 0.0390625 0.048828125
0 0.624218761920929 0.3291015625 0.0390625 0.048828125
0 0.6664062738418579 0.3369140625 0.0390625 0.048828125
0 0.7085937261581421 0.3427734375 0.0390625 0.048828125
0 0.750781238079071 0.3486328125 0.0390625 0.048828125
0 0.7945312261581421 0.3544921875 0.0390625 0.048828125
0 0.49921876192092896 0.2607421875 0.0390625 0.048828125
0 0.54296875 0.2666015625 0.0390625 0.048828125
0 0.585156261920929 0.2724609375 0.0390625 0.048828125
0 0.6273437738418579 0.2783203125 0.0390625 0.048828125
0 0.6695312261581421 0.2861328125 0.0390625 0.048828125
0 0.711718738079071 0.2919921875 0.0390625 0.048828125
0 0.75390625 0.2978515625 0.0390625 0.048828125
0 0.796093761920929 0.3037109375 0.0390625 0.048828125
0 0.5023437738418579 0.2099609375 0.0390625 0.048828125
0 0.5445312261581421 0.2158203125 0.0390625 0.048828125
0 0.5882812738418579 0.2216796875 0.0390625 0.048828125
0 0.6304687261581421 0.2275390625 0.0390625 0.048828125
0 0.672656238079071 0.2353515625 0.0390625 0.048828125
0 0.71484375 0.2412109375 0.0390625 0.048828125
0 0.757031261920929 0.2470703125 0.0390625 0.048828125
0 0.7992187738418579 0.2529296875 0.0390625 0.048828125
