0 0.21953125298023224 0.5712890625 0.0390625 0.048828125
0 0.23671874403953552 0.5205078125 0.0390625 0.048828125
0 0.2523437440395355 0.4697265625 0.0390625 0.048828125
0 0.2679687440395355 0.4208984375 0.0390625 0.048828125
0 0.28515625 0.3701171875 0.0390625 0.048828125
0 0.30078125 0.3212890625 0.0390625 0.048828125
0 0.31640625 0.2705078125 0.0390625 0.048828125
0 0.33203125 0.2197265625 0.0390625 0.048828125
0 0.25859373807907104 0.5869140625 0.0390625 0.048828125
0 0.2757812440395355 0.5400390625 0.0390625 0.048828125
0 0.2914062440395355 0.4892578125 0.0390625 0.048828125
0 0.3070312440395355 0.4384765625 0.0390625 0.048828125
0 0.32421875 0.3896484375 0.0390625 0.048828125
0 0.33984375 0.3388671875 0.0390625 0.048828125
0 0.35546875 0.2880859375 0.0390625 0.048828125
0 0.3726562559604645 0.2392578125 0.0390625 0.048828125
0 0.2992187440395355 0.6083984375 0.0390625 0.048828125
0 0.3148437440395355 0.5576171875 0.0390625 0.048828125
0 0.3304687440395355 0.5068359375 0.0390625 0.048828125
0 0.3460937440395355 0.4560546875 0.0390625 0.048828125
0 0.36328125 0.4072265625 0.0390625 0.048828125
0 0.37890625 0.3564453125 0.0390625 0.048828125
0 0.39453125 0.3076171875 0.0390625 0.048828125
0 0.41015625 0.2568359375 0.0390625 0.048828125
0 0.33671873807907104 0.6240234375 0.0390625 0.048828125
0 0.3539062440395355 0.5751953125 0.0390625 0.048828125
0 0.3695312440395355 0.5263671875 0.0390625 0.048828125
0 0.3851562440395355 0.4755859375 0.0390625 0.048828125
0 0.4007812440395355 0.4248046875 0.0390625 0.048828125
0 0.41796875 0.3759765625 0.0390625 0.048828125
0 0.43359375 0.3251953125 0.0390625 0.048828125
0 0.4507812559604645 0.2744140625 0.0390625 0.048828125
0 0.37578123807907104 0.6455078125 0.0390625 0.048828125
0 0.3929687440395355 0.5947265625 0.0390625 0.048828125
0 0.4085937440395355 0.5439453125 0.0390625 0.048828125
0 0.4242187440395355 0.4931640625 0.0390625 0.048828125
0 0.44140625 0.4443359375 0.0390625 0.048828125
0 0.45703125 0.3935546875 0.0390625 0.048828125
0 0.47265625 0.3427734375 0.0390625 0.048828125
0 0.48828125 0.2919921875 0.0390625 0.048828125
0 0.4164062440395355 0.6630859375 0.0390625 0.048828125
0 0.4320312440395355 0.6123046875 0.0390625 0.048828125
0 0.4476562440395355 0.5615234375 0.0390625 0.048828125
0 0.46484375 0.5126953125 0.0390625 0.048828125
0 0.48046875 0.4619140625 0.0390625 0.048828125
0 0.49609375 0.4111328125 0.0390625 0.048828125
0 0.51171875 0.3623046875 0.0390625 0.048828125
0 0.52734375 0.3115234375 0.0390625 0.048828125
0 0.4554687440395355 0.6826171875 0.0390625 0.048828125
0 0.4710937440395355 0.6318359375 0.0390625 0.048828125
0 0.4867187440395355 0.5810546875 0.0390625 0.048828125
0 0.5023437738418579 0.5302734375 0.0390625 0.048828125
0 0.51953125 0.4794921875 0.0390625 0.048828125
0 0.53515625 0.4306640625 0.0390625 0.048828125
0 0.55078125 0.3798828125 0.0390625 0.048828125
0 0.5679687261581421 0.3291015625 0.0390625 0.048828125
0 0.4945312440395355 0.7021484375 0.0390625 0.048828125
0 0.5101562738418579 0.6513671875 0.0390625 0.048828125
0 0.52734375 0.6005859375 0.0390625 0.048828125
0 0.54296875 0.5498046875 0.0390625 0.048828125
0 0.55859375 0.4990234375 0.0390625 0.048828125
0 0.57421875 0.4482421875 0.0390625 0.048828125
0 0.5914062261581421 0.3974609375 0.0390625 0.048828125
0 0.6070312261581421 0.3466796875 0.0390625 0.048828125
0 0.53515625 0.7197265625 0.0390625 0.048828125
0 0.55078125 0.6689453125 0.0390625 0.048828125
0 0.56640625 0.6181640625 0.0390625 0.048828125
0 0.58203125 0.5673828125 0.0390625 0.048828125
0 0.5992187261581421 0.5166015625 0.0390625 0.048828125
0 0.6148437261581421 0.4658203125 0.0390625 0.048828125
0 0.6304687261581421 0.4169921875 0.0390625 0.048828125
0 0.6460937261581421 0.3662109375 0.0390625 0.048828125
0 0.57421875 0.7392578125 0.0390625 0.048828125
0 0.5914062261581421 0.6884765625 0.0390625 0.048828125
0 0.6070312261581421 0.6376953125 0.0390625 0.048828125
0 0.6226562261581421 0.5869140625 0.0390625 0.048828125
0 0.6382812261581421 0.5361328125 0.0390625 0.048828125
0 0.6539062261581421 0.4853515625 0.0390625 0.048828125
0 0.671093761920929 0.4345703125 0.0390625 0.048828125
0 0.686718761920929 0.3837890625 0.0390625 0.048828125
0 0.6148437261581421 0.7587890625 0.0390625 0.048828125
0 0.6304687261581421 0.7060546875 0.0390625 0.048828125
0 0.647656261920929 0.6572265625 0.0390625 0.048828125
0 0.663281261920929 0.6044921875 0.0390625 0.048828125
0 0.678906261920929 0.5537109375 0.0390625 0.048828125
0 0.694531261920929 0.5029296875 0.0390625 0.048828125
0 0.710156261920929 0.4521484375 0.0390625 0.048828125
0 0.727343738079071 0.4013671875 0.0390625 0.048828125
