0 0.46796876192092896 0.2158203125 0.0390625 0.048828125
0 0.508593738079071 0.2158203125 0.0390625 0.048828125
0 0.55078125 0.2119140625 0.0390625 0.048828125
0 0.5914062261581421 0.2099609375 0.0390625 0.048828125
0 0.632031261920929 0.2099609375 0.0390625 0.048828125
0 0.672656238079071 0.2080078125 0.0390625 0.048828125
0 0.7132812738418579 0.2060546875 0.0390625 0.048828125
0 0.75390625 0.2041015625 0.0390625 0.048828125
0 0.4742187559604645 0.2666015625 0.0390625 0.048828125
0 0.514843761920929 0.2646484375 0.0390625 0.048828125
0 0.555468738079071 0.2626953125 0.0390625 0.048828125
0 0.5960937738418579 0.2607421875 0.0390625 0.048828125
0 0.63671875 0.2587890625 0.0390625 0.048828125
0 0.6773437261581421 0.2568359375 0.0390625 0.048828125
0 0.717968761920929 0.2548828125 0.0390625 0.048828125
0 0.758593738079071 0.2529296875 0.0390625 0.048828125
0 0.4789062440395355 0.3173828125 0.0390625 0.048828125
0 0.51953125 0.3154296875 0.0390625 0.048828125
0 0.561718761920929 0.3134765625 0.0390625 0.048828125
0 0.602343738079071 0.3115234375 0.0390625 0.048828125
0 0.6429687738418579 0.3095703125 0.0390625 0.048828125
0 0.68359375 0.3076171875 0.0390625 0.048828125
0 0.7242187261581421 0.3056640625 0.0390625 0.048828125
0 0.764843761920929 0.3037109375 0.0390625 0.048828125
0 0.48515623807907104 0.3681640625 0.0390625 0.048828125
0 0.5257812738418579 0.3662109375 0.0390625 0.048828125
0 0.56640625 0.3642578125 0.0390625 0.048828125
0 0.608593761920929 0.3623046875 0.0390625 0.048828125
0 0.649218738079071 0.3603515625 0.0390625 0.048828125
0 0.6898437738418579 0.3583984375 0.0390625 0.048828125
0 0.73046875 0.3564453125 0.0390625 0.048828125
0 0.7710937261581421 0.3544921875 0.0390625 0.048828125
0 0.4898437559604645 0.4208984375 0.0390625 0.048828125
0 0.532031238079071 0.4169921875 0.0390625 0.048828125
0 0.5726562738418579 0.4150390625 0.0390625 0.048828125
0 0.61328125 0.4130859375 0.0390625 0.048828125
0 0.6539062261581421 0.4111328125 0.0390625 0.048828125
0 0.696093738079071 0.4091796875 0.0390625 0.048828125
0 0.7367187738418579 0.4072265625 0.0390625 0.048828125
0 0.77734375 0.4052734375 0.0390625 0.048828125
0 0.49609375 0.4716796875 0.0390625 0.048828125
0 0.5367187261581421 0.4697265625 0.0390625 0.048828125
0 0.578906238079071 0.4658203125 0.0390625 0.048828125
0 0.6195312738418579 0.4638671875 0.0390625 0.048828125
0 0.66015625 0.4619140625 0.0390625 0.048828125
0 0.702343761920929 0.4599609375 0.0390625 0.048828125
0 0.742968738079071 0.4560546875 0.0390625 0.048828125
0 0.7835937738418579 0.4541015625 0.0390625 0.048828125
0 0.5023437738418579 0.5224609375 0.0390625 0.048828125
0 0.54296875 0.5205078125 0.0390625 0.048828125
0 0.585156261920929 0.5185546875 0.0390625 0.048828125
0 0.625781238079071 0.5166015625 0.0390625 0.048828125
0 0.6664062738418579 0.5126953125 0.0390625 0.048828125
0 0.70703125 0.5107421875 0.0390625 0.048828125
0 0.749218761920929 0.5087890625 0.0390625 0.048828125
0 0.789843738079071 0.5068359375 0.0390625 0.048828125
0 0.508593738079071 0.5751953125 0.0390625 0.048828125
0 0.5492187738418579 0.5712890625 0.0390625 0.048828125
0 0.5914062261581421 0.5693359375 0.0390625 0.048828125
0 0.632031261920929 0.5673828125 0.0390625 0.048828125
0 0.672656238079071 0.5634765625 0.0390625 0.048828125
0 0.7132812738418579 0.5615234375 0.0390625 0.048828125
0 0.7554687261581421 0.5595703125 0.0390625 0.048828125
0 0.796093761920929 0.5576171875 0.0390625 0.048828125
0 0.5132812261581421 0.6259765625 0.0390625 0.048828125
0 0.555468738079071 0.6240234375 0.0390625 0.048828125
0 0.5960937738418579 0.6201171875 0.0390625 0.048828125
0 0.6382812261581421 0.6181640625 0.0390625 0.048828125
0 0.678906261920929 0.6162109375 0.0390625 0.048828125
0 0.7210937738418579 0.6123046875 0.0390625 0.048828125
0 0.76171875 0.6103515625 0.0390625 0.048828125
0 0.8023437261581421 0.6083984375 0.0390625 0.048828125
0 0.51953125 0.6787109375 0.0390625 0.048828125
0 0.561718761920929 0.6767578125 0.0390625 0.048828125
0 0.602343738079071 0.6728515625 0.0390625 0.048828125
0 0.64453125 0.6708984375 0.0390625 0.048828125
0 0.6851562261581421 0.6689453125 0.0390625 0.048828125
0 0.727343738079071 0.6650390625 0.0390625 0.048828125
0 0.7679687738418579 0.6630859375 0.0390625 0.048828125
0 0.80859375 0.6591796875 0.0390625 0.048828125
0 0.5257812738418579 0.7314453125 0.0390625 0.048828125
0 0.5679687261581421 0.7275390625 0.0390625 0.048828125
0 0.608593761920929 0.7255859375 0.0390625 0.048828125
0 0.6507812738418579 0.7216796875 0.0390625 0.048828125
0 0.69140625 0.7197265625 0.0390625 0.048828125
0 0.733593761920929 0.7177734375 0.0390625 0.048828125
0 0.7757812738418579 0.7138671875 0.0390625 0.048828125
0 0.81640625 0.7119140625 0.0390625 0.048828125
