0 0.37421876192092896 0.7333984375 0.0390625 0.048828125
0 0.4164062440395355 0.7412109375 0.0390625 0.048828125
0 0.46015626192092896 0.7470703125 0.0390625 0.048828125
0 0.50390625 0.7548828125 0.0390625 0.048828125
0 0.547656238079071 0.7626953125 0.0390625 0.048828125
0 0.58984375 0.7705078125 0.0390625 0.048828125
0 0.633593738079071 0.7763671875 0.0390625 0.048828125
0 0.6773437261581421 0.7841796875 0.0390625 0.048828125
0 0.3773437440395355 0.6806640625 0.0390625 0.048828125
0 0.42109376192092896 0.6884765625 0.0390625 0.048828125
0 0.46484375 0.6943359375 0.0390625 0.048828125
0 0.507031261920929 0.7021484375 0.0390625 0.048828125
0 0.55078125 0.7099609375 0.0390625 0.048828125
0 0.594531238079071 0.7177734375 0.0390625 0.048828125
0 0.63671875 0.7255859375 0.0390625 0.048828125
0 0.680468738079071 0.7314453125 0.0390625 0.048828125
0 0.38203126192092896 0.6279296875 0.0390625 0.048828125
0 0.4242187440395355 0.6357421875 0.0390625 0.048828125
0 0.46796876192092896 0.6416015625 0.0390625 0.048828125
0 0.51171875 0.6494140625 0.0390625 0.048828125
0 0.553906261920929 0.6572265625 0.0390625 0.048828125
0 0.59765625 0.6650390625 0.0390625 0.048828125
0 0.639843761920929 0.6728515625 0.0390625 0.048828125
0 0.68359375 0.6787109375 0.0390625 0.048828125
0 0.3851562440395355 0.5751953125 0.0390625 0.048828125
0 0.42890626192092896 0.5830078125 0.0390625 0.048828125
0 0.4710937440395355 0.5908203125 0.0390625 0.048828125
0 0.514843761920929 0.5986328125 0.0390625 0.048828125
0 0.5570312738418579 0.6044921875 0.0390625 0.048828125
0 0.600781261920929 0.6123046875 0.0390625 0.048828125
0 0.6429687738418579 0.6201171875 0.0390625 0.048828125
0 0.686718761920929 0.6279296875 0.0390625 0.048828125
0 0.38984376192092896 0.5244140625 0.0390625 0.048828125
0 0.4320312440395355 0.5322265625 0.0390625 0.048828125
0 0.47578126192092896 0.5380859375 0.0390625 0.048828125
0 0.5179687738418579 0.5458984375 0.0390625 0.048828125
0 0.561718761920929 0.5537109375 0.0390625 0.048828125
0 0.6039062738418579 0.5615234375 0.0390625 0.048828125
0 0.647656261920929 0.5673828125 0.0390625 0.048828125
0 0.6898437738418579 0.5751953125 0.0390625 0.048828125
0 0.3929687440395355 0.4716796875 0.0390625 0.048828125
0 0.43671876192092896 0.4794921875 0.0390625 0.048828125
0 0.4789062440395355 0.4873046875 0.0390625 0.048828125
0 0.5210937261581421 0.4951171875 0.0390625 0.048828125
0 0.5648437738418579 0.5009765625 0.0390625 0.048828125
0 0.6070312261581421 0.5087890625 0.0390625 0.048828125
0 0.6507812738418579 0.5166015625 0.0390625 0.048828125
0 0.6929687261581421 0.5244140625 0.0390625 0.048828125
0 0.39765626192092896 0.4208984375 0.0390625 0.048828125
0 0.4398437440395355 0.4287109375 0.0390625 0.048828125
0 0.4820312559604645 0.4365234375 0.0390625 0.048828125
0 0.5257812738418579 0.4423828125 0.0390625 0.048828125
0 0.5679687261581421 0.4501953125 0.0390625 0.048828125
0 0.610156238079071 0.4580078125 0.0390625 0.048828125
0 0.6539062261581421 0.4658203125 0.0390625 0.048828125
0 0.696093738079071 0.4736328125 0.0390625 0.048828125
0 0.4007812440395355 0.3701171875 0.0390625 0.048828125
0 0.4429687559604645 0.3779296875 0.0390625 0.048828125
0 0.4867187440395355 0.3837890625 0.0390625 0.048828125
0 0.5289062261581421 0.3916015625 0.0390625 0.048828125
0 0.571093738079071 0.3994140625 0.0390625 0.048828125
0 0.6148437261581421 0.4072265625 0.0390625 0.048828125
0 0.657031238079071 0.4150390625 0.0390625 0.048828125
0 0.69921875 0.4208984375 0.0390625 0.048828125
0 0.40546876192092896 0.3173828125 0.0390625 0.048828125
0 0.4476562440395355 0.3251953125 0.0390625 0.048828125
0 0.4898437559604645 0.3330078125 0.0390625 0.048828125
0 0.532031238079071 0.3408203125 0.0390625 0.048828125
0 0.57421875 0.3486328125 0.0390625 0.048828125
0 0.617968738079071 0.3564453125 0.0390625 0.048828125
0 0.66015625 0.3642578125 0.0390625 0.048828125
0 0.702343761920929 0.3701171875 0.0390625 0.048828125
0 0.4085937440395355 0.2666015625 0.0390625 0.048828125
0 0.4507812559604645 0.2744140625 0.0390625 0.048828125
0 0.49296873807907104 0.2822265625 0.0390625 0.048828125
0 0.5367187261581421 0.2900390625 0.0390625 0.048828125
0 0.578906238079071 0.2978515625 0.0390625 0.048828125
0 0.62109375 0.3056640625 0.0390625 0.048828125
0 0.663281261920929 0.3134765625 0.0390625 0.048828125
0 0.7054687738418579 0.3193359375 0.0390625 0.048828125
0 0.41328126192092896 0.2158203125 0.0390625 0.048828125
0 0.45390623807907104 0.2255859375 0.0390625 0.048828125
0 0.4976562559604645 0.2314453125 0.0390625 0.048828125
0 0.539843738079071 0.2392578125 0.0390625 0.048828125
0 0.58203125 0.2470703125 0.0390625 0.048828125
0 0.624218761920929 0.2548828125 0.0390625 0.048828125
0 0.6664062738418579 0.2626953125 0.0390625 0.048828125
0 0.710156261920929 0.2705078125 0.0390625 0.048828125
