0 0.22578124701976776 0.6787109375 0.0390625 0.048828125
0 0.2679687440395355 0.6962890625 0.0390625 0.048828125
0 0.3101562559604645 0.7138671875 0.0390625 0.048828125
0 0.35234373807907104 0.7314453125 0.0390625 0.048828125
0 0.39453125 0.7509765625 0.0390625 0.048828125
0 0.43671876192092896 0.7685546875 0.0390625 0.048828125
0 0.4789062440395355 0.7861328125 0.0390625 0.048828125
0 0.5210937261581421 0.8056640625 0.0390625 0.048828125
0 0.23984375596046448 0.6298828125 0.0390625 0.048828125
0 0.28203123807907104 0.6474609375 0.0390625 0.048828125
0 0.32421875 0.6650390625 0.0390625 0.048828125
0 0.36640626192092896 0.6826171875 0.0390625 0.048828125
0 0.4085937440395355 0.7001953125 0.0390625 0.048828125
0 0.44921875 0.7177734375 0.0390625 0.048828125
0 0.49140626192092896 0.7373046875 0.0390625 0.048828125
0 0.5335937738418579 0.7548828125 0.0390625 0.048828125
0 0.25390625 0.5791015625 0.0390625 0.048828125
0 0.29609376192092896 0.5966796875 0.0390625 0.048828125
0 0.3382812440395355 0.6142578125 0.0390625 0.048828125
0 0.37890625 0.6318359375 0.0390625 0.048828125
0 0.42109376192092896 0.6513671875 0.0390625 0.048828125
0 0.4632812440395355 0.6689453125 0.0390625 0.048828125
0 0.5054687261581421 0.6865234375 0.0390625 0.048828125
0 0.546093761920929 0.7060546875 0.0390625 0.048828125
0 0.2679687440395355 0.5302734375 0.0390625 0.048828125
0 0.3101562559604645 0.5478515625 0.0390625 0.048828125
0 0.35234373807907104 0.5654296875 0.0390625 0.048828125
0 0.3929687440395355 0.5830078125 0.0390625 0.048828125
0 0.4351562559604645 0.6005859375 0.0390625 0.048828125
0 0.47578126192092896 0.6201171875 0.0390625 0.048828125
0 0.5179687738418579 0.6376953125 0.0390625 0.048828125
0 0.5601562261581421 0.6552734375 0.0390625 0.048828125
0 0.28203123807907104 0.4814453125 0.0390625 0.048828125
0 0.32421875 0.4990234375 0.0390625 0.048828125
0 0.3648437559604645 0.5166015625 0.0390625 0.048828125
0 0.40703123807907104 0.5341796875 0.0390625 0.048828125
0 0.4476562440395355 0.5517578125 0.0390625 0.048828125
0 0.4898437559604645 0.5693359375 0.0390625 0.048828125
0 0.532031238079071 0.5888671875 0.0390625 0.048828125
0 0.5726562738418579 0.6064453125 0.0390625 0.048828125
0 0.29609376192092896 0.4326171875 0.0390625 0.048828125
0 0.33671873807907104 0.4501953125 0.0390625 0.048828125
0 0.37890625 0.4677734375 0.0390625 0.048828125
0 0.4195312559604645 0.4853515625 0.0390625 0.048828125
0 0.46171873807907104 0.5029296875 0.0390625 0.048828125
0 0.5023437738418579 0.5205078125 0.0390625 0.048828125
0 0.5445312261581421 0.5400390625 0.0390625 0.048828125
0 0.586718738079071 0.5576171875 0.0390625 0.048828125
0 0.3101562559604645 0.3837890625 0.0390625 0.048828125
0 0.35078126192092896 0.4033203125 0.0390625 0.048828125
0 0.3929687440395355 0.4189453125 0.0390625 0.048828125
0 0.43359375 0.4384765625 0.0390625 0.048828125
0 0.47578126192092896 0.4560546875 0.0390625 0.048828125
0 0.516406238079071 0.4736328125 0.0390625 0.048828125
0 0.55859375 0.4912109375 0.0390625 0.048828125
0 0.5992187261581421 0.5087890625 0.0390625 0.048828125
0 0.3226562440395355 0.3369140625 0.0390625 0.048828125
0 0.3648437559604645 0.3544921875 0.0390625 0.048828125
0 0.40546876192092896 0.3720703125 0.0390625 0.048828125
0 0.4476562440395355 0.3896484375 0.0390625 0.048828125
0 0.48828125 0.4072265625 0.0390625 0.048828125
0 0.530468761920929 0.4248046875 0.0390625 0.048828125
0 0.571093738079071 0.4423828125 0.0390625 0.048828125
0 0.6117187738418579 0.4599609375 0.0390625 0.048828125
0 0.33671873807907104 0.2880859375 0.0390625 0.048828125
0 0.3773437440395355 0.3056640625 0.0390625 0.048828125
0 0.4195312559604645 0.3232421875 0.0390625 0.048828125
0 0.46015626192092896 0.3408203125 0.0390625 0.048828125
0 0.5023437738418579 0.3583984375 0.0390625 0.048828125
0 0.54296875 0.3759765625 0.0390625 0.048828125
0 0.5835937261581421 0.3935546875 0.0390625 0.048828125
0 0.625781238079071 0.4111328125 0.0390625 0.048828125
0 0.35078126192092896 0.2412109375 0.0390625 0.048828125
0 0.39140623807907104 0.2587890625 0.0390625 0.048828125
0 0.43359375 0.2763671875 0.0390625 0.048828125
0 0.4742187559604645 0.2939453125 0.0390625 0.048828125
0 0.514843761920929 0.3115234375 0.0390625 0.048828125
0 0.5570312738418579 0.3291015625 0.0390625 0.048828125
0 0.59765625 0.3466796875 0.0390625 0.048828125
0 0.6382812261581421 0.3642578125 0.0390625 0.048828125
0 0.3648437559604645 0.1923828125 0.0390625 0.048828125
0 0.40546876192092896 0.2099609375 0.0390625 0.048828125
0 0.44609373807907104 0.2275390625 0.0390625 0.048828125
0 0.4867187440395355 0.2470703125 0.0390625 0.048828125
0 0.5289062261581421 0.2626953125 0.0390625 0.048828125
0 0.569531261920929 0.2802734375 0.0390625 0.048828125
0 0.610156238079071 0.2978515625 0.0390625 0.048828125
0 0.65234375 0.3154296875 0.0390625 0.048828125
