0 0.21875 0.68359375 0.03125 0.03125
0 0.22031250596046448 0.638671875 0.03125 0.03125
0 0.22343750298023224 0.595703125 0.028125 0.03125
0 0.22499999403953552 0.55078125 0.03125 0.03125
0 0.2265625 0.505859375 0.03125 0.03125
0 0.22812500596046448 0.46484375 0.03125 0.03125
0 0.23125000298023224 0.421875 0.03125 0.03125
0 0.23281249403953552 0.37890625 0.03125 0.03125
0 0.2578125 0.671875 0.03125 0.03125
0 0.2593750059604645 0.6279296875 0.028125 0.029296875
0 0.26093751192092896 0.58203125 0.03125 0.03125
0 0.2640624940395355 0.5390625 0.03125 0.03125
0 0.265625 0.49609375 0.03125 0.03125
0 0.2671875059604645 0.453125 0.03125 0.03125
0 0.26875001192092896 0.41015625 0.03125 0.03125
0 0.27031248807907104 0.3671875 0.03125 0.03125
0 0.296875 0.66015625 0.03125 0.03125
0 0.2984375059604645 0.615234375 0.03125 0.03125
0 0.30000001192092896 0.5703125 0.03125 0.03125
0 0.30156248807907104 0.52734375 0.03125 0.03125
0 0.3023437559604645 0.4853515625 0.0265625 0.029296875
0 0.3062500059604645 0.44140625 0.03125 0.03125
0 0.30781251192092896 0.3984375 0.03125 0.03125
0 0.30937498807907104 0.35546875 0.03125 0.03125
0 0.3359375 0.6484375 0.03125 0.03125
0 0.3375000059604645 0.603515625 0.03125 0.03125
0 0.33906251192092896 0.560546875 0.03125 0.03125
0 0.3414062559604645 0.5166015625 0.0265625 0.029296875
0 0.34375 0.4736328125 0.03125 0.033203125
0 0.34375 0.4296875 0.03125 0.03125
0 0.3453125059604645 0.38671875 0.03125 0.03125
0 0.34687501192092896 0.34375 0.03125 0.03125
0 0.3765625059604645 0.63671875 0.03125 0.03125
0 0.3765625059604645 0.591796875 0.03125 0.03125
0 0.37968748807907104 0.548828125 0.028125 0.03125
0 0.3812499940395355 0.50390625 0.03125 0.03125
0 0.3812499940395355 0.4609375 0.03125 0.03125
0 0.3828125 0.41796875 0.03125 0.03125
0 0.3843750059604645 0.3759765625 0.028125 0.029296875
0 0.38593751192092896 0.33203125 0.03125 0.03125
0 0.4156250059604645 0.625 0.03125 0.03125
0 0.41718751192092896 0.580078125 0.03125 0.03125
0 0.41874998807907104 0.537109375 0.03125 0.03125
0 0.41874998807907104 0.4921875 0.03125 0.03125
0 0.4203124940395355 0.44921875 0.03125 0.03125
0 0.4234375059604645 0.4072265625 0.028125 0.029296875
0 0.4234375059604645 0.36328125 0.03125 0.03125
0 0.42500001192092896 0.3203125 0.03125 0.03125
0 0.4546875059604645 0.61328125 0.03125 0.03125
0 0.45625001192092896 0.568359375 0.03125 0.03125
0 0.4585937559604645 0.525390625 0.0296875 0.03125
0 0.4593749940395355 0.48046875 0.03125 0.03125
0 0.46015626192092896 0.4384765625 0.0296875 0.029296875
0 0.4609375 0.39453125 0.03125 0.03125
0 0.4625000059604645 0.3515625 0.03125 0.03125
0 0.46406251192092896 0.30859375 0.03125 0.03125
0 0.49531251192092896 0.6015625 0.03125 0.03125
0 0.4976562559604645 0.55859375 0.0296875 0.03125
0 0.49687498807907104 0.513671875 0.03125 0.03125
0 0.49921876192092896 0.4697265625 0.0296875 0.029296875
0 0.5 0.42578125 0.03125 0.03125
0 0.5 0.3828125 0.03125 0.03125
0 0.5015624761581421 0.33984375 0.03125 0.03125
0 0.503125011920929 0.296875 0.03125 0.03125
0 0.535937488079071 0.58984375 0.03125 0.03125
0 0.535937488079071 0.544921875 0.03125 0.03125
0 0.538281261920929 0.501953125 0.0296875 0.03125
0 0.5375000238418579 0.45703125 0.03125 0.03125
0 0.5390625 0.4140625 0.03125 0.03125
0 0.5406249761581421 0.37109375 0.03125 0.03125
0 0.5414062738418579 0.3291015625 0.0265625 0.029296875
0 0.542187511920929 0.28515625 0.03125 0.03125
0 0.5765625238418579 0.578125 0.03125 0.03125
0 0.577343761920929 0.53515625 0.0296875 0.03125
0 0.5765625238418579 0.490234375 0.03125 0.03125
0 0.578125 0.447265625 0.03125 0.03125
0 0.578125 0.40234375 0.03125 0.03125
0 0.5796874761581421 0.359375 0.03125 0.03125
0 0.581250011920929 0.31640625 0.03125 0.03125
0 0.581250011920929 0.2734375 0.03125 0.03125
0 0.6171875 0.56640625 0.03125 0.03125
0 0.6171875 0.5234375 0.03125 0.03125
0 0.6187499761581421 0.478515625 0.03125 0.03125
0 0.6187499761581421 0.43359375 0.03125 0.03125
0 0.620312511920929 0.3916015625 0.028125 0.029296875
0 0.62109375 0.34765625 0.0328125 0.03515625
0 0.62109375 0.3046875 0.0296875 0.03125
0 0.621874988079071 0.259765625 0.03125 0.03125
