0 0.22578124701976776 0.4521484375 0.0390625 0.048828125
0 0.25390625 0.4931640625 0.0390625 0.048828125
0 0.28203123807907104 0.5322265625 0.0390625 0.048828125
0 0.31171876192092896 0.5732421875 0.0390625 0.048828125
0 0.33984375 0.6123046875 0.0390625 0.048828125
0 0.36796873807907104 0.6533203125 0.0390625 0.048828125
0 0.39765626192092896 0.6923828125 0.0390625 0.048828125
0 0.4242187440395355 0.7333984375 0.0390625 0.048828125
0 0.25859373807907104 0.4189453125 0.0390625 0.048828125
0 0.2867187559604645 0.4580078125 0.0390625 0.048828125
0 0.3148437440395355 0.4990234375 0.0390625 0.048828125
0 0.34453123807907104 0.5400390625 0.0390625 0.048828125
0 0.3726562559604645 0.5791015625 0.0390625 0.048828125
0 0.4007812440395355 0.6201171875 0.0390625 0.048828125
0 0.43046873807907104 0.6591796875 0.0390625 0.048828125
0 0.4585937559604645 0.7001953125 0.0390625 0.048828125
0 0.28984373807907104 0.3857421875 0.0390625 0.048828125
0 0.31953126192092896 0.4248046875 0.0390625 0.048828125
0 0.3492187559604645 0.4658203125 0.0390625 0.048828125
0 0.3773437440395355 0.5068359375 0.0390625 0.048828125
0 0.40546876192092896 0.5458984375 0.0390625 0.048828125
0 0.43359375 0.5869140625 0.0390625 0.048828125
0 0.4632812440395355 0.6259765625 0.0390625 0.048828125
0 0.49140626192092896 0.6669921875 0.0390625 0.048828125
0 0.32421875 0.3505859375 0.0390625 0.048828125
0 0.35234373807907104 0.3916015625 0.0390625 0.048828125
0 0.3804687559604645 0.4326171875 0.0390625 0.048828125
0 0.41015625 0.4716796875 0.0390625 0.048828125
0 0.43828123807907104 0.5126953125 0.0390625 0.048828125
0 0.46796876192092896 0.5537109375 0.0390625 0.048828125
0 0.49609375 0.5927734375 0.0390625 0.048828125
0 0.524218738079071 0.6337890625 0.0390625 0.048828125
0 0.3570312559604645 0.3173828125 0.0390625 0.048828125
0 0.3851562440395355 0.3583984375 0.0390625 0.048828125
0 0.41484373807907104 0.3994140625 0.0390625 0.048828125
0 0.4429687559604645 0.4384765625 0.0390625 0.048828125
0 0.4710937440395355 0.4794921875 0.0390625 0.048828125
0 0.500781238079071 0.5205078125 0.0390625 0.048828125
0 0.5289062261581421 0.5595703125 0.0390625 0.048828125
0 0.5570312738418579 0.6005859375 0.0390625 0.048828125
0 0.38984376192092896 0.2841796875 0.0390625 0.048828125
0 0.41796875 0.3251953125 0.0390625 0.048828125
0 0.4476562440395355 0.3642578125 0.0390625 0.048828125
0 0.47578126192092896 0.4052734375 0.0390625 0.048828125
0 0.50390625 0.4462890625 0.0390625 0.048828125
0 0.5335937738418579 0.4873046875 0.0390625 0.048828125
0 0.561718761920929 0.5263671875 0.0390625 0.048828125
0 0.58984375 0.5673828125 0.0390625 0.048828125
0 0.42265623807907104 0.2490234375 0.0390625 0.048828125
0 0.45234376192092896 0.2900390625 0.0390625 0.048828125
0 0.48046875 0.3310546875 0.0390625 0.048828125
0 0.508593738079071 0.3720703125 0.0390625 0.048828125
0 0.538281261920929 0.4130859375 0.0390625 0.048828125
0 0.56640625 0.4521484375 0.0390625 0.048828125
0 0.5960937738418579 0.4931640625 0.0390625 0.048828125
0 0.624218761920929 0.5341796875 0.0390625 0.048828125
0 0.4554687440395355 0.2138671875 0.0390625 0.048828125
0 0.48515623807907104 0.2548828125 0.0390625 0.048828125
0 0.5132812261581421 0.2958984375 0.0390625 0.048828125
0 0.54296875 0.3369140625 0.0390625 0.048828125
0 0.571093738079071 0.3779296875 0.0390625 0.048828125
0 0.600781261920929 0.4189453125 0.0390625 0.048828125
0 0.62890625 0.4599609375 0.0390625 0.048828125
0 0.657031238079071 0.5009765625 0.0390625 0.048828125
0 0.48828125 0.1806640625 0.0390625 0.048828125
0 0.5179687738418579 0.2216796875 0.0390625 0.048828125
0 0.547656238079071 0.2626953125 0.0390625 0.048828125
0 0.5757812261581421 0.3037109375 0.0390625 0.048828125
0 0.60546875 0.3447265625 0.0390625 0.048828125
0 0.633593738079071 0.3857421875 0.0390625 0.048828125
0 0.6617187261581421 0.4267578125 0.0390625 0.048828125
0 0.69140625 0.4658203125 0.0390625 0.048828125
0 0.522656261920929 0.1455078125 0.0390625 0.048828125
0 0.5523437261581421 0.1865234375 0.0390625 0.048828125
0 0.5804687738418579 0.2275390625 0.0390625 0.048828125
0 0.610156238079071 0.2685546875 0.0390625 0.048828125
0 0.6382812261581421 0.3095703125 0.0390625 0.048828125
0 0.66796875 0.3505859375 0.0390625 0.048828125
0 0.696093738079071 0.3916015625 0.0390625 0.048828125
0 0.725781261920929 0.4326171875 0.0390625 0.048828125
0 0.555468738079071 0.1103515625 0.0390625 0.048828125
0 0.585156261920929 0.1513671875 0.0390625 0.048828125
0 0.6148437261581421 0.1923828125 0.0390625 0.048828125
0 0.6429687738418579 0.2333984375 0.0390625 0.048828125
0 0.672656238079071 0.2763671875 0.0390625 0.048828125
0 0.7007812261581421 0.3154296875 0.0390625 0.048828125
0 0.73046875 0.3583984375 0.0390625 0.048828125
0 0.758593738079071 0.3974609375 0.0390625 0.048828125
