0 0.2757812440395355 0.6416015625 0.0390625 0.048828125
0 0.29609376192092896 0.5986328125 0.0390625 0.048828125
0 0.31328123807907104 0.5615234375 0.0390625 0.048828125
0 0.3335937559604645 0.5244140625 0.0390625 0.048828125
0 0.35234373807907104 0.4853515625 0.0390625 0.048828125
0 0.37109375 0.4482421875 0.0390625 0.048828125
0 0.38984376192092896 0.4111328125 0.0390625 0.048828125
0 0.4085937440395355 0.3720703125 0.0390625 0.048828125
0 0.31171876192092896 0.6533203125 0.0390625 0.048828125
0 0.3335937559604645 0.6162109375 0.0390625 0.048828125
0 0.35234373807907104 0.5771484375 0.0390625 0.048828125
0 0.37109375 0.5380859375 0.0390625 0.048828125
0 0.38984376192092896 0.4990234375 0.0390625 0.048828125
0 0.4085937440395355 0.4619140625 0.0390625 0.048828125
0 0.4273437559604645 0.4248046875 0.0390625 0.048828125
0 0.44609373807907104 0.3876953125 0.0390625 0.048828125
0 0.35234373807907104 0.6708984375 0.0390625 0.048828125
0 0.3726562559604645 0.6318359375 0.0390625 0.048828125
0 0.39140623807907104 0.5908203125 0.0390625 0.048828125
0 0.41015625 0.5537109375 0.0390625 0.048828125
0 0.42890626192092896 0.5146484375 0.0390625 0.048828125
0 0.4476562440395355 0.4755859375 0.0390625 0.048828125
0 0.4664062559604645 0.4384765625 0.0390625 0.048828125
0 0.48515623807907104 0.4013671875 0.0390625 0.048828125
0 0.3929687440395355 0.6845703125 0.0390625 0.048828125
0 0.41015625 0.6455078125 0.0390625 0.048828125
0 0.43046873807907104 0.6064453125 0.0390625 0.048828125
0 0.4476562440395355 0.5673828125 0.0390625 0.048828125
0 0.46796876192092896 0.5283203125 0.0390625 0.048828125
0 0.48515623807907104 0.4912109375 0.0390625 0.048828125
0 0.50390625 0.4521484375 0.0390625 0.048828125
0 0.522656261920929 0.4150390625 0.0390625 0.048828125
0 0.4320312440395355 0.7001953125 0.0390625 0.048828125
0 0.4507812559604645 0.6611328125 0.0390625 0.048828125
0 0.46796876192092896 0.6220703125 0.0390625 0.048828125
0 0.48828125 0.5810546875 0.0390625 0.048828125
0 0.5054687261581421 0.5439453125 0.0390625 0.048828125
0 0.5257812738418579 0.5048828125 0.0390625 0.048828125
0 0.54296875 0.4677734375 0.0390625 0.048828125
0 0.561718761920929 0.4287109375 0.0390625 0.048828125
0 0.4710937440395355 0.7158203125 0.0390625 0.048828125
0 0.4898437559604645 0.6748046875 0.0390625 0.048828125
0 0.508593738079071 0.6357421875 0.0390625 0.048828125
0 0.52734375 0.5966796875 0.0390625 0.048828125
0 0.546093761920929 0.5576171875 0.0390625 0.048828125
0 0.5648437738418579 0.5185546875 0.0390625 0.048828125
0 0.58203125 0.4814453125 0.0390625 0.048828125
0 0.600781261920929 0.4423828125 0.0390625 0.048828125
0 0.5101562738418579 0.7314453125 0.0390625 0.048828125
0 0.530468761920929 0.6904296875 0.0390625 0.048828125
0 0.547656238079071 0.6513671875 0.0390625 0.048828125
0 0.56640625 0.6103515625 0.0390625 0.048828125
0 0.585156261920929 0.5732421875 0.0390625 0.048828125
0 0.602343738079071 0.5341796875 0.0390625 0.048828125
0 0.62109375 0.4951171875 0.0390625 0.048828125
0 0.639843761920929 0.4560546875 0.0390625 0.048828125
0 0.55078125 0.7431640625 0.0390625 0.048828125
0 0.5679687261581421 0.7021484375 0.0390625 0.048828125
0 0.5882812738418579 0.6650390625 0.0390625 0.048828125
0 0.6070312261581421 0.6259765625 0.0390625 0.048828125
0 0.624218761920929 0.5869140625 0.0390625 0.048828125
0 0.6429687738418579 0.5478515625 0.0390625 0.048828125
0 0.66015625 0.5087890625 0.0390625 0.048828125
0 0.678906261920929 0.4716796875 0.0390625 0.048828125
0 0.592968761920929 0.7607421875 0.0390625 0.048828125
0 0.610156238079071 0.7197265625 0.0390625 0.048828125
0 0.6273437738418579 0.6806640625 0.0390625 0.048828125
0 0.6460937261581421 0.6396484375 0.0390625 0.048828125
0 0.663281261920929 0.6005859375 0.0390625 0.048828125
0 0.6820312738418579 0.5615234375 0.0390625 0.048828125
0 0.7007812261581421 0.5244140625 0.0390625 0.048828125
0 0.717968761920929 0.4853515625 0.0390625 0.048828125
0 0.632031261920929 0.7763671875 0.0390625 0.048828125
0 0.6507812738418579 0.7353515625 0.0390625 0.048828125
0 0.66796875 0.6943359375 0.0390625 0.048828125
0 0.686718761920929 0.6552734375 0.0390625 0.048828125
0 0.703906238079071 0.6162109375 0.0390625 0.048828125
0 0.72265625 0.5771484375 0.0390625 0.048828125
0 0.7398437261581421 0.5380859375 0.0390625 0.048828125
0 0.757031261920929 0.5009765625 0.0390625 0.048828125
0 0.672656238079071 0.7919921875 0.0390625 0.048828125
0 0.69140625 0.7509765625 0.0390625 0.048828125
0 0.7085937261581421 0.7099609375 0.0390625 0.048828125
0 0.727343738079071 0.6689453125 0.0390625 0.048828125
0 0.7445312738418579 0.6318359375 0.0390625 0.048828125
0 0.7632812261581421 0.5908203125 0.0390625 0.048828125
0 0.780468761920929 0.5517578125 0.0390625 0.048828125
0 0.797656238079071 0.5146484375 0.0390625 0.048828125
