0 0.24609375 0.6181640625 0.0390625 0.048828125
0 0.26953125 0.5732421875 0.0390625 0.048828125
0 0.29296875 0.5283203125 0.0390625 0.048828125
0 0.3148437440395355 0.4833984375 0.0390625 0.048828125
0 0.3382812440395355 0.4404296875 0.0390625 0.048828125
0 0.36015623807907104 0.3955078125 0.0390625 0.048828125
0 0.38203126192092896 0.3525390625 0.0390625 0.048828125
0 0.4039062559604645 0.3076171875 0.0390625 0.048828125
0 0.2835937440395355 0.6455078125 0.0390625 0.048828125
0 0.3070312440395355 0.6005859375 0.0390625 0.048828125
0 0.3304687440395355 0.5556640625 0.0390625 0.048828125
0 0.35234373807907104 0.5107421875 0.0390625 0.048828125
0 0.37578123807907104 0.4677734375 0.0390625 0.048828125
0 0.39765626192092896 0.4228515625 0.0390625 0.048828125
0 0.4195312559604645 0.3779296875 0.0390625 0.048828125
0 0.4429687559604645 0.3349609375 0.0390625 0.048828125
0 0.32109373807907104 0.6728515625 0.0390625 0.048828125
0 0.34453123807907104 0.6279296875 0.0390625 0.048828125
0 0.36796873807907104 0.5830078125 0.0390625 0.048828125
0 0.38984376192092896 0.5380859375 0.0390625 0.048828125
0 0.41328126192092896 0.4951171875 0.0390625 0.048828125
0 0.4351562559604645 0.4501953125 0.0390625 0.048828125
0 0.45703125 0.4052734375 0.0390625 0.048828125
0 0.4789062440395355 0.3623046875 0.0390625 0.048828125
0 0.35859376192092896 0.7021484375 0.0390625 0.048828125
0 0.38203126192092896 0.6572265625 0.0390625 0.048828125
0 0.4039062559604645 0.6103515625 0.0390625 0.048828125
0 0.4273437559604645 0.5673828125 0.0390625 0.048828125
0 0.44921875 0.5224609375 0.0390625 0.048828125
0 0.47265625 0.4775390625 0.0390625 0.048828125
0 0.4945312440395355 0.4326171875 0.0390625 0.048828125
0 0.516406238079071 0.3876953125 0.0390625 0.048828125
0 0.3960937559604645 0.7294921875 0.0390625 0.048828125
0 0.41796875 0.6845703125 0.0390625 0.048828125
0 0.44140625 0.6396484375 0.0390625 0.048828125
0 0.46484375 0.5947265625 0.0390625 0.048828125
0 0.4867187440395355 0.5498046875 0.0390625 0.048828125
0 0.5101562738418579 0.5048828125 0.0390625 0.048828125
0 0.532031238079071 0.4599609375 0.0390625 0.048828125
0 0.553906261920929 0.4150390625 0.0390625 0.048828125
0 0.4320312440395355 0.7568359375 0.0390625 0.048828125
0 0.4554687440395355 0.7119140625 0.0390625 0.048828125
0 0.4789062440395355 0.6669921875 0.0390625 0.048828125
0 0.5023437738418579 0.6220703125 0.0390625 0.048828125
0 0.524218738079071 0.5771484375 0.0390625 0.048828125
0 0.547656238079071 0.5322265625 0.0390625 0.048828125
0 0.569531261920929 0.4873046875 0.0390625 0.048828125
0 0.5914062261581421 0.4423828125 0.0390625 0.048828125
0 0.46953123807907104 0.7861328125 0.0390625 0.048828125
0 0.49296873807907104 0.7412109375 0.0390625 0.048828125
0 0.516406238079071 0.6943359375 0.0390625 0.048828125
0 0.539843738079071 0.6494140625 0.0390625 0.048828125
0 0.561718761920929 0.6044921875 0.0390625 0.048828125
0 0.585156261920929 0.5595703125 0.0390625 0.048828125
0 0.6070312261581421 0.5146484375 0.0390625 0.048828125
0 0.62890625 0.4716796875 0.0390625 0.048828125
0 0.507031261920929 0.8154296875 0.0390625 0.048828125
0 0.530468761920929 0.7685546875 0.0390625 0.048828125
0 0.553906261920929 0.7236328125 0.0390625 0.048828125
0 0.577343761920929 0.6787109375 0.0390625 0.048828125
0 0.5992187261581421 0.6337890625 0.0390625 0.048828125
0 0.6226562261581421 0.5888671875 0.0390625 0.048828125
0 0.64453125 0.5439453125 0.0390625 0.048828125
0 0.6664062738418579 0.4990234375 0.0390625 0.048828125
0 0.5445312261581421 0.8427734375 0.0390625 0.048828125
0 0.5679687261581421 0.7978515625 0.0390625 0.048828125
0 0.5914062261581421 0.7529296875 0.0390625 0.048828125
0 0.6148437261581421 0.7080078125 0.0390625 0.048828125
0 0.63671875 0.6611328125 0.0390625 0.048828125
0 0.66015625 0.6162109375 0.0390625 0.048828125
0 0.6820312738418579 0.5712890625 0.0390625 0.048828125
0 0.703906238079071 0.5263671875 0.0390625 0.048828125
0 0.58203125 0.8720703125 0.0390625 0.048828125
0 0.60546875 0.8271484375 0.0390625 0.048828125
0 0.62890625 0.7822265625 0.0390625 0.048828125
0 0.65234375 0.7353515625 0.0390625 0.048828125
0 0.6742187738418579 0.6904296875 0.0390625 0.048828125
0 0.6976562738418579 0.6455078125 0.0390625 0.048828125
0 0.719531238079071 0.6005859375 0.0390625 0.048828125
0 0.742968738079071 0.5537109375 0.0390625 0.048828125
0 0.6195312738418579 0.9013671875 0.0390625 0.048828125
0 0.6429687738418579 0.8564453125 0.0390625 0.048828125
0 0.6664062738418579 0.8095703125 0.0390625 0.048828125
0 0.6898437738418579 0.7646484375 0.0390625 0.048828125
0 0.711718738079071 0.7197265625 0.0390625 0.048828125
0 0.735156238079071 0.6728515625 0.0390625 0.048828125
0 0.758593738079071 0.6279296875 0.0390625 0.048828125
0 0.780468761920929 0.5830078125 0.0390625 0.048828125
