0 0.17109374701976776 0.4853515625 0.0390625 0.048828125
0 0.18828125298023224 0.5361328125 0.0390625 0.048828125
0 0.20390625298023224 0.5869140625 0.0390625 0.048828125
0 0.22109374403953552 0.6376953125 0.0390625 0.048828125
0 0.23828125 0.6884765625 0.0390625 0.048828125
0 0.25390625 0.7392578125 0.0390625 0.048828125
0 0.2710937559604645 0.7900390625 0.0390625 0.048828125
0 0.28828126192092896 0.8408203125 0.0390625 0.048828125
0 0.21015624701976776 0.4677734375 0.0390625 0.048828125
0 0.22734375298023224 0.5185546875 0.0390625 0.048828125
0 0.24296875298023224 0.5693359375 0.0390625 0.048828125
0 0.2601562440395355 0.6201171875 0.0390625 0.048828125
0 0.2757812440395355 0.6708984375 0.0390625 0.048828125
0 0.29296875 0.7216796875 0.0390625 0.048828125
0 0.3101562559604645 0.7724609375 0.0390625 0.048828125
0 0.32734376192092896 0.8232421875 0.0390625 0.048828125
0 0.24921874701976776 0.4482421875 0.0390625 0.048828125
0 0.26484376192092896 0.5009765625 0.0390625 0.048828125
0 0.28203123807907104 0.5517578125 0.0390625 0.048828125
0 0.2992187440395355 0.6025390625 0.0390625 0.048828125
0 0.3148437440395355 0.6533203125 0.0390625 0.048828125
0 0.33203125 0.7041015625 0.0390625 0.048828125
0 0.3492187559604645 0.7529296875 0.0390625 0.048828125
0 0.36640626192092896 0.8037109375 0.0390625 0.048828125
0 0.28828126192092896 0.4306640625 0.0390625 0.048828125
0 0.30546873807907104 0.4814453125 0.0390625 0.048828125
0 0.32109373807907104 0.5322265625 0.0390625 0.048828125
0 0.3382812440395355 0.5830078125 0.0390625 0.048828125
0 0.3539062440395355 0.6337890625 0.0390625 0.048828125
0 0.37109375 0.6845703125 0.0390625 0.048828125
0 0.3882812559604645 0.7353515625 0.0390625 0.048828125
0 0.4039062559604645 0.7861328125 0.0390625 0.048828125
0 0.32734376192092896 0.4130859375 0.0390625 0.048828125
0 0.34296876192092896 0.4638671875 0.0390625 0.048828125
0 0.36015623807907104 0.5146484375 0.0390625 0.048828125
0 0.3773437440395355 0.5654296875 0.0390625 0.048828125
0 0.3929687440395355 0.6162109375 0.0390625 0.048828125
0 0.41015625 0.6669921875 0.0390625 0.048828125
0 0.4273437559604645 0.7177734375 0.0390625 0.048828125
0 0.4429687559604645 0.7685546875 0.0390625 0.048828125
0 0.36640626192092896 0.3955078125 0.0390625 0.048828125
0 0.38359373807907104 0.4462890625 0.0390625 0.048828125
0 0.39921873807907104 0.4970703125 0.0390625 0.048828125
0 0.4164062440395355 0.5478515625 0.0390625 0.048828125
0 0.4320312440395355 0.5966796875 0.0390625 0.048828125
0 0.44921875 0.6494140625 0.0390625 0.048828125
0 0.4664062559604645 0.6982421875 0.0390625 0.048828125
0 0.4820312559604645 0.7490234375 0.0390625 0.048828125
0 0.40703123807907104 0.3759765625 0.0390625 0.048828125
0 0.42265623807907104 0.4267578125 0.0390625 0.048828125
0 0.43828123807907104 0.4775390625 0.0390625 0.048828125
0 0.4554687440395355 0.5283203125 0.0390625 0.048828125
0 0.4710937440395355 0.5791015625 0.0390625 0.048828125
0 0.48828125 0.6298828125 0.0390625 0.048828125
0 0.5054687261581421 0.6806640625 0.0390625 0.048828125
0 0.5210937261581421 0.7314453125 0.0390625 0.048828125
0 0.4476562440395355 0.3583984375 0.0390625 0.048828125
0 0.4632812440395355 0.4091796875 0.0390625 0.048828125
0 0.4789062440395355 0.4599609375 0.0390625 0.048828125
0 0.4945312440395355 0.5107421875 0.0390625 0.048828125
0 0.51171875 0.5615234375 0.0390625 0.048828125
0 0.52734375 0.6123046875 0.0390625 0.048828125
0 0.5445312261581421 0.6630859375 0.0390625 0.048828125
0 0.561718761920929 0.7138671875 0.0390625 0.048828125
0 0.4867187440395355 0.3388671875 0.0390625 0.048828125
0 0.5023437738418579 0.3896484375 0.0390625 0.048828125
0 0.5179687738418579 0.4404296875 0.0390625 0.048828125
0 0.53515625 0.4931640625 0.0390625 0.048828125
0 0.55078125 0.5439453125 0.0390625 0.048828125
0 0.5679687261581421 0.5947265625 0.0390625 0.048828125
0 0.5835937261581421 0.6435546875 0.0390625 0.048828125
0 0.600781261920929 0.6943359375 0.0390625 0.048828125
0 0.52734375 0.3212890625 0.0390625 0.048828125
0 0.54296875 0.3720703125 0.0390625 0.048828125
0 0.55859375 0.4228515625 0.0390625 0.048828125
0 0.57421875 0.4736328125 0.0390625 0.048828125
0 0.5914062261581421 0.5244140625 0.0390625 0.048828125
0 0.6070312261581421 0.5751953125 0.0390625 0.048828125
0 0.624218761920929 0.6259765625 0.0390625 0.048828125
0 0.639843761920929 0.6767578125 0.0390625 0.048828125
0 0.56640625 0.3017578125 0.0390625 0.048828125
0 0.5835937261581421 0.3525390625 0.0390625 0.048828125
0 0.5992187261581421 0.4052734375 0.0390625 0.048828125
0 0.6148437261581421 0.4560546875 0.0390625 0.048828125
0 0.6304687261581421 0.5029296875 0.0390625 0.048828125
0 0.647656261920929 0.5576171875 0.0390625 0.048828125
0 0.664843738079071 0.6083984375 0.0390625 0.048828125
0 0.680468738079071 0.6591796875 0.0390625 0.048828125
