0 0.33671873807907104 0.6982421875 0.0390625 0.048828125
0 0.3804687559604645 0.7041015625 0.0390625 0.048828125
0 0.42265623807907104 0.7119140625 0.0390625 0.048828125
0 0.4664062559604645 0.7197265625 0.0390625 0.048828125
0 0.508593738079071 0.7275390625 0.0390625 0.048828125
0 0.5523437261581421 0.7333984375 0.0390625 0.048828125
0 0.5960937738418579 0.7412109375 0.0390625 0.048828125
0 0.6382812261581421 0.7490234375 0.0390625 0.048828125
0 0.34296876192092896 0.6435546875 0.0390625 0.048828125
0 0.38671875 0.6494140625 0.0390625 0.048828125
0 0.42890626192092896 0.6572265625 0.0390625 0.048828125
0 0.47265625 0.6650390625 0.0390625 0.048828125
0 0.516406238079071 0.6708984375 0.0390625 0.048828125
0 0.55859375 0.6787109375 0.0390625 0.048828125
0 0.602343738079071 0.6865234375 0.0390625 0.048828125
0 0.6460937261581421 0.6943359375 0.0390625 0.048828125
0 0.3492187559604645 0.5888671875 0.0390625 0.048828125
0 0.3929687440395355 0.5966796875 0.0390625 0.048828125
0 0.4351562559604645 0.6025390625 0.0390625 0.048828125
0 0.4789062440395355 0.6103515625 0.0390625 0.048828125
0 0.522656261920929 0.6181640625 0.0390625 0.048828125
0 0.5648437738418579 0.6240234375 0.0390625 0.048828125
0 0.608593761920929 0.6318359375 0.0390625 0.048828125
0 0.6507812738418579 0.6396484375 0.0390625 0.048828125
0 0.35546875 0.5341796875 0.0390625 0.048828125
0 0.39921873807907104 0.5419921875 0.0390625 0.048828125
0 0.44140625 0.5478515625 0.0390625 0.048828125
0 0.48515623807907104 0.5556640625 0.0390625 0.048828125
0 0.5289062261581421 0.5634765625 0.0390625 0.048828125
0 0.571093738079071 0.5693359375 0.0390625 0.048828125
0 0.6148437261581421 0.5771484375 0.0390625 0.048828125
0 0.6585937738418579 0.5830078125 0.0390625 0.048828125
0 0.3617187440395355 0.4794921875 0.0390625 0.048828125
0 0.40546876192092896 0.4873046875 0.0390625 0.048828125
0 0.4476562440395355 0.4931640625 0.0390625 0.048828125
0 0.49140626192092896 0.5009765625 0.0390625 0.048828125
0 0.5335937738418579 0.5087890625 0.0390625 0.048828125
0 0.577343761920929 0.5146484375 0.0390625 0.048828125
0 0.62109375 0.5224609375 0.0390625 0.048828125
0 0.663281261920929 0.5283203125 0.0390625 0.048828125
0 0.36796873807907104 0.4248046875 0.0390625 0.048828125
0 0.41015625 0.4326171875 0.0390625 0.048828125
0 0.45390623807907104 0.4384765625 0.0390625 0.048828125
0 0.4976562559604645 0.4462890625 0.0390625 0.048828125
0 0.539843738079071 0.4521484375 0.0390625 0.048828125
0 0.5835937261581421 0.4599609375 0.0390625 0.048828125
0 0.6273437738418579 0.4658203125 0.0390625 0.048828125
0 0.6695312261581421 0.4736328125 0.0390625 0.048828125
0 0.3726562559604645 0.3701171875 0.0390625 0.048828125
0 0.4164062440395355 0.3779296875 0.0390625 0.048828125
0 0.46015626192092896 0.3837890625 0.0390625 0.048828125
0 0.5023437738418579 0.3916015625 0.0390625 0.048828125
0 0.546093761920929 0.3974609375 0.0390625 0.048828125
0 0.58984375 0.4052734375 0.0390625 0.048828125
0 0.632031261920929 0.4111328125 0.0390625 0.048828125
0 0.67578125 0.4189453125 0.0390625 0.048828125
0 0.37890625 0.3154296875 0.0390625 0.048828125
0 0.42109376192092896 0.3232421875 0.0390625 0.048828125
0 0.46484375 0.3291015625 0.0390625 0.048828125
0 0.508593738079071 0.3369140625 0.0390625 0.048828125
0 0.5523437261581421 0.3427734375 0.0390625 0.048828125
0 0.594531238079071 0.3505859375 0.0390625 0.048828125
0 0.6382812261581421 0.3564453125 0.0390625 0.048828125
0 0.6820312738418579 0.3623046875 0.0390625 0.048828125
0 0.38359373807907104 0.2607421875 0.0390625 0.048828125
0 0.4273437559604645 0.2685546875 0.0390625 0.048828125
0 0.4710937440395355 0.2744140625 0.0390625 0.048828125
0 0.5132812261581421 0.2822265625 0.0390625 0.048828125
0 0.5570312738418579 0.2880859375 0.0390625 0.048828125
0 0.600781261920929 0.2939453125 0.0390625 0.048828125
0 0.6429687738418579 0.3017578125 0.0390625 0.048828125
0 0.686718761920929 0.3076171875 0.0390625 0.048828125
0 0.3882812559604645 0.2060546875 0.0390625 0.048828125
0 0.4320312440395355 0.2119140625 0.0390625 0.048828125
0 0.47578126192092896 0.2197265625 0.0390625 0.048828125
0 0.51953125 0.2255859375 0.0390625 0.048828125
0 0.561718761920929 0.2333984375 0.0390625 0.048828125
0 0.60546875 0.2392578125 0.0390625 0.048828125
0 0.649218738079071 0.2451171875 0.0390625 0.048828125
0 0.69140625 0.2509765625 0.0390625 0.048828125
0 0.3929687440395355 0.1513671875 0.0390625 0.048828125
0 0.43671876192092896 0.1572265625 0.0390625 0.048828125
0 0.48046875 0.1650390625 0.0390625 0.048828125
0 0.524218738079071 0.1708984375 0.0390625 0.048828125
0 0.56640625 0.1767578125 0.0390625 0.048828125
0 0.610156238079071 0.1826171875 0.0390625 0.048828125
0 0.6539062261581421 0.1904296875 0.0390625 0.048828125
0 0.6976562738418579 0.1962890625 0.0390625 0.048828125
