0 0.3296875059604645 0.75390625 0.028125 0.03125
0 0.3375000059604645 0.712890625 0.028125 0.03125
0 0.34375 0.671875 0.028125 0.02734375
0 0.35078126192092896 0.62890625 0.0296875 0.03125
0 0.3570312559604645 0.587890625 0.0296875 0.02734375
0 0.36250001192092896 0.546875 0.03125 0.03125
0 0.3687500059604645 0.5068359375 0.025 0.025390625
0 0.3726562559604645 0.46484375 0.0265625 0.03125
0 0.3687500059604645 0.74609375 0.028125 0.03125
0 0.3765625059604645 0.703125 0.028125 0.02734375
0 0.38359373807907104 0.662109375 0.0296875 0.03125
0 0.3890624940395355 0.6201171875 0.028125 0.029296875
0 0.39375001192092896 0.578125 0.028125 0.03125
0 0.4000000059604645 0.537109375 0.028125 0.02734375
0 0.40625 0.49609375 0.028125 0.03125
0 0.4124999940395355 0.45703125 0.028125 0.03125
0 0.40937501192092896 0.736328125 0.028125 0.03125
0 0.4164062440395355 0.693359375 0.0296875 0.03125
0 0.421875 0.6513671875 0.028125 0.029296875
0 0.4273437559604645 0.6103515625 0.0296875 0.029296875
0 0.43281251192092896 0.5693359375 0.028125 0.029296875
0 0.4398437440395355 0.5283203125 0.0296875 0.029296875
0 0.4437499940395355 0.486328125 0.028125 0.03125
0 0.44999998807907104 0.4453125 0.028125 0.03125
0 0.44843751192092896 0.7265625 0.028125 0.03125
0 0.4546875059604645 0.6845703125 0.028125 0.029296875
0 0.4609375 0.642578125 0.028125 0.03125
0 0.4664062559604645 0.6015625 0.0265625 0.02734375
0 0.47187501192092896 0.55859375 0.028125 0.03125
0 0.47734373807907104 0.5185546875 0.0265625 0.025390625
0 0.4828124940395355 0.4765625 0.028125 0.03125
0 0.48906248807907104 0.435546875 0.028125 0.03125
0 0.48906248807907104 0.7177734375 0.028125 0.029296875
0 0.4945312440395355 0.6748046875 0.0296875 0.033203125
0 0.5 0.6328125 0.028125 0.02734375
0 0.5054687261581421 0.591796875 0.0328125 0.03125
0 0.510937511920929 0.5498046875 0.028125 0.025390625
0 0.515625 0.5087890625 0.03125 0.033203125
0 0.5218750238418579 0.4677734375 0.028125 0.029296875
0 0.528124988079071 0.4267578125 0.03125 0.033203125
0 0.52734375 0.70703125 0.0265625 0.03125
0 0.534375011920929 0.666015625 0.028125 0.03125
0 0.5390625 0.623046875 0.03125 0.03125
0 0.5453125238418579 0.5810546875 0.028125 0.029296875
0 0.550000011920929 0.5390625 0.028125 0.03125
0 0.5546875 0.4990234375 0.028125 0.029296875
0 0.5609375238418579 0.4580078125 0.028125 0.029296875
0 0.56640625 0.41796875 0.0265625 0.02734375
0 0.5687500238418579 0.697265625 0.028125 0.03125
0 0.573437511920929 0.65625 0.028125 0.03125
0 0.5796874761581421 0.61328125 0.028125 0.02734375
0 0.5843750238418579 0.572265625 0.028125 0.03125
0 0.589062511920929 0.53125 0.028125 0.02734375
0 0.59375 0.490234375 0.03125 0.03125
0 0.6000000238418579 0.4482421875 0.028125 0.029296875
0 0.604687511920929 0.40625 0.028125 0.03125
0 0.6078125238418579 0.689453125 0.028125 0.03125
0 0.61328125 0.6474609375 0.0265625 0.029296875
0 0.6187499761581421 0.6044921875 0.03125 0.033203125
0 0.625 0.5625 0.028125 0.02734375
0 0.629687488079071 0.521484375 0.03125 0.03125
0 0.6343749761581421 0.4794921875 0.028125 0.029296875
0 0.639843761920929 0.4375 0.0296875 0.03125
0 0.64453125 0.3974609375 0.0234375 0.025390625
0 0.6484375 0.6796875 0.028125 0.03125
0 0.6546875238418579 0.6376953125 0.03125 0.033203125
0 0.659375011920929 0.5947265625 0.028125 0.029296875
0 0.6640625 0.552734375 0.03125 0.03125
0 0.6695312261581421 0.5107421875 0.0296875 0.029296875
0 0.6734374761581421 0.4697265625 0.03125 0.033203125
0 0.6796875 0.4287109375 0.028125 0.029296875
0 0.682812511920929 0.38671875 0.028125 0.03125
0 0.6890624761581421 0.669921875 0.028125 0.03125
0 0.694531261920929 0.62890625 0.0296875 0.03125
0 0.698437511920929 0.583984375 0.028125 0.03125
0 0.7046874761581421 0.54296875 0.028125 0.02734375
0 0.7093750238418579 0.501953125 0.03125 0.03125
0 0.714062511920929 0.458984375 0.028125 0.02734375
0 0.71875 0.41796875 0.028125 0.03125
0 0.72265625 0.376953125 0.0265625 0.03125
0 0.73046875 0.66015625 0.0265625 0.03125
0 0.7359374761581421 0.6181640625 0.03125 0.033203125
0 0.7406250238418579 0.5751953125 0.03125 0.029296875
0 0.745312511920929 0.533203125 0.028125 0.03125
0 0.75 0.4912109375 0.03125 0.029296875
0 0.75390625 0.4501953125 0.0359375 0.033203125
0 0.7593749761581421 0.408203125 0.028125 0.03125
0 0.7640625238418579 0.365234375 0.028125 0.03125
