0 0.3226562440395355 0.2646484375 0.0390625 0.048828125
0 0.36640626192092896 0.2646484375 0.0390625 0.048828125
0 0.41015625 0.2646484375 0.0390625 0.048828125
0 0.45390623807907104 0.2646484375 0.0390625 0.048828125
0 0.4976562559604645 0.2646484375 0.0390625 0.048828125
0 0.5414062738418579 0.2646484375 0.0390625 0.048828125
0 0.5835937261581421 0.2646484375 0.0390625 0.048828125
0 0.6273437738418579 0.2646484375 0.0390625 0.048828125
0 0.3226562440395355 0.3193359375 0.0390625 0.048828125
0 0.36640626192092896 0.3193359375 0.0390625 0.048828125
0 0.41015625 0.3193359375 0.0390625 0.048828125
0 0.45390623807907104 0.3193359375 0.0390625 0.048828125
0 0.4976562559604645 0.3193359375 0.0390625 0.048828125
0 0.5414062738418579 0.3193359375 0.0390625 0.048828125
0 0.585156261920929 0.3193359375 0.0390625 0.048828125
0 0.62890625 0.3193359375 0.0390625 0.048828125
0 0.32421875 0.3740234375 0.0390625 0.048828125
0 0.36796873807907104 0.3740234375 0.0390625 0.048828125
0 0.4117187559604645 0.3740234375 0.0390625 0.048828125
0 0.45390623807907104 0.3740234375 0.0390625 0.048828125
0 0.4976562559604645 0.3740234375 0.0390625 0.048828125
0 0.5414062738418579 0.3740234375 0.0390625 0.048828125
0 0.585156261920929 0.3740234375 0.0390625 0.048828125
0 0.62890625 0.3740234375 0.0390625 0.048828125
0 0.32421875 0.4287109375 0.0390625 0.048828125
0 0.36796873807907104 0.4287109375 0.0390625 0.048828125
0 0.4117187559604645 0.4287109375 0.0390625 0.048828125
0 0.4554687440395355 0.4287109375 0.0390625 0.048828125
0 0.49921876192092896 0.4287109375 0.0390625 0.048828125
0 0.54296875 0.4287109375 0.0390625 0.048828125
0 0.586718738079071 0.4287109375 0.0390625 0.048828125
0 0.6304687261581421 0.4287109375 0.0390625 0.048828125
0 0.32421875 0.4833984375 0.0390625 0.048828125
0 0.36796873807907104 0.4833984375 0.0390625 0.048828125
0 0.4117187559604645 0.4833984375 0.0390625 0.048828125
0 0.4554687440395355 0.4833984375 0.0390625 0.048828125
0 0.49921876192092896 0.4833984375 0.0390625 0.048828125
0 0.54296875 0.4833984375 0.0390625 0.048828125
0 0.586718738079071 0.4833984375 0.0390625 0.048828125
0 0.6304687261581421 0.4833984375 0.0390625 0.048828125
0 0.32421875 0.5380859375 0.0390625 0.048828125
0 0.36796873807907104 0.5380859375 0.0390625 0.048828125
0 0.41328126192092896 0.5380859375 0.0390625 0.048828125
0 0.45703125 0.5380859375 0.0390625 0.048828125
0 0.49921876192092896 0.5380859375 0.0390625 0.048828125
0 0.54296875 0.5380859375 0.0390625 0.048828125
0 0.586718738079071 0.5380859375 0.0390625 0.048828125
0 0.6304687261581421 0.5380859375 0.0390625 0.048828125
0 0.3257812559604645 0.5947265625 0.0390625 0.048828125
0 0.3695312440395355 0.5927734375 0.0390625 0.048828125
0 0.41328126192092896 0.5927734375 0.0390625 0.048828125
0 0.45703125 0.5927734375 0.0390625 0.048828125
0 0.500781238079071 0.5927734375 0.0390625 0.048828125
0 0.5445312261581421 0.5927734375 0.0390625 0.048828125
0 0.5882812738418579 0.5927734375 0.0390625 0.048828125
0 0.632031261920929 0.5927734375 0.0390625 0.048828125
0 0.3257812559604645 0.6494140625 0.0390625 0.048828125
0 0.3695312440395355 0.6494140625 0.0390625 0.048828125
0 0.41328126192092896 0.6494140625 0.0390625 0.048828125
0 0.45703125 0.6494140625 0.0390625 0.048828125
0 0.500781238079071 0.6474609375 0.0390625 0.048828125
0 0.5445312261581421 0.6474609375 0.0390625 0.048828125
0 0.5882812738418579 0.6474609375 0.0390625 0.048828125
0 0.632031261920929 0.6474609375 0.0390625 0.048828125
0 0.3257812559604645 0.7041015625 0.0390625 0.048828125
0 0.3695312440395355 0.7041015625 0.0390625 0.048828125
0 0.41328126192092896 0.7041015625 0.0390625 0.048828125
0 0.45703125 0.7041015625 0.0390625 0.048828125
0 0.500781238079071 0.7041015625 0.0390625 0.048828125
0 0.5445312261581421 0.7041015625 0.0390625 0.048828125
0 0.5882812738418579 0.7041015625 0.0390625 0.048828125
0 0.632031261920929 0.7041015625 0.0390625 0.048828125
0 0.3257812559604645 0.7587890625 0.0390625 0.048828125
0 0.3695312440395355 0.7587890625 0.0390625 0.048828125
0 0.41328126192092896 0.7587890625 0.0390625 0.048828125
0 0.45703125 0.7587890625 0.0390625 0.048828125
0 0.500781238079071 0.7587890625 0.0390625 0.048828125
0 0.5445312261581421 0.7587890625 0.0390625 0.048828125
0 0.5882812738418579 0.7587890625 0.0390625 0.048828125
0 0.632031261920929 0.7587890625 0.0390625 0.048828125
0 0.3257812559604645 0.8154296875 0.0390625 0.048828125
0 0.3695312440395355 0.8154296875 0.0390625 0.048828125
0 0.41328126192092896 0.8134765625 0.0390625 0.048828125
0 0.45703125 0.8154296875 0.0390625 0.048828125
0 0.5023437738418579 0.8134765625 0.0390625 0.048828125
0 0.546093761920929 0.8134765625 0.0390625 0.048828125
0 0.58984375 0.8134765625 0.0390625 0.048828125
0 0.633593738079071 0.8134765625 0.0390625 0.048828125
