0 0.45234376192092896 0.5380859375 0.0390625 0.048828125
0 0.47265625 0.4912109375 0.0390625 0.048828125
0 0.49140626192092896 0.4423828125 0.0390625 0.048828125
0 0.51171875 0.3935546875 0.0390625 0.048828125
0 0.530468761920929 0.3466796875 0.0390625 0.048828125
0 0.5492187738418579 0.2978515625 0.0390625 0.048828125
0 0.569531261920929 0.2490234375 0.0390625 0.048828125
0 0.58984375 0.2001953125 0.0390625 0.048828125
0 0.49140626192092896 0.5634765625 0.0390625 0.048828125
0 0.5101562738418579 0.5146484375 0.0390625 0.048828125
0 0.5289062261581421 0.4658203125 0.0390625 0.048828125
0 0.5492187738418579 0.4189453125 0.0390625 0.048828125
0 0.569531261920929 0.3701171875 0.0390625 0.048828125
0 0.5882812738418579 0.3212890625 0.0390625 0.048828125
0 0.608593761920929 0.2724609375 0.0390625 0.048828125
0 0.6273437738418579 0.2236328125 0.0390625 0.048828125
0 0.5289062261581421 0.5869140625 0.0390625 0.048828125
0 0.547656238079071 0.5400390625 0.0390625 0.048828125
0 0.5679687261581421 0.4912109375 0.0390625 0.048828125
0 0.586718738079071 0.4423828125 0.0390625 0.048828125
0 0.6070312261581421 0.3935546875 0.0390625 0.048828125
0 0.6273437738418579 0.3466796875 0.0390625 0.048828125
0 0.6460937261581421 0.2958984375 0.0390625 0.048828125
0 0.6664062738418579 0.2470703125 0.0390625 0.048828125
0 0.56640625 0.6123046875 0.0390625 0.048828125
0 0.586718738079071 0.5634765625 0.0390625 0.048828125
0 0.60546875 0.5146484375 0.0390625 0.048828125
0 0.625781238079071 0.4658203125 0.0390625 0.048828125
0 0.64453125 0.4189453125 0.0390625 0.048828125
0 0.664843738079071 0.3701171875 0.0390625 0.048828125
0 0.6851562261581421 0.3212890625 0.0390625 0.048828125
0 0.703906238079071 0.2724609375 0.0390625 0.048828125
0 0.60546875 0.6357421875 0.0390625 0.048828125
0 0.624218761920929 0.5888671875 0.0390625 0.048828125
0 0.64453125 0.5400390625 0.0390625 0.048828125
0 0.663281261920929 0.4912109375 0.0390625 0.048828125
0 0.68359375 0.4423828125 0.0390625 0.048828125
0 0.703906238079071 0.3935546875 0.0390625 0.048828125
0 0.7242187261581421 0.3447265625 0.0390625 0.048828125
0 0.742968738079071 0.2958984375 0.0390625 0.048828125
0 0.64453125 0.6611328125 0.0390625 0.048828125
0 0.663281261920929 0.6123046875 0.0390625 0.048828125
0 0.68359375 0.5634765625 0.0390625 0.048828125
0 0.702343761920929 0.5146484375 0.0390625 0.048828125
0 0.72265625 0.4658203125 0.0390625 0.048828125
0 0.741406261920929 0.4169921875 0.0390625 0.048828125
0 0.76171875 0.3681640625 0.0390625 0.048828125
0 0.782031238079071 0.3193359375 0.0390625 0.048828125
0 0.6820312738418579 0.6865234375 0.0390625 0.048828125
0 0.702343761920929 0.6376953125 0.0390625 0.048828125
0 0.7210937738418579 0.5888671875 0.0390625 0.048828125
0 0.741406261920929 0.5400390625 0.0390625 0.048828125
0 0.76171875 0.4912109375 0.0390625 0.048828125
0 0.780468761920929 0.4423828125 0.0390625 0.048828125
0 0.80078125 0.3935546875 0.0390625 0.048828125
0 0.821093738079071 0.3447265625 0.0390625 0.048828125
0 0.7210937738418579 0.7099609375 0.0390625 0.048828125
0 0.741406261920929 0.6611328125 0.0390625 0.048828125
0 0.7601562738418579 0.6123046875 0.0390625 0.048828125
0 0.780468761920929 0.5634765625 0.0390625 0.048828125
0 0.80078125 0.5146484375 0.0390625 0.048828125
0 0.819531261920929 0.4658203125 0.0390625 0.048828125
0 0.83984375 0.4169921875 0.0390625 0.048828125
0 0.860156238079071 0.3681640625 0.0390625 0.048828125
0 0.7601562738418579 0.7353515625 0.0390625 0.048828125
0 0.780468761920929 0.6865234375 0.0390625 0.048828125
0 0.7992187738418579 0.6376953125 0.0390625 0.048828125
0 0.819531261920929 0.5888671875 0.0390625 0.048828125
0 0.83984375 0.5400390625 0.0390625 0.048828125
0 0.860156238079071 0.4912109375 0.0390625 0.048828125
0 0.8804687261581421 0.4423828125 0.0390625 0.048828125
0 0.899218738079071 0.3935546875 0.0390625 0.048828125
0 0.7992187738418579 0.7607421875 0.0390625 0.048828125
0 0.819531261920929 0.7119140625 0.0390625 0.048828125
0 0.83984375 0.6630859375 0.0390625 0.048828125
0 0.858593761920929 0.6142578125 0.0390625 0.048828125
0 0.87890625 0.5654296875 0.0390625 0.048828125
0 0.899218738079071 0.5166015625 0.0390625 0.048828125
0 0.9195312261581421 0.4658203125 0.0390625 0.048828125
0 0.9398437738418579 0.4169921875 0.0390625 0.048828125
0 0.83984375 0.7861328125 0.0390625 0.048828125
0 0.858593761920929 0.7373046875 0.0390625 0.048828125
0 0.87890625 0.6884765625 0.0390625 0.048828125
0 0.899218738079071 0.6396484375 0.0390625 0.048828125
0 0.9195312261581421 0.5908203125 0.0390625 0.048828125
0 0.9398437738418579 0.5400390625 0.0390625 0.048828125
0 0.960156261920929 0.4912109375 0.0390625 0.048828125
0 0.98046875 0.4423828125 0.0390625 0.048828125
