0 0.18984374403953552 0.4130859375 0.0390625 0.048828125
0 0.19921875 0.4658203125 0.0390625 0.048828125
0 0.21015624701976776 0.5185546875 0.0390625 0.048828125
0 0.22109374403953552 0.5712890625 0.0390625 0.048828125
0 0.23046875 0.6259765625 0.0390625 0.048828125
0 0.23984375596046448 0.6787109375 0.0390625 0.048828125
0 0.25078123807907104 0.7314453125 0.0390625 0.048828125
0 0.2601562440395355 0.7861328125 0.0390625 0.048828125
0 0.23203125596046448 0.3994140625 0.0390625 0.048828125
0 0.24296875298023224 0.4541015625 0.0390625 0.048828125
0 0.2523437440395355 0.5068359375 0.0390625 0.048828125
0 0.2632812559604645 0.5595703125 0.0390625 0.048828125
0 0.27265626192092896 0.6142578125 0.0390625 0.048828125
0 0.28203123807907104 0.6669921875 0.0390625 0.048828125
0 0.29296875 0.7197265625 0.0390625 0.048828125
0 0.3023437559604645 0.7724609375 0.0390625 0.048828125
0 0.27421873807907104 0.3876953125 0.0390625 0.048828125
0 0.2835937440395355 0.4404296875 0.0390625 0.048828125
0 0.2945312559604645 0.4931640625 0.0390625 0.048828125
0 0.30546873807907104 0.5458984375 0.0390625 0.048828125
0 0.3148437440395355 0.6005859375 0.0390625 0.048828125
0 0.32421875 0.6533203125 0.0390625 0.048828125
0 0.33515626192092896 0.7080078125 0.0390625 0.048828125
0 0.34453123807907104 0.7607421875 0.0390625 0.048828125
0 0.31640625 0.3740234375 0.0390625 0.048828125
0 0.3257812559604645 0.4287109375 0.0390625 0.048828125
0 0.33671873807907104 0.4814453125 0.0390625 0.048828125
0 0.3460937440395355 0.5341796875 0.0390625 0.048828125
0 0.3570312559604645 0.5869140625 0.0390625 0.048828125
0 0.36640626192092896 0.6416015625 0.0390625 0.048828125
0 0.3773437440395355 0.6943359375 0.0390625 0.048828125
0 0.38671875 0.7490234375 0.0390625 0.048828125
0 0.35859376192092896 0.3623046875 0.0390625 0.048828125
0 0.36796873807907104 0.4150390625 0.0390625 0.048828125
0 0.37890625 0.4677734375 0.0390625 0.048828125
0 0.3882812559604645 0.5224609375 0.0390625 0.048828125
0 0.39921873807907104 0.5751953125 0.0390625 0.048828125
0 0.4085937440395355 0.6279296875 0.0390625 0.048828125
0 0.4195312559604645 0.6826171875 0.0390625 0.048828125
0 0.42890626192092896 0.7353515625 0.0390625 0.048828125
0 0.4007812440395355 0.3486328125 0.0390625 0.048828125
0 0.41015625 0.4033203125 0.0390625 0.048828125
0 0.42109376192092896 0.4560546875 0.0390625 0.048828125
0 0.43046873807907104 0.5087890625 0.0390625 0.048828125
0 0.44140625 0.5634765625 0.0390625 0.048828125
0 0.4507812559604645 0.6162109375 0.0390625 0.048828125
0 0.46015626192092896 0.6689453125 0.0390625 0.048828125
0 0.4710937440395355 0.7236328125 0.0390625 0.048828125
0 0.4429687559604645 0.3369140625 0.0390625 0.048828125
0 0.45234376192092896 0.3896484375 0.0390625 0.048828125
0 0.4632812440395355 0.4423828125 0.0390625 0.048828125
0 0.47265625 0.4970703125 0.0390625 0.048828125
0 0.48359376192092896 0.5498046875 0.0390625 0.048828125
0 0.49296873807907104 0.6044921875 0.0390625 0.048828125
0 0.50390625 0.6572265625 0.0390625 0.048828125
0 0.5132812261581421 0.7099609375 0.0390625 0.048828125
0 0.48515623807907104 0.3232421875 0.0390625 0.048828125
0 0.4945312440395355 0.3779296875 0.0390625 0.048828125
0 0.5054687261581421 0.4306640625 0.0390625 0.048828125
0 0.514843761920929 0.4833984375 0.0390625 0.048828125
0 0.5257812738418579 0.5380859375 0.0390625 0.048828125
0 0.53515625 0.5908203125 0.0390625 0.048828125
0 0.546093761920929 0.6455078125 0.0390625 0.048828125
0 0.555468738079071 0.6982421875 0.0390625 0.048828125
0 0.52734375 0.3115234375 0.0390625 0.048828125
0 0.5367187261581421 0.3642578125 0.0390625 0.048828125
0 0.547656238079071 0.4189453125 0.0390625 0.048828125
0 0.5570312738418579 0.4716796875 0.0390625 0.048828125
0 0.5679687261581421 0.5244140625 0.0390625 0.048828125
0 0.577343761920929 0.5791015625 0.0390625 0.048828125
0 0.5882812738418579 0.6318359375 0.0390625 0.048828125
0 0.59765625 0.6865234375 0.0390625 0.048828125
0 0.569531261920929 0.2978515625 0.0390625 0.048828125
0 0.5804687738418579 0.3505859375 0.0390625 0.048828125
0 0.58984375 0.4052734375 0.0390625 0.048828125
0 0.5992187261581421 0.4580078125 0.0390625 0.048828125
0 0.610156238079071 0.5126953125 0.0390625 0.048828125
0 0.6195312738418579 0.5654296875 0.0390625 0.048828125
0 0.6304687261581421 0.6201171875 0.0390625 0.048828125
0 0.641406238079071 0.6748046875 0.0390625 0.048828125
0 0.6117187738418579 0.2841796875 0.0390625 0.048828125
0 0.6226562261581421 0.3388671875 0.0390625 0.048828125
0 0.632031261920929 0.3916015625 0.0390625 0.048828125
0 0.6429687738418579 0.4462890625 0.0390625 0.048828125
0 0.65234375 0.4990234375 0.0390625 0.048828125
0 0.663281261920929 0.5537109375 0.0390625 0.048828125
0 0.672656238079071 0.6083984375 0.0390625 0.048828125
0 0.68359375 0.6611328125 0.0390625 0.048828125
