0 0.25859373807907104 0.6103515625 0.0390625 0.048828125
0 0.26953125 0.6630859375 0.0390625 0.048828125
0 0.28046876192092896 0.7138671875 0.0390625 0.048828125
0 0.2914062440395355 0.7646484375 0.0390625 0.048828125
0 0.3023437559604645 0.8173828125 0.0390625 0.048828125
0 0.31328123807907104 0.8681640625 0.0390625 0.048828125
0 0.32421875 0.9208984375 0.0390625 0.048828125
0 0.33515626192092896 0.974609375 0.0390625 0.046875
0 0.30078125 0.5966796875 0.0390625 0.048828125
0 0.31171876192092896 0.6474609375 0.0390625 0.048828125
0 0.3226562440395355 0.6982421875 0.0390625 0.048828125
0 0.3335937559604645 0.7509765625 0.0390625 0.048828125
0 0.34453123807907104 0.8017578125 0.0390625 0.048828125
0 0.35546875 0.8544921875 0.0390625 0.048828125
0 0.36796873807907104 0.9072265625 0.0390625 0.048828125
0 0.3773437440395355 0.9599609375 0.0390625 0.048828125
0 0.34296876192092896 0.5810546875 0.0390625 0.048828125
0 0.3539062440395355 0.6318359375 0.0390625 0.048828125
0 0.3648437559604645 0.6845703125 0.0390625 0.048828125
0 0.37578123807907104 0.7353515625 0.0390625 0.048828125
0 0.38671875 0.7861328125 0.0390625 0.048828125
0 0.39921873807907104 0.8388671875 0.0390625 0.048828125
0 0.41015625 0.8916015625 0.0390625 0.048828125
0 0.42109376192092896 0.9443359375 0.0390625 0.048828125
0 0.3851562440395355 0.5654296875 0.0390625 0.048828125
0 0.3960937559604645 0.6162109375 0.0390625 0.048828125
0 0.40703123807907104 0.6689453125 0.0390625 0.048828125
0 0.41796875 0.7197265625 0.0390625 0.048828125
0 0.43046873807907104 0.7724609375 0.0390625 0.048828125
0 0.44140625 0.8251953125 0.0390625 0.048828125
0 0.45234376192092896 0.8759765625 0.0390625 0.048828125
0 0.4632812440395355 0.9287109375 0.0390625 0.048828125
0 0.4273437559604645 0.5517578125 0.0390625 0.048828125
0 0.43828123807907104 0.6025390625 0.0390625 0.048828125
0 0.44921875 0.6533203125 0.0390625 0.048828125
0 0.46015626192092896 0.7060546875 0.0390625 0.048828125
0 0.47265625 0.7568359375 0.0390625 0.048828125
0 0.48359376192092896 0.8095703125 0.0390625 0.048828125
0 0.4945312440395355 0.8623046875 0.0390625 0.048828125
0 0.5054687261581421 0.9150390625 0.0390625 0.048828125
0 0.46796876192092896 0.5361328125 0.0390625 0.048828125
0 0.4789062440395355 0.5869140625 0.0390625 0.048828125
0 0.49140626192092896 0.6376953125 0.0390625 0.048828125
0 0.5023437738418579 0.6904296875 0.0390625 0.048828125
0 0.5132812261581421 0.7431640625 0.0390625 0.048828125
0 0.5257812738418579 0.7939453125 0.0390625 0.048828125
0 0.5367187261581421 0.8466796875 0.0390625 0.048828125
0 0.5492187738418579 0.8994140625 0.0390625 0.048828125
0 0.5101562738418579 0.5205078125 0.0390625 0.048828125
0 0.5210937261581421 0.5732421875 0.0390625 0.048828125
0 0.5335937738418579 0.6240234375 0.0390625 0.048828125
0 0.5445312261581421 0.6748046875 0.0390625 0.048828125
0 0.5570312738418579 0.7275390625 0.0390625 0.048828125
0 0.5679687261581421 0.7802734375 0.0390625 0.048828125
0 0.578906238079071 0.8310546875 0.0390625 0.048828125
0 0.5914062261581421 0.8837890625 0.0390625 0.048828125
0 0.5523437261581421 0.5068359375 0.0390625 0.048828125
0 0.563281238079071 0.5576171875 0.0390625 0.048828125
0 0.5757812261581421 0.6083984375 0.0390625 0.048828125
0 0.586718738079071 0.6611328125 0.0390625 0.048828125
0 0.59765625 0.7119140625 0.0390625 0.048828125
0 0.610156238079071 0.7646484375 0.0390625 0.048828125
0 0.6226562261581421 0.8173828125 0.0390625 0.048828125
0 0.633593738079071 0.8701171875 0.0390625 0.048828125
0 0.594531238079071 0.4912109375 0.0390625 0.048828125
0 0.60546875 0.5419921875 0.0390625 0.048828125
0 0.616406261920929 0.5947265625 0.0390625 0.048828125
0 0.62890625 0.6455078125 0.0390625 0.048828125
0 0.641406238079071 0.6982421875 0.0390625 0.048828125
0 0.65234375 0.7509765625 0.0390625 0.048828125
0 0.664843738079071 0.8017578125 0.0390625 0.048828125
0 0.67578125 0.8544921875 0.0390625 0.048828125
0 0.6351562738418579 0.4755859375 0.0390625 0.048828125
0 0.647656261920929 0.5283203125 0.0390625 0.048828125
0 0.6585937738418579 0.5791015625 0.0390625 0.048828125
0 0.671093761920929 0.6318359375 0.0390625 0.048828125
0 0.68359375 0.6826171875 0.0390625 0.048828125
0 0.694531261920929 0.7353515625 0.0390625 0.048828125
0 0.70703125 0.7880859375 0.0390625 0.048828125
0 0.719531238079071 0.8408203125 0.0390625 0.048828125
0 0.6773437261581421 0.4619140625 0.0390625 0.048828125
0 0.6898437738418579 0.5126953125 0.0390625 0.048828125
0 0.7007812261581421 0.5634765625 0.0390625 0.048828125
0 0.7132812738418579 0.6162109375 0.0390625 0.048828125
0 0.725781261920929 0.6689453125 0.0390625 0.048828125
0 0.73828125 0.7197265625 0.0390625 0.048828125
0 0.749218761920929 0.7724609375 0.0390625 0.048828125
0 0.76171875 0.8251953125 0.0390625 0.048828125
