0 0.3140625059604645 0.693359375 0.028125 0.02734375
0 0.32499998807907104 0.6552734375 0.028125 0.029296875
0 0.3359375 0.6162109375 0.028125 0.029296875
0 0.3453125059604645 0.5791015625 0.028125 0.029296875
0 0.359375 0.541015625 0.028125 0.02734375
0 0.3687500059604645 0.5048828125 0.028125 0.029296875
0 0.3804687559604645 0.4677734375 0.0265625 0.029296875
0 0.3921875059604645 0.4306640625 0.028125 0.025390625
0 0.3531250059604645 0.69140625 0.028125 0.03125
0 0.36406248807907104 0.6533203125 0.028125 0.029296875
0 0.375 0.6142578125 0.028125 0.029296875
0 0.3882812559604645 0.5771484375 0.0265625 0.029296875
0 0.3984375 0.5400390625 0.028125 0.029296875
0 0.41015625 0.501953125 0.0265625 0.02734375
0 0.4203124940395355 0.46484375 0.028125 0.02734375
0 0.4312500059604645 0.4287109375 0.025 0.025390625
0 0.39375001192092896 0.6884765625 0.028125 0.029296875
0 0.4046874940395355 0.6513671875 0.028125 0.029296875
0 0.4156250059604645 0.6123046875 0.028125 0.029296875
0 0.4281249940395355 0.5751953125 0.028125 0.029296875
0 0.4375 0.5380859375 0.028125 0.029296875
0 0.44921875 0.5009765625 0.0265625 0.029296875
0 0.46015626192092896 0.4638671875 0.0265625 0.029296875
0 0.4703125059604645 0.4267578125 0.028125 0.029296875
0 0.4351562559604645 0.6875 0.0296875 0.03125
0 0.4453125 0.6494140625 0.028125 0.029296875
0 0.45703125 0.611328125 0.0296875 0.03125
0 0.4671874940395355 0.5732421875 0.028125 0.029296875
0 0.4781250059604645 0.5361328125 0.028125 0.029296875
0 0.48906248807907104 0.498046875 0.028125 0.02734375
0 0.5 0.4609375 0.028125 0.02734375
0 0.510937511920929 0.4248046875 0.028125 0.029296875
0 0.4749999940395355 0.6845703125 0.028125 0.029296875
0 0.4859375059604645 0.6474609375 0.028125 0.029296875
0 0.4976562559604645 0.6083984375 0.0265625 0.029296875
0 0.508593738079071 0.5712890625 0.0296875 0.029296875
0 0.5179687738418579 0.5341796875 0.0265625 0.029296875
0 0.5296875238418579 0.49609375 0.028125 0.03125
0 0.5390625 0.4599609375 0.028125 0.029296875
0 0.55078125 0.4228515625 0.0296875 0.029296875
0 0.514843761920929 0.68359375 0.0328125 0.03515625
0 0.526562511920929 0.6455078125 0.028125 0.029296875
0 0.538281261920929 0.607421875 0.0296875 0.03125
0 0.5484374761581421 0.5693359375 0.028125 0.029296875
0 0.557812511920929 0.5322265625 0.028125 0.029296875
0 0.5687500238418579 0.4951171875 0.028125 0.029296875
0 0.5804687738418579 0.45703125 0.0265625 0.02734375
0 0.58984375 0.4208984375 0.0265625 0.029296875
0 0.557812511920929 0.6826171875 0.028125 0.029296875
0 0.56640625 0.6435546875 0.0265625 0.029296875
0 0.5796874761581421 0.60546875 0.028125 0.03125
0 0.58984375 0.568359375 0.0296875 0.03125
0 0.6000000238418579 0.5302734375 0.028125 0.029296875
0 0.609375 0.4931640625 0.028125 0.029296875
0 0.620312511920929 0.4560546875 0.028125 0.029296875
0 0.6312500238418579 0.4189453125 0.028125 0.029296875
0 0.6000000238418579 0.6806640625 0.03125 0.033203125
0 0.609375 0.642578125 0.03125 0.03125
0 0.620312511920929 0.603515625 0.03125 0.03125
0 0.6312500238418579 0.5654296875 0.028125 0.029296875
0 0.640625 0.529296875 0.03125 0.03125
0 0.651562511920929 0.4912109375 0.028125 0.029296875
0 0.66015625 0.4541015625 0.0265625 0.029296875
0 0.671093761920929 0.4169921875 0.0265625 0.029296875
0 0.640625 0.6806640625 0.028125 0.029296875
0 0.65234375 0.640625 0.0296875 0.03125
0 0.66015625 0.6025390625 0.0265625 0.029296875
0 0.671875 0.564453125 0.03125 0.03125
0 0.6820312738418579 0.52734375 0.0265625 0.02734375
0 0.69140625 0.4892578125 0.0265625 0.029296875
0 0.702343761920929 0.4521484375 0.0296875 0.029296875
0 0.7124999761581421 0.4150390625 0.028125 0.029296875
0 0.68359375 0.6787109375 0.0328125 0.033203125
0 0.694531261920929 0.6396484375 0.0296875 0.029296875
0 0.703125 0.6005859375 0.03125 0.033203125
0 0.714062511920929 0.5634765625 0.028125 0.029296875
0 0.7242187261581421 0.525390625 0.0296875 0.03125
0 0.734375 0.4873046875 0.028125 0.029296875
0 0.7437499761581421 0.4501953125 0.03125 0.029296875
0 0.75390625 0.4130859375 0.0265625 0.029296875
0 0.725781261920929 0.677734375 0.0296875 0.03125
0 0.7359374761581421 0.638671875 0.03125 0.03125
0 0.74609375 0.599609375 0.0296875 0.03125
0 0.75390625 0.5615234375 0.0265625 0.029296875
0 0.7671874761581421 0.5244140625 0.028125 0.029296875
0 0.776562511920929 0.486328125 0.03125 0.03125
0 0.78515625 0.4482421875 0.0265625 0.029296875
0 0.796093761920929 0.4111328125 0.0296875 0.029296875
