0 0.43828123807907104 0.5498046875 0.0390625 0.048828125
0 0.45234376192092896 0.5009765625 0.0390625 0.048828125
0 0.46796876192092896 0.4482421875 0.0390625 0.048828125
0 0.48359376192092896 0.3974609375 0.0390625 0.048828125
0 0.4976562559604645 0.3466796875 0.0390625 0.048828125
0 0.5132812261581421 0.2958984375 0.0390625 0.048828125
0 0.5289062261581421 0.2451171875 0.0390625 0.048828125
0 0.5445312261581421 0.1943359375 0.0390625 0.048828125
0 0.47734373807907104 0.5693359375 0.0390625 0.048828125
0 0.49296873807907104 0.5185546875 0.0390625 0.048828125
0 0.507031261920929 0.4677734375 0.0390625 0.048828125
0 0.522656261920929 0.4169921875 0.0390625 0.048828125
0 0.538281261920929 0.3662109375 0.0390625 0.048828125
0 0.553906261920929 0.3154296875 0.0390625 0.048828125
0 0.5679687261581421 0.2646484375 0.0390625 0.048828125
0 0.5835937261581421 0.2119140625 0.0390625 0.048828125
0 0.516406238079071 0.5869140625 0.0390625 0.048828125
0 0.532031238079071 0.5380859375 0.0390625 0.048828125
0 0.547656238079071 0.4873046875 0.0390625 0.048828125
0 0.561718761920929 0.4365234375 0.0390625 0.048828125
0 0.577343761920929 0.3837890625 0.0390625 0.048828125
0 0.592968761920929 0.3349609375 0.0390625 0.048828125
0 0.608593761920929 0.2822265625 0.0390625 0.048828125
0 0.624218761920929 0.2314453125 0.0390625 0.048828125
0 0.555468738079071 0.6064453125 0.0390625 0.048828125
0 0.571093738079071 0.5556640625 0.0390625 0.048828125
0 0.586718738079071 0.5068359375 0.0390625 0.048828125
0 0.602343738079071 0.4541015625 0.0390625 0.048828125
0 0.617968738079071 0.4033203125 0.0390625 0.048828125
0 0.633593738079071 0.3525390625 0.0390625 0.048828125
0 0.649218738079071 0.3017578125 0.0390625 0.048828125
0 0.663281261920929 0.2509765625 0.0390625 0.048828125
0 0.59765625 0.6259765625 0.0390625 0.048828125
0 0.6117187738418579 0.5751953125 0.0390625 0.048828125
0 0.6273437738418579 0.5244140625 0.0390625 0.048828125
0 0.6429687738418579 0.4736328125 0.0390625 0.048828125
0 0.657031238079071 0.4228515625 0.0390625 0.048828125
0 0.672656238079071 0.3720703125 0.0390625 0.048828125
0 0.6898437738418579 0.3212890625 0.0390625 0.048828125
0 0.703906238079071 0.2685546875 0.0390625 0.048828125
0 0.63671875 0.6455078125 0.0390625 0.048828125
0 0.65234375 0.5947265625 0.0390625 0.048828125
0 0.66796875 0.5439453125 0.0390625 0.048828125
0 0.68359375 0.4931640625 0.0390625 0.048828125
0 0.6976562738418579 0.4423828125 0.0390625 0.048828125
0 0.7132812738418579 0.3916015625 0.0390625 0.048828125
0 0.7289062738418579 0.3388671875 0.0390625 0.048828125
0 0.7445312738418579 0.2880859375 0.0390625 0.048828125
0 0.6773437261581421 0.6650390625 0.0390625 0.048828125
0 0.6929687261581421 0.6142578125 0.0390625 0.048828125
0 0.7085937261581421 0.5634765625 0.0390625 0.048828125
0 0.72265625 0.5126953125 0.0390625 0.048828125
0 0.73828125 0.4619140625 0.0390625 0.048828125
0 0.75390625 0.4091796875 0.0390625 0.048828125
0 0.76953125 0.3583984375 0.0390625 0.048828125
0 0.78515625 0.3076171875 0.0390625 0.048828125
0 0.717968761920929 0.6845703125 0.0390625 0.048828125
0 0.733593761920929 0.6337890625 0.0390625 0.048828125
0 0.749218761920929 0.5830078125 0.0390625 0.048828125
0 0.7632812261581421 0.5322265625 0.0390625 0.048828125
0 0.7789062261581421 0.4814453125 0.0390625 0.048828125
0 0.7945312261581421 0.4287109375 0.0390625 0.048828125
0 0.8101562261581421 0.3779296875 0.0390625 0.048828125
0 0.8257812261581421 0.3251953125 0.0390625 0.048828125
0 0.758593738079071 0.7041015625 0.0390625 0.048828125
0 0.774218738079071 0.6533203125 0.0390625 0.048828125
0 0.789843738079071 0.6025390625 0.0390625 0.048828125
0 0.803906261920929 0.5517578125 0.0390625 0.048828125
0 0.819531261920929 0.4990234375 0.0390625 0.048828125
0 0.835156261920929 0.4482421875 0.0390625 0.048828125
0 0.852343738079071 0.3955078125 0.0390625 0.048828125
0 0.867968738079071 0.3447265625 0.0390625 0.048828125
0 0.7992187738418579 0.7255859375 0.0390625 0.048828125
0 0.8148437738418579 0.6728515625 0.0390625 0.048828125
0 0.8304687738418579 0.6220703125 0.0390625 0.048828125
0 0.8460937738418579 0.5693359375 0.0390625 0.048828125
0 0.8617187738418579 0.5185546875 0.0390625 0.048828125
0 0.8773437738418579 0.4677734375 0.0390625 0.048828125
0 0.8929687738418579 0.4150390625 0.0390625 0.048828125
0 0.9085937738418579 0.3642578125 0.0390625 0.048828125
0 0.8414062261581421 0.7451171875 0.0390625 0.048828125
0 0.8570312261581421 0.6943359375 0.0390625 0.048828125
0 0.87109375 0.6416015625 0.0390625 0.048828125
0 0.88671875 0.5908203125 0.0390625 0.048828125
0 0.9039062261581421 0.5380859375 0.0390625 0.048828125
0 0.91796875 0.4873046875 0.0390625 0.048828125
0 0.9351562261581421 0.4345703125 0.0390625 0.048828125
0 0.9507812261581421 0.3818359375 0.0390625 0.048828125
