0 0.29296875 0.1435546875 0.0390625 0.048828125
0 0.33671873807907104 0.1416015625 0.0390625 0.048828125
0 0.3804687559604645 0.1396484375 0.0390625 0.048828125
0 0.4242187440395355 0.1396484375 0.0390625 0.048828125
0 0.46796876192092896 0.1376953125 0.0390625 0.048828125
0 0.51171875 0.1376953125 0.0390625 0.048828125
0 0.555468738079071 0.1357421875 0.0390625 0.048828125
0 0.5992187261581421 0.1337890625 0.0390625 0.048828125
0 0.2945312559604645 0.1982421875 0.0390625 0.048828125
0 0.3382812440395355 0.1982421875 0.0390625 0.048828125
0 0.38203126192092896 0.1962890625 0.0390625 0.048828125
0 0.42578125 0.1943359375 0.0390625 0.048828125
0 0.46953123807907104 0.1943359375 0.0390625 0.048828125
0 0.51171875 0.1923828125 0.0390625 0.048828125
0 0.555468738079071 0.1923828125 0.0390625 0.048828125
0 0.5992187261581421 0.1904296875 0.0390625 0.048828125
0 0.2945312559604645 0.2548828125 0.0390625 0.048828125
0 0.3382812440395355 0.2529296875 0.0390625 0.048828125
0 0.38203126192092896 0.2529296875 0.0390625 0.048828125
0 0.42578125 0.2509765625 0.0390625 0.048828125
0 0.46953123807907104 0.2490234375 0.0390625 0.048828125
0 0.5132812261581421 0.2490234375 0.0390625 0.048828125
0 0.5570312738418579 0.2470703125 0.0390625 0.048828125
0 0.600781261920929 0.2451171875 0.0390625 0.048828125
0 0.29609376192092896 0.3095703125 0.0390625 0.048828125
0 0.33984375 0.3095703125 0.0390625 0.048828125
0 0.38359373807907104 0.3076171875 0.0390625 0.048828125
0 0.4273437559604645 0.3056640625 0.0390625 0.048828125
0 0.46953123807907104 0.3056640625 0.0390625 0.048828125
0 0.5132812261581421 0.3037109375 0.0390625 0.048828125
0 0.5570312738418579 0.3017578125 0.0390625 0.048828125
0 0.600781261920929 0.3017578125 0.0390625 0.048828125
0 0.29609376192092896 0.3662109375 0.0390625 0.048828125
0 0.33984375 0.3642578125 0.0390625 0.048828125
0 0.38359373807907104 0.3623046875 0.0390625 0.048828125
0 0.4273437559604645 0.3623046875 0.0390625 0.048828125
0 0.4710937440395355 0.3603515625 0.0390625 0.048828125
0 0.514843761920929 0.3583984375 0.0390625 0.048828125
0 0.55859375 0.3583984375 0.0390625 0.048828125
0 0.600781261920929 0.3564453125 0.0390625 0.048828125
0 0.29765623807907104 0.4208984375 0.0390625 0.048828125
0 0.3414062559604645 0.4189453125 0.0390625 0.048828125
0 0.3851562440395355 0.4189453125 0.0390625 0.048828125
0 0.42890626192092896 0.4169921875 0.0390625 0.048828125
0 0.4710937440395355 0.4150390625 0.0390625 0.048828125
0 0.514843761920929 0.4130859375 0.0390625 0.048828125
0 0.55859375 0.4130859375 0.0390625 0.048828125
0 0.602343738079071 0.4111328125 0.0390625 0.048828125
0 0.29765623807907104 0.4755859375 0.0390625 0.048828125
0 0.3414062559604645 0.4755859375 0.0390625 0.048828125
0 0.3851562440395355 0.4736328125 0.0390625 0.048828125
0 0.42890626192092896 0.4716796875 0.0390625 0.048828125
0 0.47265625 0.4697265625 0.0390625 0.048828125
0 0.516406238079071 0.4697265625 0.0390625 0.048828125
0 0.55859375 0.4677734375 0.0390625 0.048828125
0 0.602343738079071 0.4658203125 0.0390625 0.048828125
0 0.2992187440395355 0.5322265625 0.0390625 0.048828125
0 0.34296876192092896 0.5302734375 0.0390625 0.048828125
0 0.38671875 0.5283203125 0.0390625 0.048828125
0 0.43046873807907104 0.5263671875 0.0390625 0.048828125
0 0.47265625 0.5263671875 0.0390625 0.048828125
0 0.516406238079071 0.5244140625 0.0390625 0.048828125
0 0.5601562261581421 0.5224609375 0.0390625 0.048828125
0 0.6039062738418579 0.5205078125 0.0390625 0.048828125
0 0.2992187440395355 0.5869140625 0.0390625 0.048828125
0 0.34296876192092896 0.5849609375 0.0390625 0.048828125
0 0.38671875 0.5830078125 0.0390625 0.048828125
0 0.43046873807907104 0.5830078125 0.0390625 0.048828125
0 0.4742187559604645 0.5810546875 0.0390625 0.048828125
0 0.5179687738418579 0.5791015625 0.0390625 0.048828125
0 0.5601562261581421 0.5771484375 0.0390625 0.048828125
0 0.6039062738418579 0.5751953125 0.0390625 0.048828125
0 0.30078125 0.6416015625 0.0390625 0.048828125
0 0.34453123807907104 0.6396484375 0.0390625 0.048828125
0 0.3882812559604645 0.6396484375 0.0390625 0.048828125
0 0.43046873807907104 0.6376953125 0.0390625 0.048828125
0 0.4742187559604645 0.6357421875 0.0390625 0.048828125
0 0.5179687738418579 0.6337890625 0.0390625 0.048828125
0 0.561718761920929 0.6318359375 0.0390625 0.048828125
0 0.6039062738418579 0.6318359375 0.0390625 0.048828125
0 0.30078125 0.6962890625 0.0390625 0.048828125
0 0.34453123807907104 0.6962890625 0.0390625 0.048828125
0 0.3882812559604645 0.6943359375 0.0390625 0.048828125
0 0.4320312440395355 0.6923828125 0.0390625 0.048828125
0 0.47578126192092896 0.6904296875 0.0390625 0.048828125
0 0.5179687738418579 0.6884765625 0.0390625 0.048828125
0 0.561718761920929 0.6865234375 0.0390625 0.048828125
0 0.60546875 0.6865234375 0.0390625 0.048828125
