0 0.2710937559604645 0.6083984375 0.0390625 0.048828125
0 0.30859375 0.6337890625 0.0390625 0.048828125
0 0.34765625 0.6611328125 0.0390625 0.048828125
0 0.3851562440395355 0.6865234375 0.0390625 0.048828125
0 0.42265623807907104 0.7119140625 0.0390625 0.048828125
0 0.46015626192092896 0.7392578125 0.0390625 0.048828125
0 0.49921876192092896 0.7646484375 0.0390625 0.048828125
0 0.5367187261581421 0.7900390625 0.0390625 0.048828125
0 0.2914062440395355 0.5654296875 0.0390625 0.048828125
0 0.32890623807907104 0.5908203125 0.0390625 0.048828125
0 0.36796873807907104 0.6162109375 0.0390625 0.048828125
0 0.40546876192092896 0.6435546875 0.0390625 0.048828125
0 0.44453126192092896 0.6689453125 0.0390625 0.048828125
0 0.4820312559604645 0.6943359375 0.0390625 0.048828125
0 0.51953125 0.7216796875 0.0390625 0.048828125
0 0.55859375 0.7470703125 0.0390625 0.048828125
0 0.31171876192092896 0.5205078125 0.0390625 0.048828125
0 0.35078126192092896 0.5478515625 0.0390625 0.048828125
0 0.3882812559604645 0.5732421875 0.0390625 0.048828125
0 0.4273437559604645 0.5986328125 0.0390625 0.048828125
0 0.46484375 0.6259765625 0.0390625 0.048828125
0 0.50390625 0.6513671875 0.0390625 0.048828125
0 0.5414062738418579 0.6767578125 0.0390625 0.048828125
0 0.578906238079071 0.7041015625 0.0390625 0.048828125
0 0.33203125 0.4775390625 0.0390625 0.048828125
0 0.37109375 0.5029296875 0.0390625 0.048828125
0 0.41015625 0.5302734375 0.0390625 0.048828125
0 0.4476562440395355 0.5556640625 0.0390625 0.048828125
0 0.4867187440395355 0.5810546875 0.0390625 0.048828125
0 0.524218738079071 0.6083984375 0.0390625 0.048828125
0 0.561718761920929 0.6337890625 0.0390625 0.048828125
0 0.600781261920929 0.6611328125 0.0390625 0.048828125
0 0.35234373807907104 0.4326171875 0.0390625 0.048828125
0 0.39140623807907104 0.4580078125 0.0390625 0.048828125
0 0.43046873807907104 0.4853515625 0.0390625 0.048828125
0 0.46796876192092896 0.5107421875 0.0390625 0.048828125
0 0.507031261920929 0.5380859375 0.0390625 0.048828125
0 0.5445312261581421 0.5634765625 0.0390625 0.048828125
0 0.5835937261581421 0.5888671875 0.0390625 0.048828125
0 0.6226562261581421 0.6162109375 0.0390625 0.048828125
0 0.37421876192092896 0.3876953125 0.0390625 0.048828125
0 0.4117187559604645 0.4150390625 0.0390625 0.048828125
0 0.4507812559604645 0.4404296875 0.0390625 0.048828125
0 0.4898437559604645 0.4677734375 0.0390625 0.048828125
0 0.52734375 0.4931640625 0.0390625 0.048828125
0 0.56640625 0.5205078125 0.0390625 0.048828125
0 0.60546875 0.5458984375 0.0390625 0.048828125
0 0.64453125 0.5732421875 0.0390625 0.048828125
0 0.39453125 0.3427734375 0.0390625 0.048828125
0 0.43359375 0.3701171875 0.0390625 0.048828125
0 0.47265625 0.3955078125 0.0390625 0.048828125
0 0.5101562738418579 0.4228515625 0.0390625 0.048828125
0 0.5492187738418579 0.4482421875 0.0390625 0.048828125
0 0.5882812738418579 0.4755859375 0.0390625 0.048828125
0 0.625781238079071 0.5009765625 0.0390625 0.048828125
0 0.664843738079071 0.5283203125 0.0390625 0.048828125
0 0.41484373807907104 0.2978515625 0.0390625 0.048828125
0 0.45390623807907104 0.3251953125 0.0390625 0.048828125
0 0.49296873807907104 0.3525390625 0.0390625 0.048828125
0 0.532031238079071 0.3779296875 0.0390625 0.048828125
0 0.571093738079071 0.4052734375 0.0390625 0.048828125
0 0.608593761920929 0.4306640625 0.0390625 0.048828125
0 0.647656261920929 0.4580078125 0.0390625 0.048828125
0 0.686718761920929 0.4833984375 0.0390625 0.048828125
0 0.43671876192092896 0.2529296875 0.0390625 0.048828125
0 0.47578126192092896 0.2802734375 0.0390625 0.048828125
0 0.5132812261581421 0.3076171875 0.0390625 0.048828125
0 0.5523437261581421 0.3330078125 0.0390625 0.048828125
0 0.5914062261581421 0.3603515625 0.0390625 0.048828125
0 0.6304687261581421 0.3857421875 0.0390625 0.048828125
0 0.6695312261581421 0.4130859375 0.0390625 0.048828125
0 0.7085937261581421 0.4384765625 0.0390625 0.048828125
0 0.45703125 0.2080078125 0.0390625 0.048828125
0 0.49609375 0.2353515625 0.0390625 0.048828125
0 0.53515625 0.2607421875 0.0390625 0.048828125
0 0.57421875 0.2880859375 0.0390625 0.048828125
0 0.61328125 0.3134765625 0.0390625 0.048828125
0 0.65234375 0.3408203125 0.0390625 0.048828125
0 0.69140625 0.3662109375 0.0390625 0.048828125
0 0.73046875 0.3935546875 0.0390625 0.048828125
0 0.47734373807907104 0.1611328125 0.0390625 0.048828125
0 0.516406238079071 0.1884765625 0.0390625 0.048828125
0 0.5570312738418579 0.2158203125 0.0390625 0.048828125
0 0.5960937738418579 0.2412109375 0.0390625 0.048828125
0 0.6351562738418579 0.2685546875 0.0390625 0.048828125
0 0.6742187738418579 0.2958984375 0.0390625 0.048828125
0 0.7132812738418579 0.3212890625 0.0390625 0.048828125
0 0.750781238079071 0.3486328125 0.0390625 0.048828125
