0 0.18984374403953552 0.3701171875 0.0390625 0.048828125
0 0.19921875 0.4306640625 0.0390625 0.048828125
0 0.21015624701976776 0.4931640625 0.0390625 0.048828125
0 0.21953125298023224 0.5517578125 0.0390625 0.048828125
0 0.22890624403953552 0.6142578125 0.0390625 0.048828125
0 0.23984375596046448 0.6767578125 0.0390625 0.048828125
0 0.24921874701976776 0.7373046875 0.0390625 0.048828125
0 0.25859373807907104 0.7978515625 0.0390625 0.048828125
0 0.22578124701976776 0.3564453125 0.0390625 0.048828125
0 0.23515625298023224 0.4169921875 0.0390625 0.048828125
0 0.24609375 0.4794921875 0.0390625 0.048828125
0 0.2554687559604645 0.5400390625 0.0390625 0.048828125
0 0.26484376192092896 0.6025390625 0.0390625 0.048828125
0 0.27421873807907104 0.6630859375 0.0390625 0.048828125
0 0.28515625 0.7255859375 0.0390625 0.048828125
0 0.2945312559604645 0.7861328125 0.0390625 0.048828125
0 0.26171875 0.3427734375 0.0390625 0.048828125
0 0.2710937559604645 0.4052734375 0.0390625 0.048828125
0 0.28203123807907104 0.4658203125 0.0390625 0.048828125
0 0.2914062440395355 0.5283203125 0.0390625 0.048828125
0 0.30078125 0.5888671875 0.0390625 0.048828125
0 0.3101562559604645 0.6513671875 0.0390625 0.048828125
0 0.32109373807907104 0.7119140625 0.0390625 0.048828125
0 0.32890623807907104 0.7744140625 0.0390625 0.048828125
0 0.29765623807907104 0.3291015625 0.0390625 0.048828125
0 0.30546873807907104 0.3896484375 0.0390625 0.048828125
0 0.3179687559604645 0.4541015625 0.0390625 0.048828125
0 0.32734376192092896 0.5146484375 0.0390625 0.048828125
0 0.33671873807907104 0.5771484375 0.0390625 0.048828125
0 0.34765625 0.6376953125 0.0390625 0.048828125
0 0.3570312559604645 0.7001953125 0.0390625 0.048828125
0 0.36640626192092896 0.7626953125 0.0390625 0.048828125
0 0.3335937559604645 0.3154296875 0.0390625 0.048828125
0 0.34453123807907104 0.3779296875 0.0390625 0.048828125
0 0.35234373807907104 0.4404296875 0.0390625 0.048828125
0 0.36328125 0.5009765625 0.0390625 0.048828125
0 0.37421876192092896 0.5634765625 0.0390625 0.048828125
0 0.38359373807907104 0.6259765625 0.0390625 0.048828125
0 0.3929687440395355 0.6884765625 0.0390625 0.048828125
0 0.4039062559604645 0.7509765625 0.0390625 0.048828125
0 0.37109375 0.3017578125 0.0390625 0.048828125
0 0.3804687559604645 0.3642578125 0.0390625 0.048828125
0 0.39140623807907104 0.4267578125 0.0390625 0.048828125
0 0.4007812440395355 0.4892578125 0.0390625 0.048828125
0 0.41015625 0.5517578125 0.0390625 0.048828125
0 0.4195312559604645 0.6142578125 0.0390625 0.048828125
0 0.43046873807907104 0.6748046875 0.0390625 0.048828125
0 0.44140625 0.7392578125 0.0390625 0.048828125
0 0.4085937440395355 0.2880859375 0.0390625 0.048828125
0 0.41796875 0.3505859375 0.0390625 0.048828125
0 0.4273437559604645 0.4130859375 0.0390625 0.048828125
0 0.43828123807907104 0.4755859375 0.0390625 0.048828125
0 0.4476562440395355 0.5380859375 0.0390625 0.048828125
0 0.4585937559604645 0.6005859375 0.0390625 0.048828125
0 0.46796876192092896 0.6630859375 0.0390625 0.048828125
0 0.47734373807907104 0.7255859375 0.0390625 0.048828125
0 0.44609373807907104 0.2744140625 0.0390625 0.048828125
0 0.4554687440395355 0.3369140625 0.0390625 0.048828125
0 0.46484375 0.3994140625 0.0390625 0.048828125
0 0.47578126192092896 0.4619140625 0.0390625 0.048828125
0 0.48515623807907104 0.5244140625 0.0390625 0.048828125
0 0.49609375 0.5869140625 0.0390625 0.048828125
0 0.5054687261581421 0.6513671875 0.0390625 0.048828125
0 0.514843761920929 0.7138671875 0.0390625 0.048828125
0 0.48359376192092896 0.2587890625 0.0390625 0.048828125
0 0.4945312440395355 0.3232421875 0.0390625 0.048828125
0 0.5023437738418579 0.3857421875 0.0390625 0.048828125
0 0.5132812261581421 0.4482421875 0.0390625 0.048828125
0 0.522656261920929 0.5107421875 0.0390625 0.048828125
0 0.5335937738418579 0.5751953125 0.0390625 0.048828125
0 0.5445312261581421 0.6376953125 0.0390625 0.048828125
0 0.553906261920929 0.7021484375 0.0390625 0.048828125
0 0.522656261920929 0.2451171875 0.0390625 0.048828125
0 0.532031238079071 0.3076171875 0.0390625 0.048828125
0 0.5414062738418579 0.3720703125 0.0390625 0.048828125
0 0.5523437261581421 0.4345703125 0.0390625 0.048828125
0 0.561718761920929 0.4990234375 0.0390625 0.048828125
0 0.571093738079071 0.5615234375 0.0390625 0.048828125
0 0.58203125 0.6259765625 0.0390625 0.048828125
0 0.592968761920929 0.6884765625 0.0390625 0.048828125
0 0.561718761920929 0.2294921875 0.0390625 0.048828125
0 0.571093738079071 0.2939453125 0.0390625 0.048828125
0 0.5804687738418579 0.3583984375 0.0390625 0.048828125
0 0.5914062261581421 0.4208984375 0.0390625 0.048828125
0 0.600781261920929 0.4853515625 0.0390625 0.048828125
0 0.6117187738418579 0.5478515625 0.0390625 0.048828125
0 0.62109375 0.6123046875 0.0390625 0.048828125
0 0.632031261920929 0.6767578125 0.0390625 0.048828125
