0 0.68359375 0.4287109375 0.0390625 0.048828125
0 0.6742187738418579 0.4775390625 0.0390625 0.048828125
0 0.663281261920929 0.5244140625 0.0390625 0.048828125
0 0.65234375 0.5712890625 0.0390625 0.048828125
0 0.641406238079071 0.6181640625 0.0390625 0.048828125
0 0.6304687261581421 0.6669921875 0.0390625 0.048828125
0 0.617968738079071 0.7158203125 0.0390625 0.048828125
0 0.60546875 0.7646484375 0.0390625 0.048828125
0 0.641406238079071 0.4072265625 0.0390625 0.048828125
0 0.6304687261581421 0.4521484375 0.0390625 0.048828125
0 0.6195312738418579 0.4990234375 0.0390625 0.048828125
0 0.608593761920929 0.5478515625 0.0390625 0.048828125
0 0.59765625 0.5947265625 0.0390625 0.048828125
0 0.585156261920929 0.6416015625 0.0390625 0.048828125
0 0.57421875 0.6904296875 0.0390625 0.048828125
0 0.561718761920929 0.7392578125 0.0390625 0.048828125
0 0.59765625 0.3818359375 0.0390625 0.048828125
0 0.5882812738418579 0.4287109375 0.0390625 0.048828125
0 0.5757812261581421 0.4755859375 0.0390625 0.048828125
0 0.5648437738418579 0.5224609375 0.0390625 0.048828125
0 0.553906261920929 0.5693359375 0.0390625 0.048828125
0 0.54296875 0.6162109375 0.0390625 0.048828125
0 0.530468761920929 0.6650390625 0.0390625 0.048828125
0 0.5179687738418579 0.7138671875 0.0390625 0.048828125
0 0.555468738079071 0.3583984375 0.0390625 0.048828125
0 0.5445312261581421 0.4033203125 0.0390625 0.048828125
0 0.5335937738418579 0.4521484375 0.0390625 0.048828125
0 0.522656261920929 0.4970703125 0.0390625 0.048828125
0 0.5101562738418579 0.5458984375 0.0390625 0.048828125
0 0.49921876192092896 0.5927734375 0.0390625 0.048828125
0 0.4867187440395355 0.6396484375 0.0390625 0.048828125
0 0.4742187559604645 0.6884765625 0.0390625 0.048828125
0 0.51171875 0.3349609375 0.0390625 0.048828125
0 0.500781238079071 0.3798828125 0.0390625 0.048828125
0 0.4898437559604645 0.4267578125 0.0390625 0.048828125
0 0.4789062440395355 0.4736328125 0.0390625 0.048828125
0 0.46796876192092896 0.5205078125 0.0390625 0.048828125
0 0.4554687440395355 0.5673828125 0.0390625 0.048828125
0 0.4429687559604645 0.6162109375 0.0390625 0.048828125
0 0.43046873807907104 0.6630859375 0.0390625 0.048828125
0 0.46953123807907104 0.3115234375 0.0390625 0.048828125
0 0.4585937559604645 0.3564453125 0.0390625 0.048828125
0 0.4476562440395355 0.4033203125 0.0390625 0.048828125
0 0.4351562559604645 0.4501953125 0.0390625 0.048828125
0 0.4242187440395355 0.4970703125 0.0390625 0.048828125
0 0.4117187559604645 0.5439453125 0.0390625 0.048828125
0 0.39921873807907104 0.5908203125 0.0390625 0.048828125
0 0.38671875 0.6396484375 0.0390625 0.048828125
0 0.42578125 0.2880859375 0.0390625 0.048828125
0 0.41484373807907104 0.3349609375 0.0390625 0.048828125
0 0.4039062559604645 0.3798828125 0.0390625 0.048828125
0 0.39140623807907104 0.4248046875 0.0390625 0.048828125
0 0.3804687559604645 0.4716796875 0.0390625 0.048828125
0 0.36796873807907104 0.5185546875 0.0390625 0.048828125
0 0.35546875 0.5654296875 0.0390625 0.048828125
0 0.34296876192092896 0.6123046875 0.0390625 0.048828125
0 0.38203126192092896 0.2646484375 0.0390625 0.048828125
0 0.37109375 0.3115234375 0.0390625 0.048828125
0 0.36015623807907104 0.3544921875 0.0390625 0.048828125
0 0.34765625 0.4013671875 0.0390625 0.048828125
0 0.33671873807907104 0.4482421875 0.0390625 0.048828125
0 0.32421875 0.4951171875 0.0390625 0.048828125
0 0.3101562559604645 0.5400390625 0.0390625 0.048828125
0 0.29765623807907104 0.5888671875 0.0390625 0.048828125
0 0.3382812440395355 0.2431640625 0.0390625 0.048828125
0 0.32734376192092896 0.2861328125 0.0390625 0.048828125
0 0.3148437440395355 0.3310546875 0.0390625 0.048828125
0 0.30390626192092896 0.3779296875 0.0390625 0.048828125
0 0.2914062440395355 0.4228515625 0.0390625 0.048828125
0 0.2789062559604645 0.4697265625 0.0390625 0.048828125
0 0.26640623807907104 0.5166015625 0.0390625 0.048828125
0 0.25390625 0.5634765625 0.0390625 0.048828125
0 0.2945312559604645 0.2138671875 0.0390625 0.048828125
0 0.28203123807907104 0.263671875 0.0328125 0.03515625
0 0.2710937559604645 0.3076171875 0.0390625 0.048828125
0 0.2601562440395355 0.3544921875 0.0390625 0.048828125
0 0.24765625596046448 0.3994140625 0.0390625 0.048828125
0 0.23515625298023224 0.4462890625 0.0390625 0.048828125
0 0.22265625 0.4931640625 0.0390625 0.048828125
0 0.20859375596046448 0.5400390625 0.0390625 0.048828125
0 0.24921874701976776 0.1962890625 0.0296875 0.033203125
0 0.23828125 0.2392578125 0.0390625 0.048828125
0 0.2265625 0.287109375 0.034375 0.03515625
0 0.21484375 0.3310546875 0.0390625 0.048828125
0 0.20234374701976776 0.3759765625 0.0390625 0.048828125
0 0.18984374403953552 0.4228515625 0.0390625 0.048828125
0 0.17578125 0.4697265625 0.0390625 0.048828125
0 0.16328124701976776 0.5146484375 0.0390625 0.048828125
