0 0.41484373807907104 0.2919921875 0.0390625 0.048828125
0 0.4554687440395355 0.2763671875 0.0390625 0.048828125
0 0.49609375 0.2607421875 0.0390625 0.048828125
0 0.5367187261581421 0.2431640625 0.0390625 0.048828125
0 0.5757812261581421 0.2275390625 0.0390625 0.048828125
0 0.616406261920929 0.2099609375 0.0390625 0.048828125
0 0.655468761920929 0.1943359375 0.0390625 0.048828125
0 0.696093738079071 0.1787109375 0.0390625 0.048828125
0 0.43359375 0.3466796875 0.0390625 0.048828125
0 0.4742187559604645 0.3310546875 0.0390625 0.048828125
0 0.514843761920929 0.3134765625 0.0390625 0.048828125
0 0.553906261920929 0.2978515625 0.0390625 0.048828125
0 0.594531238079071 0.2802734375 0.0390625 0.048828125
0 0.6351562738418579 0.2646484375 0.0390625 0.048828125
0 0.6742187738418579 0.2490234375 0.0390625 0.048828125
0 0.71484375 0.2314453125 0.0390625 0.048828125
0 0.45234376192092896 0.4013671875 0.0390625 0.048828125
0 0.49296873807907104 0.3837890625 0.0390625 0.048828125
0 0.532031238079071 0.3681640625 0.0390625 0.048828125
0 0.5726562738418579 0.3505859375 0.0390625 0.048828125
0 0.61328125 0.3349609375 0.0390625 0.048828125
0 0.65234375 0.3173828125 0.0390625 0.048828125
0 0.6929687261581421 0.3017578125 0.0390625 0.048828125
0 0.7320312261581421 0.2841796875 0.0390625 0.048828125
0 0.46953123807907104 0.4560546875 0.0390625 0.048828125
0 0.5101562738418579 0.4384765625 0.0390625 0.048828125
0 0.55078125 0.4208984375 0.0390625 0.048828125
0 0.5914062261581421 0.4052734375 0.0390625 0.048828125
0 0.632031261920929 0.3896484375 0.0390625 0.048828125
0 0.671093761920929 0.3720703125 0.0390625 0.048828125
0 0.711718738079071 0.3564453125 0.0390625 0.048828125
0 0.7523437738418579 0.3388671875 0.0390625 0.048828125
0 0.48828125 0.5107421875 0.0390625 0.048828125
0 0.5289062261581421 0.4931640625 0.0390625 0.048828125
0 0.569531261920929 0.4755859375 0.0390625 0.048828125
0 0.610156238079071 0.4599609375 0.0390625 0.048828125
0 0.6507812738418579 0.4423828125 0.0390625 0.048828125
0 0.6898437738418579 0.4267578125 0.0390625 0.048828125
0 0.73046875 0.4091796875 0.0390625 0.048828125
0 0.76953125 0.3935546875 0.0390625 0.048828125
0 0.507031261920929 0.5654296875 0.0390625 0.048828125
0 0.547656238079071 0.5478515625 0.0390625 0.048828125
0 0.5882812738418579 0.5302734375 0.0390625 0.048828125
0 0.62890625 0.5126953125 0.0390625 0.048828125
0 0.6695312261581421 0.4970703125 0.0390625 0.048828125
0 0.7085937261581421 0.4794921875 0.0390625 0.048828125
0 0.749218761920929 0.4638671875 0.0390625 0.048828125
0 0.788281261920929 0.4462890625 0.0390625 0.048828125
0 0.5257812738418579 0.6201171875 0.0390625 0.048828125
0 0.56640625 0.6025390625 0.0390625 0.048828125
0 0.6070312261581421 0.5849609375 0.0390625 0.048828125
0 0.647656261920929 0.5673828125 0.0390625 0.048828125
0 0.688281238079071 0.5517578125 0.0390625 0.048828125
0 0.727343738079071 0.5341796875 0.0390625 0.048828125
0 0.7679687738418579 0.5166015625 0.0390625 0.048828125
0 0.80859375 0.5009765625 0.0390625 0.048828125
0 0.5445312261581421 0.6748046875 0.0390625 0.048828125
0 0.585156261920929 0.6572265625 0.0390625 0.048828125
0 0.625781238079071 0.6396484375 0.0390625 0.048828125
0 0.6664062738418579 0.6220703125 0.0390625 0.048828125
0 0.70703125 0.6044921875 0.0390625 0.048828125
0 0.74609375 0.5888671875 0.0390625 0.048828125
0 0.7867187261581421 0.5712890625 0.0390625 0.048828125
0 0.8257812261581421 0.5537109375 0.0390625 0.048828125
0 0.563281238079071 0.7294921875 0.0390625 0.048828125
0 0.6039062738418579 0.7119140625 0.0390625 0.048828125
0 0.64453125 0.6943359375 0.0390625 0.048828125
0 0.6851562261581421 0.6767578125 0.0390625 0.048828125
0 0.725781261920929 0.6611328125 0.0390625 0.048828125
0 0.764843761920929 0.6435546875 0.0390625 0.048828125
0 0.805468738079071 0.6259765625 0.0390625 0.048828125
0 0.8460937738418579 0.6083984375 0.0390625 0.048828125
0 0.58203125 0.7861328125 0.0390625 0.048828125
0 0.6226562261581421 0.7685546875 0.0390625 0.048828125
0 0.663281261920929 0.7509765625 0.0390625 0.048828125
0 0.703906238079071 0.7333984375 0.0390625 0.048828125
0 0.7445312738418579 0.7158203125 0.0390625 0.048828125
0 0.78515625 0.6982421875 0.0390625 0.048828125
0 0.82421875 0.6806640625 0.0390625 0.048828125
0 0.8648437261581421 0.6630859375 0.0390625 0.048828125
0 0.5992187261581421 0.8408203125 0.0390625 0.048828125
0 0.641406238079071 0.8232421875 0.0390625 0.048828125
0 0.6820312738418579 0.8056640625 0.0390625 0.048828125
0 0.72265625 0.7880859375 0.0390625 0.048828125
0 0.7632812261581421 0.7705078125 0.0390625 0.048828125
0 0.803906261920929 0.7529296875 0.0390625 0.048828125
0 0.844531238079071 0.7353515625 0.0390625 0.048828125
0 0.883593738079071 0.7197265625 0.0390625 0.048828125
