0 0.18671874701976776 0.6025390625 0.0390625 0.048828125
0 0.22421875596046448 0.6396484375 0.0390625 0.048828125
0 0.26171875 0.6748046875 0.0390625 0.048828125
0 0.2992187440395355 0.7119140625 0.0390625 0.048828125
0 0.33671873807907104 0.7490234375 0.0390625 0.048828125
0 0.37421876192092896 0.7861328125 0.0390625 0.048828125
0 0.4117187559604645 0.8212890625 0.0390625 0.048828125
0 0.44921875 0.8603515625 0.0390625 0.048828125
0 0.21796874701976776 0.5556640625 0.0390625 0.048828125
0 0.2554687559604645 0.5927734375 0.0390625 0.048828125
0 0.29296875 0.6298828125 0.0390625 0.048828125
0 0.3304687440395355 0.6650390625 0.0390625 0.048828125
0 0.36796873807907104 0.7021484375 0.0390625 0.048828125
0 0.40546876192092896 0.7392578125 0.0390625 0.048828125
0 0.4429687559604645 0.7763671875 0.0390625 0.048828125
0 0.48046875 0.8134765625 0.0390625 0.048828125
0 0.24921874701976776 0.5107421875 0.0390625 0.048828125
0 0.2867187559604645 0.5458984375 0.0390625 0.048828125
0 0.32421875 0.5830078125 0.0390625 0.048828125
0 0.3617187440395355 0.6181640625 0.0390625 0.048828125
0 0.39921873807907104 0.6552734375 0.0390625 0.048828125
0 0.4351562559604645 0.6923828125 0.0390625 0.048828125
0 0.4742187559604645 0.7294921875 0.0390625 0.048828125
0 0.51171875 0.7666015625 0.0390625 0.048828125
0 0.28046876192092896 0.4638671875 0.0390625 0.048828125
0 0.31640625 0.5009765625 0.0390625 0.048828125
0 0.3539062440395355 0.5361328125 0.0390625 0.048828125
0 0.39140623807907104 0.5732421875 0.0390625 0.048828125
0 0.42890626192092896 0.6083984375 0.0390625 0.048828125
0 0.4664062559604645 0.6455078125 0.0390625 0.048828125
0 0.50390625 0.6826171875 0.0390625 0.048828125
0 0.5414062738418579 0.7197265625 0.0390625 0.048828125
0 0.3101562559604645 0.4189453125 0.0390625 0.048828125
0 0.34765625 0.4560546875 0.0390625 0.048828125
0 0.3851562440395355 0.4912109375 0.0390625 0.048828125
0 0.42265623807907104 0.5263671875 0.0390625 0.048828125
0 0.46015626192092896 0.5634765625 0.0390625 0.048828125
0 0.4976562559604645 0.6005859375 0.0390625 0.048828125
0 0.53515625 0.6357421875 0.0390625 0.048828125
0 0.5726562738418579 0.6728515625 0.0390625 0.048828125
0 0.33984375 0.3740234375 0.0390625 0.048828125
0 0.3773437440395355 0.4091796875 0.0390625 0.048828125
0 0.41484373807907104 0.4462890625 0.0390625 0.048828125
0 0.45234376192092896 0.4814453125 0.0390625 0.048828125
0 0.4898437559604645 0.5166015625 0.0390625 0.048828125
0 0.52734375 0.5537109375 0.0390625 0.048828125
0 0.5648437738418579 0.5888671875 0.0390625 0.048828125
0 0.602343738079071 0.6259765625 0.0390625 0.048828125
0 0.3695312440395355 0.3291015625 0.0390625 0.048828125
0 0.40703123807907104 0.3642578125 0.0390625 0.048828125
0 0.44453126192092896 0.3994140625 0.0390625 0.048828125
0 0.4820312559604645 0.4345703125 0.0390625 0.048828125
0 0.51953125 0.4716796875 0.0390625 0.048828125
0 0.5570312738418579 0.5068359375 0.0390625 0.048828125
0 0.5960937738418579 0.5439453125 0.0390625 0.048828125
0 0.633593738079071 0.5810546875 0.0390625 0.048828125
0 0.39921873807907104 0.2822265625 0.0390625 0.048828125
0 0.43671876192092896 0.3193359375 0.0390625 0.048828125
0 0.4742187559604645 0.3544921875 0.0390625 0.048828125
0 0.51171875 0.3896484375 0.0390625 0.048828125
0 0.5492187738418579 0.4248046875 0.0390625 0.048828125
0 0.5882812738418579 0.4619140625 0.0390625 0.048828125
0 0.625781238079071 0.4970703125 0.0390625 0.048828125
0 0.663281261920929 0.5341796875 0.0390625 0.048828125
0 0.42890626192092896 0.2373046875 0.0390625 0.048828125
0 0.4664062559604645 0.2724609375 0.0390625 0.048828125
0 0.50390625 0.3095703125 0.0390625 0.048828125
0 0.54296875 0.3447265625 0.0390625 0.048828125
0 0.5804687738418579 0.3798828125 0.0390625 0.048828125
0 0.617968738079071 0.4150390625 0.0390625 0.048828125
0 0.655468761920929 0.4521484375 0.0390625 0.048828125
0 0.6929687261581421 0.4873046875 0.0390625 0.048828125
0 0.4585937559604645 0.1923828125 0.0390625 0.048828125
0 0.49609375 0.2275390625 0.0390625 0.048828125
0 0.53515625 0.2626953125 0.0390625 0.048828125
0 0.5726562738418579 0.2978515625 0.0390625 0.048828125
0 0.610156238079071 0.3330078125 0.0390625 0.048828125
0 0.647656261920929 0.3701171875 0.0390625 0.048828125
0 0.6851562261581421 0.4052734375 0.0390625 0.048828125
0 0.7242187261581421 0.4423828125 0.0390625 0.048828125
0 0.48828125 0.1455078125 0.0390625 0.048828125
0 0.5257812738418579 0.1806640625 0.0390625 0.048828125
0 0.563281238079071 0.2177734375 0.0390625 0.048828125
0 0.602343738079071 0.2529296875 0.0390625 0.048828125
0 0.639843761920929 0.2880859375 0.0390625 0.048828125
0 0.6773437261581421 0.3232421875 0.0390625 0.048828125
0 0.7164062261581421 0.3583984375 0.0390625 0.048828125
0 0.75390625 0.3955078125 0.0390625 0.048828125
