0 0.23359374701976776 0.3095703125 0.0390625 0.048828125
0 0.23984375596046448 0.3681640625 0.0390625 0.048828125
0 0.24609375 0.4267578125 0.0390625 0.048828125
0 0.25390625 0.4853515625 0.0390625 0.048828125
0 0.2601562440395355 0.5419921875 0.0390625 0.048828125
0 0.26640623807907104 0.5986328125 0.0390625 0.048828125
0 0.27421873807907104 0.6552734375 0.0390625 0.048828125
0 0.28203123807907104 0.7119140625 0.0390625 0.048828125
0 0.2789062559604645 0.3095703125 0.0390625 0.048828125
0 0.28515625 0.3681640625 0.0390625 0.048828125
0 0.2914062440395355 0.4267578125 0.0390625 0.048828125
0 0.29765623807907104 0.4833984375 0.0390625 0.048828125
0 0.30546873807907104 0.5419921875 0.0390625 0.048828125
0 0.31171876192092896 0.5986328125 0.0390625 0.048828125
0 0.31953126192092896 0.6552734375 0.0390625 0.048828125
0 0.3257812559604645 0.7119140625 0.0390625 0.048828125
0 0.32421875 0.3095703125 0.0390625 0.048828125
0 0.3304687440395355 0.3681640625 0.0390625 0.048828125
0 0.33671873807907104 0.4267578125 0.0390625 0.048828125
0 0.34296876192092896 0.4833984375 0.0390625 0.048828125
0 0.35078126192092896 0.5400390625 0.0390625 0.048828125
0 0.3570312559604645 0.5986328125 0.0390625 0.048828125
0 0.36328125 0.6552734375 0.0390625 0.048828125
0 0.37109375 0.7119140625 0.0390625 0.048828125
0 0.37109375 0.3076171875 0.0390625 0.048828125
0 0.3773437440395355 0.3662109375 0.0390625 0.048828125
0 0.38203126192092896 0.4248046875 0.0390625 0.048828125
0 0.38984376192092896 0.4833984375 0.0390625 0.048828125
0 0.3960937559604645 0.5400390625 0.0390625 0.048828125
0 0.40234375 0.5966796875 0.0390625 0.048828125
0 0.4085937440395355 0.6533203125 0.0390625 0.048828125
0 0.4164062440395355 0.7099609375 0.0390625 0.048828125
0 0.4164062440395355 0.3076171875 0.0390625 0.048828125
0 0.42265623807907104 0.3662109375 0.0390625 0.048828125
0 0.42890626192092896 0.4248046875 0.0390625 0.048828125
0 0.4351562559604645 0.4814453125 0.0390625 0.048828125
0 0.44140625 0.5400390625 0.0390625 0.048828125
0 0.4476562440395355 0.5966796875 0.0390625 0.048828125
0 0.45390623807907104 0.6533203125 0.0390625 0.048828125
0 0.46171873807907104 0.7099609375 0.0390625 0.048828125
0 0.4632812440395355 0.3056640625 0.0390625 0.048828125
0 0.46953123807907104 0.3662109375 0.0390625 0.048828125
0 0.4742187559604645 0.4228515625 0.0390625 0.048828125
0 0.48046875 0.4814453125 0.0390625 0.048828125
0 0.4867187440395355 0.5380859375 0.0390625 0.048828125
0 0.49296873807907104 0.5966796875 0.0390625 0.048828125
0 0.500781238079071 0.6533203125 0.0390625 0.048828125
0 0.507031261920929 0.7099609375 0.0390625 0.048828125
0 0.508593738079071 0.3056640625 0.0390625 0.048828125
0 0.514843761920929 0.3642578125 0.0390625 0.048828125
0 0.51953125 0.4228515625 0.0390625 0.048828125
0 0.5257812738418579 0.4814453125 0.0390625 0.048828125
0 0.532031238079071 0.5380859375 0.0390625 0.048828125
0 0.539843738079071 0.5947265625 0.0390625 0.048828125
0 0.546093761920929 0.6533203125 0.0390625 0.048828125
0 0.5523437261581421 0.7099609375 0.0390625 0.048828125
0 0.555468738079071 0.3056640625 0.0390625 0.048828125
0 0.5601562261581421 0.3642578125 0.0390625 0.048828125
0 0.56640625 0.4228515625 0.0390625 0.048828125
0 0.5726562738418579 0.4794921875 0.0390625 0.048828125
0 0.578906238079071 0.5380859375 0.0390625 0.048828125
0 0.585156261920929 0.5947265625 0.0390625 0.048828125
0 0.5914062261581421 0.6513671875 0.0390625 0.048828125
0 0.5992187261581421 0.7080078125 0.0390625 0.048828125
0 0.602343738079071 0.3037109375 0.0390625 0.048828125
0 0.608593761920929 0.3623046875 0.0390625 0.048828125
0 0.61328125 0.4208984375 0.0390625 0.048828125
0 0.6195312738418579 0.4794921875 0.0390625 0.048828125
0 0.625781238079071 0.5361328125 0.0390625 0.048828125
0 0.632031261920929 0.5947265625 0.0390625 0.048828125
0 0.6382812261581421 0.6513671875 0.0390625 0.048828125
0 0.64453125 0.7080078125 0.0390625 0.048828125
0 0.6507812738418579 0.3017578125 0.0390625 0.048828125
0 0.655468761920929 0.3623046875 0.0390625 0.048828125
0 0.66015625 0.4208984375 0.0390625 0.048828125
0 0.6664062738418579 0.4775390625 0.0390625 0.048828125
0 0.672656238079071 0.5361328125 0.0390625 0.048828125
0 0.678906261920929 0.5927734375 0.0390625 0.048828125
0 0.6851562261581421 0.6513671875 0.0390625 0.048828125
0 0.6929687261581421 0.7080078125 0.0390625 0.048828125
0 0.6976562738418579 0.3017578125 0.0390625 0.048828125
0 0.702343761920929 0.3603515625 0.0390625 0.048828125
0 0.7085937261581421 0.4189453125 0.0390625 0.048828125
0 0.7132812738418579 0.4775390625 0.0390625 0.048828125
0 0.719531238079071 0.5341796875 0.0390625 0.048828125
0 0.725781261920929 0.5927734375 0.0390625 0.048828125
0 0.7320312261581421 0.6494140625 0.0390625 0.048828125
0 0.7398437261581421 0.7060546875 0.0390625 0.048828125
