0 0.09140624850988388 0.6064453125 0.0390625 0.048828125
0 0.11953125149011612 0.6552734375 0.0390625 0.048828125
0 0.14921875298023224 0.7021484375 0.0390625 0.048828125
0 0.17734375596046448 0.7509765625 0.0390625 0.048828125
0 0.20703125 0.7978515625 0.0390625 0.048828125
0 0.23515625298023224 0.8466796875 0.0390625 0.048828125
0 0.26484376192092896 0.8935546875 0.0390625 0.048828125
0 0.29296875 0.9423828125 0.0390625 0.048828125
0 0.12890625 0.5712890625 0.0390625 0.048828125
0 0.15859374403953552 0.6201171875 0.0390625 0.048828125
0 0.18828125298023224 0.6669921875 0.0390625 0.048828125
0 0.21640625596046448 0.7158203125 0.0390625 0.048828125
0 0.24609375 0.7626953125 0.0390625 0.048828125
0 0.27421873807907104 0.8115234375 0.0390625 0.048828125
0 0.30390626192092896 0.8583984375 0.0390625 0.048828125
0 0.33203125 0.9072265625 0.0390625 0.048828125
0 0.16796875 0.5361328125 0.0390625 0.048828125
0 0.19765624403953552 0.5849609375 0.0390625 0.048828125
0 0.22734375298023224 0.6318359375 0.0390625 0.048828125
0 0.2554687559604645 0.6806640625 0.0390625 0.048828125
0 0.28515625 0.7275390625 0.0390625 0.048828125
0 0.31328123807907104 0.7763671875 0.0390625 0.048828125
0 0.3414062559604645 0.8251953125 0.0390625 0.048828125
0 0.37109375 0.8720703125 0.0390625 0.048828125
0 0.20703125 0.5009765625 0.0390625 0.048828125
0 0.23671874403953552 0.5478515625 0.0390625 0.048828125
0 0.26484376192092896 0.5966796875 0.0390625 0.048828125
0 0.2945312559604645 0.6455078125 0.0390625 0.048828125
0 0.3226562440395355 0.6923828125 0.0390625 0.048828125
0 0.35234373807907104 0.7412109375 0.0390625 0.048828125
0 0.3804687559604645 0.7900390625 0.0390625 0.048828125
0 0.41015625 0.8369140625 0.0390625 0.048828125
0 0.24609375 0.4658203125 0.0390625 0.048828125
0 0.2757812440395355 0.5146484375 0.0390625 0.048828125
0 0.30390626192092896 0.5615234375 0.0390625 0.048828125
0 0.3335937559604645 0.6103515625 0.0390625 0.048828125
0 0.3617187440395355 0.6572265625 0.0390625 0.048828125
0 0.39140623807907104 0.7060546875 0.0390625 0.048828125
0 0.4195312559604645 0.7548828125 0.0390625 0.048828125
0 0.4476562440395355 0.8017578125 0.0390625 0.048828125
0 0.28515625 0.4306640625 0.0390625 0.048828125
0 0.3148437440395355 0.4775390625 0.0390625 0.048828125
0 0.34296876192092896 0.5263671875 0.0390625 0.048828125
0 0.37109375 0.5751953125 0.0390625 0.048828125
0 0.4007812440395355 0.6220703125 0.0390625 0.048828125
0 0.42890626192092896 0.6708984375 0.0390625 0.048828125
0 0.4585937559604645 0.7197265625 0.0390625 0.048828125
0 0.4867187440395355 0.7666015625 0.0390625 0.048828125
0 0.32421875 0.3955078125 0.0390625 0.048828125
0 0.35234373807907104 0.4423828125 0.0390625 0.048828125
0 0.38203126192092896 0.4912109375 0.0390625 0.048828125
0 0.41015625 0.5400390625 0.0390625 0.048828125
0 0.4398437440395355 0.5888671875 0.0390625 0.048828125
0 0.46796876192092896 0.6357421875 0.0390625 0.048828125
0 0.49609375 0.6845703125 0.0390625 0.048828125
0 0.5257812738418579 0.7314453125 0.0390625 0.048828125
0 0.36328125 0.3583984375 0.0390625 0.048828125
0 0.39140623807907104 0.4072265625 0.0390625 0.048828125
0 0.42109376192092896 0.4560546875 0.0390625 0.048828125
0 0.44921875 0.5048828125 0.0390625 0.048828125
0 0.4789062440395355 0.5517578125 0.0390625 0.048828125
0 0.507031261920929 0.6005859375 0.0390625 0.048828125
0 0.53515625 0.6494140625 0.0390625 0.048828125
0 0.5648437738418579 0.6982421875 0.0390625 0.048828125
0 0.40234375 0.3232421875 0.0390625 0.048828125
0 0.43046873807907104 0.3720703125 0.0390625 0.048828125
0 0.46015626192092896 0.4208984375 0.0390625 0.048828125
0 0.48828125 0.4697265625 0.0390625 0.048828125
0 0.516406238079071 0.5185546875 0.0390625 0.048828125
0 0.546093761920929 0.5654296875 0.0390625 0.048828125
0 0.57421875 0.6142578125 0.0390625 0.048828125
0 0.6039062738418579 0.6630859375 0.0390625 0.048828125
0 0.44140625 0.2880859375 0.0390625 0.048828125
0 0.46953123807907104 0.3369140625 0.0390625 0.048828125
0 0.49921876192092896 0.3857421875 0.0390625 0.048828125
0 0.52734375 0.4345703125 0.0390625 0.048828125
0 0.5570312738418579 0.4814453125 0.0390625 0.048828125
0 0.585156261920929 0.5302734375 0.0390625 0.048828125
0 0.6148437261581421 0.5791015625 0.0390625 0.048828125
0 0.6429687738418579 0.6279296875 0.0390625 0.048828125
0 0.48046875 0.2529296875 0.0390625 0.048828125
0 0.5101562738418579 0.3017578125 0.0390625 0.048828125
0 0.538281261920929 0.3505859375 0.0390625 0.048828125
0 0.56640625 0.3994140625 0.0390625 0.048828125
0 0.5960937738418579 0.4482421875 0.0390625 0.048828125
0 0.624218761920929 0.4951171875 0.0390625 0.048828125
0 0.6539062261581421 0.5439453125 0.0390625 0.048828125
0 0.6820312738418579 0.5927734375 0.0390625 0.048828125
