0 0.3257812559604645 0.3310546875 0.0390625 0.048828125
0 0.36015623807907104 0.3037109375 0.0390625 0.048828125
0 0.39453125 0.2724609375 0.0390625 0.048828125
0 0.42890626192092896 0.2431640625 0.0390625 0.048828125
0 0.46171873807907104 0.2138671875 0.0390625 0.048828125
0 0.49609375 0.1865234375 0.0390625 0.048828125
0 0.5289062261581421 0.1572265625 0.0390625 0.048828125
0 0.561718761920929 0.1279296875 0.0390625 0.048828125
0 0.35234373807907104 0.3818359375 0.0390625 0.048828125
0 0.38671875 0.3525390625 0.0390625 0.048828125
0 0.42109376192092896 0.3232421875 0.0390625 0.048828125
0 0.4554687440395355 0.2939453125 0.0390625 0.048828125
0 0.48828125 0.2646484375 0.0390625 0.048828125
0 0.522656261920929 0.2373046875 0.0390625 0.048828125
0 0.555468738079071 0.2080078125 0.0390625 0.048828125
0 0.5882812738418579 0.1787109375 0.0390625 0.048828125
0 0.37890625 0.4345703125 0.0390625 0.048828125
0 0.41328126192092896 0.4033203125 0.0390625 0.048828125
0 0.4476562440395355 0.3740234375 0.0390625 0.048828125
0 0.4820312559604645 0.3447265625 0.0390625 0.048828125
0 0.514843761920929 0.3154296875 0.0390625 0.048828125
0 0.547656238079071 0.2861328125 0.0390625 0.048828125
0 0.58203125 0.2568359375 0.0390625 0.048828125
0 0.6148437261581421 0.2275390625 0.0390625 0.048828125
0 0.40546876192092896 0.4853515625 0.0390625 0.048828125
0 0.4398437440395355 0.4541015625 0.0390625 0.048828125
0 0.4742187559604645 0.4248046875 0.0390625 0.048828125
0 0.508593738079071 0.3955078125 0.0390625 0.048828125
0 0.5414062738418579 0.3662109375 0.0390625 0.048828125
0 0.57421875 0.3369140625 0.0390625 0.048828125
0 0.6070312261581421 0.3076171875 0.0390625 0.048828125
0 0.641406238079071 0.2783203125 0.0390625 0.048828125
0 0.4320312440395355 0.5361328125 0.0390625 0.048828125
0 0.4664062559604645 0.5048828125 0.0390625 0.048828125
0 0.500781238079071 0.4755859375 0.0390625 0.048828125
0 0.5335937738418579 0.4462890625 0.0390625 0.048828125
0 0.5679687261581421 0.4169921875 0.0390625 0.048828125
0 0.600781261920929 0.3876953125 0.0390625 0.048828125
0 0.633593738079071 0.3583984375 0.0390625 0.048828125
0 0.6664062738418579 0.3291015625 0.0390625 0.048828125
0 0.4585937559604645 0.5869140625 0.0390625 0.048828125
0 0.49140626192092896 0.5556640625 0.0390625 0.048828125
0 0.5257812738418579 0.5263671875 0.0390625 0.048828125
0 0.5601562261581421 0.4970703125 0.0390625 0.048828125
0 0.592968761920929 0.4677734375 0.0390625 0.048828125
0 0.625781238079071 0.4384765625 0.0390625 0.048828125
0 0.66015625 0.4091796875 0.0390625 0.048828125
0 0.6929687261581421 0.3798828125 0.0390625 0.048828125
0 0.48359376192092896 0.6376953125 0.0390625 0.048828125
0 0.5179687738418579 0.6064453125 0.0390625 0.048828125
0 0.5523437261581421 0.5771484375 0.0390625 0.048828125
0 0.585156261920929 0.5478515625 0.0390625 0.048828125
0 0.6195312738418579 0.5185546875 0.0390625 0.048828125
0 0.65234375 0.4892578125 0.0390625 0.048828125
0 0.6851562261581421 0.4580078125 0.0390625 0.048828125
0 0.717968761920929 0.4287109375 0.0390625 0.048828125
0 0.5101562738418579 0.6884765625 0.0390625 0.048828125
0 0.5445312261581421 0.6591796875 0.0390625 0.048828125
0 0.577343761920929 0.6279296875 0.0390625 0.048828125
0 0.6117187738418579 0.5986328125 0.0390625 0.048828125
0 0.64453125 0.5673828125 0.0390625 0.048828125
0 0.678906261920929 0.5380859375 0.0390625 0.048828125
0 0.711718738079071 0.5087890625 0.0390625 0.048828125
0 0.7445312738418579 0.4794921875 0.0390625 0.048828125
0 0.53515625 0.7392578125 0.0390625 0.048828125
0 0.569531261920929 0.7099609375 0.0390625 0.048828125
0 0.6039062738418579 0.6787109375 0.0390625 0.048828125
0 0.63671875 0.6494140625 0.0390625 0.048828125
0 0.671093761920929 0.6181640625 0.0390625 0.048828125
0 0.703906238079071 0.5888671875 0.0390625 0.048828125
0 0.7367187738418579 0.5595703125 0.0390625 0.048828125
0 0.76953125 0.5302734375 0.0390625 0.048828125
0 0.561718761920929 0.7919921875 0.0390625 0.048828125
0 0.5960937738418579 0.7607421875 0.0390625 0.048828125
0 0.62890625 0.7314453125 0.0390625 0.048828125
0 0.663281261920929 0.7001953125 0.0390625 0.048828125
0 0.696093738079071 0.6708984375 0.0390625 0.048828125
0 0.73046875 0.6396484375 0.0390625 0.048828125
0 0.7632812261581421 0.6103515625 0.0390625 0.048828125
0 0.796093761920929 0.5810546875 0.0390625 0.048828125
0 0.586718738079071 0.8427734375 0.0390625 0.048828125
0 0.62109375 0.8115234375 0.0390625 0.048828125
0 0.655468761920929 0.7822265625 0.0390625 0.048828125
0 0.688281238079071 0.7509765625 0.0390625 0.048828125
0 0.72265625 0.7197265625 0.0390625 0.048828125
0 0.7554687261581421 0.6904296875 0.0390625 0.048828125
0 0.788281261920929 0.6611328125 0.0390625 0.048828125
0 0.821093738079071 0.6318359375 0.0390625 0.048828125
