0 0.16640624403953552 0.2978515625 0.0390625 0.048828125
0 0.17109374701976776 0.3466796875 0.0390625 0.048828125
0 0.17578125 0.396484375 0.0359375 0.0390625
0 0.18046875298023224 0.4443359375 0.0390625 0.048828125
0 0.18515625596046448 0.4951171875 0.0390625 0.048828125
0 0.18828125298023224 0.5458984375 0.0390625 0.048828125
0 0.19296875596046448 0.5947265625 0.0390625 0.048828125
0 0.19765624403953552 0.6455078125 0.0390625 0.048828125
0 0.21328124403953552 0.2978515625 0.0390625 0.048828125
0 0.21796874701976776 0.3466796875 0.0390625 0.048828125
0 0.22265625 0.3955078125 0.0390625 0.048828125
0 0.22734375298023224 0.4462890625 0.0390625 0.048828125
0 0.23203125596046448 0.4951171875 0.0390625 0.048828125
0 0.23671874403953552 0.5458984375 0.0390625 0.048828125
0 0.24140624701976776 0.5947265625 0.0390625 0.048828125
0 0.24609375 0.6455078125 0.0390625 0.048828125
0 0.2601562440395355 0.2998046875 0.0390625 0.048828125
0 0.26484376192092896 0.3486328125 0.0390625 0.048828125
0 0.2710937559604645 0.3974609375 0.0390625 0.048828125
0 0.2757812440395355 0.4462890625 0.0390625 0.048828125
0 0.28046876192092896 0.4951171875 0.0390625 0.048828125
0 0.28515625 0.5458984375 0.0390625 0.048828125
0 0.28984373807907104 0.5966796875 0.0390625 0.048828125
0 0.29296875 0.6455078125 0.0390625 0.048828125
0 0.3070312440395355 0.2998046875 0.0390625 0.048828125
0 0.31171876192092896 0.3486328125 0.0390625 0.048828125
0 0.3179687559604645 0.3974609375 0.0390625 0.048828125
0 0.3226562440395355 0.4462890625 0.0390625 0.048828125
0 0.32734376192092896 0.4970703125 0.0390625 0.048828125
0 0.33203125 0.5458984375 0.0390625 0.048828125
0 0.33671873807907104 0.5966796875 0.0390625 0.048828125
0 0.3414062559604645 0.6455078125 0.0390625 0.048828125
0 0.3539062440395355 0.2998046875 0.0390625 0.048828125
0 0.35859376192092896 0.3486328125 0.0390625 0.048828125
0 0.3648437559604645 0.3974609375 0.0390625 0.048828125
0 0.3695312440395355 0.4482421875 0.0390625 0.048828125
0 0.37421876192092896 0.4970703125 0.0390625 0.048828125
0 0.37890625 0.5458984375 0.0390625 0.048828125
0 0.3851562440395355 0.5966796875 0.0390625 0.048828125
0 0.38984376192092896 0.6474609375 0.0390625 0.048828125
0 0.39921873807907104 0.3017578125 0.0390625 0.048828125
0 0.40546876192092896 0.3505859375 0.0390625 0.048828125
0 0.41015625 0.3994140625 0.0390625 0.048828125
0 0.4164062440395355 0.4482421875 0.0390625 0.048828125
0 0.42109376192092896 0.4970703125 0.0390625 0.048828125
0 0.42578125 0.5478515625 0.0390625 0.048828125
0 0.4320312440395355 0.5966796875 0.0390625 0.048828125
0 0.43671876192092896 0.6474609375 0.0390625 0.048828125
0 0.44609373807907104 0.3017578125 0.0390625 0.048828125
0 0.45234376192092896 0.3505859375 0.0390625 0.048828125
0 0.45703125 0.3994140625 0.0390625 0.048828125
0 0.4632812440395355 0.4482421875 0.0390625 0.048828125
0 0.46796876192092896 0.4990234375 0.0390625 0.048828125
0 0.47265625 0.5478515625 0.0390625 0.048828125
0 0.4789062440395355 0.5986328125 0.0390625 0.048828125
0 0.48359376192092896 0.6494140625 0.0390625 0.048828125
0 0.49296873807907104 0.3017578125 0.0390625 0.048828125
0 0.4976562559604645 0.3505859375 0.0390625 0.048828125
0 0.50390625 0.3994140625 0.0390625 0.048828125
0 0.508593738079071 0.4501953125 0.0390625 0.048828125
0 0.514843761920929 0.4990234375 0.0390625 0.048828125
0 0.5210937261581421 0.5498046875 0.0390625 0.048828125
0 0.5257812738418579 0.5986328125 0.0390625 0.048828125
0 0.530468761920929 0.6494140625 0.0390625 0.048828125
0 0.538281261920929 0.3037109375 0.0390625 0.048828125
0 0.5445312261581421 0.3525390625 0.0390625 0.048828125
0 0.5492187738418579 0.4013671875 0.0390625 0.048828125
0 0.555468738079071 0.4501953125 0.0390625 0.048828125
0 0.561718761920929 0.4990234375 0.0390625 0.048828125
0 0.56640625 0.5498046875 0.0390625 0.048828125
0 0.5726562738418579 0.6005859375 0.0390625 0.048828125
0 0.578906238079071 0.6513671875 0.0390625 0.048828125
0 0.5835937261581421 0.3037109375 0.0390625 0.048828125
0 0.58984375 0.3525390625 0.0390625 0.048828125
0 0.5960937738418579 0.4013671875 0.0390625 0.048828125
0 0.602343738079071 0.4521484375 0.0390625 0.048828125
0 0.608593761920929 0.5009765625 0.0390625 0.048828125
0 0.61328125 0.5517578125 0.0390625 0.048828125
0 0.6195312738418579 0.6005859375 0.0390625 0.048828125
0 0.625781238079071 0.6513671875 0.0390625 0.048828125
0 0.62890625 0.3037109375 0.0390625 0.048828125
0 0.6351562738418579 0.3544921875 0.0390625 0.048828125
0 0.641406238079071 0.4033203125 0.0390625 0.048828125
0 0.647656261920929 0.4521484375 0.0390625 0.048828125
0 0.6539062261581421 0.5009765625 0.0390625 0.048828125
0 0.66015625 0.5517578125 0.0390625 0.048828125
0 0.6664062738418579 0.6025390625 0.0390625 0.048828125
0 0.672656238079071 0.6533203125 0.0390625 0.048828125
