0 0.24765625596046448 0.6083984375 0.0390625 0.048828125
0 0.2523437440395355 0.5478515625 0.0390625 0.048828125
0 0.2554687559604645 0.4873046875 0.0390625 0.048828125
0 0.25859373807907104 0.4287109375 0.0390625 0.048828125
0 0.26171875 0.3681640625 0.0390625 0.048828125
0 0.26484376192092896 0.3076171875 0.0390625 0.048828125
0 0.2679687440395355 0.2451171875 0.0390625 0.048828125
0 0.2710937559604645 0.1845703125 0.0390625 0.048828125
0 0.2945312559604645 0.6142578125 0.0390625 0.048828125
0 0.29765623807907104 0.5556640625 0.0390625 0.048828125
0 0.30078125 0.4951171875 0.0390625 0.048828125
0 0.30390626192092896 0.4345703125 0.0390625 0.048828125
0 0.3070312440395355 0.3740234375 0.0390625 0.048828125
0 0.3101562559604645 0.3134765625 0.0390625 0.048828125
0 0.31328123807907104 0.2529296875 0.0390625 0.048828125
0 0.31640625 0.1923828125 0.0390625 0.048828125
0 0.33984375 0.6220703125 0.0390625 0.048828125
0 0.34296876192092896 0.5615234375 0.0390625 0.048828125
0 0.3460937440395355 0.5009765625 0.0390625 0.048828125
0 0.3492187559604645 0.4404296875 0.0390625 0.048828125
0 0.35234373807907104 0.3798828125 0.0390625 0.048828125
0 0.3570312559604645 0.3212890625 0.0390625 0.048828125
0 0.36015623807907104 0.2587890625 0.0390625 0.048828125
0 0.36328125 0.1982421875 0.0390625 0.048828125
0 0.3851562440395355 0.6298828125 0.0390625 0.048828125
0 0.3882812559604645 0.5693359375 0.0390625 0.048828125
0 0.39140623807907104 0.5087890625 0.0390625 0.048828125
0 0.3960937559604645 0.4482421875 0.0390625 0.048828125
0 0.39921873807907104 0.3876953125 0.0390625 0.048828125
0 0.40234375 0.3271484375 0.0390625 0.048828125
0 0.40546876192092896 0.2666015625 0.0390625 0.048828125
0 0.4085937440395355 0.2041015625 0.0390625 0.048828125
0 0.43046873807907104 0.6357421875 0.0390625 0.048828125
0 0.43359375 0.5751953125 0.0390625 0.048828125
0 0.43828123807907104 0.5166015625 0.0390625 0.048828125
0 0.44140625 0.4560546875 0.0390625 0.048828125
0 0.44453126192092896 0.3935546875 0.0390625 0.048828125
0 0.4476562440395355 0.3330078125 0.0390625 0.048828125
0 0.45234376192092896 0.2724609375 0.0390625 0.048828125
0 0.4554687440395355 0.2119140625 0.0390625 0.048828125
0 0.47734373807907104 0.6435546875 0.0390625 0.048828125
0 0.48046875 0.5830078125 0.0390625 0.048828125
0 0.48359376192092896 0.5224609375 0.0390625 0.048828125
0 0.4867187440395355 0.4619140625 0.0390625 0.048828125
0 0.49140626192092896 0.4013671875 0.0390625 0.048828125
0 0.4945312440395355 0.3408203125 0.0390625 0.048828125
0 0.4976562559604645 0.2783203125 0.0390625 0.048828125
0 0.5023437738418579 0.2177734375 0.0390625 0.048828125
0 0.522656261920929 0.6513671875 0.0390625 0.048828125
0 0.52734375 0.5908203125 0.0390625 0.048828125
0 0.530468761920929 0.5302734375 0.0390625 0.048828125
0 0.5335937738418579 0.4697265625 0.0390625 0.048828125
0 0.538281261920929 0.4072265625 0.0390625 0.048828125
0 0.5414062738418579 0.3466796875 0.0390625 0.048828125
0 0.5445312261581421 0.2861328125 0.0390625 0.048828125
0 0.5492187738418579 0.2236328125 0.0390625 0.048828125
0 0.569531261920929 0.6591796875 0.0390625 0.048828125
0 0.5726562738418579 0.5966796875 0.0390625 0.048828125
0 0.577343761920929 0.5361328125 0.0390625 0.048828125
0 0.5804687738418579 0.4755859375 0.0390625 0.048828125
0 0.5835937261581421 0.4150390625 0.0390625 0.048828125
0 0.5882812738418579 0.3525390625 0.0390625 0.048828125
0 0.5914062261581421 0.2919921875 0.0390625 0.048828125
0 0.5960937738418579 0.2294921875 0.0390625 0.048828125
0 0.616406261920929 0.6650390625 0.0390625 0.048828125
0 0.6195312738418579 0.6044921875 0.0390625 0.048828125
0 0.624218761920929 0.5439453125 0.0390625 0.048828125
0 0.6273437738418579 0.4833984375 0.0390625 0.048828125
0 0.632031261920929 0.4208984375 0.0390625 0.048828125
0 0.6351562738418579 0.3603515625 0.0390625 0.048828125
0 0.6382812261581421 0.2978515625 0.0390625 0.048828125
0 0.6429687738418579 0.2353515625 0.0390625 0.048828125
0 0.663281261920929 0.6728515625 0.0390625 0.048828125
0 0.66796875 0.6123046875 0.0390625 0.048828125
0 0.671093761920929 0.5517578125 0.0390625 0.048828125
0 0.6742187738418579 0.4892578125 0.0390625 0.048828125
0 0.678906261920929 0.4287109375 0.0390625 0.048828125
0 0.6820312738418579 0.3662109375 0.0390625 0.048828125
0 0.686718761920929 0.3056640625 0.0390625 0.048828125
0 0.6898437738418579 0.2431640625 0.0390625 0.048828125
0 0.711718738079071 0.6806640625 0.0390625 0.048828125
0 0.71484375 0.6201171875 0.0390625 0.048828125
0 0.717968761920929 0.5576171875 0.0390625 0.048828125
0 0.72265625 0.4970703125 0.0390625 0.048828125
0 0.725781261920929 0.4345703125 0.0390625 0.048828125
0 0.73046875 0.3740234375 0.0390625 0.048828125
0 0.733593761920929 0.3115234375 0.0390625 0.048828125
0 0.73828125 0.2490234375 0.0390625 0.048828125
