0 0.23671874403953552 0.7099609375 0.0390625 0.048828125
0 0.2789062559604645 0.7412109375 0.0390625 0.048828125
0 0.31953126192092896 0.7705078125 0.0390625 0.048828125
0 0.3617187440395355 0.8017578125 0.0390625 0.048828125
0 0.4039062559604645 0.8330078125 0.0390625 0.048828125
0 0.44609373807907104 0.8642578125 0.0390625 0.048828125
0 0.48828125 0.8935546875 0.0390625 0.048828125
0 0.530468761920929 0.9267578125 0.0390625 0.048828125
0 0.26171875 0.6591796875 0.0390625 0.048828125
0 0.30390626192092896 0.6884765625 0.0390625 0.048828125
0 0.34453123807907104 0.7197265625 0.0390625 0.048828125
0 0.38671875 0.7490234375 0.0390625 0.048828125
0 0.42890626192092896 0.7802734375 0.0390625 0.048828125
0 0.46953123807907104 0.8115234375 0.0390625 0.048828125
0 0.51171875 0.8427734375 0.0390625 0.048828125
0 0.553906261920929 0.8740234375 0.0390625 0.048828125
0 0.2867187559604645 0.6064453125 0.0390625 0.048828125
0 0.32734376192092896 0.6376953125 0.0390625 0.048828125
0 0.3695312440395355 0.6669921875 0.0390625 0.048828125
0 0.4117187559604645 0.6982421875 0.0390625 0.048828125
0 0.45234376192092896 0.7275390625 0.0390625 0.048828125
0 0.4945312440395355 0.7587890625 0.0390625 0.048828125
0 0.5367187261581421 0.7900390625 0.0390625 0.048828125
0 0.578906238079071 0.8212890625 0.0390625 0.048828125
0 0.3101562559604645 0.5556640625 0.0390625 0.048828125
0 0.35234373807907104 0.5849609375 0.0390625 0.048828125
0 0.39453125 0.6162109375 0.0390625 0.048828125
0 0.4351562559604645 0.6455078125 0.0390625 0.048828125
0 0.47734373807907104 0.6767578125 0.0390625 0.048828125
0 0.51953125 0.7060546875 0.0390625 0.048828125
0 0.5601562261581421 0.7373046875 0.0390625 0.048828125
0 0.602343738079071 0.7685546875 0.0390625 0.048828125
0 0.33515626192092896 0.5048828125 0.0390625 0.048828125
0 0.3773437440395355 0.5341796875 0.0390625 0.048828125
0 0.41796875 0.5654296875 0.0390625 0.048828125
0 0.46015626192092896 0.5947265625 0.0390625 0.048828125
0 0.500781238079071 0.6259765625 0.0390625 0.048828125
0 0.54296875 0.6552734375 0.0390625 0.048828125
0 0.585156261920929 0.6865234375 0.0390625 0.048828125
0 0.6273437738418579 0.7177734375 0.0390625 0.048828125
0 0.35859376192092896 0.4541015625 0.0390625 0.048828125
0 0.4007812440395355 0.4833984375 0.0390625 0.048828125
0 0.44140625 0.5126953125 0.0390625 0.048828125
0 0.48359376192092896 0.5439453125 0.0390625 0.048828125
0 0.5257812738418579 0.5732421875 0.0390625 0.048828125
0 0.56640625 0.6044921875 0.0390625 0.048828125
0 0.608593761920929 0.6357421875 0.0390625 0.048828125
0 0.6507812738418579 0.6650390625 0.0390625 0.048828125
0 0.38359373807907104 0.4033203125 0.0390625 0.048828125
0 0.4242187440395355 0.4326171875 0.0390625 0.048828125
0 0.4664062559604645 0.4619140625 0.0390625 0.048828125
0 0.507031261920929 0.4931640625 0.0390625 0.048828125
0 0.5492187738418579 0.5224609375 0.0390625 0.048828125
0 0.5914062261581421 0.5537109375 0.0390625 0.048828125
0 0.632031261920929 0.5830078125 0.0390625 0.048828125
0 0.6742187738418579 0.6142578125 0.0390625 0.048828125
0 0.40703123807907104 0.3525390625 0.0390625 0.048828125
0 0.4476562440395355 0.3818359375 0.0390625 0.048828125
0 0.4898437559604645 0.4111328125 0.0390625 0.048828125
0 0.532031238079071 0.4423828125 0.0390625 0.048828125
0 0.5726562738418579 0.4716796875 0.0390625 0.048828125
0 0.6148437261581421 0.5029296875 0.0390625 0.048828125
0 0.657031238079071 0.5322265625 0.0390625 0.048828125
0 0.6976562738418579 0.5634765625 0.0390625 0.048828125
0 0.43046873807907104 0.3017578125 0.0390625 0.048828125
0 0.47265625 0.3310546875 0.0390625 0.048828125
0 0.5132812261581421 0.3623046875 0.0390625 0.048828125
0 0.555468738079071 0.3916015625 0.0390625 0.048828125
0 0.59765625 0.4208984375 0.0390625 0.048828125
0 0.6382812261581421 0.4501953125 0.0390625 0.048828125
0 0.680468738079071 0.4814453125 0.0390625 0.048828125
0 0.7210937738418579 0.5107421875 0.0390625 0.048828125
0 0.4554687440395355 0.2509765625 0.0390625 0.048828125
0 0.49609375 0.2802734375 0.0390625 0.048828125
0 0.5367187261581421 0.3095703125 0.0390625 0.048828125
0 0.578906238079071 0.3408203125 0.0390625 0.048828125
0 0.62109375 0.3701171875 0.0390625 0.048828125
0 0.6617187261581421 0.3994140625 0.0390625 0.048828125
0 0.703906238079071 0.4306640625 0.0390625 0.048828125
0 0.74609375 0.4599609375 0.0390625 0.048828125
0 0.4789062440395355 0.2001953125 0.0390625 0.048828125
0 0.51953125 0.2294921875 0.0390625 0.048828125
0 0.561718761920929 0.2607421875 0.0390625 0.048828125
0 0.602343738079071 0.2900390625 0.0390625 0.048828125
0 0.64453125 0.3193359375 0.0390625 0.048828125
0 0.6851562261581421 0.3486328125 0.0390625 0.048828125
0 0.727343738079071 0.3798828125 0.0390625 0.048828125
0 0.76953125 0.4091796875 0.0390625 0.048828125
