0 0.43046873807907104 0.3330078125 0.0390625 0.048828125
0 0.4320312440395355 0.3896484375 0.0390625 0.048828125
0 0.4320312440395355 0.4462890625 0.0390625 0.048828125
0 0.43359375 0.5029296875 0.0390625 0.048828125
0 0.4351562559604645 0.5576171875 0.0390625 0.048828125
0 0.43671876192092896 0.6142578125 0.0390625 0.048828125
0 0.43828123807907104 0.6689453125 0.0390625 0.048828125
0 0.43828123807907104 0.7255859375 0.0390625 0.048828125
0 0.47578126192092896 0.3330078125 0.0390625 0.048828125
0 0.47734373807907104 0.3876953125 0.0390625 0.048828125
0 0.47734373807907104 0.4443359375 0.0390625 0.048828125
0 0.4789062440395355 0.5009765625 0.0390625 0.048828125
0 0.48046875 0.5576171875 0.0390625 0.048828125
0 0.4820312559604645 0.6123046875 0.0390625 0.048828125
0 0.48359376192092896 0.6689453125 0.0390625 0.048828125
0 0.48359376192092896 0.7236328125 0.0390625 0.048828125
0 0.5210937261581421 0.3310546875 0.0390625 0.048828125
0 0.5210937261581421 0.3857421875 0.0390625 0.048828125
0 0.522656261920929 0.4423828125 0.0390625 0.048828125
0 0.524218738079071 0.4990234375 0.0390625 0.048828125
0 0.5257812738418579 0.5556640625 0.0390625 0.048828125
0 0.5257812738418579 0.6103515625 0.0390625 0.048828125
0 0.52734375 0.6669921875 0.0390625 0.048828125
0 0.5289062261581421 0.7216796875 0.0390625 0.048828125
0 0.56640625 0.3291015625 0.0390625 0.048828125
0 0.5679687261581421 0.3857421875 0.0390625 0.048828125
0 0.5679687261581421 0.4404296875 0.0390625 0.048828125
0 0.569531261920929 0.4970703125 0.0390625 0.048828125
0 0.571093738079071 0.5537109375 0.0390625 0.048828125
0 0.571093738079071 0.6083984375 0.0390625 0.048828125
0 0.5726562738418579 0.6650390625 0.0390625 0.048828125
0 0.57421875 0.7216796875 0.0390625 0.048828125
0 0.6117187738418579 0.3271484375 0.0390625 0.048828125
0 0.61328125 0.3837890625 0.0390625 0.048828125
0 0.61328125 0.4404296875 0.0390625 0.048828125
0 0.6148437261581421 0.4951171875 0.0390625 0.048828125
0 0.616406261920929 0.5517578125 0.0390625 0.048828125
0 0.616406261920929 0.6083984375 0.0390625 0.048828125
0 0.617968738079071 0.6630859375 0.0390625 0.048828125
0 0.6195312738418579 0.7197265625 0.0390625 0.048828125
0 0.657031238079071 0.3251953125 0.0390625 0.048828125
0 0.6585937738418579 0.3818359375 0.0390625 0.048828125
0 0.6585937738418579 0.4384765625 0.0390625 0.048828125
0 0.66015625 0.4951171875 0.0390625 0.048828125
0 0.6617187261581421 0.5498046875 0.0390625 0.048828125
0 0.6617187261581421 0.6064453125 0.0390625 0.048828125
0 0.663281261920929 0.6630859375 0.0390625 0.048828125
0 0.664843738079071 0.7177734375 0.0390625 0.048828125
0 0.703906238079071 0.3232421875 0.0390625 0.048828125
0 0.703906238079071 0.3798828125 0.0390625 0.048828125
0 0.7054687738418579 0.4365234375 0.0390625 0.048828125
0 0.7054687738418579 0.4931640625 0.0390625 0.048828125
0 0.70703125 0.5498046875 0.0390625 0.048828125
0 0.70703125 0.6044921875 0.0390625 0.048828125
0 0.7085937261581421 0.6611328125 0.0390625 0.048828125
0 0.710156261920929 0.7177734375 0.0390625 0.048828125
0 0.749218761920929 0.3212890625 0.0390625 0.048828125
0 0.749218761920929 0.3779296875 0.0390625 0.048828125
0 0.750781238079071 0.4345703125 0.0390625 0.048828125
0 0.750781238079071 0.4912109375 0.0390625 0.048828125
0 0.7523437738418579 0.5478515625 0.0390625 0.048828125
0 0.75390625 0.6044921875 0.0390625 0.048828125
0 0.75390625 0.6591796875 0.0390625 0.048828125
0 0.7554687261581421 0.7158203125 0.0390625 0.048828125
0 0.7945312261581421 0.3193359375 0.0390625 0.048828125
0 0.796093761920929 0.3759765625 0.0390625 0.048828125
0 0.796093761920929 0.4326171875 0.0390625 0.048828125
0 0.797656238079071 0.4892578125 0.0390625 0.048828125
0 0.797656238079071 0.5458984375 0.0390625 0.048828125
0 0.7992187738418579 0.6025390625 0.0390625 0.048828125
0 0.80078125 0.6591796875 0.0390625 0.048828125
0 0.80078125 0.7158203125 0.0390625 0.048828125
0 0.8414062261581421 0.3173828125 0.0390625 0.048828125
0 0.8414062261581421 0.3740234375 0.0390625 0.048828125
0 0.842968761920929 0.4306640625 0.0390625 0.048828125
0 0.842968761920929 0.4873046875 0.0390625 0.048828125
0 0.844531238079071 0.5439453125 0.0390625 0.048828125
0 0.844531238079071 0.6005859375 0.0390625 0.048828125
0 0.8460937738418579 0.6572265625 0.0390625 0.048828125
0 0.84765625 0.7138671875 0.0390625 0.048828125
0 0.8882812261581421 0.3154296875 0.0390625 0.048828125
0 0.8882812261581421 0.3720703125 0.0390625 0.048828125
0 0.8882812261581421 0.4306640625 0.0390625 0.048828125
0 0.889843761920929 0.4853515625 0.0390625 0.048828125
0 0.889843761920929 0.5439453125 0.0390625 0.048828125
0 0.891406238079071 0.5986328125 0.0390625 0.048828125
0 0.8929687738418579 0.6572265625 0.0390625 0.048828125
0 0.8929687738418579 0.7138671875 0.0390625 0.048828125
