0 0.17265625298023224 0.4365234375 0.0390625 0.048828125
0 0.19296875596046448 0.4892578125 0.0390625 0.048828125
0 0.21171875298023224 0.5419921875 0.0390625 0.048828125
0 0.23203125596046448 0.5947265625 0.0390625 0.048828125
0 0.25078123807907104 0.6455078125 0.0390625 0.048828125
0 0.26953125 0.6982421875 0.0390625 0.048828125
0 0.28984373807907104 0.7490234375 0.0390625 0.048828125
0 0.30859375 0.7998046875 0.0390625 0.048828125
0 0.21640625596046448 0.4228515625 0.0390625 0.048828125
0 0.23515625298023224 0.4755859375 0.0390625 0.048828125
0 0.25390625 0.5263671875 0.0390625 0.048828125
0 0.27421873807907104 0.5791015625 0.0390625 0.048828125
0 0.29296875 0.6318359375 0.0390625 0.048828125
0 0.31171876192092896 0.6826171875 0.0390625 0.048828125
0 0.3304687440395355 0.7353515625 0.0390625 0.048828125
0 0.3492187559604645 0.7861328125 0.0390625 0.048828125
0 0.25859373807907104 0.4072265625 0.0390625 0.048828125
0 0.27734375 0.4599609375 0.0390625 0.048828125
0 0.29765623807907104 0.5126953125 0.0390625 0.048828125
0 0.31640625 0.5654296875 0.0390625 0.048828125
0 0.33515626192092896 0.6162109375 0.0390625 0.048828125
0 0.3539062440395355 0.6689453125 0.0390625 0.048828125
0 0.3726562559604645 0.7197265625 0.0390625 0.048828125
0 0.3929687440395355 0.7724609375 0.0390625 0.048828125
0 0.3023437559604645 0.3935546875 0.0390625 0.048828125
0 0.32109373807907104 0.4462890625 0.0390625 0.048828125
0 0.33984375 0.4970703125 0.0390625 0.048828125
0 0.35859376192092896 0.5498046875 0.0390625 0.048828125
0 0.3773437440395355 0.6025390625 0.0390625 0.048828125
0 0.3960937559604645 0.6533203125 0.0390625 0.048828125
0 0.41484373807907104 0.7060546875 0.0390625 0.048828125
0 0.4351562559604645 0.7568359375 0.0390625 0.048828125
0 0.34453123807907104 0.3779296875 0.0390625 0.048828125
0 0.36328125 0.4306640625 0.0390625 0.048828125
0 0.38359373807907104 0.4833984375 0.0390625 0.048828125
0 0.4007812440395355 0.5341796875 0.0390625 0.048828125
0 0.42109376192092896 0.5869140625 0.0390625 0.048828125
0 0.43828123807907104 0.6396484375 0.0390625 0.048828125
0 0.4585937559604645 0.6904296875 0.0390625 0.048828125
0 0.47734373807907104 0.7431640625 0.0390625 0.048828125
0 0.3882812559604645 0.3623046875 0.0390625 0.048828125
0 0.40703123807907104 0.4150390625 0.0390625 0.048828125
0 0.42578125 0.4677734375 0.0390625 0.048828125
0 0.44453126192092896 0.5205078125 0.0390625 0.048828125
0 0.4632812440395355 0.5732421875 0.0390625 0.048828125
0 0.4820312559604645 0.6240234375 0.0390625 0.048828125
0 0.500781238079071 0.6767578125 0.0390625 0.048828125
0 0.51953125 0.7275390625 0.0390625 0.048828125
0 0.4320312440395355 0.3466796875 0.0390625 0.048828125
0 0.4507812559604645 0.3994140625 0.0390625 0.048828125
0 0.46953123807907104 0.4521484375 0.0390625 0.048828125
0 0.48828125 0.5048828125 0.0390625 0.048828125
0 0.507031261920929 0.5576171875 0.0390625 0.048828125
0 0.5257812738418579 0.6103515625 0.0390625 0.048828125
0 0.5445312261581421 0.6611328125 0.0390625 0.048828125
0 0.563281238079071 0.7138671875 0.0390625 0.048828125
0 0.47578126192092896 0.3310546875 0.0390625 0.048828125
0 0.4945312440395355 0.3857421875 0.0390625 0.048828125
0 0.5132812261581421 0.4384765625 0.0390625 0.048828125
0 0.532031238079071 0.4912109375 0.0390625 0.048828125
0 0.55078125 0.5419921875 0.0390625 0.048828125
0 0.5679687261581421 0.5947265625 0.0390625 0.048828125
0 0.5882812738418579 0.6474609375 0.0390625 0.048828125
0 0.6070312261581421 0.6982421875 0.0390625 0.048828125
0 0.51953125 0.3173828125 0.0390625 0.048828125
0 0.538281261920929 0.3701171875 0.0390625 0.048828125
0 0.5570312738418579 0.4228515625 0.0390625 0.048828125
0 0.5757812261581421 0.4755859375 0.0390625 0.048828125
0 0.594531238079071 0.5283203125 0.0390625 0.048828125
0 0.6117187738418579 0.5810546875 0.0390625 0.048828125
0 0.632031261920929 0.6318359375 0.0390625 0.048828125
0 0.649218738079071 0.6845703125 0.0390625 0.048828125
0 0.5648437738418579 0.3017578125 0.0390625 0.048828125
0 0.5835937261581421 0.3544921875 0.0390625 0.048828125
0 0.600781261920929 0.4072265625 0.0390625 0.048828125
0 0.6195312738418579 0.4599609375 0.0390625 0.048828125
0 0.6382812261581421 0.5126953125 0.0390625 0.048828125
0 0.657031238079071 0.5654296875 0.0390625 0.048828125
0 0.67578125 0.6181640625 0.0390625 0.048828125
0 0.694531261920929 0.6689453125 0.0390625 0.048828125
0 0.610156238079071 0.2861328125 0.0390625 0.048828125
0 0.6273437738418579 0.3388671875 0.0390625 0.048828125
0 0.6460937261581421 0.3935546875 0.0390625 0.048828125
0 0.664843738079071 0.4462890625 0.0390625 0.048828125
0 0.6820312738418579 0.4970703125 0.0390625 0.048828125
0 0.7007812261581421 0.5517578125 0.0390625 0.048828125
0 0.719531238079071 0.6025390625 0.0390625 0.048828125
0 0.73828125 0.6552734375 0.0390625 0.048828125
