0 0.39453125 0.2587890625 0.0390625 0.048828125
0 0.43359375 0.2392578125 0.0390625 0.048828125
0 0.4710937440395355 0.2177734375 0.0390625 0.048828125
0 0.5101562738418579 0.1982421875 0.0390625 0.048828125
0 0.547656238079071 0.1787109375 0.0390625 0.048828125
0 0.585156261920929 0.1591796875 0.0390625 0.048828125
0 0.6226562261581421 0.1396484375 0.0390625 0.048828125
0 0.66015625 0.1201171875 0.0390625 0.048828125
0 0.41484373807907104 0.3134765625 0.0390625 0.048828125
0 0.45390623807907104 0.2939453125 0.0390625 0.048828125
0 0.49140626192092896 0.2724609375 0.0390625 0.048828125
0 0.530468761920929 0.2529296875 0.0390625 0.048828125
0 0.5679687261581421 0.2333984375 0.0390625 0.048828125
0 0.60546875 0.2138671875 0.0390625 0.048828125
0 0.6429687738418579 0.1943359375 0.0390625 0.048828125
0 0.680468738079071 0.1748046875 0.0390625 0.048828125
0 0.4351562559604645 0.3681640625 0.0390625 0.048828125
0 0.4742187559604645 0.3486328125 0.0390625 0.048828125
0 0.51171875 0.3271484375 0.0390625 0.048828125
0 0.5492187738418579 0.3076171875 0.0390625 0.048828125
0 0.5882812738418579 0.2880859375 0.0390625 0.048828125
0 0.625781238079071 0.2685546875 0.0390625 0.048828125
0 0.663281261920929 0.2490234375 0.0390625 0.048828125
0 0.69921875 0.2275390625 0.0390625 0.048828125
0 0.4554687440395355 0.4228515625 0.0390625 0.048828125
0 0.4945312440395355 0.4033203125 0.0390625 0.048828125
0 0.532031238079071 0.3818359375 0.0390625 0.048828125
0 0.569531261920929 0.3623046875 0.0390625 0.048828125
0 0.6070312261581421 0.3427734375 0.0390625 0.048828125
0 0.6460937261581421 0.3212890625 0.0390625 0.048828125
0 0.6820312738418579 0.3017578125 0.0390625 0.048828125
0 0.719531238079071 0.2822265625 0.0390625 0.048828125
0 0.47578126192092896 0.4775390625 0.0390625 0.048828125
0 0.5132812261581421 0.4580078125 0.0390625 0.048828125
0 0.5523437261581421 0.4365234375 0.0390625 0.048828125
0 0.58984375 0.4169921875 0.0390625 0.048828125
0 0.6273437738418579 0.3974609375 0.0390625 0.048828125
0 0.664843738079071 0.3759765625 0.0390625 0.048828125
0 0.702343761920929 0.3564453125 0.0390625 0.048828125
0 0.7398437261581421 0.3369140625 0.0390625 0.048828125
0 0.49609375 0.5322265625 0.0390625 0.048828125
0 0.5335937738418579 0.5126953125 0.0390625 0.048828125
0 0.5726562738418579 0.4912109375 0.0390625 0.048828125
0 0.610156238079071 0.4716796875 0.0390625 0.048828125
0 0.647656261920929 0.4501953125 0.0390625 0.048828125
0 0.6851562261581421 0.4306640625 0.0390625 0.048828125
0 0.72265625 0.4111328125 0.0390625 0.048828125
0 0.7601562738418579 0.3896484375 0.0390625 0.048828125
0 0.516406238079071 0.5869140625 0.0390625 0.048828125
0 0.553906261920929 0.5673828125 0.0390625 0.048828125
0 0.592968761920929 0.5458984375 0.0390625 0.048828125
0 0.6304687261581421 0.5263671875 0.0390625 0.048828125
0 0.66796875 0.5048828125 0.0390625 0.048828125
0 0.7054687738418579 0.4853515625 0.0390625 0.048828125
0 0.742968738079071 0.4638671875 0.0390625 0.048828125
0 0.780468761920929 0.4443359375 0.0390625 0.048828125
0 0.5367187261581421 0.6435546875 0.0390625 0.048828125
0 0.57421875 0.6220703125 0.0390625 0.048828125
0 0.6117187738418579 0.6005859375 0.0390625 0.048828125
0 0.6507812738418579 0.5791015625 0.0390625 0.048828125
0 0.688281238079071 0.5595703125 0.0390625 0.048828125
0 0.725781261920929 0.5380859375 0.0390625 0.048828125
0 0.7632812261581421 0.5185546875 0.0390625 0.048828125
0 0.7992187738418579 0.4970703125 0.0390625 0.048828125
0 0.5570312738418579 0.6982421875 0.0390625 0.048828125
0 0.594531238079071 0.6767578125 0.0390625 0.048828125
0 0.632031261920929 0.6552734375 0.0390625 0.048828125
0 0.671093761920929 0.6337890625 0.0390625 0.048828125
0 0.7085937261581421 0.6142578125 0.0390625 0.048828125
0 0.74609375 0.5927734375 0.0390625 0.048828125
0 0.7835937738418579 0.5732421875 0.0390625 0.048828125
0 0.819531261920929 0.5517578125 0.0390625 0.048828125
0 0.577343761920929 0.7529296875 0.0390625 0.048828125
0 0.6148437261581421 0.7314453125 0.0390625 0.048828125
0 0.65234375 0.7099609375 0.0390625 0.048828125
0 0.69140625 0.6884765625 0.0390625 0.048828125
0 0.7289062738418579 0.6689453125 0.0390625 0.048828125
0 0.766406238079071 0.6474609375 0.0390625 0.048828125
0 0.803906261920929 0.6279296875 0.0390625 0.048828125
0 0.83984375 0.6064453125 0.0390625 0.048828125
0 0.59765625 0.8095703125 0.0390625 0.048828125
0 0.6351562738418579 0.7880859375 0.0390625 0.048828125
0 0.6742187738418579 0.7666015625 0.0390625 0.048828125
0 0.711718738079071 0.7451171875 0.0390625 0.048828125
0 0.749218761920929 0.7236328125 0.0390625 0.048828125
0 0.7867187261581421 0.7021484375 0.0390625 0.048828125
0 0.82421875 0.6806640625 0.0390625 0.048828125
0 0.860156238079071 0.6611328125 0.0390625 0.048828125
