0 0.24453124403953552 0.1357421875 0.0390625 0.048828125
0 0.2914062440395355 0.1240234375 0.0390625 0.048828125
0 0.33671873807907104 0.1103515625 0.0390625 0.048828125
0 0.3804687559604645 0.0966796875 0.0390625 0.048828125
0 0.42578125 0.0830078125 0.0390625 0.048828125
0 0.46953123807907104 0.0693359375 0.0390625 0.048828125
0 0.514843761920929 0.0556640625 0.0390625 0.048828125
0 0.55859375 0.0419921875 0.0390625 0.048828125
0 0.26171875 0.1962890625 0.0390625 0.048828125
0 0.3070312440395355 0.1826171875 0.0390625 0.048828125
0 0.35234373807907104 0.1669921875 0.0390625 0.048828125
0 0.39765626192092896 0.1552734375 0.0390625 0.048828125
0 0.44140625 0.1396484375 0.0390625 0.048828125
0 0.4867187440395355 0.1259765625 0.0390625 0.048828125
0 0.530468761920929 0.1123046875 0.0390625 0.048828125
0 0.57421875 0.0986328125 0.0390625 0.048828125
0 0.2789062559604645 0.2548828125 0.0390625 0.048828125
0 0.32421875 0.2412109375 0.0390625 0.048828125
0 0.3695312440395355 0.2275390625 0.0390625 0.048828125
0 0.41484373807907104 0.2138671875 0.0390625 0.048828125
0 0.4585937559604645 0.1982421875 0.0390625 0.048828125
0 0.5023437738418579 0.1845703125 0.0390625 0.048828125
0 0.547656238079071 0.1708984375 0.0390625 0.048828125
0 0.5914062261581421 0.1572265625 0.0390625 0.048828125
0 0.29609376192092896 0.3134765625 0.0390625 0.048828125
0 0.3414062559604645 0.2998046875 0.0390625 0.048828125
0 0.38671875 0.2861328125 0.0390625 0.048828125
0 0.43046873807907104 0.2705078125 0.0390625 0.048828125
0 0.47578126192092896 0.2568359375 0.0390625 0.048828125
0 0.51953125 0.2431640625 0.0390625 0.048828125
0 0.563281238079071 0.2294921875 0.0390625 0.048828125
0 0.608593761920929 0.2138671875 0.0390625 0.048828125
0 0.31171876192092896 0.3720703125 0.0390625 0.048828125
0 0.3570312559604645 0.3583984375 0.0390625 0.048828125
0 0.40234375 0.3447265625 0.0390625 0.048828125
0 0.4476562440395355 0.3291015625 0.0390625 0.048828125
0 0.49296873807907104 0.3154296875 0.0390625 0.048828125
0 0.5367187261581421 0.2998046875 0.0390625 0.048828125
0 0.5804687738418579 0.2861328125 0.0390625 0.048828125
0 0.624218761920929 0.2724609375 0.0390625 0.048828125
0 0.32890623807907104 0.4326171875 0.0390625 0.048828125
0 0.37421876192092896 0.4169921875 0.0390625 0.048828125
0 0.4195312559604645 0.4033203125 0.0390625 0.048828125
0 0.46484375 0.3876953125 0.0390625 0.048828125
0 0.508593738079071 0.3740234375 0.0390625 0.048828125
0 0.5523437261581421 0.3603515625 0.0390625 0.048828125
0 0.59765625 0.3447265625 0.0390625 0.048828125
0 0.641406238079071 0.3310546875 0.0390625 0.048828125
0 0.3460937440395355 0.4912109375 0.0390625 0.048828125
0 0.39140623807907104 0.4755859375 0.0390625 0.048828125
0 0.43671876192092896 0.4619140625 0.0390625 0.048828125
0 0.48046875 0.4462890625 0.0390625 0.048828125
0 0.5257812738418579 0.4326171875 0.0390625 0.048828125
0 0.569531261920929 0.4169921875 0.0390625 0.048828125
0 0.61328125 0.4033203125 0.0390625 0.048828125
0 0.657031238079071 0.3876953125 0.0390625 0.048828125
0 0.36328125 0.5517578125 0.0390625 0.048828125
0 0.4085937440395355 0.5361328125 0.0390625 0.048828125
0 0.45234376192092896 0.5205078125 0.0390625 0.048828125
0 0.4976562559604645 0.5048828125 0.0390625 0.048828125
0 0.5414062738418579 0.4912109375 0.0390625 0.048828125
0 0.586718738079071 0.4755859375 0.0390625 0.048828125
0 0.6304687261581421 0.4619140625 0.0390625 0.048828125
0 0.6742187738418579 0.4462890625 0.0390625 0.048828125
0 0.37890625 0.6103515625 0.0390625 0.048828125
0 0.4242187440395355 0.5947265625 0.0390625 0.048828125
0 0.46953123807907104 0.5791015625 0.0390625 0.048828125
0 0.514843761920929 0.5634765625 0.0390625 0.048828125
0 0.55859375 0.5498046875 0.0390625 0.048828125
0 0.6039062738418579 0.5341796875 0.0390625 0.048828125
0 0.647656261920929 0.5185546875 0.0390625 0.048828125
0 0.69140625 0.5048828125 0.0390625 0.048828125
0 0.3960937559604645 0.6708984375 0.0390625 0.048828125
0 0.44140625 0.6552734375 0.0390625 0.048828125
0 0.4867187440395355 0.6396484375 0.0390625 0.048828125
0 0.532031238079071 0.6240234375 0.0390625 0.048828125
0 0.5757812261581421 0.6083984375 0.0390625 0.048828125
0 0.62109375 0.5927734375 0.0390625 0.048828125
0 0.664843738079071 0.5791015625 0.0390625 0.048828125
0 0.7085937261581421 0.5634765625 0.0390625 0.048828125
0 0.41328126192092896 0.7314453125 0.0390625 0.048828125
0 0.4585937559604645 0.7158203125 0.0390625 0.048828125
0 0.50390625 0.6982421875 0.0390625 0.048828125
0 0.5492187738418579 0.6845703125 0.0390625 0.048828125
0 0.592968761920929 0.6689453125 0.0390625 0.048828125
0 0.6382812261581421 0.6533203125 0.0390625 0.048828125
0 0.6820312738418579 0.6376953125 0.0390625 0.048828125
0 0.725781261920929 0.6220703125 0.0390625 0.048828125
