0 0.36640626192092896 0.2861328125 0.0390625 0.048828125
0 0.4085937440395355 0.2724609375 0.0390625 0.048828125
0 0.4507812559604645 0.2587890625 0.0390625 0.048828125
0 0.49140626192092896 0.2451171875 0.0390625 0.048828125
0 0.5335937738418579 0.2314453125 0.0390625 0.048828125
0 0.57421875 0.2177734375 0.0390625 0.048828125
0 0.6148437261581421 0.2041015625 0.0390625 0.048828125
0 0.655468761920929 0.1923828125 0.0390625 0.048828125
0 0.38359373807907104 0.3388671875 0.0390625 0.048828125
0 0.4242187440395355 0.3271484375 0.0390625 0.048828125
0 0.4664062559604645 0.3115234375 0.0390625 0.048828125
0 0.508593738079071 0.2998046875 0.0390625 0.048828125
0 0.5492187738418579 0.2841796875 0.0390625 0.048828125
0 0.58984375 0.2724609375 0.0390625 0.048828125
0 0.632031261920929 0.2587890625 0.0390625 0.048828125
0 0.672656238079071 0.2451171875 0.0390625 0.048828125
0 0.39921873807907104 0.3935546875 0.0390625 0.048828125
0 0.44140625 0.3798828125 0.0390625 0.048828125
0 0.4820312559604645 0.3662109375 0.0390625 0.048828125
0 0.524218738079071 0.3525390625 0.0390625 0.048828125
0 0.5648437738418579 0.3388671875 0.0390625 0.048828125
0 0.6070312261581421 0.3251953125 0.0390625 0.048828125
0 0.647656261920929 0.3115234375 0.0390625 0.048828125
0 0.688281238079071 0.2978515625 0.0390625 0.048828125
0 0.41484373807907104 0.4482421875 0.0390625 0.048828125
0 0.45703125 0.4326171875 0.0390625 0.048828125
0 0.49921876192092896 0.4189453125 0.0390625 0.048828125
0 0.539843738079071 0.4052734375 0.0390625 0.048828125
0 0.58203125 0.3916015625 0.0390625 0.048828125
0 0.6226562261581421 0.3779296875 0.0390625 0.048828125
0 0.664843738079071 0.3642578125 0.0390625 0.048828125
0 0.7054687738418579 0.3505859375 0.0390625 0.048828125
0 0.4320312440395355 0.5009765625 0.0390625 0.048828125
0 0.4742187559604645 0.4873046875 0.0390625 0.048828125
0 0.514843761920929 0.4736328125 0.0390625 0.048828125
0 0.5570312738418579 0.4580078125 0.0390625 0.048828125
0 0.5992187261581421 0.4462890625 0.0390625 0.048828125
0 0.639843761920929 0.4306640625 0.0390625 0.048828125
0 0.680468738079071 0.4169921875 0.0390625 0.048828125
0 0.72265625 0.4033203125 0.0390625 0.048828125
0 0.4476562440395355 0.5556640625 0.0390625 0.048828125
0 0.4898437559604645 0.5419921875 0.0390625 0.048828125
0 0.532031238079071 0.5263671875 0.0390625 0.048828125
0 0.57421875 0.5126953125 0.0390625 0.048828125
0 0.6148437261581421 0.4990234375 0.0390625 0.048828125
0 0.657031238079071 0.4853515625 0.0390625 0.048828125
0 0.6976562738418579 0.4716796875 0.0390625 0.048828125
0 0.7398437261581421 0.4580078125 0.0390625 0.048828125
0 0.46484375 0.6083984375 0.0390625 0.048828125
0 0.507031261920929 0.5947265625 0.0390625 0.048828125
0 0.547656238079071 0.5810546875 0.0390625 0.048828125
0 0.58984375 0.5673828125 0.0390625 0.048828125
0 0.632031261920929 0.5537109375 0.0390625 0.048828125
0 0.672656238079071 0.5380859375 0.0390625 0.048828125
0 0.71484375 0.5244140625 0.0390625 0.048828125
0 0.7554687261581421 0.5107421875 0.0390625 0.048828125
0 0.48046875 0.6650390625 0.0390625 0.048828125
0 0.522656261920929 0.6513671875 0.0390625 0.048828125
0 0.5648437738418579 0.6357421875 0.0390625 0.048828125
0 0.6070312261581421 0.6201171875 0.0390625 0.048828125
0 0.647656261920929 0.6064453125 0.0390625 0.048828125
0 0.6898437738418579 0.5927734375 0.0390625 0.048828125
0 0.73046875 0.5791015625 0.0390625 0.048828125
0 0.772656261920929 0.5654296875 0.0390625 0.048828125
0 0.4976562559604645 0.7197265625 0.0390625 0.048828125
0 0.539843738079071 0.7041015625 0.0390625 0.048828125
0 0.58203125 0.6904296875 0.0390625 0.048828125
0 0.624218761920929 0.6767578125 0.0390625 0.048828125
0 0.664843738079071 0.6611328125 0.0390625 0.048828125
0 0.70703125 0.6474609375 0.0390625 0.048828125
0 0.7476562261581421 0.6337890625 0.0390625 0.048828125
0 0.789843738079071 0.6181640625 0.0390625 0.048828125
0 0.514843761920929 0.7763671875 0.0390625 0.048828125
0 0.5570312738418579 0.7607421875 0.0390625 0.048828125
0 0.59765625 0.7451171875 0.0390625 0.048828125
0 0.639843761920929 0.7314453125 0.0390625 0.048828125
0 0.6820312738418579 0.7158203125 0.0390625 0.048828125
0 0.72265625 0.7021484375 0.0390625 0.048828125
0 0.764843761920929 0.6884765625 0.0390625 0.048828125
0 0.805468738079071 0.6728515625 0.0390625 0.048828125
0 0.530468761920929 0.8310546875 0.0390625 0.048828125
0 0.5726562738418579 0.8154296875 0.0390625 0.048828125
0 0.6148437261581421 0.8017578125 0.0390625 0.048828125
0 0.657031238079071 0.7861328125 0.0390625 0.048828125
0 0.69921875 0.7705078125 0.0390625 0.048828125
0 0.7398437261581421 0.7568359375 0.0390625 0.048828125
0 0.782031238079071 0.7431640625 0.0390625 0.048828125
0 0.8226562738418579 0.7275390625 0.0390625 0.048828125
