0 0.23828125 0.2861328125 0.0390625 0.048828125
0 0.2523437440395355 0.3427734375 0.0390625 0.048828125
0 0.2679687440395355 0.4013671875 0.0390625 0.048828125
0 0.2835937440395355 0.4560546875 0.0390625 0.048828125
0 0.29765623807907104 0.5146484375 0.0390625 0.048828125
0 0.31328123807907104 0.5712890625 0.0390625 0.048828125
0 0.32734376192092896 0.6279296875 0.0390625 0.048828125
0 0.34296876192092896 0.6845703125 0.0390625 0.048828125
0 0.2789062559604645 0.2685546875 0.0390625 0.048828125
0 0.2945312559604645 0.3251953125 0.0390625 0.048828125
0 0.30859375 0.3818359375 0.0390625 0.048828125
0 0.32421875 0.4404296875 0.0390625 0.048828125
0 0.33984375 0.4951171875 0.0390625 0.048828125
0 0.3539062440395355 0.5537109375 0.0390625 0.048828125
0 0.3695312440395355 0.6103515625 0.0390625 0.048828125
0 0.3851562440395355 0.6669921875 0.0390625 0.048828125
0 0.32109373807907104 0.2509765625 0.0390625 0.048828125
0 0.33515626192092896 0.3076171875 0.0390625 0.048828125
0 0.35078126192092896 0.3642578125 0.0390625 0.048828125
0 0.3648437559604645 0.4208984375 0.0390625 0.048828125
0 0.3804687559604645 0.4794921875 0.0390625 0.048828125
0 0.3960937559604645 0.5361328125 0.0390625 0.048828125
0 0.41015625 0.5927734375 0.0390625 0.048828125
0 0.42578125 0.6494140625 0.0390625 0.048828125
0 0.3617187440395355 0.2314453125 0.0390625 0.048828125
0 0.3773437440395355 0.2900390625 0.0390625 0.048828125
0 0.39140623807907104 0.3466796875 0.0390625 0.048828125
0 0.40703123807907104 0.4033203125 0.0390625 0.048828125
0 0.42265623807907104 0.4599609375 0.0390625 0.048828125
0 0.43671876192092896 0.5166015625 0.0390625 0.048828125
0 0.45234376192092896 0.5732421875 0.0390625 0.048828125
0 0.46796876192092896 0.6318359375 0.0390625 0.048828125
0 0.4039062559604645 0.2138671875 0.0390625 0.048828125
0 0.4195312559604645 0.2705078125 0.0390625 0.048828125
0 0.43359375 0.3291015625 0.0390625 0.048828125
0 0.44921875 0.3857421875 0.0390625 0.048828125
0 0.4632812440395355 0.4423828125 0.0390625 0.048828125
0 0.4789062440395355 0.4990234375 0.0390625 0.048828125
0 0.4945312440395355 0.5556640625 0.0390625 0.048828125
0 0.5101562738418579 0.6142578125 0.0390625 0.048828125
0 0.44609373807907104 0.1943359375 0.0390625 0.048828125
0 0.46171873807907104 0.2529296875 0.0390625 0.048828125
0 0.47578126192092896 0.3095703125 0.0390625 0.048828125
0 0.4898437559604645 0.3681640625 0.0390625 0.048828125
0 0.5054687261581421 0.4248046875 0.0390625 0.048828125
0 0.5210937261581421 0.4814453125 0.0390625 0.048828125
0 0.5367187261581421 0.5380859375 0.0390625 0.048828125
0 0.5523437261581421 0.5947265625 0.0390625 0.048828125
0 0.48828125 0.1767578125 0.0390625 0.048828125
0 0.5023437738418579 0.2333984375 0.0390625 0.048828125
0 0.5179687738418579 0.2919921875 0.0390625 0.048828125
0 0.5335937738418579 0.3486328125 0.0390625 0.048828125
0 0.547656238079071 0.4052734375 0.0390625 0.048828125
0 0.563281238079071 0.4638671875 0.0390625 0.048828125
0 0.578906238079071 0.5205078125 0.0390625 0.048828125
0 0.594531238079071 0.5771484375 0.0390625 0.048828125
0 0.532031238079071 0.1572265625 0.0390625 0.048828125
0 0.546093761920929 0.2158203125 0.0390625 0.048828125
0 0.561718761920929 0.2724609375 0.0390625 0.048828125
0 0.5757812261581421 0.3310546875 0.0390625 0.048828125
0 0.5914062261581421 0.3876953125 0.0390625 0.048828125
0 0.6070312261581421 0.4443359375 0.0390625 0.048828125
0 0.6226562261581421 0.5029296875 0.0390625 0.048828125
0 0.63671875 0.5595703125 0.0390625 0.048828125
0 0.57421875 0.1376953125 0.0390625 0.048828125
0 0.5882812738418579 0.1962890625 0.0390625 0.048828125
0 0.6039062738418579 0.2529296875 0.0390625 0.048828125
0 0.6195312738418579 0.3115234375 0.0390625 0.048828125
0 0.633593738079071 0.3701171875 0.0390625 0.048828125
0 0.649218738079071 0.4267578125 0.0390625 0.048828125
0 0.664843738079071 0.4833984375 0.0390625 0.048828125
0 0.680468738079071 0.5419921875 0.0390625 0.048828125
0 0.617968738079071 0.1201171875 0.0390625 0.048828125
0 0.632031261920929 0.1767578125 0.0390625 0.048828125
0 0.647656261920929 0.2353515625 0.0390625 0.048828125
0 0.6617187261581421 0.2939453125 0.0390625 0.048828125
0 0.6773437261581421 0.3505859375 0.0390625 0.048828125
0 0.6929687261581421 0.4072265625 0.0390625 0.048828125
0 0.7085937261581421 0.4658203125 0.0390625 0.048828125
0 0.7242187261581421 0.5224609375 0.0390625 0.048828125
0 0.6617187261581421 0.1005859375 0.0390625 0.048828125
0 0.67578125 0.1591796875 0.0390625 0.048828125
0 0.69140625 0.2158203125 0.0390625 0.048828125
0 0.7054687738418579 0.2744140625 0.0390625 0.048828125
0 0.7210937738418579 0.3330078125 0.0390625 0.048828125
0 0.7367187738418579 0.3896484375 0.0390625 0.048828125
0 0.7523437738418579 0.4462890625 0.0390625 0.048828125
0 0.7679687738418579 0.5048828125 0.0390625 0.048828125
