0 0.19765624403953552 0.2978515625 0.0390625 0.048828125
0 0.23671874403953552 0.2841796875 0.0390625 0.048828125
0 0.27734375 0.2705078125 0.0390625 0.048828125
0 0.3179687559604645 0.2568359375 0.0390625 0.048828125
0 0.35859376192092896 0.2431640625 0.0390625 0.048828125
0 0.39921873807907104 0.2294921875 0.0390625 0.048828125
0 0.4398437440395355 0.2158203125 0.0390625 0.048828125
0 0.48046875 0.2001953125 0.0390625 0.048828125
0 0.20546874403953552 0.3544921875 0.0390625 0.048828125
0 0.24453124403953552 0.3427734375 0.0390625 0.048828125
0 0.28515625 0.3291015625 0.0390625 0.048828125
0 0.3257812559604645 0.3154296875 0.0390625 0.048828125
0 0.36640626192092896 0.3017578125 0.0390625 0.048828125
0 0.40703123807907104 0.2880859375 0.0390625 0.048828125
0 0.4476562440395355 0.2744140625 0.0390625 0.048828125
0 0.4898437559604645 0.2607421875 0.0390625 0.048828125
0 0.21328124403953552 0.4130859375 0.0390625 0.048828125
0 0.25390625 0.3994140625 0.0390625 0.048828125
0 0.2945312559604645 0.3876953125 0.0390625 0.048828125
0 0.3335937559604645 0.3740234375 0.0390625 0.048828125
0 0.37421876192092896 0.3603515625 0.0390625 0.048828125
0 0.4164062440395355 0.3486328125 0.0390625 0.048828125
0 0.45703125 0.3330078125 0.0390625 0.048828125
0 0.4976562559604645 0.3193359375 0.0390625 0.048828125
0 0.22109374403953552 0.4716796875 0.0390625 0.048828125
0 0.26171875 0.4580078125 0.0390625 0.048828125
0 0.3023437559604645 0.4462890625 0.0390625 0.048828125
0 0.34296876192092896 0.4326171875 0.0390625 0.048828125
0 0.38359373807907104 0.4208984375 0.0390625 0.048828125
0 0.4242187440395355 0.4072265625 0.0390625 0.048828125
0 0.46484375 0.3935546875 0.0390625 0.048828125
0 0.507031261920929 0.3798828125 0.0390625 0.048828125
0 0.23046875 0.5302734375 0.0390625 0.048828125
0 0.26953125 0.5166015625 0.0390625 0.048828125
0 0.3101562559604645 0.5048828125 0.0390625 0.048828125
0 0.35078126192092896 0.4912109375 0.0390625 0.048828125
0 0.39140623807907104 0.4794921875 0.0390625 0.048828125
0 0.4320312440395355 0.4658203125 0.0390625 0.048828125
0 0.4742187559604645 0.4521484375 0.0390625 0.048828125
0 0.514843761920929 0.4404296875 0.0390625 0.048828125
0 0.23671874403953552 0.5888671875 0.0390625 0.048828125
0 0.27734375 0.5751953125 0.0390625 0.048828125
0 0.3179687559604645 0.5634765625 0.0390625 0.048828125
0 0.35859376192092896 0.5498046875 0.0390625 0.048828125
0 0.39921873807907104 0.5380859375 0.0390625 0.048828125
0 0.4398437440395355 0.5263671875 0.0390625 0.048828125
0 0.4820312559604645 0.5126953125 0.0390625 0.048828125
0 0.522656261920929 0.4990234375 0.0390625 0.048828125
0 0.24453124403953552 0.6455078125 0.0390625 0.048828125
0 0.28515625 0.6337890625 0.0390625 0.048828125
0 0.3257812559604645 0.6220703125 0.0390625 0.048828125
0 0.36640626192092896 0.6103515625 0.0390625 0.048828125
0 0.40703123807907104 0.5966796875 0.0390625 0.048828125
0 0.4476562440395355 0.5849609375 0.0390625 0.048828125
0 0.4898437559604645 0.5732421875 0.0390625 0.048828125
0 0.532031238079071 0.5595703125 0.0390625 0.048828125
0 0.2523437440395355 0.7041015625 0.0390625 0.048828125
0 0.29296875 0.6923828125 0.0390625 0.048828125
0 0.3335937559604645 0.6806640625 0.0390625 0.048828125
0 0.37421876192092896 0.6689453125 0.0390625 0.048828125
0 0.41484373807907104 0.6572265625 0.0390625 0.048828125
0 0.45703125 0.6455078125 0.0390625 0.048828125
0 0.4976562559604645 0.6318359375 0.0390625 0.048828125
0 0.539843738079071 0.6201171875 0.0390625 0.048828125
0 0.2601562440395355 0.7646484375 0.0390625 0.048828125
0 0.30078125 0.7529296875 0.0390625 0.048828125
0 0.3414062559604645 0.7412109375 0.0390625 0.048828125
0 0.38203126192092896 0.7294921875 0.0390625 0.048828125
0 0.42265623807907104 0.7177734375 0.0390625 0.048828125
0 0.46484375 0.7041015625 0.0390625 0.048828125
0 0.5054687261581421 0.6923828125 0.0390625 0.048828125
0 0.547656238079071 0.6806640625 0.0390625 0.048828125
0 0.2679687440395355 0.8232421875 0.0390625 0.048828125
0 0.3070312440395355 0.8115234375 0.0390625 0.048828125
0 0.3492187559604645 0.7998046875 0.0390625 0.048828125
0 0.38984376192092896 0.7880859375 0.0390625 0.048828125
0 0.43046873807907104 0.7763671875 0.0390625 0.048828125
0 0.47265625 0.7646484375 0.0390625 0.048828125
0 0.5132812261581421 0.7529296875 0.0390625 0.048828125
0 0.555468738079071 0.7412109375 0.0390625 0.048828125
0 0.27421873807907104 0.8818359375 0.0390625 0.048828125
0 0.31328123807907104 0.8720703125 0.0390625 0.048828125
0 0.35546875 0.8583984375 0.0390625 0.048828125
0 0.39765626192092896 0.8486328125 0.0390625 0.048828125
0 0.43828123807907104 0.8369140625 0.0390625 0.048828125
0 0.48046875 0.8251953125 0.0390625 0.048828125
0 0.522656261920929 0.8134765625 0.0390625 0.048828125
0 0.563281238079071 0.8017578125 0.0390625 0.048828125
