0 0.23359374701976776 0.3916015625 0.0390625 0.048828125
0 0.24609375 0.4443359375 0.0390625 0.048828125
0 0.25703126192092896 0.4970703125 0.0390625 0.048828125
0 0.26953125 0.5478515625 0.0390625 0.048828125
0 0.28203123807907104 0.6005859375 0.0390625 0.048828125
0 0.29296875 0.6533203125 0.0390625 0.048828125
0 0.30546873807907104 0.7060546875 0.0390625 0.048828125
0 0.31640625 0.7587890625 0.0390625 0.048828125
0 0.2757812440395355 0.3798828125 0.0390625 0.048828125
0 0.28828126192092896 0.4306640625 0.0390625 0.048828125
0 0.30078125 0.4833984375 0.0390625 0.048828125
0 0.31328123807907104 0.5361328125 0.0390625 0.048828125
0 0.32421875 0.5869140625 0.0390625 0.048828125
0 0.33671873807907104 0.6396484375 0.0390625 0.048828125
0 0.34765625 0.6923828125 0.0390625 0.048828125
0 0.35859376192092896 0.7451171875 0.0390625 0.048828125
0 0.3179687559604645 0.3681640625 0.0390625 0.048828125
0 0.3304687440395355 0.4189453125 0.0390625 0.048828125
0 0.34296876192092896 0.4697265625 0.0390625 0.048828125
0 0.35546875 0.5224609375 0.0390625 0.048828125
0 0.36640626192092896 0.5751953125 0.0390625 0.048828125
0 0.37890625 0.6279296875 0.0390625 0.048828125
0 0.38984376192092896 0.6806640625 0.0390625 0.048828125
0 0.40234375 0.7333984375 0.0390625 0.048828125
0 0.36015623807907104 0.3544921875 0.0390625 0.048828125
0 0.3726562559604645 0.4052734375 0.0390625 0.048828125
0 0.3851562440395355 0.4580078125 0.0390625 0.048828125
0 0.39765626192092896 0.5107421875 0.0390625 0.048828125
0 0.4085937440395355 0.5615234375 0.0390625 0.048828125
0 0.42109376192092896 0.6142578125 0.0390625 0.048828125
0 0.43359375 0.6669921875 0.0390625 0.048828125
0 0.44453126192092896 0.7216796875 0.0390625 0.048828125
0 0.40234375 0.3427734375 0.0390625 0.048828125
0 0.41484373807907104 0.3935546875 0.0390625 0.048828125
0 0.4273437559604645 0.4462890625 0.0390625 0.048828125
0 0.43828123807907104 0.4970703125 0.0390625 0.048828125
0 0.4507812559604645 0.5498046875 0.0390625 0.048828125
0 0.4632812440395355 0.6025390625 0.0390625 0.048828125
0 0.4742187559604645 0.6552734375 0.0390625 0.048828125
0 0.4867187440395355 0.7080078125 0.0390625 0.048828125
0 0.4429687559604645 0.3291015625 0.0390625 0.048828125
0 0.4554687440395355 0.3818359375 0.0390625 0.048828125
0 0.46796876192092896 0.4326171875 0.0390625 0.048828125
0 0.48046875 0.4853515625 0.0390625 0.048828125
0 0.49296873807907104 0.5380859375 0.0390625 0.048828125
0 0.5054687261581421 0.5908203125 0.0390625 0.048828125
0 0.5179687738418579 0.6435546875 0.0390625 0.048828125
0 0.5289062261581421 0.6962890625 0.0390625 0.048828125
0 0.48515623807907104 0.3173828125 0.0390625 0.048828125
0 0.4976562559604645 0.3681640625 0.0390625 0.048828125
0 0.5101562738418579 0.4208984375 0.0390625 0.048828125
0 0.522656261920929 0.4736328125 0.0390625 0.048828125
0 0.53515625 0.5244140625 0.0390625 0.048828125
0 0.547656238079071 0.5771484375 0.0390625 0.048828125
0 0.5601562261581421 0.6298828125 0.0390625 0.048828125
0 0.571093738079071 0.6845703125 0.0390625 0.048828125
0 0.5257812738418579 0.3037109375 0.0390625 0.048828125
0 0.539843738079071 0.3564453125 0.0390625 0.048828125
0 0.5523437261581421 0.4091796875 0.0390625 0.048828125
0 0.5648437738418579 0.4599609375 0.0390625 0.048828125
0 0.577343761920929 0.5126953125 0.0390625 0.048828125
0 0.5882812738418579 0.5654296875 0.0390625 0.048828125
0 0.600781261920929 0.6181640625 0.0390625 0.048828125
0 0.61328125 0.6708984375 0.0390625 0.048828125
0 0.5679687261581421 0.2919921875 0.0390625 0.048828125
0 0.5804687738418579 0.3447265625 0.0390625 0.048828125
0 0.592968761920929 0.3955078125 0.0390625 0.048828125
0 0.60546875 0.4482421875 0.0390625 0.048828125
0 0.617968738079071 0.5009765625 0.0390625 0.048828125
0 0.6304687261581421 0.5537109375 0.0390625 0.048828125
0 0.6429687738418579 0.6064453125 0.0390625 0.048828125
0 0.655468761920929 0.6591796875 0.0390625 0.048828125
0 0.608593761920929 0.2783203125 0.0390625 0.048828125
0 0.62109375 0.3310546875 0.0390625 0.048828125
0 0.6351562738418579 0.3837890625 0.0390625 0.048828125
0 0.647656261920929 0.4365234375 0.0390625 0.048828125
0 0.66015625 0.4873046875 0.0390625 0.048828125
0 0.672656238079071 0.5400390625 0.0390625 0.048828125
0 0.6851562261581421 0.5947265625 0.0390625 0.048828125
0 0.6976562738418579 0.6474609375 0.0390625 0.048828125
0 0.6507812738418579 0.2666015625 0.0390625 0.048828125
0 0.663281261920929 0.3193359375 0.0390625 0.048828125
0 0.67578125 0.3701171875 0.0390625 0.048828125
0 0.688281238079071 0.4228515625 0.0390625 0.048828125
0 0.702343761920929 0.4755859375 0.0390625 0.048828125
0 0.7132812738418579 0.5283203125 0.0390625 0.048828125
0 0.725781261920929 0.5810546875 0.0390625 0.048828125
0 0.7398437261581421 0.6357421875 0.0390625 0.048828125
