0 0.23671874403953552 0.2099609375 0.0296875 0.044921875
0 0.27656251192092896 0.208984375 0.03125 0.046875
0 0.31640625 0.20703125 0.0296875 0.046875
0 0.35468751192092896 0.20703125 0.03125 0.046875
0 0.39453125 0.2060546875 0.0296875 0.048828125
0 0.4320312440395355 0.205078125 0.0296875 0.046875
0 0.4703125059604645 0.2041015625 0.028125 0.044921875
0 0.507031261920929 0.203125 0.0328125 0.046875
0 0.24296875298023224 0.26953125 0.0296875 0.046875
0 0.2828125059604645 0.26953125 0.03125 0.046875
0 0.3218750059604645 0.267578125 0.03125 0.046875
0 0.3609375059604645 0.267578125 0.028125 0.046875
0 0.39921873807907104 0.265625 0.0296875 0.046875
0 0.43828123807907104 0.2646484375 0.0296875 0.044921875
0 0.47578126192092896 0.263671875 0.0296875 0.046875
0 0.5140625238418579 0.2626953125 0.028125 0.044921875
0 0.24921874701976776 0.33203125 0.0296875 0.046875
0 0.2890625 0.330078125 0.03125 0.046875
0 0.328125 0.3291015625 0.03125 0.044921875
0 0.36640626192092896 0.3271484375 0.0296875 0.044921875
0 0.40546876192092896 0.326171875 0.0296875 0.046875
0 0.4437499940395355 0.32421875 0.028125 0.046875
0 0.4820312559604645 0.3232421875 0.0296875 0.044921875
0 0.518750011920929 0.3212890625 0.03125 0.044921875
0 0.2554687559604645 0.392578125 0.0328125 0.046875
0 0.2945312559604645 0.390625 0.0296875 0.046875
0 0.3343749940395355 0.388671875 0.03125 0.046875
0 0.3726562559604645 0.3876953125 0.0296875 0.044921875
0 0.41093748807907104 0.3857421875 0.03125 0.044921875
0 0.44921875 0.3837890625 0.0296875 0.044921875
0 0.4867187440395355 0.3828125 0.0296875 0.046875
0 0.5249999761581421 0.3798828125 0.028125 0.044921875
0 0.26093751192092896 0.453125 0.03125 0.046875
0 0.30000001192092896 0.451171875 0.03125 0.046875
0 0.33906251192092896 0.44921875 0.03125 0.046875
0 0.37812501192092896 0.447265625 0.03125 0.046875
0 0.4164062440395355 0.4453125 0.0296875 0.046875
0 0.4554687440395355 0.443359375 0.0296875 0.046875
0 0.49296873807907104 0.44140625 0.0296875 0.046875
0 0.530468761920929 0.4404296875 0.0296875 0.044921875
0 0.26640623807907104 0.513671875 0.0296875 0.046875
0 0.3062500059604645 0.51171875 0.03125 0.046875
0 0.3453125059604645 0.509765625 0.03125 0.046875
0 0.38359373807907104 0.505859375 0.0296875 0.046875
0 0.42265623807907104 0.5048828125 0.0296875 0.044921875
0 0.46015626192092896 0.5029296875 0.0296875 0.044921875
0 0.4984374940395355 0.5009765625 0.028125 0.044921875
0 0.53515625 0.4990234375 0.0265625 0.044921875
0 0.2718749940395355 0.5751953125 0.03125 0.044921875
0 0.3125 0.572265625 0.03125 0.046875
0 0.3515625 0.5703125 0.03125 0.046875
0 0.38984376192092896 0.568359375 0.0296875 0.046875
0 0.4281249940395355 0.5654296875 0.03125 0.044921875
0 0.4664062559604645 0.5625 0.0296875 0.046875
0 0.50390625 0.560546875 0.0296875 0.046875
0 0.5406249761581421 0.55859375 0.03125 0.046875
0 0.27812498807907104 0.63671875 0.03125 0.046875
0 0.31718748807907104 0.6328125 0.03125 0.046875
0 0.35624998807907104 0.630859375 0.03125 0.046875
0 0.3960937559604645 0.6279296875 0.0296875 0.044921875
0 0.43359375 0.625 0.0296875 0.046875
0 0.47265625 0.6220703125 0.0296875 0.044921875
0 0.5101562738418579 0.6201171875 0.0296875 0.044921875
0 0.546875 0.6181640625 0.03125 0.044921875
0 0.2828125059604645 0.697265625 0.03125 0.046875
0 0.32343751192092896 0.6953125 0.03125 0.046875
0 0.36250001192092896 0.69140625 0.03125 0.046875
0 0.4007812440395355 0.689453125 0.0296875 0.046875
0 0.4398437440395355 0.685546875 0.0296875 0.046875
0 0.47734373807907104 0.6826171875 0.0296875 0.044921875
0 0.515625 0.6796875 0.03125 0.046875
0 0.5531250238418579 0.677734375 0.03125 0.046875
0 0.28984373807907104 0.7587890625 0.0328125 0.048828125
0 0.32890623807907104 0.755859375 0.0296875 0.046875
0 0.36796873807907104 0.7529296875 0.0296875 0.048828125
0 0.40703123807907104 0.75 0.0296875 0.046875
0 0.44453126192092896 0.7470703125 0.0296875 0.044921875
0 0.48359376192092896 0.7431640625 0.0296875 0.044921875
0 0.5210937261581421 0.7392578125 0.0296875 0.044921875
0 0.55859375 0.7373046875 0.0265625 0.044921875
0 0.2953124940395355 0.8212890625 0.03125 0.048828125
0 0.3343749940395355 0.8173828125 0.03125 0.048828125
0 0.3734374940395355 0.8134765625 0.03125 0.048828125
0 0.4124999940395355 0.8115234375 0.03125 0.048828125
0 0.4507812559604645 0.8076171875 0.0296875 0.048828125
0 0.48828125 0.8037109375 0.0296875 0.048828125
0 0.52734375 0.80078125 0.0296875 0.046875
0 0.5640624761581421 0.796875 0.03125 0.05078125
