0 0.11015625298023224 0.2412109375 0.0390625 0.048828125
0 0.15078124403953552 0.2353515625 0.0390625 0.048828125
0 0.19296875596046448 0.2294921875 0.0390625 0.048828125
0 0.23203125596046448 0.2236328125 0.0390625 0.048828125
0 0.27265626192092896 0.2177734375 0.0390625 0.048828125
0 0.31171876192092896 0.2099609375 0.0390625 0.048828125
0 0.35078126192092896 0.2041015625 0.0390625 0.048828125
0 0.38984376192092896 0.1982421875 0.0390625 0.048828125
0 0.11953125149011612 0.2978515625 0.0390625 0.048828125
0 0.16015625 0.2900390625 0.0390625 0.048828125
0 0.20078125596046448 0.2841796875 0.0390625 0.048828125
0 0.24140624701976776 0.2783203125 0.0390625 0.048828125
0 0.28046876192092896 0.2724609375 0.0390625 0.048828125
0 0.32109373807907104 0.2646484375 0.0390625 0.048828125
0 0.36015623807907104 0.2587890625 0.0390625 0.048828125
0 0.39921873807907104 0.2529296875 0.0390625 0.048828125
0 0.12890625 0.3525390625 0.0390625 0.048828125
0 0.16953125596046448 0.3466796875 0.0390625 0.048828125
0 0.21015624701976776 0.3388671875 0.0390625 0.048828125
0 0.24921874701976776 0.3330078125 0.0390625 0.048828125
0 0.28984373807907104 0.3271484375 0.0390625 0.048828125
0 0.32890623807907104 0.3193359375 0.0390625 0.048828125
0 0.36796873807907104 0.3134765625 0.0390625 0.048828125
0 0.4085937440395355 0.3076171875 0.0390625 0.048828125
0 0.13671875 0.4091796875 0.0390625 0.048828125
0 0.17890624701976776 0.4013671875 0.0390625 0.048828125
0 0.21953125298023224 0.3955078125 0.0390625 0.048828125
0 0.25859373807907104 0.3876953125 0.0390625 0.048828125
0 0.2992187440395355 0.3818359375 0.0390625 0.048828125
0 0.3382812440395355 0.3740234375 0.0390625 0.048828125
0 0.3773437440395355 0.3681640625 0.0390625 0.048828125
0 0.4164062440395355 0.3623046875 0.0390625 0.048828125
0 0.14609375596046448 0.4638671875 0.0390625 0.048828125
0 0.18671874701976776 0.4580078125 0.0390625 0.048828125
0 0.22734375298023224 0.4501953125 0.0390625 0.048828125
0 0.2679687440395355 0.4423828125 0.0390625 0.048828125
0 0.3070312440395355 0.4365234375 0.0390625 0.048828125
0 0.34765625 0.4287109375 0.0390625 0.048828125
0 0.38671875 0.4228515625 0.0390625 0.048828125
0 0.42578125 0.4150390625 0.0390625 0.048828125
0 0.15546874701976776 0.5205078125 0.0390625 0.048828125
0 0.19609375298023224 0.5126953125 0.0390625 0.048828125
0 0.23671874403953552 0.5048828125 0.0390625 0.048828125
0 0.27734375 0.4970703125 0.0390625 0.048828125
0 0.31640625 0.4912109375 0.0390625 0.048828125
0 0.35546875 0.4833984375 0.0390625 0.048828125
0 0.39453125 0.4775390625 0.0390625 0.048828125
0 0.43359375 0.4697265625 0.0390625 0.048828125
0 0.16484375298023224 0.5751953125 0.0390625 0.048828125
0 0.20546874403953552 0.5673828125 0.0390625 0.048828125
0 0.24609375 0.5615234375 0.0390625 0.048828125
0 0.28515625 0.5537109375 0.0390625 0.048828125
0 0.3257812559604645 0.5458984375 0.0390625 0.048828125
0 0.3648437559604645 0.5380859375 0.0390625 0.048828125
0 0.4039062559604645 0.5302734375 0.0390625 0.048828125
0 0.4429687559604645 0.5244140625 0.0390625 0.048828125
0 0.17421874403953552 0.6318359375 0.0390625 0.048828125
0 0.21484375 0.6240234375 0.0390625 0.048828125
0 0.25390625 0.6162109375 0.0390625 0.048828125
0 0.2945312559604645 0.6083984375 0.0390625 0.048828125
0 0.3335937559604645 0.6005859375 0.0390625 0.048828125
0 0.37421876192092896 0.5927734375 0.0390625 0.048828125
0 0.41328126192092896 0.5849609375 0.0390625 0.048828125
0 0.45234376192092896 0.5771484375 0.0390625 0.048828125
0 0.18359375 0.6865234375 0.0390625 0.048828125
0 0.22421875596046448 0.6787109375 0.0390625 0.048828125
0 0.2632812559604645 0.6708984375 0.0390625 0.048828125
0 0.30390626192092896 0.6630859375 0.0390625 0.048828125
0 0.34296876192092896 0.6552734375 0.0390625 0.048828125
0 0.38203126192092896 0.6474609375 0.0390625 0.048828125
0 0.42265623807907104 0.6396484375 0.0390625 0.048828125
0 0.46015626192092896 0.6318359375 0.0390625 0.048828125
0 0.19140625 0.7431640625 0.0390625 0.048828125
0 0.23203125596046448 0.7353515625 0.0390625 0.048828125
0 0.27265626192092896 0.7275390625 0.0390625 0.048828125
0 0.31328123807907104 0.7197265625 0.0390625 0.048828125
0 0.35234373807907104 0.7099609375 0.0390625 0.048828125
0 0.39140623807907104 0.7021484375 0.0390625 0.048828125
0 0.43046873807907104 0.6943359375 0.0390625 0.048828125
0 0.46953123807907104 0.6865234375 0.0390625 0.048828125
0 0.20078125596046448 0.7998046875 0.0390625 0.048828125
0 0.24140624701976776 0.7919921875 0.0390625 0.048828125
0 0.28203123807907104 0.7822265625 0.0390625 0.048828125
0 0.32109373807907104 0.7744140625 0.0390625 0.048828125
0 0.3617187440395355 0.7666015625 0.0390625 0.048828125
0 0.4007812440395355 0.7587890625 0.0390625 0.048828125
0 0.4398437440395355 0.7490234375 0.0390625 0.048828125
0 0.4789062440395355 0.7412109375 0.0390625 0.048828125
