0 0.2914062440395355 0.4658203125 0.0390625 0.048828125
0 0.3226562440395355 0.4326171875 0.0390625 0.048828125
0 0.35234373807907104 0.3974609375 0.0390625 0.048828125
0 0.38359373807907104 0.3623046875 0.0390625 0.048828125
0 0.41328126192092896 0.3291015625 0.0390625 0.048828125
0 0.4429687559604645 0.2939453125 0.0390625 0.048828125
0 0.47265625 0.2607421875 0.0390625 0.048828125
0 0.5023437738418579 0.2275390625 0.0390625 0.048828125
0 0.32109373807907104 0.5048828125 0.0390625 0.048828125
0 0.35234373807907104 0.4716796875 0.0390625 0.048828125
0 0.38359373807907104 0.4365234375 0.0390625 0.048828125
0 0.41328126192092896 0.4033203125 0.0390625 0.048828125
0 0.4429687559604645 0.3681640625 0.0390625 0.048828125
0 0.4742187559604645 0.3349609375 0.0390625 0.048828125
0 0.5023437738418579 0.2998046875 0.0390625 0.048828125
0 0.532031238079071 0.2666015625 0.0390625 0.048828125
0 0.35234373807907104 0.5458984375 0.0390625 0.048828125
0 0.38203126192092896 0.5107421875 0.0390625 0.048828125
0 0.41328126192092896 0.4755859375 0.0390625 0.048828125
0 0.4429687559604645 0.4423828125 0.0390625 0.048828125
0 0.4742187559604645 0.4072265625 0.0390625 0.048828125
0 0.50390625 0.3740234375 0.0390625 0.048828125
0 0.5335937738418579 0.3388671875 0.0390625 0.048828125
0 0.563281238079071 0.3056640625 0.0390625 0.048828125
0 0.38203126192092896 0.5849609375 0.0390625 0.048828125
0 0.4117187559604645 0.5498046875 0.0390625 0.048828125
0 0.4429687559604645 0.5166015625 0.0390625 0.048828125
0 0.47265625 0.4814453125 0.0390625 0.048828125
0 0.50390625 0.4482421875 0.0390625 0.048828125
0 0.5335937738418579 0.4130859375 0.0390625 0.048828125
0 0.563281238079071 0.3798828125 0.0390625 0.048828125
0 0.592968761920929 0.3447265625 0.0390625 0.048828125
0 0.4117187559604645 0.6259765625 0.0390625 0.048828125
0 0.4429687559604645 0.5908203125 0.0390625 0.048828125
0 0.47265625 0.5556640625 0.0390625 0.048828125
0 0.5023437738418579 0.5224609375 0.0390625 0.048828125
0 0.5335937738418579 0.4873046875 0.0390625 0.048828125
0 0.563281238079071 0.4541015625 0.0390625 0.048828125
0 0.592968761920929 0.4189453125 0.0390625 0.048828125
0 0.6226562261581421 0.3857421875 0.0390625 0.048828125
0 0.44140625 0.6650390625 0.0390625 0.048828125
0 0.47265625 0.6318359375 0.0390625 0.048828125
0 0.5023437738418579 0.5966796875 0.0390625 0.048828125
0 0.5335937738418579 0.5615234375 0.0390625 0.048828125
0 0.563281238079071 0.5283203125 0.0390625 0.048828125
0 0.592968761920929 0.4931640625 0.0390625 0.048828125
0 0.6226562261581421 0.4599609375 0.0390625 0.048828125
0 0.65234375 0.4248046875 0.0390625 0.048828125
0 0.4710937440395355 0.7060546875 0.0390625 0.048828125
0 0.5023437738418579 0.6708984375 0.0390625 0.048828125
0 0.532031238079071 0.6376953125 0.0390625 0.048828125
0 0.563281238079071 0.6025390625 0.0390625 0.048828125
0 0.592968761920929 0.5673828125 0.0390625 0.048828125
0 0.6226562261581421 0.5341796875 0.0390625 0.048828125
0 0.6539062261581421 0.4990234375 0.0390625 0.048828125
0 0.68359375 0.4658203125 0.0390625 0.048828125
0 0.500781238079071 0.7470703125 0.0390625 0.048828125
0 0.532031238079071 0.7119140625 0.0390625 0.048828125
0 0.561718761920929 0.6787109375 0.0390625 0.048828125
0 0.592968761920929 0.6435546875 0.0390625 0.048828125
0 0.6226562261581421 0.6083984375 0.0390625 0.048828125
0 0.6539062261581421 0.5732421875 0.0390625 0.048828125
0 0.68359375 0.5400390625 0.0390625 0.048828125
0 0.7132812738418579 0.5048828125 0.0390625 0.048828125
0 0.530468761920929 0.7880859375 0.0390625 0.048828125
0 0.561718761920929 0.7529296875 0.0390625 0.048828125
0 0.5914062261581421 0.7197265625 0.0390625 0.048828125
0 0.6226562261581421 0.6845703125 0.0390625 0.048828125
0 0.65234375 0.6494140625 0.0390625 0.048828125
0 0.68359375 0.6142578125 0.0390625 0.048828125
0 0.7132812738418579 0.5791015625 0.0390625 0.048828125
0 0.742968738079071 0.5458984375 0.0390625 0.048828125
0 0.5601562261581421 0.8291015625 0.0390625 0.048828125
0 0.58984375 0.7939453125 0.0390625 0.048828125
0 0.62109375 0.7607421875 0.0390625 0.048828125
0 0.65234375 0.7255859375 0.0390625 0.048828125
0 0.6820312738418579 0.6904296875 0.0390625 0.048828125
0 0.711718738079071 0.6552734375 0.0390625 0.048828125
0 0.742968738079071 0.6201171875 0.0390625 0.048828125
0 0.772656261920929 0.5869140625 0.0390625 0.048828125
0 0.58984375 0.8720703125 0.0390625 0.048828125
0 0.62109375 0.8369140625 0.0390625 0.048828125
0 0.6507812738418579 0.8017578125 0.0390625 0.048828125
0 0.6820312738418579 0.7666015625 0.0390625 0.048828125
0 0.711718738079071 0.7314453125 0.0390625 0.048828125
0 0.742968738079071 0.6962890625 0.0390625 0.048828125
0 0.772656261920929 0.6611328125 0.0390625 0.048828125
0 0.8023437261581421 0.6279296875 0.0390625 0.048828125
