0 0.5835937261581421 0.1904296875 0.0390625 0.048828125
0 0.5414062738418579 0.1962890625 0.0390625 0.048828125
0 0.500781238079071 0.2021484375 0.0390625 0.048828125
0 0.46015626192092896 0.2080078125 0.0390625 0.048828125
0 0.4195312559604645 0.2158203125 0.0390625 0.048828125
0 0.37890625 0.2216796875 0.0390625 0.048828125
0 0.33984375 0.2275390625 0.0390625 0.048828125
0 0.30078125 0.2333984375 0.0390625 0.048828125
0 0.5835937261581421 0.2509765625 0.0390625 0.048828125
0 0.54296875 0.2568359375 0.0390625 0.048828125
0 0.500781238079071 0.2626953125 0.0390625 0.048828125
0 0.46015626192092896 0.2685546875 0.0390625 0.048828125
0 0.42109376192092896 0.2744140625 0.0390625 0.048828125
0 0.3804687559604645 0.2802734375 0.0390625 0.048828125
0 0.33984375 0.2861328125 0.0390625 0.048828125
0 0.30078125 0.2919921875 0.0390625 0.048828125
0 0.585156261920929 0.3115234375 0.0390625 0.048828125
0 0.54296875 0.3173828125 0.0390625 0.048828125
0 0.5023437738418579 0.3232421875 0.0390625 0.048828125
0 0.46171873807907104 0.3291015625 0.0390625 0.048828125
0 0.42109376192092896 0.3349609375 0.0390625 0.048828125
0 0.3804687559604645 0.3408203125 0.0390625 0.048828125
0 0.3414062559604645 0.3466796875 0.0390625 0.048828125
0 0.30078125 0.3525390625 0.0390625 0.048828125
0 0.585156261920929 0.3720703125 0.0390625 0.048828125
0 0.5445312261581421 0.3779296875 0.0390625 0.048828125
0 0.5023437738418579 0.3837890625 0.0390625 0.048828125
0 0.46171873807907104 0.3896484375 0.0390625 0.048828125
0 0.42109376192092896 0.3935546875 0.0390625 0.048828125
0 0.3804687559604645 0.3994140625 0.0390625 0.048828125
0 0.3414062559604645 0.4052734375 0.0390625 0.048828125
0 0.30078125 0.4111328125 0.0390625 0.048828125
0 0.585156261920929 0.4326171875 0.0390625 0.048828125
0 0.5445312261581421 0.4384765625 0.0390625 0.048828125
0 0.5023437738418579 0.4423828125 0.0390625 0.048828125
0 0.46171873807907104 0.4482421875 0.0390625 0.048828125
0 0.42265623807907104 0.4541015625 0.0390625 0.048828125
0 0.38203126192092896 0.4599609375 0.0390625 0.048828125
0 0.3414062559604645 0.4638671875 0.0390625 0.048828125
0 0.3023437559604645 0.4697265625 0.0390625 0.048828125
0 0.586718738079071 0.4931640625 0.0390625 0.048828125
0 0.5445312261581421 0.4990234375 0.0390625 0.048828125
0 0.50390625 0.5029296875 0.0390625 0.048828125
0 0.4632812440395355 0.5087890625 0.0390625 0.048828125
0 0.42265623807907104 0.5146484375 0.0390625 0.048828125
0 0.38203126192092896 0.5185546875 0.0390625 0.048828125
0 0.34296876192092896 0.5244140625 0.0390625 0.048828125
0 0.3023437559604645 0.5302734375 0.0390625 0.048828125
0 0.586718738079071 0.5537109375 0.0390625 0.048828125
0 0.546093761920929 0.5595703125 0.0390625 0.048828125
0 0.50390625 0.5634765625 0.0390625 0.048828125
0 0.4632812440395355 0.5693359375 0.0390625 0.048828125
0 0.42265623807907104 0.5732421875 0.0390625 0.048828125
0 0.38203126192092896 0.5791015625 0.0390625 0.048828125
0 0.34296876192092896 0.5830078125 0.0390625 0.048828125
0 0.3023437559604645 0.5888671875 0.0390625 0.048828125
0 0.5882812738418579 0.6162109375 0.0390625 0.048828125
0 0.546093761920929 0.6201171875 0.0390625 0.048828125
0 0.5054687261581421 0.6240234375 0.0390625 0.048828125
0 0.46484375 0.6298828125 0.0390625 0.048828125
0 0.4242187440395355 0.6337890625 0.0390625 0.048828125
0 0.38359373807907104 0.6396484375 0.0390625 0.048828125
0 0.34296876192092896 0.6435546875 0.0390625 0.048828125
0 0.30390626192092896 0.6494140625 0.0390625 0.048828125
0 0.58984375 0.6767578125 0.0390625 0.048828125
0 0.547656238079071 0.6806640625 0.0390625 0.048828125
0 0.5054687261581421 0.6865234375 0.0390625 0.048828125
0 0.46484375 0.6904296875 0.0390625 0.048828125
0 0.4242187440395355 0.6943359375 0.0390625 0.048828125
0 0.38359373807907104 0.7001953125 0.0390625 0.048828125
0 0.34296876192092896 0.7041015625 0.0390625 0.048828125
0 0.3023437559604645 0.7080078125 0.0390625 0.048828125
0 0.58984375 0.7392578125 0.0390625 0.048828125
0 0.5492187738418579 0.7431640625 0.0390625 0.048828125
0 0.507031261920929 0.7470703125 0.0390625 0.048828125
0 0.4664062559604645 0.7509765625 0.0390625 0.048828125
0 0.4242187440395355 0.7548828125 0.0390625 0.048828125
0 0.38359373807907104 0.7607421875 0.0390625 0.048828125
0 0.34296876192092896 0.7646484375 0.0390625 0.048828125
0 0.30390626192092896 0.7685546875 0.0390625 0.048828125
0 0.5914062261581421 0.7998046875 0.0390625 0.048828125
0 0.547656238079071 0.8037109375 0.0390625 0.048828125
0 0.507031261920929 0.8076171875 0.0390625 0.048828125
0 0.4664062559604645 0.8115234375 0.0390625 0.048828125
0 0.4242187440395355 0.8154296875 0.0390625 0.048828125
0 0.38359373807907104 0.8212890625 0.0390625 0.048828125
0 0.34296876192092896 0.8251953125 0.0390625 0.048828125
0 0.30390626192092896 0.8291015625 0.0390625 0.048828125
