0 0.29296875 0.4892578125 0.0390625 0.048828125
0 0.31171876192092896 0.4404296875 0.0390625 0.048828125
0 0.32890623807907104 0.3916015625 0.0390625 0.048828125
0 0.34765625 0.3427734375 0.0390625 0.048828125
0 0.3648437559604645 0.2939453125 0.0390625 0.048828125
0 0.38359373807907104 0.2451171875 0.0390625 0.048828125
0 0.4007812440395355 0.1962890625 0.0390625 0.048828125
0 0.41796875 0.1474609375 0.0390625 0.048828125
0 0.3304687440395355 0.5087890625 0.0390625 0.048828125
0 0.3492187559604645 0.4599609375 0.0390625 0.048828125
0 0.36796873807907104 0.4111328125 0.0390625 0.048828125
0 0.3851562440395355 0.3623046875 0.0390625 0.048828125
0 0.4039062559604645 0.3134765625 0.0390625 0.048828125
0 0.42109376192092896 0.2646484375 0.0390625 0.048828125
0 0.4398437440395355 0.2158203125 0.0390625 0.048828125
0 0.45703125 0.1669921875 0.0390625 0.048828125
0 0.36796873807907104 0.5302734375 0.0390625 0.048828125
0 0.38671875 0.4794921875 0.0390625 0.048828125
0 0.40546876192092896 0.4306640625 0.0390625 0.048828125
0 0.4242187440395355 0.3818359375 0.0390625 0.048828125
0 0.44140625 0.3330078125 0.0390625 0.048828125
0 0.46015626192092896 0.2841796875 0.0390625 0.048828125
0 0.47734373807907104 0.2353515625 0.0390625 0.048828125
0 0.4945312440395355 0.1845703125 0.0390625 0.048828125
0 0.40546876192092896 0.5498046875 0.0390625 0.048828125
0 0.4242187440395355 0.5009765625 0.0390625 0.048828125
0 0.4429687559604645 0.4521484375 0.0390625 0.048828125
0 0.46171873807907104 0.4033203125 0.0390625 0.048828125
0 0.48046875 0.3525390625 0.0390625 0.048828125
0 0.4976562559604645 0.3037109375 0.0390625 0.048828125
0 0.516406238079071 0.2548828125 0.0390625 0.048828125
0 0.5335937738418579 0.2041015625 0.0390625 0.048828125
0 0.44453126192092896 0.5712890625 0.0390625 0.048828125
0 0.4632812440395355 0.5205078125 0.0390625 0.048828125
0 0.4820312559604645 0.4716796875 0.0390625 0.048828125
0 0.500781238079071 0.4228515625 0.0390625 0.048828125
0 0.5179687738418579 0.3720703125 0.0390625 0.048828125
0 0.5367187261581421 0.3232421875 0.0390625 0.048828125
0 0.553906261920929 0.2744140625 0.0390625 0.048828125
0 0.5726562738418579 0.2236328125 0.0390625 0.048828125
0 0.4820312559604645 0.5908203125 0.0390625 0.048828125
0 0.500781238079071 0.5419921875 0.0390625 0.048828125
0 0.51953125 0.4931640625 0.0390625 0.048828125
0 0.538281261920929 0.4423828125 0.0390625 0.048828125
0 0.5570312738418579 0.3935546875 0.0390625 0.048828125
0 0.5757812261581421 0.3427734375 0.0390625 0.048828125
0 0.592968761920929 0.2939453125 0.0390625 0.048828125
0 0.610156238079071 0.2431640625 0.0390625 0.048828125
0 0.5210937261581421 0.6123046875 0.0390625 0.048828125
0 0.539843738079071 0.5634765625 0.0390625 0.048828125
0 0.55859375 0.5126953125 0.0390625 0.048828125
0 0.577343761920929 0.4638671875 0.0390625 0.048828125
0 0.5960937738418579 0.4130859375 0.0390625 0.048828125
0 0.61328125 0.3642578125 0.0390625 0.048828125
0 0.632031261920929 0.3134765625 0.0390625 0.048828125
0 0.6507812738418579 0.2626953125 0.0390625 0.048828125
0 0.5601562261581421 0.6337890625 0.0390625 0.048828125
0 0.578906238079071 0.5849609375 0.0390625 0.048828125
0 0.59765625 0.5341796875 0.0390625 0.048828125
0 0.616406261920929 0.4833984375 0.0390625 0.048828125
0 0.6351562738418579 0.4345703125 0.0390625 0.048828125
0 0.65234375 0.3837890625 0.0390625 0.048828125
0 0.671093761920929 0.3330078125 0.0390625 0.048828125
0 0.6898437738418579 0.2841796875 0.0390625 0.048828125
0 0.59765625 0.6552734375 0.0390625 0.048828125
0 0.617968738079071 0.6064453125 0.0390625 0.048828125
0 0.63671875 0.5556640625 0.0390625 0.048828125
0 0.655468761920929 0.5048828125 0.0390625 0.048828125
0 0.6742187738418579 0.4560546875 0.0390625 0.048828125
0 0.69140625 0.4052734375 0.0390625 0.048828125
0 0.710156261920929 0.3544921875 0.0390625 0.048828125
0 0.7289062738418579 0.3037109375 0.0390625 0.048828125
0 0.63671875 0.6767578125 0.0390625 0.048828125
0 0.657031238079071 0.6279296875 0.0390625 0.048828125
0 0.67578125 0.5771484375 0.0390625 0.048828125
0 0.694531261920929 0.5263671875 0.0390625 0.048828125
0 0.7132812738418579 0.4755859375 0.0390625 0.048828125
0 0.7320312261581421 0.4248046875 0.0390625 0.048828125
0 0.750781238079071 0.3740234375 0.0390625 0.048828125
0 0.7679687738418579 0.3232421875 0.0390625 0.048828125
0 0.67578125 0.7001953125 0.0390625 0.048828125
0 0.696093738079071 0.6494140625 0.0390625 0.048828125
0 0.71484375 0.5986328125 0.0390625 0.048828125
0 0.733593761920929 0.5478515625 0.0390625 0.048828125
0 0.7523437738418579 0.4970703125 0.0390625 0.048828125
0 0.7710937261581421 0.4462890625 0.0390625 0.048828125
0 0.789843738079071 0.3955078125 0.0390625 0.048828125
0 0.80859375 0.3427734375 0.0390625 0.048828125
