0 0.30546873807907104 0.2138671875 0.0390625 0.048828125
0 0.3539062440395355 0.2099609375 0.0390625 0.048828125
0 0.40234375 0.2060546875 0.0390625 0.048828125
0 0.4507812559604645 0.2021484375 0.0390625 0.048828125
0 0.49921876192092896 0.1982421875 0.0390625 0.048828125
0 0.547656238079071 0.1943359375 0.0390625 0.048828125
0 0.594531238079071 0.1904296875 0.0390625 0.048828125
0 0.6429687738418579 0.1845703125 0.0390625 0.048828125
0 0.3101562559604645 0.2744140625 0.0390625 0.048828125
0 0.35859376192092896 0.2705078125 0.0390625 0.048828125
0 0.40703123807907104 0.2666015625 0.0390625 0.048828125
0 0.4554687440395355 0.2626953125 0.0390625 0.048828125
0 0.5023437738418579 0.2587890625 0.0390625 0.048828125
0 0.55078125 0.2529296875 0.0390625 0.048828125
0 0.5992187261581421 0.2490234375 0.0390625 0.048828125
0 0.647656261920929 0.2451171875 0.0390625 0.048828125
0 0.31328123807907104 0.3349609375 0.0390625 0.048828125
0 0.3617187440395355 0.3310546875 0.0390625 0.048828125
0 0.41015625 0.3271484375 0.0390625 0.048828125
0 0.4585937559604645 0.3212890625 0.0390625 0.048828125
0 0.507031261920929 0.3173828125 0.0390625 0.048828125
0 0.555468738079071 0.3134765625 0.0390625 0.048828125
0 0.6039062738418579 0.3095703125 0.0390625 0.048828125
0 0.6507812738418579 0.3056640625 0.0390625 0.048828125
0 0.3179687559604645 0.3955078125 0.0390625 0.048828125
0 0.36640626192092896 0.3896484375 0.0390625 0.048828125
0 0.41484373807907104 0.3857421875 0.0390625 0.048828125
0 0.4632812440395355 0.3818359375 0.0390625 0.048828125
0 0.5101562738418579 0.3779296875 0.0390625 0.048828125
0 0.55859375 0.3740234375 0.0390625 0.048828125
0 0.6070312261581421 0.3701171875 0.0390625 0.048828125
0 0.655468761920929 0.3642578125 0.0390625 0.048828125
0 0.32109373807907104 0.4541015625 0.0390625 0.048828125
0 0.3695312440395355 0.4501953125 0.0390625 0.048828125
0 0.41796875 0.4462890625 0.0390625 0.048828125
0 0.4664062559604645 0.4423828125 0.0390625 0.048828125
0 0.514843761920929 0.4384765625 0.0390625 0.048828125
0 0.563281238079071 0.4326171875 0.0390625 0.048828125
0 0.6117187738418579 0.4287109375 0.0390625 0.048828125
0 0.66015625 0.4248046875 0.0390625 0.048828125
0 0.3257812559604645 0.5146484375 0.0390625 0.048828125
0 0.37421876192092896 0.5107421875 0.0390625 0.048828125
0 0.42265623807907104 0.5068359375 0.0390625 0.048828125
0 0.4710937440395355 0.5029296875 0.0390625 0.048828125
0 0.51953125 0.4970703125 0.0390625 0.048828125
0 0.56640625 0.4931640625 0.0390625 0.048828125
0 0.6148437261581421 0.4892578125 0.0390625 0.048828125
0 0.663281261920929 0.4853515625 0.0390625 0.048828125
0 0.32890623807907104 0.5751953125 0.0390625 0.048828125
0 0.3773437440395355 0.5712890625 0.0390625 0.048828125
0 0.42578125 0.5673828125 0.0390625 0.048828125
0 0.4742187559604645 0.5615234375 0.0390625 0.048828125
0 0.522656261920929 0.5576171875 0.0390625 0.048828125
0 0.571093738079071 0.5537109375 0.0390625 0.048828125
0 0.6195312738418579 0.5498046875 0.0390625 0.048828125
0 0.66796875 0.5458984375 0.0390625 0.048828125
0 0.3335937559604645 0.6357421875 0.0390625 0.048828125
0 0.38203126192092896 0.6318359375 0.0390625 0.048828125
0 0.43046873807907104 0.6279296875 0.0390625 0.048828125
0 0.4789062440395355 0.6220703125 0.0390625 0.048828125
0 0.52734375 0.6181640625 0.0390625 0.048828125
0 0.5757812261581421 0.6142578125 0.0390625 0.048828125
0 0.624218761920929 0.6103515625 0.0390625 0.048828125
0 0.672656238079071 0.6044921875 0.0390625 0.048828125
0 0.33671873807907104 0.6962890625 0.0390625 0.048828125
0 0.3851562440395355 0.6923828125 0.0390625 0.048828125
0 0.43359375 0.6884765625 0.0390625 0.048828125
0 0.4820312559604645 0.6826171875 0.0390625 0.048828125
0 0.530468761920929 0.6787109375 0.0390625 0.048828125
0 0.578906238079071 0.6748046875 0.0390625 0.048828125
0 0.6273437738418579 0.6708984375 0.0390625 0.048828125
0 0.67578125 0.6669921875 0.0390625 0.048828125
0 0.3414062559604645 0.7587890625 0.0390625 0.048828125
0 0.38984376192092896 0.7529296875 0.0390625 0.048828125
0 0.43828123807907104 0.7490234375 0.0390625 0.048828125
0 0.4867187440395355 0.7451171875 0.0390625 0.048828125
0 0.53515625 0.7392578125 0.0390625 0.048828125
0 0.5835937261581421 0.7353515625 0.0390625 0.048828125
0 0.632031261920929 0.7314453125 0.0390625 0.048828125
0 0.680468738079071 0.7275390625 0.0390625 0.048828125
0 0.34453123807907104 0.8193359375 0.0390625 0.048828125
0 0.3929687440395355 0.8154296875 0.0390625 0.048828125
0 0.4429687559604645 0.8095703125 0.0390625 0.048828125
0 0.49140626192092896 0.8056640625 0.0390625 0.048828125
0 0.539843738079071 0.8017578125 0.0390625 0.048828125
0 0.5882812738418579 0.7958984375 0.0390625 0.048828125
0 0.63671875 0.7919921875 0.0390625 0.048828125
0 0.6851562261581421 0.7880859375 0.0390625 0.048828125
