0 0.2835937440395355 0.4150390625 0.0390625 0.048828125
0 0.28515625 0.4716796875 0.0390625 0.048828125
0 0.28828126192092896 0.5263671875 0.0390625 0.048828125
0 0.28984373807907104 0.5830078125 0.0390625 0.048828125
0 0.2945312559604645 0.6396484375 0.0390625 0.048828125
0 0.29765623807907104 0.6943359375 0.0390625 0.048828125
0 0.30078125 0.7509765625 0.0390625 0.048828125
0 0.30546873807907104 0.8056640625 0.0390625 0.048828125
0 0.3257812559604645 0.4130859375 0.0390625 0.048828125
0 0.32890623807907104 0.4697265625 0.0390625 0.048828125
0 0.3304687440395355 0.5263671875 0.0390625 0.048828125
0 0.3335937559604645 0.5810546875 0.0390625 0.048828125
0 0.33671873807907104 0.6357421875 0.0390625 0.048828125
0 0.33984375 0.6923828125 0.0390625 0.048828125
0 0.34453123807907104 0.7470703125 0.0390625 0.048828125
0 0.34765625 0.8037109375 0.0390625 0.048828125
0 0.3695312440395355 0.4111328125 0.0390625 0.048828125
0 0.37109375 0.4677734375 0.0390625 0.048828125
0 0.37421876192092896 0.5224609375 0.0390625 0.048828125
0 0.3773437440395355 0.5791015625 0.0390625 0.048828125
0 0.3804687559604645 0.6337890625 0.0390625 0.048828125
0 0.38359373807907104 0.6904296875 0.0390625 0.048828125
0 0.38671875 0.7451171875 0.0390625 0.048828125
0 0.39140623807907104 0.7998046875 0.0390625 0.048828125
0 0.41328126192092896 0.4091796875 0.0390625 0.048828125
0 0.41484373807907104 0.4658203125 0.0390625 0.048828125
0 0.41796875 0.5205078125 0.0390625 0.048828125
0 0.4195312559604645 0.5771484375 0.0390625 0.048828125
0 0.42265623807907104 0.6318359375 0.0390625 0.048828125
0 0.4273437559604645 0.6865234375 0.0390625 0.048828125
0 0.43046873807907104 0.7412109375 0.0390625 0.048828125
0 0.4351562559604645 0.7978515625 0.0390625 0.048828125
0 0.4554687440395355 0.4072265625 0.0390625 0.048828125
0 0.4585937559604645 0.4638671875 0.0390625 0.048828125
0 0.46015626192092896 0.5185546875 0.0390625 0.048828125
0 0.4632812440395355 0.5732421875 0.0390625 0.048828125
0 0.4664062559604645 0.6298828125 0.0390625 0.048828125
0 0.46953123807907104 0.6845703125 0.0390625 0.048828125
0 0.4742187559604645 0.7392578125 0.0390625 0.048828125
0 0.47734373807907104 0.7939453125 0.0390625 0.048828125
0 0.49921876192092896 0.4052734375 0.0390625 0.048828125
0 0.5023437738418579 0.4619140625 0.0390625 0.048828125
0 0.50390625 0.5166015625 0.0390625 0.048828125
0 0.507031261920929 0.5712890625 0.0390625 0.048828125
0 0.5101562738418579 0.6259765625 0.0390625 0.048828125
0 0.5132812261581421 0.6806640625 0.0390625 0.048828125
0 0.5179687738418579 0.7373046875 0.0390625 0.048828125
0 0.5210937261581421 0.7919921875 0.0390625 0.048828125
0 0.5445312261581421 0.4033203125 0.0390625 0.048828125
0 0.546093761920929 0.4599609375 0.0390625 0.048828125
0 0.547656238079071 0.5146484375 0.0390625 0.048828125
0 0.55078125 0.5693359375 0.0390625 0.048828125
0 0.553906261920929 0.6240234375 0.0390625 0.048828125
0 0.5570312738418579 0.6787109375 0.0390625 0.048828125
0 0.561718761920929 0.7333984375 0.0390625 0.048828125
0 0.5648437738418579 0.7900390625 0.0390625 0.048828125
0 0.5882812738418579 0.4013671875 0.0390625 0.048828125
0 0.58984375 0.4560546875 0.0390625 0.048828125
0 0.592968761920929 0.5126953125 0.0390625 0.048828125
0 0.594531238079071 0.5673828125 0.0390625 0.048828125
0 0.59765625 0.6220703125 0.0390625 0.048828125
0 0.600781261920929 0.6767578125 0.0390625 0.048828125
0 0.60546875 0.7314453125 0.0390625 0.048828125
0 0.608593761920929 0.7861328125 0.0390625 0.048828125
0 0.632031261920929 0.3994140625 0.0390625 0.048828125
0 0.633593738079071 0.4541015625 0.0390625 0.048828125
0 0.63671875 0.5087890625 0.0390625 0.048828125
0 0.639843761920929 0.5654296875 0.0390625 0.048828125
0 0.6429687738418579 0.6201171875 0.0390625 0.048828125
0 0.6460937261581421 0.6748046875 0.0390625 0.048828125
0 0.649218738079071 0.7294921875 0.0390625 0.048828125
0 0.65234375 0.7841796875 0.0390625 0.048828125
0 0.6773437261581421 0.3974609375 0.0390625 0.048828125
0 0.678906261920929 0.4521484375 0.0390625 0.048828125
0 0.680468738079071 0.5068359375 0.0390625 0.048828125
0 0.68359375 0.5634765625 0.0390625 0.048828125
0 0.686718761920929 0.6181640625 0.0390625 0.048828125
0 0.6898437738418579 0.6728515625 0.0390625 0.048828125
0 0.6929687261581421 0.7275390625 0.0390625 0.048828125
0 0.6976562738418579 0.7822265625 0.0390625 0.048828125
0 0.7210937738418579 0.3955078125 0.0390625 0.048828125
0 0.72265625 0.4501953125 0.0390625 0.048828125
0 0.725781261920929 0.5068359375 0.0390625 0.048828125
0 0.727343738079071 0.5615234375 0.0390625 0.048828125
0 0.7320312261581421 0.6162109375 0.0390625 0.048828125
0 0.733593761920929 0.6708984375 0.0390625 0.048828125
0 0.73828125 0.7255859375 0.0390625 0.048828125
0 0.741406261920929 0.7802734375 0.0390625 0.048828125
