0 0.5023437738418579 0.2548828125 0.0390625 0.048828125
0 0.547656238079071 0.2509765625 0.0390625 0.048828125
0 0.592968761920929 0.2470703125 0.0390625 0.048828125
0 0.6382812261581421 0.2431640625 0.0390625 0.048828125
0 0.68359375 0.2392578125 0.0390625 0.048828125
0 0.7289062738418579 0.2353515625 0.0390625 0.048828125
0 0.774218738079071 0.2314453125 0.0390625 0.048828125
0 0.819531261920929 0.2275390625 0.0390625 0.048828125
0 0.50390625 0.3115234375 0.0390625 0.048828125
0 0.5492187738418579 0.3076171875 0.0390625 0.048828125
0 0.594531238079071 0.3037109375 0.0390625 0.048828125
0 0.639843761920929 0.2998046875 0.0390625 0.048828125
0 0.6851562261581421 0.2958984375 0.0390625 0.048828125
0 0.73046875 0.2919921875 0.0390625 0.048828125
0 0.77734375 0.2880859375 0.0390625 0.048828125
0 0.8226562738418579 0.2841796875 0.0390625 0.048828125
0 0.507031261920929 0.3681640625 0.0390625 0.048828125
0 0.5523437261581421 0.3642578125 0.0390625 0.048828125
0 0.59765625 0.3603515625 0.0390625 0.048828125
0 0.6429687738418579 0.3564453125 0.0390625 0.048828125
0 0.688281238079071 0.3525390625 0.0390625 0.048828125
0 0.733593761920929 0.3486328125 0.0390625 0.048828125
0 0.7789062261581421 0.3447265625 0.0390625 0.048828125
0 0.8257812261581421 0.3408203125 0.0390625 0.048828125
0 0.5101562738418579 0.4248046875 0.0390625 0.048828125
0 0.555468738079071 0.4208984375 0.0390625 0.048828125
0 0.5992187261581421 0.4169921875 0.0390625 0.048828125
0 0.64453125 0.4130859375 0.0390625 0.048828125
0 0.6898437738418579 0.4091796875 0.0390625 0.048828125
0 0.7367187738418579 0.4052734375 0.0390625 0.048828125
0 0.782031238079071 0.4013671875 0.0390625 0.048828125
0 0.827343761920929 0.3974609375 0.0390625 0.048828125
0 0.51171875 0.4814453125 0.0390625 0.048828125
0 0.5570312738418579 0.4775390625 0.0390625 0.048828125
0 0.602343738079071 0.4736328125 0.0390625 0.048828125
0 0.647656261920929 0.4697265625 0.0390625 0.048828125
0 0.6929687261581421 0.4658203125 0.0390625 0.048828125
0 0.73828125 0.4619140625 0.0390625 0.048828125
0 0.7835937738418579 0.4580078125 0.0390625 0.048828125
0 0.8304687738418579 0.4541015625 0.0390625 0.048828125
0 0.514843761920929 0.5380859375 0.0390625 0.048828125
0 0.5601562261581421 0.5341796875 0.0390625 0.048828125
0 0.60546875 0.5302734375 0.0390625 0.048828125
0 0.6507812738418579 0.5263671875 0.0390625 0.048828125
0 0.696093738079071 0.5224609375 0.0390625 0.048828125
0 0.741406261920929 0.5185546875 0.0390625 0.048828125
0 0.7867187261581421 0.5146484375 0.0390625 0.048828125
0 0.8335937261581421 0.5107421875 0.0390625 0.048828125
0 0.5179687738418579 0.5947265625 0.0390625 0.048828125
0 0.563281238079071 0.5908203125 0.0390625 0.048828125
0 0.608593761920929 0.5869140625 0.0390625 0.048828125
0 0.6539062261581421 0.5830078125 0.0390625 0.048828125
0 0.69921875 0.5791015625 0.0390625 0.048828125
0 0.7445312738418579 0.5751953125 0.0390625 0.048828125
0 0.789843738079071 0.5712890625 0.0390625 0.048828125
0 0.836718738079071 0.5673828125 0.0390625 0.048828125
0 0.5210937261581421 0.6513671875 0.0390625 0.048828125
0 0.56640625 0.6474609375 0.0390625 0.048828125
0 0.6117187738418579 0.6435546875 0.0390625 0.048828125
0 0.657031238079071 0.6396484375 0.0390625 0.048828125
0 0.702343761920929 0.6357421875 0.0390625 0.048828125
0 0.7476562261581421 0.6318359375 0.0390625 0.048828125
0 0.79296875 0.6279296875 0.0390625 0.048828125
0 0.83984375 0.6240234375 0.0390625 0.048828125
0 0.524218738079071 0.7080078125 0.0390625 0.048828125
0 0.569531261920929 0.7041015625 0.0390625 0.048828125
0 0.6148437261581421 0.7001953125 0.0390625 0.048828125
0 0.66015625 0.6962890625 0.0390625 0.048828125
0 0.7054687738418579 0.6923828125 0.0390625 0.048828125
0 0.750781238079071 0.6884765625 0.0390625 0.048828125
0 0.796093761920929 0.6845703125 0.0390625 0.048828125
0 0.842968761920929 0.6806640625 0.0390625 0.048828125
0 0.52734375 0.7646484375 0.0390625 0.048828125
0 0.5726562738418579 0.7607421875 0.0390625 0.048828125
0 0.617968738079071 0.7568359375 0.0390625 0.048828125
0 0.663281261920929 0.7529296875 0.0390625 0.048828125
0 0.7085937261581421 0.7490234375 0.0390625 0.048828125
0 0.75390625 0.7451171875 0.0390625 0.048828125
0 0.7992187738418579 0.7412109375 0.0390625 0.048828125
0 0.8460937738418579 0.7373046875 0.0390625 0.048828125
0 0.530468761920929 0.8212890625 0.0390625 0.048828125
0 0.5757812261581421 0.8173828125 0.0390625 0.048828125
0 0.62109375 0.8134765625 0.0390625 0.048828125
0 0.6664062738418579 0.8095703125 0.0390625 0.048828125
0 0.711718738079071 0.8056640625 0.0390625 0.048828125
0 0.757031261920929 0.8017578125 0.0390625 0.048828125
0 0.803906261920929 0.7978515625 0.0390625 0.048828125
0 0.8492187261581421 0.7958984375 0.0390625 0.048828125
