0 0.22734375298023224 0.3583984375 0.0390625 0.048828125
0 0.26484376192092896 0.3349609375 0.0390625 0.048828125
0 0.3023437559604645 0.3115234375 0.0390625 0.048828125
0 0.33984375 0.2861328125 0.0390625 0.048828125
0 0.3773437440395355 0.2626953125 0.0390625 0.048828125
0 0.41484373807907104 0.2392578125 0.0390625 0.048828125
0 0.4507812559604645 0.2158203125 0.0390625 0.048828125
0 0.48828125 0.1943359375 0.0390625 0.048828125
0 0.24765625596046448 0.4072265625 0.0390625 0.048828125
0 0.28515625 0.3837890625 0.0390625 0.048828125
0 0.3226562440395355 0.3603515625 0.0390625 0.048828125
0 0.36015623807907104 0.3369140625 0.0390625 0.048828125
0 0.39765626192092896 0.3134765625 0.0390625 0.048828125
0 0.4351562559604645 0.2900390625 0.0390625 0.048828125
0 0.47265625 0.2666015625 0.0390625 0.048828125
0 0.508593738079071 0.2431640625 0.0390625 0.048828125
0 0.26953125 0.4580078125 0.0390625 0.048828125
0 0.3070312440395355 0.4326171875 0.0390625 0.048828125
0 0.34453123807907104 0.4091796875 0.0390625 0.048828125
0 0.38203126192092896 0.3857421875 0.0390625 0.048828125
0 0.4195312559604645 0.3623046875 0.0390625 0.048828125
0 0.4554687440395355 0.3388671875 0.0390625 0.048828125
0 0.49296873807907104 0.3154296875 0.0390625 0.048828125
0 0.5289062261581421 0.2919921875 0.0390625 0.048828125
0 0.28984373807907104 0.5068359375 0.0390625 0.048828125
0 0.32734376192092896 0.4833984375 0.0390625 0.048828125
0 0.3648437559604645 0.4599609375 0.0390625 0.048828125
0 0.40234375 0.4345703125 0.0390625 0.048828125
0 0.4398437440395355 0.4111328125 0.0390625 0.048828125
0 0.47578126192092896 0.3876953125 0.0390625 0.048828125
0 0.5132812261581421 0.3642578125 0.0390625 0.048828125
0 0.55078125 0.3408203125 0.0390625 0.048828125
0 0.31171876192092896 0.5576171875 0.0390625 0.048828125
0 0.3492187559604645 0.5322265625 0.0390625 0.048828125
0 0.38671875 0.5087890625 0.0390625 0.048828125
0 0.4242187440395355 0.4833984375 0.0390625 0.048828125
0 0.46015626192092896 0.4599609375 0.0390625 0.048828125
0 0.4976562559604645 0.4365234375 0.0390625 0.048828125
0 0.5335937738418579 0.4130859375 0.0390625 0.048828125
0 0.571093738079071 0.3896484375 0.0390625 0.048828125
0 0.3335937559604645 0.6064453125 0.0390625 0.048828125
0 0.37109375 0.5810546875 0.0390625 0.048828125
0 0.40703123807907104 0.5576171875 0.0390625 0.048828125
0 0.44453126192092896 0.5341796875 0.0390625 0.048828125
0 0.4820312559604645 0.5087890625 0.0390625 0.048828125
0 0.5179687738418579 0.4853515625 0.0390625 0.048828125
0 0.555468738079071 0.4619140625 0.0390625 0.048828125
0 0.5914062261581421 0.4384765625 0.0390625 0.048828125
0 0.3539062440395355 0.6572265625 0.0390625 0.048828125
0 0.39140623807907104 0.6318359375 0.0390625 0.048828125
0 0.42890626192092896 0.6064453125 0.0390625 0.048828125
0 0.4664062559604645 0.5830078125 0.0390625 0.048828125
0 0.5023437738418579 0.5576171875 0.0390625 0.048828125
0 0.539843738079071 0.5341796875 0.0390625 0.048828125
0 0.5757812261581421 0.5107421875 0.0390625 0.048828125
0 0.61328125 0.4873046875 0.0390625 0.048828125
0 0.37578123807907104 0.7060546875 0.0390625 0.048828125
0 0.41328126192092896 0.6806640625 0.0390625 0.048828125
0 0.44921875 0.6572265625 0.0390625 0.048828125
0 0.4867187440395355 0.6318359375 0.0390625 0.048828125
0 0.524218738079071 0.6064453125 0.0390625 0.048828125
0 0.5601562261581421 0.5830078125 0.0390625 0.048828125
0 0.59765625 0.5595703125 0.0390625 0.048828125
0 0.633593738079071 0.5361328125 0.0390625 0.048828125
0 0.39765626192092896 0.7548828125 0.0390625 0.048828125
0 0.4351562559604645 0.7314453125 0.0390625 0.048828125
0 0.47265625 0.7060546875 0.0390625 0.048828125
0 0.508593738079071 0.6806640625 0.0390625 0.048828125
0 0.546093761920929 0.6572265625 0.0390625 0.048828125
0 0.58203125 0.6318359375 0.0390625 0.048828125
0 0.617968738079071 0.6083984375 0.0390625 0.048828125
0 0.6539062261581421 0.5830078125 0.0390625 0.048828125
0 0.4195312559604645 0.8056640625 0.0390625 0.048828125
0 0.45703125 0.7802734375 0.0390625 0.048828125
0 0.49296873807907104 0.7548828125 0.0390625 0.048828125
0 0.530468761920929 0.7294921875 0.0390625 0.048828125
0 0.56640625 0.7060546875 0.0390625 0.048828125
0 0.6039062738418579 0.6806640625 0.0390625 0.048828125
0 0.639843761920929 0.6572265625 0.0390625 0.048828125
0 0.6773437261581421 0.6337890625 0.0390625 0.048828125
0 0.44140625 0.8544921875 0.0390625 0.048828125
0 0.4789062440395355 0.8291015625 0.0390625 0.048828125
0 0.514843761920929 0.8056640625 0.0390625 0.048828125
0 0.55078125 0.7802734375 0.0390625 0.048828125
0 0.5882812738418579 0.7548828125 0.0390625 0.048828125
0 0.625781238079071 0.7294921875 0.0390625 0.048828125
0 0.6617187261581421 0.7060546875 0.0390625 0.048828125
0 0.6976562738418579 0.6806640625 0.0390625 0.048828125
