0 0.36015623807907104 0.2197265625 0.0390625 0.048828125
0 0.40703123807907104 0.2138671875 0.0390625 0.048828125
0 0.4554687440395355 0.2080078125 0.0390625 0.048828125
0 0.50390625 0.2021484375 0.0390625 0.048828125
0 0.55078125 0.1962890625 0.0390625 0.048828125
0 0.59765625 0.1904296875 0.0390625 0.048828125
0 0.6460937261581421 0.1865234375 0.0390625 0.048828125
0 0.6929687261581421 0.1806640625 0.0390625 0.048828125
0 0.36640626192092896 0.2802734375 0.0390625 0.048828125
0 0.41328126192092896 0.2744140625 0.0390625 0.048828125
0 0.46015626192092896 0.2685546875 0.0390625 0.048828125
0 0.508593738079071 0.2626953125 0.0390625 0.048828125
0 0.555468738079071 0.2568359375 0.0390625 0.048828125
0 0.6039062738418579 0.2509765625 0.0390625 0.048828125
0 0.6507812738418579 0.2451171875 0.0390625 0.048828125
0 0.6976562738418579 0.2392578125 0.0390625 0.048828125
0 0.37109375 0.3408203125 0.0390625 0.048828125
0 0.4195312559604645 0.3349609375 0.0390625 0.048828125
0 0.4664062559604645 0.3291015625 0.0390625 0.048828125
0 0.5132812261581421 0.3232421875 0.0390625 0.048828125
0 0.561718761920929 0.3173828125 0.0390625 0.048828125
0 0.608593761920929 0.3115234375 0.0390625 0.048828125
0 0.655468761920929 0.3056640625 0.0390625 0.048828125
0 0.703906238079071 0.2998046875 0.0390625 0.048828125
0 0.37578123807907104 0.4013671875 0.0390625 0.048828125
0 0.4242187440395355 0.3955078125 0.0390625 0.048828125
0 0.47265625 0.3896484375 0.0390625 0.048828125
0 0.51953125 0.3837890625 0.0390625 0.048828125
0 0.56640625 0.3779296875 0.0390625 0.048828125
0 0.61328125 0.3720703125 0.0390625 0.048828125
0 0.6617187261581421 0.3662109375 0.0390625 0.048828125
0 0.7085937261581421 0.3603515625 0.0390625 0.048828125
0 0.38203126192092896 0.4619140625 0.0390625 0.048828125
0 0.42890626192092896 0.4560546875 0.0390625 0.048828125
0 0.47734373807907104 0.4501953125 0.0390625 0.048828125
0 0.524218738079071 0.4443359375 0.0390625 0.048828125
0 0.5726562738418579 0.4384765625 0.0390625 0.048828125
0 0.6195312738418579 0.4306640625 0.0390625 0.048828125
0 0.6664062738418579 0.4267578125 0.0390625 0.048828125
0 0.71484375 0.4189453125 0.0390625 0.048828125
0 0.3882812559604645 0.5205078125 0.0390625 0.048828125
0 0.4351562559604645 0.5146484375 0.0390625 0.048828125
0 0.4820312559604645 0.5087890625 0.0390625 0.048828125
0 0.530468761920929 0.5029296875 0.0390625 0.048828125
0 0.577343761920929 0.4970703125 0.0390625 0.048828125
0 0.625781238079071 0.4912109375 0.0390625 0.048828125
0 0.672656238079071 0.4853515625 0.0390625 0.048828125
0 0.719531238079071 0.4794921875 0.0390625 0.048828125
0 0.3929687440395355 0.5810546875 0.0390625 0.048828125
0 0.4398437440395355 0.5751953125 0.0390625 0.048828125
0 0.48828125 0.5693359375 0.0390625 0.048828125
0 0.53515625 0.5634765625 0.0390625 0.048828125
0 0.5835937261581421 0.5576171875 0.0390625 0.048828125
0 0.6304687261581421 0.5517578125 0.0390625 0.048828125
0 0.6773437261581421 0.5458984375 0.0390625 0.048828125
0 0.725781261920929 0.5400390625 0.0390625 0.048828125
0 0.39921873807907104 0.6416015625 0.0390625 0.048828125
0 0.44609373807907104 0.6357421875 0.0390625 0.048828125
0 0.49296873807907104 0.6298828125 0.0390625 0.048828125
0 0.5414062738418579 0.6240234375 0.0390625 0.048828125
0 0.5882812738418579 0.6181640625 0.0390625 0.048828125
0 0.63671875 0.6123046875 0.0390625 0.048828125
0 0.68359375 0.6064453125 0.0390625 0.048828125
0 0.73046875 0.6005859375 0.0390625 0.048828125
0 0.4039062559604645 0.7021484375 0.0390625 0.048828125
0 0.4507812559604645 0.6962890625 0.0390625 0.048828125
0 0.49921876192092896 0.6904296875 0.0390625 0.048828125
0 0.546093761920929 0.6845703125 0.0390625 0.048828125
0 0.594531238079071 0.6787109375 0.0390625 0.048828125
0 0.641406238079071 0.6708984375 0.0390625 0.048828125
0 0.688281238079071 0.6650390625 0.0390625 0.048828125
0 0.7367187738418579 0.6591796875 0.0390625 0.048828125
0 0.4085937440395355 0.7626953125 0.0390625 0.048828125
0 0.45703125 0.7568359375 0.0390625 0.048828125
0 0.50390625 0.7509765625 0.0390625 0.048828125
0 0.5523437261581421 0.7451171875 0.0390625 0.048828125
0 0.5992187261581421 0.7392578125 0.0390625 0.048828125
0 0.647656261920929 0.7314453125 0.0390625 0.048828125
0 0.694531261920929 0.7255859375 0.0390625 0.048828125
0 0.742968738079071 0.7197265625 0.0390625 0.048828125
0 0.41484373807907104 0.8251953125 0.0390625 0.048828125
0 0.46171873807907104 0.8173828125 0.0390625 0.048828125
0 0.5101562738418579 0.8115234375 0.0390625 0.048828125
0 0.5570312738418579 0.8056640625 0.0390625 0.048828125
0 0.60546875 0.7998046875 0.0390625 0.048828125
0 0.65234375 0.7919921875 0.0390625 0.048828125
0 0.7007812261581421 0.7861328125 0.0390625 0.048828125
0 0.7476562261581421 0.7802734375 0.0390625 0.048828125
