0 0.33984375 0.2177734375 0.0390625 0.048828125
0 0.3882812559604645 0.2138671875 0.0390625 0.048828125
0 0.43671876192092896 0.2080078125 0.0390625 0.048828125
0 0.48515623807907104 0.2021484375 0.0390625 0.048828125
0 0.5335937738418579 0.1962890625 0.0390625 0.048828125
0 0.58203125 0.1923828125 0.0390625 0.048828125
0 0.6304687261581421 0.1865234375 0.0390625 0.048828125
0 0.678906261920929 0.1806640625 0.0390625 0.048828125
0 0.34296876192092896 0.2783203125 0.0390625 0.048828125
0 0.39140623807907104 0.2724609375 0.0390625 0.048828125
0 0.4398437440395355 0.2685546875 0.0390625 0.048828125
0 0.48828125 0.2626953125 0.0390625 0.048828125
0 0.53515625 0.2568359375 0.0390625 0.048828125
0 0.585156261920929 0.2529296875 0.0390625 0.048828125
0 0.633593738079071 0.2470703125 0.0390625 0.048828125
0 0.6820312738418579 0.2412109375 0.0390625 0.048828125
0 0.3460937440395355 0.3388671875 0.0390625 0.048828125
0 0.39453125 0.3330078125 0.0390625 0.048828125
0 0.4429687559604645 0.3291015625 0.0390625 0.048828125
0 0.49140626192092896 0.3232421875 0.0390625 0.048828125
0 0.539843738079071 0.3173828125 0.0390625 0.048828125
0 0.5882812738418579 0.3134765625 0.0390625 0.048828125
0 0.63671875 0.3076171875 0.0390625 0.048828125
0 0.6851562261581421 0.3017578125 0.0390625 0.048828125
0 0.35078126192092896 0.3994140625 0.0390625 0.048828125
0 0.39765626192092896 0.3935546875 0.0390625 0.048828125
0 0.44609373807907104 0.3876953125 0.0390625 0.048828125
0 0.4945312440395355 0.3837890625 0.0390625 0.048828125
0 0.54296875 0.3779296875 0.0390625 0.048828125
0 0.5914062261581421 0.3720703125 0.0390625 0.048828125
0 0.639843761920929 0.3681640625 0.0390625 0.048828125
0 0.688281238079071 0.3623046875 0.0390625 0.048828125
0 0.3539062440395355 0.4580078125 0.0390625 0.048828125
0 0.4007812440395355 0.4541015625 0.0390625 0.048828125
0 0.44921875 0.4482421875 0.0390625 0.048828125
0 0.4976562559604645 0.4443359375 0.0390625 0.048828125
0 0.546093761920929 0.4384765625 0.0390625 0.048828125
0 0.594531238079071 0.4326171875 0.0390625 0.048828125
0 0.6429687738418579 0.4287109375 0.0390625 0.048828125
0 0.69140625 0.4228515625 0.0390625 0.048828125
0 0.35546875 0.5185546875 0.0390625 0.048828125
0 0.4039062559604645 0.5126953125 0.0390625 0.048828125
0 0.45234376192092896 0.5087890625 0.0390625 0.048828125
0 0.500781238079071 0.5029296875 0.0390625 0.048828125
0 0.5492187738418579 0.4990234375 0.0390625 0.048828125
0 0.59765625 0.4931640625 0.0390625 0.048828125
0 0.6460937261581421 0.4892578125 0.0390625 0.048828125
0 0.694531261920929 0.4833984375 0.0390625 0.048828125
0 0.36015623807907104 0.5791015625 0.0390625 0.048828125
0 0.40703123807907104 0.5732421875 0.0390625 0.048828125
0 0.4554687440395355 0.5693359375 0.0390625 0.048828125
0 0.50390625 0.5634765625 0.0390625 0.048828125
0 0.5523437261581421 0.5595703125 0.0390625 0.048828125
0 0.600781261920929 0.5537109375 0.0390625 0.048828125
0 0.649218738079071 0.5498046875 0.0390625 0.048828125
0 0.69921875 0.5439453125 0.0390625 0.048828125
0 0.36328125 0.6396484375 0.0390625 0.048828125
0 0.41015625 0.6337890625 0.0390625 0.048828125
0 0.4585937559604645 0.6298828125 0.0390625 0.048828125
0 0.507031261920929 0.6240234375 0.0390625 0.048828125
0 0.555468738079071 0.6201171875 0.0390625 0.048828125
0 0.6039062738418579 0.6142578125 0.0390625 0.048828125
0 0.6539062261581421 0.6103515625 0.0390625 0.048828125
0 0.702343761920929 0.6044921875 0.0390625 0.048828125
0 0.3648437559604645 0.7001953125 0.0390625 0.048828125
0 0.41328126192092896 0.6962890625 0.0390625 0.048828125
0 0.46171873807907104 0.6904296875 0.0390625 0.048828125
0 0.5101562738418579 0.6865234375 0.0390625 0.048828125
0 0.5601562261581421 0.6806640625 0.0390625 0.048828125
0 0.608593761920929 0.6767578125 0.0390625 0.048828125
0 0.657031238079071 0.6708984375 0.0390625 0.048828125
0 0.7054687738418579 0.6669921875 0.0390625 0.048828125
0 0.3695312440395355 0.7607421875 0.0390625 0.048828125
0 0.41796875 0.7568359375 0.0390625 0.048828125
0 0.4664062559604645 0.7509765625 0.0390625 0.048828125
0 0.514843761920929 0.7470703125 0.0390625 0.048828125
0 0.563281238079071 0.7412109375 0.0390625 0.048828125
0 0.6117187738418579 0.7373046875 0.0390625 0.048828125
0 0.66015625 0.7333984375 0.0390625 0.048828125
0 0.710156261920929 0.7275390625 0.0390625 0.048828125
0 0.3726562559604645 0.8232421875 0.0390625 0.048828125
0 0.42109376192092896 0.8173828125 0.0390625 0.048828125
0 0.46953123807907104 0.8134765625 0.0390625 0.048828125
0 0.5179687738418579 0.8076171875 0.0390625 0.048828125
0 0.56640625 0.8037109375 0.0390625 0.048828125
0 0.6148437261581421 0.7978515625 0.0390625 0.048828125
0 0.664843738079071 0.7939453125 0.0390625 0.048828125
0 0.7132812738418579 0.7900390625 0.0390625 0.048828125
