0 0.17890624701976776 0.3876953125 0.0390625 0.048828125
0 0.21484375 0.3564453125 0.0390625 0.048828125
0 0.25078123807907104 0.3271484375 0.0390625 0.048828125
0 0.28515625 0.2958984375 0.0390625 0.048828125
0 0.31953126192092896 0.2666015625 0.0390625 0.048828125
0 0.35546875 0.2353515625 0.0390625 0.048828125
0 0.38984376192092896 0.2060546875 0.0390625 0.048828125
0 0.42265623807907104 0.1748046875 0.0390625 0.048828125
0 0.20234374701976776 0.4345703125 0.0390625 0.048828125
0 0.23828125 0.4033203125 0.0390625 0.048828125
0 0.27421873807907104 0.3740234375 0.0390625 0.048828125
0 0.30859375 0.3427734375 0.0390625 0.048828125
0 0.34453123807907104 0.3134765625 0.0390625 0.048828125
0 0.37890625 0.2841796875 0.0390625 0.048828125
0 0.41328126192092896 0.2529296875 0.0390625 0.048828125
0 0.4476562440395355 0.2216796875 0.0390625 0.048828125
0 0.22578124701976776 0.4814453125 0.0390625 0.048828125
0 0.26171875 0.4521484375 0.0390625 0.048828125
0 0.29765623807907104 0.4208984375 0.0390625 0.048828125
0 0.33203125 0.3896484375 0.0390625 0.048828125
0 0.36640626192092896 0.3603515625 0.0390625 0.048828125
0 0.4007812440395355 0.3310546875 0.0390625 0.048828125
0 0.4351562559604645 0.2998046875 0.0390625 0.048828125
0 0.46953123807907104 0.2705078125 0.0390625 0.048828125
0 0.24765625596046448 0.5283203125 0.0390625 0.048828125
0 0.2835937440395355 0.4990234375 0.0390625 0.048828125
0 0.31953126192092896 0.4677734375 0.0390625 0.048828125
0 0.35546875 0.4384765625 0.0390625 0.048828125
0 0.38984376192092896 0.4072265625 0.0390625 0.048828125
0 0.4242187440395355 0.3779296875 0.0390625 0.048828125
0 0.4585937559604645 0.3486328125 0.0390625 0.048828125
0 0.49296873807907104 0.3173828125 0.0390625 0.048828125
0 0.2710937559604645 0.5751953125 0.0390625 0.048828125
0 0.3070312440395355 0.5458984375 0.0390625 0.048828125
0 0.3414062559604645 0.5166015625 0.0390625 0.048828125
0 0.3773437440395355 0.4853515625 0.0390625 0.048828125
0 0.4117187559604645 0.4560546875 0.0390625 0.048828125
0 0.44609373807907104 0.4248046875 0.0390625 0.048828125
0 0.4820312559604645 0.3955078125 0.0390625 0.048828125
0 0.514843761920929 0.3642578125 0.0390625 0.048828125
0 0.29296875 0.6240234375 0.0390625 0.048828125
0 0.32890623807907104 0.5927734375 0.0390625 0.048828125
0 0.3648437559604645 0.5634765625 0.0390625 0.048828125
0 0.39921873807907104 0.5322265625 0.0390625 0.048828125
0 0.4351562559604645 0.5029296875 0.0390625 0.048828125
0 0.46953123807907104 0.4716796875 0.0390625 0.048828125
0 0.50390625 0.4423828125 0.0390625 0.048828125
0 0.538281261920929 0.4111328125 0.0390625 0.048828125
0 0.3148437440395355 0.6708984375 0.0390625 0.048828125
0 0.35078126192092896 0.6396484375 0.0390625 0.048828125
0 0.38671875 0.6103515625 0.0390625 0.048828125
0 0.42109376192092896 0.5791015625 0.0390625 0.048828125
0 0.4554687440395355 0.5498046875 0.0390625 0.048828125
0 0.49140626192092896 0.5185546875 0.0390625 0.048828125
0 0.5257812738418579 0.4892578125 0.0390625 0.048828125
0 0.5601562261581421 0.4599609375 0.0390625 0.048828125
0 0.33671873807907104 0.7177734375 0.0390625 0.048828125
0 0.3726562559604645 0.6865234375 0.0390625 0.048828125
0 0.4085937440395355 0.6572265625 0.0390625 0.048828125
0 0.4429687559604645 0.6279296875 0.0390625 0.048828125
0 0.47734373807907104 0.5966796875 0.0390625 0.048828125
0 0.5132812261581421 0.5673828125 0.0390625 0.048828125
0 0.547656238079071 0.5361328125 0.0390625 0.048828125
0 0.58203125 0.5068359375 0.0390625 0.048828125
0 0.35859376192092896 0.7646484375 0.0390625 0.048828125
0 0.39453125 0.7353515625 0.0390625 0.048828125
0 0.42890626192092896 0.7041015625 0.0390625 0.048828125
0 0.46484375 0.6748046875 0.0390625 0.048828125
0 0.49921876192092896 0.6435546875 0.0390625 0.048828125
0 0.53515625 0.6142578125 0.0390625 0.048828125
0 0.569531261920929 0.5830078125 0.0390625 0.048828125
0 0.6039062738418579 0.5537109375 0.0390625 0.048828125
0 0.3804687559604645 0.8134765625 0.0390625 0.048828125
0 0.4164062440395355 0.7822265625 0.0390625 0.048828125
0 0.4507812559604645 0.7509765625 0.0390625 0.048828125
0 0.4867187440395355 0.7216796875 0.0390625 0.048828125
0 0.5210937261581421 0.6923828125 0.0390625 0.048828125
0 0.555468738079071 0.6611328125 0.0390625 0.048828125
0 0.5914062261581421 0.6298828125 0.0390625 0.048828125
0 0.625781238079071 0.6005859375 0.0390625 0.048828125
0 0.40234375 0.8603515625 0.0390625 0.048828125
0 0.43671876192092896 0.8291015625 0.0390625 0.048828125
0 0.47265625 0.7998046875 0.0390625 0.048828125
0 0.507031261920929 0.7685546875 0.0390625 0.048828125
0 0.54296875 0.7392578125 0.0390625 0.048828125
0 0.577343761920929 0.7080078125 0.0390625 0.048828125
0 0.6117187738418579 0.6787109375 0.0390625 0.048828125
0 0.6460937261581421 0.6474609375 0.0390625 0.048828125
