0 0.32109373807907104 0.6728515625 0.0390625 0.048828125
0 0.3335937559604645 0.6220703125 0.0390625 0.048828125
0 0.3460937440395355 0.5712890625 0.0390625 0.048828125
0 0.35859376192092896 0.5205078125 0.0390625 0.048828125
0 0.3695312440395355 0.4716796875 0.0390625 0.048828125
0 0.38203126192092896 0.4208984375 0.0390625 0.048828125
0 0.3929687440395355 0.3701171875 0.0390625 0.048828125
0 0.4039062559604645 0.3212890625 0.0390625 0.048828125
0 0.36328125 0.6884765625 0.0390625 0.048828125
0 0.37578123807907104 0.6376953125 0.0390625 0.048828125
0 0.3882812559604645 0.5869140625 0.0390625 0.048828125
0 0.4007812440395355 0.5361328125 0.0390625 0.048828125
0 0.41328126192092896 0.4853515625 0.0390625 0.048828125
0 0.4242187440395355 0.4345703125 0.0390625 0.048828125
0 0.4351562559604645 0.3857421875 0.0390625 0.048828125
0 0.4476562440395355 0.3349609375 0.0390625 0.048828125
0 0.40546876192092896 0.7041015625 0.0390625 0.048828125
0 0.41796875 0.6533203125 0.0390625 0.048828125
0 0.43046873807907104 0.6025390625 0.0390625 0.048828125
0 0.4429687559604645 0.5517578125 0.0390625 0.048828125
0 0.4554687440395355 0.5009765625 0.0390625 0.048828125
0 0.4664062559604645 0.4501953125 0.0390625 0.048828125
0 0.4789062440395355 0.4013671875 0.0390625 0.048828125
0 0.4898437559604645 0.3505859375 0.0390625 0.048828125
0 0.4476562440395355 0.7197265625 0.0390625 0.048828125
0 0.46171873807907104 0.6689453125 0.0390625 0.048828125
0 0.47265625 0.6181640625 0.0390625 0.048828125
0 0.48515623807907104 0.5673828125 0.0390625 0.048828125
0 0.4976562559604645 0.5166015625 0.0390625 0.048828125
0 0.508593738079071 0.4658203125 0.0390625 0.048828125
0 0.5210937261581421 0.4150390625 0.0390625 0.048828125
0 0.532031238079071 0.3642578125 0.0390625 0.048828125
0 0.4898437559604645 0.7373046875 0.0390625 0.048828125
0 0.5023437738418579 0.6845703125 0.0390625 0.048828125
0 0.514843761920929 0.6337890625 0.0390625 0.048828125
0 0.52734375 0.5830078125 0.0390625 0.048828125
0 0.539843738079071 0.5322265625 0.0390625 0.048828125
0 0.55078125 0.4814453125 0.0390625 0.048828125
0 0.563281238079071 0.4306640625 0.0390625 0.048828125
0 0.57421875 0.3798828125 0.0390625 0.048828125
0 0.532031238079071 0.7529296875 0.0390625 0.048828125
0 0.5445312261581421 0.7021484375 0.0390625 0.048828125
0 0.5570312738418579 0.6494140625 0.0390625 0.048828125
0 0.569531261920929 0.5986328125 0.0390625 0.048828125
0 0.58203125 0.5478515625 0.0390625 0.048828125
0 0.594531238079071 0.4970703125 0.0390625 0.048828125
0 0.60546875 0.4462890625 0.0390625 0.048828125
0 0.616406261920929 0.3955078125 0.0390625 0.048828125
0 0.57421875 0.7705078125 0.0390625 0.048828125
0 0.586718738079071 0.7177734375 0.0390625 0.048828125
0 0.600781261920929 0.6669921875 0.0390625 0.048828125
0 0.6117187738418579 0.6142578125 0.0390625 0.048828125
0 0.624218761920929 0.5634765625 0.0390625 0.048828125
0 0.63671875 0.5126953125 0.0390625 0.048828125
0 0.647656261920929 0.4619140625 0.0390625 0.048828125
0 0.6585937738418579 0.4111328125 0.0390625 0.048828125
0 0.616406261920929 0.7861328125 0.0390625 0.048828125
0 0.6304687261581421 0.7333984375 0.0390625 0.048828125
0 0.641406238079071 0.6826171875 0.0390625 0.048828125
0 0.6539062261581421 0.6318359375 0.0390625 0.048828125
0 0.6664062738418579 0.5791015625 0.0390625 0.048828125
0 0.678906261920929 0.5283203125 0.0390625 0.048828125
0 0.6898437738418579 0.4775390625 0.0390625 0.048828125
0 0.7007812261581421 0.4248046875 0.0390625 0.048828125
0 0.66015625 0.8017578125 0.0390625 0.048828125
0 0.672656238079071 0.7509765625 0.0390625 0.048828125
0 0.6851562261581421 0.6982421875 0.0390625 0.048828125
0 0.6976562738418579 0.6474609375 0.0390625 0.048828125
0 0.7085937261581421 0.5947265625 0.0390625 0.048828125
0 0.7210937738418579 0.5439453125 0.0390625 0.048828125
0 0.7320312261581421 0.4931640625 0.0390625 0.048828125
0 0.742968738079071 0.4404296875 0.0390625 0.048828125
0 0.702343761920929 0.8193359375 0.0390625 0.048828125
0 0.71484375 0.7685546875 0.0390625 0.048828125
0 0.727343738079071 0.7158203125 0.0390625 0.048828125
0 0.7398437261581421 0.6630859375 0.0390625 0.048828125
0 0.7523437738418579 0.6123046875 0.0390625 0.048828125
0 0.7632812261581421 0.5595703125 0.0390625 0.048828125
0 0.774218738079071 0.5087890625 0.0390625 0.048828125
0 0.78515625 0.4560546875 0.0390625 0.048828125
0 0.742968738079071 0.8369140625 0.0390625 0.048828125
0 0.757031261920929 0.7841796875 0.0390625 0.048828125
0 0.76953125 0.7314453125 0.0390625 0.048828125
0 0.782031238079071 0.6806640625 0.0390625 0.048828125
0 0.7945312261581421 0.6279296875 0.0390625 0.048828125
0 0.805468738079071 0.5751953125 0.0390625 0.048828125
0 0.8179687261581421 0.5244140625 0.0390625 0.048828125
0 0.828906238079071 0.4716796875 0.0390625 0.048828125
