0 0.2835937440395355 0.4794921875 0.0390625 0.048828125
0 0.31640625 0.4423828125 0.0390625 0.048828125
0 0.3492187559604645 0.4072265625 0.0390625 0.048828125
0 0.38203126192092896 0.3720703125 0.0390625 0.048828125
0 0.4164062440395355 0.3349609375 0.0390625 0.048828125
0 0.44921875 0.2998046875 0.0390625 0.048828125
0 0.4820312559604645 0.2626953125 0.0390625 0.048828125
0 0.514843761920929 0.2275390625 0.0390625 0.048828125
0 0.31171876192092896 0.5205078125 0.0390625 0.048828125
0 0.3460937440395355 0.4833984375 0.0390625 0.048828125
0 0.37890625 0.4482421875 0.0390625 0.048828125
0 0.4117187559604645 0.4111328125 0.0390625 0.048828125
0 0.44453126192092896 0.3759765625 0.0390625 0.048828125
0 0.47734373807907104 0.3388671875 0.0390625 0.048828125
0 0.51171875 0.3037109375 0.0390625 0.048828125
0 0.5445312261581421 0.2666015625 0.0390625 0.048828125
0 0.3414062559604645 0.5615234375 0.0390625 0.048828125
0 0.37421876192092896 0.5244140625 0.0390625 0.048828125
0 0.40703123807907104 0.4873046875 0.0390625 0.048828125
0 0.44140625 0.4521484375 0.0390625 0.048828125
0 0.4742187559604645 0.4150390625 0.0390625 0.048828125
0 0.507031261920929 0.3798828125 0.0390625 0.048828125
0 0.539843738079071 0.3427734375 0.0390625 0.048828125
0 0.5726562738418579 0.3076171875 0.0390625 0.048828125
0 0.37109375 0.6005859375 0.0390625 0.048828125
0 0.4039062559604645 0.5654296875 0.0390625 0.048828125
0 0.43671876192092896 0.5283203125 0.0390625 0.048828125
0 0.46953123807907104 0.4912109375 0.0390625 0.048828125
0 0.5023437738418579 0.4560546875 0.0390625 0.048828125
0 0.5367187261581421 0.4189453125 0.0390625 0.048828125
0 0.569531261920929 0.3837890625 0.0390625 0.048828125
0 0.602343738079071 0.3466796875 0.0390625 0.048828125
0 0.4007812440395355 0.6416015625 0.0390625 0.048828125
0 0.43359375 0.6044921875 0.0390625 0.048828125
0 0.4664062559604645 0.5673828125 0.0390625 0.048828125
0 0.49921876192092896 0.5322265625 0.0390625 0.048828125
0 0.532031238079071 0.4951171875 0.0390625 0.048828125
0 0.5648437738418579 0.4599609375 0.0390625 0.048828125
0 0.5992187261581421 0.4228515625 0.0390625 0.048828125
0 0.632031261920929 0.3857421875 0.0390625 0.048828125
0 0.42890626192092896 0.6826171875 0.0390625 0.048828125
0 0.46171873807907104 0.6455078125 0.0390625 0.048828125
0 0.49609375 0.6083984375 0.0390625 0.048828125
0 0.5289062261581421 0.5712890625 0.0390625 0.048828125
0 0.561718761920929 0.5361328125 0.0390625 0.048828125
0 0.594531238079071 0.4990234375 0.0390625 0.048828125
0 0.6273437738418579 0.4619140625 0.0390625 0.048828125
0 0.6617187261581421 0.4267578125 0.0390625 0.048828125
0 0.4585937559604645 0.7236328125 0.0390625 0.048828125
0 0.49296873807907104 0.6865234375 0.0390625 0.048828125
0 0.5257812738418579 0.6494140625 0.0390625 0.048828125
0 0.55859375 0.6123046875 0.0390625 0.048828125
0 0.5914062261581421 0.5751953125 0.0390625 0.048828125
0 0.624218761920929 0.5380859375 0.0390625 0.048828125
0 0.657031238079071 0.5029296875 0.0390625 0.048828125
0 0.69140625 0.4658203125 0.0390625 0.048828125
0 0.48828125 0.7646484375 0.0390625 0.048828125
0 0.522656261920929 0.7275390625 0.0390625 0.048828125
0 0.555468738079071 0.6904296875 0.0390625 0.048828125
0 0.5882812738418579 0.6533203125 0.0390625 0.048828125
0 0.62109375 0.6162109375 0.0390625 0.048828125
0 0.6539062261581421 0.5791015625 0.0390625 0.048828125
0 0.688281238079071 0.5419921875 0.0390625 0.048828125
0 0.7210937738418579 0.5068359375 0.0390625 0.048828125
0 0.51953125 0.8056640625 0.0390625 0.048828125
0 0.5523437261581421 0.7685546875 0.0390625 0.048828125
0 0.585156261920929 0.7314453125 0.0390625 0.048828125
0 0.617968738079071 0.6943359375 0.0390625 0.048828125
0 0.6507812738418579 0.6572265625 0.0390625 0.048828125
0 0.6851562261581421 0.6201171875 0.0390625 0.048828125
0 0.717968761920929 0.5830078125 0.0390625 0.048828125
0 0.750781238079071 0.5458984375 0.0390625 0.048828125
0 0.5492187738418579 0.8466796875 0.0390625 0.048828125
0 0.58203125 0.8095703125 0.0390625 0.048828125
0 0.6148437261581421 0.7724609375 0.0390625 0.048828125
0 0.649218738079071 0.7333984375 0.0390625 0.048828125
0 0.6820312738418579 0.6962890625 0.0390625 0.048828125
0 0.71484375 0.6591796875 0.0390625 0.048828125
0 0.7476562261581421 0.6240234375 0.0390625 0.048828125
0 0.780468761920929 0.5869140625 0.0390625 0.048828125
0 0.5804687738418579 0.8876953125 0.0390625 0.048828125
0 0.61328125 0.8505859375 0.0390625 0.048828125
0 0.6460937261581421 0.8134765625 0.0390625 0.048828125
0 0.678906261920929 0.7744140625 0.0390625 0.048828125
0 0.711718738079071 0.7373046875 0.0390625 0.048828125
0 0.7445312738418579 0.7001953125 0.0390625 0.048828125
0 0.7789062261581421 0.6630859375 0.0390625 0.048828125
0 0.811718761920929 0.6279296875 0.0390625 0.048828125
