0 0.12265624850988388 0.2529296875 0.0390625 0.048828125
0 0.16796875 0.2333984375 0.0390625 0.048828125
0 0.21484375 0.2197265625 0.0390625 0.048828125
0 0.2601562440395355 0.2041015625 0.0390625 0.048828125
0 0.30546873807907104 0.1884765625 0.0390625 0.048828125
0 0.35234373807907104 0.1728515625 0.0390625 0.048828125
0 0.3960937559604645 0.1552734375 0.0390625 0.048828125
0 0.44140625 0.1396484375 0.0390625 0.048828125
0 0.13828125596046448 0.3115234375 0.0390625 0.048828125
0 0.18359375 0.2958984375 0.0390625 0.048828125
0 0.22890624403953552 0.2802734375 0.0390625 0.048828125
0 0.2757812440395355 0.2626953125 0.0390625 0.048828125
0 0.31953126192092896 0.2470703125 0.0390625 0.048828125
0 0.3648437559604645 0.2314453125 0.0390625 0.048828125
0 0.41015625 0.2138671875 0.0390625 0.048828125
0 0.45390623807907104 0.1982421875 0.0390625 0.048828125
0 0.15234375 0.3720703125 0.0390625 0.048828125
0 0.19765624403953552 0.3544921875 0.0390625 0.048828125
0 0.24453124403953552 0.3388671875 0.0390625 0.048828125
0 0.28828126192092896 0.3212890625 0.0390625 0.048828125
0 0.3335937559604645 0.3056640625 0.0390625 0.048828125
0 0.37890625 0.2900390625 0.0390625 0.048828125
0 0.4242187440395355 0.2744140625 0.0390625 0.048828125
0 0.46796876192092896 0.2568359375 0.0390625 0.048828125
0 0.16640624403953552 0.4306640625 0.0390625 0.048828125
0 0.21171875298023224 0.4130859375 0.0390625 0.048828125
0 0.25703126192092896 0.3974609375 0.0390625 0.048828125
0 0.30390626192092896 0.3798828125 0.0390625 0.048828125
0 0.3492187559604645 0.3642578125 0.0390625 0.048828125
0 0.3929687440395355 0.3486328125 0.0390625 0.048828125
0 0.43828123807907104 0.3310546875 0.0390625 0.048828125
0 0.4820312559604645 0.3154296875 0.0390625 0.048828125
0 0.18046875298023224 0.4892578125 0.0390625 0.048828125
0 0.22578124701976776 0.4716796875 0.0390625 0.048828125
0 0.27265626192092896 0.4560546875 0.0390625 0.048828125
0 0.3179687559604645 0.4384765625 0.0390625 0.048828125
0 0.36328125 0.4228515625 0.0390625 0.048828125
0 0.40703123807907104 0.4072265625 0.0390625 0.048828125
0 0.45234376192092896 0.3896484375 0.0390625 0.048828125
0 0.49609375 0.3740234375 0.0390625 0.048828125
0 0.19453124701976776 0.5478515625 0.0390625 0.048828125
0 0.24140624701976776 0.5322265625 0.0390625 0.048828125
0 0.2867187559604645 0.5146484375 0.0390625 0.048828125
0 0.33203125 0.4970703125 0.0390625 0.048828125
0 0.37578123807907104 0.4814453125 0.0390625 0.048828125
0 0.42109376192092896 0.4638671875 0.0390625 0.048828125
0 0.4664062559604645 0.4482421875 0.0390625 0.048828125
0 0.5101562738418579 0.4306640625 0.0390625 0.048828125
0 0.20859375596046448 0.6083984375 0.0390625 0.048828125
0 0.2554687559604645 0.5908203125 0.0390625 0.048828125
0 0.30078125 0.5732421875 0.0390625 0.048828125
0 0.3460937440395355 0.5556640625 0.0390625 0.048828125
0 0.38984376192092896 0.5400390625 0.0390625 0.048828125
0 0.4351562559604645 0.5224609375 0.0390625 0.048828125
0 0.4789062440395355 0.5048828125 0.0390625 0.048828125
0 0.524218738079071 0.4892578125 0.0390625 0.048828125
0 0.22265625 0.6669921875 0.0390625 0.048828125
0 0.26953125 0.6494140625 0.0390625 0.048828125
0 0.3148437440395355 0.6318359375 0.0390625 0.048828125
0 0.35859376192092896 0.6123046875 0.0390625 0.048828125
0 0.4039062559604645 0.5986328125 0.0390625 0.048828125
0 0.44921875 0.5810546875 0.0390625 0.048828125
0 0.49296873807907104 0.5615234375 0.0390625 0.048828125
0 0.538281261920929 0.5478515625 0.0390625 0.048828125
0 0.23671874403953552 0.7255859375 0.0390625 0.048828125
0 0.28203123807907104 0.7080078125 0.0390625 0.048828125
0 0.32890623807907104 0.6904296875 0.0390625 0.048828125
0 0.3726562559604645 0.6728515625 0.0390625 0.048828125
0 0.41796875 0.6552734375 0.0390625 0.048828125
0 0.4632812440395355 0.6396484375 0.0390625 0.048828125
0 0.507031261920929 0.6201171875 0.0390625 0.048828125
0 0.5523437261581421 0.6064453125 0.0390625 0.048828125
0 0.25078123807907104 0.7841796875 0.0390625 0.048828125
0 0.29609376192092896 0.7666015625 0.0390625 0.048828125
0 0.34296876192092896 0.7490234375 0.0390625 0.048828125
0 0.38671875 0.7294921875 0.0390625 0.048828125
0 0.4320312440395355 0.7138671875 0.0390625 0.048828125
0 0.47734373807907104 0.6982421875 0.0390625 0.048828125
0 0.5210937261581421 0.6787109375 0.0390625 0.048828125
0 0.56640625 0.6630859375 0.0390625 0.048828125
0 0.26484376192092896 0.8447265625 0.0390625 0.048828125
0 0.3101562559604645 0.8271484375 0.0390625 0.048828125
0 0.3570312559604645 0.8095703125 0.0390625 0.048828125
0 0.4007812440395355 0.7900390625 0.0390625 0.048828125
0 0.44609373807907104 0.7724609375 0.0390625 0.048828125
0 0.49140626192092896 0.7568359375 0.0390625 0.048828125
0 0.53515625 0.7373046875 0.0390625 0.048828125
0 0.5804687738418579 0.7216796875 0.0390625 0.048828125
