0 0.2789062559604645 0.2548828125 0.0234375 0.033203125
0 0.31562501192092896 0.2529296875 0.025 0.044921875
0 0.3515625 0.2490234375 0.028125 0.048828125
0 0.3882812559604645 0.2451171875 0.0296875 0.048828125
0 0.4234375059604645 0.2412109375 0.028125 0.044921875
0 0.4593749940395355 0.23828125 0.028125 0.046875
0 0.4945312440395355 0.234375 0.0265625 0.046875
0 0.5289062261581421 0.23046875 0.0296875 0.046875
0 0.28515625 0.3173828125 0.0296875 0.048828125
0 0.3218750059604645 0.3134765625 0.028125 0.048828125
0 0.35859376192092896 0.3095703125 0.0296875 0.048828125
0 0.39453125 0.3056640625 0.0265625 0.044921875
0 0.4296875 0.3017578125 0.028125 0.044921875
0 0.46562498807907104 0.2978515625 0.028125 0.044921875
0 0.500781238079071 0.2939453125 0.0296875 0.044921875
0 0.53515625 0.2900390625 0.0265625 0.044921875
0 0.2906250059604645 0.37890625 0.028125 0.046875
0 0.328125 0.375 0.028125 0.046875
0 0.36406248807907104 0.37109375 0.028125 0.046875
0 0.4007812440395355 0.3662109375 0.0296875 0.048828125
0 0.4359374940395355 0.3623046875 0.028125 0.044921875
0 0.47187501192092896 0.357421875 0.028125 0.046875
0 0.507031261920929 0.353515625 0.0265625 0.046875
0 0.542187511920929 0.3486328125 0.028125 0.044921875
0 0.29765623807907104 0.4404296875 0.0296875 0.048828125
0 0.3335937559604645 0.435546875 0.0265625 0.046875
0 0.3687500059604645 0.431640625 0.028125 0.046875
0 0.40625 0.4267578125 0.028125 0.044921875
0 0.44218748807907104 0.421875 0.028125 0.046875
0 0.4781250059604645 0.41796875 0.028125 0.046875
0 0.51171875 0.4130859375 0.0265625 0.044921875
0 0.546875 0.4091796875 0.028125 0.044921875
0 0.30390626192092896 0.501953125 0.0296875 0.046875
0 0.34062498807907104 0.498046875 0.028125 0.046875
0 0.3765625059604645 0.4921875 0.028125 0.046875
0 0.4124999940395355 0.48828125 0.028125 0.046875
0 0.44843751192092896 0.482421875 0.028125 0.046875
0 0.48359376192092896 0.478515625 0.0265625 0.046875
0 0.51953125 0.4736328125 0.0265625 0.044921875
0 0.553906261920929 0.46875 0.0296875 0.046875
0 0.30937498807907104 0.5634765625 0.03125 0.048828125
0 0.3453125059604645 0.55859375 0.028125 0.046875
0 0.3828125 0.552734375 0.028125 0.046875
0 0.41874998807907104 0.5478515625 0.028125 0.044921875
0 0.4546875059604645 0.54296875 0.028125 0.046875
0 0.4898437559604645 0.537109375 0.0265625 0.046875
0 0.5249999761581421 0.5322265625 0.028125 0.044921875
0 0.5601562261581421 0.5283203125 0.0265625 0.044921875
0 0.3140625059604645 0.6259765625 0.028125 0.048828125
0 0.35234373807907104 0.619140625 0.0296875 0.046875
0 0.3890624940395355 0.6142578125 0.028125 0.044921875
0 0.42500001192092896 0.6083984375 0.028125 0.048828125
0 0.4609375 0.603515625 0.028125 0.046875
0 0.49609375 0.59765625 0.0265625 0.046875
0 0.53125 0.5927734375 0.028125 0.044921875
0 0.56640625 0.5869140625 0.0296875 0.044921875
0 0.3218750059604645 0.6875 0.03125 0.046875
0 0.35859376192092896 0.681640625 0.0296875 0.046875
0 0.39531248807907104 0.67578125 0.028125 0.046875
0 0.4312500059604645 0.6689453125 0.028125 0.044921875
0 0.4671874940395355 0.6630859375 0.028125 0.044921875
0 0.5015624761581421 0.658203125 0.028125 0.046875
0 0.5375000238418579 0.65234375 0.028125 0.046875
0 0.5726562738418579 0.6474609375 0.0265625 0.044921875
0 0.32734376192092896 0.7490234375 0.0296875 0.048828125
0 0.3648437559604645 0.7431640625 0.0296875 0.048828125
0 0.40156251192092896 0.736328125 0.028125 0.046875
0 0.4375 0.73046875 0.028125 0.046875
0 0.47265625 0.724609375 0.0265625 0.046875
0 0.5078125 0.71875 0.028125 0.046875
0 0.54296875 0.7119140625 0.0265625 0.044921875
0 0.578125 0.7060546875 0.028125 0.044921875
0 0.3335937559604645 0.8115234375 0.0296875 0.048828125
0 0.3687500059604645 0.8046875 0.028125 0.046875
0 0.4078125059604645 0.798828125 0.028125 0.046875
0 0.4429687559604645 0.791015625 0.0265625 0.046875
0 0.47968751192092896 0.78515625 0.028125 0.046875
0 0.5140625238418579 0.7783203125 0.028125 0.044921875
0 0.550000011920929 0.7724609375 0.028125 0.044921875
0 0.585156261920929 0.7666015625 0.0265625 0.044921875
0 0.33984375 0.8740234375 0.0296875 0.048828125
0 0.37578123807907104 0.8671875 0.0296875 0.05078125
0 0.4124999940395355 0.8603515625 0.028125 0.048828125
0 0.44921875 0.8525390625 0.0296875 0.048828125
0 0.48515623807907104 0.8466796875 0.0265625 0.048828125
0 0.51953125 0.83984375 0.0265625 0.046875
0 0.5562499761581421 0.8330078125 0.028125 0.048828125
0 0.58984375 0.826171875 0.0265625 0.05078125
