0 0.28984373807907104 0.5732421875 0.0390625 0.048828125
0 0.32109373807907104 0.6123046875 0.0390625 0.048828125
0 0.35234373807907104 0.6494140625 0.0390625 0.048828125
0 0.3851562440395355 0.6884765625 0.0390625 0.048828125
0 0.4164062440395355 0.7255859375 0.0390625 0.048828125
0 0.4476562440395355 0.7626953125 0.0390625 0.048828125
0 0.48046875 0.8017578125 0.0390625 0.048828125
0 0.51171875 0.8408203125 0.0390625 0.048828125
0 0.31953126192092896 0.5341796875 0.0390625 0.048828125
0 0.35078126192092896 0.5712890625 0.0390625 0.048828125
0 0.38359373807907104 0.6103515625 0.0390625 0.048828125
0 0.41484373807907104 0.6474609375 0.0390625 0.048828125
0 0.4476562440395355 0.6865234375 0.0390625 0.048828125
0 0.4789062440395355 0.7236328125 0.0390625 0.048828125
0 0.5101562738418579 0.7607421875 0.0390625 0.048828125
0 0.54296875 0.7998046875 0.0390625 0.048828125
0 0.3492187559604645 0.4951171875 0.0390625 0.048828125
0 0.38203126192092896 0.5322265625 0.0390625 0.048828125
0 0.41328126192092896 0.5693359375 0.0390625 0.048828125
0 0.44453126192092896 0.6083984375 0.0390625 0.048828125
0 0.47734373807907104 0.6455078125 0.0390625 0.048828125
0 0.508593738079071 0.6826171875 0.0390625 0.048828125
0 0.5414062738418579 0.7216796875 0.0390625 0.048828125
0 0.5726562738418579 0.7587890625 0.0390625 0.048828125
0 0.3804687559604645 0.4541015625 0.0390625 0.048828125
0 0.4117187559604645 0.4912109375 0.0390625 0.048828125
0 0.44453126192092896 0.5302734375 0.0390625 0.048828125
0 0.47578126192092896 0.5673828125 0.0390625 0.048828125
0 0.507031261920929 0.6044921875 0.0390625 0.048828125
0 0.539843738079071 0.6435546875 0.0390625 0.048828125
0 0.571093738079071 0.6806640625 0.0390625 0.048828125
0 0.6039062738418579 0.7197265625 0.0390625 0.048828125
0 0.41015625 0.4150390625 0.0390625 0.048828125
0 0.4429687559604645 0.4521484375 0.0390625 0.048828125
0 0.4742187559604645 0.4892578125 0.0390625 0.048828125
0 0.5054687261581421 0.5283203125 0.0390625 0.048828125
0 0.538281261920929 0.5654296875 0.0390625 0.048828125
0 0.569531261920929 0.6044921875 0.0390625 0.048828125
0 0.602343738079071 0.6416015625 0.0390625 0.048828125
0 0.633593738079071 0.6787109375 0.0390625 0.048828125
0 0.4398437440395355 0.3740234375 0.0390625 0.048828125
0 0.47265625 0.4130859375 0.0390625 0.048828125
0 0.50390625 0.4501953125 0.0390625 0.048828125
0 0.5367187261581421 0.4873046875 0.0390625 0.048828125
0 0.5679687261581421 0.5263671875 0.0390625 0.048828125
0 0.600781261920929 0.5634765625 0.0390625 0.048828125
0 0.632031261920929 0.6005859375 0.0390625 0.048828125
0 0.664843738079071 0.6396484375 0.0390625 0.048828125
0 0.4710937440395355 0.3349609375 0.0390625 0.048828125
0 0.5023437738418579 0.3720703125 0.0390625 0.048828125
0 0.53515625 0.4091796875 0.0390625 0.048828125
0 0.56640625 0.4482421875 0.0390625 0.048828125
0 0.5992187261581421 0.4853515625 0.0390625 0.048828125
0 0.6304687261581421 0.5244140625 0.0390625 0.048828125
0 0.663281261920929 0.5615234375 0.0390625 0.048828125
0 0.694531261920929 0.6005859375 0.0390625 0.048828125
0 0.500781238079071 0.2939453125 0.0390625 0.048828125
0 0.5335937738418579 0.3310546875 0.0390625 0.048828125
0 0.5648437738418579 0.3701171875 0.0390625 0.048828125
0 0.59765625 0.4072265625 0.0390625 0.048828125
0 0.62890625 0.4462890625 0.0390625 0.048828125
0 0.6617187261581421 0.4833984375 0.0390625 0.048828125
0 0.6929687261581421 0.5224609375 0.0390625 0.048828125
0 0.725781261920929 0.5595703125 0.0390625 0.048828125
0 0.532031238079071 0.2529296875 0.0390625 0.048828125
0 0.563281238079071 0.2919921875 0.0390625 0.048828125
0 0.5960937738418579 0.3291015625 0.0390625 0.048828125
0 0.6273437738418579 0.3681640625 0.0390625 0.048828125
0 0.66015625 0.4052734375 0.0390625 0.048828125
0 0.69140625 0.4443359375 0.0390625 0.048828125
0 0.7242187261581421 0.4814453125 0.0390625 0.048828125
0 0.7554687261581421 0.5205078125 0.0390625 0.048828125
0 0.561718761920929 0.2138671875 0.0390625 0.048828125
0 0.594531238079071 0.2509765625 0.0390625 0.048828125
0 0.625781238079071 0.2880859375 0.0390625 0.048828125
0 0.6585937738418579 0.3271484375 0.0390625 0.048828125
0 0.6898437738418579 0.3642578125 0.0390625 0.048828125
0 0.72265625 0.4033203125 0.0390625 0.048828125
0 0.7554687261581421 0.4404296875 0.0390625 0.048828125
0 0.7867187261581421 0.4794921875 0.0390625 0.048828125
0 0.592968761920929 0.1728515625 0.0390625 0.048828125
0 0.624218761920929 0.2099609375 0.0390625 0.048828125
0 0.657031238079071 0.2490234375 0.0390625 0.048828125
0 0.688281238079071 0.2861328125 0.0390625 0.048828125
0 0.7210937738418579 0.3251953125 0.0390625 0.048828125
0 0.75390625 0.3623046875 0.0390625 0.048828125
0 0.78515625 0.4013671875 0.0390625 0.048828125
0 0.8179687261581421 0.4384765625 0.0390625 0.048828125
