0 0.36328125 0.3955078125 0.0390625 0.048828125
0 0.39921873807907104 0.3642578125 0.0390625 0.048828125
0 0.43671876192092896 0.3330078125 0.0390625 0.048828125
0 0.47265625 0.3017578125 0.0390625 0.048828125
0 0.5101562738418579 0.2705078125 0.0390625 0.048828125
0 0.547656238079071 0.2392578125 0.0390625 0.048828125
0 0.585156261920929 0.2099609375 0.0390625 0.048828125
0 0.62109375 0.1787109375 0.0390625 0.048828125
0 0.38671875 0.4365234375 0.0390625 0.048828125
0 0.42265623807907104 0.4072265625 0.0390625 0.048828125
0 0.46015626192092896 0.3740234375 0.0390625 0.048828125
0 0.4976562559604645 0.3447265625 0.0390625 0.048828125
0 0.5335937738418579 0.3134765625 0.0390625 0.048828125
0 0.571093738079071 0.2822265625 0.0390625 0.048828125
0 0.608593761920929 0.2509765625 0.0390625 0.048828125
0 0.6460937261581421 0.2197265625 0.0390625 0.048828125
0 0.41015625 0.4794921875 0.0390625 0.048828125
0 0.4476562440395355 0.4482421875 0.0390625 0.048828125
0 0.48359376192092896 0.4169921875 0.0390625 0.048828125
0 0.5210937261581421 0.3857421875 0.0390625 0.048828125
0 0.55859375 0.3544921875 0.0390625 0.048828125
0 0.594531238079071 0.3232421875 0.0390625 0.048828125
0 0.632031261920929 0.2919921875 0.0390625 0.048828125
0 0.6695312261581421 0.2607421875 0.0390625 0.048828125
0 0.4351562559604645 0.5224609375 0.0390625 0.048828125
0 0.4710937440395355 0.4912109375 0.0390625 0.048828125
0 0.508593738079071 0.4580078125 0.0390625 0.048828125
0 0.546093761920929 0.4267578125 0.0390625 0.048828125
0 0.58203125 0.3974609375 0.0390625 0.048828125
0 0.6195312738418579 0.3662109375 0.0390625 0.048828125
0 0.657031238079071 0.3349609375 0.0390625 0.048828125
0 0.6929687261581421 0.3037109375 0.0390625 0.048828125
0 0.4585937559604645 0.5634765625 0.0390625 0.048828125
0 0.49609375 0.5322265625 0.0390625 0.048828125
0 0.532031238079071 0.5009765625 0.0390625 0.048828125
0 0.569531261920929 0.4697265625 0.0390625 0.048828125
0 0.60546875 0.4384765625 0.0390625 0.048828125
0 0.6429687738418579 0.4072265625 0.0390625 0.048828125
0 0.680468738079071 0.3759765625 0.0390625 0.048828125
0 0.717968761920929 0.3447265625 0.0390625 0.048828125
0 0.48359376192092896 0.6064453125 0.0390625 0.048828125
0 0.51953125 0.5751953125 0.0390625 0.048828125
0 0.5570312738418579 0.5439453125 0.0390625 0.048828125
0 0.594531238079071 0.5126953125 0.0390625 0.048828125
0 0.632031261920929 0.4814453125 0.0390625 0.048828125
0 0.66796875 0.4482421875 0.0390625 0.048828125
0 0.7054687738418579 0.4169921875 0.0390625 0.048828125
0 0.742968738079071 0.3857421875 0.0390625 0.048828125
0 0.508593738079071 0.6494140625 0.0390625 0.048828125
0 0.5445312261581421 0.6181640625 0.0390625 0.048828125
0 0.58203125 0.5849609375 0.0390625 0.048828125
0 0.6195312738418579 0.5537109375 0.0390625 0.048828125
0 0.655468761920929 0.5224609375 0.0390625 0.048828125
0 0.6929687261581421 0.4912109375 0.0390625 0.048828125
0 0.73046875 0.4599609375 0.0390625 0.048828125
0 0.7679687738418579 0.4287109375 0.0390625 0.048828125
0 0.5335937738418579 0.6923828125 0.0390625 0.048828125
0 0.569531261920929 0.6611328125 0.0390625 0.048828125
0 0.6070312261581421 0.6279296875 0.0390625 0.048828125
0 0.64453125 0.5966796875 0.0390625 0.048828125
0 0.6820312738418579 0.5654296875 0.0390625 0.048828125
0 0.717968761920929 0.5341796875 0.0390625 0.048828125
0 0.757031261920929 0.5029296875 0.0390625 0.048828125
0 0.79296875 0.4716796875 0.0390625 0.048828125
0 0.55859375 0.7353515625 0.0390625 0.048828125
0 0.594531238079071 0.7021484375 0.0390625 0.048828125
0 0.632031261920929 0.6708984375 0.0390625 0.048828125
0 0.6695312261581421 0.6396484375 0.0390625 0.048828125
0 0.70703125 0.6083984375 0.0390625 0.048828125
0 0.7445312738418579 0.5751953125 0.0390625 0.048828125
0 0.782031238079071 0.5439453125 0.0390625 0.048828125
0 0.819531261920929 0.5126953125 0.0390625 0.048828125
0 0.5835937261581421 0.7783203125 0.0390625 0.048828125
0 0.62109375 0.7470703125 0.0390625 0.048828125
0 0.6585937738418579 0.7138671875 0.0390625 0.048828125
0 0.694531261920929 0.6826171875 0.0390625 0.048828125
0 0.7320312261581421 0.6513671875 0.0390625 0.048828125
0 0.76953125 0.6181640625 0.0390625 0.048828125
0 0.8070312738418579 0.5869140625 0.0390625 0.048828125
0 0.844531238079071 0.5556640625 0.0390625 0.048828125
0 0.610156238079071 0.8212890625 0.0390625 0.048828125
0 0.6460937261581421 0.7900390625 0.0390625 0.048828125
0 0.68359375 0.7568359375 0.0390625 0.048828125
0 0.7210937738418579 0.7255859375 0.0390625 0.048828125
0 0.758593738079071 0.6943359375 0.0390625 0.048828125
0 0.796093761920929 0.6611328125 0.0390625 0.048828125
0 0.8335937261581421 0.6298828125 0.0390625 0.048828125
0 0.87109375 0.5986328125 0.0390625 0.048828125
