0 0.21640625596046448 0.5888671875 0.0390625 0.048828125
0 0.21953125298023224 0.5361328125 0.0390625 0.048828125
0 0.22265625 0.4814453125 0.0390625 0.048828125
0 0.22578124701976776 0.4287109375 0.0390625 0.048828125
0 0.22734375298023224 0.3740234375 0.0390625 0.048828125
0 0.23046875 0.3212890625 0.0390625 0.048828125
0 0.23359374701976776 0.2685546875 0.0390625 0.048828125
0 0.23671874403953552 0.2158203125 0.0390625 0.048828125
0 0.26171875 0.5908203125 0.0390625 0.048828125
0 0.26484376192092896 0.5361328125 0.0390625 0.048828125
0 0.2679687440395355 0.4833984375 0.0390625 0.048828125
0 0.2710937559604645 0.4306640625 0.0390625 0.048828125
0 0.27265626192092896 0.3759765625 0.0390625 0.048828125
0 0.2757812440395355 0.3232421875 0.0390625 0.048828125
0 0.2789062559604645 0.2705078125 0.0390625 0.048828125
0 0.28046876192092896 0.2177734375 0.0390625 0.048828125
0 0.3070312440395355 0.5927734375 0.0390625 0.048828125
0 0.3101562559604645 0.5380859375 0.0390625 0.048828125
0 0.31328123807907104 0.4853515625 0.0390625 0.048828125
0 0.31640625 0.4306640625 0.0390625 0.048828125
0 0.3179687559604645 0.3779296875 0.0390625 0.048828125
0 0.32109373807907104 0.3251953125 0.0390625 0.048828125
0 0.3226562440395355 0.2724609375 0.0390625 0.048828125
0 0.3257812559604645 0.2197265625 0.0390625 0.048828125
0 0.3539062440395355 0.5947265625 0.0390625 0.048828125
0 0.35546875 0.5419921875 0.0390625 0.048828125
0 0.35859376192092896 0.4873046875 0.0390625 0.048828125
0 0.36015623807907104 0.4345703125 0.0390625 0.048828125
0 0.36328125 0.3798828125 0.0390625 0.048828125
0 0.3648437559604645 0.3271484375 0.0390625 0.048828125
0 0.36796873807907104 0.2744140625 0.0390625 0.048828125
0 0.37109375 0.2197265625 0.0390625 0.048828125
0 0.39765626192092896 0.5966796875 0.0390625 0.048828125
0 0.4007812440395355 0.5439453125 0.0390625 0.048828125
0 0.4039062559604645 0.4892578125 0.0390625 0.048828125
0 0.40546876192092896 0.4365234375 0.0390625 0.048828125
0 0.4085937440395355 0.3818359375 0.0390625 0.048828125
0 0.41015625 0.3291015625 0.0390625 0.048828125
0 0.41328126192092896 0.2744140625 0.0390625 0.048828125
0 0.41484373807907104 0.2216796875 0.0390625 0.048828125
0 0.4429687559604645 0.5986328125 0.0390625 0.048828125
0 0.44609373807907104 0.5458984375 0.0390625 0.048828125
0 0.4476562440395355 0.4912109375 0.0390625 0.048828125
0 0.4507812559604645 0.4384765625 0.0390625 0.048828125
0 0.45234376192092896 0.3837890625 0.0390625 0.048828125
0 0.4554687440395355 0.3310546875 0.0390625 0.048828125
0 0.45703125 0.2763671875 0.0390625 0.048828125
0 0.46015626192092896 0.2236328125 0.0390625 0.048828125
0 0.48828125 0.6025390625 0.0390625 0.048828125
0 0.49140626192092896 0.5478515625 0.0390625 0.048828125
0 0.49296873807907104 0.4931640625 0.0390625 0.048828125
0 0.49609375 0.4404296875 0.0390625 0.048828125
0 0.4976562559604645 0.3857421875 0.0390625 0.048828125
0 0.500781238079071 0.3330078125 0.0390625 0.048828125
0 0.5023437738418579 0.2783203125 0.0390625 0.048828125
0 0.5054687261581421 0.2255859375 0.0390625 0.048828125
0 0.5335937738418579 0.6044921875 0.0390625 0.048828125
0 0.5367187261581421 0.5498046875 0.0390625 0.048828125
0 0.538281261920929 0.4951171875 0.0390625 0.048828125
0 0.5414062738418579 0.4423828125 0.0390625 0.048828125
0 0.54296875 0.3876953125 0.0390625 0.048828125
0 0.5445312261581421 0.3349609375 0.0390625 0.048828125
0 0.547656238079071 0.2802734375 0.0390625 0.048828125
0 0.5492187738418579 0.2275390625 0.0390625 0.048828125
0 0.578906238079071 0.6064453125 0.0390625 0.048828125
0 0.58203125 0.5517578125 0.0390625 0.048828125
0 0.5835937261581421 0.4970703125 0.0390625 0.048828125
0 0.586718738079071 0.4443359375 0.0390625 0.048828125
0 0.5882812738418579 0.3896484375 0.0390625 0.048828125
0 0.58984375 0.3369140625 0.0390625 0.048828125
0 0.5914062261581421 0.2822265625 0.0390625 0.048828125
0 0.594531238079071 0.2294921875 0.0390625 0.048828125
0 0.625781238079071 0.6083984375 0.0390625 0.048828125
0 0.6273437738418579 0.5537109375 0.0390625 0.048828125
0 0.62890625 0.4990234375 0.0390625 0.048828125
0 0.632031261920929 0.4462890625 0.0390625 0.048828125
0 0.633593738079071 0.3916015625 0.0390625 0.048828125
0 0.6351562738418579 0.3388671875 0.0390625 0.048828125
0 0.63671875 0.2841796875 0.0390625 0.048828125
0 0.639843761920929 0.2314453125 0.0390625 0.048828125
0 0.671093761920929 0.6103515625 0.0390625 0.048828125
0 0.672656238079071 0.5556640625 0.0390625 0.048828125
0 0.6742187738418579 0.5029296875 0.0390625 0.048828125
0 0.6773437261581421 0.4482421875 0.0390625 0.048828125
0 0.678906261920929 0.3935546875 0.0390625 0.048828125
0 0.680468738079071 0.3388671875 0.0390625 0.048828125
0 0.6820312738418579 0.2861328125 0.0390625 0.048828125
0 0.6851562261581421 0.2314453125 0.0390625 0.048828125
