0 0.24765625596046448 0.2802734375 0.0390625 0.048828125
0 0.25859373807907104 0.3349609375 0.0390625 0.048828125
0 0.2710937559604645 0.3876953125 0.0390625 0.048828125
0 0.28203123807907104 0.4423828125 0.0390625 0.048828125
0 0.2945312559604645 0.4970703125 0.0390625 0.048828125
0 0.30546873807907104 0.5517578125 0.0390625 0.048828125
0 0.31640625 0.6025390625 0.0390625 0.048828125
0 0.32890623807907104 0.6572265625 0.0390625 0.048828125
0 0.28515625 0.2646484375 0.0390625 0.048828125
0 0.29765623807907104 0.3193359375 0.0390625 0.048828125
0 0.30859375 0.3740234375 0.0390625 0.048828125
0 0.32109373807907104 0.4267578125 0.0390625 0.048828125
0 0.33203125 0.4814453125 0.0390625 0.048828125
0 0.34453123807907104 0.5361328125 0.0390625 0.048828125
0 0.35546875 0.5908203125 0.0390625 0.048828125
0 0.36796873807907104 0.6435546875 0.0390625 0.048828125
0 0.32421875 0.2490234375 0.0390625 0.048828125
0 0.33671873807907104 0.3037109375 0.0390625 0.048828125
0 0.34765625 0.3583984375 0.0390625 0.048828125
0 0.36015623807907104 0.4130859375 0.0390625 0.048828125
0 0.37109375 0.4677734375 0.0390625 0.048828125
0 0.38359373807907104 0.5205078125 0.0390625 0.048828125
0 0.3960937559604645 0.5751953125 0.0390625 0.048828125
0 0.40703123807907104 0.6298828125 0.0390625 0.048828125
0 0.36328125 0.2333984375 0.0390625 0.048828125
0 0.37578123807907104 0.2880859375 0.0390625 0.048828125
0 0.38671875 0.3427734375 0.0390625 0.048828125
0 0.39921873807907104 0.3974609375 0.0390625 0.048828125
0 0.41015625 0.4521484375 0.0390625 0.048828125
0 0.42265623807907104 0.5048828125 0.0390625 0.048828125
0 0.4351562559604645 0.5595703125 0.0390625 0.048828125
0 0.44609373807907104 0.6142578125 0.0390625 0.048828125
0 0.40234375 0.2177734375 0.0390625 0.048828125
0 0.41484373807907104 0.2724609375 0.0390625 0.048828125
0 0.42578125 0.3271484375 0.0390625 0.048828125
0 0.43828123807907104 0.3818359375 0.0390625 0.048828125
0 0.4507812559604645 0.4365234375 0.0390625 0.048828125
0 0.46171873807907104 0.4912109375 0.0390625 0.048828125
0 0.4742187559604645 0.5458984375 0.0390625 0.048828125
0 0.4867187440395355 0.6005859375 0.0390625 0.048828125
0 0.44140625 0.2021484375 0.0390625 0.048828125
0 0.45390623807907104 0.2568359375 0.0390625 0.048828125
0 0.4664062559604645 0.3115234375 0.0390625 0.048828125
0 0.47734373807907104 0.3662109375 0.0390625 0.048828125
0 0.4898437559604645 0.4208984375 0.0390625 0.048828125
0 0.5023437738418579 0.4755859375 0.0390625 0.048828125
0 0.5132812261581421 0.5302734375 0.0390625 0.048828125
0 0.5257812738418579 0.5849609375 0.0390625 0.048828125
0 0.4820312559604645 0.1865234375 0.0390625 0.048828125
0 0.49296873807907104 0.2412109375 0.0390625 0.048828125
0 0.5054687261581421 0.2958984375 0.0390625 0.048828125
0 0.5179687738418579 0.3505859375 0.0390625 0.048828125
0 0.530468761920929 0.4052734375 0.0390625 0.048828125
0 0.5414062738418579 0.4599609375 0.0390625 0.048828125
0 0.553906261920929 0.5146484375 0.0390625 0.048828125
0 0.56640625 0.5693359375 0.0390625 0.048828125
0 0.5210937261581421 0.1689453125 0.0390625 0.048828125
0 0.5335937738418579 0.2255859375 0.0390625 0.048828125
0 0.546093761920929 0.2802734375 0.0390625 0.048828125
0 0.5570312738418579 0.3349609375 0.0390625 0.048828125
0 0.569531261920929 0.3896484375 0.0390625 0.048828125
0 0.58203125 0.4443359375 0.0390625 0.048828125
0 0.594531238079071 0.4990234375 0.0390625 0.048828125
0 0.6070312261581421 0.5537109375 0.0390625 0.048828125
0 0.561718761920929 0.1533203125 0.0390625 0.048828125
0 0.57421875 0.2080078125 0.0390625 0.048828125
0 0.586718738079071 0.2646484375 0.0390625 0.048828125
0 0.59765625 0.3193359375 0.0390625 0.048828125
0 0.610156238079071 0.3740234375 0.0390625 0.048828125
0 0.6226562261581421 0.4287109375 0.0390625 0.048828125
0 0.6351562738418579 0.4833984375 0.0390625 0.048828125
0 0.6460937261581421 0.5361328125 0.0390625 0.048828125
0 0.602343738079071 0.1376953125 0.0390625 0.048828125
0 0.6148437261581421 0.1923828125 0.0390625 0.048828125
0 0.6273437738418579 0.2470703125 0.0390625 0.048828125
0 0.6382812261581421 0.3037109375 0.0390625 0.048828125
0 0.6507812738418579 0.3583984375 0.0390625 0.048828125
0 0.663281261920929 0.4130859375 0.0390625 0.048828125
0 0.67578125 0.4677734375 0.0390625 0.048828125
0 0.688281238079071 0.5244140625 0.0390625 0.048828125
0 0.6429687738418579 0.1201171875 0.0390625 0.048828125
0 0.655468761920929 0.1767578125 0.0390625 0.048828125
0 0.66796875 0.2314453125 0.0390625 0.048828125
0 0.680468738079071 0.2861328125 0.0390625 0.048828125
0 0.69140625 0.3427734375 0.0390625 0.048828125
0 0.7054687738418579 0.3974609375 0.0390625 0.048828125
0 0.7164062261581421 0.4521484375 0.0390625 0.048828125
0 0.7289062738418579 0.5087890625 0.0390625 0.048828125
