0 0.30156248807907104 0.470703125 0.03125 0.0390625
0 0.3203125 0.419921875 0.03125 0.0390625
0 0.34062498807907104 0.37109375 0.03125 0.0390625
0 0.359375 0.322265625 0.03125 0.0390625
0 0.37968748807907104 0.271484375 0.03125 0.0390625
0 0.4000000059604645 0.22265625 0.03125 0.0390625
0 0.41874998807907104 0.171875 0.03125 0.0390625
0 0.4390625059604645 0.123046875 0.03125 0.0390625
0 0.33125001192092896 0.490234375 0.03125 0.0390625
0 0.3499999940395355 0.44140625 0.03125 0.0390625
0 0.37031251192092896 0.392578125 0.03125 0.0390625
0 0.390625 0.341796875 0.03125 0.0390625
0 0.40937501192092896 0.29296875 0.03125 0.0390625
0 0.4296875 0.2421875 0.03125 0.0390625
0 0.44999998807907104 0.193359375 0.03125 0.0390625
0 0.4703125059604645 0.142578125 0.03125 0.0390625
0 0.359375 0.5126953125 0.03125 0.041015625
0 0.37968748807907104 0.462890625 0.03125 0.0390625
0 0.4000000059604645 0.4140625 0.03125 0.0390625
0 0.41874998807907104 0.36328125 0.03125 0.0390625
0 0.4390625059604645 0.314453125 0.03125 0.0390625
0 0.4593749940395355 0.263671875 0.03125 0.0390625
0 0.47968751192092896 0.212890625 0.03125 0.0390625
0 0.5 0.1640625 0.03125 0.0390625
0 0.3890624940395355 0.53515625 0.03125 0.0390625
0 0.40937501192092896 0.484375 0.03125 0.0390625
0 0.4296875 0.435546875 0.03125 0.0390625
0 0.44999998807907104 0.384765625 0.03125 0.0390625
0 0.4703125059604645 0.333984375 0.03125 0.0390625
0 0.4906249940395355 0.28515625 0.03125 0.0390625
0 0.5093749761581421 0.234375 0.03125 0.0390625
0 0.53125 0.18359375 0.03125 0.0390625
0 0.41874998807907104 0.556640625 0.03125 0.0390625
0 0.4390625059604645 0.505859375 0.03125 0.0390625
0 0.4593749940395355 0.455078125 0.03125 0.0390625
0 0.47968751192092896 0.40625 0.03125 0.0390625
0 0.5 0.35546875 0.03125 0.0390625
0 0.520312488079071 0.3046875 0.03125 0.0390625
0 0.5406249761581421 0.25390625 0.03125 0.0390625
0 0.5609375238418579 0.205078125 0.03125 0.0390625
0 0.44843751192092896 0.578125 0.03125 0.0390625
0 0.46875 0.52734375 0.03125 0.0390625
0 0.48906248807907104 0.4765625 0.03125 0.0390625
0 0.5093749761581421 0.427734375 0.03125 0.0390625
0 0.5296875238418579 0.376953125 0.03125 0.0390625
0 0.551562488079071 0.326171875 0.03125 0.0390625
0 0.5718749761581421 0.275390625 0.03125 0.0390625
0 0.5921875238418579 0.224609375 0.03125 0.0390625
0 0.47968751192092896 0.599609375 0.03125 0.0390625
0 0.5 0.55078125 0.03125 0.0390625
0 0.520312488079071 0.5 0.03125 0.0390625
0 0.5406249761581421 0.44921875 0.03125 0.0390625
0 0.5609375238418579 0.3984375 0.03125 0.0390625
0 0.581250011920929 0.34765625 0.03125 0.0390625
0 0.6031249761581421 0.296875 0.03125 0.0390625
0 0.6234375238418579 0.24609375 0.03125 0.0390625
0 0.5093749761581421 0.623046875 0.03125 0.0390625
0 0.5296875238418579 0.572265625 0.03125 0.0390625
0 0.550000011920929 0.521484375 0.03125 0.0390625
0 0.5718749761581421 0.470703125 0.03125 0.0390625
0 0.5921875238418579 0.419921875 0.03125 0.0390625
0 0.612500011920929 0.369140625 0.03125 0.0390625
0 0.6343749761581421 0.318359375 0.03125 0.0390625
0 0.6546875238418579 0.267578125 0.03125 0.0390625
0 0.5406249761581421 0.64453125 0.03125 0.0390625
0 0.5609375238418579 0.59375 0.03125 0.0390625
0 0.581250011920929 0.54296875 0.03125 0.0390625
0 0.6031249761581421 0.4921875 0.03125 0.0390625
0 0.6234375238418579 0.44140625 0.03125 0.0390625
0 0.645312488079071 0.390625 0.03125 0.0390625
0 0.6656249761581421 0.33984375 0.03125 0.0390625
0 0.6875 0.2890625 0.03125 0.0390625
0 0.5703125 0.66796875 0.03125 0.0390625
0 0.5921875238418579 0.6171875 0.03125 0.0390625
0 0.612500011920929 0.56640625 0.03125 0.0390625
0 0.6343749761581421 0.515625 0.03125 0.0390625
0 0.6546875238418579 0.462890625 0.03125 0.0390625
0 0.676562488079071 0.412109375 0.03125 0.0390625
0 0.698437511920929 0.361328125 0.03125 0.0390625
0 0.71875 0.310546875 0.03125 0.0390625
0 0.6015625 0.69140625 0.03125 0.0390625
0 0.6234375238418579 0.640625 0.03125 0.0390625
0 0.643750011920929 0.587890625 0.03125 0.0390625
0 0.6656249761581421 0.537109375 0.03125 0.0390625
0 0.6875 0.486328125 0.03125 0.0390625
0 0.707812488079071 0.43359375 0.03125 0.0390625
0 0.729687511920929 0.3828125 0.03125 0.0390625
0 0.7515624761581421 0.33203125 0.03125 0.0390625
