0 0.16953125596046448 0.2080078125 0.0390625 0.048828125
0 0.16953125596046448 0.2607421875 0.0390625 0.048828125
0 0.17109374701976776 0.3134765625 0.0390625 0.048828125
0 0.17265625298023224 0.3681640625 0.0390625 0.048828125
0 0.17421874403953552 0.4208984375 0.0390625 0.048828125
0 0.17421874403953552 0.4755859375 0.0390625 0.048828125
0 0.17578125 0.5283203125 0.0390625 0.048828125
0 0.17578125 0.5830078125 0.0390625 0.048828125
0 0.21328124403953552 0.2138671875 0.0390625 0.048828125
0 0.21328124403953552 0.2666015625 0.0390625 0.048828125
0 0.21484375 0.3193359375 0.0390625 0.048828125
0 0.21640625596046448 0.3720703125 0.0390625 0.048828125
0 0.21796874701976776 0.4267578125 0.0390625 0.048828125
0 0.21796874701976776 0.4794921875 0.0390625 0.048828125
0 0.21953125298023224 0.5341796875 0.0390625 0.048828125
0 0.22109374403953552 0.5869140625 0.0390625 0.048828125
0 0.2554687559604645 0.2197265625 0.0390625 0.048828125
0 0.25703126192092896 0.2724609375 0.0390625 0.048828125
0 0.25859373807907104 0.3251953125 0.0390625 0.048828125
0 0.2601562440395355 0.3779296875 0.0390625 0.048828125
0 0.26171875 0.4306640625 0.0390625 0.048828125
0 0.26171875 0.4853515625 0.0390625 0.048828125
0 0.2632812559604645 0.5380859375 0.0390625 0.048828125
0 0.26484376192092896 0.5927734375 0.0390625 0.048828125
0 0.2992187440395355 0.2236328125 0.0390625 0.048828125
0 0.30078125 0.2763671875 0.0390625 0.048828125
0 0.3023437559604645 0.3310546875 0.0390625 0.048828125
0 0.30390626192092896 0.3837890625 0.0390625 0.048828125
0 0.30390626192092896 0.4365234375 0.0390625 0.048828125
0 0.30546873807907104 0.4892578125 0.0390625 0.048828125
0 0.3070312440395355 0.5439453125 0.0390625 0.048828125
0 0.30859375 0.5966796875 0.0390625 0.048828125
0 0.34296876192092896 0.2294921875 0.0390625 0.048828125
0 0.34296876192092896 0.2822265625 0.0390625 0.048828125
0 0.34453123807907104 0.3349609375 0.0390625 0.048828125
0 0.3460937440395355 0.3876953125 0.0390625 0.048828125
0 0.34765625 0.4404296875 0.0390625 0.048828125
0 0.3492187559604645 0.4951171875 0.0390625 0.048828125
0 0.35078126192092896 0.5478515625 0.0390625 0.048828125
0 0.35078126192092896 0.6025390625 0.0390625 0.048828125
0 0.3851562440395355 0.2353515625 0.0390625 0.048828125
0 0.38671875 0.2880859375 0.0390625 0.048828125
0 0.38671875 0.3408203125 0.0390625 0.048828125
0 0.3882812559604645 0.3935546875 0.0390625 0.048828125
0 0.38984376192092896 0.4462890625 0.0390625 0.048828125
0 0.39140623807907104 0.4990234375 0.0390625 0.048828125
0 0.3929687440395355 0.5537109375 0.0390625 0.048828125
0 0.39453125 0.6064453125 0.0390625 0.048828125
0 0.4273437559604645 0.2412109375 0.0390625 0.048828125
0 0.42890626192092896 0.2939453125 0.0390625 0.048828125
0 0.43046873807907104 0.3466796875 0.0390625 0.048828125
0 0.4320312440395355 0.3994140625 0.0390625 0.048828125
0 0.4320312440395355 0.4521484375 0.0390625 0.048828125
0 0.43359375 0.5048828125 0.0390625 0.048828125
0 0.4351562559604645 0.5576171875 0.0390625 0.048828125
0 0.43671876192092896 0.6123046875 0.0390625 0.048828125
0 0.46953123807907104 0.2451171875 0.0390625 0.048828125
0 0.4710937440395355 0.2978515625 0.0390625 0.048828125
0 0.47265625 0.3505859375 0.0390625 0.048828125
0 0.4742187559604645 0.4033203125 0.0390625 0.048828125
0 0.47578126192092896 0.4560546875 0.0390625 0.048828125
0 0.47734373807907104 0.5087890625 0.0390625 0.048828125
0 0.4789062440395355 0.5634765625 0.0390625 0.048828125
0 0.48046875 0.6162109375 0.0390625 0.048828125
0 0.51171875 0.2509765625 0.0390625 0.048828125
0 0.5132812261581421 0.3037109375 0.0390625 0.048828125
0 0.514843761920929 0.3564453125 0.0390625 0.048828125
0 0.514843761920929 0.4091796875 0.0390625 0.048828125
0 0.516406238079071 0.4619140625 0.0390625 0.048828125
0 0.51953125 0.5146484375 0.0390625 0.048828125
0 0.5210937261581421 0.5673828125 0.0390625 0.048828125
0 0.522656261920929 0.6220703125 0.0390625 0.048828125
0 0.5523437261581421 0.2568359375 0.0390625 0.048828125
0 0.553906261920929 0.3095703125 0.0390625 0.048828125
0 0.555468738079071 0.3603515625 0.0390625 0.048828125
0 0.5570312738418579 0.4130859375 0.0390625 0.048828125
0 0.55859375 0.4658203125 0.0390625 0.048828125
0 0.5601562261581421 0.5185546875 0.0390625 0.048828125
0 0.563281238079071 0.5732421875 0.0390625 0.048828125
0 0.5648437738418579 0.6259765625 0.0390625 0.048828125
0 0.594531238079071 0.2626953125 0.0390625 0.048828125
0 0.5960937738418579 0.3134765625 0.0390625 0.048828125
0 0.59765625 0.3662109375 0.0390625 0.048828125
0 0.5992187261581421 0.4189453125 0.0390625 0.048828125
0 0.600781261920929 0.4716796875 0.0390625 0.048828125
0 0.602343738079071 0.5244140625 0.0390625 0.048828125
0 0.60546875 0.5771484375 0.0390625 0.048828125
0 0.6070312261581421 0.6298828125 0.0390625 0.048828125
