0 0.21953125298023224 0.6357421875 0.0390625 0.048828125
0 0.22421875596046448 0.5791015625 0.0390625 0.048828125
0 0.23046875 0.5224609375 0.0390625 0.048828125
0 0.23515625298023224 0.4658203125 0.0390625 0.048828125
0 0.23984375596046448 0.4111328125 0.0390625 0.048828125
0 0.24453124403953552 0.3544921875 0.0390625 0.048828125
0 0.25078123807907104 0.2998046875 0.0390625 0.048828125
0 0.2554687559604645 0.2431640625 0.0390625 0.048828125
0 0.26484376192092896 0.6416015625 0.0390625 0.048828125
0 0.26953125 0.5849609375 0.0390625 0.048828125
0 0.2757812440395355 0.5283203125 0.0390625 0.048828125
0 0.28046876192092896 0.4736328125 0.0390625 0.048828125
0 0.28515625 0.4169921875 0.0390625 0.048828125
0 0.28984373807907104 0.3603515625 0.0390625 0.048828125
0 0.29609376192092896 0.3056640625 0.0390625 0.048828125
0 0.30078125 0.2490234375 0.0390625 0.048828125
0 0.3101562559604645 0.6474609375 0.0390625 0.048828125
0 0.3148437440395355 0.5908203125 0.0390625 0.048828125
0 0.32109373807907104 0.5341796875 0.0390625 0.048828125
0 0.3257812559604645 0.4794921875 0.0390625 0.048828125
0 0.3304687440395355 0.4228515625 0.0390625 0.048828125
0 0.33515626192092896 0.3662109375 0.0390625 0.048828125
0 0.33984375 0.3115234375 0.0390625 0.048828125
0 0.3460937440395355 0.2548828125 0.0390625 0.048828125
0 0.35546875 0.6533203125 0.0390625 0.048828125
0 0.36015623807907104 0.5966796875 0.0390625 0.048828125
0 0.36640626192092896 0.5400390625 0.0390625 0.048828125
0 0.37109375 0.4853515625 0.0390625 0.048828125
0 0.37578123807907104 0.4287109375 0.0390625 0.048828125
0 0.3804687559604645 0.3720703125 0.0390625 0.048828125
0 0.3851562440395355 0.3173828125 0.0390625 0.048828125
0 0.39140623807907104 0.2607421875 0.0390625 0.048828125
0 0.4007812440395355 0.6591796875 0.0390625 0.048828125
0 0.40546876192092896 0.6025390625 0.0390625 0.048828125
0 0.41015625 0.5458984375 0.0390625 0.048828125
0 0.4164062440395355 0.4912109375 0.0390625 0.048828125
0 0.42109376192092896 0.4345703125 0.0390625 0.048828125
0 0.42578125 0.3798828125 0.0390625 0.048828125
0 0.43046873807907104 0.3232421875 0.0390625 0.048828125
0 0.4351562559604645 0.2666015625 0.0390625 0.048828125
0 0.44609373807907104 0.6650390625 0.0390625 0.048828125
0 0.4507812559604645 0.6083984375 0.0390625 0.048828125
0 0.4554687440395355 0.5537109375 0.0390625 0.048828125
0 0.46171873807907104 0.4970703125 0.0390625 0.048828125
0 0.4664062559604645 0.4404296875 0.0390625 0.048828125
0 0.4710937440395355 0.3857421875 0.0390625 0.048828125
0 0.47578126192092896 0.3291015625 0.0390625 0.048828125
0 0.48046875 0.2744140625 0.0390625 0.048828125
0 0.49140626192092896 0.6708984375 0.0390625 0.048828125
0 0.49609375 0.6142578125 0.0390625 0.048828125
0 0.500781238079071 0.5595703125 0.0390625 0.048828125
0 0.507031261920929 0.5029296875 0.0390625 0.048828125
0 0.51171875 0.4462890625 0.0390625 0.048828125
0 0.516406238079071 0.3916015625 0.0390625 0.048828125
0 0.5210937261581421 0.3349609375 0.0390625 0.048828125
0 0.5257812738418579 0.2802734375 0.0390625 0.048828125
0 0.5367187261581421 0.6787109375 0.0390625 0.048828125
0 0.5414062738418579 0.6220703125 0.0390625 0.048828125
0 0.547656238079071 0.5654296875 0.0390625 0.048828125
0 0.5523437261581421 0.5087890625 0.0390625 0.048828125
0 0.5570312738418579 0.4521484375 0.0390625 0.048828125
0 0.561718761920929 0.3974609375 0.0390625 0.048828125
0 0.56640625 0.3408203125 0.0390625 0.048828125
0 0.571093738079071 0.2861328125 0.0390625 0.048828125
0 0.58203125 0.6845703125 0.0390625 0.048828125
0 0.586718738079071 0.6279296875 0.0390625 0.048828125
0 0.5914062261581421 0.5712890625 0.0390625 0.048828125
0 0.59765625 0.5146484375 0.0390625 0.048828125
0 0.602343738079071 0.4599609375 0.0390625 0.048828125
0 0.6070312261581421 0.4033203125 0.0390625 0.048828125
0 0.6117187738418579 0.3466796875 0.0390625 0.048828125
0 0.616406261920929 0.2919921875 0.0390625 0.048828125
0 0.62890625 0.6904296875 0.0390625 0.048828125
0 0.633593738079071 0.6337890625 0.0390625 0.048828125
0 0.6382812261581421 0.5771484375 0.0390625 0.048828125
0 0.6429687738418579 0.5205078125 0.0390625 0.048828125
0 0.647656261920929 0.4658203125 0.0390625 0.048828125
0 0.65234375 0.4091796875 0.0390625 0.048828125
0 0.657031238079071 0.3525390625 0.0390625 0.048828125
0 0.6617187261581421 0.2978515625 0.0390625 0.048828125
0 0.6742187738418579 0.6962890625 0.0390625 0.048828125
0 0.678906261920929 0.6396484375 0.0390625 0.048828125
0 0.68359375 0.5830078125 0.0390625 0.048828125
0 0.688281238079071 0.5263671875 0.0390625 0.048828125
0 0.6929687261581421 0.4716796875 0.0390625 0.048828125
0 0.6976562738418579 0.4150390625 0.0390625 0.048828125
0 0.702343761920929 0.3583984375 0.0390625 0.048828125
0 0.70703125 0.3037109375 0.0390625 0.048828125
