0 0.18828125298023224 0.2353515625 0.0390625 0.048828125
0 0.19140625 0.2919921875 0.0390625 0.048828125
0 0.19453124701976776 0.3466796875 0.0390625 0.048828125
0 0.19765624403953552 0.4013671875 0.0390625 0.048828125
0 0.20078125596046448 0.4560546875 0.0390625 0.048828125
0 0.20390625298023224 0.5126953125 0.0390625 0.048828125
0 0.20703125 0.5673828125 0.0390625 0.048828125
0 0.21015624701976776 0.6240234375 0.0390625 0.048828125
0 0.22890624403953552 0.2431640625 0.0390625 0.048828125
0 0.23203125596046448 0.2978515625 0.0390625 0.048828125
0 0.23515625298023224 0.3525390625 0.0390625 0.048828125
0 0.23984375596046448 0.4072265625 0.0390625 0.048828125
0 0.24140624701976776 0.4619140625 0.0390625 0.048828125
0 0.24453124403953552 0.5166015625 0.0390625 0.048828125
0 0.24765625596046448 0.5732421875 0.0390625 0.048828125
0 0.25078123807907104 0.6279296875 0.0390625 0.048828125
0 0.26953125 0.2490234375 0.0390625 0.048828125
0 0.27265626192092896 0.3037109375 0.0390625 0.048828125
0 0.2757812440395355 0.3583984375 0.0390625 0.048828125
0 0.2789062559604645 0.4130859375 0.0390625 0.048828125
0 0.28203123807907104 0.4677734375 0.0390625 0.048828125
0 0.28515625 0.5224609375 0.0390625 0.048828125
0 0.28828126192092896 0.5771484375 0.0390625 0.048828125
0 0.29296875 0.6337890625 0.0390625 0.048828125
0 0.3101562559604645 0.2548828125 0.0390625 0.048828125
0 0.31328123807907104 0.3095703125 0.0390625 0.048828125
0 0.31640625 0.3623046875 0.0390625 0.048828125
0 0.31953126192092896 0.4169921875 0.0390625 0.048828125
0 0.3226562440395355 0.4716796875 0.0390625 0.048828125
0 0.3257812559604645 0.5263671875 0.0390625 0.048828125
0 0.32890623807907104 0.5830078125 0.0390625 0.048828125
0 0.33203125 0.6376953125 0.0390625 0.048828125
0 0.3492187559604645 0.2607421875 0.0390625 0.048828125
0 0.35234373807907104 0.3154296875 0.0390625 0.048828125
0 0.35546875 0.3681640625 0.0390625 0.048828125
0 0.35859376192092896 0.4228515625 0.0390625 0.048828125
0 0.36328125 0.4775390625 0.0390625 0.048828125
0 0.36640626192092896 0.5322265625 0.0390625 0.048828125
0 0.3695312440395355 0.5869140625 0.0390625 0.048828125
0 0.3726562559604645 0.6416015625 0.0390625 0.048828125
0 0.3882812559604645 0.2666015625 0.0390625 0.048828125
0 0.39140623807907104 0.3212890625 0.0390625 0.048828125
0 0.3960937559604645 0.3740234375 0.0390625 0.048828125
0 0.39921873807907104 0.4287109375 0.0390625 0.048828125
0 0.40234375 0.4833984375 0.0390625 0.048828125
0 0.40546876192092896 0.5361328125 0.0390625 0.048828125
0 0.4085937440395355 0.5908203125 0.0390625 0.048828125
0 0.4117187559604645 0.6474609375 0.0390625 0.048828125
0 0.4273437559604645 0.2724609375 0.0390625 0.048828125
0 0.43046873807907104 0.3251953125 0.0390625 0.048828125
0 0.4351562559604645 0.3798828125 0.0390625 0.048828125
0 0.43828123807907104 0.4345703125 0.0390625 0.048828125
0 0.44140625 0.4873046875 0.0390625 0.048828125
0 0.44453126192092896 0.5419921875 0.0390625 0.048828125
0 0.4476562440395355 0.5966796875 0.0390625 0.048828125
0 0.45234376192092896 0.6513671875 0.0390625 0.048828125
0 0.4664062559604645 0.2783203125 0.0390625 0.048828125
0 0.46953123807907104 0.3310546875 0.0390625 0.048828125
0 0.47265625 0.3857421875 0.0390625 0.048828125
0 0.47734373807907104 0.4384765625 0.0390625 0.048828125
0 0.48046875 0.4931640625 0.0390625 0.048828125
0 0.48359376192092896 0.5478515625 0.0390625 0.048828125
0 0.48828125 0.6005859375 0.0390625 0.048828125
0 0.49140626192092896 0.6552734375 0.0390625 0.048828125
0 0.5054687261581421 0.2841796875 0.0390625 0.048828125
0 0.508593738079071 0.3369140625 0.0390625 0.048828125
0 0.51171875 0.3916015625 0.0390625 0.048828125
0 0.514843761920929 0.4443359375 0.0390625 0.048828125
0 0.51953125 0.4970703125 0.0390625 0.048828125
0 0.522656261920929 0.5517578125 0.0390625 0.048828125
0 0.5257812738418579 0.6064453125 0.0390625 0.048828125
0 0.530468761920929 0.6611328125 0.0390625 0.048828125
0 0.54296875 0.2900390625 0.0390625 0.048828125
0 0.546093761920929 0.3427734375 0.0390625 0.048828125
0 0.55078125 0.3955078125 0.0390625 0.048828125
0 0.553906261920929 0.4482421875 0.0390625 0.048828125
0 0.5570312738418579 0.5029296875 0.0390625 0.048828125
0 0.561718761920929 0.5556640625 0.0390625 0.048828125
0 0.5648437738418579 0.6103515625 0.0390625 0.048828125
0 0.569531261920929 0.6650390625 0.0390625 0.048828125
0 0.5804687738418579 0.2958984375 0.0390625 0.048828125
0 0.585156261920929 0.3486328125 0.0390625 0.048828125
0 0.5882812738418579 0.4013671875 0.0390625 0.048828125
0 0.5914062261581421 0.4541015625 0.0390625 0.048828125
0 0.5960937738418579 0.5087890625 0.0390625 0.048828125
0 0.5992187261581421 0.5615234375 0.0390625 0.048828125
0 0.6039062738418579 0.6162109375 0.0390625 0.048828125
0 0.6070312261581421 0.6689453125 0.0390625 0.048828125
