0 0.29609376192092896 0.7744140625 0.0390625 0.048828125
0 0.30390626192092896 0.7177734375 0.0390625 0.048828125
0 0.3101562559604645 0.6630859375 0.0390625 0.048828125
0 0.31640625 0.6064453125 0.0390625 0.048828125
0 0.32421875 0.5517578125 0.0390625 0.048828125
0 0.3304687440395355 0.4951171875 0.0390625 0.048828125
0 0.33671873807907104 0.4404296875 0.0390625 0.048828125
0 0.34453123807907104 0.3857421875 0.0390625 0.048828125
0 0.3414062559604645 0.7841796875 0.0390625 0.048828125
0 0.34765625 0.7275390625 0.0390625 0.048828125
0 0.3539062440395355 0.6728515625 0.0390625 0.048828125
0 0.3617187440395355 0.6162109375 0.0390625 0.048828125
0 0.36796873807907104 0.5615234375 0.0390625 0.048828125
0 0.37421876192092896 0.5068359375 0.0390625 0.048828125
0 0.38203126192092896 0.4501953125 0.0390625 0.048828125
0 0.3882812559604645 0.3955078125 0.0390625 0.048828125
0 0.3851562440395355 0.7939453125 0.0390625 0.048828125
0 0.3929687440395355 0.7373046875 0.0390625 0.048828125
0 0.39921873807907104 0.6806640625 0.0390625 0.048828125
0 0.40546876192092896 0.6259765625 0.0390625 0.048828125
0 0.4117187559604645 0.5712890625 0.0390625 0.048828125
0 0.4195312559604645 0.5166015625 0.0390625 0.048828125
0 0.42578125 0.4599609375 0.0390625 0.048828125
0 0.4320312440395355 0.4052734375 0.0390625 0.048828125
0 0.43046873807907104 0.8037109375 0.0390625 0.048828125
0 0.43671876192092896 0.7470703125 0.0390625 0.048828125
0 0.4429687559604645 0.6904296875 0.0390625 0.048828125
0 0.44921875 0.6357421875 0.0390625 0.048828125
0 0.4554687440395355 0.5810546875 0.0390625 0.048828125
0 0.4632812440395355 0.5263671875 0.0390625 0.048828125
0 0.46953123807907104 0.4697265625 0.0390625 0.048828125
0 0.47578126192092896 0.4150390625 0.0390625 0.048828125
0 0.4742187559604645 0.8134765625 0.0390625 0.048828125
0 0.48046875 0.7568359375 0.0390625 0.048828125
0 0.4867187440395355 0.7001953125 0.0390625 0.048828125
0 0.4945312440395355 0.6455078125 0.0390625 0.048828125
0 0.500781238079071 0.5908203125 0.0390625 0.048828125
0 0.507031261920929 0.5341796875 0.0390625 0.048828125
0 0.5132812261581421 0.4794921875 0.0390625 0.048828125
0 0.51953125 0.4248046875 0.0390625 0.048828125
0 0.5179687738418579 0.8232421875 0.0390625 0.048828125
0 0.5257812738418579 0.7666015625 0.0390625 0.048828125
0 0.532031238079071 0.7099609375 0.0390625 0.048828125
0 0.538281261920929 0.6552734375 0.0390625 0.048828125
0 0.5445312261581421 0.6005859375 0.0390625 0.048828125
0 0.55078125 0.5439453125 0.0390625 0.048828125
0 0.5570312738418579 0.4892578125 0.0390625 0.048828125
0 0.563281238079071 0.4345703125 0.0390625 0.048828125
0 0.563281238079071 0.8330078125 0.0390625 0.048828125
0 0.569531261920929 0.7763671875 0.0390625 0.048828125
0 0.5757812261581421 0.7197265625 0.0390625 0.048828125
0 0.58203125 0.6650390625 0.0390625 0.048828125
0 0.5882812738418579 0.6103515625 0.0390625 0.048828125
0 0.594531238079071 0.5537109375 0.0390625 0.048828125
0 0.600781261920929 0.4990234375 0.0390625 0.048828125
0 0.6070312261581421 0.4443359375 0.0390625 0.048828125
0 0.6070312261581421 0.8427734375 0.0390625 0.048828125
0 0.61328125 0.7861328125 0.0390625 0.048828125
0 0.6195312738418579 0.7294921875 0.0390625 0.048828125
0 0.625781238079071 0.6748046875 0.0390625 0.048828125
0 0.632031261920929 0.6181640625 0.0390625 0.048828125
0 0.6382812261581421 0.5634765625 0.0390625 0.048828125
0 0.64453125 0.5087890625 0.0390625 0.048828125
0 0.6507812738418579 0.4541015625 0.0390625 0.048828125
0 0.6507812738418579 0.8505859375 0.0390625 0.048828125
0 0.657031238079071 0.7958984375 0.0390625 0.048828125
0 0.663281261920929 0.7392578125 0.0390625 0.048828125
0 0.6695312261581421 0.6845703125 0.0390625 0.048828125
0 0.67578125 0.6298828125 0.0390625 0.048828125
0 0.6820312738418579 0.5732421875 0.0390625 0.048828125
0 0.688281238079071 0.5185546875 0.0390625 0.048828125
0 0.694531261920929 0.4638671875 0.0390625 0.048828125
0 0.696093738079071 0.8623046875 0.0390625 0.048828125
0 0.702343761920929 0.8056640625 0.0390625 0.048828125
0 0.7085937261581421 0.7490234375 0.0390625 0.048828125
0 0.71484375 0.6943359375 0.0390625 0.048828125
0 0.719531238079071 0.6396484375 0.0390625 0.048828125
0 0.725781261920929 0.5830078125 0.0390625 0.048828125
0 0.7320312261581421 0.5283203125 0.0390625 0.048828125
0 0.73828125 0.4736328125 0.0390625 0.048828125
0 0.7398437261581421 0.8720703125 0.0390625 0.048828125
0 0.74609375 0.8154296875 0.0390625 0.048828125
0 0.7523437738418579 0.7587890625 0.0390625 0.048828125
0 0.758593738079071 0.7041015625 0.0390625 0.048828125
0 0.764843761920929 0.6494140625 0.0390625 0.048828125
0 0.7710937261581421 0.5927734375 0.0390625 0.048828125
0 0.7757812738418579 0.5380859375 0.0390625 0.048828125
0 0.782031238079071 0.4833984375 0.0390625 0.048828125
