0 0.18671874701976776 0.4443359375 0.0390625 0.048828125
0 0.20859375596046448 0.4873046875 0.0390625 0.048828125
0 0.23046875 0.5302734375 0.0390625 0.048828125
0 0.2523437440395355 0.5751953125 0.0390625 0.048828125
0 0.27421873807907104 0.6201171875 0.0390625 0.048828125
0 0.29609376192092896 0.6650390625 0.0390625 0.048828125
0 0.3179687559604645 0.7119140625 0.0390625 0.048828125
0 0.3414062559604645 0.7568359375 0.0390625 0.048828125
0 0.22578124701976776 0.4189453125 0.0390625 0.048828125
0 0.24765625596046448 0.4619140625 0.0390625 0.048828125
0 0.26953125 0.5068359375 0.0390625 0.048828125
0 0.2914062440395355 0.5517578125 0.0390625 0.048828125
0 0.31328123807907104 0.5966796875 0.0390625 0.048828125
0 0.33671873807907104 0.6416015625 0.0390625 0.048828125
0 0.35859376192092896 0.6865234375 0.0390625 0.048828125
0 0.3804687559604645 0.7314453125 0.0390625 0.048828125
0 0.26484376192092896 0.3955078125 0.0390625 0.048828125
0 0.2867187559604645 0.4384765625 0.0390625 0.048828125
0 0.3101562559604645 0.4814453125 0.0390625 0.048828125
0 0.33203125 0.5263671875 0.0390625 0.048828125
0 0.3539062440395355 0.5712890625 0.0390625 0.048828125
0 0.37578123807907104 0.6162109375 0.0390625 0.048828125
0 0.39765626192092896 0.6611328125 0.0390625 0.048828125
0 0.4195312559604645 0.7080078125 0.0390625 0.048828125
0 0.30390626192092896 0.3701171875 0.0390625 0.048828125
0 0.3257812559604645 0.4130859375 0.0390625 0.048828125
0 0.3492187559604645 0.4580078125 0.0390625 0.048828125
0 0.37109375 0.5029296875 0.0390625 0.048828125
0 0.3929687440395355 0.5478515625 0.0390625 0.048828125
0 0.41484373807907104 0.5908203125 0.0390625 0.048828125
0 0.43828123807907104 0.6376953125 0.0390625 0.048828125
0 0.46015626192092896 0.6826171875 0.0390625 0.048828125
0 0.34296876192092896 0.3466796875 0.0390625 0.048828125
0 0.36640626192092896 0.3916015625 0.0390625 0.048828125
0 0.3882812559604645 0.4345703125 0.0390625 0.048828125
0 0.41015625 0.4775390625 0.0390625 0.048828125
0 0.4320312440395355 0.5224609375 0.0390625 0.048828125
0 0.4554687440395355 0.5673828125 0.0390625 0.048828125
0 0.47734373807907104 0.6123046875 0.0390625 0.048828125
0 0.49921876192092896 0.6572265625 0.0390625 0.048828125
0 0.38203126192092896 0.3232421875 0.0390625 0.048828125
0 0.4039062559604645 0.3662109375 0.0390625 0.048828125
0 0.4273437559604645 0.4111328125 0.0390625 0.048828125
0 0.44921875 0.4541015625 0.0390625 0.048828125
0 0.4710937440395355 0.4990234375 0.0390625 0.048828125
0 0.4945312440395355 0.5439453125 0.0390625 0.048828125
0 0.516406238079071 0.5888671875 0.0390625 0.048828125
0 0.538281261920929 0.6337890625 0.0390625 0.048828125
0 0.42109376192092896 0.2978515625 0.0390625 0.048828125
0 0.4429687559604645 0.3427734375 0.0390625 0.048828125
0 0.4664062559604645 0.3857421875 0.0390625 0.048828125
0 0.48828125 0.4306640625 0.0390625 0.048828125
0 0.5101562738418579 0.4736328125 0.0390625 0.048828125
0 0.5335937738418579 0.5185546875 0.0390625 0.048828125
0 0.555468738079071 0.5634765625 0.0390625 0.048828125
0 0.578906238079071 0.6103515625 0.0390625 0.048828125
0 0.4585937559604645 0.2744140625 0.0390625 0.048828125
0 0.4820312559604645 0.3193359375 0.0390625 0.048828125
0 0.50390625 0.3623046875 0.0390625 0.048828125
0 0.52734375 0.4072265625 0.0390625 0.048828125
0 0.5492187738418579 0.4501953125 0.0390625 0.048828125
0 0.5726562738418579 0.4951171875 0.0390625 0.048828125
0 0.594531238079071 0.5400390625 0.0390625 0.048828125
0 0.617968738079071 0.5849609375 0.0390625 0.048828125
0 0.4976562559604645 0.2509765625 0.0390625 0.048828125
0 0.51953125 0.2939453125 0.0390625 0.048828125
0 0.54296875 0.3388671875 0.0390625 0.048828125
0 0.5648437738418579 0.3818359375 0.0390625 0.048828125
0 0.5882812738418579 0.4267578125 0.0390625 0.048828125
0 0.6117187738418579 0.4716796875 0.0390625 0.048828125
0 0.633593738079071 0.5166015625 0.0390625 0.048828125
0 0.657031238079071 0.5615234375 0.0390625 0.048828125
0 0.53515625 0.2275390625 0.0390625 0.048828125
0 0.55859375 0.2705078125 0.0390625 0.048828125
0 0.5804687738418579 0.3154296875 0.0390625 0.048828125
0 0.6039062738418579 0.3583984375 0.0390625 0.048828125
0 0.6273437738418579 0.4033203125 0.0390625 0.048828125
0 0.649218738079071 0.4482421875 0.0390625 0.048828125
0 0.672656238079071 0.4931640625 0.0390625 0.048828125
0 0.696093738079071 0.5380859375 0.0390625 0.048828125
0 0.5726562738418579 0.2021484375 0.0390625 0.048828125
0 0.5960937738418579 0.2470703125 0.0390625 0.048828125
0 0.6195312738418579 0.2900390625 0.0390625 0.048828125
0 0.6429687738418579 0.3349609375 0.0390625 0.048828125
0 0.664843738079071 0.3779296875 0.0390625 0.048828125
0 0.688281238079071 0.4228515625 0.0390625 0.048828125
0 0.711718738079071 0.4677734375 0.0390625 0.048828125
0 0.735156238079071 0.5126953125 0.0390625 0.048828125
