0 0.29765623807907104 0.4619140625 0.0390625 0.048828125
0 0.32421875 0.4169921875 0.0390625 0.048828125
0 0.3492187559604645 0.3720703125 0.0390625 0.048828125
0 0.37578123807907104 0.3291015625 0.0390625 0.048828125
0 0.40234375 0.2841796875 0.0390625 0.048828125
0 0.4273437559604645 0.2392578125 0.0390625 0.048828125
0 0.45390623807907104 0.1943359375 0.0390625 0.048828125
0 0.48046875 0.1494140625 0.0390625 0.048828125
0 0.32734376192092896 0.4912109375 0.0390625 0.048828125
0 0.3539062440395355 0.4462890625 0.0390625 0.048828125
0 0.37890625 0.4033203125 0.0390625 0.048828125
0 0.40546876192092896 0.3583984375 0.0390625 0.048828125
0 0.4320312440395355 0.3134765625 0.0390625 0.048828125
0 0.4585937559604645 0.2685546875 0.0390625 0.048828125
0 0.48515623807907104 0.2236328125 0.0390625 0.048828125
0 0.51171875 0.1787109375 0.0390625 0.048828125
0 0.3570312559604645 0.5205078125 0.0390625 0.048828125
0 0.38359373807907104 0.4775390625 0.0390625 0.048828125
0 0.41015625 0.4326171875 0.0390625 0.048828125
0 0.43671876192092896 0.3876953125 0.0390625 0.048828125
0 0.4632812440395355 0.3427734375 0.0390625 0.048828125
0 0.4898437559604645 0.2978515625 0.0390625 0.048828125
0 0.516406238079071 0.2529296875 0.0390625 0.048828125
0 0.54296875 0.2080078125 0.0390625 0.048828125
0 0.38671875 0.5517578125 0.0390625 0.048828125
0 0.41328126192092896 0.5068359375 0.0390625 0.048828125
0 0.4398437440395355 0.4619140625 0.0390625 0.048828125
0 0.4664062559604645 0.4189453125 0.0390625 0.048828125
0 0.49296873807907104 0.3740234375 0.0390625 0.048828125
0 0.51953125 0.3291015625 0.0390625 0.048828125
0 0.546093761920929 0.2841796875 0.0390625 0.048828125
0 0.57421875 0.2392578125 0.0390625 0.048828125
0 0.41796875 0.5830078125 0.0390625 0.048828125
0 0.44453126192092896 0.5380859375 0.0390625 0.048828125
0 0.4710937440395355 0.4931640625 0.0390625 0.048828125
0 0.4976562559604645 0.4482421875 0.0390625 0.048828125
0 0.524218738079071 0.4033203125 0.0390625 0.048828125
0 0.55078125 0.3583984375 0.0390625 0.048828125
0 0.577343761920929 0.3134765625 0.0390625 0.048828125
0 0.6039062738418579 0.2685546875 0.0390625 0.048828125
0 0.4476562440395355 0.6142578125 0.0390625 0.048828125
0 0.4742187559604645 0.5693359375 0.0390625 0.048828125
0 0.500781238079071 0.5244140625 0.0390625 0.048828125
0 0.52734375 0.4794921875 0.0390625 0.048828125
0 0.555468738079071 0.4345703125 0.0390625 0.048828125
0 0.58203125 0.3896484375 0.0390625 0.048828125
0 0.608593761920929 0.3447265625 0.0390625 0.048828125
0 0.63671875 0.2978515625 0.0390625 0.048828125
0 0.4789062440395355 0.6455078125 0.0390625 0.048828125
0 0.5054687261581421 0.5986328125 0.0390625 0.048828125
0 0.532031238079071 0.5537109375 0.0390625 0.048828125
0 0.55859375 0.5087890625 0.0390625 0.048828125
0 0.585156261920929 0.4638671875 0.0390625 0.048828125
0 0.61328125 0.4189453125 0.0390625 0.048828125
0 0.639843761920929 0.3740234375 0.0390625 0.048828125
0 0.66796875 0.3291015625 0.0390625 0.048828125
0 0.5101562738418579 0.6767578125 0.0390625 0.048828125
0 0.5367187261581421 0.6298828125 0.0390625 0.048828125
0 0.563281238079071 0.5849609375 0.0390625 0.048828125
0 0.58984375 0.5400390625 0.0390625 0.048828125
0 0.617968738079071 0.4951171875 0.0390625 0.048828125
0 0.64453125 0.4501953125 0.0390625 0.048828125
0 0.671093761920929 0.4052734375 0.0390625 0.048828125
0 0.69921875 0.3583984375 0.0390625 0.048828125
0 0.5414062738418579 0.7080078125 0.0390625 0.048828125
0 0.5679687261581421 0.6630859375 0.0390625 0.048828125
0 0.594531238079071 0.6162109375 0.0390625 0.048828125
0 0.62109375 0.5712890625 0.0390625 0.048828125
0 0.649218738079071 0.5263671875 0.0390625 0.048828125
0 0.67578125 0.4814453125 0.0390625 0.048828125
0 0.703906238079071 0.4345703125 0.0390625 0.048828125
0 0.7320312261581421 0.3896484375 0.0390625 0.048828125
0 0.5726562738418579 0.7392578125 0.0390625 0.048828125
0 0.5992187261581421 0.6943359375 0.0390625 0.048828125
0 0.625781238079071 0.6474609375 0.0390625 0.048828125
0 0.6539062261581421 0.6025390625 0.0390625 0.048828125
0 0.680468738079071 0.5576171875 0.0390625 0.048828125
0 0.7085937261581421 0.5126953125 0.0390625 0.048828125
0 0.7367187738418579 0.4658203125 0.0390625 0.048828125
0 0.7632812261581421 0.4208984375 0.0390625 0.048828125
0 0.6039062738418579 0.7724609375 0.0390625 0.048828125
0 0.6304687261581421 0.7255859375 0.0390625 0.048828125
0 0.6585937738418579 0.6806640625 0.0390625 0.048828125
0 0.6851562261581421 0.6337890625 0.0390625 0.048828125
0 0.7132812738418579 0.5888671875 0.0390625 0.048828125
0 0.7398437261581421 0.5419921875 0.0390625 0.048828125
0 0.7679687738418579 0.4970703125 0.0390625 0.048828125
0 0.796093761920929 0.4501953125 0.0390625 0.048828125
