0 0.3765625059604645 0.728515625 0.028125 0.04296875
0 0.3804687559604645 0.6728515625 0.0265625 0.041015625
0 0.3843750059604645 0.6171875 0.028125 0.04296875
0 0.3882812559604645 0.5615234375 0.0265625 0.041015625
0 0.3921875059604645 0.505859375 0.028125 0.0390625
0 0.3960937559604645 0.4501953125 0.0265625 0.041015625
0 0.4000000059604645 0.3955078125 0.025 0.041015625
0 0.4039062559604645 0.33984375 0.0265625 0.0390625
0 0.4078125059604645 0.732421875 0.025 0.0390625
0 0.4117187559604645 0.6767578125 0.0234375 0.041015625
0 0.4156250059604645 0.62109375 0.025 0.0390625
0 0.4195312559604645 0.5654296875 0.0234375 0.041015625
0 0.42265623807907104 0.509765625 0.0234375 0.0390625
0 0.42656248807907104 0.4541015625 0.025 0.041015625
0 0.4312500059604645 0.3984375 0.025 0.0390625
0 0.4351562559604645 0.34375 0.0234375 0.0390625
0 0.4390625059604645 0.7373046875 0.025 0.041015625
0 0.44218748807907104 0.681640625 0.025 0.0390625
0 0.44609373807907104 0.6259765625 0.0265625 0.041015625
0 0.44999998807907104 0.5693359375 0.025 0.041015625
0 0.45390623807907104 0.5126953125 0.0234375 0.041015625
0 0.45781248807907104 0.4580078125 0.025 0.041015625
0 0.46171873807907104 0.40234375 0.0234375 0.0390625
0 0.46562498807907104 0.345703125 0.025 0.0390625
0 0.46953123807907104 0.7431640625 0.0265625 0.041015625
0 0.47343748807907104 0.6865234375 0.025 0.041015625
0 0.4765625 0.6298828125 0.025 0.041015625
0 0.48124998807907104 0.57421875 0.025 0.04296875
0 0.48515623807907104 0.5185546875 0.0234375 0.041015625
0 0.48906248807907104 0.4619140625 0.025 0.041015625
0 0.49296873807907104 0.4052734375 0.0265625 0.041015625
0 0.4976562559604645 0.349609375 0.0265625 0.0390625
0 0.5 0.748046875 0.028125 0.04296875
0 0.503125011920929 0.69140625 0.025 0.0390625
0 0.5093749761581421 0.6337890625 0.025 0.041015625
0 0.510937511920929 0.578125 0.025 0.04296875
0 0.5171874761581421 0.521484375 0.025 0.0390625
0 0.51953125 0.4658203125 0.0234375 0.041015625
0 0.5249999761581421 0.4091796875 0.025 0.041015625
0 0.52734375 0.3525390625 0.0234375 0.041015625
0 0.5328124761581421 0.7529296875 0.025 0.041015625
0 0.5367187261581421 0.6962890625 0.0265625 0.041015625
0 0.5406249761581421 0.6396484375 0.025 0.041015625
0 0.5445312261581421 0.5830078125 0.0265625 0.041015625
0 0.5484374761581421 0.5263671875 0.025 0.041015625
0 0.5523437261581421 0.4697265625 0.0265625 0.041015625
0 0.5562499761581421 0.4130859375 0.025 0.041015625
0 0.5601562261581421 0.35546875 0.0234375 0.0390625
0 0.5648437738418579 0.7578125 0.0265625 0.04296875
0 0.5679687261581421 0.7001953125 0.0234375 0.041015625
0 0.5726562738418579 0.6435546875 0.0265625 0.041015625
0 0.5757812261581421 0.5869140625 0.0234375 0.041015625
0 0.5804687738418579 0.529296875 0.0265625 0.04296875
0 0.5835937261581421 0.47265625 0.0234375 0.04296875
0 0.589062511920929 0.416015625 0.025 0.04296875
0 0.592968761920929 0.3583984375 0.0265625 0.041015625
0 0.596875011920929 0.763671875 0.025 0.04296875
0 0.6015625 0.7060546875 0.025 0.041015625
0 0.60546875 0.6484375 0.0265625 0.04296875
0 0.609375 0.5908203125 0.025 0.041015625
0 0.61328125 0.5341796875 0.0265625 0.041015625
0 0.6171875 0.4765625 0.025 0.04296875
0 0.62109375 0.4189453125 0.0234375 0.041015625
0 0.625 0.3623046875 0.028125 0.041015625
0 0.6304687261581421 0.76953125 0.0265625 0.04296875
0 0.6343749761581421 0.7109375 0.025 0.04296875
0 0.6382812261581421 0.6533203125 0.0265625 0.041015625
0 0.6421874761581421 0.595703125 0.025 0.0390625
0 0.6460937261581421 0.5380859375 0.0265625 0.041015625
0 0.6507812738418579 0.48046875 0.0265625 0.04296875
0 0.6539062261581421 0.4228515625 0.0265625 0.041015625
0 0.6585937738418579 0.365234375 0.0265625 0.04296875
0 0.663281261920929 0.775390625 0.0265625 0.04296875
0 0.667187511920929 0.716796875 0.025 0.04296875
0 0.671093761920929 0.658203125 0.0265625 0.04296875
0 0.67578125 0.6005859375 0.0265625 0.041015625
0 0.6796875 0.5419921875 0.028125 0.041015625
0 0.68359375 0.484375 0.0265625 0.04296875
0 0.6875 0.4267578125 0.028125 0.041015625
0 0.69140625 0.369140625 0.0265625 0.04296875
0 0.6968749761581421 0.7802734375 0.03125 0.044921875
0 0.7007812261581421 0.7216796875 0.0296875 0.044921875
0 0.7046874761581421 0.6630859375 0.028125 0.044921875
0 0.7093750238418579 0.60546875 0.028125 0.04296875
0 0.7124999761581421 0.5458984375 0.03125 0.044921875
0 0.7164062261581421 0.4892578125 0.0234375 0.041015625
0 0.7203124761581421 0.4306640625 0.025 0.041015625
0 0.7242187261581421 0.3720703125 0.0234375 0.041015625
