0 0.0062500000931322575 0.4794921875 0.0125 0.048828125
0 0.01406249962747097 0.537109375 0.028125 0.046875
0 0.02109375037252903 0.5947265625 0.0421875 0.048828125
0 0.03125 0.6513671875 0.040625 0.048828125
0 0.0390625 0.7080078125 0.040625 0.048828125
0 0.04921875149011612 0.7646484375 0.0390625 0.048828125
0 0.05703125149011612 0.8232421875 0.0390625 0.048828125
0 0.06484375149011612 0.8798828125 0.0390625 0.048828125
0 0.05078125 0.4755859375 0.0390625 0.048828125
0 0.05859375 0.5322265625 0.0390625 0.048828125
0 0.06718750298023224 0.5888671875 0.040625 0.048828125
0 0.07578124850988388 0.6455078125 0.0390625 0.048828125
0 0.08359374850988388 0.7021484375 0.0390625 0.048828125
0 0.09296874701976776 0.7587890625 0.0390625 0.048828125
0 0.10078124701976776 0.8154296875 0.0390625 0.048828125
0 0.10859374701976776 0.8740234375 0.0390625 0.048828125
0 0.09453125298023224 0.4716796875 0.0390625 0.048828125
0 0.10234375298023224 0.5283203125 0.0390625 0.048828125
0 0.11015625298023224 0.5830078125 0.0390625 0.048828125
0 0.11953125149011612 0.6396484375 0.0390625 0.048828125
0 0.12734374403953552 0.6962890625 0.0390625 0.048828125
0 0.13671875 0.7529296875 0.0390625 0.048828125
0 0.14453125 0.8095703125 0.0390625 0.048828125
0 0.15234375 0.8681640625 0.0390625 0.048828125
0 0.13671875 0.4677734375 0.0390625 0.048828125
0 0.14609375596046448 0.5224609375 0.0390625 0.048828125
0 0.15390625596046448 0.5791015625 0.0390625 0.048828125
0 0.16171875596046448 0.6357421875 0.0390625 0.048828125
0 0.17109374701976776 0.6904296875 0.0390625 0.048828125
0 0.17890624701976776 0.7470703125 0.0390625 0.048828125
0 0.18828125298023224 0.8037109375 0.0390625 0.048828125
0 0.19609375298023224 0.8603515625 0.0390625 0.048828125
0 0.17890624701976776 0.4619140625 0.0390625 0.048828125
0 0.18828125298023224 0.5185546875 0.0390625 0.048828125
0 0.19609375298023224 0.5732421875 0.0390625 0.048828125
0 0.20546874403953552 0.6298828125 0.0390625 0.048828125
0 0.21328124403953552 0.6845703125 0.0390625 0.048828125
0 0.22265625 0.7412109375 0.0390625 0.048828125
0 0.23046875 0.7978515625 0.0390625 0.048828125
0 0.23828125 0.8544921875 0.0390625 0.048828125
0 0.22109374403953552 0.4580078125 0.0390625 0.048828125
0 0.23046875 0.5126953125 0.0390625 0.048828125
0 0.23828125 0.5693359375 0.0390625 0.048828125
0 0.24765625596046448 0.6240234375 0.0390625 0.048828125
0 0.2554687559604645 0.6787109375 0.0390625 0.048828125
0 0.26484376192092896 0.7353515625 0.0390625 0.048828125
0 0.27265626192092896 0.7919921875 0.0390625 0.048828125
0 0.28046876192092896 0.8486328125 0.0390625 0.048828125
0 0.2632812559604645 0.4541015625 0.0390625 0.048828125
0 0.27265626192092896 0.5087890625 0.0390625 0.048828125
0 0.28046876192092896 0.5634765625 0.0390625 0.048828125
0 0.28984373807907104 0.6181640625 0.0390625 0.048828125
0 0.29765623807907104 0.6748046875 0.0390625 0.048828125
0 0.30546873807907104 0.7294921875 0.0390625 0.048828125
0 0.3148437440395355 0.7861328125 0.0390625 0.048828125
0 0.3226562440395355 0.8427734375 0.0390625 0.048828125
0 0.30546873807907104 0.4482421875 0.0390625 0.048828125
0 0.31328123807907104 0.5029296875 0.0390625 0.048828125
0 0.3226562440395355 0.5576171875 0.0390625 0.048828125
0 0.3304687440395355 0.6142578125 0.0390625 0.048828125
0 0.33984375 0.6689453125 0.0390625 0.048828125
0 0.34765625 0.7236328125 0.0390625 0.048828125
0 0.3570312559604645 0.7802734375 0.0390625 0.048828125
0 0.3648437559604645 0.8369140625 0.0390625 0.048828125
0 0.3460937440395355 0.4443359375 0.0390625 0.048828125
0 0.35546875 0.4990234375 0.0390625 0.048828125
0 0.36328125 0.5537109375 0.0390625 0.048828125
0 0.3726562559604645 0.6083984375 0.0390625 0.048828125
0 0.3804687559604645 0.6630859375 0.0390625 0.048828125
0 0.38984376192092896 0.7197265625 0.0390625 0.048828125
0 0.39765626192092896 0.7744140625 0.0390625 0.048828125
0 0.40703123807907104 0.8310546875 0.0390625 0.048828125
0 0.38671875 0.4404296875 0.0390625 0.048828125
0 0.3960937559604645 0.4931640625 0.0390625 0.048828125
0 0.4039062559604645 0.5498046875 0.0390625 0.048828125
0 0.41328126192092896 0.6025390625 0.0390625 0.048828125
0 0.42109376192092896 0.6591796875 0.0390625 0.048828125
0 0.43046873807907104 0.7138671875 0.0390625 0.048828125
0 0.43828123807907104 0.7685546875 0.0390625 0.048828125
0 0.4476562440395355 0.8251953125 0.0390625 0.048828125
0 0.4273437559604645 0.4345703125 0.0390625 0.048828125
0 0.43671876192092896 0.4892578125 0.0390625 0.048828125
0 0.44453126192092896 0.5439453125 0.0390625 0.048828125
0 0.45390623807907104 0.5986328125 0.0390625 0.048828125
0 0.46171873807907104 0.6533203125 0.0390625 0.048828125
0 0.4710937440395355 0.7080078125 0.0390625 0.048828125
0 0.4789062440395355 0.7626953125 0.0390625 0.048828125
0 0.48828125 0.8193359375 0.0390625 0.048828125
