0 0.19765624403953552 0.2548828125 0.0390625 0.048828125
0 0.21171875298023224 0.3095703125 0.0390625 0.048828125
0 0.22578124701976776 0.3623046875 0.0390625 0.048828125
0 0.23984375596046448 0.4150390625 0.0390625 0.048828125
0 0.25390625 0.4677734375 0.0390625 0.048828125
0 0.2679687440395355 0.5224609375 0.0390625 0.048828125
0 0.28203123807907104 0.5771484375 0.0390625 0.048828125
0 0.2945312559604645 0.6298828125 0.0390625 0.048828125
0 0.24140624701976776 0.2412109375 0.0390625 0.048828125
0 0.2554687559604645 0.2939453125 0.0390625 0.048828125
0 0.26953125 0.3466796875 0.0390625 0.048828125
0 0.2835937440395355 0.4013671875 0.0390625 0.048828125
0 0.29765623807907104 0.4541015625 0.0390625 0.048828125
0 0.31171876192092896 0.5068359375 0.0390625 0.048828125
0 0.3257812559604645 0.5615234375 0.0390625 0.048828125
0 0.3382812440395355 0.6142578125 0.0390625 0.048828125
0 0.28515625 0.2255859375 0.0390625 0.048828125
0 0.2992187440395355 0.2802734375 0.0390625 0.048828125
0 0.31328123807907104 0.3330078125 0.0390625 0.048828125
0 0.32734376192092896 0.3857421875 0.0390625 0.048828125
0 0.3414062559604645 0.4384765625 0.0390625 0.048828125
0 0.35546875 0.4912109375 0.0390625 0.048828125
0 0.3695312440395355 0.5458984375 0.0390625 0.048828125
0 0.38359373807907104 0.5986328125 0.0390625 0.048828125
0 0.32890623807907104 0.2119140625 0.0390625 0.048828125
0 0.34296876192092896 0.2646484375 0.0390625 0.048828125
0 0.3570312559604645 0.3173828125 0.0390625 0.048828125
0 0.37109375 0.3720703125 0.0390625 0.048828125
0 0.3851562440395355 0.4248046875 0.0390625 0.048828125
0 0.39921873807907104 0.4775390625 0.0390625 0.048828125
0 0.41328126192092896 0.5302734375 0.0390625 0.048828125
0 0.4273437559604645 0.5849609375 0.0390625 0.048828125
0 0.37109375 0.1962890625 0.0390625 0.048828125
0 0.38671875 0.2490234375 0.0390625 0.048828125
0 0.4007812440395355 0.3037109375 0.0390625 0.048828125
0 0.41484373807907104 0.3564453125 0.0390625 0.048828125
0 0.42890626192092896 0.4091796875 0.0390625 0.048828125
0 0.4429687559604645 0.4619140625 0.0390625 0.048828125
0 0.45703125 0.5166015625 0.0390625 0.048828125
0 0.4710937440395355 0.5693359375 0.0390625 0.048828125
0 0.41484373807907104 0.1826171875 0.0390625 0.048828125
0 0.42890626192092896 0.2353515625 0.0390625 0.048828125
0 0.4429687559604645 0.2880859375 0.0390625 0.048828125
0 0.45703125 0.3408203125 0.0390625 0.048828125
0 0.47265625 0.3935546875 0.0390625 0.048828125
0 0.4867187440395355 0.4482421875 0.0390625 0.048828125
0 0.49921876192092896 0.5009765625 0.0390625 0.048828125
0 0.5132812261581421 0.5556640625 0.0390625 0.048828125
0 0.45703125 0.1669921875 0.0390625 0.048828125
0 0.47265625 0.2197265625 0.0390625 0.048828125
0 0.4867187440395355 0.2724609375 0.0390625 0.048828125
0 0.500781238079071 0.3271484375 0.0390625 0.048828125
0 0.514843761920929 0.3798828125 0.0390625 0.048828125
0 0.5289062261581421 0.4326171875 0.0390625 0.048828125
0 0.54296875 0.4873046875 0.0390625 0.048828125
0 0.5570312738418579 0.5400390625 0.0390625 0.048828125
0 0.500781238079071 0.1533203125 0.0390625 0.048828125
0 0.514843761920929 0.2060546875 0.0390625 0.048828125
0 0.530468761920929 0.2587890625 0.0390625 0.048828125
0 0.5445312261581421 0.3115234375 0.0390625 0.048828125
0 0.55859375 0.3642578125 0.0390625 0.048828125
0 0.5726562738418579 0.4169921875 0.0390625 0.048828125
0 0.586718738079071 0.4716796875 0.0390625 0.048828125
0 0.600781261920929 0.5244140625 0.0390625 0.048828125
0 0.54296875 0.1376953125 0.0390625 0.048828125
0 0.5570312738418579 0.1904296875 0.0390625 0.048828125
0 0.5726562738418579 0.2431640625 0.0390625 0.048828125
0 0.586718738079071 0.2978515625 0.0390625 0.048828125
0 0.602343738079071 0.3505859375 0.0390625 0.048828125
0 0.6148437261581421 0.4033203125 0.0390625 0.048828125
0 0.6304687261581421 0.4560546875 0.0390625 0.048828125
0 0.64453125 0.5107421875 0.0390625 0.048828125
0 0.585156261920929 0.1220703125 0.0390625 0.048828125
0 0.600781261920929 0.1767578125 0.0390625 0.048828125
0 0.6148437261581421 0.2294921875 0.0390625 0.048828125
0 0.6304687261581421 0.2822265625 0.0390625 0.048828125
0 0.64453125 0.3349609375 0.0390625 0.048828125
0 0.6585937738418579 0.3876953125 0.0390625 0.048828125
0 0.672656238079071 0.4423828125 0.0390625 0.048828125
0 0.686718761920929 0.4951171875 0.0390625 0.048828125
0 0.62890625 0.1083984375 0.0390625 0.048828125
0 0.6429687738418579 0.1611328125 0.0390625 0.048828125
0 0.6585937738418579 0.2138671875 0.0390625 0.048828125
0 0.672656238079071 0.2666015625 0.0390625 0.048828125
0 0.686718761920929 0.3193359375 0.0390625 0.048828125
0 0.702343761920929 0.3740234375 0.0390625 0.048828125
0 0.7164062261581421 0.4267578125 0.0390625 0.048828125
0 0.73046875 0.4814453125 0.0390625 0.048828125
