0 0.27734375 0.6494140625 0.0390625 0.048828125
0 0.2835937440395355 0.5966796875 0.0390625 0.048828125
0 0.28828126192092896 0.5419921875 0.0390625 0.048828125
0 0.29296875 0.4892578125 0.0390625 0.048828125
0 0.29765623807907104 0.4365234375 0.0390625 0.048828125
0 0.3023437559604645 0.3837890625 0.0390625 0.048828125
0 0.30859375 0.3310546875 0.0390625 0.048828125
0 0.31328123807907104 0.2783203125 0.0390625 0.048828125
0 0.3179687559604645 0.6494140625 0.0390625 0.048828125
0 0.3226562440395355 0.5947265625 0.0390625 0.048828125
0 0.32734376192092896 0.5419921875 0.0390625 0.048828125
0 0.33203125 0.4873046875 0.0390625 0.048828125
0 0.33671873807907104 0.4345703125 0.0390625 0.048828125
0 0.34296876192092896 0.3818359375 0.0390625 0.048828125
0 0.34765625 0.3291015625 0.0390625 0.048828125
0 0.35234373807907104 0.2744140625 0.0390625 0.048828125
0 0.35859376192092896 0.6474609375 0.0390625 0.048828125
0 0.36328125 0.5927734375 0.0390625 0.048828125
0 0.36796873807907104 0.5400390625 0.0390625 0.048828125
0 0.3726562559604645 0.4853515625 0.0390625 0.048828125
0 0.3773437440395355 0.4326171875 0.0390625 0.048828125
0 0.38203126192092896 0.3798828125 0.0390625 0.048828125
0 0.38671875 0.3271484375 0.0390625 0.048828125
0 0.39140623807907104 0.2724609375 0.0390625 0.048828125
0 0.39921873807907104 0.6455078125 0.0390625 0.048828125
0 0.4039062559604645 0.5927734375 0.0390625 0.048828125
0 0.4085937440395355 0.5380859375 0.0390625 0.048828125
0 0.41328126192092896 0.4853515625 0.0390625 0.048828125
0 0.41796875 0.4306640625 0.0390625 0.048828125
0 0.42109376192092896 0.3779296875 0.0390625 0.048828125
0 0.4273437559604645 0.3232421875 0.0390625 0.048828125
0 0.4320312440395355 0.2705078125 0.0390625 0.048828125
0 0.4398437440395355 0.6455078125 0.0390625 0.048828125
0 0.44453126192092896 0.5908203125 0.0390625 0.048828125
0 0.4476562440395355 0.5361328125 0.0390625 0.048828125
0 0.45234376192092896 0.4833984375 0.0390625 0.048828125
0 0.45703125 0.4287109375 0.0390625 0.048828125
0 0.46171873807907104 0.3759765625 0.0390625 0.048828125
0 0.4664062559604645 0.3212890625 0.0390625 0.048828125
0 0.4710937440395355 0.2685546875 0.0390625 0.048828125
0 0.48046875 0.6435546875 0.0390625 0.048828125
0 0.48515623807907104 0.5888671875 0.0390625 0.048828125
0 0.48828125 0.5341796875 0.0390625 0.048828125
0 0.49296873807907104 0.4814453125 0.0390625 0.048828125
0 0.4976562559604645 0.4267578125 0.0390625 0.048828125
0 0.5023437738418579 0.3740234375 0.0390625 0.048828125
0 0.507031261920929 0.3193359375 0.0390625 0.048828125
0 0.51171875 0.2666015625 0.0390625 0.048828125
0 0.5210937261581421 0.6416015625 0.0390625 0.048828125
0 0.5257812738418579 0.5869140625 0.0390625 0.048828125
0 0.530468761920929 0.5341796875 0.0390625 0.048828125
0 0.5335937738418579 0.4794921875 0.0390625 0.048828125
0 0.538281261920929 0.4248046875 0.0390625 0.048828125
0 0.54296875 0.3720703125 0.0390625 0.048828125
0 0.547656238079071 0.3173828125 0.0390625 0.048828125
0 0.5523437261581421 0.2646484375 0.0390625 0.048828125
0 0.563281238079071 0.6416015625 0.0390625 0.048828125
0 0.56640625 0.5869140625 0.0390625 0.048828125
0 0.571093738079071 0.5322265625 0.0390625 0.048828125
0 0.5757812261581421 0.4775390625 0.0390625 0.048828125
0 0.578906238079071 0.4228515625 0.0390625 0.048828125
0 0.5835937261581421 0.3701171875 0.0390625 0.048828125
0 0.5882812738418579 0.3154296875 0.0390625 0.048828125
0 0.592968761920929 0.2626953125 0.0390625 0.048828125
0 0.6039062738418579 0.6396484375 0.0390625 0.048828125
0 0.608593761920929 0.5849609375 0.0390625 0.048828125
0 0.61328125 0.5302734375 0.0390625 0.048828125
0 0.616406261920929 0.4755859375 0.0390625 0.048828125
0 0.62109375 0.4208984375 0.0390625 0.048828125
0 0.625781238079071 0.3681640625 0.0390625 0.048828125
0 0.62890625 0.3134765625 0.0390625 0.048828125
0 0.633593738079071 0.2587890625 0.0390625 0.048828125
0 0.6460937261581421 0.6396484375 0.0390625 0.048828125
0 0.6507812738418579 0.5849609375 0.0390625 0.048828125
0 0.6539062261581421 0.5283203125 0.0390625 0.048828125
0 0.6585937738418579 0.4755859375 0.0390625 0.048828125
0 0.6617187261581421 0.4208984375 0.0390625 0.048828125
0 0.6664062738418579 0.3662109375 0.0390625 0.048828125
0 0.671093761920929 0.3115234375 0.0390625 0.048828125
0 0.67578125 0.2568359375 0.0390625 0.048828125
0 0.6898437738418579 0.6376953125 0.0390625 0.048828125
0 0.6929687261581421 0.5830078125 0.0390625 0.048828125
0 0.696093738079071 0.5283203125 0.0390625 0.048828125
0 0.7007812261581421 0.4736328125 0.0390625 0.048828125
0 0.703906238079071 0.4189453125 0.0390625 0.048828125
0 0.7085937261581421 0.3642578125 0.0390625 0.048828125
0 0.7132812738418579 0.3095703125 0.0390625 0.048828125
0 0.717968761920929 0.2548828125 0.0390625 0.048828125
