0 0.19921875 0.2431640625 0.0390625 0.048828125
0 0.19765624403953552 0.2978515625 0.0390625 0.048828125
0 0.19765624403953552 0.3525390625 0.0390625 0.048828125
0 0.19765624403953552 0.4091796875 0.0390625 0.048828125
0 0.19765624403953552 0.4638671875 0.0390625 0.048828125
0 0.19609375298023224 0.5185546875 0.0390625 0.048828125
0 0.19609375298023224 0.5751953125 0.0390625 0.048828125
0 0.19609375298023224 0.6318359375 0.0390625 0.048828125
0 0.24453124403953552 0.2451171875 0.0390625 0.048828125
0 0.24453124403953552 0.3017578125 0.0390625 0.048828125
0 0.24296875298023224 0.3564453125 0.0390625 0.048828125
0 0.24296875298023224 0.4111328125 0.0390625 0.048828125
0 0.24296875298023224 0.4658203125 0.0390625 0.048828125
0 0.24296875298023224 0.5205078125 0.0390625 0.048828125
0 0.24296875298023224 0.5771484375 0.0390625 0.048828125
0 0.24140624701976776 0.6337890625 0.0390625 0.048828125
0 0.28984373807907104 0.2490234375 0.0390625 0.048828125
0 0.28984373807907104 0.3037109375 0.0390625 0.048828125
0 0.28984373807907104 0.3583984375 0.0390625 0.048828125
0 0.28828126192092896 0.4130859375 0.0390625 0.048828125
0 0.28828126192092896 0.4677734375 0.0390625 0.048828125
0 0.28828126192092896 0.5244140625 0.0390625 0.048828125
0 0.28828126192092896 0.5791015625 0.0390625 0.048828125
0 0.28828126192092896 0.6357421875 0.0390625 0.048828125
0 0.33515626192092896 0.2509765625 0.0390625 0.048828125
0 0.33515626192092896 0.3056640625 0.0390625 0.048828125
0 0.33515626192092896 0.3603515625 0.0390625 0.048828125
0 0.3335937559604645 0.4150390625 0.0390625 0.048828125
0 0.3335937559604645 0.4697265625 0.0390625 0.048828125
0 0.3335937559604645 0.5263671875 0.0390625 0.048828125
0 0.3335937559604645 0.5810546875 0.0390625 0.048828125
0 0.3335937559604645 0.6376953125 0.0390625 0.048828125
0 0.3804687559604645 0.2529296875 0.0390625 0.048828125
0 0.37890625 0.3076171875 0.0390625 0.048828125
0 0.37890625 0.3623046875 0.0390625 0.048828125
0 0.37890625 0.4169921875 0.0390625 0.048828125
0 0.37890625 0.4736328125 0.0390625 0.048828125
0 0.37890625 0.5283203125 0.0390625 0.048828125
0 0.37890625 0.5830078125 0.0390625 0.048828125
0 0.37890625 0.6396484375 0.0390625 0.048828125
0 0.4242187440395355 0.2548828125 0.0390625 0.048828125
0 0.4242187440395355 0.3095703125 0.0390625 0.048828125
0 0.4242187440395355 0.3642578125 0.0390625 0.048828125
0 0.4242187440395355 0.4189453125 0.0390625 0.048828125
0 0.4242187440395355 0.4755859375 0.0390625 0.048828125
0 0.4242187440395355 0.5302734375 0.0390625 0.048828125
0 0.4242187440395355 0.5849609375 0.0390625 0.048828125
0 0.4242187440395355 0.6416015625 0.0390625 0.048828125
0 0.46953123807907104 0.2587890625 0.0390625 0.048828125
0 0.46953123807907104 0.3134765625 0.0390625 0.048828125
0 0.46953123807907104 0.3681640625 0.0390625 0.048828125
0 0.46953123807907104 0.4228515625 0.0390625 0.048828125
0 0.46953123807907104 0.4775390625 0.0390625 0.048828125
0 0.46953123807907104 0.5322265625 0.0390625 0.048828125
0 0.46953123807907104 0.5869140625 0.0390625 0.048828125
0 0.46953123807907104 0.6435546875 0.0390625 0.048828125
0 0.5132812261581421 0.2607421875 0.0390625 0.048828125
0 0.5132812261581421 0.3154296875 0.0390625 0.048828125
0 0.514843761920929 0.3701171875 0.0390625 0.048828125
0 0.514843761920929 0.4248046875 0.0390625 0.048828125
0 0.514843761920929 0.4794921875 0.0390625 0.048828125
0 0.514843761920929 0.5341796875 0.0390625 0.048828125
0 0.514843761920929 0.5908203125 0.0390625 0.048828125
0 0.514843761920929 0.6455078125 0.0390625 0.048828125
0 0.55859375 0.2626953125 0.0390625 0.048828125
0 0.55859375 0.3173828125 0.0390625 0.048828125
0 0.55859375 0.3720703125 0.0390625 0.048828125
0 0.55859375 0.4267578125 0.0390625 0.048828125
0 0.55859375 0.4814453125 0.0390625 0.048828125
0 0.55859375 0.5361328125 0.0390625 0.048828125
0 0.5601562261581421 0.5927734375 0.0390625 0.048828125
0 0.5601562261581421 0.6474609375 0.0390625 0.048828125
0 0.6039062738418579 0.2646484375 0.0390625 0.048828125
0 0.6039062738418579 0.3193359375 0.0390625 0.048828125
0 0.6039062738418579 0.3740234375 0.0390625 0.048828125
0 0.6039062738418579 0.4287109375 0.0390625 0.048828125
0 0.6039062738418579 0.4833984375 0.0390625 0.048828125
0 0.6039062738418579 0.5380859375 0.0390625 0.048828125
0 0.6039062738418579 0.5947265625 0.0390625 0.048828125
0 0.6039062738418579 0.6494140625 0.0390625 0.048828125
0 0.647656261920929 0.2666015625 0.0390625 0.048828125
0 0.647656261920929 0.3212890625 0.0390625 0.048828125
0 0.647656261920929 0.3759765625 0.0390625 0.048828125
0 0.647656261920929 0.4306640625 0.0390625 0.048828125
0 0.649218738079071 0.4853515625 0.0390625 0.048828125
0 0.649218738079071 0.5419921875 0.0390625 0.048828125
0 0.649218738079071 0.5966796875 0.0390625 0.048828125
0 0.649218738079071 0.6533203125 0.0390625 0.048828125
