0 0.4976562559604645 0.6201171875 0.0390625 0.048828125
0 0.5054687261581421 0.5634765625 0.0390625 0.048828125
0 0.51171875 0.5087890625 0.0390625 0.048828125
0 0.51953125 0.4541015625 0.0390625 0.048828125
0 0.52734375 0.3994140625 0.0390625 0.048828125
0 0.5335937738418579 0.3447265625 0.0390625 0.048828125
0 0.5414062738418579 0.2880859375 0.0390625 0.048828125
0 0.5492187738418579 0.2333984375 0.0390625 0.048828125
0 0.539843738079071 0.6259765625 0.0390625 0.048828125
0 0.546093761920929 0.5712890625 0.0390625 0.048828125
0 0.553906261920929 0.5146484375 0.0390625 0.048828125
0 0.5601562261581421 0.4599609375 0.0390625 0.048828125
0 0.5679687261581421 0.4052734375 0.0390625 0.048828125
0 0.5757812261581421 0.3505859375 0.0390625 0.048828125
0 0.58203125 0.2958984375 0.0390625 0.048828125
0 0.58984375 0.2392578125 0.0390625 0.048828125
0 0.58203125 0.6337890625 0.0390625 0.048828125
0 0.5882812738418579 0.5771484375 0.0390625 0.048828125
0 0.5960937738418579 0.5224609375 0.0390625 0.048828125
0 0.602343738079071 0.4677734375 0.0390625 0.048828125
0 0.610156238079071 0.4111328125 0.0390625 0.048828125
0 0.617968738079071 0.3564453125 0.0390625 0.048828125
0 0.625781238079071 0.3017578125 0.0390625 0.048828125
0 0.632031261920929 0.2470703125 0.0390625 0.048828125
0 0.624218761920929 0.6416015625 0.0390625 0.048828125
0 0.6304687261581421 0.5849609375 0.0390625 0.048828125
0 0.6382812261581421 0.5302734375 0.0390625 0.048828125
0 0.64453125 0.4736328125 0.0390625 0.048828125
0 0.65234375 0.4189453125 0.0390625 0.048828125
0 0.66015625 0.3623046875 0.0390625 0.048828125
0 0.6664062738418579 0.3076171875 0.0390625 0.048828125
0 0.6742187738418579 0.2529296875 0.0390625 0.048828125
0 0.6664062738418579 0.6474609375 0.0390625 0.048828125
0 0.672656238079071 0.5927734375 0.0390625 0.048828125
0 0.680468738079071 0.5361328125 0.0390625 0.048828125
0 0.686718761920929 0.4814453125 0.0390625 0.048828125
0 0.694531261920929 0.4248046875 0.0390625 0.048828125
0 0.702343761920929 0.3701171875 0.0390625 0.048828125
0 0.710156261920929 0.3134765625 0.0390625 0.048828125
0 0.717968761920929 0.2587890625 0.0390625 0.048828125
0 0.7085937261581421 0.6552734375 0.0390625 0.048828125
0 0.7164062261581421 0.5986328125 0.0390625 0.048828125
0 0.72265625 0.5439453125 0.0390625 0.048828125
0 0.73046875 0.4873046875 0.0390625 0.048828125
0 0.73828125 0.4306640625 0.0390625 0.048828125
0 0.74609375 0.3759765625 0.0390625 0.048828125
0 0.7523437738418579 0.3212890625 0.0390625 0.048828125
0 0.7601562738418579 0.2646484375 0.0390625 0.048828125
0 0.7523437738418579 0.6611328125 0.0390625 0.048828125
0 0.758593738079071 0.6064453125 0.0390625 0.048828125
0 0.766406238079071 0.5498046875 0.0390625 0.048828125
0 0.774218738079071 0.4951171875 0.0390625 0.048828125
0 0.782031238079071 0.4384765625 0.0390625 0.048828125
0 0.788281261920929 0.3818359375 0.0390625 0.048828125
0 0.796093761920929 0.3271484375 0.0390625 0.048828125
0 0.803906261920929 0.2705078125 0.0390625 0.048828125
0 0.796093761920929 0.6689453125 0.0390625 0.048828125
0 0.803906261920929 0.6123046875 0.0390625 0.048828125
0 0.8101562261581421 0.5576171875 0.0390625 0.048828125
0 0.8179687261581421 0.5009765625 0.0390625 0.048828125
0 0.82421875 0.4443359375 0.0390625 0.048828125
0 0.83203125 0.3896484375 0.0390625 0.048828125
0 0.83984375 0.3330078125 0.0390625 0.048828125
0 0.84765625 0.2763671875 0.0390625 0.048828125
0 0.83984375 0.6767578125 0.0390625 0.048828125
0 0.84765625 0.6201171875 0.0390625 0.048828125
0 0.8539062738418579 0.5634765625 0.0390625 0.048828125
0 0.8617187738418579 0.5068359375 0.0390625 0.048828125
0 0.8695312738418579 0.4521484375 0.0390625 0.048828125
0 0.875781238079071 0.3955078125 0.0390625 0.048828125
0 0.883593738079071 0.3388671875 0.0390625 0.048828125
0 0.891406238079071 0.2841796875 0.0390625 0.048828125
0 0.883593738079071 0.6845703125 0.0390625 0.048828125
0 0.891406238079071 0.6279296875 0.0390625 0.048828125
0 0.899218738079071 0.5712890625 0.0390625 0.048828125
0 0.905468761920929 0.5146484375 0.0390625 0.048828125
0 0.913281261920929 0.4580078125 0.0390625 0.048828125
0 0.921093761920929 0.4033203125 0.0390625 0.048828125
0 0.928906261920929 0.3466796875 0.0390625 0.048828125
0 0.936718761920929 0.2900390625 0.0390625 0.048828125
0 0.928906261920929 0.6923828125 0.0390625 0.048828125
0 0.936718761920929 0.6357421875 0.0390625 0.048828125
0 0.9429687261581421 0.5791015625 0.0390625 0.048828125
0 0.9507812261581421 0.5224609375 0.0390625 0.048828125
0 0.95703125 0.4658203125 0.0390625 0.048828125
0 0.96484375 0.4091796875 0.0390625 0.048828125
0 0.97265625 0.3525390625 0.0390625 0.048828125
0 0.981249988079071 0.2958984375 0.0375 0.048828125
