0 0.25078123807907104 0.4248046875 0.0390625 0.048828125
0 0.2554687559604645 0.4794921875 0.0390625 0.048828125
0 0.2601562440395355 0.5341796875 0.0390625 0.048828125
0 0.26484376192092896 0.5888671875 0.0390625 0.048828125
0 0.26953125 0.6455078125 0.0390625 0.048828125
0 0.27421873807907104 0.7001953125 0.0390625 0.048828125
0 0.2789062559604645 0.7568359375 0.0390625 0.048828125
0 0.2835937440395355 0.8134765625 0.0390625 0.048828125
0 0.29609376192092896 0.4189453125 0.0390625 0.048828125
0 0.30078125 0.4736328125 0.0390625 0.048828125
0 0.30546873807907104 0.5283203125 0.0390625 0.048828125
0 0.3101562559604645 0.5830078125 0.0390625 0.048828125
0 0.3148437440395355 0.6396484375 0.0390625 0.048828125
0 0.31953126192092896 0.6943359375 0.0390625 0.048828125
0 0.32421875 0.7509765625 0.0390625 0.048828125
0 0.32890623807907104 0.8076171875 0.0390625 0.048828125
0 0.3414062559604645 0.4130859375 0.0390625 0.048828125
0 0.3460937440395355 0.4677734375 0.0390625 0.048828125
0 0.35078126192092896 0.5224609375 0.0390625 0.048828125
0 0.35546875 0.5771484375 0.0390625 0.048828125
0 0.36015623807907104 0.6337890625 0.0390625 0.048828125
0 0.3648437559604645 0.6884765625 0.0390625 0.048828125
0 0.37109375 0.7451171875 0.0390625 0.048828125
0 0.37578123807907104 0.7998046875 0.0390625 0.048828125
0 0.38671875 0.4072265625 0.0390625 0.048828125
0 0.39140623807907104 0.4619140625 0.0390625 0.048828125
0 0.3960937559604645 0.5166015625 0.0390625 0.048828125
0 0.4007812440395355 0.5712890625 0.0390625 0.048828125
0 0.40546876192092896 0.6259765625 0.0390625 0.048828125
0 0.41015625 0.6826171875 0.0390625 0.048828125
0 0.4164062440395355 0.7373046875 0.0390625 0.048828125
0 0.42109376192092896 0.7939453125 0.0390625 0.048828125
0 0.4320312440395355 0.3994140625 0.0390625 0.048828125
0 0.43671876192092896 0.4541015625 0.0390625 0.048828125
0 0.44140625 0.5107421875 0.0390625 0.048828125
0 0.44609373807907104 0.5654296875 0.0390625 0.048828125
0 0.4507812559604645 0.6201171875 0.0390625 0.048828125
0 0.45703125 0.6767578125 0.0390625 0.048828125
0 0.46171873807907104 0.7314453125 0.0390625 0.048828125
0 0.4664062559604645 0.7880859375 0.0390625 0.048828125
0 0.47578126192092896 0.3935546875 0.0390625 0.048828125
0 0.48046875 0.4501953125 0.0390625 0.048828125
0 0.4867187440395355 0.5048828125 0.0390625 0.048828125
0 0.49140626192092896 0.5595703125 0.0390625 0.048828125
0 0.49609375 0.6142578125 0.0390625 0.048828125
0 0.500781238079071 0.6708984375 0.0390625 0.048828125
0 0.507031261920929 0.7255859375 0.0390625 0.048828125
0 0.51171875 0.7822265625 0.0390625 0.048828125
0 0.5210937261581421 0.3876953125 0.0390625 0.048828125
0 0.5257812738418579 0.4423828125 0.0390625 0.048828125
0 0.530468761920929 0.4990234375 0.0390625 0.048828125
0 0.5367187261581421 0.5537109375 0.0390625 0.048828125
0 0.5414062738418579 0.6083984375 0.0390625 0.048828125
0 0.546093761920929 0.6650390625 0.0390625 0.048828125
0 0.5523437261581421 0.7197265625 0.0390625 0.048828125
0 0.5570312738418579 0.7763671875 0.0390625 0.048828125
0 0.56640625 0.3818359375 0.0390625 0.048828125
0 0.571093738079071 0.4365234375 0.0390625 0.048828125
0 0.5757812261581421 0.4931640625 0.0390625 0.048828125
0 0.58203125 0.5478515625 0.0390625 0.048828125
0 0.586718738079071 0.6025390625 0.0390625 0.048828125
0 0.5914062261581421 0.6572265625 0.0390625 0.048828125
0 0.59765625 0.7138671875 0.0390625 0.048828125
0 0.602343738079071 0.7705078125 0.0390625 0.048828125
0 0.610156238079071 0.3759765625 0.0390625 0.048828125
0 0.616406261920929 0.4306640625 0.0390625 0.048828125
0 0.62109375 0.4853515625 0.0390625 0.048828125
0 0.625781238079071 0.5419921875 0.0390625 0.048828125
0 0.632031261920929 0.5966796875 0.0390625 0.048828125
0 0.63671875 0.6513671875 0.0390625 0.048828125
0 0.6429687738418579 0.7080078125 0.0390625 0.048828125
0 0.647656261920929 0.7646484375 0.0390625 0.048828125
0 0.655468761920929 0.3701171875 0.0390625 0.048828125
0 0.66015625 0.4248046875 0.0390625 0.048828125
0 0.6664062738418579 0.4814453125 0.0390625 0.048828125
0 0.671093761920929 0.5361328125 0.0390625 0.048828125
0 0.6773437261581421 0.5908203125 0.0390625 0.048828125
0 0.6820312738418579 0.6455078125 0.0390625 0.048828125
0 0.688281238079071 0.7021484375 0.0390625 0.048828125
0 0.6929687261581421 0.7587890625 0.0390625 0.048828125
0 0.7007812261581421 0.3642578125 0.0390625 0.048828125
0 0.7054687738418579 0.4189453125 0.0390625 0.048828125
0 0.711718738079071 0.4736328125 0.0390625 0.048828125
0 0.7164062261581421 0.5302734375 0.0390625 0.048828125
0 0.72265625 0.5849609375 0.0390625 0.048828125
0 0.727343738079071 0.6396484375 0.0390625 0.048828125
0 0.733593761920929 0.6962890625 0.0390625 0.048828125
0 0.73828125 0.7529296875 0.0390625 0.048828125
