0 0.4124999940395355 0.431640625 0.028125 0.04296875
0 0.4140625 0.4873046875 0.025 0.041015625
0 0.41484373807907104 0.54296875 0.0265625 0.04296875
0 0.4164062440395355 0.5986328125 0.0265625 0.041015625
0 0.4164062440395355 0.6533203125 0.0265625 0.041015625
0 0.41718751192092896 0.7099609375 0.028125 0.041015625
0 0.4195312559604645 0.767578125 0.0265625 0.04296875
0 0.4195312559604645 0.8232421875 0.0265625 0.041015625
0 0.44609373807907104 0.427734375 0.0265625 0.0390625
0 0.44609373807907104 0.4833984375 0.0265625 0.041015625
0 0.4476562440395355 0.5390625 0.0265625 0.0390625
0 0.44843751192092896 0.595703125 0.025 0.04296875
0 0.44999998807907104 0.65234375 0.025 0.0390625
0 0.44999998807907104 0.7080078125 0.025 0.041015625
0 0.4515624940395355 0.7646484375 0.025 0.041015625
0 0.45234376192092896 0.8212890625 0.0265625 0.041015625
0 0.4789062440395355 0.4228515625 0.0265625 0.041015625
0 0.4789062440395355 0.48046875 0.0265625 0.0390625
0 0.48046875 0.5361328125 0.0265625 0.041015625
0 0.48124998807907104 0.5927734375 0.025 0.041015625
0 0.4820312559604645 0.6494140625 0.0265625 0.041015625
0 0.4828124940395355 0.7060546875 0.025 0.041015625
0 0.48359376192092896 0.7626953125 0.0265625 0.041015625
0 0.48515623807907104 0.8193359375 0.0265625 0.041015625
0 0.510937511920929 0.4208984375 0.025 0.041015625
0 0.51171875 0.4765625 0.0265625 0.04296875
0 0.510937511920929 0.533203125 0.025 0.0390625
0 0.5132812261581421 0.58984375 0.0265625 0.0390625
0 0.514843761920929 0.646484375 0.0265625 0.0390625
0 0.515625 0.703125 0.028125 0.04296875
0 0.5171874761581421 0.7607421875 0.025 0.041015625
0 0.5179687738418579 0.8173828125 0.0265625 0.041015625
0 0.5445312261581421 0.416015625 0.0265625 0.04296875
0 0.5445312261581421 0.4736328125 0.0265625 0.041015625
0 0.546093761920929 0.5302734375 0.0265625 0.041015625
0 0.546875 0.5869140625 0.028125 0.041015625
0 0.546875 0.6435546875 0.028125 0.041015625
0 0.5492187738418579 0.7001953125 0.0265625 0.041015625
0 0.55078125 0.7578125 0.0265625 0.04296875
0 0.5523437261581421 0.8154296875 0.0265625 0.041015625
0 0.577343761920929 0.4130859375 0.0265625 0.041015625
0 0.578125 0.4697265625 0.028125 0.041015625
0 0.578125 0.5263671875 0.028125 0.041015625
0 0.5804687738418579 0.5830078125 0.0265625 0.041015625
0 0.581250011920929 0.6416015625 0.025 0.041015625
0 0.58203125 0.6982421875 0.0265625 0.041015625
0 0.5843750238418579 0.7548828125 0.028125 0.041015625
0 0.585156261920929 0.8134765625 0.0265625 0.044921875
0 0.6117187738418579 0.4091796875 0.0265625 0.044921875
0 0.6117187738418579 0.4658203125 0.0265625 0.041015625
0 0.61328125 0.5234375 0.0265625 0.04296875
0 0.6148437261581421 0.5810546875 0.0265625 0.041015625
0 0.6156250238418579 0.6376953125 0.028125 0.041015625
0 0.616406261920929 0.6962890625 0.0265625 0.041015625
0 0.6171875 0.75390625 0.028125 0.04296875
0 0.6195312738418579 0.810546875 0.0265625 0.04296875
0 0.64453125 0.4052734375 0.0265625 0.041015625
0 0.6468750238418579 0.4619140625 0.028125 0.041015625
0 0.6468750238418579 0.5205078125 0.028125 0.041015625
0 0.6484375 0.578125 0.028125 0.04296875
0 0.6484375 0.634765625 0.028125 0.04296875
0 0.6507812738418579 0.693359375 0.0265625 0.04296875
0 0.65234375 0.751953125 0.0265625 0.04296875
0 0.6539062261581421 0.8095703125 0.0265625 0.044921875
0 0.6796875 0.4013671875 0.028125 0.044921875
0 0.6796875 0.4580078125 0.028125 0.041015625
0 0.6820312738418579 0.5166015625 0.0265625 0.041015625
0 0.682812511920929 0.5751953125 0.028125 0.041015625
0 0.68359375 0.6328125 0.0265625 0.04296875
0 0.6859375238418579 0.6904296875 0.028125 0.041015625
0 0.6875 0.7490234375 0.028125 0.044921875
0 0.6890624761581421 0.8076171875 0.028125 0.044921875
0 0.714062511920929 0.3974609375 0.028125 0.041015625
0 0.71484375 0.455078125 0.0265625 0.04296875
0 0.7171875238418579 0.513671875 0.028125 0.04296875
0 0.71875 0.5712890625 0.028125 0.041015625
0 0.71875 0.6298828125 0.028125 0.041015625
0 0.721875011920929 0.6884765625 0.028125 0.044921875
0 0.72265625 0.74609375 0.0265625 0.04296875
0 0.7242187261581421 0.8056640625 0.0296875 0.044921875
0 0.75 0.3935546875 0.028125 0.041015625
0 0.75 0.4521484375 0.028125 0.041015625
0 0.7515624761581421 0.5107421875 0.028125 0.041015625
0 0.753125011920929 0.5673828125 0.028125 0.041015625
0 0.7554687261581421 0.626953125 0.0296875 0.04296875
0 0.757031261920929 0.685546875 0.0296875 0.04296875
0 0.7578125 0.7451171875 0.03125 0.044921875
0 0.7593749761581421 0.8037109375 0.03125 0.044921875
