0 0.14921875298023224 0.4111328125 0.0390625 0.048828125
0 0.15859374403953552 0.4658203125 0.0390625 0.048828125
0 0.16640624403953552 0.5224609375 0.0390625 0.048828125
0 0.17578125 0.5791015625 0.0390625 0.048828125
0 0.18359375 0.6357421875 0.0390625 0.048828125
0 0.19296875596046448 0.6904296875 0.0390625 0.048828125
0 0.20078125596046448 0.7470703125 0.0390625 0.048828125
0 0.21015624701976776 0.8037109375 0.0390625 0.048828125
0 0.19140625 0.4033203125 0.0390625 0.048828125
0 0.20078125596046448 0.4599609375 0.0390625 0.048828125
0 0.21015624701976776 0.5146484375 0.0390625 0.048828125
0 0.21796874701976776 0.5712890625 0.0390625 0.048828125
0 0.22734375298023224 0.6259765625 0.0390625 0.048828125
0 0.23515625298023224 0.6826171875 0.0390625 0.048828125
0 0.24453124403953552 0.7392578125 0.0390625 0.048828125
0 0.2523437440395355 0.7958984375 0.0390625 0.048828125
0 0.23515625298023224 0.3955078125 0.0390625 0.048828125
0 0.24296875298023224 0.4521484375 0.0390625 0.048828125
0 0.2523437440395355 0.5068359375 0.0390625 0.048828125
0 0.2601562440395355 0.5634765625 0.0390625 0.048828125
0 0.26953125 0.6181640625 0.0390625 0.048828125
0 0.27734375 0.6748046875 0.0390625 0.048828125
0 0.2867187559604645 0.7314453125 0.0390625 0.048828125
0 0.2945312559604645 0.7880859375 0.0390625 0.048828125
0 0.27734375 0.3896484375 0.0390625 0.048828125
0 0.28515625 0.4443359375 0.0390625 0.048828125
0 0.2945312559604645 0.4990234375 0.0390625 0.048828125
0 0.3023437559604645 0.5556640625 0.0390625 0.048828125
0 0.31171876192092896 0.6103515625 0.0390625 0.048828125
0 0.31953126192092896 0.6669921875 0.0390625 0.048828125
0 0.32890623807907104 0.7216796875 0.0390625 0.048828125
0 0.33671873807907104 0.7783203125 0.0390625 0.048828125
0 0.3179687559604645 0.3818359375 0.0390625 0.048828125
0 0.32734376192092896 0.4365234375 0.0390625 0.048828125
0 0.33671873807907104 0.4931640625 0.0390625 0.048828125
0 0.34453123807907104 0.5478515625 0.0390625 0.048828125
0 0.3539062440395355 0.6025390625 0.0390625 0.048828125
0 0.3617187440395355 0.6591796875 0.0390625 0.048828125
0 0.37109375 0.7138671875 0.0390625 0.048828125
0 0.37890625 0.7705078125 0.0390625 0.048828125
0 0.36015623807907104 0.3759765625 0.0390625 0.048828125
0 0.3695312440395355 0.4306640625 0.0390625 0.048828125
0 0.3773437440395355 0.4853515625 0.0390625 0.048828125
0 0.38671875 0.5400390625 0.0390625 0.048828125
0 0.39453125 0.5947265625 0.0390625 0.048828125
0 0.4039062559604645 0.6513671875 0.0390625 0.048828125
0 0.4117187559604645 0.7060546875 0.0390625 0.048828125
0 0.42109376192092896 0.7626953125 0.0390625 0.048828125
0 0.40234375 0.3681640625 0.0390625 0.048828125
0 0.41015625 0.4228515625 0.0390625 0.048828125
0 0.4195312559604645 0.4775390625 0.0390625 0.048828125
0 0.4273437559604645 0.5322265625 0.0390625 0.048828125
0 0.43671876192092896 0.5869140625 0.0390625 0.048828125
0 0.44453126192092896 0.6435546875 0.0390625 0.048828125
0 0.45390623807907104 0.6982421875 0.0390625 0.048828125
0 0.46171873807907104 0.7548828125 0.0390625 0.048828125
0 0.4429687559604645 0.3603515625 0.0390625 0.048828125
0 0.4507812559604645 0.4150390625 0.0390625 0.048828125
0 0.46015626192092896 0.4697265625 0.0390625 0.048828125
0 0.46796876192092896 0.5244140625 0.0390625 0.048828125
0 0.47734373807907104 0.5791015625 0.0390625 0.048828125
0 0.48515623807907104 0.6357421875 0.0390625 0.048828125
0 0.4945312440395355 0.6904296875 0.0390625 0.048828125
0 0.50390625 0.7451171875 0.0390625 0.048828125
0 0.48359376192092896 0.3544921875 0.0390625 0.048828125
0 0.49140626192092896 0.4091796875 0.0390625 0.048828125
0 0.500781238079071 0.4638671875 0.0390625 0.048828125
0 0.5101562738418579 0.5185546875 0.0390625 0.048828125
0 0.5179687738418579 0.5732421875 0.0390625 0.048828125
0 0.52734375 0.6279296875 0.0390625 0.048828125
0 0.53515625 0.6826171875 0.0390625 0.048828125
0 0.5445312261581421 0.7373046875 0.0390625 0.048828125
0 0.524218738079071 0.3466796875 0.0390625 0.048828125
0 0.532031238079071 0.4013671875 0.0390625 0.048828125
0 0.5414062738418579 0.4560546875 0.0390625 0.048828125
0 0.5492187738418579 0.5107421875 0.0390625 0.048828125
0 0.55859375 0.5654296875 0.0390625 0.048828125
0 0.5679687261581421 0.6201171875 0.0390625 0.048828125
0 0.5757812261581421 0.6748046875 0.0390625 0.048828125
0 0.585156261920929 0.7294921875 0.0390625 0.048828125
0 0.5648437738418579 0.3388671875 0.0390625 0.048828125
0 0.5726562738418579 0.3935546875 0.0390625 0.048828125
0 0.58203125 0.4482421875 0.0390625 0.048828125
0 0.58984375 0.5029296875 0.0390625 0.048828125
0 0.5992187261581421 0.5576171875 0.0390625 0.048828125
0 0.608593761920929 0.6123046875 0.0390625 0.048828125
0 0.616406261920929 0.6669921875 0.0390625 0.048828125
0 0.625781238079071 0.7216796875 0.0390625 0.048828125
