0 0.18046875298023224 0.2587890625 0.0390625 0.048828125
0 0.22890624403953552 0.2509765625 0.0390625 0.048828125
0 0.2757812440395355 0.2431640625 0.0390625 0.048828125
0 0.3226562440395355 0.2353515625 0.0390625 0.048828125
0 0.3695312440395355 0.2275390625 0.0390625 0.048828125
0 0.4164062440395355 0.2197265625 0.0390625 0.048828125
0 0.4632812440395355 0.2119140625 0.0390625 0.048828125
0 0.5101562738418579 0.2041015625 0.0390625 0.048828125
0 0.18515625596046448 0.3193359375 0.0390625 0.048828125
0 0.23359374701976776 0.3115234375 0.0390625 0.048828125
0 0.28046876192092896 0.3037109375 0.0390625 0.048828125
0 0.32734376192092896 0.2958984375 0.0390625 0.048828125
0 0.37421876192092896 0.2861328125 0.0390625 0.048828125
0 0.42109376192092896 0.2783203125 0.0390625 0.048828125
0 0.46796876192092896 0.2705078125 0.0390625 0.048828125
0 0.514843761920929 0.2626953125 0.0390625 0.048828125
0 0.18984374403953552 0.3798828125 0.0390625 0.048828125
0 0.23828125 0.3701171875 0.0390625 0.048828125
0 0.28515625 0.3623046875 0.0390625 0.048828125
0 0.33203125 0.3544921875 0.0390625 0.048828125
0 0.37890625 0.3466796875 0.0390625 0.048828125
0 0.42578125 0.3388671875 0.0390625 0.048828125
0 0.4710937440395355 0.3310546875 0.0390625 0.048828125
0 0.5179687738418579 0.3232421875 0.0390625 0.048828125
0 0.19453124701976776 0.4384765625 0.0390625 0.048828125
0 0.24140624701976776 0.4306640625 0.0390625 0.048828125
0 0.28984373807907104 0.4228515625 0.0390625 0.048828125
0 0.33671873807907104 0.4150390625 0.0390625 0.048828125
0 0.38359373807907104 0.4072265625 0.0390625 0.048828125
0 0.42890626192092896 0.3994140625 0.0390625 0.048828125
0 0.47578126192092896 0.3916015625 0.0390625 0.048828125
0 0.522656261920929 0.3818359375 0.0390625 0.048828125
0 0.19921875 0.4990234375 0.0390625 0.048828125
0 0.24609375 0.4912109375 0.0390625 0.048828125
0 0.29296875 0.4833984375 0.0390625 0.048828125
0 0.33984375 0.4736328125 0.0390625 0.048828125
0 0.38671875 0.4658203125 0.0390625 0.048828125
0 0.43359375 0.4580078125 0.0390625 0.048828125
0 0.48046875 0.4501953125 0.0390625 0.048828125
0 0.5257812738418579 0.4423828125 0.0390625 0.048828125
0 0.20390625298023224 0.5595703125 0.0390625 0.048828125
0 0.25078123807907104 0.5517578125 0.0390625 0.048828125
0 0.29765623807907104 0.5419921875 0.0390625 0.048828125
0 0.34453123807907104 0.5341796875 0.0390625 0.048828125
0 0.39140623807907104 0.5263671875 0.0390625 0.048828125
0 0.43828123807907104 0.5166015625 0.0390625 0.048828125
0 0.48359376192092896 0.5087890625 0.0390625 0.048828125
0 0.530468761920929 0.5009765625 0.0390625 0.048828125
0 0.20703125 0.6201171875 0.0390625 0.048828125
0 0.2554687559604645 0.6103515625 0.0390625 0.048828125
0 0.3023437559604645 0.6025390625 0.0390625 0.048828125
0 0.3492187559604645 0.5927734375 0.0390625 0.048828125
0 0.3960937559604645 0.5849609375 0.0390625 0.048828125
0 0.44140625 0.5771484375 0.0390625 0.048828125
0 0.48828125 0.5673828125 0.0390625 0.048828125
0 0.5335937738418579 0.5595703125 0.0390625 0.048828125
0 0.21171875298023224 0.6787109375 0.0390625 0.048828125
0 0.25859373807907104 0.6708984375 0.0390625 0.048828125
0 0.3070312440395355 0.6611328125 0.0390625 0.048828125
0 0.35234373807907104 0.6533203125 0.0390625 0.048828125
0 0.39921873807907104 0.6435546875 0.0390625 0.048828125
0 0.44609373807907104 0.6357421875 0.0390625 0.048828125
0 0.49296873807907104 0.6279296875 0.0390625 0.048828125
0 0.538281261920929 0.6181640625 0.0390625 0.048828125
0 0.21640625596046448 0.7392578125 0.0390625 0.048828125
0 0.2632812559604645 0.7294921875 0.0390625 0.048828125
0 0.3101562559604645 0.7216796875 0.0390625 0.048828125
0 0.3570312559604645 0.7119140625 0.0390625 0.048828125
0 0.4039062559604645 0.7041015625 0.0390625 0.048828125
0 0.44921875 0.6943359375 0.0390625 0.048828125
0 0.49609375 0.6865234375 0.0390625 0.048828125
0 0.5414062738418579 0.6787109375 0.0390625 0.048828125
0 0.22109374403953552 0.7978515625 0.0390625 0.048828125
0 0.2679687440395355 0.7900390625 0.0390625 0.048828125
0 0.3148437440395355 0.7802734375 0.0390625 0.048828125
0 0.3617187440395355 0.7724609375 0.0390625 0.048828125
0 0.4085937440395355 0.7626953125 0.0390625 0.048828125
0 0.45390623807907104 0.7548828125 0.0390625 0.048828125
0 0.500781238079071 0.7451171875 0.0390625 0.048828125
0 0.546093761920929 0.7373046875 0.0390625 0.048828125
0 0.22421875596046448 0.8583984375 0.0390625 0.048828125
0 0.27265626192092896 0.8486328125 0.0390625 0.048828125
0 0.3179687559604645 0.8388671875 0.0390625 0.048828125
0 0.3648437559604645 0.8310546875 0.0390625 0.048828125
0 0.4117187559604645 0.8212890625 0.0390625 0.048828125
0 0.4585937559604645 0.8134765625 0.0390625 0.048828125
0 0.50390625 0.8037109375 0.0390625 0.048828125
0 0.55078125 0.7958984375 0.0390625 0.048828125
