0 0.11015625298023224 0.2314453125 0.0390625 0.048828125
0 0.15390625596046448 0.2314453125 0.0390625 0.048828125
0 0.19609375298023224 0.2314453125 0.0390625 0.048828125
0 0.23828125 0.2314453125 0.0390625 0.048828125
0 0.28046876192092896 0.2314453125 0.0390625 0.048828125
0 0.3226562440395355 0.2314453125 0.0390625 0.048828125
0 0.36328125 0.2294921875 0.0390625 0.048828125
0 0.40546876192092896 0.2294921875 0.0390625 0.048828125
0 0.11953125149011612 0.2900390625 0.0390625 0.048828125
0 0.16328124701976776 0.2900390625 0.0390625 0.048828125
0 0.20546874403953552 0.2880859375 0.0390625 0.048828125
0 0.24921874701976776 0.2880859375 0.0390625 0.048828125
0 0.28984373807907104 0.2880859375 0.0390625 0.048828125
0 0.33203125 0.2880859375 0.0390625 0.048828125
0 0.37421876192092896 0.2861328125 0.0390625 0.048828125
0 0.41484373807907104 0.2861328125 0.0390625 0.048828125
0 0.13046875596046448 0.3466796875 0.0390625 0.048828125
0 0.17265625298023224 0.3466796875 0.0390625 0.048828125
0 0.21640625596046448 0.3466796875 0.0390625 0.048828125
0 0.25859373807907104 0.3447265625 0.0390625 0.048828125
0 0.30078125 0.3447265625 0.0390625 0.048828125
0 0.34296876192092896 0.3447265625 0.0390625 0.048828125
0 0.38359373807907104 0.3427734375 0.0390625 0.048828125
0 0.4242187440395355 0.3427734375 0.0390625 0.048828125
0 0.13984374701976776 0.4052734375 0.0390625 0.048828125
0 0.18359375 0.4052734375 0.0390625 0.048828125
0 0.22578124701976776 0.4033203125 0.0390625 0.048828125
0 0.2679687440395355 0.4033203125 0.0390625 0.048828125
0 0.3101562559604645 0.4013671875 0.0390625 0.048828125
0 0.35234373807907104 0.4013671875 0.0390625 0.048828125
0 0.39453125 0.3994140625 0.0390625 0.048828125
0 0.4351562559604645 0.3974609375 0.0390625 0.048828125
0 0.14921875298023224 0.4638671875 0.0390625 0.048828125
0 0.19296875596046448 0.4619140625 0.0390625 0.048828125
0 0.23671874403953552 0.4619140625 0.0390625 0.048828125
0 0.2789062559604645 0.4599609375 0.0390625 0.048828125
0 0.32109373807907104 0.4580078125 0.0390625 0.048828125
0 0.3617187440395355 0.4580078125 0.0390625 0.048828125
0 0.4039062559604645 0.4560546875 0.0390625 0.048828125
0 0.44453126192092896 0.4541015625 0.0390625 0.048828125
0 0.15859374403953552 0.5224609375 0.0390625 0.048828125
0 0.20234374701976776 0.5205078125 0.0390625 0.048828125
0 0.24609375 0.5185546875 0.0390625 0.048828125
0 0.28828126192092896 0.5166015625 0.0390625 0.048828125
0 0.3304687440395355 0.5166015625 0.0390625 0.048828125
0 0.3726562559604645 0.5146484375 0.0390625 0.048828125
0 0.41328126192092896 0.5126953125 0.0390625 0.048828125
0 0.4554687440395355 0.5107421875 0.0390625 0.048828125
0 0.16953125596046448 0.5810546875 0.0390625 0.048828125
0 0.21328124403953552 0.5791015625 0.0390625 0.048828125
0 0.2554687559604645 0.5771484375 0.0390625 0.048828125
0 0.2992187440395355 0.5751953125 0.0390625 0.048828125
0 0.33984375 0.5732421875 0.0390625 0.048828125
0 0.38203126192092896 0.5712890625 0.0390625 0.048828125
0 0.4242187440395355 0.5693359375 0.0390625 0.048828125
0 0.46484375 0.5673828125 0.0390625 0.048828125
0 0.17890624701976776 0.6396484375 0.0390625 0.048828125
0 0.22265625 0.6376953125 0.0390625 0.048828125
0 0.26484376192092896 0.6357421875 0.0390625 0.048828125
0 0.30859375 0.6337890625 0.0390625 0.048828125
0 0.35078126192092896 0.6318359375 0.0390625 0.048828125
0 0.3929687440395355 0.6298828125 0.0390625 0.048828125
0 0.43359375 0.6279296875 0.0390625 0.048828125
0 0.47578126192092896 0.6259765625 0.0390625 0.048828125
0 0.18828125298023224 0.6982421875 0.0390625 0.048828125
0 0.23203125596046448 0.6962890625 0.0390625 0.048828125
0 0.2757812440395355 0.6943359375 0.0390625 0.048828125
0 0.3179687559604645 0.6923828125 0.0390625 0.048828125
0 0.36015623807907104 0.6904296875 0.0390625 0.048828125
0 0.40234375 0.6865234375 0.0390625 0.048828125
0 0.44453126192092896 0.6845703125 0.0390625 0.048828125
0 0.48515623807907104 0.6826171875 0.0390625 0.048828125
0 0.19765624403953552 0.7587890625 0.0390625 0.048828125
0 0.24140624701976776 0.7548828125 0.0390625 0.048828125
0 0.28515625 0.7529296875 0.0390625 0.048828125
0 0.32734376192092896 0.7509765625 0.0390625 0.048828125
0 0.3695312440395355 0.7470703125 0.0390625 0.048828125
0 0.4117187559604645 0.7451171875 0.0390625 0.048828125
0 0.45390623807907104 0.7431640625 0.0390625 0.048828125
0 0.49609375 0.7412109375 0.0390625 0.048828125
0 0.20859375596046448 0.8193359375 0.0390625 0.048828125
0 0.2523437440395355 0.8154296875 0.0390625 0.048828125
0 0.2945312559604645 0.8115234375 0.0390625 0.048828125
0 0.3382812440395355 0.8095703125 0.0390625 0.048828125
0 0.37890625 0.8056640625 0.0390625 0.048828125
0 0.42265623807907104 0.8037109375 0.0390625 0.048828125
0 0.46484375 0.8017578125 0.0390625 0.048828125
0 0.5054687261581421 0.7998046875 0.0390625 0.048828125
