0 0.66953125 0.2724609375 0.0390625 0.048828125
0 0.71640625 0.2626953125 0.0390625 0.048828125
0 0.76328125 0.2529296875 0.0390625 0.048828125
0 0.81015625 0.2431640625 0.0390625 0.048828125
0 0.85703125 0.2333984375 0.0390625 0.048828125
0 0.90390625 0.2216796875 0.0390625 0.048828125
0 0.95234375 0.2119140625 0.0390625 0.048828125
0 0.67421875 0.3310546875 0.0390625 0.048828125
0 0.71953125 0.3212890625 0.0390625 0.048828125
0 0.76640625 0.3115234375 0.0390625 0.048828125
0 0.81328125 0.3017578125 0.0390625 0.048828125
0 0.86015625 0.2919921875 0.0390625 0.048828125
0 0.90859375 0.2822265625 0.0390625 0.048828125
0 0.95703125 0.2705078125 0.0390625 0.048828125
0 0.67734375 0.3896484375 0.0390625 0.048828125
0 0.72265625 0.3798828125 0.0390625 0.048828125
0 0.76953125 0.3701171875 0.0390625 0.048828125
0 0.81640625 0.3603515625 0.0390625 0.048828125
0 0.86484375 0.3505859375 0.0390625 0.048828125
0 0.91171875 0.3408203125 0.0390625 0.048828125
0 0.96015625 0.3310546875 0.0390625 0.048828125
0 0.68046875 0.4462890625 0.0390625 0.048828125
0 0.72734375 0.4384765625 0.0390625 0.048828125
0 0.77421875 0.4287109375 0.0390625 0.048828125
0 0.82109375 0.4189453125 0.0390625 0.048828125
0 0.86796875 0.4091796875 0.0390625 0.048828125
0 0.91640625 0.3994140625 0.0390625 0.048828125
0 0.96484375 0.3896484375 0.0390625 0.048828125
0 0.68515625 0.5048828125 0.0390625 0.048828125
0 0.73046875 0.4970703125 0.0390625 0.048828125
0 0.77734375 0.4873046875 0.0390625 0.048828125
0 0.82421875 0.4775390625 0.0390625 0.048828125
0 0.87265625 0.4677734375 0.0390625 0.048828125
0 0.92109375 0.4599609375 0.0390625 0.048828125
0 0.96953125 0.4501953125 0.0390625 0.048828125
0 0.68828125 0.5634765625 0.0390625 0.048828125
0 0.73515625 0.5556640625 0.0390625 0.048828125
0 0.78203125 0.5458984375 0.0390625 0.048828125
0 0.82890625 0.5361328125 0.0390625 0.048828125
0 0.87578125 0.5283203125 0.0390625 0.048828125
0 0.92421875 0.5185546875 0.0390625 0.048828125
0 0.97265625 0.5087890625 0.0390625 0.048828125
0 0.69296875 0.6240234375 0.0390625 0.048828125
0 0.73828125 0.6142578125 0.0390625 0.048828125
0 0.78515625 0.6064453125 0.0390625 0.048828125
0 0.83359375 0.5966796875 0.0390625 0.048828125
0 0.88046875 0.5869140625 0.0390625 0.048828125
0 0.92890625 0.5791015625 0.0390625 0.048828125
0 0.97734375 0.5693359375 0.0390625 0.048828125
0 0.69609375 0.6826171875 0.0390625 0.048828125
0 0.74296875 0.6748046875 0.0390625 0.048828125
0 0.78984375 0.6650390625 0.0390625 0.048828125
0 0.83671875 0.6572265625 0.0390625 0.048828125
0 0.88515625 0.6474609375 0.0390625 0.048828125
0 0.93359375 0.6376953125 0.0390625 0.048828125
0 0.98203125 0.6298828125 0.0296875 0.044921875
0 0.70078125 0.7431640625 0.0390625 0.048828125
0 0.74765625 0.7333984375 0.0390625 0.048828125
0 0.79453125 0.7255859375 0.0390625 0.048828125
0 0.84140625 0.7158203125 0.0390625 0.048828125
0 0.88984375 0.7080078125 0.0390625 0.048828125
0 0.93828125 0.6982421875 0.0390625 0.048828125
0 0.9875 0.69140625 0.025 0.046875
0 0.70390625 0.8017578125 0.0390625 0.048828125
0 0.75078125 0.7939453125 0.0390625 0.048828125
0 0.79921875 0.7861328125 0.0390625 0.048828125
0 0.84609375 0.7763671875 0.0390625 0.048828125
0 0.89453125 0.7685546875 0.0390625 0.048828125
0 0.94296875 0.7607421875 0.0390625 0.048828125
0 0.9921875 0.7509765625 0.015625 0.048828125
0 0.70859375 0.8623046875 0.0390625 0.048828125
0 0.75546875 0.8544921875 0.0390625 0.048828125
0 0.80390625 0.8466796875 0.0390625 0.048828125
0 0.85078125 0.8388671875 0.0390625 0.048828125
0 0.89921875 0.8291015625 0.0390625 0.048828125
0 0.94765625 0.8212890625 0.0390625 0.048828125
