0 0.4039062559604645 0.3115234375 0.0390625 0.048828125
0 0.44609373807907104 0.2958984375 0.0390625 0.048828125
0 0.4898437559604645 0.2783203125 0.0390625 0.048828125
0 0.532031238079071 0.2626953125 0.0390625 0.048828125
0 0.5757812261581421 0.2451171875 0.0390625 0.048828125
0 0.6195312738418579 0.2275390625 0.0390625 0.048828125
0 0.663281261920929 0.2119140625 0.0390625 0.048828125
0 0.70703125 0.1943359375 0.0390625 0.048828125
0 0.41015625 0.3642578125 0.0390625 0.048828125
0 0.45234376192092896 0.3486328125 0.0390625 0.048828125
0 0.49609375 0.3310546875 0.0390625 0.048828125
0 0.538281261920929 0.3154296875 0.0390625 0.048828125
0 0.58203125 0.2978515625 0.0390625 0.048828125
0 0.625781238079071 0.2822265625 0.0390625 0.048828125
0 0.6695312261581421 0.2646484375 0.0390625 0.048828125
0 0.7132812738418579 0.2470703125 0.0390625 0.048828125
0 0.4164062440395355 0.4169921875 0.0390625 0.048828125
0 0.46015626192092896 0.4013671875 0.0390625 0.048828125
0 0.5023437738418579 0.3857421875 0.0390625 0.048828125
0 0.546093761920929 0.3681640625 0.0390625 0.048828125
0 0.5882812738418579 0.3525390625 0.0390625 0.048828125
0 0.632031261920929 0.3349609375 0.0390625 0.048828125
0 0.6773437261581421 0.3173828125 0.0390625 0.048828125
0 0.7210937738418579 0.2998046875 0.0390625 0.048828125
0 0.42265623807907104 0.4697265625 0.0390625 0.048828125
0 0.4664062559604645 0.4541015625 0.0390625 0.048828125
0 0.508593738079071 0.4384765625 0.0390625 0.048828125
0 0.5523437261581421 0.4208984375 0.0390625 0.048828125
0 0.5960937738418579 0.4052734375 0.0390625 0.048828125
0 0.639843761920929 0.3876953125 0.0390625 0.048828125
0 0.68359375 0.3720703125 0.0390625 0.048828125
0 0.727343738079071 0.3544921875 0.0390625 0.048828125
0 0.42890626192092896 0.5244140625 0.0390625 0.048828125
0 0.47265625 0.5068359375 0.0390625 0.048828125
0 0.514843761920929 0.4912109375 0.0390625 0.048828125
0 0.55859375 0.4755859375 0.0390625 0.048828125
0 0.602343738079071 0.4580078125 0.0390625 0.048828125
0 0.6460937261581421 0.4423828125 0.0390625 0.048828125
0 0.69140625 0.4248046875 0.0390625 0.048828125
0 0.735156238079071 0.4091796875 0.0390625 0.048828125
0 0.4351562559604645 0.5771484375 0.0390625 0.048828125
0 0.4789062440395355 0.5615234375 0.0390625 0.048828125
0 0.522656261920929 0.5439453125 0.0390625 0.048828125
0 0.5648437738418579 0.5283203125 0.0390625 0.048828125
0 0.610156238079071 0.5126953125 0.0390625 0.048828125
0 0.65234375 0.4951171875 0.0390625 0.048828125
0 0.6976562738418579 0.4794921875 0.0390625 0.048828125
0 0.742968738079071 0.4619140625 0.0390625 0.048828125
0 0.44140625 0.6318359375 0.0390625 0.048828125
0 0.48515623807907104 0.6142578125 0.0390625 0.048828125
0 0.5289062261581421 0.5986328125 0.0390625 0.048828125
0 0.5726562738418579 0.5830078125 0.0390625 0.048828125
0 0.616406261920929 0.5673828125 0.0390625 0.048828125
0 0.66015625 0.5498046875 0.0390625 0.048828125
0 0.7054687738418579 0.5341796875 0.0390625 0.048828125
0 0.749218761920929 0.5166015625 0.0390625 0.048828125
0 0.4476562440395355 0.6845703125 0.0390625 0.048828125
0 0.49140626192092896 0.6689453125 0.0390625 0.048828125
0 0.53515625 0.6533203125 0.0390625 0.048828125
0 0.578906238079071 0.6376953125 0.0390625 0.048828125
0 0.6226562261581421 0.6220703125 0.0390625 0.048828125
0 0.66796875 0.6044921875 0.0390625 0.048828125
0 0.711718738079071 0.5888671875 0.0390625 0.048828125
0 0.757031261920929 0.5712890625 0.0390625 0.048828125
0 0.45390623807907104 0.7392578125 0.0390625 0.048828125
0 0.4976562559604645 0.7236328125 0.0390625 0.048828125
0 0.5414062738418579 0.7080078125 0.0390625 0.048828125
0 0.585156261920929 0.6923828125 0.0390625 0.048828125
0 0.6304687261581421 0.6748046875 0.0390625 0.048828125
0 0.6742187738418579 0.6591796875 0.0390625 0.048828125
0 0.719531238079071 0.6435546875 0.0390625 0.048828125
0 0.764843761920929 0.6279296875 0.0390625 0.048828125
0 0.46171873807907104 0.7958984375 0.0390625 0.048828125
0 0.50390625 0.7783203125 0.0390625 0.048828125
0 0.547656238079071 0.7626953125 0.0390625 0.048828125
0 0.592968761920929 0.7470703125 0.0390625 0.048828125
0 0.63671875 0.7314453125 0.0390625 0.048828125
0 0.6820312738418579 0.7158203125 0.0390625 0.048828125
0 0.727343738079071 0.6982421875 0.0390625 0.048828125
0 0.7710937261581421 0.6826171875 0.0390625 0.048828125
0 0.46796876192092896 0.8505859375 0.0390625 0.048828125
0 0.51171875 0.8349609375 0.0390625 0.048828125
0 0.555468738079071 0.8193359375 0.0390625 0.048828125
0 0.5992187261581421 0.8017578125 0.0390625 0.048828125
0 0.64453125 0.7861328125 0.0390625 0.048828125
0 0.688281238079071 0.7705078125 0.0390625 0.048828125
0 0.733593761920929 0.7548828125 0.0390625 0.048828125
0 0.7789062261581421 0.7392578125 0.0390625 0.048828125
