0 0.3023437559604645 0.2861328125 0.0390625 0.048828125
0 0.3460937440395355 0.2724609375 0.0390625 0.048828125
0 0.38984376192092896 0.2568359375 0.0390625 0.048828125
0 0.43359375 0.2431640625 0.0390625 0.048828125
0 0.47734373807907104 0.2275390625 0.0390625 0.048828125
0 0.522656261920929 0.2138671875 0.0390625 0.048828125
0 0.56640625 0.1982421875 0.0390625 0.048828125
0 0.610156238079071 0.1845703125 0.0390625 0.048828125
0 0.31328123807907104 0.3408203125 0.0390625 0.048828125
0 0.35859376192092896 0.3271484375 0.0390625 0.048828125
0 0.40234375 0.3115234375 0.0390625 0.048828125
0 0.44609373807907104 0.2978515625 0.0390625 0.048828125
0 0.4898437559604645 0.2841796875 0.0390625 0.048828125
0 0.53515625 0.2685546875 0.0390625 0.048828125
0 0.578906238079071 0.2548828125 0.0390625 0.048828125
0 0.6226562261581421 0.2392578125 0.0390625 0.048828125
0 0.3257812559604645 0.3955078125 0.0390625 0.048828125
0 0.37109375 0.3818359375 0.0390625 0.048828125
0 0.41484373807907104 0.3662109375 0.0390625 0.048828125
0 0.4585937559604645 0.3525390625 0.0390625 0.048828125
0 0.5023437738418579 0.3388671875 0.0390625 0.048828125
0 0.546093761920929 0.3232421875 0.0390625 0.048828125
0 0.5914062261581421 0.3095703125 0.0390625 0.048828125
0 0.6351562738418579 0.2939453125 0.0390625 0.048828125
0 0.3382812440395355 0.4501953125 0.0390625 0.048828125
0 0.38203126192092896 0.4365234375 0.0390625 0.048828125
0 0.42578125 0.4208984375 0.0390625 0.048828125
0 0.4710937440395355 0.4072265625 0.0390625 0.048828125
0 0.514843761920929 0.3935546875 0.0390625 0.048828125
0 0.55859375 0.3779296875 0.0390625 0.048828125
0 0.6039062738418579 0.3642578125 0.0390625 0.048828125
0 0.647656261920929 0.3486328125 0.0390625 0.048828125
0 0.3492187559604645 0.5048828125 0.0390625 0.048828125
0 0.39453125 0.4912109375 0.0390625 0.048828125
0 0.43828123807907104 0.4775390625 0.0390625 0.048828125
0 0.4820312559604645 0.4619140625 0.0390625 0.048828125
0 0.52734375 0.4482421875 0.0390625 0.048828125
0 0.571093738079071 0.4326171875 0.0390625 0.048828125
0 0.6148437261581421 0.4189453125 0.0390625 0.048828125
0 0.66015625 0.4052734375 0.0390625 0.048828125
0 0.3617187440395355 0.5595703125 0.0390625 0.048828125
0 0.40546876192092896 0.5458984375 0.0390625 0.048828125
0 0.4507812559604645 0.5322265625 0.0390625 0.048828125
0 0.4945312440395355 0.5166015625 0.0390625 0.048828125
0 0.538281261920929 0.5029296875 0.0390625 0.048828125
0 0.5835937261581421 0.4873046875 0.0390625 0.048828125
0 0.6273437738418579 0.4736328125 0.0390625 0.048828125
0 0.672656238079071 0.4599609375 0.0390625 0.048828125
0 0.37421876192092896 0.6142578125 0.0390625 0.048828125
0 0.41796875 0.6005859375 0.0390625 0.048828125
0 0.4632812440395355 0.5869140625 0.0390625 0.048828125
0 0.507031261920929 0.5712890625 0.0390625 0.048828125
0 0.55078125 0.5576171875 0.0390625 0.048828125
0 0.5960937738418579 0.5439453125 0.0390625 0.048828125
0 0.639843761920929 0.5283203125 0.0390625 0.048828125
0 0.68359375 0.5146484375 0.0390625 0.048828125
0 0.3851562440395355 0.6708984375 0.0390625 0.048828125
0 0.43046873807907104 0.6552734375 0.0390625 0.048828125
0 0.4742187559604645 0.6416015625 0.0390625 0.048828125
0 0.51953125 0.6279296875 0.0390625 0.048828125
0 0.563281238079071 0.6123046875 0.0390625 0.048828125
0 0.6070312261581421 0.5986328125 0.0390625 0.048828125
0 0.65234375 0.5849609375 0.0390625 0.048828125
0 0.696093738079071 0.5693359375 0.0390625 0.048828125
0 0.39765626192092896 0.7255859375 0.0390625 0.048828125
0 0.44140625 0.7119140625 0.0390625 0.048828125
0 0.4867187440395355 0.6962890625 0.0390625 0.048828125
0 0.530468761920929 0.6826171875 0.0390625 0.048828125
0 0.5757812261581421 0.6689453125 0.0390625 0.048828125
0 0.6195312738418579 0.6533203125 0.0390625 0.048828125
0 0.664843738079071 0.6396484375 0.0390625 0.048828125
0 0.7085937261581421 0.6259765625 0.0390625 0.048828125
0 0.4085937440395355 0.7822265625 0.0390625 0.048828125
0 0.45390623807907104 0.7666015625 0.0390625 0.048828125
0 0.4976562559604645 0.7529296875 0.0390625 0.048828125
0 0.54296875 0.7392578125 0.0390625 0.048828125
0 0.586718738079071 0.7236328125 0.0390625 0.048828125
0 0.632031261920929 0.7099609375 0.0390625 0.048828125
0 0.67578125 0.6962890625 0.0390625 0.048828125
0 0.7210937738418579 0.6806640625 0.0390625 0.048828125
0 0.42109376192092896 0.8369140625 0.0390625 0.048828125
0 0.46484375 0.8232421875 0.0390625 0.048828125
0 0.5101562738418579 0.8095703125 0.0390625 0.048828125
0 0.553906261920929 0.7939453125 0.0390625 0.048828125
0 0.5992187261581421 0.7802734375 0.0390625 0.048828125
0 0.64453125 0.7666015625 0.0390625 0.048828125
0 0.688281238079071 0.7509765625 0.0390625 0.048828125
0 0.733593761920929 0.7373046875 0.0390625 0.048828125
