0 0.08046875149011612 0.3134765625 0.0390625 0.048828125
0 0.12421874701976776 0.2978515625 0.0390625 0.048828125
0 0.16796875 0.2802734375 0.0390625 0.048828125
0 0.21171875298023224 0.2646484375 0.0390625 0.048828125
0 0.25390625 0.2470703125 0.0390625 0.048828125
0 0.29609376192092896 0.2294921875 0.0390625 0.048828125
0 0.33984375 0.2138671875 0.0390625 0.048828125
0 0.38203126192092896 0.1962890625 0.0390625 0.048828125
0 0.09609375149011612 0.3681640625 0.0390625 0.048828125
0 0.13984374701976776 0.3505859375 0.0390625 0.048828125
0 0.18359375 0.3330078125 0.0390625 0.048828125
0 0.22578124701976776 0.3173828125 0.0390625 0.048828125
0 0.26953125 0.2998046875 0.0390625 0.048828125
0 0.31171876192092896 0.2841796875 0.0390625 0.048828125
0 0.3539062440395355 0.2666015625 0.0390625 0.048828125
0 0.39765626192092896 0.2509765625 0.0390625 0.048828125
0 0.11171875149011612 0.4208984375 0.0390625 0.048828125
0 0.15546874701976776 0.4052734375 0.0390625 0.048828125
0 0.19765624403953552 0.3876953125 0.0390625 0.048828125
0 0.24140624701976776 0.3701171875 0.0390625 0.048828125
0 0.2835937440395355 0.3544921875 0.0390625 0.048828125
0 0.32734376192092896 0.3369140625 0.0390625 0.048828125
0 0.3695312440395355 0.3193359375 0.0390625 0.048828125
0 0.4124999940395355 0.3037109375 0.0375 0.048828125
0 0.12578125298023224 0.4755859375 0.0390625 0.048828125
0 0.16953125596046448 0.4580078125 0.0390625 0.048828125
0 0.21328124403953552 0.4423828125 0.0390625 0.048828125
0 0.25703126192092896 0.4248046875 0.0390625 0.048828125
0 0.2992187440395355 0.4072265625 0.0390625 0.048828125
0 0.34296876192092896 0.3896484375 0.0390625 0.048828125
0 0.3851562440395355 0.3740234375 0.0390625 0.048828125
0 0.4273437559604645 0.3564453125 0.0390625 0.048828125
0 0.14140625298023224 0.5302734375 0.0390625 0.048828125
0 0.18515625596046448 0.5126953125 0.0390625 0.048828125
0 0.22890624403953552 0.4951171875 0.0390625 0.048828125
0 0.27265626192092896 0.4775390625 0.0390625 0.048828125
0 0.3148437440395355 0.4619140625 0.0390625 0.048828125
0 0.3570312559604645 0.4443359375 0.0390625 0.048828125
0 0.4007812440395355 0.4267578125 0.0390625 0.048828125
0 0.4429687559604645 0.4091796875 0.0390625 0.048828125
0 0.15703125298023224 0.5849609375 0.0390625 0.048828125
0 0.20078125596046448 0.5673828125 0.0390625 0.048828125
0 0.24453124403953552 0.5498046875 0.0390625 0.048828125
0 0.2867187559604645 0.5322265625 0.0390625 0.048828125
0 0.3304687440395355 0.5146484375 0.0390625 0.048828125
0 0.3726562559604645 0.4970703125 0.0390625 0.048828125
0 0.41484373807907104 0.4814453125 0.0390625 0.048828125
0 0.4585937559604645 0.4638671875 0.0390625 0.048828125
0 0.17265625298023224 0.6376953125 0.0390625 0.048828125
0 0.21640625596046448 0.6201171875 0.0390625 0.048828125
0 0.25859373807907104 0.6025390625 0.0390625 0.048828125
0 0.3023437559604645 0.5849609375 0.0390625 0.048828125
0 0.3460937440395355 0.5673828125 0.0390625 0.048828125
0 0.3882812559604645 0.5498046875 0.0390625 0.048828125
0 0.43046873807907104 0.5341796875 0.0390625 0.048828125
0 0.47265625 0.5166015625 0.0390625 0.048828125
0 0.18828125298023224 0.6923828125 0.0390625 0.048828125
0 0.23046875 0.6748046875 0.0390625 0.048828125
0 0.27421873807907104 0.6572265625 0.0390625 0.048828125
0 0.3179687559604645 0.6396484375 0.0390625 0.048828125
0 0.36015623807907104 0.6220703125 0.0390625 0.048828125
0 0.4039062559604645 0.6044921875 0.0390625 0.048828125
0 0.44609373807907104 0.5869140625 0.0390625 0.048828125
0 0.48828125 0.5693359375 0.0390625 0.048828125
0 0.20390625298023224 0.7470703125 0.0390625 0.048828125
0 0.24765625596046448 0.7294921875 0.0390625 0.048828125
0 0.28984373807907104 0.7119140625 0.0390625 0.048828125
0 0.3335937559604645 0.6943359375 0.0390625 0.048828125
0 0.37578123807907104 0.6767578125 0.0390625 0.048828125
0 0.41796875 0.6591796875 0.0390625 0.048828125
0 0.46171873807907104 0.6416015625 0.0390625 0.048828125
0 0.50390625 0.6240234375 0.0390625 0.048828125
0 0.21796874701976776 0.8017578125 0.0390625 0.048828125
0 0.26171875 0.7841796875 0.0390625 0.048828125
0 0.30546873807907104 0.7666015625 0.0390625 0.048828125
0 0.34765625 0.7470703125 0.0390625 0.048828125
0 0.39140623807907104 0.7294921875 0.0390625 0.048828125
0 0.43359375 0.7119140625 0.0390625 0.048828125
0 0.47734373807907104 0.6943359375 0.0390625 0.048828125
0 0.51953125 0.6767578125 0.0390625 0.048828125
0 0.23359374701976776 0.8564453125 0.0390625 0.048828125
0 0.27734375 0.8388671875 0.0390625 0.048828125
0 0.32109373807907104 0.8212890625 0.0390625 0.048828125
0 0.36328125 0.8017578125 0.0390625 0.048828125
0 0.40703123807907104 0.7841796875 0.0390625 0.048828125
0 0.44921875 0.7666015625 0.0390625 0.048828125
0 0.49296873807907104 0.7490234375 0.0390625 0.048828125
0 0.53515625 0.7314453125 0.0390625 0.048828125
