0 0.16796875 0.5458984375 0.0390625 0.048828125
0 0.17265625298023224 0.4892578125 0.0390625 0.048828125
0 0.17734375596046448 0.4326171875 0.0390625 0.048828125
0 0.18203124403953552 0.3759765625 0.0390625 0.048828125
0 0.18671874701976776 0.3212890625 0.0390625 0.048828125
0 0.19140625 0.2646484375 0.0390625 0.048828125
0 0.19609375298023224 0.2099609375 0.0390625 0.048828125
0 0.20078125596046448 0.1533203125 0.0390625 0.048828125
0 0.21328124403953552 0.5498046875 0.0390625 0.048828125
0 0.21796874701976776 0.4951171875 0.0390625 0.048828125
0 0.22265625 0.4384765625 0.0390625 0.048828125
0 0.22734375298023224 0.3818359375 0.0390625 0.048828125
0 0.23203125596046448 0.3271484375 0.0390625 0.048828125
0 0.23671874403953552 0.2705078125 0.0390625 0.048828125
0 0.24140624701976776 0.2158203125 0.0390625 0.048828125
0 0.24609375 0.1591796875 0.0390625 0.048828125
0 0.25859373807907104 0.5556640625 0.0390625 0.048828125
0 0.2632812559604645 0.5009765625 0.0390625 0.048828125
0 0.2679687440395355 0.4443359375 0.0390625 0.048828125
0 0.27265626192092896 0.3876953125 0.0390625 0.048828125
0 0.27734375 0.3330078125 0.0390625 0.048828125
0 0.28203123807907104 0.2763671875 0.0390625 0.048828125
0 0.2867187559604645 0.2216796875 0.0390625 0.048828125
0 0.2914062440395355 0.1650390625 0.0390625 0.048828125
0 0.30390626192092896 0.5615234375 0.0390625 0.048828125
0 0.30859375 0.5048828125 0.0390625 0.048828125
0 0.31328123807907104 0.4501953125 0.0390625 0.048828125
0 0.3179687559604645 0.3935546875 0.0390625 0.048828125
0 0.3226562440395355 0.3388671875 0.0390625 0.048828125
0 0.32734376192092896 0.2822265625 0.0390625 0.048828125
0 0.33203125 0.2275390625 0.0390625 0.048828125
0 0.33671873807907104 0.1708984375 0.0390625 0.048828125
0 0.3492187559604645 0.5673828125 0.0390625 0.048828125
0 0.3539062440395355 0.5107421875 0.0390625 0.048828125
0 0.35859376192092896 0.4560546875 0.0390625 0.048828125
0 0.36328125 0.3994140625 0.0390625 0.048828125
0 0.36796873807907104 0.3447265625 0.0390625 0.048828125
0 0.3726562559604645 0.2880859375 0.0390625 0.048828125
0 0.3773437440395355 0.2333984375 0.0390625 0.048828125
0 0.38203126192092896 0.1767578125 0.0390625 0.048828125
0 0.39453125 0.5732421875 0.0390625 0.048828125
0 0.39921873807907104 0.5166015625 0.0390625 0.048828125
0 0.4039062559604645 0.4619140625 0.0390625 0.048828125
0 0.4085937440395355 0.4052734375 0.0390625 0.048828125
0 0.41328126192092896 0.3505859375 0.0390625 0.048828125
0 0.41796875 0.2939453125 0.0390625 0.048828125
0 0.42265623807907104 0.2392578125 0.0390625 0.048828125
0 0.4273437559604645 0.1826171875 0.0390625 0.048828125
0 0.4398437440395355 0.5791015625 0.0390625 0.048828125
0 0.44453126192092896 0.5224609375 0.0390625 0.048828125
0 0.44921875 0.4677734375 0.0390625 0.048828125
0 0.45390623807907104 0.4111328125 0.0390625 0.048828125
0 0.4585937559604645 0.3564453125 0.0390625 0.048828125
0 0.4632812440395355 0.2998046875 0.0390625 0.048828125
0 0.46796876192092896 0.2451171875 0.0390625 0.048828125
0 0.4710937440395355 0.1884765625 0.0390625 0.048828125
0 0.48515623807907104 0.5849609375 0.0390625 0.048828125
0 0.4898437559604645 0.5283203125 0.0390625 0.048828125
0 0.49296873807907104 0.4736328125 0.0390625 0.048828125
0 0.4976562559604645 0.4169921875 0.0390625 0.048828125
0 0.5023437738418579 0.3623046875 0.0390625 0.048828125
0 0.507031261920929 0.3056640625 0.0390625 0.048828125
0 0.51171875 0.2490234375 0.0390625 0.048828125
0 0.516406238079071 0.1943359375 0.0390625 0.048828125
0 0.530468761920929 0.5908203125 0.0390625 0.048828125
0 0.53515625 0.5361328125 0.0390625 0.048828125
0 0.538281261920929 0.4794921875 0.0390625 0.048828125
0 0.54296875 0.4228515625 0.0390625 0.048828125
0 0.547656238079071 0.3681640625 0.0390625 0.048828125
0 0.5523437261581421 0.3115234375 0.0390625 0.048828125
0 0.5570312738418579 0.2568359375 0.0390625 0.048828125
0 0.561718761920929 0.2001953125 0.0390625 0.048828125
0 0.5757812261581421 0.5966796875 0.0390625 0.048828125
0 0.578906238079071 0.5400390625 0.0390625 0.048828125
0 0.5835937261581421 0.4853515625 0.0390625 0.048828125
0 0.5882812738418579 0.4287109375 0.0390625 0.048828125
0 0.592968761920929 0.3740234375 0.0390625 0.048828125
0 0.59765625 0.3173828125 0.0390625 0.048828125
0 0.602343738079071 0.2607421875 0.0390625 0.048828125
0 0.6070312261581421 0.2060546875 0.0390625 0.048828125
0 0.62109375 0.6025390625 0.0390625 0.048828125
0 0.624218761920929 0.5458984375 0.0390625 0.048828125
0 0.62890625 0.4912109375 0.0390625 0.048828125
0 0.633593738079071 0.4345703125 0.0390625 0.048828125
0 0.6382812261581421 0.3779296875 0.0390625 0.048828125
0 0.6429687738418579 0.3232421875 0.0390625 0.048828125
0 0.647656261920929 0.2666015625 0.0390625 0.048828125
0 0.65234375 0.2119140625 0.0390625 0.048828125
