0 0.16015625 0.5458984375 0.0390625 0.048828125
0 0.16640624403953552 0.4912109375 0.0390625 0.048828125
0 0.17265625298023224 0.4384765625 0.0390625 0.048828125
0 0.17890624701976776 0.3857421875 0.0390625 0.048828125
0 0.18515625596046448 0.3330078125 0.0390625 0.048828125
0 0.19140625 0.2802734375 0.0390625 0.048828125
0 0.19609375298023224 0.2275390625 0.0390625 0.048828125
0 0.20234374701976776 0.1748046875 0.0390625 0.048828125
0 0.20546874403953552 0.5517578125 0.0390625 0.048828125
0 0.21328124403953552 0.4970703125 0.0390625 0.048828125
0 0.21796874701976776 0.4443359375 0.0390625 0.048828125
0 0.22421875596046448 0.3916015625 0.0390625 0.048828125
0 0.23046875 0.3388671875 0.0390625 0.048828125
0 0.23515625298023224 0.2861328125 0.0390625 0.048828125
0 0.24140624701976776 0.2333984375 0.0390625 0.048828125
0 0.24765625596046448 0.1806640625 0.0390625 0.048828125
0 0.25078123807907104 0.5576171875 0.0390625 0.048828125
0 0.25703126192092896 0.5029296875 0.0390625 0.048828125
0 0.2632812559604645 0.4501953125 0.0390625 0.048828125
0 0.26953125 0.3974609375 0.0390625 0.048828125
0 0.27421873807907104 0.3447265625 0.0390625 0.048828125
0 0.28046876192092896 0.2919921875 0.0390625 0.048828125
0 0.2867187559604645 0.2392578125 0.0390625 0.048828125
0 0.2914062440395355 0.1865234375 0.0390625 0.048828125
0 0.29609376192092896 0.5634765625 0.0390625 0.048828125
0 0.3023437559604645 0.5087890625 0.0390625 0.048828125
0 0.30859375 0.4560546875 0.0390625 0.048828125
0 0.3148437440395355 0.4033203125 0.0390625 0.048828125
0 0.31953126192092896 0.3505859375 0.0390625 0.048828125
0 0.3257812559604645 0.2978515625 0.0390625 0.048828125
0 0.3304687440395355 0.2451171875 0.0390625 0.048828125
0 0.33671873807907104 0.1923828125 0.0390625 0.048828125
0 0.34296876192092896 0.5693359375 0.0390625 0.048828125
0 0.34765625 0.5146484375 0.0390625 0.048828125
0 0.3539062440395355 0.4619140625 0.0390625 0.048828125
0 0.35859376192092896 0.4091796875 0.0390625 0.048828125
0 0.3648437559604645 0.3564453125 0.0390625 0.048828125
0 0.3695312440395355 0.3037109375 0.0390625 0.048828125
0 0.37578123807907104 0.2509765625 0.0390625 0.048828125
0 0.3804687559604645 0.1982421875 0.0390625 0.048828125
0 0.38671875 0.5751953125 0.0390625 0.048828125
0 0.3929687440395355 0.5205078125 0.0390625 0.048828125
0 0.39765626192092896 0.4677734375 0.0390625 0.048828125
0 0.4039062559604645 0.4150390625 0.0390625 0.048828125
0 0.4085937440395355 0.3623046875 0.0390625 0.048828125
0 0.41484373807907104 0.3095703125 0.0390625 0.048828125
0 0.4195312559604645 0.2568359375 0.0390625 0.048828125
0 0.42578125 0.2041015625 0.0390625 0.048828125
0 0.4320312440395355 0.5810546875 0.0390625 0.048828125
0 0.43828123807907104 0.5263671875 0.0390625 0.048828125
0 0.4429687559604645 0.4736328125 0.0390625 0.048828125
0 0.44921875 0.4208984375 0.0390625 0.048828125
0 0.45390623807907104 0.3681640625 0.0390625 0.048828125
0 0.46015626192092896 0.3154296875 0.0390625 0.048828125
0 0.46484375 0.2626953125 0.0390625 0.048828125
0 0.4710937440395355 0.2099609375 0.0390625 0.048828125
0 0.47734373807907104 0.5869140625 0.0390625 0.048828125
0 0.48359376192092896 0.5322265625 0.0390625 0.048828125
0 0.48828125 0.4794921875 0.0390625 0.048828125
0 0.49296873807907104 0.4267578125 0.0390625 0.048828125
0 0.49921876192092896 0.3740234375 0.0390625 0.048828125
0 0.50390625 0.3212890625 0.0390625 0.048828125
0 0.5101562738418579 0.2685546875 0.0390625 0.048828125
0 0.514843761920929 0.2158203125 0.0390625 0.048828125
0 0.522656261920929 0.5927734375 0.0390625 0.048828125
0 0.52734375 0.5380859375 0.0390625 0.048828125
0 0.5335937738418579 0.4853515625 0.0390625 0.048828125
0 0.538281261920929 0.4326171875 0.0390625 0.048828125
0 0.5445312261581421 0.3798828125 0.0390625 0.048828125
0 0.5492187738418579 0.3271484375 0.0390625 0.048828125
0 0.553906261920929 0.2744140625 0.0390625 0.048828125
0 0.5601562261581421 0.2216796875 0.0390625 0.048828125
0 0.5679687261581421 0.5986328125 0.0390625 0.048828125
0 0.5726562738418579 0.5439453125 0.0390625 0.048828125
0 0.578906238079071 0.4912109375 0.0390625 0.048828125
0 0.5835937261581421 0.4384765625 0.0390625 0.048828125
0 0.5882812738418579 0.3837890625 0.0390625 0.048828125
0 0.594531238079071 0.3330078125 0.0390625 0.048828125
0 0.5992187261581421 0.2802734375 0.0390625 0.048828125
0 0.6039062738418579 0.2275390625 0.0390625 0.048828125
0 0.61328125 0.6044921875 0.0390625 0.048828125
0 0.617968738079071 0.5517578125 0.0390625 0.048828125
0 0.624218761920929 0.4970703125 0.0390625 0.048828125
0 0.62890625 0.4443359375 0.0390625 0.048828125
0 0.633593738079071 0.3916015625 0.0390625 0.048828125
0 0.639843761920929 0.3369140625 0.0390625 0.048828125
0 0.64453125 0.2861328125 0.0390625 0.048828125
0 0.649218738079071 0.2314453125 0.0390625 0.048828125
