0 0.16328124701976776 0.3349609375 0.0390625 0.048828125
0 0.16171875596046448 0.3955078125 0.0390625 0.048828125
0 0.16171875596046448 0.4541015625 0.0390625 0.048828125
0 0.16015625 0.5146484375 0.0390625 0.048828125
0 0.15859374403953552 0.5732421875 0.0390625 0.048828125
0 0.15859374403953552 0.6318359375 0.0390625 0.048828125
0 0.15703125298023224 0.6923828125 0.0390625 0.048828125
0 0.15546874701976776 0.7509765625 0.0390625 0.048828125
0 0.20390625298023224 0.3369140625 0.0390625 0.048828125
0 0.20390625298023224 0.3955078125 0.0390625 0.048828125
0 0.20234374701976776 0.4541015625 0.0390625 0.048828125
0 0.20234374701976776 0.5146484375 0.0390625 0.048828125
0 0.20078125596046448 0.5732421875 0.0390625 0.048828125
0 0.20078125596046448 0.6318359375 0.0390625 0.048828125
0 0.19921875 0.6904296875 0.0390625 0.048828125
0 0.19765624403953552 0.7509765625 0.0390625 0.048828125
0 0.24609375 0.3369140625 0.0390625 0.048828125
0 0.24453124403953552 0.3955078125 0.0390625 0.048828125
0 0.24453124403953552 0.4541015625 0.0390625 0.048828125
0 0.24296875298023224 0.5126953125 0.0390625 0.048828125
0 0.24140624701976776 0.5732421875 0.0390625 0.048828125
0 0.24140624701976776 0.6318359375 0.0390625 0.048828125
0 0.23984375596046448 0.6904296875 0.0390625 0.048828125
0 0.23828125 0.7490234375 0.0390625 0.048828125
0 0.2867187559604645 0.3369140625 0.0390625 0.048828125
0 0.28515625 0.3955078125 0.0390625 0.048828125
0 0.28515625 0.4541015625 0.0390625 0.048828125
0 0.2835937440395355 0.5126953125 0.0390625 0.048828125
0 0.2835937440395355 0.5712890625 0.0390625 0.048828125
0 0.28203123807907104 0.6298828125 0.0390625 0.048828125
0 0.28046876192092896 0.6904296875 0.0390625 0.048828125
0 0.28046876192092896 0.7490234375 0.0390625 0.048828125
0 0.32734376192092896 0.3388671875 0.0390625 0.048828125
0 0.3257812559604645 0.3974609375 0.0390625 0.048828125
0 0.3257812559604645 0.4541015625 0.0390625 0.048828125
0 0.32421875 0.5126953125 0.0390625 0.048828125
0 0.32421875 0.5712890625 0.0390625 0.048828125
0 0.3226562440395355 0.6298828125 0.0390625 0.048828125
0 0.32109373807907104 0.6884765625 0.0390625 0.048828125
0 0.32109373807907104 0.7470703125 0.0390625 0.048828125
0 0.36796873807907104 0.3388671875 0.0390625 0.048828125
0 0.36640626192092896 0.3974609375 0.0390625 0.048828125
0 0.3648437559604645 0.4541015625 0.0390625 0.048828125
0 0.3648437559604645 0.5126953125 0.0390625 0.048828125
0 0.36328125 0.5712890625 0.0390625 0.048828125
0 0.36328125 0.6298828125 0.0390625 0.048828125
0 0.3617187440395355 0.6884765625 0.0390625 0.048828125
0 0.36015623807907104 0.7451171875 0.0390625 0.048828125
0 0.40703123807907104 0.3388671875 0.0390625 0.048828125
0 0.40703123807907104 0.3974609375 0.0390625 0.048828125
0 0.40546876192092896 0.4541015625 0.0390625 0.048828125
0 0.4039062559604645 0.5126953125 0.0390625 0.048828125
0 0.4039062559604645 0.5712890625 0.0390625 0.048828125
0 0.40234375 0.6279296875 0.0390625 0.048828125
0 0.4007812440395355 0.6865234375 0.0390625 0.048828125
0 0.4007812440395355 0.7451171875 0.0390625 0.048828125
0 0.44609373807907104 0.3388671875 0.0390625 0.048828125
0 0.44609373807907104 0.3974609375 0.0390625 0.048828125
0 0.44453126192092896 0.4560546875 0.0390625 0.048828125
0 0.44453126192092896 0.5126953125 0.0390625 0.048828125
0 0.4429687559604645 0.5712890625 0.0390625 0.048828125
0 0.44140625 0.6279296875 0.0390625 0.048828125
0 0.44140625 0.6865234375 0.0390625 0.048828125
0 0.4398437440395355 0.7431640625 0.0390625 0.048828125
0 0.4867187440395355 0.3408203125 0.0390625 0.048828125
0 0.48515623807907104 0.3974609375 0.0390625 0.048828125
0 0.48359376192092896 0.4560546875 0.0390625 0.048828125
0 0.48359376192092896 0.5126953125 0.0390625 0.048828125
0 0.4820312559604645 0.5712890625 0.0390625 0.048828125
0 0.48046875 0.6279296875 0.0390625 0.048828125
0 0.48046875 0.6845703125 0.0390625 0.048828125
0 0.4789062440395355 0.7431640625 0.0390625 0.048828125
0 0.5257812738418579 0.3408203125 0.0390625 0.048828125
0 0.524218738079071 0.3974609375 0.0390625 0.048828125
0 0.522656261920929 0.4560546875 0.0390625 0.048828125
0 0.522656261920929 0.5126953125 0.0390625 0.048828125
0 0.5210937261581421 0.5693359375 0.0390625 0.048828125
0 0.51953125 0.6279296875 0.0390625 0.048828125
0 0.51953125 0.6845703125 0.0390625 0.048828125
0 0.5179687738418579 0.7412109375 0.0390625 0.048828125
0 0.563281238079071 0.3408203125 0.0390625 0.048828125
0 0.563281238079071 0.3974609375 0.0390625 0.048828125
0 0.561718761920929 0.4560546875 0.0390625 0.048828125
0 0.5601562261581421 0.5126953125 0.0390625 0.048828125
0 0.5601562261581421 0.5693359375 0.0390625 0.048828125
0 0.55859375 0.6259765625 0.0390625 0.048828125
0 0.55859375 0.6845703125 0.0390625 0.048828125
0 0.5570312738418579 0.7412109375 0.0390625 0.048828125
