0 0.14140625298023224 0.3154296875 0.0390625 0.048828125
0 0.18203124403953552 0.3037109375 0.0390625 0.048828125
0 0.22421875596046448 0.2939453125 0.0390625 0.048828125
0 0.26484376192092896 0.2822265625 0.0390625 0.048828125
0 0.30546873807907104 0.2724609375 0.0390625 0.048828125
0 0.3460937440395355 0.2607421875 0.0390625 0.048828125
0 0.38671875 0.2509765625 0.0390625 0.048828125
0 0.4273437559604645 0.2412109375 0.0390625 0.048828125
0 0.15234375 0.3681640625 0.0390625 0.048828125
0 0.19453124701976776 0.3564453125 0.0390625 0.048828125
0 0.23671874403953552 0.3466796875 0.0390625 0.048828125
0 0.27734375 0.3349609375 0.0390625 0.048828125
0 0.3179687559604645 0.3251953125 0.0390625 0.048828125
0 0.35859376192092896 0.3134765625 0.0390625 0.048828125
0 0.39921873807907104 0.3037109375 0.0390625 0.048828125
0 0.4398437440395355 0.2919921875 0.0390625 0.048828125
0 0.16484375298023224 0.4208984375 0.0390625 0.048828125
0 0.20703125 0.4091796875 0.0390625 0.048828125
0 0.24921874701976776 0.3994140625 0.0390625 0.048828125
0 0.28984373807907104 0.3876953125 0.0390625 0.048828125
0 0.3304687440395355 0.3759765625 0.0390625 0.048828125
0 0.37109375 0.3662109375 0.0390625 0.048828125
0 0.4117187559604645 0.3544921875 0.0390625 0.048828125
0 0.45234376192092896 0.3447265625 0.0390625 0.048828125
0 0.17734375596046448 0.4736328125 0.0390625 0.048828125
0 0.21953125298023224 0.4619140625 0.0390625 0.048828125
0 0.26171875 0.4521484375 0.0390625 0.048828125
0 0.3023437559604645 0.4404296875 0.0390625 0.048828125
0 0.34296876192092896 0.4287109375 0.0390625 0.048828125
0 0.38359373807907104 0.4169921875 0.0390625 0.048828125
0 0.4242187440395355 0.4072265625 0.0390625 0.048828125
0 0.46484375 0.3955078125 0.0390625 0.048828125
0 0.18984374403953552 0.5263671875 0.0390625 0.048828125
0 0.23203125596046448 0.5146484375 0.0390625 0.048828125
0 0.27265626192092896 0.5029296875 0.0390625 0.048828125
0 0.3148437440395355 0.4931640625 0.0390625 0.048828125
0 0.35546875 0.4814453125 0.0390625 0.048828125
0 0.3960937559604645 0.4697265625 0.0390625 0.048828125
0 0.43671876192092896 0.4580078125 0.0390625 0.048828125
0 0.47734373807907104 0.4482421875 0.0390625 0.048828125
0 0.20234374701976776 0.5791015625 0.0390625 0.048828125
0 0.24453124403953552 0.5673828125 0.0390625 0.048828125
0 0.28515625 0.5556640625 0.0390625 0.048828125
0 0.32734376192092896 0.5439453125 0.0390625 0.048828125
0 0.36796873807907104 0.5341796875 0.0390625 0.048828125
0 0.4085937440395355 0.5224609375 0.0390625 0.048828125
0 0.44921875 0.5107421875 0.0390625 0.048828125
0 0.4898437559604645 0.4990234375 0.0390625 0.048828125
0 0.21484375 0.6337890625 0.0390625 0.048828125
0 0.25703126192092896 0.6220703125 0.0390625 0.048828125
0 0.2992187440395355 0.6083984375 0.0390625 0.048828125
0 0.33984375 0.5966796875 0.0390625 0.048828125
0 0.3804687559604645 0.5849609375 0.0390625 0.048828125
0 0.42109376192092896 0.5751953125 0.0390625 0.048828125
0 0.46171873807907104 0.5634765625 0.0390625 0.048828125
0 0.500781238079071 0.5517578125 0.0390625 0.048828125
0 0.22890624403953552 0.6865234375 0.0390625 0.048828125
0 0.26953125 0.6748046875 0.0390625 0.048828125
0 0.31171876192092896 0.6630859375 0.0390625 0.048828125
0 0.35234373807907104 0.6494140625 0.0390625 0.048828125
0 0.3929687440395355 0.6376953125 0.0390625 0.048828125
0 0.43359375 0.6259765625 0.0390625 0.048828125
0 0.4742187559604645 0.6142578125 0.0390625 0.048828125
0 0.514843761920929 0.6025390625 0.0390625 0.048828125
0 0.23984375596046448 0.7412109375 0.0390625 0.048828125
0 0.28203123807907104 0.7275390625 0.0390625 0.048828125
0 0.3226562440395355 0.7158203125 0.0390625 0.048828125
0 0.3648437559604645 0.7041015625 0.0390625 0.048828125
0 0.40546876192092896 0.6904296875 0.0390625 0.048828125
0 0.44609373807907104 0.6787109375 0.0390625 0.048828125
0 0.4867187440395355 0.6669921875 0.0390625 0.048828125
0 0.52734375 0.6552734375 0.0390625 0.048828125
0 0.2523437440395355 0.7939453125 0.0390625 0.048828125
0 0.2945312559604645 0.7822265625 0.0390625 0.048828125
0 0.33671873807907104 0.7685546875 0.0390625 0.048828125
0 0.3773437440395355 0.7568359375 0.0390625 0.048828125
0 0.41796875 0.7451171875 0.0390625 0.048828125
0 0.4585937559604645 0.7314453125 0.0390625 0.048828125
0 0.49921876192092896 0.7197265625 0.0390625 0.048828125
0 0.539843738079071 0.7080078125 0.0390625 0.048828125
0 0.26640623807907104 0.8486328125 0.0390625 0.048828125
0 0.3070312440395355 0.8349609375 0.0390625 0.048828125
0 0.3492187559604645 0.8232421875 0.0390625 0.048828125
0 0.38984376192092896 0.8095703125 0.0390625 0.048828125
0 0.43046873807907104 0.7978515625 0.0390625 0.048828125
0 0.4710937440395355 0.7861328125 0.0390625 0.048828125
0 0.51171875 0.7724609375 0.0390625 0.048828125
0 0.5523437261581421 0.7607421875 0.0390625 0.048828125
