0 0.4664062559604645 0.2626953125 0.0390625 0.048828125
0 0.51171875 0.2529296875 0.0390625 0.048828125
0 0.55859375 0.2412109375 0.0390625 0.048828125
0 0.6039062738418579 0.2314453125 0.0390625 0.048828125
0 0.6507812738418579 0.2216796875 0.0390625 0.048828125
0 0.6976562738418579 0.2099609375 0.0390625 0.048828125
0 0.7445312738418579 0.2001953125 0.0390625 0.048828125
0 0.7914062738418579 0.1904296875 0.0390625 0.048828125
0 0.46953123807907104 0.3154296875 0.0390625 0.048828125
0 0.516406238079071 0.3056640625 0.0390625 0.048828125
0 0.561718761920929 0.2958984375 0.0390625 0.048828125
0 0.608593761920929 0.2861328125 0.0390625 0.048828125
0 0.6539062261581421 0.2744140625 0.0390625 0.048828125
0 0.7007812261581421 0.2646484375 0.0390625 0.048828125
0 0.7476562261581421 0.2548828125 0.0390625 0.048828125
0 0.7945312261581421 0.2451171875 0.0390625 0.048828125
0 0.4742187559604645 0.3701171875 0.0390625 0.048828125
0 0.51953125 0.3603515625 0.0390625 0.048828125
0 0.5648437738418579 0.3505859375 0.0390625 0.048828125
0 0.6117187738418579 0.3388671875 0.0390625 0.048828125
0 0.6585937738418579 0.3291015625 0.0390625 0.048828125
0 0.703906238079071 0.3193359375 0.0390625 0.048828125
0 0.7523437738418579 0.3095703125 0.0390625 0.048828125
0 0.7992187738418579 0.2978515625 0.0390625 0.048828125
0 0.47734373807907104 0.4248046875 0.0390625 0.048828125
0 0.522656261920929 0.4150390625 0.0390625 0.048828125
0 0.569531261920929 0.4052734375 0.0390625 0.048828125
0 0.6148437261581421 0.3935546875 0.0390625 0.048828125
0 0.6617187261581421 0.3837890625 0.0390625 0.048828125
0 0.7085937261581421 0.3740234375 0.0390625 0.048828125
0 0.7554687261581421 0.3642578125 0.0390625 0.048828125
0 0.803906261920929 0.3544921875 0.0390625 0.048828125
0 0.48046875 0.4794921875 0.0390625 0.048828125
0 0.52734375 0.4697265625 0.0390625 0.048828125
0 0.5726562738418579 0.4599609375 0.0390625 0.048828125
0 0.6195312738418579 0.4482421875 0.0390625 0.048828125
0 0.6664062738418579 0.4384765625 0.0390625 0.048828125
0 0.7132812738418579 0.4287109375 0.0390625 0.048828125
0 0.7601562738418579 0.4189453125 0.0390625 0.048828125
0 0.8070312738418579 0.4091796875 0.0390625 0.048828125
0 0.48359376192092896 0.5341796875 0.0390625 0.048828125
0 0.530468761920929 0.5244140625 0.0390625 0.048828125
0 0.577343761920929 0.5146484375 0.0390625 0.048828125
0 0.6226562261581421 0.5048828125 0.0390625 0.048828125
0 0.6695312261581421 0.4951171875 0.0390625 0.048828125
0 0.717968761920929 0.4833984375 0.0390625 0.048828125
0 0.764843761920929 0.4736328125 0.0390625 0.048828125
0 0.811718761920929 0.4638671875 0.0390625 0.048828125
0 0.48828125 0.5888671875 0.0390625 0.048828125
0 0.5335937738418579 0.5791015625 0.0390625 0.048828125
0 0.5804687738418579 0.5693359375 0.0390625 0.048828125
0 0.6273437738418579 0.5595703125 0.0390625 0.048828125
0 0.6742187738418579 0.5498046875 0.0390625 0.048828125
0 0.7210937738418579 0.5400390625 0.0390625 0.048828125
0 0.76953125 0.5302734375 0.0390625 0.048828125
0 0.81640625 0.5205078125 0.0390625 0.048828125
0 0.49140626192092896 0.6455078125 0.0390625 0.048828125
0 0.538281261920929 0.6357421875 0.0390625 0.048828125
0 0.585156261920929 0.6259765625 0.0390625 0.048828125
0 0.632031261920929 0.6162109375 0.0390625 0.048828125
0 0.678906261920929 0.6064453125 0.0390625 0.048828125
0 0.725781261920929 0.5966796875 0.0390625 0.048828125
0 0.774218738079071 0.5869140625 0.0390625 0.048828125
0 0.8226562738418579 0.5771484375 0.0390625 0.048828125
0 0.49609375 0.7001953125 0.0390625 0.048828125
0 0.54296875 0.6904296875 0.0390625 0.048828125
0 0.58984375 0.6806640625 0.0390625 0.048828125
0 0.63671875 0.6708984375 0.0390625 0.048828125
0 0.68359375 0.6630859375 0.0390625 0.048828125
0 0.73046875 0.6513671875 0.0390625 0.048828125
0 0.7789062261581421 0.6435546875 0.0390625 0.048828125
0 0.827343761920929 0.6337890625 0.0390625 0.048828125
0 0.49921876192092896 0.7568359375 0.0390625 0.048828125
0 0.546093761920929 0.7470703125 0.0390625 0.048828125
0 0.594531238079071 0.7373046875 0.0390625 0.048828125
0 0.641406238079071 0.7275390625 0.0390625 0.048828125
0 0.688281238079071 0.7197265625 0.0390625 0.048828125
0 0.7367187738418579 0.7099609375 0.0390625 0.048828125
0 0.7835937738418579 0.7001953125 0.0390625 0.048828125
0 0.83203125 0.6904296875 0.0390625 0.048828125
0 0.50390625 0.8134765625 0.0390625 0.048828125
0 0.55078125 0.8037109375 0.0390625 0.048828125
0 0.59765625 0.7958984375 0.0390625 0.048828125
0 0.6460937261581421 0.7861328125 0.0390625 0.048828125
0 0.6929687261581421 0.7763671875 0.0390625 0.048828125
0 0.741406261920929 0.7666015625 0.0390625 0.048828125
0 0.789843738079071 0.7568359375 0.0390625 0.048828125
0 0.8382812738418579 0.7470703125 0.0390625 0.048828125
