0 0.18203124403953552 0.2138671875 0.0390625 0.048828125
0 0.22890624403953552 0.2080078125 0.0390625 0.048828125
0 0.2757812440395355 0.2021484375 0.0390625 0.048828125
0 0.3226562440395355 0.1962890625 0.0390625 0.048828125
0 0.3695312440395355 0.1884765625 0.0390625 0.048828125
0 0.4164062440395355 0.1826171875 0.0390625 0.048828125
0 0.4632812440395355 0.1767578125 0.0390625 0.048828125
0 0.51171875 0.1689453125 0.0390625 0.048828125
0 0.18671874701976776 0.2724609375 0.0390625 0.048828125
0 0.23359374701976776 0.2666015625 0.0390625 0.048828125
0 0.28046876192092896 0.2607421875 0.0390625 0.048828125
0 0.32734376192092896 0.2548828125 0.0390625 0.048828125
0 0.37421876192092896 0.2490234375 0.0390625 0.048828125
0 0.42109376192092896 0.2412109375 0.0390625 0.048828125
0 0.46796876192092896 0.2353515625 0.0390625 0.048828125
0 0.516406238079071 0.2294921875 0.0390625 0.048828125
0 0.19140625 0.3330078125 0.0390625 0.048828125
0 0.23828125 0.3251953125 0.0390625 0.048828125
0 0.28515625 0.3193359375 0.0390625 0.048828125
0 0.33203125 0.3134765625 0.0390625 0.048828125
0 0.37890625 0.3076171875 0.0390625 0.048828125
0 0.42578125 0.3017578125 0.0390625 0.048828125
0 0.47265625 0.2939453125 0.0390625 0.048828125
0 0.5210937261581421 0.2880859375 0.0390625 0.048828125
0 0.19609375298023224 0.3916015625 0.0390625 0.048828125
0 0.24296875298023224 0.3857421875 0.0390625 0.048828125
0 0.28984373807907104 0.3779296875 0.0390625 0.048828125
0 0.33671873807907104 0.3720703125 0.0390625 0.048828125
0 0.38359373807907104 0.3662109375 0.0390625 0.048828125
0 0.43046873807907104 0.3603515625 0.0390625 0.048828125
0 0.47734373807907104 0.3525390625 0.0390625 0.048828125
0 0.524218738079071 0.3466796875 0.0390625 0.048828125
0 0.20078125596046448 0.4501953125 0.0390625 0.048828125
0 0.24765625596046448 0.4443359375 0.0390625 0.048828125
0 0.2945312559604645 0.4384765625 0.0390625 0.048828125
0 0.3414062559604645 0.4306640625 0.0390625 0.048828125
0 0.3882812559604645 0.4248046875 0.0390625 0.048828125
0 0.4351562559604645 0.4189453125 0.0390625 0.048828125
0 0.4820312559604645 0.4130859375 0.0390625 0.048828125
0 0.5289062261581421 0.4052734375 0.0390625 0.048828125
0 0.20546874403953552 0.5087890625 0.0390625 0.048828125
0 0.2523437440395355 0.5029296875 0.0390625 0.048828125
0 0.2992187440395355 0.4970703125 0.0390625 0.048828125
0 0.3460937440395355 0.4892578125 0.0390625 0.048828125
0 0.3929687440395355 0.4833984375 0.0390625 0.048828125
0 0.4398437440395355 0.4775390625 0.0390625 0.048828125
0 0.4867187440395355 0.4716796875 0.0390625 0.048828125
0 0.5335937738418579 0.4658203125 0.0390625 0.048828125
0 0.20859375596046448 0.5673828125 0.0390625 0.048828125
0 0.25703126192092896 0.5615234375 0.0390625 0.048828125
0 0.30390626192092896 0.5556640625 0.0390625 0.048828125
0 0.35078126192092896 0.5498046875 0.0390625 0.048828125
0 0.39765626192092896 0.5419921875 0.0390625 0.048828125
0 0.44453126192092896 0.5361328125 0.0390625 0.048828125
0 0.49140626192092896 0.5302734375 0.0390625 0.048828125
0 0.538281261920929 0.5244140625 0.0390625 0.048828125
0 0.21328124403953552 0.6279296875 0.0390625 0.048828125
0 0.2601562440395355 0.6201171875 0.0390625 0.048828125
0 0.3070312440395355 0.6142578125 0.0390625 0.048828125
0 0.3539062440395355 0.6083984375 0.0390625 0.048828125
0 0.40234375 0.6025390625 0.0390625 0.048828125
0 0.44921875 0.5966796875 0.0390625 0.048828125
0 0.49609375 0.5908203125 0.0390625 0.048828125
0 0.54296875 0.5830078125 0.0390625 0.048828125
0 0.21796874701976776 0.6865234375 0.0390625 0.048828125
0 0.26484376192092896 0.6806640625 0.0390625 0.048828125
0 0.31171876192092896 0.6748046875 0.0390625 0.048828125
0 0.35859376192092896 0.6669921875 0.0390625 0.048828125
0 0.40546876192092896 0.6611328125 0.0390625 0.048828125
0 0.45390623807907104 0.6552734375 0.0390625 0.048828125
0 0.500781238079071 0.6494140625 0.0390625 0.048828125
0 0.547656238079071 0.6435546875 0.0390625 0.048828125
0 0.22109374403953552 0.7451171875 0.0390625 0.048828125
0 0.26953125 0.7392578125 0.0390625 0.048828125
0 0.31640625 0.7333984375 0.0390625 0.048828125
0 0.36328125 0.7275390625 0.0390625 0.048828125
0 0.41015625 0.7216796875 0.0390625 0.048828125
0 0.4585937559604645 0.7138671875 0.0390625 0.048828125
0 0.5054687261581421 0.7099609375 0.0390625 0.048828125
0 0.5523437261581421 0.7021484375 0.0390625 0.048828125
0 0.22578124701976776 0.8056640625 0.0390625 0.048828125
0 0.27265626192092896 0.7998046875 0.0390625 0.048828125
0 0.32109373807907104 0.7939453125 0.0390625 0.048828125
0 0.36796873807907104 0.7861328125 0.0390625 0.048828125
0 0.41484373807907104 0.7802734375 0.0390625 0.048828125
0 0.46171873807907104 0.7744140625 0.0390625 0.048828125
0 0.5101562738418579 0.7685546875 0.0390625 0.048828125
0 0.5570312738418579 0.7626953125 0.0390625 0.048828125
