0 0.19453124701976776 0.3037109375 0.0390625 0.048828125
0 0.23828125 0.2880859375 0.0390625 0.048828125
0 0.28203123807907104 0.2705078125 0.0390625 0.048828125
0 0.32421875 0.2548828125 0.0390625 0.048828125
0 0.36640626192092896 0.2373046875 0.0390625 0.048828125
0 0.41015625 0.2216796875 0.0390625 0.048828125
0 0.45234376192092896 0.2041015625 0.0390625 0.048828125
0 0.4945312440395355 0.1884765625 0.0390625 0.048828125
0 0.21015624701976776 0.3583984375 0.0390625 0.048828125
0 0.2523437440395355 0.3408203125 0.0390625 0.048828125
0 0.29609376192092896 0.3251953125 0.0390625 0.048828125
0 0.3382812440395355 0.3095703125 0.0390625 0.048828125
0 0.38203126192092896 0.2919921875 0.0390625 0.048828125
0 0.4242187440395355 0.2763671875 0.0390625 0.048828125
0 0.4664062559604645 0.2587890625 0.0390625 0.048828125
0 0.508593738079071 0.2431640625 0.0390625 0.048828125
0 0.22421875596046448 0.4130859375 0.0390625 0.048828125
0 0.2679687440395355 0.3955078125 0.0390625 0.048828125
0 0.3101562559604645 0.3798828125 0.0390625 0.048828125
0 0.3539062440395355 0.3642578125 0.0390625 0.048828125
0 0.3960937559604645 0.3466796875 0.0390625 0.048828125
0 0.43828123807907104 0.3291015625 0.0390625 0.048828125
0 0.4820312559604645 0.3134765625 0.0390625 0.048828125
0 0.524218738079071 0.2958984375 0.0390625 0.048828125
0 0.23828125 0.4677734375 0.0390625 0.048828125
0 0.28203123807907104 0.4501953125 0.0390625 0.048828125
0 0.32421875 0.4345703125 0.0390625 0.048828125
0 0.36796873807907104 0.4169921875 0.0390625 0.048828125
0 0.41015625 0.4013671875 0.0390625 0.048828125
0 0.45390623807907104 0.3837890625 0.0390625 0.048828125
0 0.49609375 0.3681640625 0.0390625 0.048828125
0 0.538281261920929 0.3505859375 0.0390625 0.048828125
0 0.25390625 0.5224609375 0.0390625 0.048828125
0 0.29609376192092896 0.5048828125 0.0390625 0.048828125
0 0.33984375 0.4892578125 0.0390625 0.048828125
0 0.38203126192092896 0.4716796875 0.0390625 0.048828125
0 0.42578125 0.4560546875 0.0390625 0.048828125
0 0.46796876192092896 0.4384765625 0.0390625 0.048828125
0 0.5101562738418579 0.4228515625 0.0390625 0.048828125
0 0.5523437261581421 0.4052734375 0.0390625 0.048828125
0 0.2679687440395355 0.5771484375 0.0390625 0.048828125
0 0.31171876192092896 0.5595703125 0.0390625 0.048828125
0 0.3539062440395355 0.5439453125 0.0390625 0.048828125
0 0.39765626192092896 0.5263671875 0.0390625 0.048828125
0 0.4398437440395355 0.5107421875 0.0390625 0.048828125
0 0.4820312559604645 0.4931640625 0.0390625 0.048828125
0 0.524218738079071 0.4775390625 0.0390625 0.048828125
0 0.5679687261581421 0.4599609375 0.0390625 0.048828125
0 0.28203123807907104 0.6318359375 0.0390625 0.048828125
0 0.3257812559604645 0.6142578125 0.0390625 0.048828125
0 0.36796873807907104 0.5986328125 0.0390625 0.048828125
0 0.4117187559604645 0.5810546875 0.0390625 0.048828125
0 0.45390623807907104 0.5634765625 0.0390625 0.048828125
0 0.49609375 0.5478515625 0.0390625 0.048828125
0 0.539843738079071 0.5302734375 0.0390625 0.048828125
0 0.58203125 0.5146484375 0.0390625 0.048828125
0 0.29609376192092896 0.6865234375 0.0390625 0.048828125
0 0.33984375 0.6689453125 0.0390625 0.048828125
0 0.38203126192092896 0.6513671875 0.0390625 0.048828125
0 0.42578125 0.6357421875 0.0390625 0.048828125
0 0.46796876192092896 0.6181640625 0.0390625 0.048828125
0 0.51171875 0.6025390625 0.0390625 0.048828125
0 0.553906261920929 0.5849609375 0.0390625 0.048828125
0 0.5960937738418579 0.5693359375 0.0390625 0.048828125
0 0.3101562559604645 0.7412109375 0.0390625 0.048828125
0 0.3539062440395355 0.7236328125 0.0390625 0.048828125
0 0.3960937559604645 0.7080078125 0.0390625 0.048828125
0 0.4398437440395355 0.6904296875 0.0390625 0.048828125
0 0.4820312559604645 0.6728515625 0.0390625 0.048828125
0 0.5257812738418579 0.6572265625 0.0390625 0.048828125
0 0.5679687261581421 0.6396484375 0.0390625 0.048828125
0 0.610156238079071 0.6240234375 0.0390625 0.048828125
0 0.32421875 0.7958984375 0.0390625 0.048828125
0 0.36796873807907104 0.7802734375 0.0390625 0.048828125
0 0.4117187559604645 0.7626953125 0.0390625 0.048828125
0 0.45390623807907104 0.7451171875 0.0390625 0.048828125
0 0.49609375 0.7275390625 0.0390625 0.048828125
0 0.539843738079071 0.7119140625 0.0390625 0.048828125
0 0.58203125 0.6943359375 0.0390625 0.048828125
0 0.625781238079071 0.6787109375 0.0390625 0.048828125
0 0.3382812440395355 0.8525390625 0.0390625 0.048828125
0 0.38203126192092896 0.8349609375 0.0390625 0.048828125
0 0.42578125 0.8173828125 0.0390625 0.048828125
0 0.46796876192092896 0.7998046875 0.0390625 0.048828125
0 0.51171875 0.7822265625 0.0390625 0.048828125
0 0.553906261920929 0.7666015625 0.0390625 0.048828125
0 0.5960937738418579 0.7490234375 0.0390625 0.048828125
0 0.639843761920929 0.7333984375 0.0390625 0.048828125
