0 0.16796875 0.5458984375 0.0390625 0.048828125
0 0.17265625298023224 0.4892578125 0.0390625 0.048828125
0 0.17734375596046448 0.4326171875 0.0390625 0.048828125
0 0.18203124403953552 0.3779296875 0.0390625 0.048828125
0 0.18828125298023224 0.3212890625 0.0390625 0.048828125
0 0.19140625 0.2646484375 0.0390625 0.048828125
0 0.19765624403953552 0.2099609375 0.0390625 0.048828125
0 0.20234374701976776 0.1533203125 0.0390625 0.048828125
0 0.21328124403953552 0.5517578125 0.0390625 0.048828125
0 0.21953125298023224 0.4951171875 0.0390625 0.048828125
0 0.22265625 0.4384765625 0.0390625 0.048828125
0 0.22890624403953552 0.3837890625 0.0390625 0.048828125
0 0.23359374701976776 0.3271484375 0.0390625 0.048828125
0 0.23828125 0.2705078125 0.0390625 0.048828125
0 0.24296875298023224 0.2158203125 0.0390625 0.048828125
0 0.24765625596046448 0.1591796875 0.0390625 0.048828125
0 0.2601562440395355 0.5576171875 0.0390625 0.048828125
0 0.26484376192092896 0.5009765625 0.0390625 0.048828125
0 0.26953125 0.4443359375 0.0390625 0.048828125
0 0.27421873807907104 0.3896484375 0.0390625 0.048828125
0 0.2789062559604645 0.3330078125 0.0390625 0.048828125
0 0.2835937440395355 0.2783203125 0.0390625 0.048828125
0 0.2867187559604645 0.2216796875 0.0390625 0.048828125
0 0.29296875 0.1650390625 0.0390625 0.048828125
0 0.30546873807907104 0.5634765625 0.0390625 0.048828125
0 0.3101562559604645 0.5068359375 0.0390625 0.048828125
0 0.3148437440395355 0.4501953125 0.0390625 0.048828125
0 0.31953126192092896 0.3955078125 0.0390625 0.048828125
0 0.32421875 0.3388671875 0.0390625 0.048828125
0 0.32890623807907104 0.2841796875 0.0390625 0.048828125
0 0.3335937559604645 0.2275390625 0.0390625 0.048828125
0 0.33671873807907104 0.1708984375 0.0390625 0.048828125
0 0.35078126192092896 0.5693359375 0.0390625 0.048828125
0 0.35546875 0.5126953125 0.0390625 0.048828125
0 0.35859376192092896 0.4560546875 0.0390625 0.048828125
0 0.3648437559604645 0.4013671875 0.0390625 0.048828125
0 0.3695312440395355 0.3447265625 0.0390625 0.048828125
0 0.3726562559604645 0.2900390625 0.0390625 0.048828125
0 0.3773437440395355 0.2333984375 0.0390625 0.048828125
0 0.38203126192092896 0.1767578125 0.0390625 0.048828125
0 0.3960937559604645 0.5732421875 0.0390625 0.048828125
0 0.4007812440395355 0.5185546875 0.0390625 0.048828125
0 0.40546876192092896 0.4619140625 0.0390625 0.048828125
0 0.41015625 0.4072265625 0.0390625 0.048828125
0 0.41328126192092896 0.3505859375 0.0390625 0.048828125
0 0.41796875 0.2958984375 0.0390625 0.048828125
0 0.42265623807907104 0.2392578125 0.0390625 0.048828125
0 0.4273437559604645 0.1826171875 0.0390625 0.048828125
0 0.44140625 0.5810546875 0.0390625 0.048828125
0 0.44453126192092896 0.5244140625 0.0390625 0.048828125
0 0.44921875 0.4677734375 0.0390625 0.048828125
0 0.45390623807907104 0.4130859375 0.0390625 0.048828125
0 0.4585937559604645 0.3564453125 0.0390625 0.048828125
0 0.4632812440395355 0.3017578125 0.0390625 0.048828125
0 0.46796876192092896 0.2451171875 0.0390625 0.048828125
0 0.47265625 0.1884765625 0.0390625 0.048828125
0 0.48515623807907104 0.5849609375 0.0390625 0.048828125
0 0.4898437559604645 0.5302734375 0.0390625 0.048828125
0 0.4945312440395355 0.4736328125 0.0390625 0.048828125
0 0.49921876192092896 0.4169921875 0.0390625 0.048828125
0 0.50390625 0.3623046875 0.0390625 0.048828125
0 0.508593738079071 0.3076171875 0.0390625 0.048828125
0 0.5132812261581421 0.2509765625 0.0390625 0.048828125
0 0.5179687738418579 0.1943359375 0.0390625 0.048828125
0 0.530468761920929 0.5927734375 0.0390625 0.048828125
0 0.53515625 0.5361328125 0.0390625 0.048828125
0 0.539843738079071 0.4794921875 0.0390625 0.048828125
0 0.5445312261581421 0.4248046875 0.0390625 0.048828125
0 0.5492187738418579 0.3681640625 0.0390625 0.048828125
0 0.553906261920929 0.3134765625 0.0390625 0.048828125
0 0.55859375 0.2568359375 0.0390625 0.048828125
0 0.563281238079071 0.2001953125 0.0390625 0.048828125
0 0.5757812261581421 0.5986328125 0.0390625 0.048828125
0 0.5804687738418579 0.5419921875 0.0390625 0.048828125
0 0.585156261920929 0.4853515625 0.0390625 0.048828125
0 0.58984375 0.4306640625 0.0390625 0.048828125
0 0.594531238079071 0.3740234375 0.0390625 0.048828125
0 0.5992187261581421 0.3173828125 0.0390625 0.048828125
0 0.602343738079071 0.2626953125 0.0390625 0.048828125
0 0.6070312261581421 0.2060546875 0.0390625 0.048828125
0 0.62109375 0.6025390625 0.0390625 0.048828125
0 0.625781238079071 0.5478515625 0.0390625 0.048828125
0 0.6304687261581421 0.4912109375 0.0390625 0.048828125
0 0.6351562738418579 0.4365234375 0.0390625 0.048828125
0 0.639843761920929 0.3798828125 0.0390625 0.048828125
0 0.6429687738418579 0.3232421875 0.0390625 0.048828125
0 0.649218738079071 0.2685546875 0.0390625 0.048828125
0 0.65234375 0.2119140625 0.0390625 0.048828125
