0 0.4820312559604645 0.8642578125 0.0390625 0.048828125
0 0.524218738079071 0.8564453125 0.0390625 0.048828125
0 0.56640625 0.8505859375 0.0390625 0.048828125
0 0.608593761920929 0.8427734375 0.0390625 0.048828125
0 0.6507812738418579 0.8349609375 0.0390625 0.048828125
0 0.6929687261581421 0.8271484375 0.0390625 0.048828125
0 0.7367187738418579 0.8212890625 0.0390625 0.048828125
0 0.780468761920929 0.8134765625 0.0390625 0.048828125
0 0.48515623807907104 0.8076171875 0.0390625 0.048828125
0 0.5257812738418579 0.7998046875 0.0390625 0.048828125
0 0.5679687261581421 0.7919921875 0.0390625 0.048828125
0 0.610156238079071 0.7841796875 0.0390625 0.048828125
0 0.65234375 0.7763671875 0.0390625 0.048828125
0 0.694531261920929 0.7705078125 0.0390625 0.048828125
0 0.73828125 0.7626953125 0.0390625 0.048828125
0 0.782031238079071 0.7548828125 0.0390625 0.048828125
0 0.4867187440395355 0.7490234375 0.0390625 0.048828125
0 0.52734375 0.7412109375 0.0390625 0.048828125
0 0.569531261920929 0.7353515625 0.0390625 0.048828125
0 0.6117187738418579 0.7275390625 0.0390625 0.048828125
0 0.6539062261581421 0.7197265625 0.0390625 0.048828125
0 0.696093738079071 0.7119140625 0.0390625 0.048828125
0 0.7398437261581421 0.7041015625 0.0390625 0.048828125
0 0.782031238079071 0.6962890625 0.0390625 0.048828125
0 0.4898437559604645 0.6923828125 0.0390625 0.048828125
0 0.530468761920929 0.6865234375 0.0390625 0.048828125
0 0.571093738079071 0.6787109375 0.0390625 0.048828125
0 0.61328125 0.6708984375 0.0390625 0.048828125
0 0.655468761920929 0.6630859375 0.0390625 0.048828125
0 0.6976562738418579 0.6552734375 0.0390625 0.048828125
0 0.741406261920929 0.6474609375 0.0390625 0.048828125
0 0.7835937738418579 0.6376953125 0.0390625 0.048828125
0 0.49140626192092896 0.6376953125 0.0390625 0.048828125
0 0.532031238079071 0.6298828125 0.0390625 0.048828125
0 0.57421875 0.6220703125 0.0390625 0.048828125
0 0.6148437261581421 0.6142578125 0.0390625 0.048828125
0 0.657031238079071 0.6064453125 0.0390625 0.048828125
0 0.69921875 0.5966796875 0.0390625 0.048828125
0 0.742968738079071 0.5888671875 0.0390625 0.048828125
0 0.78515625 0.5810546875 0.0390625 0.048828125
0 0.4945312440395355 0.5810546875 0.0390625 0.048828125
0 0.53515625 0.5732421875 0.0390625 0.048828125
0 0.5757812261581421 0.5654296875 0.0390625 0.048828125
0 0.617968738079071 0.5576171875 0.0390625 0.048828125
0 0.6585937738418579 0.5498046875 0.0390625 0.048828125
0 0.7007812261581421 0.5400390625 0.0390625 0.048828125
0 0.7445312738418579 0.5322265625 0.0390625 0.048828125
0 0.7867187261581421 0.5244140625 0.0390625 0.048828125
0 0.49609375 0.5263671875 0.0390625 0.048828125
0 0.5367187261581421 0.5185546875 0.0390625 0.048828125
0 0.577343761920929 0.5107421875 0.0390625 0.048828125
0 0.6195312738418579 0.5009765625 0.0390625 0.048828125
0 0.6617187261581421 0.4931640625 0.0390625 0.048828125
0 0.703906238079071 0.4833984375 0.0390625 0.048828125
0 0.74609375 0.4755859375 0.0390625 0.048828125
0 0.788281261920929 0.4677734375 0.0390625 0.048828125
0 0.4976562559604645 0.4716796875 0.0390625 0.048828125
0 0.539843738079071 0.4638671875 0.0390625 0.048828125
0 0.5804687738418579 0.4541015625 0.0390625 0.048828125
0 0.62109375 0.4462890625 0.0390625 0.048828125
0 0.663281261920929 0.4365234375 0.0390625 0.048828125
0 0.7054687738418579 0.4287109375 0.0390625 0.048828125
0 0.7476562261581421 0.4189453125 0.0390625 0.048828125
0 0.7914062738418579 0.4111328125 0.0390625 0.048828125
0 0.500781238079071 0.4169921875 0.0390625 0.048828125
0 0.5414062738418579 0.4072265625 0.0390625 0.048828125
0 0.58203125 0.3994140625 0.0390625 0.048828125
0 0.624218761920929 0.3896484375 0.0390625 0.048828125
0 0.664843738079071 0.3818359375 0.0390625 0.048828125
0 0.70703125 0.3720703125 0.0390625 0.048828125
0 0.749218761920929 0.3642578125 0.0390625 0.048828125
0 0.79296875 0.3544921875 0.0390625 0.048828125
0 0.50390625 0.3623046875 0.0390625 0.048828125
0 0.54296875 0.3525390625 0.0390625 0.048828125
0 0.585156261920929 0.3447265625 0.0390625 0.048828125
0 0.625781238079071 0.3349609375 0.0390625 0.048828125
0 0.66796875 0.3271484375 0.0390625 0.048828125
0 0.7085937261581421 0.3173828125 0.0390625 0.048828125
0 0.7523437738418579 0.3076171875 0.0390625 0.048828125
0 0.7945312261581421 0.2978515625 0.0390625 0.048828125
0 0.5054687261581421 0.3076171875 0.0390625 0.048828125
0 0.546093761920929 0.2998046875 0.0390625 0.048828125
0 0.586718738079071 0.2900390625 0.0390625 0.048828125
0 0.6273437738418579 0.2802734375 0.0390625 0.048828125
0 0.6695312261581421 0.2705078125 0.0390625 0.048828125
0 0.711718738079071 0.2607421875 0.0390625 0.048828125
0 0.75390625 0.2529296875 0.0390625 0.048828125
0 0.796093761920929 0.2431640625 0.0390625 0.048828125
