0 0.01328125037252903 0.2294921875 0.0265625 0.044921875
0 0.05703125149011612 0.2314453125 0.0390625 0.048828125
0 0.10078124701976776 0.2314453125 0.0390625 0.048828125
0 0.14296874403953552 0.2314453125 0.0390625 0.048828125
0 0.18515625596046448 0.2314453125 0.0390625 0.048828125
0 0.22734375298023224 0.2333984375 0.0390625 0.048828125
0 0.2679687440395355 0.2333984375 0.0390625 0.048828125
0 0.30859375 0.2333984375 0.0390625 0.048828125
0 0.02421874925494194 0.2880859375 0.0390625 0.048828125
0 0.06640625 0.2880859375 0.0390625 0.048828125
0 0.11015625298023224 0.2880859375 0.0390625 0.048828125
0 0.15390625596046448 0.2900390625 0.0390625 0.048828125
0 0.19453124701976776 0.2900390625 0.0390625 0.048828125
0 0.23671874403953552 0.2900390625 0.0390625 0.048828125
0 0.2789062559604645 0.2900390625 0.0390625 0.048828125
0 0.31953126192092896 0.2900390625 0.0390625 0.048828125
0 0.03515625 0.3466796875 0.0390625 0.048828125
0 0.07734374701976776 0.3466796875 0.0390625 0.048828125
0 0.12109375 0.3466796875 0.0390625 0.048828125
0 0.16328124701976776 0.3466796875 0.0390625 0.048828125
0 0.20546874403953552 0.3466796875 0.0390625 0.048828125
0 0.24765625596046448 0.3466796875 0.0390625 0.048828125
0 0.28828126192092896 0.3466796875 0.0390625 0.048828125
0 0.32890623807907104 0.3447265625 0.0390625 0.048828125
0 0.04453124850988388 0.4052734375 0.0390625 0.048828125
0 0.08828125149011612 0.4052734375 0.0390625 0.048828125
0 0.13046875596046448 0.4052734375 0.0390625 0.048828125
0 0.17265625298023224 0.4033203125 0.0390625 0.048828125
0 0.21484375 0.4033203125 0.0390625 0.048828125
0 0.25703126192092896 0.4033203125 0.0390625 0.048828125
0 0.2992187440395355 0.4033203125 0.0390625 0.048828125
0 0.33984375 0.4033203125 0.0390625 0.048828125
0 0.05390625074505806 0.4638671875 0.0390625 0.048828125
0 0.09765625 0.4638671875 0.0390625 0.048828125
0 0.14140625298023224 0.4619140625 0.0390625 0.048828125
0 0.18359375 0.4619140625 0.0390625 0.048828125
0 0.22578124701976776 0.4619140625 0.0390625 0.048828125
0 0.2679687440395355 0.4599609375 0.0390625 0.048828125
0 0.30859375 0.4599609375 0.0390625 0.048828125
0 0.3492187559604645 0.4599609375 0.0390625 0.048828125
0 0.06484375149011612 0.5224609375 0.0390625 0.048828125
0 0.10859374701976776 0.5224609375 0.0390625 0.048828125
0 0.15078124403953552 0.5205078125 0.0390625 0.048828125
0 0.19296875596046448 0.5205078125 0.0390625 0.048828125
0 0.23515625298023224 0.5185546875 0.0390625 0.048828125
0 0.27734375 0.5185546875 0.0390625 0.048828125
0 0.31953126192092896 0.5166015625 0.0390625 0.048828125
0 0.36015623807907104 0.5166015625 0.0390625 0.048828125
0 0.07421875 0.5810546875 0.0390625 0.048828125
0 0.11796875298023224 0.5810546875 0.0390625 0.048828125
0 0.16171875596046448 0.5791015625 0.0390625 0.048828125
0 0.20390625298023224 0.5771484375 0.0390625 0.048828125
0 0.24609375 0.5771484375 0.0390625 0.048828125
0 0.28828126192092896 0.5751953125 0.0390625 0.048828125
0 0.32890623807907104 0.5732421875 0.0390625 0.048828125
0 0.3695312440395355 0.5732421875 0.0390625 0.048828125
0 0.08359374850988388 0.6416015625 0.0390625 0.048828125
0 0.12734374403953552 0.6396484375 0.0390625 0.048828125
0 0.17109374701976776 0.6376953125 0.0390625 0.048828125
0 0.21328124403953552 0.6357421875 0.0390625 0.048828125
0 0.2554687559604645 0.6357421875 0.0390625 0.048828125
0 0.29765623807907104 0.6337890625 0.0390625 0.048828125
0 0.3382812440395355 0.6318359375 0.0390625 0.048828125
0 0.3804687559604645 0.6298828125 0.0390625 0.048828125
0 0.09453125298023224 0.7001953125 0.0390625 0.048828125
0 0.13828125596046448 0.6982421875 0.0390625 0.048828125
0 0.18046875298023224 0.6962890625 0.0390625 0.048828125
0 0.22265625 0.6943359375 0.0390625 0.048828125
0 0.26484376192092896 0.6923828125 0.0390625 0.048828125
0 0.3070312440395355 0.6923828125 0.0390625 0.048828125
0 0.3492187559604645 0.6904296875 0.0390625 0.048828125
0 0.38984376192092896 0.6884765625 0.0390625 0.048828125
0 0.10390625149011612 0.7607421875 0.0390625 0.048828125
0 0.14765624701976776 0.7587890625 0.0390625 0.048828125
0 0.18984374403953552 0.7568359375 0.0390625 0.048828125
0 0.23359374701976776 0.7548828125 0.0390625 0.048828125
0 0.2757812440395355 0.7529296875 0.0390625 0.048828125
0 0.31640625 0.7490234375 0.0390625 0.048828125
0 0.35859376192092896 0.7490234375 0.0390625 0.048828125
0 0.39921873807907104 0.7451171875 0.0390625 0.048828125
0 0.11328125 0.8212890625 0.0390625 0.048828125
0 0.15703125298023224 0.8193359375 0.0390625 0.048828125
0 0.20078125596046448 0.8154296875 0.0390625 0.048828125
0 0.24296875298023224 0.8134765625 0.0390625 0.048828125
0 0.28515625 0.8115234375 0.0390625 0.048828125
0 0.32734376192092896 0.8095703125 0.0390625 0.048828125
0 0.36796873807907104 0.8056640625 0.0390625 0.048828125
0 0.41015625 0.8037109375 0.0390625 0.048828125
